Date,Open,High,Low,Close,Volume
20150504,22.13,22.13,22.13,22.13,228
20150505,21.96,21.96,21.91,21.91,456
20150506,21.79,21.79,21.79,21.79,3423
20150507,21.78,21.78,21.78,21.78,267
20150508,22.11,22.11,22.11,22.11,799
20150511,22.09,22.09,22.06,22.07,2783
20150512,22.02,22.02,21.91,21.92,5986
20150513,22.07,22.07,22.06,22.06,456
20150514,22.56,22.57,22.24,22.24,570
20150515,22.25,22.31,22.25,22.31,798
20150518,22.3,22.3,22.3,22.3,1141
20150520,22.37,22.41,22.31,22.31,21208
20150521,22.34,22.37,22.34,22.37,5857
20150522,22.81,22.81,22.35,22.35,1280
20150526,22.1,22.1,22.03,22.03,6132
20150527,22.1,22.13,22.1,22.13,798
20150528,22.52,22.52,22.08,22.08,684
20150529,22.04,22.04,22.04,22.04,456
20150601,22.03,22.03,21.96,22.02,5170
20150602,22.01,22.01,22,22,2168
20150603,22.12,22.16,22.12,22.16,228
20150604,21.9,21.9,21.9,21.9,1141
20150605,21.72,21.8,21.72,21.8,1824
20150609,21.6,21.63,21.6,21.63,1140
20150610,21.78,21.78,21.78,21.78,114
20150611,21.96,21.96,21.93,21.93,913
20150615,21.64,21.78,21.64,21.78,4073
20150616,21.75,21.78,21.74,21.78,1026
20150618,22.01,22.06,21.96,22.06,587
20150619,22.02,22.09,22.02,22.09,2738
20150622,22.25,22.26,22.21,22.24,4943
20150623,22.25,22.25,22.25,22.25,2300
20150624,22.1,22.1,22.1,22.1,2852
20150626,22,22,22,22,2158
20150629,21.21,21.8,21.21,21.62,6101
20150630,21.67,21.67,21.67,21.67,114
20150702,21.65,21.65,21.64,21.64,411
20150707,21.29,21.37,21.29,21.37,4657
20150708,20.93,20.93,20.93,20.93,909
20150710,21.96,21.96,21.96,21.96,227
20150717,21.85,21.85,21.85,21.85,227
20150724,21.32,21.32,21.28,21.28,682
20150803,21.51,21.63,21.42,21.58,7800
20150804,21.57,21.57,21.57,21.57,1037
20150810,21.82,21.82,21.8,21.8,912
20150817,21.57,21.57,21.51,21.51,1931
20150818,21.78,21.78,21.78,21.78,341
20150821,20.67,20.67,20.35,20.38,1387
20150824,19.393,21.22,19.393,19.631,4683
20150825,20.12,20.12,19.944,19.948,956
20150827,20.43,20.44,20.43,20.44,3408
20150831,20.3,20.33,20.3,20.33,909
20150901,19.719,19.772,19.719,19.772,568
20150911,20.09,20.23,20.09,20.23,2104
20150915,20.42,20.42,20.42,20.42,114
20150916,20.42,20.42,20.42,20.42,114
20150918,20.39,20.4,20.39,20.39,1251
20150923,19.913,19.913,19.913,19.913,909
20150928,19.517,19.517,19.341,19.341,3283
20150929,19.358,19.358,19.358,19.358,2538
20150930,19.64,19.64,19.64,19.64,1022
20151001,19.605,19.605,19.605,19.605,2272
20151005,20.3,20.32,20.3,20.32,1023
20151006,20.39,20.39,20.23,20.27,684
20151016,20.75,20.75,20.75,20.75,341
20151021,20.64,20.64,20.64,20.64,284
20151027,20.92,20.93,20.84,20.88,1620
20151028,20.97,21.04,20.96,21.04,2485
20151102,21.12,21.2,21.12,21.2,1477
20151103,21.22,21.22,21.22,21.22,1250
20151104,21.13,21.14,21.13,21.14,1708
20151106,21.17,21.17,21.12,21.12,228
20151109,20.81,20.95,20.73,20.78,6354
20151110,20.82,20.88,20.82,20.87,915
20151112,20.75,20.78,20.75,20.78,407
20151116,20.46,20.46,20.46,20.46,114
20151118,21.19,21.19,21.19,21.19,227
20151120,21.06,21.06,21.06,21.06,454
20151123,21,21,21,21,341
20151124,20.91,20.91,20.91,20.91,682
20151125,21.05,21.13,21.05,21.13,2139
20151130,21.03,21.03,21.03,21.03,795
20151201,21.13,21.35,21.13,21.34,40133
20151203,21.02,21.04,20.81,20.81,7781
20151209,20.83,20.94,20.57,20.67,44556
20151210,20.64,20.64,20.64,20.64,454
20151211,20.4,20.4,20.32,20.36,1999
20151214,20.25,20.25,20.25,20.25,1136
20151215,20.42,20.48,20.41,20.41,4545
20151216,20.58,20.59,20.49,20.52,11907
20151217,20.43,20.43,20.34,20.41,6384
20151218,20.12,20.32,20.12,20.3,4119
20151221,20.38,20.39,20.32,20.35,6333
20151222,20.44,20.44,20.4,20.4,226
20151228,20.52,20.72,20.52,20.69,3391
20151229,20.89,20.98,20.89,20.9,791
20151230,21.13,21.13,20.86,20.86,1046
20151231,20.7,20.7,20.7,20.7,226
20160104,20.19,20.19,20.19,20.19,271
20160105,20.12,20.12,19.968,19.968,1709
20160107,19.587,19.587,19.587,19.587,1131
20160108,19.702,19.702,19.455,19.455,2536
20160111,19.083,19.083,18.845,18.845,2714
20160112,19.57,19.57,19.26,19.287,5109
20160113,19.004,19.004,19.004,19.004,113
20160115,18.367,18.486,18.349,18.349,4071
20160119,18.827,18.827,18.677,18.685,1017
20160120,17.898,18.305,17.881,18.279,11050
20160121,18.571,18.571,18.571,18.571,441
20160122,18.801,18.801,18.801,18.801,226
20160125,18.694,18.694,18.694,18.694,565
20160126,18.739,18.86,18.73,18.855,2352
20160128,18.694,18.694,18.685,18.685,1131
20160201,18.853,18.995,18.853,18.995,2189
20160202,18.977,18.977,18.836,18.836,4099
20160203,19.19,19.19,18.641,18.721,4676
20160204,18.88,19.013,18.845,19.013,1632
20160208,18.261,18.632,18.067,18.12,10366
20160209,18.111,18.226,18.102,18.208,9416
20160210,18.358,18.385,18.314,18.376,2611
20160211,18.208,18.223,17.907,17.907,8862
20160216,18.645,18.645,18.645,18.645,141
20160217,19.004,19.013,18.986,18.986,7115
20160218,19.066,19.066,19.066,19.066,226
20160222,19.216,19.243,19.216,19.225,3245
20160229,19.207,19.243,18.96,19.002,8255
20160301,19.526,19.526,19.526,19.526,141
20160302,19.402,19.508,19.349,19.508,7124
20160315,19.844,19.844,19.809,19.809,791
20160322,20.26,20.26,20.26,20.26,678
20160323,20.32,20.32,20.23,20.23,226
20160328,20.12,20.12,20.12,20.12,113
20160331,20.45,20.45,20.45,20.45,226
20160401,20.19,20.19,20.19,20.19,604
20160413,20.67,20.67,20.67,20.67,237
20160414,20.66,20.67,20.66,20.67,4827
20160415,20.61,20.64,20.61,20.64,1243
20160419,20.94,20.94,20.94,20.94,565
20160420,20.88,20.97,20.88,20.94,12586
20160421,20.75,20.75,20.75,20.75,113
20160426,20.74,20.8,20.74,20.8,14103
20160428,20.77,20.78,20.58,20.58,1398
20160511,20.22,20.23,20.22,20.23,791
20160513,20.2,20.2,20.09,20.09,475
20160516,20.13,20.23,20.13,20.23,3883
20160517,20.01,20.05,20,20.05,2383
20160518,20,20.06,19.923,20.06,904
20160519,19.87,19.879,19.835,19.879,904
20160520,20.1,20.14,20.1,20.14,1139
20160523,20.12,20.12,20.07,20.07,1017
20160524,20.27,20.27,20.25,20.26,1131
20160525,20.45,20.45,20.42,20.42,5428
20160526,20.45,20.47,20.45,20.47,904
20160527,20.49,20.49,20.49,20.49,1131
20160531,20.6,20.6,20.49,20.49,791
20160603,20.6,20.6,20.6,20.6,1131
20160606,20.72,20.77,20.72,20.76,1357
20160607,20.89,20.91,20.88,20.89,10942
20160614,19.932,19.932,19.932,19.932,207
20160615,20.14,20.14,20.14,20.14,792
20160620,20.56,20.56,20.56,20.56,226
20160621,20.57,20.57,20.57,20.57,452
20160622,20.59,20.59,20.58,20.59,2799
20160623,20.84,20.91,20.84,20.91,7279
20160624,20.1,20.1,20.1,20.1,1988
20160629,19.989,20.11,19.989,20.11,1039
20160630,20.08,20.19,20.08,20.19,16872
20160701,20.45,20.46,20.45,20.46,633
20160706,19.915,19.915,19.884,19.884,344
20160707,20.23,20.25,20.11,20.11,4256
20160713,20.74,20.75,20.73,20.75,2912
20160715,20.79,20.96,20.79,20.96,9126
20160719,21.21,21.21,20.96,21.04,2694
20160721,20.95,20.99,20.87,20.9,2988
20160722,20.92,20.92,20.92,20.92,147
20160728,21.24,21.24,21.17,21.24,560
20160803,20.84,21,20.84,21,1098
20160804,21,21.15,21,21,366
20160811,21.61,21.61,21.61,21.61,336
20160812,21.45,21.45,21.45,21.45,168
20160824,21.5,21.5,21.5,21.5,112
20160829,21.39,21.46,21.39,21.46,3028
20160830,21.4,21.4,21.4,21.4,2554
20160901,21.45,21.45,21.45,21.45,934
20160906,21.82,21.82,21.82,21.82,308
20160919,21.39,21.39,21.39,21.39,274
20160926,21.53,21.53,21.53,21.53,112
20161013,21.08,21.1,21.08,21.1,392
20161020,21.34,21.34,21.34,21.34,150
20161021,21.14,21.14,21.14,21.14,149
20161024,21.34,21.36,21.34,21.36,371
20161025,21.41,21.41,21.12,21.18,560
20161026,21.25,21.34,21.25,21.34,4834
20161027,21.31,21.32,21.31,21.32,224
20161101,21.41,21.41,21.06,21.1,2145
20161102,21.21,21.21,21.21,21.21,1120
20161103,21.1,21.1,21.1,21.1,112
20161108,21.35,21.35,21.35,21.35,112
20161109,21.17,21.17,21.17,21.17,168
20161117,21.42,21.45,21.31,21.44,2281
20161121,21.71,21.71,21.5,21.5,3998
20161122,21.72,21.72,21.72,21.72,404
20161123,21.63,21.76,21.58,21.58,2934
20161125,21.64,21.85,21.64,21.84,1019
20161128,21.86,21.86,21.86,21.86,112
20161201,21.64,21.64,21.44,21.44,325
20161207,21.65,21.92,21.65,21.92,584
20161208,22.16,22.16,22.16,22.16,112
20161209,22.11,22.29,22.11,22.26,349
20161212,22.25,22.25,22.03,22.03,1780
20161213,22.23,22.23,22.23,22.23,187
20161214,22.02,22.02,22.02,22.02,134
20161215,21.67,22.03,21.67,22.03,661
20161219,21.62,21.62,21.62,21.62,354
20161220,21.71,21.71,21.71,21.71,448
20161221,21.94,21.94,21.94,21.94,111
20161227,21.7,21.7,21.67,21.67,1551
20161229,21.66,21.66,21.66,21.66,130
20161230,21.74,21.74,21.74,21.74,369
20170103,21.95,21.95,21.94,21.94,705
20170104,22.17,22.17,22.17,22.17,369
20170106,22.26,22.26,22.15,22.15,603
20170109,22.16,22.81,22.16,22.23,3924
20170110,22.29,22.91,22.29,22.4,11993
20170111,22.4,22.43,22.38,22.38,887
20170112,22.44,22.44,22.44,22.44,111
20170113,22.36,22.53,22.32,22.5,2813
20170117,22.6,22.6,22.41,22.49,3972
20170118,22.28,22.32,22.28,22.32,666
20170119,22.45,22.54,22.34,22.54,2648
20170123,22.28,22.72,22.28,22.72,502
20170125,23.06,23.06,23.06,23.06,442
20170126,23.38,23.41,23.38,23.41,354
20170127,23.41,23.41,23.23,23.23,2361
20170130,23.61,23.61,23.02,23.1,392
20170131,22.67,22.67,22.54,22.59,4656
20170201,23.37,23.45,22.85,22.85,11675
20170202,22.82,22.82,22.73,22.82,2362
20170203,23.36,23.36,22.92,23.24,599
20170207,23.45,23.45,23,23.02,14193
20170209,22.82,23.06,22.82,23.06,1075
20170213,22.81,22.91,22.81,22.91,1442
20170214,22.88,22.98,22.85,22.98,10078
20170215,23.07,23.07,23.07,23.07,1084
20170216,22.96,22.96,22.96,22.96,3215
20170217,23.02,23.02,22.92,22.92,1608
20170221,23.1,23.12,23.07,23.12,7650
20170222,23.11,23.11,23.11,23.11,1150
20170223,23.16,23.2,23.08,23.13,15058
20170224,22.99,22.99,22.91,22.91,14191
20170228,22.95,22.97,22.94,22.97,6055
20170301,23.07,23.14,23.06,23.14,3603
20170302,22.99,22.99,22.99,22.99,210
20170303,22.98,22.98,22.98,22.98,2107
20170306,22.91,22.91,22.91,22.91,416
20170307,22.88,22.88,22.88,22.88,111
20170309,22.86,22.86,22.83,22.83,1652
20170314,23.05,23.05,22.96,22.96,10105
20170315,23.32,23.32,23.32,23.32,3326
20170316,23.41,23.41,23.4,23.4,710
20170317,23.34,23.44,23.34,23.44,3897
20170320,23.44,23.44,23.44,23.44,11
20170321,23.65,23.65,23.2,23.23,2289
20170323,23.35,23.35,23.31,23.31,604
20170324,23.34,23.34,23.31,23.31,7989
20170327,23.16,23.16,23.16,23.16,652
20170329,23.29,23.29,23.29,23.29,554
20170330,23.3,23.41,23.3,23.35,4343
20170403,23.23,23.23,23.23,23.23,111
20170404,23.17,23.17,23.17,23.17,430
20170407,23.23,23.23,23.09,23.1,18769
20170410,23.06,23.08,23.05,23.05,8540
20170411,22.96,22.96,22.95,22.95,1109
20170412,22.99,22.99,22.99,22.99,443
20170413,23.02,23.02,23.02,23.02,19402
20170418,23.09,23.09,23.06,23.06,348
20170424,23.57,23.6,23.57,23.59,4761
20170425,23.8,23.8,23.77,23.77,1996
20170426,23.73,23.74,23.73,23.74,1527
20170427,23.79,23.79,23.67,23.68,832
20170502,23.84,23.84,23.84,23.84,222
20170503,23.71,23.78,23.69,23.78,5126
20170504,23.7,23.7,23.7,23.7,111
20170505,23.83,23.92,23.83,23.92,1597
20170508,23.87,23.87,23.87,23.87,111
20170509,23.97,23.97,23.9,23.9,853
20170510,23.97,23.99,23.97,23.99,898
20170511,23.93,23.93,23.93,23.93,432
20170512,23.94,23.94,23.94,23.94,111
20170515,24.07,24.2,24.07,24.13,2530
20170516,24.2,24.2,24.16,24.16,1351
20170517,23.91,24,23.85,23.85,2608
20170518,23.81,23.81,23.78,23.78,782
20170519,23.99,23.99,23.99,23.99,111
20170522,24.19,24.22,24.19,24.21,1278
20170523,24.21,24.21,24.21,24.21,610
20170524,24.13,24.28,24.13,24.28,4545
20170525,24.4,24.42,24.3,24.4,12085
20170526,24.42,24.42,24.39,24.39,1885
20170530,24.36,24.43,24.36,24.43,832
20170531,24.39,24.42,24.39,24.41,2127
20170601,24.44,24.62,24.44,24.61,10424
20170602,24.75,24.82,24.75,24.82,333
20170605,24.76,24.76,24.76,24.76,698
20170606,24.69,24.69,24.6,24.6,2539
20170608,24.65,24.71,24.64,24.65,8945
20170609,24.65,24.75,24.49,24.61,15031
20170612,24.52,24.58,24.39,24.58,10026
20170613,24.72,24.76,24.72,24.76,12908
20170614,24.76,24.76,24.76,24.76,111
20170615,24.48,24.48,24.41,24.42,1441
20170619,24.8,24.86,24.8,24.86,27658
20170620,24.73,24.74,24.73,24.74,1004
20170621,24.72,24.72,24.64,24.7,3297
20170622,24.64,24.64,24.64,24.64,478
20170623,24.65,24.82,24.64,24.82,27166
20170626,24.96,24.96,24.92,24.92,770
20170627,24.77,24.82,24.74,24.74,1497
20170628,24.9,24.92,24.85,24.92,4065
20170629,24.82,24.82,24.61,24.61,1248
20170630,24.81,24.85,24.81,24.85,3189
20170703,24.9,24.9,24.78,24.85,4765
20170705,24.67,24.84,24.67,24.84,10683
20170706,24.67,24.75,24.67,24.68,1221
20170710,24.9,24.92,24.82,24.82,4317
20170711,24.96,24.98,24.95,24.98,5049
20170712,25.07,25.25,25.07,25.25,550
20170713,25.27,25.32,25.27,25.32,2231
20170714,25.36,25.43,25.36,25.43,2082
20170717,25.39,25.48,25.39,25.4,3956
20170718,25.37,25.37,25.37,25.37,440
20170719,25.5,25.5,25.5,25.5,913
20170720,25.6,25.63,25.57,25.63,935
20170721,25.53,25.54,25.53,25.54,1027
20170724,25.53,25.58,25.53,25.58,609
20170725,25.6,25.62,25.59,25.61,4234
20170726,25.56,25.56,25.54,25.54,660
20170727,25.58,25.58,25.4,25.4,1847
20170728,25.43,25.43,25.34,25.42,9632
20170731,25.47,25.5,25.43,25.43,1896
20170801,25.59,25.59,25.55,25.55,605
20170802,25.56,25.56,25.54,25.54,1736
20170803,25.48,25.5,25.48,25.5,2205
20170804,25.53,25.53,25.53,25.53,440
20170807,25.61,25.62,25.61,25.61,4336
20170808,25.6,25.74,25.6,25.69,2839
20170809,25.48,25.48,25.48,25.48,2453
20170810,25.34,25.34,25.23,25.23,1604
20170811,25.04,25.12,25.01,25.01,990
20170814,25.32,25.35,25.32,25.35,2122
20170815,25.34,25.36,25.26,25.36,3391
20170816,25.37,25.49,25.37,25.45,2113
20170817,25.35,25.4,25.13,25.13,3381
20170818,25.12,25.23,25.12,25.22,487
20170821,25.12,25.19,25.04,25.15,8643
20170822,25.35,25.44,25.34,25.44,2861
20170823,25.43,25.43,25.4,25.4,2919
20170824,25.41,25.41,25.41,25.41,785
20170825,25.55,25.55,25.5,25.51,2456
20170828,25.54,25.54,25.45,25.45,2179
20170829,25.37,25.37,25.37,25.37,330
20170830,25.47,25.53,25.47,25.53,220
20170831,25.67,25.67,25.67,25.67,198
20170901,25.72,25.82,25.72,25.79,4026
20170905,25.67,25.68,25.49,25.54,2588
20170907,25.74,25.74,25.71,25.71,1939
20170911,26.03,26.08,26.03,26.08,793
20170912,26.08,26.08,26.08,26.08,693
20170913,25.98,26.03,25.98,26.03,406
20170914,25.9,26.04,25.9,25.97,1147
20170918,26.37,26.37,26.34,26.36,1009
20170919,26.34,26.39,26.34,26.39,911
20170921,26.28,26.28,26.27,26.27,726
20170922,26.31,26.31,26.31,26.31,132
20170925,26.18,26.22,26.1,26.13,3479
20170926,26.2,26.2,26.18,26.2,506
20170927,26.19,26.19,26.13,26.16,6039
20170928,26.15,26.15,26.15,26.15,440
20170929,26.29,26.44,26.29,26.44,796
20171002,26.38,26.53,26.38,26.53,655
20171003,26.61,26.71,26.56,26.71,3954
20171004,26.61,26.76,26.61,26.71,2671
20171005,26.67,26.82,26.67,26.79,6440
20171006,26.72,26.76,26.72,26.73,1089
20171009,26.78,26.78,26.75,26.75,220
20171010,26.84,26.84,26.84,26.84,253
20171011,26.92,26.92,26.9,26.9,311
20171012,26.88,27.05,26.88,27.03,2360
20171013,27.16,27.16,27.15,27.15,1846
20171016,27.04,27.07,27.04,27.04,1155
20171017,26.97,27.02,26.97,27.02,1242
20171018,26.97,27.1,26.97,27.09,5570
20171019,26.83,26.99,26.83,26.98,8749
20171020,27.1,27.26,27.1,27.26,4420
20171023,27.24,27.24,27.15,27.15,9834
20171024,27.11,27.22,27.11,27.17,1243
20171025,27.06,27.06,27.01,27.02,2030
20171026,27.16,27.19,27.13,27.13,8636
20171027,27.19,27.25,27.14,27.24,4713
20171030,27.19,27.26,27.05,27.1,10276
20171031,27.27,27.32,27.27,27.29,3584
20171101,27.36,27.45,27.3,27.31,7558
20171102,27.29,27.46,27.27,27.36,6177
20171103,27.25,27.45,27.25,27.35,1248
20171106,27.37,27.46,27.35,27.46,7537
20171107,27.47,27.47,27.28,27.35,11305
20171108,27.49,27.49,27.35,27.49,8132
20171109,27.31,27.31,27.18,27.2,4261
20171110,27.31,27.31,27.3,27.3,571
20171113,27.13,27.33,27.13,27.33,14782
20171114,27.3,27.35,27.25,27.34,8824
20171115,26.98,27.21,26.98,27.2,13625
20171116,27.28,27.52,27.28,27.51,7310
20171117,27.44,27.5,27.44,27.45,5608
20171120,27.55,27.6,27.55,27.56,8490
20171121,27.78,27.91,27.74,27.78,8628
20171122,27.94,27.94,27.7,27.75,1368
20171124,27.74,27.75,27.73,27.75,5634
20171127,27.75,27.75,27.64,27.64,5072
20171128,27.86,27.86,27.85,27.86,5715
20171129,27.94,27.94,27.75,27.76,3450
20171130,30.01,30.01,27.42,27.86,15427
20171201,31,31,27.57,27.7,4617
20171204,27.88,27.88,27.62,27.64,9741
20171205,27.69,27.73,27.52,27.52,1363
20171206,27.41,27.43,27.41,27.43,1997
20171207,27.55,27.56,27.52,27.54,2396
20171208,27.75,27.78,27.74,27.75,3343
20171211,27.79,27.8,27.74,27.8,4708
20171212,27.77,27.77,27.67,27.67,5545
20171213,27.69,27.84,27.69,27.76,1483
20171214,27.79,27.79,27.63,27.63,2525
20171215,27.68,27.79,27.66,27.79,2110
20171218,28.05,28.1,28.01,28.03,2981
20171219,28.02,28.02,27.94,27.94,2335
20171220,27.98,28.04,27.98,28.01,838
20171221,28.08,28.09,28.07,28.07,2393
20171222,27.96,28.06,27.96,28.05,1875
20171226,28.05,28.05,28.02,28.02,1955
20171227,28.16,28.2,28.07,28.16,2198
20171228,28.31,28.31,28.22,28.27,88029
20171229,28.38,28.38,28.22,28.23,7924
20180102,28.43,28.44,28.4,28.4,7190
20180103,28.57,28.74,28.53,28.69,8469
20180104,28.85,28.88,28.77,28.77,3480
20180105,28.89,29.39,28.89,29.15,14334
20180108,29.1,29.23,29.1,29.23,10179
20180109,29.22,29.25,29.21,29.21,5184
20180110,29.12,29.37,29.01,29.07,19480
20180111,29.2,29.28,29.15,29.25,15638
20180112,29.28,29.56,29.27,29.52,20745
20180116,29.7,29.73,29.44,29.44,43407
20180117,29.57,29.84,29.54,29.8,15583
20180118,29.74,29.75,29.63,29.7,14086
20180119,29.77,29.97,29.77,29.95,67226
20180122,29.9,30.05,29.89,30.05,6520
20180123,30.06,30.14,30.03,30.14,6471
20180124,30.28,30.3,30.01,30.15,12526
20180125,30.29,30.3,30.13,30.2,9676
20180126,30.25,30.55,30.24,30.55,20239
20180129,30.38,30.38,30.22,30.22,13932
20180130,30.01,30.01,29.49,29.85,8766
20180131,30.03,30.03,29.77,29.89,4968
20180201,29.82,29.97,29.75,29.86,4510
20180202,29.66,29.66,29.11,29.2,12504
20180205,28.97,29.16,28.17,28.27,13261
20180206,27.76,28.93,27.62,28.67,24939
20180207,28.49,28.57,28.32,28.33,23955
20180208,28.17,28.18,27.43,27.43,5607
20180209,27.59,27.86,27.05,27.79,12773
20180212,27.99,28.3,27.83,28.16,194012
20180213,28.02,28.26,28.02,28.25,11302
20180214,28.09,28.84,28.09,28.75,28457
20180215,29.08,29.09,28.82,29.09,6231
20180216,29.15,29.37,29.15,29.28,12998
20180220,29.02,29.17,28.91,28.91,4474
20180221,29.11,29.2,28.98,29,25662
20180222,29.02,29.09,28.89,28.93,3383
20180223,29.08,29.2,29.02,29.2,13914
20180226,29.33,29.5,29.25,29.48,4630
20180227,29.42,29.42,29.1,29.1,3841
20180228,29.22,29.22,28.93,28.93,4429
20180301,28.76,28.76,28.27,28.27,2267
20180302,28.2,28.57,28.16,28.57,5393
20180305,28.41,28.97,28.25,28.75,13534
20180306,28.86,28.86,28.59,28.62,74197
20180307,28.43,28.66,28.43,28.58,18895
20180308,28.81,28.81,28.66,28.69,3033
20180309,28.8,29.29,28.8,29.22,9075
20180312,29.3,29.34,29.18,29.22,15306
20180313,29.41,29.41,29.1,29.11,13069
20180314,29.22,29.22,29.02,29.05,11395
20180315,29.14,29.18,29.03,29.03,6480
20180316,29.07,29.12,29.01,29.07,10680
20180319,28.92,28.92,28.73,28.73,16456
20180320,29.08,29.11,29.05,29.08,3160
20180321,28.95,29.29,28.95,29.06,11832
20180322,28.79,28.79,28.48,28.5,14501
20180323,28.44,28.44,27.85,27.85,29197
20180326,28.16,28.48,28.08,28.46,6071
20180327,28.57,28.62,28.04,28.04,7901
20180328,28.16,28.2,28.02,28.07,3744
20180329,28.2,28.51,28.2,28.51,5053
20180402,28.25,28.25,27.69,27.91,13368
20180403,27.89,28.2,27.89,28.18,10772
20180404,27.78,28.32,27.78,28.32,9057
20180405,28.43,28.55,28.37,28.43,5154
20180406,28.29,28.33,27.79,27.88,10156
20180409,28.21,28.37,28.15,28.15,2891
20180410,28.5,28.56,28.4,28.56,9885
20180411,28.37,28.56,28.37,28.38,2532
20180412,28.56,28.71,28.55,28.62,13527
20180413,28.68,28.68,28.4,28.48,7239
20180416,28.57,28.66,28.57,28.66,3087
20180417,28.7,28.81,28.7,28.76,10467
20180418,28.9,29,28.87,28.98,10657
20180419,28.96,28.96,28.7,28.73,9915
20180420,28.68,28.69,28.33,28.56,22458
20180423,28.59,28.59,28.38,28.38,52634
20180424,28.58,28.58,28.09,28.25,8542
20180425,27.94,28.18,27.94,28.13,7042
20180426,28.3,28.48,28.24,28.39,30222
20180427,28.39,28.47,28.34,28.41,2875
20180430,28.51,28.51,28.25,28.25,2454
20180501,28.12,28.21,27.96,28.1,6348
20180502,28.18,28.28,27.98,27.98,11345
20180503,27.95,28.13,27.78,28.13,1676
20180504,28.01,28.32,28.01,28.32,1474
20180507,28.35,28.39,28.21,28.22,3835
20180508,28.31,28.42,28.31,28.39,7162
20180509,28.38,28.5,28.33,28.48,5797
20180510,28.65,28.82,28.63,28.81,4582
20180511,28.84,28.95,28.84,28.92,5763
20180514,29,29.03,28.82,28.91,8374
20180515,28.69,28.69,28.57,28.59,3874
20180516,28.79,28.89,28.71,28.89,21179
20180517,28.81,28.9,28.79,28.86,4952
20180518,28.78,28.81,28.72,28.77,5678
20180521,29.02,29.02,28.93,28.98,2738
20180522,28.99,29.05,28.89,28.92,7366
20180523,28.77,28.92,28.73,28.91,14747
20180524,28.83,28.85,28.65,28.85,8671
20180525,28.84,28.89,28.78,28.83,11213
20180529,28.55,28.55,28.29,28.44,23125
20180530,28.56,28.76,28.46,28.72,23991
20180531,28.67,28.85,28.6,28.66,72056
20180601,28.8,28.95,28.8,28.86,106701
20180604,29.05,29.08,28.99,29.05,27686
20180605,29.07,29.14,29.02,29.13,47058
20180606,29.17,29.36,29.16,29.36,33994
20180607,29.37,29.37,29.12,29.21,39013
20180608,29.09,29.27,29.09,29.27,9510
20180611,29.19,29.37,29.19,29.26,13179
20180612,29.3,29.3,29.18,29.22,11626
20180613,29.27,29.27,29.12,29.12,19559
20180614,29.11,29.15,29,29,2372
20180615,28.91,29.34,28.79,28.92,13908
20180618,28.71,28.83,28.69,28.83,5230
20180619,28.41,28.56,28.4,28.56,17248
20180620,28.61,28.65,28.56,28.57,13174
20180621,28.54,28.54,28.33,28.4,9774
20180622,28.45,28.51,28.39,28.43,17101
20180625,28.21,28.21,27.85,27.97,8958
20180626,28,28.08,27.97,28.08,6793
20180627,28.06,28.06,27.64,27.66,11142
20180628,27.59,27.74,27.51,27.72,5959
20180629,27.94,28.03,27.9,27.9,16053
20180702,27.63,27.67,27.52,27.65,26707
20180703,27.79,27.81,27.66,27.66,2467
20180705,27.68,27.79,27.62,27.69,6379
20180706,27.84,27.99,27.84,27.91,6672
20180709,28.19,28.22,28.08,28.2,2586
20180710,28.26,28.31,28.26,28.31,1820
20180711,28.06,28.06,27.92,27.95,796
20180712,28.13,28.21,28.1,28.15,4018
20180713,28.2,28.27,28.17,28.27,7697
20180716,28.39,28.46,28.14,28.16,3656
20180717,28.28,28.39,28.26,28.39,3184
20180718,28.36,28.49,28.33,28.47,6251
20180719,28.35,28.4,28.16,28.37,10256
20180720,28.39,28.42,28.27,28.29,4121
20180723,28.27,28.27,28.23,28.26,2141
20180724,28.41,28.47,28.21,28.21,19256
20180725,28.35,28.51,28.27,28.42,6187
20180726,28.61,28.66,28.55,28.55,8358
20180727,28.74,28.74,28.43,28.47,18756
20180730,28.6,28.6,28.3,28.4,30477
20180731,28.48,28.59,28.45,28.57,7150
20180801,28.51,28.74,28.33,28.33,6184
20180802,28.12,28.37,28.12,28.32,83136
20180803,28.33,28.35,28.31,28.35,2575
20180806,28.3,28.35,28.26,28.35,13446
20180807,28.52,28.55,28.46,28.46,3008
20180808,28.45,28.55,28.45,28.52,10502
20180809,28.43,28.55,28.42,28.46,6580
20180810,28.14,28.21,28.04,28.06,28657
20180813,28.09,28.15,27.95,28,4797
20180814,28,28.15,28,28.12,11293
20180815,27.82,27.82,27.58,27.7,5738
20180816,27.89,27.96,27.89,27.93,9301
20180817,27.85,28.02,27.78,28.02,4695
20180820,28.01,28.17,28.01,28.16,3461
20180821,28.32,28.4,28.28,28.37,12314
20180822,28.4,28.5,28.36,28.38,2594
20180823,28.31,28.33,28.24,28.25,6846
20180824,28.38,28.49,28.32,28.45,21765
20180827,28.59,28.77,28.59,28.71,14465
20180828,28.81,28.81,28.61,28.7,170470
20180829,28.65,28.87,28.65,28.86,55094
20180830,28.71,28.71,28.52,28.57,8863
20180831,28.49,28.64,28.49,28.62,17020
20180904,28.61,28.61,28.31,28.44,11937
20180905,28.26,28.31,28.13,28.25,10759
20180906,28.41,28.41,28.04,28.18,77216
20180907,28.03,28.12,27.96,28.01,44545
20180910,28.01,28.07,27.99,27.99,6344
20180911,27.91,28.02,27.86,27.94,37463
20180912,27.86,27.94,27.8,27.82,14969
20180913,28.18,28.27,28.09,28.18,41149
20180914,28.29,28.32,28.18,28.31,9010
20180917,28.31,28.31,28.03,28.04,22917
20180918,28.35,28.47,28.23,28.47,33678
20180919,28.57,28.58,28.39,28.39,18235
20180920,28.69,28.72,28.57,28.72,26329
20180921,28.71,28.74,28.7,28.7,9356
20180924,28.53,28.62,28.46,28.5,7818
20180925,28.54,28.69,28.48,28.49,6654
20180926,28.56,28.74,28.49,28.51,114445
20180927,28.54,28.65,28.48,28.49,7775
20180928,28.5,28.55,28.46,28.46,5426
20181001,28.64,28.65,28.51,28.52,9999
20181002,28.46,28.46,28.37,28.41,3997
20181003,28.45,28.45,28.33,28.38,10315
20181004,28.26,28.26,27.85,27.9,3851
20181005,28.04,28.07,27.76,27.81,8433
20181008,27.77,27.81,27.54,27.79,3239
20181009,27.64,27.73,27.61,27.69,2003
20181010,27.61,27.61,26.83,26.86,14440
20181011,26.77,26.89,26.43,26.43,63986
20181012,26.64,26.74,26.5,26.74,20638
20181015,26.64,26.74,26.59,26.61,12228
20181016,26.77,27.11,26.76,27.09,62274
20181017,26.91,27.07,26.77,26.95,39701
20181018,26.74,26.87,26.36,26.5,37441
20181019,26.65,26.65,26.45,26.45,25371
20181022,26.57,26.57,26.38,26.48,30716
20181023,26.04,26.32,25.75,26.32,21334
20181024,26.17,26.17,25.58,25.58,14541
20181025,25.61,25.8,25.56,25.79,209811
20181026,25.42,25.59,25.13,25.41,11142
20181029,25.67,25.75,25.14,25.25,17824
20181030,25.59,25.65,25.51,25.61,4157
20181031,26.04,26.22,26.04,26.2,14940
20181101,26.23,26.52,26.23,26.52,33714
20181102,26.64,26.87,26.42,26.67,43383
20181105,26.63,26.69,26.47,26.69,6933
20181106,26.63,26.77,26.56,26.62,30195
20181107,26.89,27.2,26.89,27.19,6264
20181108,27.15,27.23,26.99,27.12,13206
20181109,26.98,26.98,26.58,26.79,25519
20181112,26.79,26.79,26.38,26.39,63402
20181113,26.48,26.62,26.3,26.36,10838
20181114,26.64,26.64,26.2,26.36,16946
20181115,25.99,26.57,25.99,26.43,4175
20181116,26.26,26.55,26.26,26.5,999
20181119,26.29,26.29,26.02,26.12,6961
20181120,25.72,25.72,25.53,25.58,15250
20181121,25.78,25.99,25.78,25.86,19841
20181123,25.67,25.75,25.67,25.75,1293
20181126,25.88,26.1,25.88,26.08,12461
20181127,26.01,26.02,25.91,25.97,17704
20181128,26.04,26.5,25.99,26.48,8113
20181129,26.37,26.52,26.28,26.38,5636
20181130,26.26,26.44,26.26,26.44,11559
20181203,26.87,26.87,26.56,26.71,31505
20181204,26.58,26.64,25.97,26,3279866
20181206,25.57,25.86,25.34,25.83,225634
20181207,25.89,25.89,25.28,25.28,102617
20181210,25.16,25.25,24.87,25.19,151327
20181211,25.5,25.5,25.08,25.22,16303
20181212,25.57,25.77,25.5,25.5,137876
20181213,25.62,25.64,25.37,25.48,144401
20181214,25.33,25.33,25.03,25.04,62300
20181217,24.94,25.1,24.61,24.61,148909
20181218,24.93,24.98,24.6,24.76,249031
20181219,24.74,24.97,24.16,24.39,212914
20181220,24.22,24.35,23.83,24.01,151503
20181221,23.97,24.23,23.62,23.68,121479
20181224,23.51,23.62,23.26,23.26,36194
20181226,23.38,24.07,23.23,24.07,450006
20181227,23.78,24.15,23.6,24.15,19900
20181228,24.38,24.48,24.16,24.19,60387
20181231,24.46,24.46,24.28,24.32,34473
20190102,24.25,24.39,24.16,24.35,101888
20190103,24.13,24.13,23.88,23.91,37892
20190104,24.36,24.69,24.32,24.66,364390
20190107,24.75,24.93,24.68,24.85,105782
20190108,25.07,25.1,24.86,25.05,74468
20190109,25.27,25.49,25.25,25.36,99992
20190110,25.3,25.53,25.23,25.46,45760
20190111,25.35,25.5,25.35,25.43,11910
20190114,25.36,25.43,25.3,25.32,108407
20190115,25.33,25.55,25.33,25.48,105902
20190116,25.62,25.7,25.58,25.58,1488372
20190117,25.6,25.79,25.58,25.78,977925
20190118,25.98,26.14,25.96,26.11,345129
20190122,25.96,25.96,25.66,25.74,577704
20190123,26.03,26.03,25.74,25.87,8054
20190124,26.08,26.1,25.97,26.1,43063
20190125,26.34,26.41,26.31,26.32,13573
20190128,26.13,26.18,26.08,26.16,4685
20190129,26.29,26.31,26.2,26.25,47901
20190130,26.36,26.63,26.29,26.58,151757
20190131,26.59,26.72,26.56,26.71,15281
20190201,26.71,26.77,26.63,26.69,42284
20190204,26.74,26.82,26.67,26.82,19340
20190205,26.88,27,26.88,26.97,41802
20190206,26.9,27,26.9,26.97,9838
20190207,26.71,26.74,26.53,26.61,22764
20190208,26.45,26.57,26.38,26.56,33905
20190211,26.58,26.61,26.54,26.58,6538
20190212,26.77,26.99,26.77,26.96,18735
20190213,27.02,27.07,26.96,27,10894
20190214,26.92,27.08,26.89,26.98,93484
20190215,27.16,27.26,27.16,27.26,18225
20190219,27.23,27.4,27.22,27.36,11491
20190220,27.35,27.5,27.35,27.43,4110
20190221,27.38,27.41,27.26,27.33,11033
20190222,27.44,27.59,27.44,27.55,17510
20190225,27.68,27.76,27.56,27.56,22568
20190226,27.58,27.63,27.53,27.53,5094
20190227,27.51,27.51,27.38,27.49,14372
20190228,27.35,27.4,27.3,27.3,5106
20190301,27.6,27.6,27.38,27.47,22112
20190304,27.53,27.53,27.11,27.29,19137
20190305,27.23,27.36,27.21,27.25,13535
20190306,27.18,27.26,27.04,27.04,21679
20190307,26.98,26.98,26.72,26.79,52537
20190308,26.57,26.69,26.54,26.69,18531
20190311,26.71,27.02,26.71,27.02,63289
20190312,27.05,27.11,27.04,27.11,9289
20190313,27.19,27.32,27.19,27.24,4908
20190314,27.23,27.23,27.13,27.14,17553
20190315,27.34,27.44,27.32,27.34,5490
20190318,27.47,27.53,27.37,27.52,9222
20190319,27.62,27.7,27.46,27.48,11365
20190320,27.47,27.5,27.22,27.34,6688
20190321,27.2,27.49,27.2,27.49,19924
20190322,27.32,27.32,26.9,26.91,21812
20190325,26.83,26.91,26.73,26.9,8442
20190326,27.05,27.12,26.9,27.05,6047
20190327,27.05,27.05,26.81,26.97,1693
20190328,26.95,27.11,26.91,27.06,43371
20190329,27.22,27.29,27.15,27.26,11116
20190401,27.58,27.65,27.5,27.6,8499
20190402,27.64,27.64,27.52,27.63,13225
20190403,27.76,27.85,27.7,27.77,21902
20190404,27.75,27.8,27.73,27.8,30683
20190405,27.94,27.95,27.91,27.93,6607
20190408,27.87,27.94,27.86,27.93,7758
20190409,27.75,27.81,27.68,27.71,11707
20190410,27.8,27.92,27.74,27.88,28808
20190411,27.87,27.88,27.77,27.87,17464
20190412,27.93,27.99,27.92,27.92,4676
20190415,27.99,27.99,27.91,27.92,6076
20190416,28.01,28.01,27.86,27.86,10291
20190417,27.95,27.95,27.73,27.73,4877
20190418,27.73,27.82,27.67,27.76,14811
20190422,27.74,27.74,27.64,27.67,17208
20190423,27.7,27.88,27.7,27.84,10359
20190424,27.78,27.82,27.73,27.77,6695
20190425,27.67,27.7,27.51,27.63,17665
20190426,27.7,27.75,27.63,27.75,13662
20190429,27.75,27.82,27.75,27.78,17231
20190430,27.72,27.82,27.62,27.82,12722
20190501,27.86,27.86,27.7,27.72,17444
20190502,27.61,27.63,27.42,27.54,5612
20190503,27.7,27.78,27.68,27.76,10823
20190506,27.27,27.59,27.27,27.59,4773
20190507,27.32,27.32,26.96,27.11,13283
20190508,26.97,27.17,26.97,27.03,5859
20190509,26.74,26.87,26.62,26.85,4191
20190510,26.51,26.95,26.51,26.95,5796
20190513,26.45,26.45,26.17,26.27,10116
20190514,26.37,26.67,26.37,26.51,49447
20190515,26.38,26.65,26.38,26.61,10232
20190516,26.88,26.9,26.78,26.78,3300
20190517,26.64,26.79,26.59,26.59,7386
20190520,26.43,26.49,26.34,26.4,16920
20190521,26.56,26.73,26.56,26.72,9290
20190522,26.56,26.59,26.55,26.55,2228
20190523,26.2,26.27,26.12,26.16,75260
20190524,26.29,26.38,26.29,26.38,1741
20190528,26.47,26.47,26.19,26.19,6595
20190529,26.03,26.03,25.95,26.01,3719
20190530,26.05,26.17,26.05,26.12,12652
20190531,25.82,25.98,25.82,25.88,13284
20190603,25.94,26.1,25.92,26.02,4730
20190604,26.21,26.49,26.21,26.45,8609
20190605,26.57,26.57,26.44,26.52,4816
20190606,26.58,26.6,26.51,26.6,5145
20190607,26.82,26.92,26.81,26.88,2519
20190610,27.05,27.13,27.02,27.03,3251
20190611,27.27,27.27,27.07,27.11,41243
20190612,27.1,27.1,26.96,26.99,5395
20190613,27.08,27.12,27.08,27.09,4246
20190614,26.97,26.98,26.95,26.98,1726
20190617,26.98,27.02,26.94,26.94,3507
20190618,27.35,27.35,27.29,27.29,7838
20190619,27.35,27.47,27.29,27.44,5424
20190620,27.55,27.67,27.55,27.67,2647
20190621,27.6,27.67,27.57,27.61,20563
20190624,27.62,27.62,27.53,27.53,2767
20190625,27.55,27.55,27.37,27.37,3201
20190626,27.48,27.56,27.45,27.46,2855
20190627,27.53,27.55,27.48,27.52,2565
20190628,27.67,27.8,27.66,27.78,5102
20190701,28.08,28.08,27.87,27.94,7622
20190702,27.96,28,27.9,27.94,5983
20190703,28.06,28.08,28.06,28.08,7523
20190705,27.94,28.05,27.91,27.99,5640
20190708,27.91,27.98,27.85,27.88,30044
20190709,27.76,27.87,27.76,27.87,1975
20190710,27.97,27.97,27.89,27.92,2662
20190711,28.02,28.02,27.91,27.97,4450
20190712,28.11,28.24,28.11,28.2,3422
20190715,28.24,28.25,28.16,28.22,9354
20190716,28.17,28.22,28.11,28.16,8321
20190717,28.13,28.13,28.07,28.07,1768
20190718,27.94,28.14,27.94,28.11,1825
20190719,28.27,28.27,28.08,28.08,4395
20190722,28.12,28.12,28.04,28.05,3946
20190723,28.11,28.2,28.08,28.2,1974
20190724,28.16,28.26,28.16,28.26,4864
20190725,28.17,28.17,28.02,28.06,1891
20190726,28.11,28.11,28.08,28.08,5098
20190729,28.06,28.06,27.99,28.01,4338
20190730,27.9,27.93,27.82,27.89,5165
20190731,27.9,27.91,27.57,27.6,4248
20190801,27.61,27.79,27.2,27.3,9977
20190802,27.16,27.16,26.93,27.03,5965
20190805,26.57,26.57,26.04,26.22,7684
20190806,26.4,26.57,26.33,26.55,7433
20190807,26.25,26.6,26.21,26.6,20659
20190808,26.74,27.03,26.74,27.03,11885
20190809,26.87,26.87,26.67,26.82,11325
20190812,26.55,26.56,26.4,26.41,5200
20190813,26.53,26.92,26.53,26.82,20693
20190814,26.36,26.36,25.98,26.03,13149
20190815,26.09,26.15,25.97,26.15,12351
20190816,26.35,26.49,26.3,26.49,5871
20190819,26.73,26.75,26.69,26.69,37107
20190820,26.65,26.66,26.58,26.6,8449
20190821,26.79,26.83,26.75,26.78,11829
20190822,26.84,26.84,26.66,26.8,16496
20190823,26.59,26.72,26.28,26.28,4975
20190826,26.32,26.41,26.29,26.32,49008
20190827,26.58,26.61,26.36,26.4,32336
20190828,26.25,26.5,26.25,26.48,3090
20190829,26.85,26.9,26.76,26.9,9032
20190830,26.97,26.97,26.83,26.88,7857
20190903,26.72,26.81,26.68,26.81,2316
20190904,27,27.12,27,27.1,11181
20190905,27.43,27.52,27.43,27.49,14257
20190906,27.65,27.65,27.57,27.57,4256
20190909,27.61,27.61,27.53,27.53,3701
20190910,27.52,27.61,27.52,27.61,2355
20190911,27.69,27.83,27.65,27.83,12260
20190912,27.86,28.02,27.86,27.95,8476
20190913,28.08,28.08,28,28,1565
20190916,27.91,27.91,27.85,27.86,2607
20190917,27.83,27.96,27.83,27.96,2667
20190918,27.89,27.89,27.66,27.69,3566
20190919,27.97,27.97,27.84,27.84,3759
20190920,27.72,27.74,27.65,27.65,12017
20190923,27.62,27.73,27.62,27.73,13220
20190924,27.66,27.66,27.41,27.45,3449
20190925,27.42,27.63,27.42,27.61,42698
20190926,27.52,27.6,27.45,27.56,4887
20190927,27.61,27.61,27.27,27.33,14222
20190930,27.54,27.55,27.54,27.54,531
20191001,27.26,27.29,27.2,27.2,4823
20191002,26.97,26.98,26.64,26.7,21558
20191003,26.64,26.88,26.64,26.85,9704
20191004,27.01,27.19,27.01,27.19,2049
20191007,27.11,27.24,27.07,27.11,10830
20191008,26.88,26.89,26.68,26.68,19141
20191009,26.84,26.96,26.83,26.94,3022
20191010,26.85,27.13,26.85,27.08,9182
20191011,27.43,27.75,27.43,27.7,9829
20191014,27.44,27.55,27.44,27.51,7155
20191015,27.5,27.81,27.5,27.73,3823
20191016,27.72,27.73,27.63,27.65,5010
20191017,27.74,27.83,27.73,27.74,3284
20191018,27.65,27.75,27.6,27.68,9038
20191021,27.9,27.9,27.82,27.87,4815
20191022,27.9,28.03,27.85,27.88,10563
20191023,27.82,27.93,27.81,27.88,11558
20191024,28,28.01,27.94,28.01,6757
20191025,28.03,28.22,28.03,28.16,17681
20191028,28.26,28.35,28.26,28.35,11329
20191029,28.29,28.44,28.28,28.32,8010
20191030,28.22,28.34,28.18,28.33,4635
20191031,28.19,28.27,28.11,28.16,108104
20191101,28.37,28.53,28.37,28.5,15240
20191104,28.68,28.71,28.66,28.67,11359
20191105,28.75,28.76,28.73,28.73,3663
20191106,28.68,28.77,28.65,28.72,58834
20191107,28.86,28.98,28.83,28.87,5874
20191108,28.76,28.83,28.76,28.81,3167
20191111,28.7,28.84,28.67,28.79,23479
20191112,28.83,28.83,28.75,28.75,5357
20191113,28.72,28.73,28.62,28.67,4793
20191114,28.67,28.73,28.67,28.72,5417
20191115,28.84,28.94,28.83,28.94,6430
20191118,28.98,28.98,28.9,28.9,11932
20191119,29.02,29.04,28.88,28.95,14208
20191120,28.97,28.99,28.77,28.87,11344
20191121,28.76,28.83,28.75,28.8,5206
20191122,28.95,28.95,28.82,28.84,14104
20191125,29.04,29.18,29.04,29.11,2453
20191126,29.07,29.2,29.07,29.17,5839
20191127,29.23,29.26,29.18,29.26,17453
20191129,29.1,29.11,29.07,29.07,2240
20191202,28.87,28.94,28.85,28.88,6737
20191203,28.52,28.64,28.51,28.6,4810
20191204,28.8,28.9,28.79,28.86,4542
20191205,28.87,28.92,28.82,28.92,4839
20191206,29.1,29.18,29.1,29.14,3533
20191209,29.13,29.13,29.05,29.05,2233
20191210,29,29.12,29,29.04,9203
20191211,29.08,29.18,29.08,29.18,5948
20191212,29.22,29.5,29.17,29.46,47101
20191213,29.53,29.53,29.47,29.5,53901
20191216,29.7,29.83,29.69,29.72,16663
20191217,29.71,29.84,29.71,29.83,41853
20191218,29.8,29.84,29.77,29.82,7239
20191219,29.76,29.83,29.72,29.8,58402
20191220,29.89,29.91,29.88,29.89,4673
20191223,30,30,29.92,29.93,14504
20191224,29.99,29.99,29.93,29.97,7848
20191226,30.04,30.07,30.01,30.05,1252
20191227,30.03,30.12,30.03,30.08,2552
20191230,30.05,30.09,29.92,29.97,20036
20191231,29.98,30.01,29.94,30.01,8462
20200102,30.21,30.24,30.14,30.24,6261
20200103,29.98,30.04,29.95,30.02,3494
20200106,29.88,30.01,29.87,29.97,6052
20200107,29.95,29.97,29.9,29.92,4476
20200108,29.87,30.13,29.87,30.09,5346
20200109,30.12,30.15,30.09,30.15,1696
20200110,30.27,30.27,30.09,30.09,9530
20200113,30.23,30.36,30.19,30.36,15057
20200114,30.34,30.4,30.32,30.34,11336
20200115,30.32,30.33,30.24,30.24,2857
20200116,30.43,30.52,30.43,30.51,3314
20200117,30.64,30.68,30.62,30.64,4181
20200121,30.55,30.55,30.42,30.47,10289
20200122,30.72,30.72,30.51,30.56,4651
20200123,30.35,30.51,30.3,30.48,9719
20200124,30.61,30.61,30.22,30.32,8338
20200127,29.72,29.89,29.71,29.8,19654
20200128,29.85,30.08,29.85,30.02,6302
20200129,30,30.05,29.94,29.94,3886
20200130,29.67,29.89,29.67,29.87,5590
20200131,29.59,29.59,29.19,29.3,10998
20200203,29.49,29.67,29.46,29.5,10635
20200204,29.94,30.02,29.93,29.96,6466
20200205,30.22,30.38,30.22,30.38,4157
20200206,30.51,30.51,30.33,30.34,9774
20200207,30.13,30.16,30.03,30.03,7262
20200210,30.13,30.2,30.09,30.2,6011
20200211,30.45,30.52,30.36,30.47,17943
20200212,30.53,30.67,30.51,30.67,9357
20200213,30.46,30.66,30.46,30.51,24174
20200214,30.57,30.57,30.42,30.49,16419
20200218,30.39,30.52,30.39,30.45,21131
20200219,30.59,30.68,30.59,30.6,6068
20200220,30.61,30.61,30.34,30.41,3197
20200221,30.17,30.33,30.17,30.22,6177
20200224,29.21,29.46,29.21,29.24,8791
20200225,29.31,29.31,28.51,28.58,15377
20200226,28.96,28.96,28.45,28.48,7419
20200227,27.9,28.28,27.7,27.7,15905
20200228,26.95,27.11,26.66,26.9,21093
20200302,27.23,27.91,26.99,27.91,11832
20200303,27.97,28.19,27.41,27.41,34210
20200304,27.99,28.39,27.89,28.39,6024
20200305,27.69,27.9,27.48,27.57,17419
20200306,26.82,27.15,26.8,27.07,15753
20200309,25.25,25.98,25.12,25.12,27845
20200310,26.11,26.15,25.33,26.15,96981
20200311,25.46,25.48,24.64,24.93,36715
20200312,23.16,23.22,22.3,22.76,32584
20200313,24.02,24.02,22.56,23.29,17522
20200316,21.48,22.62,21.48,21.65,11177
20200317,21.81,22.51,21.45,22.51,10400
20200318,20.85,21.44,20.36,20.91,57279
20200319,20.56,21.53,20.56,21.2,50057
20200320,21.6,21.7,20.56,20.56,35239
20200323,20.51,20.51,19.961,20.2,67148
20200324,21.24,22.05,21.24,22.05,60361
20200325,22.08,23.13,21.75,22.46,46593
20200326,22.64,23.7,22.64,23.7,140987
20200327,22.74,23.34,22.74,22.96,15546
20200330,22.94,23.49,22.94,23.4,26954
20200331,23.3,23.54,23.02,23.04,46069
20200401,22.27,22.59,22.13,22.13,10354
20200402,22.58,22.64,22.36,22.54,3525
20200403,22.57,22.67,22.08,22.16,29121
20200406,23.33,23.72,23.32,23.64,5652
20200407,24.45,24.45,23.76,23.76,10553
20200408,23.93,24.46,23.9,24.32,10219
20200409,24.69,25.01,24.66,24.69,15497
20200413,24.23,24.51,24.23,24.41,19379
20200414,25.01,25.16,24.98,25.07,6435
20200415,24.39,24.53,24.18,24.26,16624
20200416,24.41,24.41,24.22,24.37,3050
20200417,25,25.14,24.79,25.07,4072
20200420,24.9,25.01,24.72,24.72,15747
20200421,24.26,24.36,23.91,24.07,19099
20200422,24.44,24.59,24.4,24.59,12980
20200423,24.67,24.96,24.47,24.54,14657
20200424,24.54,24.82,24.43,24.82,1889
20200427,25.29,25.37,25.17,25.32,2887
20200428,25.62,25.65,25.44,25.44,7130
20200429,25.77,26.02,25.77,25.95,37327
20200430,25.69,25.87,25.25,25.4,23249
20200501,24.79,24.79,24.49,24.57,9806
20200504,24.53,24.71,24.47,24.68,6767
20200505,24.85,25.14,24.77,24.77,9707
20200506,25.19,25.24,24.84,24.84,5173
20200507,25.04,25.16,25.04,25.12,19169
20200508,25.39,25.52,25.39,25.49,7089
20200511,25.36,25.59,25.22,25.47,13731
20200512,25.52,25.55,25.14,25.15,39748
20200513,24.78,25.01,24.4,24.49,11536
20200514,24.29,24.67,24.04,24.6,31859
20200515,24.54,24.75,24.54,24.68,16703
20200518,25.42,25.81,25.42,25.78,1525
20200519,25.66,25.88,25.66,25.73,13273
20200520,25.77,25.94,25.77,25.86,2395
20200521,25.74,25.74,25.64,25.64,11102
20200522,25.65,25.65,25.5,25.57,4677
20200526,26.24,26.32,26.17,26.19,15297
20200527,26.37,26.46,26.14,26.43,29335
20200528,26.61,26.72,26.4,26.4,99379
20200529,26.38,26.61,26.29,26.59,14919
20200601,26.71,26.81,26.71,26.81,27226
20200602,26.84,26.95,26.8,26.95,10294
20200603,27.22,27.45,27.22,27.4,32493
20200604,27.37,27.39,27.24,27.31,8624
20200605,27.85,27.9,27.83,27.9,11815
20200608,27.98,28.18,27.96,28.18,2932
20200609,27.81,27.93,27.78,27.85,11303
20200610,27.9,27.9,27.65,27.78,36950
20200611,26.97,26.97,26.15,26.24,16348
20200612,26.81,26.81,26.22,26.25,3135
20200615,25.98,26.75,25.98,26.75,6722
20200616,27.3,27.31,26.94,26.99,8800
20200617,27.17,27.24,27.07,27.07,19051
20200618,27,27,26.94,26.95,3890
20200619,27.28,27.28,26.84,27.06,8182
20200622,26.95,27.2,26.89,27.15,5199
20200623,27.42,27.44,27.26,27.26,13522
20200624,26.9,26.9,26.44,26.6,37037
20200625,26.4,26.84,26.4,26.84,122310
20200626,26.73,26.83,26.4,26.45,132734
20200629,26.72,26.76,26.43,26.76,6721
20200630,26.76,27.06,26.76,27.06,10325
20200701,27.08,27.16,27,27.05,56875
20200702,27.35,27.43,27.26,27.38,18118
20200706,27.8,27.83,27.68,27.76,6918
20200707,27.59,27.74,27.57,27.61,5127
20200708,27.62,27.65,27.5,27.65,18444
20200709,27.28,27.59,27.28,27.57,10688
20200710,27.54,27.64,27.47,27.64,1003
20200713,27.84,28.01,27.45,27.45,15495
20200714,27.38,27.89,27.38,27.89,10092
20200715,28.07,28.23,28.03,28.15,9100
20200716,28.06,28.17,28.06,28.16,1764
20200717,28.24,28.34,28.21,28.34,19275
20200720,28.39,28.57,28.39,28.57,2913
20200721,28.66,28.74,28.5,28.5,22876
20200722,28.61,28.76,28.58,28.65,7161
20200723,28.63,28.82,28.42,28.54,10395
20200724,28.36,28.36,28.17,28.25,1772
20200727,28.37,28.57,28.37,28.52,13331
20200728,28.42,28.49,28.31,28.31,14164
20200729,28.48,28.76,28.48,28.68,4616
20200730,28.3,28.58,28.23,28.58,26469
20200731,28.56,28.56,28.09,28.27,10920
20200803,28.64,28.86,28.64,28.86,8600
20200804,28.8,28.82,28.76,28.82,11856
20200805,29.09,29.2,29.06,29.06,3537
20200806,29.09,29.09,28.94,29.07,3297
20200807,28.97,29.03,28.93,29,4036
20200810,29.17,29.17,29.08,29.1,811
20200811,29.27,29.33,29.1,29.1,4847
20200812,29.4,29.43,29.38,29.4,4131
20200813,29.37,29.4,29.26,29.27,6355
20200814,29.3,29.45,29.27,29.27,11336
20200817,29.43,29.55,29.43,29.48,7380
20200818,29.51,29.52,29.47,29.47,3309
20200819,29.54,29.65,29.21,29.21,3654
20200820,29.21,29.29,29.2,29.29,2423
20200821,29.14,29.23,29.14,29.23,1024
20200824,29.45,29.45,29.28,29.37,12576
20200825,29.47,29.53,29.34,29.47,5949
20200826,29.58,29.59,29.57,29.59,1035
20200827,29.47,29.52,29.44,29.51,2910
20200828,29.55,29.69,29.53,29.67,14534
20200831,29.57,29.62,29.49,29.51,8117
20200901,29.54,29.55,29.5,29.52,3242
20200902,29.77,30.07,29.77,30.06,6549
20200903,29.67,29.67,29.08,29.08,2179
20200904,29.29,29.29,28.79,29.22,1865
20200908,28.65,28.76,28.51,28.67,1325457
20200909,28.81,29.12,28.81,29.12,10794
20200910,28.94,29.03,28.6,28.6,4002
20200911,28.83,28.83,28.51,28.51,643
20200914,28.93,29.15,28.93,29,15919
20200915,29.25,29.35,29.21,29.21,4050
20200916,29.36,29.46,29.2,29.2,3304
20200917,28.96,29.2,28.96,29.01,1700
20200918,29.18,29.18,28.86,28.91,1474
20200921,28.27,28.37,28.2,28.37,1999
20200922,28.44,28.5,28.37,28.49,3982
20200923,28.55,28.56,28.09,28.09,7268
20200924,27.97,28.2,27.95,28.03,8584
20200925,27.91,28.33,27.91,28.33,1115
20200928,28.69,28.78,28.69,28.76,2249
20200929,28.74,28.78,28.71,28.76,7007
20200930,28.74,28.93,28.73,28.82,66087
20201001,28.96,29.01,28.87,29,4894
20201002,28.57,28.96,28.57,28.91,5565
20201005,29.2,29.44,29.2,29.4,10213
20201006,29.54,29.6,29.54,29.57,899
20201007,29.44,29.57,29.43,29.57,4160
20201008,29.75,29.82,29.67,29.77,5951
20201009,29.92,30.07,29.92,30.01,3683
20201012,30.19,30.22,30.19,30.21,2659
20201013,30.25,30.25,30.11,30.13,6721
20201014,30.18,30.18,29.99,29.99,4925
20201015,29.55,29.92,29.55,29.92,739
20201016,30.18,30.18,30.07,30.12,3199
20201019,30.13,30.13,29.7,29.75,5174
20201020,29.87,29.94,29.82,29.9,8333
20201021,29.81,29.96,29.81,29.93,5068
20201022,29.7,29.85,29.7,29.85,967
20201023,29.89,29.89,29.73,29.84,6359
20201026,29.61,29.66,29.22,29.38,2988
20201027,29.36,29.36,29.3,29.3,373
20201028,28.59,28.59,28.35,28.35,9433
20201029,28.34,28.56,28.34,28.56,53980
20201030,28.18,28.18,28.09,28.09,3150
20201102,28.69,28.69,28.48,28.68,37958
20201103,29.02,29.34,29.02,29.29,2322
20201104,29.51,30.1,29.51,29.79,8881
20201105,30.42,30.49,30.19,30.19,7808
20201106,30.39,30.52,30.37,30.52,15073
20201109,31.56,31.56,30.81,30.81,8659
20201110,30.52,30.64,30.5,30.54,1857
20201111,30.83,30.95,30.82,30.82,2557
20201112,30.73,30.83,30.4,30.48,3044
20201113,30.8,30.92,30.8,30.92,1361
20201116,31.25,31.29,31.16,31.23,3899
20201117,31.15,31.24,31.15,31.24,1338
20201118,31.21,31.31,31.08,31.15,32955
20201119,30.87,31.07,30.87,31.07,2168
20201120,31.1,31.1,30.87,30.88,25713
20201123,31.14,31.14,31,31.1,1975
20201124,31.44,31.46,31.43,31.43,2483
20201125,31.34,31.38,31.29,31.31,1576
20201127,31.52,31.56,31.52,31.52,2193
20201130,31.31,31.37,31.19,31.24,2718
20201201,31.69,31.71,31.69,31.69,1275
20201202,31.61,31.71,31.61,31.67,36672
20201203,31.91,31.94,31.88,31.88,1134
20201204,32.05,32.18,32.02,32.1,6761
20201207,32.09,32.12,31.99,32.04,4001
20201208,32.04,32.17,32.04,32.17,7551
20201209,32.31,32.31,31.85,31.94,15328
20201210,31.87,32.05,31.83,32.05,22903
20201211,31.86,31.98,31.75,31.98,1417
20201214,32.14,32.24,32.01,32.01,15925
20201215,32.16,32.29,32.16,32.25,2314
20201216,32.34,32.41,32.2,32.33,23955
20201217,32.57,32.63,32.54,32.57,1536
20201218,32.68,32.74,32.55,32.55,28844
20201221,32.16,32.42,32.07,32.42,21788
20201222,32.3,32.37,32.3,32.37,1349
20201223,32.5,32.59,32.5,32.59,30709
20201224,32.61,32.61,32.5,32.54,7442
20201228,32.86,32.86,32.64,32.75,7507
20201229,32.88,32.88,32.68,32.78,5647
20201230,32.99,32.99,32.86,32.86,11951
20201231,32.86,33.02,32.85,33,32906
20210104,33.35,33.48,32.81,32.93,8781
20210105,33.24,33.44,33.24,33.43,1483
20210106,33.56,33.96,33.56,33.72,4115
20210107,33.84,34.14,33.84,34.06,6025
20210108,34.4,34.43,34.23,34.4,1903
20210111,34.15,34.26,34.15,34.22,4484
20210112,34.3,34.43,34.3,34.41,7469
20210113,34.44,34.53,34.42,34.42,2920
20210114,34.6,34.69,34.56,34.57,7819
20210115,34.32,34.34,34.08,34.34,14883
20210119,34.51,34.61,33.15,34.57,53827
20210120,34.77,34.88,34.71,34.88,2941
20210121,34.86,34.97,34.81,34.96,2472
20210122,34.72,34.72,34.55,34.65,2333
20210125,34.78,34.8,34.47,34.72,17265
20210126,34.79,34.79,34.55,34.57,8211
20210127,33.9,34.01,33.63,33.63,3615
20210128,33.83,34.14,33.77,34.14,9130
20210129,33.66,33.66,33.18,33.29,1666
20210201,33.55,33.85,33.55,33.85,6541
20210202,34.06,34.22,34.06,34.22,11102
20210203,34.22,34.22,34.08,34.08,9338
20210204,34.16,34.29,34.03,34.18,57858
20210205,34.51,34.51,34.42,34.48,20095
20210208,34.6,34.77,34.59,34.74,101073
20210209,34.77,35,34.77,34.95,5589
20210210,35.06,35.09,34.85,34.99,22090
20210211,35.06,35.26,35.06,35.23,97133
20210212,35.35,35.48,35.35,35.47,11643
20210216,35.76,35.76,35.49,35.56,44593
20210217,35.3,35.43,35.14,35.4,34755
20210218,35.13,35.16,35.01,35.16,9561
20210219,35.37,35.55,35.37,35.53,1812
20210222,35.11,35.19,34.99,34.99,5809
20210223,34.74,35.06,34.28,34.99,6615
20210224,34.82,35.24,34.82,35.24,8923
20210225,35.22,35.22,34.51,34.51,7762
20210226,34.43,34.54,34.2,34.47,6757
20210301,34.64,35.17,34.64,35.06,24542
20210302,35.02,35.03,34.82,35.03,10132
20210303,34.82,34.82,34.4,34.4,12181
20210304,34.04,34.17,33.69,33.73,4236
20210305,34.06,34.44,33.44,34.41,8253
20210308,34.27,34.48,34.13,34.13,2886
20210309,34.61,34.83,34.61,34.66,2689
20210310,34.78,34.78,34.72,34.72,2524
20210311,35.03,35.28,35.03,35.24,16302
20210312,34.89,35.17,34.88,35.17,5326
20210315,35.11,35.38,35.05,35.38,5292
20210316,35.52,35.58,35.39,35.47,3888
20210317,35.1,35.66,34.98,35.65,11215
20210318,35.41,35.63,35.18,35.18,13701
20210319,35.09,35.5,35.09,35.39,8199
20210322,35.4,35.7,35.4,35.64,5923
20210323,35.45,35.45,35.01,35.07,14407
20210324,34.97,35.19,34.77,34.77,12538
20210325,34.73,35,34.62,35,31019
20210326,35.13,35.75,35.03,35.75,19381
20210329,35.54,35.61,35.42,35.58,10852
20210330,35.43,35.62,35.41,35.62,6885
20210331,35.6,35.84,35.6,35.78,14437
20210401,35.94,36.11,35.94,36.05,7320
20210405,36.39,36.59,36.36,36.59,6868
20210406,36.4,36.57,36.4,36.44,5352
20210407,36.45,36.47,36.29,36.41,33583
20210408,36.57,36.63,36.57,36.62,1043
20210409,36.56,36.81,36.56,36.81,12981
20210412,36.7,36.7,36.55,36.63,4896
20210413,36.61,36.71,36.57,36.71,7866
20210414,36.66,36.78,36.6,36.63,21841
20210415,36.91,37.06,36.91,37.06,6230
20210416,37.14,37.31,37.14,37.26,11855
20210419,37.26,37.31,36.97,37.07,23652
20210420,37.01,37.01,36.65,36.68,8691
20210421,36.7,37.19,36.61,37.15,11065
20210422,37.07,37.19,36.81,36.93,4896
20210423,37.35,37.35,37.31,37.32,934
20210426,37.29,37.41,37.29,37.36,8259
20210427,37.26,37.39,37.26,37.39,6047
20210428,37.31,37.33,37.19,37.32,2973
20210429,37.3,37.38,37.1,37.38,6294
20210430,37.13,37.14,36.77,36.86,12725
20210503,37.03,37.1,36.81,37.1,29652
20210504,36.8,36.83,36.48,36.61,20598
20210505,36.97,37.07,36.85,37.03,6010
20210506,37,37,36.92,36.98,2774
20210507,37.66,37.66,37.59,37.63,1606
20210510,37.58,37.62,37.36,37.36,3317
20210511,36.69,36.96,36.69,36.86,8738
20210512,36.52,36.52,35.98,35.98,3223
20210513,36.46,36.53,36.25,36.53,3620
20210514,36.95,36.99,36.95,36.99,627
20210517,36.79,36.9,36.78,36.87,3002
20210518,37.14,37.14,36.87,36.87,37042
20210519,36.37,36.71,36.27,36.71,10399
20210520,36.92,37.17,36.88,37.17,5196
20210521,37.09,37.17,36.99,37.01,2540
20210524,37.21,37.4,37.21,37.38,4599
20210525,37.44,37.44,37.27,37.27,4380
20210526,37.4,37.44,37.35,37.35,21236
20210527,37.58,37.68,37.55,37.63,11546
20210528,37.71,37.75,37.66,37.68,16545
20210601,37.92,37.92,37.75,37.77,1934
20210602,37.79,37.79,37.73,37.76,1597
20210603,37.55,37.66,37.43,37.58,12349
20210604,37.88,37.97,37.88,37.94,7652
20210607,37.86,37.99,37.82,37.99,20701
20210608,38.01,38.01,37.88,37.95,4847
20210609,37.98,37.98,37.77,37.77,3455
20210610,37.89,37.98,37.84,37.88,16345
20210611,37.85,37.89,37.79,37.89,5648
20210614,37.88,37.91,37.76,37.79,19276
20210615,37.89,37.89,37.75,37.83,16427
20210616,37.82,37.82,37.41,37.51,14525
20210617,37.38,37.42,37,37.3,5320
20210618,36.77,36.78,36.66,36.73,3276
20210621,36.84,37.18,36.8,37.14,25763
20210622,37.15,37.31,37.12,37.23,36315
20210623,37.29,37.35,37.28,37.34,2135
20210624,37.46,37.55,37.42,37.53,16575
20210625,37.62,37.67,37.62,37.63,6331
20210628,37.74,37.74,37.6,37.73,14636
20210629,37.79,37.79,37.75,37.75,400
20210630,37.62,37.65,37.58,37.58,270840
20210701,37.66,37.72,37.57,37.68,50792
20210702,37.77,37.83,37.68,37.83,9406
20210706,37.78,37.78,37.36,37.56,29443
20210707,37.5,37.7,37.5,37.7,1491
20210708,37.18,37.32,37.07,37.14,18858
20210709,37.46,37.79,37.44,37.77,4505
20210712,37.74,37.86,37.67,37.86,13626
20210713,37.83,37.86,37.69,37.69,7496
20210714,37.8,37.85,37.66,37.71,1314
20210715,37.61,37.68,37.45,37.52,7723
20210716,37.48,37.48,37.25,37.25,10145
20210719,36.69,36.76,36.56,36.62,5281
20210720,36.75,37.26,36.72,37.21,26873
20210721,37.44,37.54,37.42,37.54,12941
20210722,37.42,37.48,37.42,37.44,2943
20210723,37.55,37.64,37.4,37.64,2517
20210726,37.64,37.85,37.54,37.61,49867
20210727,37.51,37.51,37.14,37.27,38341
20210728,37.47,37.67,37.45,37.65,9006
20210729,37.72,37.98,37.72,37.95,31835
20210730,37.91,37.91,37.78,37.85,3723
20210802,38.16,38.21,38.05,38.05,18286
20210803,38.05,38.33,37.98,38.33,7998
20210804,38.31,38.38,38.26,38.27,15773
20210805,38.22,38.24,38.07,38.07,13530
20210806,38.16,38.17,38.09,38.15,7645
20210809,38.14,38.19,38.14,38.19,2320
20210810,38.18,38.21,38.12,38.16,6106
20210811,38.31,38.43,38.22,38.43,4847
20210812,38.17,38.21,38.17,38.21,940
20210813,38.35,38.37,38.35,38.37,774
20210816,38.24,38.43,38.14,38.43,12497
20210817,38.17,38.17,37.78,38.03,2630
20210818,38.05,38.12,37.77,37.77,7108
20210819,37.31,37.61,37.28,37.55,10537
20210820,37.4,37.7,37.4,37.65,4394
20210823,37.97,38.08,37.92,38.08,11430
20210824,38.13,38.26,38.13,38.19,4276
20210825,38.29,38.36,38.28,38.28,4282
20210826,38.23,38.23,38.05,38.05,5581
20210827,38.12,38.5,38.12,38.49,2107
20210830,38.59,38.69,38.54,38.55,410466
20210831,38.64,38.66,38.55,38.56,64976
20210901,38.49,38.74,38.49,38.69,3469
20210902,38.8,38.84,38.73,38.79,36569
20210903,38.91,39.03,38.91,39.01,6275
20210907,38.99,38.99,38.76,38.79,65276
20210908,38.66,38.66,38.37,38.54,5633
20210909,38.57,38.72,38.57,38.66,2902
20210910,38.85,39,38.58,38.64,22329
20210913,38.74,38.74,38.46,38.62,10620
20210914,38.61,38.62,38.3,38.31,31247
20210915,38.32,38.64,38.29,38.58,10036
20210916,38.3,38.44,38.2,38.41,12545
20210917,38.24,38.24,37.9,37.97,4290
20210920,37.26,37.27,36.82,37.18,27879
20210921,37.45,37.47,37.23,37.26,4870
20210922,37.45,37.76,37.45,37.66,64317
20210923,37.74,38.05,37.74,37.86,22408
20210924,37.65,37.75,37.65,37.74,11607
20210927,37.6,37.69,37.56,37.62,18726
20210928,37.26,37.26,36.84,36.85,56959
20210929,37,37.04,36.78,36.83,4786
20210930,37,37,36.54,36.74,19209
20211001,36.42,36.69,36.23,36.66,13439
20211004,36.48,36.49,36.06,36.14,5841
20211005,36.35,36.66,36.27,36.43,25703
20211006,36.24,36.35,35.98,36.35,4224
20211007,36.97,37.07,36.93,36.93,4187
20211008,36.88,36.88,36.66,36.76,19591
20211011,36.75,36.75,36.6,36.6,2599
20211012,36.56,36.56,36.44,36.44,2456
20211013,36.55,36.72,36.55,36.59,299559
20211014,36.98,37.18,36.98,37.18,2323
20211015,37.3,37.44,37.3,37.4,4288
20211018,37.14,37.43,37.14,37.35,3558
20211019,37.58,37.73,37.57,37.7,4133
20211020,37.85,37.88,37.79,37.79,4884
20211021,37.77,37.81,37.67,37.8,38996
20211022,38,38.01,37.77,37.78,4846
20211025,37.82,38.03,37.82,37.9,4125
20211026,38.06,38.06,37.75,37.8,3274
20211027,37.71,37.71,37.55,37.56,2160
20211028,37.46,37.71,37.46,37.65,14081
20211029,37.47,37.62,37.47,37.52,25311
20211101,37.69,37.84,37.69,37.79,16308
20211102,37.73,37.76,37.71,37.75,1556
20211103,37.89,37.96,37.81,37.96,1710
20211104,38.16,38.28,38.02,38.26,89844
20211105,38.35,38.4,38.07,38.09,6369
20211108,38.39,38.45,38.33,38.4,5134
20211109,38.32,38.38,38.26,38.35,1753
20211110,38.31,38.33,38.03,38.03,3780
20211111,38.32,38.43,38.32,38.42,22279
20211112,38.59,38.81,38.59,38.79,6302
20211115,38.78,38.81,38.63,38.65,5430
20211116,38.61,38.84,38.61,38.83,5688
20211117,38.54,38.57,38.38,38.39,56014
20211118,38.45,38.45,38.16,38.39,24600
20211119,38.33,38.45,38.23,38.23,5127
20211122,38.38,38.46,38.3,38.42,7144
20211123,38.16,38.17,37.98,38.17,6917
20211124,37.99,38.18,37.94,38.18,3549
20211126,37.5,37.58,37.23,37.34,3893
20211129,37.65,37.72,37.38,37.63,35581
20211130,37.49,37.55,36.89,37.05,10069
20211201,37.51,37.7,36.97,36.97,22379
20211202,37.3,37.47,37.12,37.46,4454
20211203,37.54,37.55,36.96,37.23,33911
20211206,37.31,37.59,37.25,37.46,17921
20211207,38.05,38.37,38.05,38.29,21598
20211208,38.33,38.35,38.2,38.34,7942
20211209,38.17,38.21,38.08,38.1,1647
20211210,38.21,38.27,38.07,38.18,9273
20211213,38.21,38.23,37.92,37.95,8203
20211214,37.73,37.73,37.56,37.7227,3789
20211215,37.68,38.17,37.6,38.17,9005
20211216,38.43,38.43,37.9119,38.035,8811
20211217,37.84,38.05,37.74,37.82,30189
20211220,37.3556,37.47,37.0865,37.45,44395
20211221,37.71,38.06,37.68,38.06,43182
20211222,38.015,38.39,38.015,38.39,3104
20211223,38.55,38.71,38.53,38.68,39449
20211227,38.68,39.135,38.68,39.12,13383
20211228,39.23,39.255,39.1,39.1,9519
20211229,39.24,39.34,39.18,39.26,9804
20211230,39.33,39.43,39.24,39.25,15068
20211231,39.2,39.3399,39.2,39.291,2594
20220103,39.32,39.37,39.08,39.19,50394
20220104,39.33,39.45,39.2056,39.37,19198
20220105,39.45,39.58,38.931,38.97,6287
20220106,38.83,39.015,38.68,38.8,28699
20220107,38.87,38.901,38.6,38.76,22575
20220110,38.52,38.69,38.15,38.69,9134
20220111,38.73,39.1,38.52,39.09,38935
20220112,39.3119,39.35,39.1941,39.23,4298
20220113,39.36,39.45,38.96,38.97,7709
20220114,38.74,38.87,38.59,38.78,29600
20220118,38.48,38.48,38.2,38.31,33750
20220119,38.43,38.44,37.96,37.96,17212
20220120,38.11,38.35,37.59,37.59,23828
20220121,37.39,37.47,36.92,36.92,64287
20220124,36.37,36.83,35.7,36.83,10744
20220125,36.57,36.89,36.27,36.58,5092
20220126,36.96,36.96,36.1,36.32,7593
20220127,36.53,36.64,35.8,35.99,15294
20220128,35.93,36.32,35.57,36.31,24607
20220131,36.38,36.9999,36.38,36.9999,3397
20220201,37.13,37.191,36.825,37.191,17133
20220202,37.44,37.64,37.34,37.63,5468
20220203,37.23,37.49,36.89,36.89,344562
20220204,36.79,37.14,36.66,37.14,4817
20220207,36.93,37.21,36.93,37.01,20795
20220208,37.04,37.43,37.01,37.43,17412
20220209,37.73,38,37.73,37.93,2318
20220210,37.63,38.17,37.3801,37.3801,2898
20220211,37.63,37.67,36.915,37,8773
20220214,36.87,36.87,36.56,36.73,9084
20220215,37.09,37.33,37.09,37.33,2765
20220216,37.21,37.5239,37.195,37.495,10693
20220217,37.27,37.34,36.8872,36.9948,20771
20220218,36.87,36.93,36.6099,36.72,7549
