Date,Open,High,Low,Close,Volume
20210701,50.07,50.07,49.98,49.99,2251
20210702,49.98,49.98,49.98,49.98,100
20210707,50.185,50.185,50.185,50.185,1
20210709,50.04,50.04,50.01,50.01,300
20210712,50.04,50.04,50.04,50.04,1
20210713,49.92,49.92,49.92,49.92,1
20210714,50.085,50.085,50.085,50.085,2
20210720,50.235,50.235,50.235,50.235,2
20210721,50.11,50.12,50.03,50.03,394
20210722,50.23,50.26,50.165,50.165,600
20210723,50.26,50.26,50.225,50.225,200
20210727,49.875,49.875,49.875,49.875,2
20210729,50.03,50.03,50.03,50.03,1
20210730,50.165,50.165,50.165,50.165,1
20210802,50.1205,50.1205,50.1205,50.1205,601387
20210803,50.045,50.045,50.045,50.045,1401
20210804,50.057,50.057,50.057,50.057,10
20210806,49.8063,49.8063,49.8063,49.8063,1
20210809,49.67,49.67,49.67,49.67,16
20210810,49.6968,49.6968,49.6968,49.6968,3
20210811,49.775,49.775,49.775,49.775,2
20210812,49.8,49.8,49.8,49.8,1
20210816,50.03,50.03,50.03,50.03,2
20210817,49.92,49.92,49.92,49.92,1
20210823,49.97,49.97,49.97,49.97,8
20210826,49.89,49.89,49.89,49.89,40
20210831,50.09,50.285,50.09,50.285,600
20210902,50.2384,50.2384,50.2384,50.2384,20
20210908,50.23,50.23,50.23,50.23,1
20210909,50.28,50.28,50.28,50.28,1
20210913,50.2335,50.2335,50.2335,50.2335,1
20210915,50.27,50.27,50.27,50.27,1
20210916,50.125,50.125,50.125,50.125,1
20210917,49.995,49.995,49.995,49.995,5
20210922,49.915,49.915,49.915,49.915,69
20210923,49.87,49.87,49.61,49.61,12003
20210927,49.3338,49.3338,49.3338,49.3338,1
20210928,49.1876,49.1876,49.145,49.145,1076
20210929,49.355,49.355,49.2,49.2,1728
20210930,49.17,49.17,49.165,49.165,200
20211004,48.89,48.89,48.83,48.83,200
20211005,48.8,48.8,48.8,48.8,1
20211006,48.69,48.69,48.69,48.69,1
20211007,48.79,48.79,48.79,48.79,1
20211008,48.6694,48.6694,48.6694,48.6694,2
20211011,48.54,48.5479,48.54,48.5479,201
20211013,48.86,48.9281,48.86,48.9281,51416
20211021,48.84,48.84,48.735,48.735,51172
20211025,48.8945,48.8999,48.8945,48.8999,100
20211027,49.25,49.25,49.25,49.25,2
20211101,48.76,48.76,48.76,48.76,5
20211102,48.835,48.835,48.835,48.835,3
20211103,48.68,48.68,48.68,48.68,4
20211104,49.01,49.04,48.965,48.965,6238
20211105,49.26,49.26,49.26,49.26,165
20211108,49.23,49.23,49.23,49.23,6
20211110,48.65,48.65,48.63,48.632,2601
20211111,48.82,48.83,48.7,48.7,327
20211112,48.82,48.82,48.76,48.7765,3521
20211115,48.7,48.7,48.7,48.7,3
20211116,48.5733,48.5733,48.5733,48.5733,5
20211117,48.61,48.61,48.61,48.61,2
20211119,48.75,48.75,48.75,48.75,5
20211122,48.29,48.29,48.29,48.29,2
20211123,48.05,48.05,48.05,48.05,53
20211124,48.1011,48.1011,48.1011,48.1011,35
20211126,47.58,47.58,47.58,47.58,34
20211129,47.98,48.08,47.97,47.97,6501
20211130,47.99,48,47.9782,47.9782,9233
20211201,48,48.01,47.98,47.98,2004
20211202,48.205,48.205,48.205,48.205,4
20211203,48.32,48.32,48.32,48.32,3
20211206,48.34,48.34,48.34,48.34,1
20211207,48.565,48.565,48.565,48.565,4
20211208,48.51,48.51,48.51,48.51,2
20211209,48.39,48.49,48.39,48.49,102
20211210,48.505,48.505,48.505,48.505,82
20211213,48.71,48.71,48.71,48.71,3
20211214,48.6,48.611,48.6,48.611,51706
20211215,48.46,48.46,48.46,48.46,100
20211217,48.255,48.255,48.255,48.255,9
20211220,47.976,47.976,47.976,47.976,14
20211221,48.1473,48.1473,48.1473,48.1473,28
20211222,48.2505,48.2505,48.2505,48.2505,30
20211223,48.2837,48.2837,48.2837,48.2837,31
20211227,48.3605,48.3605,48.3605,48.3605,571
20211228,48.4,48.42,48.3438,48.3438,2001
20211229,48.3042,48.3042,48.3042,48.3042,4
20211231,48.5044,48.5044,48.5044,48.5044,25
20220104,48.07,48.07,48.01,48.0559,4326
20220105,47.6392,47.6392,47.6392,47.6392,48
20220106,47.69,47.7272,47.67,47.7272,2036
20220107,47.6607,47.6607,47.6607,47.6607,25
20220110,47.58,47.58,47.58,47.58,2
20220111,47.5807,47.5807,47.5807,47.5807,18
20220113,47.375,47.375,47.3658,47.3658,241
20220114,47,47.02,46.9399,46.9399,1449
20220118,46.545,46.545,46.545,46.545,72
20220119,46.79,46.79,46.7489,46.7489,204
20220121,47.015,47.015,47.015,47.015,3
20220124,46.6703,46.6703,46.6703,46.6703,33
20220125,46.7267,46.7267,46.7267,46.7267,77
20220126,46.5644,46.5644,46.5644,46.5644,2
20220127,46.7754,46.7754,46.7754,46.7754,74
20220128,46.8627,46.8627,46.8627,46.8627,44
20220131,46.8502,46.8502,46.8502,46.8502,1
20220202,47.0395,47.0395,47.0395,47.0395,6
20220203,46.76,46.76,46.7,46.7,401
20220204,46.4851,46.4851,46.4851,46.4851,1
20220207,46.5142,46.5142,46.5142,46.5142,6
20220208,46.355,46.355,46.355,46.355,9
20220209,46.4501,46.4501,46.4501,46.4501,2
20220210,46.23,46.23,45.8499,45.8499,100
20220211,45.5771,45.5771,45.5771,45.5771,2
20220214,45.78,45.84,45.68,45.68,2800
20220215,46.015,46.015,46.015,46.015,200
20220218,45.895,45.895,45.895,45.895,200
