Date,Open,High,Low,Close,Volume
20140311,19.645,19.645,19.331,19.331,1325
20140312,19.36,19.468,19.36,19.468,1018
20140313,19.821,19.821,19.085,19.164,8763
20140314,19.242,19.252,19.168,19.168,1113954
20140317,19.409,19.409,19.311,19.311,8292
20140318,19.301,19.507,19.252,19.468,42462
20140319,19.664,19.664,19.34,19.439,74503
20140320,19.537,19.537,19.419,19.468,45161
20140321,19.596,19.684,19.488,19.527,16967
20140324,19.733,19.743,19.213,19.321,61125
20140325,19.478,19.497,19.316,19.37,4718
20140326,19.547,19.547,19.046,19.056,38952
20140327,18.957,19.016,18.8,18.842,21919
20140328,19.085,19.144,18.879,18.908,37754
20140331,19.124,19.311,19.117,19.252,9868
20140401,19.301,19.458,19.292,19.439,13674
20140402,19.497,19.586,19.47,19.576,28041
20140403,19.507,19.537,19.37,19.458,47289
20140404,19.645,19.645,19.016,19.056,30460
20140407,19.154,19.154,18.557,18.631,17242
20140408,18.781,18.906,18.702,18.82,13184
20140409,19.056,19.095,18.85,19.095,38163
20140410,19.075,19.095,18.618,18.702,68091
20140411,18.83,18.83,18.496,18.545,108749
20140414,18.899,18.899,18.408,18.545,12510
20140415,18.702,18.742,18.231,18.584,51249
20140416,18.81,18.81,18.624,18.781,14798
20140417,18.84,19.016,18.791,18.977,78689
20140421,19.011,19.016,18.899,19.003,8985
20140422,19.046,19.272,19.046,19.232,7468
20140423,19.36,19.36,19.105,19.144,19242
20140424,19.242,19.242,19.056,19.162,21651
20140425,18.958,18.997,18.801,18.85,19443
20140428,18.932,18.948,18.535,18.761,27863
20140429,18.928,18.977,18.67,18.711,48670
20140430,18.692,18.828,18.663,18.82,8532
20140501,18.997,18.997,18.516,18.65,136680
20140502,18.85,18.899,18.761,18.761,21539
20140505,18.521,18.624,18.521,18.624,10545
20140506,18.555,18.584,18.329,18.378,22415
20140507,18.506,18.506,18.22,18.378,21953
20140508,18.359,18.427,18.015,18.094,20659
20140509,18.211,18.3,17.976,18.3,44356
20140512,18.427,18.82,18.427,18.8,48670
20140513,18.81,18.84,18.614,18.643,46005
20140514,18.467,18.467,18.202,18.241,30598
20140515,18.712,18.712,17.838,18.064,24982
20140516,18.29,18.29,17.897,18.182,29823
20140519,18.162,18.408,18.162,18.408,23791
20140520,18.368,18.506,18.005,18.094,22824
20140521,18.133,18.172,18.005,18.152,10356
20140522,18.27,18.28,18.103,18.211,35216
20140523,18.211,18.467,18.211,18.462,10170
20140527,18.663,18.899,18.663,18.791,23386
20140528,18.918,18.918,18.653,18.722,41817
20140529,18.702,18.732,18.575,18.634,16139
20140530,18.683,18.712,18.535,18.575,89854
20140602,18.3,18.476,18.28,18.408,6404
20140603,18.467,18.859,18.26,18.329,5261
20140604,18.28,18.352,18.221,18.251,22620
20140605,18.395,18.732,18.38,18.732,18048
20140606,18.987,19.046,18.908,19.046,46929
20140609,18.977,19.262,18.977,19.262,14822
20140610,19.331,19.331,19.134,19.203,29549
20140611,19.242,19.242,18.938,18.977,7426
20140612,18.83,18.889,18.683,18.722,22437
20140613,18.771,18.81,18.643,18.673,17938
20140616,18.535,18.663,18.526,18.653,10332
20140617,18.751,18.859,18.555,18.767,16459
20140618,18.84,18.885,18.693,18.885,9208
20140619,18.83,18.967,18.83,18.967,12478
20140620,19.044,19.046,18.96,19.007,20501
20140623,19.164,19.164,18.859,18.918,21766
20140624,19.007,19.065,18.769,18.769,12952
20140625,18.692,18.859,18.673,18.85,8774
20140626,19.056,19.056,18.791,18.82,12337
20140627,18.928,18.977,18.928,18.967,6835
20140630,18.928,19.065,18.928,19.056,21048
20140701,19.242,19.34,19.242,19.242,11380
20140702,19.37,19.37,19.203,19.223,16423
20140703,19.242,19.448,19.242,19.408,11160
20140707,19.507,19.507,19.016,19.016,12271
20140708,18.85,18.928,18.771,18.889,33599
20140709,18.918,18.957,18.771,18.771,30008
20140710,18.496,18.572,18.467,18.506,8082
20140711,18.447,18.467,18.427,18.427,3029
20140714,18.634,18.643,18.575,18.575,7010
20140715,18.751,18.751,18.388,18.437,9912
20140716,18.673,18.673,18.378,18.378,82257
20140717,18.437,18.437,18.06,18.143,43881
20140718,18.143,18.359,18.143,18.349,17539
20140721,18.162,18.251,18.123,18.231,10877
20140722,18.323,18.459,18.319,18.407,23814
20140723,18.408,18.496,18.329,18.339,10976
20140724,18.437,18.437,18.251,18.26,4994
20140725,18.084,18.162,18.054,18.084,11711
20140728,17.917,17.946,17.799,17.858,23967
20140729,17.977,17.977,17.809,17.824,19248
20140730,17.848,17.887,17.799,17.878,15634
20140731,17.878,17.887,17.367,17.406,28320
20140801,17.573,17.573,17.2,17.318,166269
20140804,17.701,17.75,17.484,17.739,15981
20140805,17.593,17.946,17.593,17.784,5621
20140806,17.789,17.976,17.691,17.897,13515
20140807,18.044,18.044,17.76,17.838,242944
20140808,17.976,18.103,17.829,18.103,81551
20140811,18.162,18.468,18.162,18.339,12008
20140812,18.349,18.378,18.113,18.215,99266
20140813,18.212,18.388,18.212,18.33,9532
20140814,18.3,18.427,18.3,18.427,23872
20140815,18.565,18.575,18.251,18.388,60905
20140818,18.722,18.732,18.594,18.693,91947
20140819,18.879,18.879,18.742,18.751,576470
20140820,18.742,18.742,18.614,18.663,16912
20140821,18.584,18.781,18.457,18.751,8789
20140822,18.692,18.781,18.639,18.751,7956
20140825,18.869,18.967,18.81,18.869,25038
20140826,18.869,19.105,18.869,19.075,94370
20140827,19.115,19.124,18.967,19.046,31993
20140828,18.987,18.987,18.899,18.948,55789
20140829,19.026,19.026,18.909,18.987,1967
20140902,19.046,19.252,19.046,19.213,65809
20140903,19.331,19.331,19.065,19.075,11906
20140904,19.291,19.291,19.046,19.046,41186
20140905,19.036,19.105,18.987,19.105,558769
20140908,19.174,19.252,19.124,19.144,18965
20140909,19.043,19.07,18.967,18.987,3744
20140910,19.026,19.105,18.928,19.085,25517
20140911,19.124,19.232,19.047,19.229,28076
20140912,19.154,19.163,18.97,19.017,17899
20140915,18.979,18.979,18.771,18.83,10121
20140916,18.957,18.957,18.706,18.859,17887
20140917,18.958,19.065,18.859,18.949,25773
20140918,18.997,19.085,18.987,19.065,11629
20140919,19.183,19.183,18.83,18.869,48313
20140922,18.663,18.663,18.604,18.634,5590
20140923,18.52,18.64,18.454,18.532,14255
20140924,18.415,18.523,18.401,18.503,7249
20140925,18.483,18.483,18.199,18.199,28527
20140926,18.346,18.346,18.248,18.336,15266
20140929,18.136,18.297,18.136,18.258,9826
20140930,18.12,18.252,18.025,18.025,32898
20141001,17.766,17.923,17.688,17.727,274120
20141002,17.57,17.894,17.57,17.786,461028
20141003,17.894,17.973,17.786,17.786,17510
20141006,17.874,17.874,17.639,17.688,14281
20141007,17.482,17.582,17.384,17.384,9669
20141008,17.324,17.698,17.187,17.698,82333
20141009,17.54,17.54,17.089,17.1,21552
20141010,17.02,17.167,16.882,16.892,40721
20141013,16.932,17.069,16.755,16.784,382011
20141014,17.717,17.717,16.842,16.921,71611
20141015,16.696,17.089,16.323,17.089,91984
20141016,17.069,17.432,16.794,17.393,304075
20141017,17.599,17.648,17.383,17.413,46169
20141020,17.364,17.383,17.197,17.236,25909
20141021,17.482,17.795,17.432,17.766,23353
20141022,17.963,17.963,17.501,17.501,36002
20141023,17.766,18.061,17.668,17.874,40551
20141024,17.855,17.982,17.855,17.982,17071
20141027,17.933,17.933,17.678,17.825,26580
20141028,17.884,18.581,17.884,18.532,50003
20141029,18.697,18.697,18.326,18.444,24031
20141030,18.503,18.64,18.208,18.503,25732
20141031,18.689,18.955,18.689,18.906,78396
20141103,18.798,18.915,18.69,18.729,31476
20141104,18.748,18.748,18.538,18.64,62573
20141105,18.837,18.837,18.503,18.523,26786
20141106,18.434,18.719,18.434,18.69,16837
20141107,18.866,18.876,18.739,18.827,9900
20141110,19.004,19.004,18.67,18.778,56579
20141111,18.748,18.748,18.64,18.739,48445
20141112,18.66,18.788,18.63,18.788,21224
20141113,18.856,18.856,18.454,18.456,27858
20141114,18.65,18.65,18.336,18.483,12753
20141117,18.562,18.562,18.248,18.248,27714
20141118,18.444,18.523,18.395,18.415,19860
20141119,18.523,18.523,18.091,18.11,82720
20141120,18.09,18.365,17.874,18.365,20776
20141121,18.591,18.719,18.336,18.365,95714
20141124,18.523,18.542,18.415,18.542,24648
20141125,18.67,18.758,18.601,18.758,489327
20141126,18.915,18.915,18.655,18.709,155183
20141128,18.896,18.896,17.992,17.992,9362
20141201,17.727,17.727,17.216,17.344,267700
20141202,17.266,17.776,17.256,17.678,72308
20141203,17.599,18.11,17.599,18.041,78081
20141204,17.973,18.13,17.865,17.933,34500
20141205,18.12,18.178,17.963,18.081,96814
20141208,17.943,18.061,17.609,17.609,23211
20141209,17.52,17.973,17.423,17.973,30732
20141210,17.57,17.855,17.275,17.305,35924
20141211,17.442,17.609,17.138,17.138,73918
20141212,16.598,16.971,16.46,16.814,27848
20141215,16.941,17.027,16.548,16.686,15055
20141216,16.608,17.01,15.753,16.666,42409
20141217,16.323,17.256,16.323,17.214,76858
20141218,17.433,17.619,17.339,17.57,58141
20141219,17.688,17.688,17.482,17.59,9709
20141222,17.855,17.855,17.619,17.835,70850
20141223,17.786,18.17,17.786,18.091,51414
20141224,18.022,18.17,18.022,18.091,16956
20141226,18.032,18.288,18.032,18.189,20331
20141229,18.15,18.376,18.15,18.248,31578
20141230,18.16,18.268,18.16,18.189,237144
20141231,18.141,18.288,18.063,18.071,15747
20150102,17.983,18.032,17.71,17.894,12022
20150105,17.678,17.889,17.487,17.501,31001
20150106,17.52,17.52,16.979,17.156,59952
20150107,17.274,17.304,17.088,17.196,22171
20150108,17.412,17.569,17.353,17.518,20176
20150109,17.461,17.569,17.235,17.235,4954
20150112,17.294,17.442,16.846,16.891,39529
20150113,17.019,17.304,16.665,16.861,41790
20150114,16.596,16.743,16.456,16.664,53366
20150115,16.714,16.714,16.3,16.32,88651
20150116,16.34,16.625,16.306,16.625,113205
20150120,16.714,16.714,16.192,16.281,151391
20150121,16.241,16.428,16.241,16.379,92934
20150122,16.477,16.773,16.369,16.743,257050
20150123,16.723,16.812,16.635,16.743,70874
20150126,16.842,17.028,16.675,16.989,53832
20150127,16.802,16.901,16.625,16.822,74822
20150128,16.999,16.999,16.448,16.478,30724
20150129,16.586,16.812,16.458,16.782,76644
20150130,16.655,16.655,16.369,16.411,41024
20150202,16.448,16.95,16.448,16.95,73519
20150203,17.147,17.56,17.147,17.56,53209
20150204,17.353,17.353,17.038,17.068,24986
20150205,17.224,17.451,17.224,17.431,30765
20150206,17.412,17.668,17.412,17.501,29701
20150209,17.619,17.796,17.383,17.636,33558
20150210,17.678,17.678,17.422,17.54,26271
20150211,17.588,17.588,17.387,17.51,20628
20150212,17.619,17.678,17.589,17.648,24241
20150213,17.806,17.904,17.678,17.875,50867
20150217,17.924,17.963,17.74,17.796,21417
20150218,17.756,17.973,17.756,17.914,24261
20150219,17.806,17.894,17.707,17.806,14826
20150220,17.638,17.845,17.638,17.83,20665
20150223,17.698,17.782,17.66,17.767,9780
20150224,17.953,18.042,17.875,17.943,19888
20150225,18.14,18.14,18.012,18.14,25190
20150226,18.13,18.15,18.022,18.13,22889
20150227,18.081,18.219,18.052,18.17,15186
20150302,18.081,18.307,18.081,18.268,19272
20150303,18.228,18.228,18.091,18.111,10959
20150304,18.033,18.033,17.815,17.933,597116
20150305,17.876,18.002,17.876,18.002,330286
20150306,17.94,17.992,17.727,17.766,240598
20150309,17.835,17.865,17.806,17.825,10881
20150310,17.52,17.589,17.461,17.481,27932
20150311,17.491,17.524,17.423,17.511,24258
20150312,17.717,18.014,17.717,17.993,26741
20150313,17.816,17.904,17.707,17.874,24143
20150316,17.933,17.933,17.865,17.874,27499
20150317,17.933,18.022,17.894,18.022,6120
20150318,17.937,18.14,17.875,18.13,13452
20150319,18.061,18.111,17.992,18.051,480781
20150320,18.307,18.307,18.119,18.298,283198
20150323,18.295,18.474,18.295,18.455,7573
20150324,18.395,18.409,18.378,18.409,5992
20150325,18.347,18.347,18.15,18.199,7620
20150326,18.111,18.248,18.111,18.17,38491
20150327,18.239,18.317,18.209,18.297,6716
20150330,18.525,18.72,18.524,18.72,33955
20150331,18.524,18.685,18.524,18.681,4065
20150401,18.72,18.766,18.582,18.646,9710
20150402,18.829,18.829,18.713,18.77,6580
20150406,18.721,18.799,18.711,18.77,12018
20150407,18.8,18.908,18.78,18.78,12436
20150408,18.76,18.809,18.702,18.809,2600
20150409,18.878,18.878,18.652,18.683,4000
20150410,18.74,18.74,18.615,18.652,12340
20150413,18.73,18.779,18.691,18.703,3055
20150414,18.807,18.807,18.652,18.78,14229
20150415,18.962,19.202,18.962,19.191,6920
20150416,18.985,18.985,18.871,18.871,1029
20150417,18.642,18.642,18.475,18.494,4288
20150420,18.77,18.77,18.514,18.534,6608
20150421,18.415,18.543,18.415,18.514,8992
20150422,18.407,18.563,18.396,18.484,2777
20150423,18.482,18.612,18.465,18.563,10338
20150424,18.445,18.459,18.386,18.416,217605
20150427,18.415,18.634,18.277,18.277,86564
20150428,18.415,18.484,18.337,18.434,10373
20150429,18.298,18.445,18.298,18.337,6022
20150430,17.983,18.071,17.783,17.835,27333
20150501,18.061,18.061,17.796,17.914,9118
20150504,18.091,18.101,18.003,18.042,11013
20150505,17.99,18.002,17.786,17.865,15364
20150506,17.995,17.995,17.796,17.923,22911
20150507,17.678,18.14,17.678,17.835,4345
20150508,17.953,17.953,17.845,17.904,7103
20150511,17.924,18.081,17.924,17.973,18547
20150512,17.609,17.835,17.609,17.815,4092
20150513,17.88,17.884,17.776,17.884,8202
20150514,18.003,18.111,17.993,18.062,5421
20150515,18.022,18.101,17.943,18.082,13156
20150518,18.033,18.155,17.953,18.15,22248
20150519,18.189,18.189,18.012,18.052,5689
20150520,18.032,18.307,18.032,18.307,17825
20150521,18.317,18.376,18.295,18.307,3311
20150522,18.19,18.212,18.101,18.101,3921
20150526,17.815,17.874,17.766,17.845,25207
20150527,17.776,18.022,17.776,18.022,21963
20150528,17.961,17.964,17.845,17.913,17861
20150529,17.835,17.854,17.746,17.835,4622
20150601,17.943,17.983,17.697,17.953,6984
20150602,17.955,18.16,17.955,18.081,20320
20150603,18.16,18.372,18.141,18.337,4373
20150604,18.248,18.248,18.091,18.097,15982
20150605,18.022,18.174,18.022,18.16,6158
20150608,18.238,18.238,18.16,18.16,3039
20150609,18.209,18.209,18.071,18.081,3982
20150610,18.189,18.484,18.189,18.356,3383
20150611,18.425,18.425,18.386,18.406,3218
20150612,18.297,18.425,18.297,18.376,76055
20150615,18.14,18.219,18.14,18.219,16752
20150616,18.209,18.347,18.209,18.347,2743
20150617,18.268,18.268,18.238,18.268,773
20150618,18.349,18.395,18.337,18.366,10664
20150619,18.347,18.513,18.347,18.513,15003
20150622,18.514,18.543,18.474,18.524,11279
20150623,18.524,18.584,18.514,18.584,8170
20150624,18.567,18.567,18.291,18.36,8713
20150625,18.25,18.272,18.25,18.272,1591
20150626,18.289,18.34,18.262,18.311,5965
20150629,18.163,18.178,17.907,17.956,3050
20150630,18.124,18.124,17.904,17.907,3203
20150701,17.858,18.153,17.858,18.104,21146
20150702,18.124,18.124,17.906,17.947,3708
20150706,17.76,17.868,17.74,17.824,7825
20150707,18.104,18.104,17.553,17.829,10319
20150708,17.543,17.579,17.518,17.553,3370
20150709,17.622,17.622,17.494,17.518,3172
20150710,17.681,17.76,17.651,17.76,6269
20150713,17.799,17.947,17.799,17.917,14319
20150714,17.947,18.01,17.947,17.996,22149
20150715,17.868,17.868,17.592,17.592,4530
20150716,17.708,17.834,17.677,17.701,6332
20150717,17.658,17.72,17.641,17.7,9639
20150720,17.74,17.74,17.533,17.573,6003
20150721,17.504,17.569,17.504,17.524,6745
20150722,17.498,17.514,17.435,17.474,79663
20150723,17.297,17.413,17.139,17.188,51300
20150724,17.1,17.1,16.756,16.815,93258
20150727,16.834,16.834,16.608,16.667,57400
20150728,16.637,16.844,16.549,16.775,69659
20150729,16.696,17.051,16.696,17.041,18435
20150730,16.854,17.12,16.854,17.041,22815
20150731,17.287,17.287,17.021,17.199,56542
20150803,17.287,17.287,16.913,16.943,43737
20150804,16.943,16.967,16.775,16.844,24321
20150805,16.997,16.997,16.707,16.756,9250
20150806,16.712,16.854,16.706,16.775,73760
20150807,16.805,16.805,16.559,16.578,17563
20150810,16.746,16.882,16.746,16.864,28772
20150811,16.739,16.769,16.578,16.667,30450
20150812,16.582,16.761,16.441,16.761,5988
20150813,16.726,16.816,16.726,16.795,5777
20150814,16.805,16.834,16.756,16.805,51817
20150817,16.687,16.864,16.667,16.834,36962
20150818,16.854,16.854,16.628,16.667,3861
20150819,16.578,16.611,16.465,16.539,4675
20150820,16.352,16.352,16.135,16.135,5470
20150821,16.086,16.116,15.978,16.027,9761
20150824,15.23,15.929,14.718,15.554,7771
20150825,16.273,16.273,15.239,15.278,10547
20150826,15.377,15.466,15.358,15.466,4992
20150827,15.643,15.958,15.643,15.84,27504
20150828,16.027,16.165,16.027,16.135,2672
20150831,16.106,16.411,16.096,16.381,19383
20150901,16.185,16.283,15.899,15.899,10084
20150902,16.125,16.125,15.892,16.027,19562
20150903,16.154,16.194,16.126,16.126,1507
20150904,16.066,16.072,16.017,16.017,8199
20150908,16.706,16.706,16.273,16.313,3319
20150909,16.303,16.431,16.263,16.283,11511
20150910,16.057,16.204,16.057,16.155,2310
20150911,16.017,16.135,15.919,16.135,63125
20150914,16.135,16.135,16.017,16.037,35681
20150915,16.037,16.268,16.037,16.244,75913
20150916,16.325,16.441,16.325,16.421,24177
20150917,16.437,16.559,16.332,16.332,3082
20150918,16.135,16.155,15.959,15.959,10312
20150921,15.998,16.108,15.899,15.948,37955
20150922,15.751,15.761,15.594,15.633,28726
20150923,15.701,15.701,15.376,15.415,27201
20150924,15.268,15.376,15.169,15.346,30902
20150925,15.376,15.376,15.208,15.208,33382
20150928,15.08,15.08,14.972,14.972,13573
20150929,14.893,14.893,14.73,14.814,18991
20150930,14.883,15.07,14.883,15.07,8894
20151001,14.923,14.923,14.765,14.863,6895
20151002,14.754,15.11,14.754,15.11,6079
20151005,15.198,15.766,15.198,15.76,18762
20151006,15.869,15.938,15.79,15.82,31280
20151007,16.165,16.19,15.879,16.111,24912
20151008,16.105,16.677,16.105,16.677,21162
20151009,16.716,16.756,16.698,16.716,12589
20151012,16.72,16.72,16.519,16.559,49001
20151013,16.46,16.59,16.341,16.341,8845
20151014,16.44,16.44,16.115,16.115,11371
20151015,16.184,16.401,16.072,16.401,8819
20151016,16.202,16.202,15.84,15.948,10917
20151019,15.898,15.912,15.829,15.849,8161
20151020,15.925,16.105,15.925,16.01,14988
20151021,16.115,16.115,15.839,15.839,23151
20151022,15.908,16.273,15.908,16.165,7693
20151023,16.401,16.401,16.381,16.401,1910
20151026,16.401,16.426,16.269,16.269,2538
20151027,16.145,16.145,15.839,15.886,7102
20151028,16.352,16.44,16.119,16.44,11765
20151029,16.46,16.529,16.431,16.479,3224
20151030,16.628,16.628,16.519,16.519,1167
20151102,16.647,16.904,16.588,16.899,8945
20151103,16.854,17.022,16.854,16.992,30221
20151104,17.012,17.012,16.884,16.884,3057
20151105,16.856,17.024,16.856,16.993,4044
20151106,16.751,16.992,16.747,16.992,4322
20151109,16.756,16.756,16.689,16.736,1938
20151110,16.805,16.882,16.805,16.85,2415
20151111,16.893,16.953,16.771,16.904,7910
20151112,16.662,16.662,16.48,16.5,4172
20151113,16.362,16.707,16.362,16.541,4631
20151116,16.657,16.785,16.657,16.766,15845
20151117,16.726,16.795,16.677,16.677,3618
20151118,16.815,17.061,16.815,17.061,6466
20151119,17.052,17.052,17.013,17.013,2066
20151120,17.2,17.214,17.141,17.141,5852
20151123,17.134,17.19,17.091,17.121,35628
20151124,17.092,17.414,17.082,17.407,4011
20151125,17.456,17.456,17.456,17.456,101
20151127,17.515,17.515,17.515,17.515,101
20151130,17.712,17.761,17.712,17.716,3526
20151201,17.771,17.84,17.702,17.84,10625
20151202,17.885,17.925,17.624,17.654,5948
20151203,17.692,17.791,17.475,17.49,1358
20151204,17.426,17.584,17.426,17.574,149319
20151207,17.272,17.272,17.101,17.113,3102
20151208,16.854,16.973,16.805,16.845,16269
20151209,16.973,17.004,16.677,16.717,10994
20151210,16.805,16.825,16.805,16.815,2507
20151211,16.47,16.47,16.303,16.303,1880
20151214,16.273,16.273,16.165,16.184,3137
20151215,16.322,16.353,16.322,16.353,4884
20151216,16.519,16.697,16.47,16.667,7257
20151217,16.697,16.697,16.44,16.45,4813
20151218,16.243,16.357,16.165,16.165,4271
20151221,16.115,16.238,16.046,16.056,67703
20151222,16.155,16.332,16.086,16.312,14432
20151223,16.535,16.714,16.535,16.714,8265
20151224,16.713,16.772,16.713,16.742,944
20151228,16.703,16.703,16.485,16.594,17734
20151229,16.595,16.693,16.545,16.673,76856
20151230,16.658,16.658,16.555,16.574,6283
20151231,16.466,16.466,16.377,16.406,22649
20160104,15.795,15.971,15.795,15.971,1420
20160105,15.853,15.962,15.823,15.962,5765
20160106,15.754,15.939,15.754,15.804,151778
20160107,15.491,15.492,15.2,15.2,11186
20160108,15.309,15.312,15.102,15.205,1770
20160111,15.121,15.141,14.795,14.963,7048
20160112,15.102,15.102,14.786,14.964,15038
20160113,14.985,15.032,14.449,14.479,21480
20160114,14.647,14.822,14.548,14.736,1681
20160115,14.312,14.509,14.163,14.439,2905
20160119,14.647,14.647,14.04,14.242,3298
20160120,13.65,14.321,13.609,14.251,197040
20160121,14.339,14.402,14.207,14.291,5960
20160122,14.499,14.706,14.41,14.413,4446
20160126,14.262,14.36,14.242,14.36,3016
20160127,14.37,14.528,14.271,14.291,7536
20160128,14.044,14.509,14.044,14.39,10840
20160129,14.578,15.013,14.578,15.013,6740
20160201,14.914,14.983,14.776,14.983,4086
20160202,14.736,14.736,14.548,14.548,14521
20160203,14.609,14.644,14.609,14.644,2479
20160204,14.993,14.993,14.815,14.815,3544
20160205,14.766,14.795,14.578,14.598,33701
20160208,14.183,14.192,14.173,14.192,1177
20160209,14.074,14.153,14.074,14.103,12964
20160210,14.321,14.33,14.188,14.188,4595
20160211,13.698,13.995,13.698,13.995,21778
20160212,14.252,14.341,14.074,14.222,13663
20160216,14.499,14.538,14.459,14.529,16385
20160217,14.815,14.816,14.815,14.816,202
20160218,14.776,14.825,14.687,14.795,3113
20160219,14.696,14.756,14.637,14.736,2841
20160222,14.963,15.023,14.963,15.013,4352
20160223,14.914,14.914,14.805,14.805,269
20160224,14.627,14.776,14.538,14.776,1000
20160225,15.161,15.26,15.072,15.26,59764
20160226,15.457,15.556,15.408,15.546,10074
20160229,15.675,15.75,15.596,15.596,3195
20160301,15.706,15.971,15.706,15.971,4086
20160302,15.96,16.051,15.96,16.011,3611
20160303,16.05,16.258,16.05,16.258,3159
20160304,16.605,16.653,16.466,16.506,279542
20160307,16.723,16.821,16.683,16.821,9415
20160308,16.594,16.634,16.475,16.475,5870
20160309,16.465,16.574,16.465,16.535,2151
20160310,16.416,16.416,16.327,16.383,1613
20160311,16.594,16.762,16.594,16.762,1518
20160314,16.708,16.723,16.698,16.698,2493
20160315,16.426,16.525,16.426,16.523,3153
20160316,16.387,16.742,16.387,16.742,376
20160317,16.861,17.157,16.861,17.157,1770
20160318,17.316,17.316,17.172,17.176,1543
20160321,17.157,17.256,17.148,17.256,1568
20160322,17.327,17.356,17.296,17.296,1157
20160323,17.066,17.098,17.009,17.056,2351
20160324,16.9,17.029,16.871,17.029,1443
20160328,17.029,17.029,17.029,17.029,101
20160329,16.96,17.365,16.96,17.355,2175
20160330,17.345,17.478,17.345,17.404,2677
20160331,17.474,17.474,17.365,17.365,4357
20160401,17.152,17.337,17.152,17.337,893
20160404,17.365,17.365,17.289,17.289,1583
20160405,16.94,16.999,16.94,16.95,4768
20160406,16.999,17.078,16.92,17.078,3682
20160407,16.881,17.039,16.881,16.92,6203
20160411,17.197,17.325,17.072,17.072,609
20160412,17.139,17.329,17.139,17.329,1144
20160413,17.394,17.691,17.394,17.691,1215
20160414,17.582,17.632,17.582,17.632,2024
20160415,17.493,17.622,17.493,17.592,3695
20160418,17.74,17.74,17.74,17.74,131
20160419,17.74,17.933,17.74,17.933,6353
20160420,17.849,17.907,17.849,17.907,2449
20160421,17.859,17.859,17.711,17.711,2184
20160422,17.938,17.938,17.859,17.859,4033
20160425,17.573,17.573,17.572,17.572,641
20160427,18.017,18.156,17.988,18.136,2249
20160428,17.79,18.23,17.79,18.046,814
20160429,17.876,18.037,17.81,17.899,3042
20160503,17.563,17.563,17.513,17.513,1477
20160504,17.365,17.365,17.365,17.365,101
20160505,17.455,17.455,17.346,17.355,5273
20160506,17.296,17.404,17.296,17.404,2024
20160510,17.464,17.655,17.452,17.648,3011
20160511,17.582,17.74,17.582,17.68,1416
20160512,17.573,17.591,17.464,17.472,2993
20160513,17.464,17.464,17.217,17.236,1230
20160516,17.177,17.533,17.177,17.513,1947
20160517,17.395,17.533,17.197,17.197,2121
20160518,17.306,17.306,17.158,17.158,601
20160519,16.97,17.087,16.958,17.059,2888
20160520,17.335,17.335,17.335,17.335,101
20160523,17.365,17.483,17.296,17.398,2849
20160524,17.621,17.687,17.621,17.681,582
20160525,17.711,17.988,17.711,17.947,51011
20160526,17.948,17.948,17.839,17.851,5439
20160527,17.849,17.849,17.82,17.82,2226
20160531,18.048,18.048,18.048,18.048,108
20160601,17.918,18.037,17.918,18.007,7713
20160602,18.014,18.075,18.014,18.075,1143
20160603,18.116,18.116,17.899,18.04,12395
20160606,18.098,18.284,18.086,18.284,13481
20160607,18.333,18.502,18.333,18.488,5320
20160608,18.531,18.808,18.531,18.78,12241
20160609,18.531,18.561,18.482,18.559,3592
20160610,18.293,18.293,18.275,18.275,810
20160613,18.235,18.235,18.195,18.195,202
20160614,17.958,17.977,17.75,17.799,9295
20160615,18.037,18.057,17.978,17.978,2204
20160616,17.859,17.859,17.642,17.796,2155
20160617,18.08,18.096,17.958,17.958,1274
20160620,18.372,18.388,18.353,18.373,2609
20160621,18.201,18.201,18.136,18.189,3844
20160622,18.284,18.333,18.186,18.245,2033
20160623,18.427,18.63,18.427,18.581,12321
20160624,17.922,17.978,17.78,17.819,1739
20160627,17.197,17.197,17.197,17.197,101
20160628,17.342,17.365,17.325,17.325,1396
20160629,17.564,17.661,17.564,17.631,1701
20160630,18.081,18.081,18.081,18.081,253
20160701,18.126,18.431,18.126,18.237,3491
20160705,18.007,18.007,17.889,17.968,1417
20160706,17.849,18.012,17.819,18.012,936
20160707,18.098,18.156,18.098,18.106,755
20160708,18.582,18.729,18.511,18.729,2107
20160711,18.877,18.996,18.877,18.986,9705
20160712,18.838,19.236,18.838,19.203,6286
20160713,19.208,19.208,19.208,19.208,101
20160714,19.154,19.263,19.134,19.134,3869
20160715,19.173,19.193,19.104,19.183,6827
20160718,19.223,19.239,19.213,19.223,7460
20160719,19.281,19.281,18.976,18.976,1124
20160720,18.986,19.146,18.925,19.124,3840
20160721,19.154,19.213,18.954,19.016,5675
20160722,18.879,19.044,18.879,19.044,9106
20160725,18.956,18.956,18.907,18.926,968
20160726,19.09,19.144,19.006,19.144,3009
20160727,19.272,19.272,19.154,19.223,8945
20160728,19.104,19.213,19.095,19.213,4999
20160729,19.233,19.233,19.025,19.104,594130
20160801,18.897,19.045,18.887,18.973,7486
20160802,19,19,18.864,18.897,3455
20160803,18.808,18.936,18.798,18.877,22524
20160804,18.847,19.025,18.847,18.936,26113
20160805,19.134,19.355,19.134,19.312,19331
20160808,19.371,19.411,19.334,19.361,1246
20160809,19.411,19.411,19.325,19.332,6485
20160810,19.401,19.401,19.193,19.213,1830
20160811,19.352,19.378,19.324,19.324,404
20160812,19.263,19.292,19.119,19.207,2400
20160815,19.391,19.51,19.391,19.49,9124
20160816,19.411,19.411,19.302,19.312,9499
20160817,19.302,19.342,19.233,19.271,3478
20160818,19.391,19.44,19.387,19.44,8023
20160819,19.391,19.44,19.391,19.421,839
20160822,19.292,19.45,19.292,19.45,38610
20160823,19.628,19.697,19.618,19.618,21742
20160824,19.604,19.648,19.604,19.616,470
20160825,19.51,19.717,19.51,19.678,10241
20160826,19.727,19.865,19.52,19.599,11329
20160829,19.628,19.707,19.618,19.618,4599
20160830,19.638,19.644,19.638,19.644,551
20160831,19.589,19.589,19.361,19.49,22353
20160901,19.49,19.49,19.223,19.384,9138
20160902,19.599,19.658,19.55,19.612,2975
20160906,19.767,20.13,19.767,19.846,7242
20160907,19.885,19.903,19.825,19.903,1729
20160908,19.915,19.974,19.895,19.905,5301
20160909,19.786,19.786,19.322,19.322,5200
20160912,19.174,19.332,19.139,19.322,24531
20160913,19.164,19.164,18.946,18.946,30577
20160914,19.063,19.063,18.837,18.877,2173
20160915,18.867,19.174,18.867,19.174,1390
20160916,19.061,19.183,19.025,19.183,8884
20160919,19.374,19.47,19.322,19.391,6943
20160920,19.44,19.465,19.391,19.421,11229
20160921,19.619,19.646,19.619,19.619,700
20160922,20.02,20.08,19.941,20.07,4835
20160923,19.95,19.95,19.778,19.778,1651
20160926,19.768,19.768,19.732,19.732,4297
20160927,19.738,19.839,19.694,19.807,3678
20160928,19.886,19.886,19.886,19.886,273
20160929,20.08,20.18,19.985,20.04,5548
20160930,20.16,20.34,20.16,20.28,28149
20161003,20.27,20.27,20.09,20.22,11437
20161004,20.2,20.37,20.07,20.19,5136
20161005,20.18,20.38,20.18,20.3,8672
20161006,20.19,20.37,20.12,20.31,8941
20161007,20.37,20.37,19.966,19.985,14041
20161010,20.19,20.19,20.11,20.11,1466
20161011,20.11,20.11,19.689,19.728,62296
20161012,19.807,19.877,19.807,19.827,6817
20161013,19.728,19.728,19.57,19.629,14990
20161014,19.862,19.862,19.559,19.61,6742
20161017,19.639,19.639,19.521,19.571,7852
20161018,19.708,19.807,19.659,19.758,11221
20161019,19.709,19.857,19.649,19.847,5858
20161020,19.732,19.732,19.6,19.6,4370
20161021,19.461,19.59,19.372,19.555,3249
20161024,19.896,19.896,19.649,19.708,11708
20161025,19.689,19.689,19.333,19.362,8979
20161026,19.184,19.362,19.171,19.171,25903
20161027,19.194,19.214,19.026,19.046,10070
20161028,19.145,19.302,19.145,19.205,2383
20161031,19.212,19.362,19.204,19.352,5337
20161101,19.214,19.214,18.868,18.937,6314
20161102,18.996,18.996,18.809,18.809,5595
20161103,18.838,18.907,18.729,18.779,16656
20161104,18.769,19,18.769,18.897,6136
20161107,19.135,19.285,19.125,19.193,35683
20161108,19.312,19.45,19.312,19.344,7876
20161109,19.352,20.58,19.352,20.51,222901
20161110,20.98,21.36,20.53,21.28,282000
20161111,22.09,22.09,21.28,21.82,228810
20161114,22.46,22.46,22.08,22.29,452947
20161115,22.38,22.44,22.18,22.41,811243
20161116,22.53,22.53,22.14,22.24,174579
20161117,22.38,22.44,22.18,22.25,125540
20161118,22.28,22.31,22.15,22.21,218072
20161121,22.42,22.42,22.17,22.31,87808
20161122,22.65,22.65,22.21,22.57,176989
20161123,22.77,22.98,22.61,22.97,323986
20161125,23.11,23.11,22.95,23.05,88182
20161128,23.1,23.1,22.66,22.69,112568
20161129,22.81,22.81,22.57,22.65,80497
20161130,22.79,23.03,22.6,22.68,167720
20161201,22.8,22.99,22.75,22.81,207103
20161202,22.96,22.96,22.62,22.66,77636
20161205,22.9,23.07,22.9,23,99964
20161206,23.12,23.24,22.95,23.19,114771
20161207,23.36,23.61,23.28,23.57,215193
20161208,23.78,23.9,23.49,23.85,168219
20161209,24.08,24.08,23.81,23.94,379242
20161212,25,25,23.73,23.81,295772
20161213,24.17,24.18,23.54,23.65,189129
20161214,23.65,23.78,23.32,23.32,53230
20161215,23.33,23.8,23.25,23.66,101719
20161216,23.93,23.93,23.54,23.57,74895
20161219,23.74,23.93,23.5,23.72,154650
20161220,23.91,24.03,23.84,24.03,170876
20161221,24.2,24.2,23.94,23.94,121838
20161222,23.89,24.03,23.7,23.78,154777
20161223,23.84,23.88,23.68,23.81,61960
20161227,23.98,24.04,23.88,23.96,80628
20161228,24.17,24.17,23.54,23.62,71902
20161229,23.75,23.9,23.49,23.59,106445
20161230,23.79,23.79,23.36,23.39,57273
20170103,23.69,23.74,23.33,23.54,44579
20170104,23.8,23.91,23.68,23.89,122099
20170105,23.98,23.98,23.38,23.5,127911
20170106,23.47,23.7,23.43,23.48,138948
20170109,23.45,23.45,22.96,22.99,103476
20170110,22.89,23.42,22.85,23.39,185246
20170111,23.43,23.59,23.26,23.51,72229
20170112,23.55,23.55,22.88,23.2,87349
20170113,23.35,23.53,23.35,23.43,150800
20170117,23.38,23.38,23.05,23.1,98950
20170118,23.22,23.22,22.99,23.11,28196
20170119,23.13,23.3,22.98,23.05,38125
20170120,23.25,23.34,23.13,23.16,49454
20170123,23.05,23.3,22.83,23.02,164971
20170124,23.06,23.74,23.06,23.69,119300
20170125,24.08,24.24,24.01,24.19,193615
20170126,24.38,24.38,24.02,24.16,399338
20170127,24.34,24.34,23.89,24.08,95192
20170130,24.12,24.12,23.49,23.7,215386
20170131,23.68,23.72,23.46,23.69,132745
20170201,23.98,24.12,23.75,23.87,190694
20170202,23.89,23.89,23.59,23.72,351312
20170203,23.9,24.19,23.87,24.14,142559
20170206,24.22,24.22,23.79,23.83,126607
20170207,24.03,24.03,23.65,23.8,52962
20170208,23.84,23.84,23.4,23.51,90074
20170209,23.65,23.88,23.6,23.8,59893
20170210,23.98,24.05,23.85,24.01,64473
20170213,24.41,24.41,23.93,23.98,111757
20170214,24.05,24.05,23.74,23.95,102245
20170215,23.82,24.16,23.82,24.12,77512
20170216,24.13,24.17,23.91,24.04,44308
20170217,23.97,24.23,23.84,23.93,51798
20170221,23.98,24.29,23.98,24.29,99544
20170222,24.31,24.31,24.04,24.1,43474
20170223,24.24,24.25,23.48,23.6,73540
20170224,23.45,24.01,23.44,24.01,97135
20170227,23.99,24.3,23.49,24.28,38251
20170228,24.22,24.22,23.74,23.8,58909
20170301,24.27,24.67,24.16,24.58,401683
20170302,24.62,24.62,24.15,24.19,101186
20170303,24.21,24.27,23.97,24.09,66458
20170306,23.94,24.01,23.72,23.82,42389
20170307,23.82,23.99,23.67,23.72,169419
20170308,23.84,23.94,23.46,23.49,68694
20170309,23.4,23.46,23.11,23.16,34402
20170310,23.49,23.57,23.29,23.46,26188
20170313,23.53,23.66,23.4,23.43,29561
20170314,23.22,23.33,22.95,23.32,39360
20170315,23.41,23.73,23.38,23.69,106933
20170316,23.79,23.79,23.53,23.61,38486
20170317,23.64,23.71,23.48,23.68,111204
20170320,23.69,23.69,23.34,23.44,96837
20170321,23.55,23.55,22.76,22.76,76173
20170322,22.75,22.89,22.53,22.74,82704
20170323,22.77,23.12,22.77,22.99,31658
20170324,22.99,23.12,22.79,22.85,24867
20170327,22.4,22.91,22.39,22.88,183218
20170328,22.73,23.06,22.73,23.03,37774
20170329,22.85,23.18,22.85,23.11,41605
20170330,23.11,23.35,23.11,23.31,33659
20170331,23.37,23.74,23.37,23.67,58642
20170403,23.63,23.77,23.14,23.27,96882
20170404,23.16,23.35,23.08,23.18,102657
20170405,23.41,23.62,23.12,23.21,21847
20170406,23.21,23.52,23.17,23.5,20086
20170407,23.4,23.74,23.4,23.72,20044
20170410,23.72,23.94,23.51,23.65,29792
20170411,23.59,23.94,23.59,23.94,51442
20170412,23.82,23.82,23.25,23.31,48804
20170413,23.19,23.41,23.03,23.03,232220
20170417,23.02,23.29,23.02,23.27,28356
20170418,23.16,23.4,23.09,23.36,46972
20170419,23.43,23.66,23.36,23.4,25018
20170420,23.43,23.63,23.43,23.58,43560
20170421,23.58,23.68,23.44,23.56,24876
20170424,23.69,24.15,23.68,24.07,39109
20170425,24.36,24.65,24.36,24.51,34477
20170426,24.56,24.69,24.51,24.54,34553
20170427,24.7,24.74,24.45,24.54,24419
20170428,24.59,24.59,24.09,24.09,47961
20170501,24.2,24.35,24,24.23,12859
20170502,24.33,24.33,24.09,24.18,35283
20170503,24.12,24.12,23.83,23.95,36077
20170504,23.99,24.01,23.69,23.83,25667
20170505,23.99,24.1,23.87,24.1,30198
20170508,24.15,24.15,23.88,23.93,52406
20170509,24.05,24.05,23.76,23.94,58217
20170510,23.81,24.01,23.75,23.9,29001
20170511,23.86,23.86,23.48,23.8,31969
20170512,23.68,23.68,23.39,23.41,32330
20170515,23.49,23.76,23.49,23.65,16944
20170516,23.63,23.63,23.27,23.49,49209
20170517,22.95,23.13,22.76,22.76,117088
20170518,22.76,22.83,22.59,22.77,29987
20170519,22.84,23.22,22.84,22.99,20931
20170522,23.16,23.16,22.92,23.03,40980
20170523,23.06,23.24,22.88,23.17,18102
20170524,23.02,23.1,22.8,22.93,123544
20170525,23.08,23.08,22.79,22.82,49287
20170526,22.76,22.86,22.68,22.8,38206
20170530,22.69,22.77,22.65,22.65,63954
20170531,22.7,22.7,22.22,22.66,64504
20170601,22.69,23.12,22.69,23.12,89315
20170602,23.15,23.55,23.14,23.23,99899
20170605,23.19,23.29,23.11,23.11,29467
20170606,22.92,23.17,22.91,23.07,35911
20170607,23.16,23.17,22.95,22.99,88338
20170608,23.05,23.48,23.05,23.37,40504
20170609,23.4,23.99,23.4,23.88,45370
20170612,23.99,24.03,23.75,23.8,26133
20170613,23.82,23.95,23.75,23.82,40018
20170614,23.87,23.87,23.43,23.56,12563
20170615,23.52,23.54,23.36,23.51,10603
20170616,23.46,23.47,23.32,23.4,16006
20170619,23.44,23.65,23.44,23.61,36891
20170620,23.51,23.51,23.24,23.24,38259
20170621,23.24,23.3,22.85,22.88,16498
20170622,22.79,23.04,22.79,22.94,21875
20170623,23.02,23.15,22.88,23.15,17312
20170626,23.15,23.4,23.1,23.33,17210
20170627,23.3,23.49,23.24,23.24,98423
20170628,23.32,23.67,23.32,23.59,18006
20170629,23.56,23.61,23.14,23.34,62864
20170630,23.41,23.57,23.37,23.48,33957
20170703,23.67,23.86,23.55,23.8,15031
20170705,23.61,23.69,23.5,23.66,33318
20170706,23.36,23.6,23.31,23.34,17825
20170707,23.34,23.52,23.18,23.49,110890
20170710,23.3,23.63,23.3,23.45,41708
20170711,23.41,23.54,23.38,23.49,8094
20170712,23.75,23.83,23.62,23.65,26927
20170713,23.54,23.68,23.54,23.68,21030
20170714,23.67,23.81,23.64,23.7,16382
20170717,23.61,23.85,23.6,23.8,114083
20170718,23.68,23.75,23.52,23.68,13564
20170719,23.58,23.9,23.58,23.87,26648
20170720,23.84,23.87,23.72,23.79,17908
20170721,23.71,23.74,23.64,23.66,12953
20170724,23.61,23.73,23.56,23.72,20041
20170725,23.76,24.03,23.75,24,13235
20170726,23.74,23.81,23.66,23.7,92002
20170727,23.82,23.9,23.72,23.84,16669
20170728,23.84,23.84,23.51,23.58,19038
20170731,23.61,23.77,23.57,23.68,56285
20170801,23.7,23.86,23.69,23.85,21171
20170802,23.77,23.87,22.81,23.55,98303
20170803,23.48,23.58,23.35,23.43,30608
20170804,23.48,23.7,23.48,23.48,23048
20170807,23.47,23.61,23.45,23.61,54507
20170808,23.51,23.78,23.42,23.53,20118
20170809,23.32,23.59,23.32,23.52,21634
20170810,23.3,23.36,22.96,22.96,35889
20170811,23.02,23.02,22.86,22.9,204872
20170814,23,23.25,23,23.2,17645
20170815,23.22,23.22,22.82,22.84,36767
20170816,22.79,22.89,22.72,22.74,58931
20170817,22.57,22.81,22.4,22.4,73442
20170818,22.26,22.5,22.26,22.38,71824
20170821,22.22,22.27,22.18,22.26,13356
20170822,22.27,22.46,22.27,22.44,46520
20170823,22.16,22.47,22.16,22.41,17589
20170824,22.48,22.48,22.34,22.41,29104
20170825,22.49,22.68,22.47,22.61,40750
20170828,22.78,22.83,22.69,22.78,22975
20170829,22.4,22.98,22.4,22.97,24602
20170830,22.94,23.18,22.87,23.12,27918
20170831,23.19,23.43,23.19,23.43,17018
20170901,23.57,23.63,23.49,23.62,10055
20170905,23.71,23.71,23.34,23.4,11449
20170906,23.52,23.52,23.32,23.42,16049
20170907,23.54,23.54,23.24,23.31,20976
20170908,23.26,23.6,23.26,23.56,9245
20170911,23.74,23.8,23.68,23.72,25364
20170912,23.78,24.12,23.78,24.07,57121
20170913,23.94,24.14,23.94,24.13,22075
20170914,24.08,24.16,24.08,24.1,13095
20170915,24.06,24.36,24.06,24.33,39143
20170918,24.34,24.65,24.34,24.54,15702
20170919,24.49,24.62,24.49,24.59,37229
20170920,24.59,24.82,24.59,24.72,21062
20170921,24.73,24.82,24.71,24.76,8460
20170922,24.8,24.98,24.75,24.96,25482
20170925,24.94,25.08,24.86,25.03,11633
20170926,25.02,25.41,25.02,25.27,27356
20170927,25.45,25.85,25.3,25.8,28222
20170928,25.71,25.86,25.62,25.85,28471
20170929,25.93,25.93,25.8,25.81,13439
20171002,25.92,26.17,25.86,26.17,9258
20171003,26.26,26.26,25.98,26.11,20233
20171004,26.23,26.23,25.95,25.99,10948
20171005,26.19,26.19,26.08,26.13,9817
20171006,26.06,26.1,25.99,26.09,806566
20171009,26.19,26.19,25.89,25.91,137908
20171010,26.11,26.11,25.85,25.93,12895
20171011,25.99,25.99,25.78,25.81,17915
20171012,25.81,25.96,25.81,25.87,5640
20171013,25.97,26,25.83,25.89,15602
20171016,25.96,26.12,25.96,26.02,9856
20171017,25.94,25.99,25.73,25.78,46708
20171018,25.89,25.98,25.83,25.9,23674
20171019,25.77,25.78,25.62,25.77,83806
20171020,26.01,26.16,25.94,26.13,30950
20171023,26.12,26.12,25.88,25.9,31570
20171024,25.97,26.2,25.97,26.04,26559
20171025,25.97,26.05,25.8,26.01,480384
20171026,26.1,26.43,26.1,26.38,19694
20171027,26.45,26.66,26.37,26.55,172741
20171030,26.45,26.45,26.14,26.28,14853
20171031,26.29,26.72,26.29,26.59,38590
20171101,26.79,26.79,26.23,26.27,12379
20171102,26.21,26.43,26.17,26.39,12923
20171103,26.38,26.38,26.24,26.24,25200
20171106,26.33,26.46,26.22,26.43,14033
20171107,26.38,26.38,26.06,26.09,10015
20171108,26.06,26.06,25.7,25.93,41748
20171109,25.69,25.88,25.62,25.76,10292
20171110,25.69,25.78,25.66,25.69,12199
20171113,25.56,25.6,25.38,25.59,169983
20171114,25.38,25.48,25.3,25.32,17013
20171115,25.19,25.19,24.96,24.98,21441
20171116,25.05,25.42,24.99,25.3,19901
20171117,25.28,25.49,25.25,25.41,8140
20171120,25.51,25.82,25.51,25.79,9159
20171121,25.98,26.19,25.98,26.13,25168
20171122,26.28,26.3,26.05,26.07,37271
20171124,26.23,26.23,25.92,25.96,2039
20171127,26.06,26.09,25.86,25.86,10094
20171128,25.92,26.43,25.92,26.43,28577
20171129,26.42,26.95,26.42,26.92,50401
20171130,27,27.08,26.87,26.89,26999
20171201,26.77,26.8,26,26.8,11523
20171204,27.05,27.38,27.01,27.01,33397
20171205,27.12,27.12,26.74,26.74,12038
20171206,26.68,26.9,26.68,26.82,17587
20171207,26.75,26.89,26.64,26.64,28224
20171208,26.83,26.83,26.66,26.66,21393
20171211,26.77,26.77,26.47,26.49,21996
20171212,26.61,26.62,26.47,26.48,12603
20171213,26.48,26.76,26.48,26.6,41806
20171214,26.45,26.51,26.07,26.13,21647
20171215,26.36,26.77,26.36,26.57,28100
20171218,26.8,27.16,26.8,27.12,20634
20171219,27.35,27.35,26.96,26.98,7577
20171220,27.01,27.2,27.01,27.16,24130
20171221,27.34,27.56,27.26,27.5,36938
20171222,27.52,27.52,27.28,27.38,29478
20171226,27.3,27.41,27.29,27.35,4749
20171227,27.36,27.49,27.27,27.4,11794
20171228,27.38,27.46,27.3,27.44,27219
20171229,27.45,27.51,27.2,27.2,35429
20180102,27.36,27.58,27.28,27.3,28470
20180103,27.35,27.38,27.22,27.31,10765
20180104,27.52,27.55,27.35,27.47,22772
20180105,27.48,27.48,27.23,27.28,20286
20180108,27.23,27.35,27.11,27.35,13340
20180109,27.42,27.42,27.16,27.19,14943
20180110,27.14,27.2,27,27,28559
20180111,27.21,27.73,27.21,27.72,35224
20180112,27.81,28.16,27.81,27.96,38244
20180116,28.06,28.19,27.52,27.57,25451
20180117,27.71,27.73,27.51,27.65,20460
20180118,27.69,27.8,27.48,27.52,28019
20180119,27.49,27.86,27.49,27.86,148667
20180122,28.05,28.05,27.68,27.87,104222
20180123,27.96,27.96,27.68,27.83,59392
20180124,28.06,28.07,27.56,27.72,52043
20180125,27.79,27.79,27.5,27.64,54165
20180126,27.8,27.8,27.57,27.74,54077
20180129,27.61,27.83,27.61,27.67,32945
20180130,27.68,27.68,27.25,27.4,21391
20180131,27.67,27.78,27.21,27.21,24884
20180201,27.14,27.49,26.98,27.46,16582
20180202,27.15,27.16,26.83,26.83,16735
20180205,26.57,26.75,25.59,25.59,41116
20180206,24.96,26.05,22.38,25.84,89882
20180207,25.79,26.06,25.77,25.94,70359
20180208,25.84,25.84,25.2,25.2,12808
20180209,25.37,25.66,24.8,25.49,52916
20180212,25.6,25.71,25.24,25.52,28809
20180213,25.48,25.55,25.43,25.55,14603
20180214,25.51,25.96,25.44,25.96,24728
20180215,25.95,26.07,25.7,26.04,25228
20180216,25.94,26.47,25.94,26.37,19944
20180220,26.23,26.39,26.01,26.01,20698
20180221,26.44,26.65,26.3,26.3,31360
20180222,26.51,26.68,26.32,26.32,24544
20180223,26.5,26.5,26.09,26.22,23526
20180226,26.41,26.5,26.17,26.42,20272
20180227,26.45,26.61,26.2,26.2,15528
20180228,26.24,26.31,25.73,25.73,16833
20180301,25.62,25.92,25.4,25.54,25458
20180302,25.36,25.78,25.28,25.78,16888
20180305,25.56,25.95,25.51,25.82,13029
20180306,25.87,26.13,25.8,26.04,17142
20180307,25.91,26.39,25.91,26.38,5601
20180308,25.99,26.54,25.99,26.38,11743
20180309,26.42,26.91,26.42,26.88,7125
20180312,27.03,27.03,26.82,26.91,31658
20180313,26.93,27.2,26.82,26.86,11834
20180314,26.87,26.9,26.69,26.73,6013
20180315,26.64,26.7,26.43,26.48,10584
20180316,26.55,26.82,26.43,26.72,37712
20180319,26.59,26.59,26.19,26.54,11347
20180320,26.69,26.69,26.39,26.5,8108
20180321,26.54,26.75,26.54,26.6,17597
20180322,26.23,26.43,26.09,26.09,8782
20180323,25.87,25.87,25.03,25.03,27359
20180326,25.36,25.59,25.11,25.58,15888
20180327,25.68,25.68,25.27,25.27,9253
20180328,25.3,25.54,25.3,25.46,11526
20180329,25.66,25.96,25.66,25.79,23609
20180402,25.76,25.76,24.92,25.12,95757
20180403,25.23,25.54,25.16,25.47,9185
20180404,25.1,25.73,25.1,25.71,6898
20180405,25.81,26.07,25.77,25.99,22257
20180406,25.9,25.93,25.11,25.42,8042
20180409,25.52,25.52,25.3,25.3,23279
20180410,25.63,25.75,25.39,25.66,31272
20180411,25.42,25.61,25.42,25.57,6526
20180412,25.33,25.77,25.33,25.71,9372
20180413,25.64,25.72,25.47,25.53,10236
20180416,25.6,25.96,25.6,25.91,33902
20180417,26.27,26.27,26.02,26.15,41761
20180418,26.27,26.37,26.16,26.25,12991
20180419,26.17,26.19,25.95,26.02,18051
20180420,25.91,26.07,25.75,25.78,12526
20180423,25.79,26,25.79,25.86,12562
20180424,25.97,26.03,25.28,25.42,30694
20180425,25.38,25.54,25.32,25.42,6714
20180426,25.55,25.55,25.16,25.26,17134
20180427,25.48,25.48,25.17,25.21,20881
20180430,25.26,25.35,24.87,24.87,7045
20180501,25.06,25.06,24.48,24.9,18053
20180502,24.95,25.18,24.9,25.03,6450
20180503,25.03,25.06,24.69,24.94,75356
20180504,24.83,25.27,24.81,25.11,81257
20180507,25.25,25.52,25.23,25.39,13988
20180508,25.62,25.87,25.59,25.87,54113
20180509,25.81,26.07,25.81,25.93,19543
20180510,26.04,26.04,25.84,25.99,31232
20180511,26.08,26.18,25.96,26.01,58984
20180514,26.02,26.17,25.86,25.91,6999
20180515,25.83,25.94,25.75,25.85,15496
20180516,25.94,26.28,25.94,26.07,11392
20180517,26.03,26.42,26.03,26.32,22037
20180518,26.31,26.48,26.31,26.36,12271
20180521,26.48,26.77,26.48,26.73,12464
20180522,26.71,26.71,26.31,26.31,14429
20180523,26.25,26.25,26.07,26.19,29935
20180524,26.08,26.21,25.99,26.21,7465
20180525,26.14,26.24,26.11,26.24,7763
20180529,26.04,26.26,25.99,26.17,74094
20180530,26.36,26.75,26.36,26.67,18553
20180531,26.56,26.73,26.22,26.23,11044
20180601,26.48,26.56,26.4,26.44,18417
20180604,26.63,26.67,26.44,26.57,14994
20180605,26.6,26.76,26.52,26.75,16369
20180606,26.84,26.98,26.77,26.98,291263
20180607,27.08,27.09,26.86,26.91,8565
20180608,27,27,26.84,26.95,19039
20180611,26.88,27.07,26.88,27.01,6264
20180612,26.94,27.01,26.88,26.94,67857
20180613,26.86,26.97,26.81,26.81,9534
20180614,26.96,27,26.6,26.82,17441
20180615,26.79,26.88,26.65,26.88,41096
20180618,26.66,27.08,26.66,27.05,3570
20180619,26.79,26.96,26.7,26.93,12680
20180620,26.96,27.11,26.92,27.09,6781
20180621,27.29,27.29,26.71,26.74,6216
20180622,26.72,26.93,26.69,26.78,8295
20180625,26.74,26.74,26.33,26.46,11871
20180626,26.56,26.78,26.48,26.72,3987
20180627,26.86,26.86,26.41,26.41,25193
20180628,26.36,26.39,26.19,26.29,4311
20180629,26.5,26.67,26.5,26.63,3407
20180702,26.35,26.58,26.19,26.58,5859
20180703,26.7,26.78,26.61,26.64,6756
20180705,26.9,27.05,26.59,27.05,24920
20180706,27.16,27.23,27.15,27.19,5472
20180709,27.38,27.52,27.37,27.47,2977
20180710,27.61,27.61,27.37,27.42,89186
20180711,27.28,27.4,27.08,27.15,9660
20180712,27.16,27.25,26.99,27.16,20760
20180713,27.4,27.47,27.3,27.3,3179
20180716,27.29,27.31,26.94,26.99,11918
20180717,26.92,27.17,26.92,27.02,11345
20180718,26.97,27.22,26.97,27.19,9520
20180719,27.03,27.46,27.03,27.46,10689
20180720,27.29,27.54,27.29,27.43,6362
20180723,27.31,27.44,27.2,27.28,19435
20180724,27.34,27.34,27,27.09,50074
20180725,26.96,27.08,26.74,27.08,6641
20180726,27,27.46,27,27.27,2712
20180727,27.57,27.69,27.07,27.07,5909
20180730,27.12,27.28,26.91,26.91,10052
20180731,27.05,27.42,27.05,27.38,9950
20180801,27.53,27.55,27.1,27.31,15629
20180802,27.22,27.55,27.22,27.52,5701
20180803,27.49,27.59,27.23,27.34,15600
20180806,27.4,27.69,27.36,27.64,105431
20180807,27.81,27.81,27.58,27.7,12554
20180808,27.66,27.66,27.49,27.52,20562
20180809,27.42,27.55,27.35,27.35,14117
20180810,27.46,27.47,27.11,27.28,8976
20180813,27.16,27.16,26.8,26.83,13072
20180814,26.97,27.29,26.91,27.24,10384
20180815,27.14,27.14,26.82,26.87,14548
20180816,27.06,27.18,27.02,27.18,16500
20180817,27.07,27.41,27.07,27.38,4649
20180820,27.51,27.62,27.39,27.55,17031
20180821,27.62,28,27.62,28,9046
20180822,27.84,27.91,27.84,27.87,3212
20180823,27.87,27.88,27.73,27.76,8367
20180824,27.83,27.86,27.76,27.86,4843
20180827,27.89,28.06,27.85,27.92,8911
20180828,27.91,27.92,27.79,27.89,19281
20180829,27.81,28.03,27.81,28.03,14588
20180830,27.99,28.05,27.84,27.9,8567
20180831,27.94,27.99,27.75,27.99,5131
20180904,27.97,27.97,27.59,27.68,15935
20180905,27.6,27.93,27.6,27.86,10557
20180906,27.81,28.06,27.81,28.03,4104
20180907,27.82,27.9,27.66,27.81,17827
20180910,28.02,28.19,27.99,28.14,7456
20180911,28.1,28.2,27.97,28.04,14581
20180912,27.99,28.06,27.9,28.06,6008
20180913,28.12,28.12,27.86,27.91,11882
20180914,28.03,28.21,27.97,28.11,5108
20180917,28.07,28.16,27.97,28.07,6603
20180918,28.06,28.19,28.04,28.07,5099
20180919,28.04,28.23,27.94,27.95,22055
20180920,27.98,28.36,27.98,28.29,143496
20180921,28.47,28.53,28.29,28.33,9410
20180924,28.3,28.3,27.84,28,12481
20180925,28,28.03,27.89,27.97,13509
20180926,27.89,27.9,27.53,27.59,160230
20180927,27.67,27.76,27.54,27.65,19530
20180928,27.56,27.85,27.56,27.79,8853
20181001,27.93,27.93,27.32,27.32,8328
20181002,27.34,27.41,27.23,27.3,6779
20181003,27.48,27.66,27.24,27.58,6349
20181004,27.55,27.55,27.25,27.31,9721
20181005,27.41,27.41,26.95,27.06,22152
20181008,26.95,27.15,26.93,27.15,2163
20181009,27.11,27.2,27.04,27.04,19248
20181010,27.07,27.07,26.33,26.34,42575
20181011,26.2,26.32,25.77,25.77,23817
20181012,26.06,26.16,25.11,25.33,16896
20181015,25.23,25.76,25.23,25.62,23377
20181016,25.69,26.23,25.47,26.23,13826
20181017,25.9,25.98,25.67,25.92,12271
20181018,25.85,25.93,25.39,25.49,10915
20181019,25.47,25.66,25.16,25.18,49404
20181022,25.41,25.57,25.34,25.35,16091
20181023,24.89,24.89,24.49,24.64,11784
20181024,24.7,24.71,23.7,23.7,73454
20181025,23.91,24.32,23.91,24.24,15732
20181026,23.88,24.37,23.72,24.05,32266
20181029,24.35,24.49,23.74,23.95,11533
20181030,23.91,24.26,23.91,24.26,50464
20181031,24.53,24.53,24.18,24.18,45039
20181101,24.36,24.85,24.36,24.85,4288
20181102,25.04,25.24,24.91,25.05,37975
20181105,25.07,25.26,24.94,25.14,6729
20181106,25.08,25.56,25.08,25.53,11183
20181107,25.76,26.11,25.58,26.1,11171
20181108,25.89,26.09,25.84,25.92,28756
20181109,25.77,25.77,25.33,25.46,25066
20181112,25.41,25.41,24.9,24.9,8401
20181113,24.94,25.05,24.78,24.78,4138
20181114,24.89,25.07,24.63,24.73,117732
20181115,24.63,25.13,24.58,25.07,537595
20181116,24.95,25.14,24.86,25.14,43785
20181119,25.09,25.19,24.73,24.77,19520
20181120,24.51,24.6,24.13,24.16,17148
20181121,24.15,24.64,24.15,24.35,22887
20181123,24.09,24.46,24.09,24.2,13104
20181126,24.48,24.71,24.45,24.61,14462
20181127,24.46,24.47,24.29,24.34,9242
20181128,24.48,24.96,24.19,24.95,122256
20181129,24.85,24.92,24.71,24.74,15419
20181130,24.66,25.06,24.66,25.06,12638
20181203,25.48,25.48,24.76,24.97,11565
20181204,24.98,24.98,23.59,23.59,18711
20181206,23.21,23.57,23.01,23.57,30041
20181207,23.65,23.67,22.89,22.89,15220
20181210,22.87,22.99,22.56,22.84,73525
20181211,23.09,23.2,22.59,22.7,59666
20181212,22.93,23.32,22.93,23.05,45975
20181213,23.13,23.14,22.72,22.75,31187
20181214,22.51,22.75,22.32,22.4,42062
20181217,22.26,22.53,21.9,22,44174
20181218,22.14,22.39,22.03,22.03,31597
20181219,21.99,22.22,21.32,21.45,107488
20181220,21.37,21.55,20.92,21.16,111829
20181221,21.35,21.35,20.67,20.74,83380
20181224,20.55,20.83,20.38,20.38,75067
20181226,20.49,21.36,20.36,21.35,117880
20181227,20.91,21.38,20.69,21.37,110359
20181228,21.34,21.73,21.07,21.39,150357
20181231,21.51,21.61,21.29,21.59,114281
20190102,21.28,21.81,21.28,21.74,28291
20190103,21.64,21.8,21.41,21.55,11845
20190104,21.98,22.29,21.98,22.25,9794
20190107,22.23,22.72,22.17,22.6,19376
20190108,22.74,22.89,22.56,22.89,25480
20190109,23.1,23.11,22.87,23.04,21806
20190110,22.91,23.26,22.91,23.26,21259
20190111,23.14,23.3,23.07,23.29,57383
20190114,23.08,23.31,23.05,23.1,46898
20190115,23.1,23.15,22.93,23.12,25016
20190116,23.21,23.39,23.21,23.25,44379
20190117,23.2,23.6,23.18,23.53,17504
20190118,23.58,24.01,23.58,23.89,30337
20190122,23.64,23.71,23.27,23.37,43231
20190123,23.42,23.43,23.02,23.13,60078
20190124,23.09,23.4,22.97,23.39,22169
20190125,23.71,23.74,23.62,23.64,27011
20190128,23.37,23.55,23.23,23.48,22851
20190129,23.5,23.61,23.49,23.49,60049
20190130,23.62,23.73,23.25,23.62,70999
20190131,23.64,23.85,23.54,23.83,45920
20190201,23.96,23.96,23.59,23.73,43060
20190204,23.55,23.97,23.55,23.97,7516
20190205,24.25,24.36,24.18,24.33,21604
20190206,24.36,24.46,24.32,24.37,17682
20190207,24.16,24.16,23.65,23.84,21864
20190208,23.9,23.9,23.54,23.75,436141
20190211,23.84,23.92,23.67,23.91,55685
20190212,24.12,24.44,24.12,24.37,30414
20190213,24.48,24.66,24.4,24.59,21424
20190214,24.45,24.75,24.45,24.63,41942
20190215,24.74,25.15,24.74,25.1,27886
20190219,25.03,25.4,25.03,25.3,25622
20190220,25.31,25.65,25.31,25.63,38086
20190221,25.55,25.55,25.35,25.47,26776
20190222,25.52,25.7,25.52,25.61,22981
20190225,25.68,25.83,25.61,25.61,26825
20190226,25.53,25.64,25.34,25.34,25694
20190227,25.12,25.23,24.99,25.19,14408
20190228,25.24,25.39,25.24,25.31,14003
20190301,25.5,25.69,25.35,25.58,16111
20190304,25.69,25.8,25.39,25.49,17201
20190305,25.4,25.47,25.35,25.35,10917
20190306,25.35,25.35,24.94,24.95,8087
20190307,24.9,24.95,24.72,24.81,25309
20190308,24.56,24.56,24.46,24.55,12658
20190311,24.56,24.94,24.56,24.93,28423
20190312,24.96,24.96,24.83,24.83,7594
20190313,24.99,25.04,24.95,24.96,9147
20190314,24.86,24.86,24.68,24.71,14514
20190315,24.72,25.02,24.72,24.83,10418
20190318,24.78,25.11,24.78,25.11,6544
20190319,25.16,25.29,24.81,24.84,307101
20190320,24.76,24.8,24.51,24.56,11437
20190321,24.42,24.93,24.42,24.69,6243
20190322,24.49,24.49,23.69,23.69,14157
20190325,23.63,23.83,23.55,23.8,15440
20190326,23.95,24.01,23.82,23.99,38711
20190327,24.03,24.03,23.82,23.93,12841
20190328,23.94,24.19,23.9,24.19,8458
20190329,24.4,24.41,24.19,24.29,7019
20190401,24.71,24.8,24.71,24.8,3269
20190402,24.69,24.77,24.58,24.77,2712
20190403,24.89,25.01,24.85,24.93,10595
20190404,24.96,25.13,24.75,25.13,5426
20190405,25.14,25.38,25.14,25.38,9276
20190408,25.36,25.37,25.27,25.35,9153
20190409,25.2,25.2,24.81,24.85,75684
20190410,24.93,25.25,24.93,25.25,8542
20190411,25.24,25.42,25.24,25.42,7984
20190412,25.7,25.72,25.59,25.7,5290
20190415,25.72,25.76,25.65,25.67,5104
20190416,25.73,25.95,25.73,25.91,15041
20190417,25.95,25.95,25.79,25.85,5941
20190418,25.94,26,25.75,25.94,20484
20190422,25.79,25.88,25.67,25.68,36310
20190423,25.84,25.97,25.6,25.88,34882
20190424,25.81,26.08,25.81,26.07,51538
20190425,25.76,25.76,25.5,25.52,13213
20190426,25.43,25.64,25.43,25.59,4488
20190429,25.71,25.86,25.71,25.83,7666
20190430,25.89,25.89,25.68,25.8,12794
20190501,25.9,25.9,25.58,25.69,4523
20190502,25.52,25.67,25.41,25.53,6596
20190503,25.74,25.95,25.7,25.94,8649
20190506,25.58,25.98,25.58,25.98,3908
20190507,25.72,25.72,25.22,25.27,6328
20190508,25.31,25.36,25.17,25.17,3032
20190509,24.89,25.21,24.74,25.2,31813
20190510,25.02,25.11,24.81,25.11,4666
20190513,24.64,24.69,24.35,24.39,4706
20190514,24.48,24.76,24.41,24.7,16005
20190515,24.52,24.72,24.52,24.72,1363
20190516,24.93,25.08,24.93,24.93,9240
20190517,24.71,24.82,24.59,24.59,1003
20190520,24.43,24.55,24.43,24.43,2979
20190521,24.62,24.96,24.62,24.96,9733
20190522,24.83,24.83,24.74,24.79,4789
20190523,24.38,24.39,24.15,24.22,6156
20190524,24.26,24.38,24.26,24.38,927
20190528,24.32,24.45,24.29,24.33,5453
20190529,24.17,24.2,24.04,24.17,6580
20190530,24.17,24.32,24.01,24.1,20716
20190531,23.84,23.84,23.63,23.76,4247
20190603,23.77,24.1,23.77,24.1,2502
20190604,24.2,24.79,24.2,24.79,7670
20190605,24.93,24.97,24.73,24.85,7416
20190606,24.92,24.92,24.62,24.81,5605
20190607,24.91,25.05,24.91,24.98,11911
20190610,25.21,25.25,25.05,25.07,9766
20190611,24.96,25,24.8,24.88,9452
20190612,24.77,24.91,24.77,24.89,9500
20190613,24.92,25.16,24.92,25.16,8684
20190614,24.99,25.04,24.95,24.95,9319
20190617,25.04,25.04,24.93,24.97,2567
20190618,25.13,25.47,25.13,25.32,10300
20190619,25.31,25.36,25.24,25.36,3331
20190620,25.45,25.77,25.45,25.73,9013
20190621,25.64,25.71,25.52,25.58,1784
20190624,25.52,25.54,25.34,25.36,3337
20190625,25.32,25.43,25.32,25.36,6613
20190626,25.35,25.42,25.35,25.41,1252
20190627,25.41,25.87,25.41,25.87,10172
20190628,26.1,26.36,26.02,26.3,4315
20190701,26.6,26.75,26.21,26.39,25898
20190702,26.32,26.32,26.1,26.18,11953
20190703,26.37,26.37,26.2,26.27,54431
20190705,26.16,26.37,26.15,26.36,10155
20190708,26.27,26.37,26.13,26.18,8352
20190709,26.01,26.04,25.9,26,10977
20190710,26.11,26.11,25.81,25.81,55214
20190711,25.82,25.82,25.59,25.76,6372
20190712,25.82,26.24,25.82,26.24,2775
20190715,25.98,25.99,25.91,25.92,3960
20190716,26.05,26.23,26.05,26.12,1695
20190717,26.12,26.12,25.91,25.91,2567
20190718,25.79,25.89,25.77,25.81,13881
20190719,25.8,26.07,25.8,25.89,6459
20190722,25.94,25.94,25.73,25.73,4700
20190723,25.97,26.1,25.94,26.1,3127
20190724,26.28,26.6,26.28,26.6,44075
20190725,26.52,26.58,26.28,26.29,29123
20190726,26.13,26.38,26.13,26.38,1989
20190729,26.19,26.26,26.06,26.15,18072
20190730,26.04,26.27,25.84,26.27,22223
20190731,26.39,26.64,26.39,26.49,9204
20190801,26.23,26.23,25.5,25.53,37797
20190802,25.49,25.49,25.27,25.37,9576
20190805,24.94,24.96,24.53,24.62,35162
20190806,24.96,25.29,24.83,24.96,6251
20190807,24.78,25.19,24.74,25.16,16743
20190808,25.33,25.67,25.33,25.64,3292
20190809,25.53,25.53,25.22,25.26,1634
20190812,25.11,25.11,24.98,24.98,2178
20190813,24.89,25.53,24.89,25.23,7681
20190814,24.86,24.86,24.43,24.48,2770
20190815,24.48,24.48,24.33,24.46,4392
20190816,24.79,25.01,24.76,25.01,2907
20190819,25.23,25.27,25.12,25.12,6377
20190820,25.03,25.04,24.87,24.87,6185
20190821,25.07,25.15,25.02,25.04,22892
20190822,24.98,25.06,24.95,25.06,2120
20190823,24.87,24.87,24.08,24.08,8144
20190826,24.44,24.44,24.19,24.3,4533
20190827,24.45,24.45,24,24.01,11916
20190828,23.93,24.46,23.93,24.38,7469
20190829,24.77,24.93,24.77,24.88,6468
20190830,25.09,25.12,24.96,25.05,4324
20190903,24.86,24.86,24.44,24.58,2550
20190904,24.89,24.93,24.79,24.88,1103
20190905,25.24,25.6,25.24,25.44,36074
20190906,25.39,25.52,25.32,25.32,3665
20190909,25.42,25.78,25.42,25.77,112144
20190910,25.77,26.22,25.77,26.19,4997
20190911,26.26,26.83,26.22,26.83,32200
20190912,26.92,26.95,26.64,26.89,8202
20190913,27,27.23,27,27.19,1749
20190916,27.08,27.34,27.08,27.26,6098
20190917,27.05,27.05,26.89,27,4810
20190918,26.74,26.83,26.65,26.83,2808
20190919,26.94,27.03,26.68,26.68,9273
20190920,26.75,26.8,26.62,26.62,921
20190923,26.55,26.81,26.49,26.81,5597
20190924,26.73,26.75,26.24,26.31,5810
20190925,26.3,26.84,26.28,26.84,6085
20190926,26.72,26.8,26.68,26.8,2618
20190927,26.8,26.81,26.54,26.58,6518
20190930,26.7,26.77,26.59,26.77,2917
20191001,26.96,26.96,25.98,25.98,16369
20191002,25.86,25.86,25.58,25.63,1689
20191003,25.67,25.67,25.44,25.62,7866
20191004,25.88,26.06,25.84,26.06,899
20191007,25.98,26.11,25.98,26,2612
20191008,25.64,25.7,25.51,25.51,5995
20191009,25.79,25.79,25.7,25.74,1928
20191010,26.06,26.21,25.98,26.06,7021
20191011,26.72,26.98,26.55,26.55,7016
20191014,26.41,26.5,26.35,26.46,8001
20191015,26.65,26.87,26.65,26.79,7019
20191016,26.77,26.92,26.76,26.76,7420
20191017,26.83,27.17,26.83,27.17,4334
20191018,27.24,27.46,27.24,27.46,5096
20191021,27.65,27.91,27.65,27.67,5740
20191022,27.71,27.84,27.71,27.84,1525
20191023,27.79,27.93,27.69,27.89,51005
20191024,27.96,27.96,27.5,27.61,2207
20191025,27.73,27.73,27.65,27.72,1451
20191028,27.78,28.05,27.78,27.96,5136
20191029,27.78,28,27.65,27.92,6889
20191030,27.93,28.1,27.89,28.1,6722
20191031,28.01,28.01,27.69,27.81,2326
20191101,27.93,28.39,27.93,28.39,3586
20191104,28.71,28.84,28.49,28.77,16236
20191105,28.9,29.02,28.9,28.94,15739
20191106,28.94,28.94,28.72,28.75,4870
20191107,28.95,29.04,28.76,28.91,14218
20191108,28.72,28.76,28.64,28.74,3751
20191111,28.61,28.72,28.61,28.68,2485
20191112,28.73,28.86,28.7,28.74,2104
20191113,28.61,28.61,28.5,28.55,3131
20191114,28.66,28.66,28.52,28.52,1650
20191115,28.57,28.66,28.5,28.51,29755
20191118,28.4,28.4,28.31,28.39,8706
20191119,28.48,28.51,28.35,28.35,1958
20191120,28.27,28.33,27.91,28.19,7377
20191121,28.12,28.12,27.82,27.88,3527
20191122,28.09,28.1,28,28.1,1318
20191125,28.41,28.74,28.41,28.74,4752
20191126,28.64,28.83,28.64,28.74,3609
20191127,28.87,28.87,28.78,28.83,1173
20191129,28.61,28.67,28.61,28.67,691
20191202,28.7,28.74,28.41,28.41,7823
20191203,28.19,28.19,27.97,28.03,2541
20191204,28.35,28.43,28.33,28.4,6274
20191205,28.4,28.4,28.29,28.35,2430
20191206,28.55,28.84,28.55,28.74,40403
20191209,28.69,28.69,28.53,28.58,7538
20191210,28.43,28.48,28.41,28.43,2261
20191211,28.6,28.75,28.6,28.75,3371
20191212,28.82,29.14,28.82,29.04,22488
20191213,29.1,29.14,28.7,28.7,19663
20191216,28.94,29.06,28.87,28.87,2589
20191217,28.89,29.06,28.89,29.04,5182
20191218,29.08,29.11,28.95,29.11,6204
20191219,29.05,29.11,29.04,29.04,4705
20191220,29.13,29.23,29.13,29.14,6783
20191223,29.16,29.22,29.04,29.19,6824
20191224,29.23,29.23,29.15,29.17,1125
20191226,29.17,29.17,29.01,29.08,1985
20191227,29.11,29.11,28.87,28.88,26557
20191230,28.91,29.14,28.85,29.03,15431
20191231,29.08,29.1,29.04,29.06,6560
20200102,29.13,29.14,28.69,28.77,4706
20200103,28.8,29.06,28.8,29.06,44059
20200106,28.72,28.96,28.71,28.96,16151
20200107,28.92,28.93,28.8,28.92,12786
20200108,28.9,28.99,28.87,28.87,5602
20200109,28.89,29.04,28.89,28.98,3832
20200110,28.78,28.86,28.67,28.72,17088
20200113,28.67,28.9,28.61,28.9,4725
20200114,28.8,29.06,28.76,28.77,7033
20200115,28.82,28.99,28.77,28.82,8919
20200116,29.03,29.42,29.03,29.38,12124
20200117,29.64,29.64,29.28,29.39,8542
20200121,29.19,29.19,29,29,3034
20200122,29.18,29.18,28.97,29.02,3796
20200123,28.81,28.97,28.78,28.97,2168
20200124,29.11,29.11,28.51,28.62,1892
20200127,28.28,28.5,28.02,28.42,42799
20200128,28.41,28.59,28.41,28.5,7883
20200129,28.46,28.55,28.36,28.36,5655
20200130,28.09,28.45,28.09,28.45,12881
20200131,28.5,28.52,27.89,27.89,19809
20200203,28.02,28.34,28.02,28.15,8342
20200204,28.66,28.8,28.62,28.72,18178
20200205,29.03,29.36,28.98,29.33,11972
20200206,29.19,29.19,28.92,28.93,13733
20200207,28.62,28.64,28.44,28.48,11995
20200210,28.43,28.67,28.43,28.67,6225
20200211,28.78,29.22,28.78,29.06,46164
20200212,29.26,29.41,29.26,29.35,5729
20200213,29.16,29.49,29.16,29.48,12763
20200214,29.43,29.45,29.18,29.25,9040
20200218,29.07,29.15,29,29.08,3344
20200219,29.12,29.14,29.04,29.04,20719
20200220,29.13,29.28,29.12,29.15,8421
20200221,29.06,29.16,28.92,29.09,125408
20200224,28.21,28.31,28.08,28.31,2859
20200225,28.13,28.22,27.32,27.36,7403
20200226,27.45,27.45,26.84,26.9,3619
20200227,26.11,26.76,25.97,26.3,24646
20200228,25.04,25.51,25.03,25.4,12705
20200302,25.52,26.33,25.31,26.33,30779
20200303,26.23,26.66,25.5,25.7,4129
20200304,25.97,26.41,25.86,26.41,20636
20200305,25.91,25.96,25.29,25.47,2722
20200306,25.08,25.08,24.6,24.72,12282
20200309,23.18,23.65,22.52,22.7,15346
20200310,23.32,23.32,22.06,22.92,12870
20200311,22.21,22.31,21.63,21.92,12814
20200312,20.3,20.36,19.517,19.629,23060
20200313,20.43,20.72,19.356,20.72,346117
20200316,18.158,19.431,18.158,18.158,35314
20200317,18.507,19.41,17.958,19.41,34340
20200318,18.178,18.208,16.702,17.03,54648
20200319,16.911,18.203,16.631,18.203,19845
20200320,18.258,18.478,17.23,17.23,44345
20200323,17.649,17.649,16.551,16.871,56262
20200324,17.869,18.628,17.729,18.628,27410
20200325,18.168,19.596,18.168,19.177,17371
20200326,19.091,20.25,19.016,20.04,54972
20200327,19.426,19.526,19.191,19.526,42040
20200330,19.276,19.486,18.937,19.486,19410
20200331,19.546,20.01,19.466,19.954,10378
20200401,18.967,19.274,18.703,18.738,27535
20200402,18.847,19.403,18.787,18.984,3636
20200403,18.947,19.147,18.232,18.348,15508
20200406,19.366,20.01,19.366,19.875,85558
20200407,20.77,20.95,19.845,19.845,56604
20200408,20.04,20.73,20.04,20.68,13032
20200409,21.19,21.64,21.19,21.64,34702
20200413,21.24,21.31,20.69,20.9,15440
20200414,21.4,21.52,20.95,21.16,45199
20200415,20.5,20.5,19.895,19.925,17079
20200416,19.746,19.9,19.187,19.626,23212
20200417,20.5,20.78,20.37,20.68,36654
20200420,20.13,20.51,19.985,20.11,7057
20200421,19.616,19.811,19.468,19.704,7567
20200422,19.95,19.995,19.855,19.975,34188
20200423,20.05,20.52,20.05,20.24,59717
20200424,20.36,20.56,20.04,20.38,7833
20200427,20.53,21.58,20.53,21.46,43965
20200428,22.01,22.23,21.91,22.04,9908
20200429,22.65,23.33,22.48,23.01,10345
20200430,22.76,22.76,21.94,21.94,32547
20200501,21.54,21.54,20.81,20.87,8428
20200504,20.73,20.89,20.69,20.89,3189
20200505,21.19,21.41,20.76,20.76,99726
20200506,20.69,20.75,20.35,20.35,28946
20200507,20.88,20.92,20.68,20.75,4507
20200508,21.49,21.55,21.33,21.53,12818
20200511,21.16,21.17,20.74,20.98,14601
20200512,21.05,21.05,19.895,19.895,83825
20200513,19.716,19.716,18.887,19.177,45166
20200514,18.486,19.285,18.336,19.285,34903
20200515,19.236,19.771,19.186,19.725,3561
20200518,20.6,21.56,20.6,21.56,8308
20200519,21.36,21.57,21.26,21.26,42905
20200520,21.74,22.04,21.68,21.84,6504
20200521,22.03,22.07,21.76,21.92,6038
20200522,21.97,21.97,21.69,21.81,1475
20200526,22.64,23.15,22.64,23.09,8700
20200527,23.67,24.22,23.4,24.18,16850
20200528,24.55,24.6,23.45,23.45,38868
20200529,23.06,23.27,22.88,23.22,8881
20200601,23.13,23.41,23.08,23.08,7286
20200602,23.26,23.57,23.26,23.48,2611
20200603,24.06,24.6,24.06,24.43,5456
20200604,24.24,24.76,24.1,24.75,13956
20200605,25.8,26.29,25.74,25.99,18221
20200608,26.51,26.61,26.21,26.21,13615
20200609,25.87,25.87,25.41,25.51,3657
20200610,25.38,25.39,24.67,24.67,15525
20200611,23.59,23.59,22.63,22.63,43109
20200612,23.57,23.57,22.3,22.95,30261
20200615,22.21,23.58,22.21,23.23,45816
20200616,24.39,24.72,24.22,24.25,22617
20200617,24.26,24.26,23.69,23.7,6742
20200618,23.48,23.65,23.48,23.64,4199
20200619,23.86,23.86,23.34,23.53,14989
20200622,23.04,23.61,23.04,23.59,45545
20200623,23.89,23.92,23.54,23.72,24114
20200624,23,23,22.82,22.88,6494
20200625,23.03,23.24,22.69,23.24,12476
20200626,22.76,22.83,22.72,22.77,6581
20200629,23.27,23.88,23.27,23.86,11462
20200630,23.91,24.19,23.77,24.18,7260
20200701,24,24.02,23.51,23.51,3810
20200702,24.29,24.37,23.8,23.82,16928
20200706,23.78,23.84,23.77,23.84,6048
20200707,23.5,23.59,23.29,23.29,6000
20200708,23.03,23.12,22.74,22.92,27275
20200709,22.23,22.41,22.11,22.37,13071
20200710,22.34,22.86,22.34,22.85,10202
20200713,23.07,23.41,22.85,23.36,3124
20200714,22.9,23.5,22.83,23.5,24769
20200715,24.07,24.45,24.01,24.45,36017
20200716,24.18,24.45,24.15,24.15,674
20200717,24.33,24.56,24.32,24.43,13608
20200720,24.32,24.32,23.93,24.05,7744
20200721,24.68,24.85,24.64,24.66,27273
20200722,24.76,24.76,24.58,24.58,4545
20200723,24.61,24.85,24.61,24.75,3977
20200724,24.52,24.57,24.32,24.32,2027
20200727,24.41,24.52,24.41,24.52,543
20200728,24.64,24.66,24.39,24.39,3909
20200729,24.55,25.08,24.55,25.07,23352
20200730,24.78,24.88,24.64,24.82,2909
20200731,24.73,24.73,24.24,24.66,70232
20200803,24.83,25.35,24.73,25.27,11691
20200804,25.33,25.61,25.33,25.61,7498
20200805,25.95,26.32,25.95,26.32,9598
20200806,26.36,26.45,26.36,26.45,912
20200807,26.25,26.95,26.25,26.93,2665
20200810,27.34,27.61,27.3,27.46,23150
20200811,27.9,28.15,27.74,27.74,52355
20200812,28.2,28.2,27.49,27.65,33027
20200813,27.47,27.5,27.12,27.18,23196
20200814,27.04,27.46,26.99,27.34,20385
20200817,27.44,27.44,27.26,27.34,9796
20200818,27.11,27.14,26.92,26.92,1324
20200819,27.24,27.24,26.92,26.92,4128
20200820,26.68,26.73,26.64,26.64,1706
20200821,26.57,26.61,26.32,26.43,15609
20200824,26.74,26.93,26.58,26.77,7965
20200825,26.87,26.87,26.65,26.81,1964
20200826,26.72,26.92,26.59,26.76,16290
20200827,26.85,26.95,26.74,26.95,1678
20200828,26.93,26.93,26.9,26.9,277
20200831,27.01,27.09,26.81,27,12923
20200901,26.76,27.29,26.66,27.29,8082
20200902,27.34,27.6,27.33,27.6,10829
20200903,27.54,27.54,26.73,26.84,16939
20200904,27,27.08,26.58,26.73,4712
20200908,26.34,26.38,26.13,26.27,4486
20200909,26.2,26.49,26.2,26.3,230209
20200910,26.54,26.54,25.95,25.96,1582
20200911,26,26.09,25.92,25.92,920
20200914,26.08,26.27,26.08,26.27,3986
20200915,26.38,26.41,26.05,26.05,5196
20200916,26.21,26.63,26.12,26.4,77201
20200917,26.01,26.57,25.96,26.42,10380
20200918,26.5,26.5,25.99,26.14,4030
20200921,25.69,25.69,24.62,24.98,10082
20200922,25.17,25.17,24.98,24.98,4048
20200923,25.46,25.46,24.82,24.82,5957
20200924,24.73,25.13,24.72,24.78,68809
20200925,24.72,25.16,24.72,25.12,19127
20200928,25.47,26.01,25.47,25.79,17036
20200929,25.52,25.79,25.52,25.76,60059
20200930,25.86,26.1,25.5,25.61,6893
20201001,25.87,25.87,25.52,25.85,6520
20201002,25.37,26.29,25.26,26.27,9578
20201005,26.48,26.9,26.48,26.9,1914
20201006,27.06,27.65,26.91,26.91,39565
20201007,27.48,27.63,27.4,27.6,19439
20201008,27.73,27.9,27.59,27.9,76107
20201009,28.11,28.14,27.87,27.99,6434
20201012,28.01,28.44,28.01,28.39,7440
20201013,28.22,28.22,27.86,27.94,12837
20201014,27.98,28.15,27.61,27.61,407
20201015,27.47,27.95,27.47,27.95,5595
20201016,28.13,28.31,28.11,28.17,7939
20201019,28.28,28.37,27.9,27.9,3248
20201020,28.11,28.2,28.05,28.05,2243
20201021,28.19,28.27,28.04,28.08,830
20201022,27.97,28.26,27.97,28.26,11123
20201023,28.45,28.53,28.35,28.53,31917
20201026,28.13,28.13,27.66,27.84,3028
20201027,27.84,27.84,27.2,27.2,890
20201028,26.39,26.39,26.29,26.29,1664
20201029,26.07,26.66,26.07,26.56,5174
20201030,26.48,26.7,26.36,26.42,8167
20201102,26.92,27.26,26.85,27.26,13737
20201103,27.71,28,27.71,27.98,6068
20201104,27.47,27.59,26.85,27.19,48845
20201105,27.4,28.39,27.4,28.11,17634
20201106,28.26,28.28,27.84,27.84,9143
20201109,29.77,30.17,29.63,29.7,20719
20201110,29.74,30.62,29.74,30.5,11280
20201111,30.73,30.73,29.89,30.07,13552
20201112,29.98,29.98,29.36,29.53,7579
20201113,29.87,30.24,29.87,30.24,6707
20201116,30.87,31.36,30.81,31.21,85524
20201117,31.03,31.25,30.71,31.17,13252
20201118,31.4,31.49,31.23,31.3,27820
20201119,31.15,31.16,30.74,31.13,7465
20201120,31.06,31.06,30.81,30.92,9381
20201123,31.48,31.88,31.48,31.79,40951
20201124,31.93,32.81,31.93,32.65,52124
20201125,32.46,32.46,32.06,32.24,14085
20201127,32.41,32.41,31.94,32.12,8805
20201130,31.97,31.97,31.37,31.4,13979
20201201,31.75,31.93,31.59,31.74,12215
20201202,31.58,31.76,31.41,31.67,8172
20201203,31.63,32.06,31.63,32.06,5472
20201204,32.04,32.72,32.04,32.72,5615
20201207,32.9,32.9,32.38,32.68,62798
20201208,32.62,33.19,32.62,33.14,6510
20201209,33.58,33.6,33.39,33.47,3590
20201210,33.37,33.37,33.09,33.28,3635
20201211,33.42,33.46,33.18,33.22,9293
20201214,33.63,33.73,32.99,33.1,24494
20201215,33.37,33.76,33.2,33.66,4440
20201216,33.81,33.81,33.46,33.59,3727
20201217,33.75,33.75,33.3,33.45,14695
20201218,33.76,33.81,33.32,33.32,15831
20201221,32.94,33.18,32.81,33.06,7521
20201222,33.42,33.49,33.18,33.44,11269
20201223,33.67,34.07,33.67,33.87,39848
20201224,33.86,33.94,33.74,33.82,3891
20201228,34.35,34.42,34.09,34.25,6724
20201229,34.1,34.1,33.3,33.5,6190
20201230,33.5,33.92,33.5,33.82,44474
20201231,33.66,34.09,33.64,33.91,21057
20210104,33.87,34.18,32.97,33.26,23579
20210105,33.08,34.01,33.08,33.97,4152
20210106,34.28,36.7,34.28,36.47,53020
20210107,36.83,37.06,36.67,36.97,36829
20210108,37.2,37.2,35.96,36.33,51937
20210111,36.07,36.48,36.06,36.43,51001
20210112,36.67,37.35,36.55,37.27,8905
20210113,37.42,37.42,36.56,36.66,36149
20210114,37.01,37.58,36.93,37.45,23817
20210115,37.07,37.07,36.31,36.76,21879
20210119,37.24,37.54,37.18,37.27,59247
20210120,37.46,37.52,37.07,37.42,22594
20210121,37.54,37.54,36.96,37.12,13394
20210122,37.08,37.47,36.88,37.47,7822
20210125,37.53,37.53,36.3,36.8,43266
20210126,37.17,37.31,36.37,36.48,47736
20210127,35.75,35.75,34.87,35.36,13993
20210128,35.09,35.77,35.09,35.48,27641
20210129,35.41,35.41,34.51,34.59,71586
20210201,34.84,35.51,34.52,35.41,25475
20210202,35.57,36.16,35.52,36.15,2499
20210203,36.34,36.34,35.67,36.15,36119
20210204,36.32,36.76,36.32,36.76,23059
20210205,37.12,37.12,36.72,37.02,10665
20210208,37.29,37.91,37.29,37.81,13430
20210209,37.73,37.97,37.54,37.81,24720
20210210,37.99,37.99,37.57,37.58,8089
20210211,37.8,38.13,37.07,37.65,34517
20210212,37.59,37.78,37.39,37.78,7567
20210216,38.21,38.34,38.03,38.04,19839
20210217,38,38,37.6,37.89,27332
20210218,37.78,37.78,37.38,37.45,6081
20210219,37.59,38.24,37.57,38.21,38359
20210222,38.13,38.87,38.02,38.84,30148
20210223,38.65,39.05,38.34,38.89,165885
20210224,39.16,39.99,39.07,39.83,65281
20210225,40.01,40.01,38.68,38.9,38728
20210226,38.93,38.99,38.35,38.38,41522
20210301,38.96,39.97,38.96,39.75,29772
20210302,39.83,39.95,39.06,39.06,12318
20210303,39.07,39.98,39.07,39.27,57338
20210304,39.33,39.51,37.92,38.29,103448
20210305,38.85,39.56,37.88,39.52,65561
20210308,39.81,40.56,39.75,40.15,153141
20210309,40.61,40.81,40.16,40.3,158270
20210310,40.46,41.29,40.46,41.1,215120
20210311,41.61,41.67,41.11,41.48,67804
20210312,41.8,42.49,41.8,42.46,259385
20210315,42.5,42.55,41.71,42.27,95970
20210316,42.07,42.29,41.53,41.72,68334
20210317,41.46,41.89,41.24,41.62,28061
20210318,41.6,41.95,40.72,40.79,32808
20210319,40.64,40.82,40.15,40.5,67670
20210322,40.59,40.59,39.6,39.89,54492
20210323,39.55,39.72,38.24,38.43,116305
20210324,38.72,39.46,38.32,38.39,86223
20210325,38.09,39.31,37.64,39.18,86482
20210326,39.49,40.38,39.49,40.38,51896
20210329,40.18,40.58,39.21,39.21,64405
20210330,39.22,40.37,39.22,40.23,79895
20210331,40.46,40.86,40.08,40.56,79105
20210401,40.82,41,40.49,41,53316
20210405,41.58,41.67,41.14,41.33,86912
20210406,41.42,41.8,41.27,41.35,72446
20210407,41.41,41.48,40.57,40.71,120037
20210408,40.89,41.15,40.33,40.78,33522
20210409,40.92,41.39,40.8,41.33,31381
20210412,41.29,41.43,41.13,41.41,79328
20210413,41.38,41.38,40.48,40.8,91463
20210414,40.94,41.52,40.94,41.09,43132
20210415,41.48,41.58,40.85,41.15,51577
20210416,41.34,41.77,41.33,41.56,113823
20210419,41.57,41.57,40.74,40.99,37183
20210420,40.88,41.04,39.98,40.37,64877
20210421,40.43,41.11,40.29,41.04,31999
20210422,41.31,41.35,40.79,40.81,34566
20210423,40.96,41.89,40.8,41.66,47429
20210426,42.02,42.2,41.74,41.74,91202
20210427,41.96,42.17,41.68,41.89,65600
20210428,41.91,41.97,41.58,41.75,272715
20210429,42.16,42.17,41.72,42.09,32126
20210430,41.88,41.91,41.38,41.51,45966
20210503,41.98,42.34,41.73,42.15,56484
20210504,42.1,42.1,41.59,42.03,73869
20210505,42.16,42.32,41.62,41.9,67624
20210506,42.09,42.31,41.59,42.31,69368
20210507,42.3,42.79,42.07,42.78,50192
20210510,42.98,43.04,42.26,42.26,64592
20210511,41.56,42.04,40.98,41.76,94837
20210512,41.58,41.58,40.04,40.16,51646
20210513,40.26,41.37,40.22,41.37,48700
20210514,41.49,41.84,41.38,41.83,23723
20210517,41.67,41.81,41.21,41.8,71394
20210518,41.76,41.76,41.04,41.04,37782
20210519,40.34,40.62,39.82,40.62,234503
20210520,40.51,40.83,40.31,40.67,162292
20210521,41.16,41.46,41.02,41.2,17165
20210524,41.42,41.42,41.09,41.13,85848
20210525,41.28,41.48,40.5,40.5,85229
20210526,40.64,41.03,40.54,40.98,15995
20210527,41.34,41.66,41.34,41.62,33312
20210528,41.71,41.88,41.24,41.68,34079
20210601,41.92,42.33,41.92,42.24,83601
20210602,42.41,42.41,41.52,41.67,27970
20210603,41.61,41.85,41.12,41.78,59350
20210604,42.06,42.11,41.68,42.06,42133
20210607,42.14,42.14,41.9,42.13,24689
20210608,42.27,42.69,42.08,42.54,77025
20210609,42.63,42.69,42.36,42.42,21793
20210610,42.65,42.65,41.72,41.73,23322
20210611,41.83,42.18,41.7,41.87,18495
20210614,42.02,42.02,41.37,41.54,27201
20210615,41.59,41.75,41.32,41.7,77757
20210616,41.69,41.75,41.28,41.5,14469
20210617,41.53,41.53,40.21,40.42,91413
20210618,39.47,40.03,39.26,39.36,54491
20210621,39.57,40.3,39.57,40.17,14534
20210622,40.16,40.36,39.76,40.29,14897
20210623,40.39,40.62,40.27,40.27,148941
20210624,40.36,41.18,40.36,41.16,17633
20210625,41.21,41.58,41.2,41.21,25811
20210628,41.24,41.24,40.48,40.69,12733
20210629,40.83,40.98,40.54,40.56,98960
20210630,40.64,41.03,40.6,40.91,43652
20210701,41.23,41.32,41.02,41.13,48396
20210702,41.24,41.24,40.52,40.61,161110
20210706,40.65,40.65,39.41,40,62472
20210707,39.94,40.17,39.65,40.07,55006
20210708,39.19,40.01,39.14,39.45,16384
20210709,39.91,40.52,39.91,40.42,101211
20210712,40.21,40.88,40.16,40.82,12989
20210713,40.69,40.69,40.08,40.1,105965
20210714,40.32,40.62,39.83,40.01,67542
20210715,39.75,40,39.52,39.83,81906
20210716,40.21,40.29,39.39,39.39,24756
20210719,38.73,38.95,38.09,38.54,206663
20210720,38.65,40.14,38.52,39.81,139325
20210721,39.94,40.66,39.94,40.33,28896
20210722,40.16,40.2,39.59,39.61,42077
20210723,39.96,40.2,39.58,40.13,17104
20210726,40.42,40.77,40.39,40.45,33562
20210727,40.22,40.66,40.02,40.36,117384
20210728,40.75,41.33,40.26,41.06,45532
20210729,41.47,41.7,41.16,41.5,62818
20210730,41.44,41.66,41.05,41.26,27717
20210802,41.46,42.23,40.78,40.82,38435
20210803,40.97,41.51,40.76,41.42,23138
20210804,41.05,41.28,40.92,40.93,19981
20210805,41.19,41.73,41.14,41.45,28579
20210806,41.85,41.93,41.6,41.7,10299
20210809,41.42,41.62,41.33,41.43,11731
20210810,41.44,42.25,41.44,42.25,23922
20210811,42.56,42.84,42.16,42.84,19051
20210812,42.81,43.13,42.6,42.74,10385
20210813,42.87,42.87,42.21,42.31,32021
20210816,42.07,42.15,41.65,41.99,18594
20210817,41.7,41.84,40.85,41.27,35071
20210818,41.13,41.53,41.07,41.07,121057
20210819,40.63,40.83,40.43,40.65,12314
20210820,40.53,41.33,40.53,41.19,40907
20210823,41.49,41.72,41.45,41.54,10640
20210824,41.78,42.07,41.72,42,13794
20210825,41.99,42.31,41.98,42.15,7931
20210826,41.9,42.05,41.63,41.63,13288
20210827,41.93,42.89,41.88,42.67,9731
20210830,42.83,42.83,42.52,42.66,11681
20210831,42.7,42.7,42.41,42.6,61549
20210901,42.52,42.52,42.01,42.34,21488
20210902,42.57,42.97,42.52,42.97,24103
20210903,42.95,43.01,42.41,42.62,8688
20210907,42.54,42.72,42.22,42.24,13812
20210908,42.12,42.16,41.73,41.97,6456
20210909,41.97,42.03,41.54,41.66,11625
20210910,41.88,41.88,41.01,41.01,13421
20210913,41.44,41.44,41.05,41.22,18331
20210914,41.47,41.58,40.6,40.72,77666
20210915,40.58,41.29,40.58,41.24,19559
20210916,41.36,41.36,40.66,40.95,9873
20210917,40.9,41.02,40.52,40.97,71147
20210920,39.97,40.32,39.57,40.21,116042
20210921,40.44,40.44,39.71,39.88,11389
20210922,40.21,40.63,40.21,40.28,8262
20210923,40.66,41.56,40.66,41.31,24224
20210924,41.06,41.48,41.04,41.29,14125
20210927,41.46,42.4,41.46,42.26,14672
20210928,42.18,42.18,41.24,41.37,45063
20210929,41.55,41.75,41.28,41.65,17302
20210930,41.8,41.89,40.9,40.99,25560
20211001,41.09,41.78,40.74,41.78,19940
20211004,41.61,41.61,41.16,41.5,27168
20211005,41.31,41.78,41.25,41.73,15136
20211006,41.36,41.36,40.69,41.25,6276
20211007,41.81,42.33,41.81,42.08,15736
20211008,42.15,42.15,41.76,41.76,28754
20211011,41.88,42.07,41.42,41.42,16714
20211012,41.56,41.66,41.42,41.44,8962
20211013,41.71,41.71,41.12,41.4,45661
20211014,41.84,42.19,41.67,42.12,6684
20211015,42.75,42.76,42.13,42.13,30135
20211018,41.93,42.14,41.76,42.14,35854
20211019,42.37,42.48,41.98,42.37,7209
20211020,42.37,42.85,42.09,42.85,9806
20211021,42.77,43.06,42.77,43.06,12590
20211022,43.2,43.45,43.06,43.22,13573
20211025,43.3,43.66,43.02,43.65,14268
20211026,43.69,43.93,43.39,43.5,20740
20211027,43.47,43.67,42.67,42.67,18804
20211028,42.77,43.77,42.77,43.77,15313
20211029,43.64,44.11,43.64,43.86,20419
20211101,44.15,45.17,44.15,45.17,46203
20211102,45.22,45.22,44.56,44.82,15016
20211103,44.76,45.37,44.53,45.3,20474
20211104,45.35,45.63,45.18,45.49,48265
20211105,46.04,46.95,46.04,46.83,15573
20211108,47.66,47.98,47.42,47.44,36925
20211109,47.33,47.33,46.84,47.18,34879
20211110,46.95,47.36,46.79,47.09,45122
20211111,47.14,47.46,46.82,47.2,16841
20211112,47.21,47.6,47.21,47.54,33871
20211115,47.67,47.67,47.11,47.36,17772
20211116,47.25,47.89,47.23,47.76,33019
20211117,47.65,47.71,46.91,47.34,12236
20211118,47.4,47.54,46.78,47.03,41096
20211119,46.83,47.36,46.78,47.11,32582
20211122,47.47,47.96,47.19,47.28,39434
20211123,47.26,47.57,47,47.42,45557
20211124,47.11,47.33,46.93,47.16,18712
20211126,46.09,46.1,44.87,45.59,19175
20211129,46.32,46.32,45.12,45.32,54335
20211130,44.87,44.93,43.73,43.91,36552
20211201,45.07,45.14,43.4,43.54,103124
20211202,43.57,44.88,43.57,44.77,12766
20211203,44.96,44.96,43.84,44.32,61267
20211206,44.79,45.15,44.48,44.99,22256
20211207,45.58,46.06,45.42,45.57,26128
20211208,45.76,45.79,45.46,45.57,60528
20211209,45.33,45.33,44.7,44.7,17665
20211210,45.11,45.12,44.43,44.8,20831
20211213,44.61,44.77,44.42,44.52,16924
20211214,44.2,44.68,43.88,44,7865
20211215,43.91,44.48,43.36,44.44,53705
20211216,44.89,44.89,43.68,43.87,22699
20211217,43.66,44.09,43.05,43.3,26268
20211220,42.82,42.82,41.55,42.31,156460
20211221,42.81,43.55,42.81,43.55,10650
20211222,43.62,44.03,43.38,43.98,61647
20211223,44.27,44.56,44.1846,44.4,22575
20211227,44.55,45.11,44.25,45.11,31903
20211228,45.1068,45.25,44.95,45.01,8357
20211229,45.05,45.29,44.94,45.2,17739
20211230,45.17,45.52,44.7724,44.89,8773
20211231,44.87,45.17,44.77,45.1155,6763
20220103,45.29,45.74,44.9761,45.23,39056
20220104,45.54,46.08,45.54,45.99,169028
20220105,46.09,46.35,44.85,44.85,32530
20220106,45.09,45.4,44.85,45.21,19989
20220107,45.15,45.3484,44.33,44.33,50177
20220110,44.16,44.16,43.55,44.027,20620
20220111,43.73,44.46,43.52,44.34,68658
20220112,44.62,44.82,43.99,44.26,64744
20220113,44.42,44.7495,44.17,44.17,27317
20220114,43.9,44.09,43.66,44.04,17513
20220118,43.79,43.79,43.09,43.09,33020
20220119,43.42,43.42,41.98,42,96672
20220120,42.17,42.8192,41.19,41.19,29446
20220121,40.95,41.92,40.72,40.82,37622
20220124,40.08,41.51,39.72,41.46,33194
20220125,40.73,41.19,40.1,40.72,7242
20220126,41.3,41.6382,39.84,40.37,28763
20220127,40.61,40.9765,39.3819,39.39,11180
20220128,39.52,39.8,38.63,39.79,31740
20220131,39.65,41.01,39.65,40.88,43054
20220201,41.11,41.39,40.57,41.39,28418
20220202,41.47,41.47,40.57,40.68,53793
20220203,40.33,40.8,40.0801,40.17,168132
20220204,40.23,40.4092,39.61,40.085,78084
20220207,40.1,40.482,40.0035,40.26,24827
20220208,40.19,41.1502,40.19,41.11,39029
20220209,41.8,42.6699,41.8,42.55,46738
20220210,41.9,42.7854,41.7165,41.89,29476
20220211,42,42.29,41.2389,41.38,41386
20220214,41.6,41.77,41.1609,41.53,22965
20220215,41.83,42.69,41.83,42.58,33244
20220216,42.58,43.07,42.3137,42.84,18189
20220217,42.48,42.56,41.9622,42.08,10121
20220218,41.86,42.15,41.76,41.85,32481
