Date,Open,High,Low,Close,Volume
20190401,25.3,25.3,25.069,25.27,798365
20190402,25.2579,25.29,25.1609,25.2723,85194
20190403,25.29,25.37,25.2693,25.3194,72988
20190404,25.37,25.37,25.29,25.3561,34970
20190405,25.45,25.47,25.3565,25.4344,38653
20190408,25.51,25.51,25.3,25.49,46451
20190409,25.45,25.45,25.34,25.35,104428
20190410,25.39,25.44,25.37,25.4298,20165
20190411,25.45,25.45,25.3517,25.4253,9172
20190412,25.565,25.565,25.51,25.565,7932
20190415,25.64,25.64,25.4936,25.57,11070
20190416,25.65,25.65,25.51,25.58,76663
20190417,25.72,25.72,25.4937,25.56,12443
20190418,25.4377,25.6,25.4377,25.584,10415
20190422,25.55,25.5813,25.5081,25.5583,29882
20190423,25.66,25.75,25.64,25.722,4386
20190424,25.72,25.74,25.6401,25.71,2050
20190425,25.75,25.75,25.5991,25.6966,21219
20190426,25.73,25.74,25.6191,25.7339,11811
20190429,25.7509,25.82,25.74,25.81,6584
20190430,25.7122,25.84,25.6461,25.84,20002
20190501,25.86,25.89,25.6584,25.6584,14974
20190502,25.72,25.7286,25.53,25.594,4585
20190503,25.72,25.82,25.72,25.79,20470
20190506,25.61,25.7097,25.5835,25.7097,3348
20190507,25.58,25.58,25.3,25.429,46551
20190508,25.355,25.5,25.355,25.3816,36248
20190509,25.2109,25.37,25.0928,25.3326,12255
20190510,25.32,25.3802,25.0501,25.3802,17126
20190513,25.09,25.09,24.89,24.9818,13046
20190514,25.12,25.25,25.08,25.13,11814
20190515,25.1,25.3,25.1,25.2308,14642
20190516,25.36,25.52,25.36,25.4,5996
20190517,25.2661,25.445,25.2661,25.2993,4566
20190520,25.2,25.2226,25.1697,25.18,10309
20190521,25.3,25.37,25.2501,25.35,7495
20190522,25.2887,25.339,25.2575,25.3,8666
20190523,25.07,25.07,24.9,25.0232,11924
20190524,25.2,25.2,25.0401,25.104,13708
20190528,25.11,25.13,24.9349,24.9349,27212
20190529,24.85,24.86,24.72,24.7767,1640
20190530,24.87,24.87,24.8,24.8107,14411
20190531,24.63,24.6704,24.5851,24.5851,6261
20190603,24.5713,24.5944,24.48,24.5166,6450
20190604,24.78,24.92,24.7057,24.9193,14027
20190605,25.1,25.12,24.98,25.0802,19800
20190606,25.1184,25.27,25.0701,25.26,13468
20190607,25.5,25.5,25.38,25.4348,6105
20190610,25.5109,25.59,25.5109,25.5251,37232
20190611,25.67,25.67,25.485,25.4904,7532
20190612,25.49,25.51,25.445,25.4502,7072
20190613,25.55,25.6,25.47,25.5114,4447
20190614,25.5083,25.54,25.5,25.54,692
20190617,25.55,25.55,25.5153,25.5153,200
20190618,25.6,25.7081,25.6,25.7081,2820
20190619,25.78,25.82,25.78,25.82,1181
20190620,25.8285,25.9593,25.8285,25.9593,105
20190621,25.98,26,25.9405,26,3031
20190624,25.9281,25.9281,25.9281,25.9281,9
20190625,25.97,25.97,25.7501,25.7651,4290
20190626,25.77,25.77,25.74,25.74,7225
20190627,25.789,25.7965,25.7501,25.7965,2105
20190628,25.79,25.92,25.79,25.8799,3650
20190701,26.2,26.2,25.95,26.052,17188
20190702,26.12,26.12,26.03,26.0551,3934
20190703,26.11,26.2453,26.11,26.2453,100
20190705,26.0679,26.28,26.0679,26.2302,2483
20190708,26.1472,26.19,26.11,26.1403,6515
20190709,26.115,26.17,26.0601,26.07,47469
20190710,26.13,26.2452,26.13,26.2452,11121
20190711,26.2435,26.2982,26.2435,26.2982,2886
20190712,26.34,26.3767,26.34,26.3752,4604
20190715,26.42,26.43,26.35,26.3901,52570
20190716,27.52,27.52,26.33,26.36,26283
20190717,26.32,26.32,26.23,26.25,55334
20190718,26.23,26.28,26.1408,26.275,74882
20190719,26.27,26.2826,26.18,26.18,5862
20190722,26.24,26.24,26.2,26.2301,4556
20190723,26.27,26.37,26.25,26.3352,26203
20190724,27.43,27.43,27.43,27.43,1958
20190725,26.44,26.66,26.2901,26.341,4379
20190729,26.4101,26.51,26.41,26.41,6990
20190730,26.3,26.3952,26.3,26.3952,1966
20190731,26.425,26.43,26.09,26.193,31413
20190801,26.3,26.37,25.9613,25.9879,18208
20190802,25.87,25.93,25.74,25.8549,5699
20190805,25.53,25.53,25.2,25.3,14708
20190806,25.3797,25.5376,25.3797,25.5279,2156
20190807,25.3,25.5541,25.205,25.5541,5129
20190808,25.7315,25.9,25.71,25.8929,51061
20190809,25.89,25.89,25.67,25.8182,1053
20190812,25.59,25.6259,25.56,25.56,5944
20190813,25.5916,25.8955,25.5916,25.8375,5912
20190814,25.47,25.48,25.29,25.33,6399
20190815,25.3155,25.39,25.27,25.3652,20504
20190816,25.57,25.64,25.5639,25.637,16897
20190819,25.8411,25.8555,25.8411,25.8555,524
20190820,25.7204,25.83,25.7204,25.7362,9338
20190821,25.89,25.891,25.8417,25.8417,579
20190822,25.8226,25.8824,25.8226,25.8824,5132
20190823,25.74,25.85,25.2766,25.2766,6319
20190826,25.44,25.509,25.4343,25.4916,8100
20190827,25.61,25.699,25.46,25.4862,2441
20190828,25.5803,25.5803,25.5803,25.5803,8
20190829,25.88,25.88,25.81,25.8433,9029
20190830,25.8079,25.8409,25.78,25.8409,2430
20190903,25.6907,25.7173,25.64,25.7173,805
20190905,26,26.1954,26,26.1954,3223
20190906,26.1854,26.2103,26.16,26.2103,580
20190909,26.1926,26.2005,26.1926,26.2005,645
20190910,26.0888,26.1785,26.0888,26.1785,1268
20190911,26.19,26.3452,26.19,26.3452,2550
20190912,26.44,26.52,26.4201,26.4643,10323
20190913,26.46,26.46,26.38,26.408,2213
20190916,26.3451,26.3451,26.3451,26.3451,133
20190918,26.39,26.4054,26.35,26.4054,498
20190919,26.41,26.4545,26.4091,26.4091,576
20190920,26.4225,26.4225,26.3423,26.3423,386
20190923,26.2745,26.3402,26.2745,26.3402,160203
20190924,26.155,26.155,26.145,26.145,100
20190925,26.171,26.292,26.171,26.292,484
20190926,26.2338,26.2495,26.2338,26.2495,150
20190927,26.205,26.2589,26.07,26.09,5683
20190930,26.2082,26.2999,26.2082,26.2466,6500
20191001,26.3,26.3,25.94,26.0202,4629
20191002,25.8804,25.8804,25.65,25.6557,9851
20191003,25.5467,25.7828,25.5467,25.7828,2249
20191004,25.96,26.1,25.96,26.0811,3353
20191007,26.0237,26.0398,26.0112,26.0248,2620
20191008,25.7456,25.7992,25.6961,25.6961,1789
20191009,25.87,25.9,25.8001,25.8941,3558
20191010,26.0232,26.0232,26.0102,26.0102,101
20191011,26.28,26.28,26.2213,26.2213,900
20191014,26.1626,26.174,26.1626,26.174,212
20191015,26.43,26.43,26.3477,26.3477,1348
20191016,26.3225,26.39,26.3225,26.3389,2634
20191017,26.39,26.3913,26.38,26.3913,5789
20191018,26.3228,26.3228,26.3228,26.3228,80
20191021,26.3911,26.4599,26.3893,26.4349,6043
20191022,26.4614,26.4614,26.3738,26.3738,911
20191023,26.4084,26.4084,26.4084,26.4084,96
20191024,26.4598,26.4598,26.4598,26.4598,27
20191025,26.549,26.549,26.527,26.5393,968
20191028,26.55,26.67,26.55,26.645,63413
20191029,26.6565,26.6565,26.6392,26.6392,100
20191030,26.7,26.7032,26.5617,26.7001,12364
20191031,26.52,26.6092,26.52,26.6092,1778
20191101,26.74,26.8399,26.74,26.8261,7710
20191104,26.9195,26.9195,26.9195,26.9195,57
20191105,26.93,26.93,26.9,26.9097,2539
20191106,26.87,26.96,26.86,26.915,7619
20191107,27.09,27.09,26.9924,26.9924,7818
20191108,26.9658,27.03,26.96,27.0168,11442
20191111,26.94,26.9857,26.94,26.9857,2218
20191112,27.08,27.1,27.0358,27.0358,25674
20191113,27.09,27.09,27.05,27.0802,2860
20191114,27.07,27.1002,27.05,27.1002,4912
20191115,27.12,27.25,27.11,27.2253,11904
20191118,27.27,27.2999,27.15,27.2604,35671
20191119,27.28,27.28,27.2543,27.2543,1490
20191120,27.23,27.23,27.14,27.168,596
20191121,27.16,27.16,27.1452,27.1452,403
20191122,27.16,27.24,27.08,27.1951,3959
20191125,27.39,27.39,27.2701,27.3402,18008
20191126,27.33,27.35,27.32,27.35,3600
20191127,27.49,27.49,27.3701,27.43,21266
20191202,27.364,27.364,27.16,27.2543,10094
20191203,26.97,27.0679,26.92,27.0679,7825
20191204,27.23,27.29,27.1801,27.225,12866
20191205,27.31,27.31,27.14,27.2326,7733
20191206,27.4599,27.4599,27.4,27.4168,8856
20191209,27.4197,27.4364,27.33,27.33,2589
20191210,27.34,27.4,27.3,27.3,21409
20191211,27.3367,27.39,27.3367,27.375,5692
20191212,27.38,27.5806,27.38,27.525,2425
20191216,27.86,27.86,27.73,27.76,9452
20191217,27.73,27.8,27.6942,27.79,15176
20191218,27.8,27.8,27.8,27.8,110
20191219,27.75,27.765,27.75,27.765,800
20191220,27.81,27.94,27.8067,27.94,7388
20191223,27.9,27.9,27.9,27.9,1610
20191224,27.85,27.93,27.85,27.885,13365
20191226,28,28,28,28,295
20191227,27.9861,27.9861,27.9861,27.9861,500
20191230,27.8188,27.93,27.8188,27.93,2302
20200102,28.0658,28.09,28.005,28.09,7100
20200103,28.0274,28.06,28.02,28.02,1775
20200106,27.76,28.02,27.76,28.02,16540
20200107,28.0148,28.0148,27.94,27.9976,2113
20200108,27.971,28.1127,27.971,28.03,107196
20200109,28.11,28.22,28.09,28.13,16657
20200110,28.2103,28.2103,28.13,28.1789,58838
20200113,28.17,28.22,28.165,28.22,14352
20200114,28.26,28.2969,28.25,28.25,48429
20200115,28.3109,28.33,28.25,28.265,10605
20200116,28.28,28.44,28.26,28.3111,58774
20200117,28.38,28.4168,28.371,28.384,3530
20200121,28.38,28.451,28.3601,28.37,48983
20200122,28.48,28.49,28.45,28.45,5178
20200123,28.41,28.42,28.35,28.37,8400
20200124,28.2035,28.26,28.2035,28.2575,1300
20200127,28.1,28.115,27.99,28.06,57380
20200130,28.061,28.2,28.0513,28.19,3569
20200131,28.14,28.14,28.14,28.14,334
20200203,28.12,28.25,28.05,28.05,12702
20200204,28.325,28.3328,28.31,28.3328,1324
20200205,28.36,28.5007,28.36,28.5007,4658
20200206,28.56,28.56,28.535,28.535,5807
20200207,28.5032,28.51,28.4592,28.4764,2721
20200210,28.51,28.5303,28.51,28.53,2638
20200211,28.57,28.6335,28.57,28.6017,12365
20200213,28.654,28.69,28.63,28.69,7384
20200214,28.655,28.6723,28.595,28.595,7116
20200218,28.62,28.63,28.62,28.63,1899
20200219,28.71,28.8,28.7,28.8,9100
20200220,28.77,28.77,28.58,28.6892,5359
20200221,28.52,28.5498,28.51,28.53,1150
20200224,28.11,28.11,28.03,28.0656,1400
20200225,27.83,27.86,27.6899,27.6899,21400
20200226,27.52,27.52,27.2791,27.3,7307
20200227,26.64,26.85,26.45,26.45,6043
20200228,25.8404,26.1267,25.58,26.12,94591
20200302,26.34,27.24,26.24,27.24,749114
20200303,27,27.467,26.4,26.415,90767
20200304,26.8,26.8,26.8,26.8,800
20200305,26.7328,26.76,26.525,26.76,2200
20200306,26.0846,26.3281,25.8,26.243,322592
20200309,25.66,25.66,24.831,24.95,369270
20200310,25.58,25.7,24.785,25.7,627445
20200311,25.44,25.45,24.52,24.868,137426
20200312,24.11,25.99,22.07,23.27,216605
20200313,24.11,24.57,22.98,24.57,143894
20200316,22.15,23.5,21.49,22.45,48987
20200317,22.68,23.59,22.42,23.31,28305
20200318,21.901,22.62,21.901,22.602,8769
20200319,22.5,23.149,22.5,22.79,9509
20200320,22.97,23.42,21.85,21.85,51108
20200323,21.86,22.22,21.34,21.94,121073
20200324,23,23.23,22.86,22.97,26064
20200325,23.24,24.11,23.225,23.7319,98862
20200326,23.99,25,23.99,24.23,86173
20200327,24.07,24.419,23.935,24.15,25871
20200330,24.52,24.75,24.4979,24.5871,44063
20200331,24.86,24.89,24.4921,24.8201,417299
20200401,24.6,24.6,23.814,24.14,1538565
20200402,24.03,24.57,23.9789,24.48,89942
20200403,24.3087,24.59,23.8419,23.9839,75753
20200406,25.18,25.189,24.83,25.08,63129
20200407,25.73,25.7915,25.2367,25.4,211238
20200408,25.53,25.72,25.48,25.72,38633
20200409,25.871,26.098,25.8183,25.8183,7175
20200413,25.6179,25.7671,25.52,25.7,121514
20200414,26.04,26.2167,25.97,26.17,10638
20200415,25.7145,26.02,25.7145,25.862,8123
20200416,25.79,26,25.7128,25.9433,7852
20200417,26.4378,26.4399,26.05,26.23,8883
20200420,26,26.28,25.95,25.95,45474
20200421,25.69,25.69,25.4216,25.49,40399
20200422,25.79,25.9,25.6817,25.8869,21693
20200423,25.9,26.0802,25.7948,25.88,7235
20200424,25.74,26.1499,25.7354,26.092,18560
20200427,26.29,26.4499,26.2563,26.39,3223
20200428,26.5403,26.6099,26.32,26.44,215136
20200429,26.552,26.8113,26.552,26.7986,26800
20200430,26.52,26.63,26.5,26.5286,4619
20200501,26.13,26.25,25.9101,26.1,26025
20200504,26,26.13,26,26.13,19573
20200505,26.25,26.54,26.23,26.4288,18485
20200506,26.29,26.48,25.8,26.2251,113838
20200507,26.475,26.51,26.35,26.5,20478
20200508,26.555,26.78,26.5101,26.77,13964
20200511,26.74,26.9499,26.67,26.9499,6905
20200512,26.79,26.84,26.64,26.65,6259
20200513,26.625,26.625,25.82,26.11,29308
20200514,25.97,26.28,25.93,26.28,4462
20200515,26.27,26.48,26.22,26.48,6244
20200518,26.935,26.97,26.78,26.97,4600
20200519,26.76,27.008,26.76,26.875,4143
20200520,27.05,27.1775,27.0018,27.1469,3739
20200521,27.04,27.05,26.8144,26.98,14733
20200522,26.9,26.9544,26.83,26.9279,2194
20200526,27.47,27.47,27.135,27.135,12245
20200527,27.44,27.47,27.065,27.3763,13117
20200528,27.33,27.52,27.33,27.45,15163
20200529,27.15,27.42,27.15,27.42,23497
20200601,27.33,27.48,27.33,27.4073,21094
20200602,27.48,27.5,27.37,27.47,1152
20200603,27.7,27.78,27.6311,27.78,1709
20200604,27.7,27.7,27.6304,27.6304,2129
20200605,27.948,28.05,27.9,27.9897,68933
20200608,28.0408,28.1399,27.991,28.01,10366
20200609,27.9217,27.96,27.9217,27.9245,1368
20200610,27.91,28.04,27.8728,27.8728,3865
20200611,27.5045,27.5045,26.96,26.96,3018
20200612,27.375,27.375,26.9821,27.19,2043
20200615,26.78,27.28,26.78,27.21,78967
20200616,27.61,27.61,27.48,27.48,1723
20200617,27.5,27.6199,27.415,27.5,9390
20200618,27.4496,27.539,27.41,27.48,3993
20200619,27.645,27.645,27.2622,27.3755,6547
20200622,27.4699,27.55,27.426,27.54,5479
20200623,27.62,27.75,27.5915,27.67,7149
20200624,27.55,27.55,27.12,27.3399,5850
20200625,27.25,27.47,27.25,27.47,24583
20200626,27.3,27.3,27.15,27.17,76921
20200629,27.1,27.3187,27.1,27.2833,3884
20200630,27.53,27.6,27.3902,27.54,3641
20200701,27.61,27.65,27.595,27.62,3377
20200702,27.81,27.89,27.77,27.8,11078
20200706,27.905,27.9699,27.85,27.96,7624
20200707,27.905,27.97,27.7392,27.835,8139
20200708,27.91,27.91,27.7144,27.863,11805
20200709,27.8999,27.91,27.68,27.6902,17069
20200710,27.768,27.92,27.768,27.9038,3080
20200713,27.975,28.1099,27.9099,27.93,67564
20200714,27.69,27.8599,27.69,27.83,7389
20200715,27.9957,28.05,27.9,28.02,30810
20200716,28.03,28.04,28,28.0309,1488
20200717,28.1,28.14,28,28.13,29546
20200720,28.1,28.31,28.1,28.31,44712
20200721,28.3599,28.3599,28.2,28.27,2566
20200722,28.28,28.3099,28.23,28.2478,9321
20200723,28.31,28.31,28.0522,28.0522,6175
20200724,28.13,28.13,28.0401,28.0545,1809
20200727,28.135,28.2096,28.125,28.1827,2503
20200728,28.18,28.215,28.0965,28.15,5259
20200729,28.185,28.25,28.1781,28.18,25303
20200730,28.04,28.2089,28.04,28.19,18452
20200731,28.3,28.3,28.0763,28.145,2871
20200803,28.3282,28.38,28.2802,28.317,7055
20200804,28.396,28.45,28.33,28.41,6501
20200805,28.475,28.4892,28.41,28.4892,309121
20200806,28.39,28.532,28.39,28.515,3463
20200807,28.43,28.6,28.41,28.4477,38541
20200810,28.4918,28.57,28.4918,28.57,5595
20200811,28.62,28.67,28.53,28.53,102706
20200812,28.605,28.66,28.605,28.66,5998
20200813,28.665,28.6663,28.55,28.595,16768
20200814,28.57,28.629,28.492,28.54,4544
20200817,28.55,28.7,28.55,28.61,19816
20200818,28.69,28.73,28.61,28.61,4637
20200819,28.6957,28.73,28.63,28.63,11801
20200820,28.625,28.625,28.625,28.625,189
20200821,28.67,28.7194,28.66,28.66,5555
20200824,28.75,28.78,28.68,28.69,3400
20200825,28.71,28.8,28.7,28.8,1255
20200826,28.7855,28.8467,28.75,28.75,2678
20200827,28.76,28.814,28.7,28.73,182660
20200828,28.74,28.834,28.74,28.834,42775
20200831,28.7834,28.82,28.7834,28.807,834
20200901,28.74,28.75,28.74,28.745,12119
20200902,28.8399,28.85,28.77,28.85,4400
20200903,28.73,28.75,28.4,28.41,20583
20200904,28.435,28.51,28.2305,28.51,117878
20200908,28.3,28.4,28.3,28.3383,6113
20200909,28.45,28.6,28.44,28.6,4081
20200910,28.5715,28.5715,28.4,28.4,4083
20200911,28.546,28.546,28.44,28.4679,1775
20200914,28.57,28.6636,28.55,28.6419,17246
20200915,28.6001,28.76,28.6001,28.76,7477
20200916,28.6,28.7299,28.6,28.685,1203
20200917,28.585,28.585,28.485,28.5389,537
20200918,28.5,28.5699,28.465,28.55,6531
20200921,28.43,28.43,28.21,28.2101,12153
20200922,28.31,28.4921,28.289,28.4921,4474
20200923,28.49,28.49,28.198,28.24,1675
20200924,28.16,28.3,28.16,28.3,616
20200925,27.98,28.39,27.98,28.28,5480
20200928,28.42,28.5,28.4118,28.48,56479
20200929,28.5197,28.57,28.41,28.48,21472
20200930,28.56,28.61,28.56,28.58,90298
20201001,28.61,28.61,28.53,28.53,33456
20201002,28.58,28.61,28.505,28.61,8797
20201005,28.59,28.63,28.57,28.57,2589
20201006,28.695,28.7,28.695,28.7,630
20201007,28.685,28.7499,28.651,28.71,6202
20201008,28.72,28.7955,28.72,28.7955,2166
20201009,28.81,28.95,28.81,28.915,6554
20201012,28.95,29.12,28.95,29.085,1746
20201013,29.095,29.095,28.9801,29.045,4286
20201014,28.94,29.03,28.94,29.03,25259
20201015,28.9276,29.0399,28.9,29.0073,16892
20201016,29.03,29.04,29.03,29.04,1200
20201019,28.995,28.995,28.78,28.78,2175
20201020,28.88,28.99,28.8,28.99,16156
20201021,28.865,28.865,28.8,28.8,13133
20201022,28.9015,28.93,28.9015,28.9262,862
20201023,28.89,28.9027,28.89,28.9027,520
20201026,28.81,28.81,28.75,28.75,1317
20201027,28.7526,28.7635,28.7526,28.7635,575
20201028,28.48,28.48,28.3801,28.41,33484
20201029,28.41,28.64,28.41,28.58,3040
20201030,28.38,28.4,28.22,28.35,6964
20201102,28.46,28.57,28.39,28.57,16141
20201103,28.74,28.8,28.65,28.79,6214
20201105,29.1188,29.2,29.07,29.1111,3467
20201106,29.1502,29.1502,29.1502,29.1502,441
20201109,29.56,29.56,29.28,29.39,13280
20201110,29.3096,29.32,29.2087,29.26,3592
20201111,29.287,29.4186,29.26,29.2775,2904
20201112,29.27,29.27,29.165,29.18,999
20201113,29.255,29.38,29.23,29.38,10645
20201116,29.42,29.4599,29.3599,29.41,242079
20201117,29.48,29.48,29.3106,29.44,8349
20201118,29.395,29.395,29.25,29.25,1177
20201119,29.3,29.38,29.29,29.355,5025
20201120,29.4,29.435,29.29,29.35,22477
20201123,29.385,29.385,29.3,29.385,22837
20201124,29.37,29.52,29.37,29.4675,13531
20201125,29.4693,29.53,29.4412,29.475,13077
20201127,29.5028,29.5028,29.45,29.46,1896
20201130,29.4971,29.5399,29.4001,29.4865,40076
20201201,29.579,29.6,29.4901,29.58,24957
20201202,29.49,29.57,29.49,29.5587,3310
20201203,29.5786,29.5786,29.4892,29.515,5551
20201204,29.5404,29.58,29.514,29.54,105886
20201207,29.53,29.58,29.5,29.5671,38873
20201208,29.48,29.58,29.48,29.57,87886
20201209,29.5867,29.6,29.49,29.55,10051
20201210,29.57,29.57,29.51,29.56,5289
20201211,29.565,29.5699,29.4645,29.53,7284
20201214,29.6,29.6,29.47,29.515,4950
20201215,29.5347,29.5679,29.5347,29.5679,754
20201216,29.5,29.595,29.5,29.55,1673
20201217,29.5989,29.6,29.56,29.575,9570
20201218,29.5999,29.6,29.53,29.555,4305
20201221,29.55,29.6,29.5,29.5,29730
20201222,29.59,29.5901,29.5,29.52,9982
20201223,29.57,29.57,29.57,29.57,3631
20201224,29.57,29.6,29.57,29.579,3879
20201228,29.6,29.7,29.6,29.7,15774
20201229,29.7037,29.73,29.6,29.6,21640
20201230,29.6875,29.73,29.59,29.59,12442
20201231,29.7,29.711,29.61,29.65,25573
20210104,29.63,29.67,29.55,29.56,97247
20210105,29.66,29.6999,29.65,29.66,10941
20210106,29.6,29.81,29.6,29.726,29063
20210107,29.78,29.83,29.7314,29.82,2680
20210108,29.81,29.86,29.7001,29.8,7766
20210111,29.7526,29.79,29.69,29.69,4487
20210112,29.71,29.77,29.71,29.77,4911
20210113,29.78,29.79,29.74,29.7422,3649
20210114,29.7978,29.8,29.73,29.79,4591
20210115,29.79,29.79,29.7,29.755,9556
20210119,29.7693,29.7693,29.715,29.73,25244
20210120,29.76,29.8,29.75,29.78,9266
20210121,29.7999,29.91,29.78,29.845,8278
20210122,29.78,29.9,29.78,29.8,3659
20210125,29.84,29.84,29.8097,29.82,3011
20210126,29.82,29.84,29.815,29.815,4107
20210127,29.78,29.7929,29.6706,29.6706,18003
20210128,29.735,29.7999,29.6701,29.7001,7226
20210129,29.73,29.73,29.6,29.6638,4961
20210201,29.6899,29.73,29.68,29.68,6978
20210202,29.69,29.8255,29.69,29.8097,6029
20210203,29.835,29.8591,29.79,29.8106,5319
20210204,29.8,29.8934,29.8,29.8698,5548
20210205,29.837,29.8835,29.82,29.82,5526
20210208,29.86,29.87,29.86,29.8667,2510
20210209,29.86,29.9,29.8323,29.865,2828
20210210,29.84,29.8999,29.8201,29.8201,4049
20210211,29.82,29.8999,29.82,29.8201,4714
20210212,29.8999,29.9,29.8401,29.87,15438
20210216,29.875,29.89,29.85,29.88,5614
20210217,29.885,29.9,29.84,29.89,3100
20210218,29.87,29.9,29.8502,29.86,6182
20210219,29.9,29.9,29.8506,29.865,1103
20210222,29.88,29.8999,29.87,29.883,7175
20210223,29.89,29.89,29.85,29.89,14229
20210224,29.925,30.02,29.925,29.9522,4189
20210225,29.92,29.93,29.9,29.915,4380
20210226,29.87,29.925,29.87,29.88,7769
20210301,29.98,30.0099,29.882,29.89,7632
20210302,29.9619,30,29.91,29.91,6523
20210303,29.947,29.96,29.911,29.9303,1407
20210304,29.9277,30,29.8808,29.92,15958
20210305,29.945,29.989,29.88,29.89,11662
20210308,29.95,30,29.9,29.9,3762
20210309,29.94,29.9639,29.9063,29.9639,2626
20210310,29.95,29.99,29.911,29.96,4107
20210311,29.92,30,29.92,30,6152
20210312,30.03,30.06,29.93,30.06,71951
20210315,30.03,30.0599,30,30.05,10952
20210316,29.9504,30.06,29.92,29.95,35270
20210317,30.05,30.05,29.955,29.96,8399
20210318,30.01,30.025,29.944,29.9625,5978
20210319,30.0499,30.05,30,30.0499,8898
20210322,30.0412,30.05,30.025,30.0412,6044
20210323,30.05,30.05,29.92,30.02,39008
20210324,30.06,30.06,29.9896,30.06,23539
20210325,29.9999,30.069,29.958,30.045,20588
20210326,30.02,30.06,30.02,30.03,13124
20210329,30.05,30.05,30.02,30.0321,28355
20210330,30.05,30.06,30.0215,30.06,100061
20210331,30.06,30.07,30.03,30.05,746553
20210401,30.13,30.25,30.05,30.25,493336
20210405,30.25,30.53,30.25,30.455,122614
20210406,30.49,30.51,30.42,30.46,46651
20210407,30.42,30.51,30.41,30.47,28908
20210408,30.46,30.61,30.46,30.55,62374
20210409,30.63,30.72,30.55,30.72,44772
20210412,30.69,30.71,30.62,30.63,23487
20210413,30.7289,30.82,30.66,30.7344,83086
20210414,30.81,30.82,30.6,30.71,39753
20210415,30.7537,30.91,30.7537,30.91,65931
20210416,30.9548,31.01,30.86,30.93,264752
20210419,30.86,30.89,30.75,30.81,112358
20210420,30.83,30.83,30.6341,30.77,61571
20210421,30.75,30.94,30.7409,30.86,33847
20210422,30.89,30.949,30.7,30.79,13437
20210423,30.8199,30.9686,30.7701,30.96,7772
20210426,30.96,31.005,30.9239,30.99,7620
20210427,30.915,31.03,30.86,31.005,15169
20210428,31.0585,31.07,30.9375,30.99,130382
20210429,31.0481,31.11,30.935,31.08,51172
20210430,31.04,31.04,30.8993,30.91,31100
20210503,30.97,31.09,30.9501,31.01,14627
20210504,30.93,30.94,30.71,30.8,53077
20210505,30.83,31.005,30.8001,30.85,15001
20210506,30.85,31.09,30.8101,31.06,19497
20210507,31.14,31.23,31.125,31.1401,8064
20210510,31.15,31.25,31.01,31.01,30596
20210511,30.79,30.89,30.65,30.89,18574
20210512,30.73,30.758,30.33,30.33,24092
20210513,30.5991,30.73,30.55,30.65,22510
20210514,30.8,31.05,30.8,31.04,8082
20210517,30.812,30.93,30.8112,30.93,9252
20210518,30.9,30.938,30.75,30.75,15289
20210519,30.56,30.6799,30.46,30.5,9137
20210520,30.75,30.93,30.75,30.93,32826
20210521,30.91,30.965,30.88,30.88,3125
20210524,31.0888,31.13,31.06,31.0744,5094
20210525,31.15,31.15,31.0001,31.0001,11712
20210526,31.04,31.16,31.0101,31.13,13024
20210527,31.16,31.226,31.11,31.11,4416
20210528,31.27,31.27,31.17,31.17,4290
20210601,31.39,31.39,31.1301,31.18,3909
20210602,31.1401,31.28,31.112,31.215,24127
20210603,31.11,31.21,31.08,31.18,28180
20210604,31.1701,31.31,31.1701,31.285,5278
20210607,31.3499,31.36,31.2501,31.36,8446
20210608,31.31,31.3599,31.25,31.305,4825
20210609,31.36,31.37,31.2401,31.242,5036
20210610,31.3,31.44,31.3,31.38,9619
20210611,31.49,31.49,31.3101,31.4,8554
20210614,31.46,31.46,31.3201,31.405,8787
20210615,31.47,31.485,31.37,31.415,9799
20210616,31.42,31.5,31.25,31.39,10277
20210617,31.31,31.3887,31.28,31.3051,11758
20210618,31.23,31.23,31.0501,31.0701,10185
20210621,31.155,31.39,31.1101,31.2801,11686
20210622,31.41,31.51,31.3001,31.48,5876
20210623,31.55,31.57,31.4263,31.5,2325
20210624,31.585,31.6599,31.51,31.54,8963
20210625,31.56,31.678,31.5501,31.63,4360
20210628,31.635,31.7299,31.5501,31.655,2730
20210629,31.63,31.752,31.62,31.655,5901
20210630,31.602,31.7485,31.602,31.73,7695
20210701,31.64,31.8299,31.64,31.745,14909
20210702,31.805,31.918,31.7521,31.8001,10272
20210706,31.815,31.8199,31.702,31.81,1916
20210707,31.916,31.916,31.78,31.8,9029
20210708,31.76,31.76,31.43,31.67,7233
20210709,31.865,31.9199,31.84,31.919,2276
20210712,31.8777,31.975,31.8777,31.8915,12144
20210713,31.965,32.01,31.89,31.89,6212
20210714,31.965,32.0199,31.83,32.0199,53058
20210715,31.85,31.868,31.76,31.8,4676
20210716,31.84,31.84,31.77,31.77,1359
20210719,31.45,31.4999,31.345,31.345,2986
20210720,31.6088,31.81,31.58,31.7955,2510
20210721,31.83,31.9199,31.7684,31.85,3493
20210722,31.87,31.92,31.81,31.905,15019
20210723,31.91,32.06,31.91,31.98,3990
20210726,31.96,32.108,31.952,32.002,7414
20210727,32.06,32.065,31.87,31.9059,8321
20210728,31.9289,32.088,31.9215,32.0421,5907
20210729,32.11,32.17,32.085,32.085,4321
20210730,32.05,32.08,32,32.078,3567
20210802,32.0202,32.075,31.99,32.065,3185
20210803,31.9143,32.14,31.9143,32.14,4003
20210804,32.089,32.12,31.98,32.04,7709
20210805,32.0464,32.17,32.0464,32.1642,17574
20210806,32.21,32.21,32.2,32.2,400
20210809,32.09,32.2,32.07,32.1,4659
20210810,32.16,32.25,32.11,32.1224,9631
20210811,32.2,32.26,32.13,32.26,24333
20210812,32.269,32.3,32.18,32.255,5481
20210813,32.34,32.34,32.245,32.245,710
20210816,32.19,32.25,32.18,32.25,6097
20210817,32.22,32.3,32.05,32.11,6229
20210818,32.03,32.19,32.03,32.1233,78560
20210819,31.97,32.1,31.91,32.065,14049
20210820,32.14,32.14,32.06,32.09,40356
20210823,32.35,32.39,32.26,32.2715,4523
20210824,32.4,32.4,32.2971,32.301,1800
20210825,32.45,32.45,32.3101,32.321,5529
20210826,32.2201,32.35,32.2201,32.29,2199
20210827,32.46,32.46,32.36,32.37,734
20210830,32.38,32.5699,32.38,32.4747,7207
20210831,32.52,32.5285,32.401,32.401,854
20210901,32.54,32.57,32.4201,32.45,7481
20210902,32.55,32.55,32.44,32.55,1150
20210903,32.48,32.5899,32.421,32.4501,2184
20210907,32.53,32.53,32.4,32.44,10403
20210908,32.3801,32.48,32.361,32.361,2708
20210909,32.4,32.52,32.32,32.32,12294
20210910,32.415,32.415,32.27,32.3483,3139
20210913,32.221,32.24,32.221,32.24,798
20210914,32.231,32.3,32.1797,32.1797,4479
20210915,32.26,32.37,32.2067,32.32,16028
20210916,32.301,32.41,32.255,32.36,6400
20210917,32.38,32.38,32.19,32.23,1531
20210920,32.03,32.03,31.74,31.92,15118
20210921,31.94,32.01,31.86,31.94,9143
20210922,32.105,32.26,32.0672,32.1794,1689
20210923,32.2301,32.38,32.225,32.27,14939
20210924,32.261,32.43,32.261,32.43,958
20210927,32.2915,32.37,32.2915,32.37,580
20210928,32.215,32.215,32.04,32.04,595
20210929,32.13,32.13,31.9601,32.02,3362
20210930,32.09,32.1,31.8,31.8,13813
20211001,31.8599,32.09,31.8599,31.971,1667
20211004,31.9237,31.95,31.7,31.72,26108
20211005,31.965,32.0501,31.965,32.05,2709
20211006,31.8413,31.875,31.84,31.875,2506
20211007,32.19,32.36,32.15,32.16,95539
20211008,32.25,32.27,32.17,32.17,37822
20211011,32.08,32.08,32.06,32.08,17682
20211012,32.04,32.18,31.99,31.99,30808
20211013,32.04,32.16,32.04,32.08,27750
20211014,32.28,32.3492,32.2658,32.3492,7051
20211015,32.49,32.4924,32.43,32.44,3404
20211018,32.405,32.5107,32.405,32.5107,7448
20211019,32.565,32.6195,32.5599,32.59,16331
20211020,32.675,32.675,32.65,32.65,6450
20211021,32.68,32.74,32.62,32.6601,4273
20211022,32.72,32.72,32.6,32.67,1636
20211025,32.69,32.8399,32.69,32.8399,1157
20211026,32.88,32.89,32.74,32.76,7070
20211027,32.8041,32.839,32.72,32.72,2474
20211028,32.7958,32.815,32.7525,32.77,3700
20211029,32.79,32.83,32.75,32.81,7395
20211101,32.78,32.83,32.78,32.79,1452
20211102,32.87,32.97,32.87,32.915,9378
20211103,32.96,32.98,32.91,32.98,4082
20211104,33,33.07,32.94,33.04,28104
20211105,33.08,33.1399,32.985,33.035,35182
20211108,33.11,33.11,32.9811,33.02,3983
20211109,32.99,33.01,32.9,32.96,4689
20211110,32.9,33,32.86,32.86,7290
20211111,32.92,32.955,32.92,32.9401,3728
20211112,32.975,33.03,32.93,33.03,5728
20211115,33.03,33.045,32.9601,32.9847,9130
20211116,33.0799,33.08,33.045,33.07,1868
20211117,33.055,33.099,33.0001,33.02,1579
20211118,33.02,33.0613,33,33.024,8890
20211119,32.9801,33.0999,32.9801,33.0999,2362
20211122,33.07,33.11,33.065,33.11,4268
20211123,33.04,33.04,32.91,33.0242,14693
20211124,32.91,33.0599,32.91,32.99,7604
20211126,32.71,32.7399,32.66,32.6677,543
20211129,32.79,33.01,32.79,33.01,4523
20211130,32.6949,32.75,32.61,32.61,4914
20211201,32.85,32.95,32.67,32.67,6951
20211202,32.53,32.7199,32.5203,32.7199,4652
20211203,32.7,32.7,32.34,32.44,3087
20211206,32.58,32.76,32.58,32.75,5323
20211207,32.93,33.06,32.93,32.97,27322
20211208,33.0265,33.0699,33.015,33.0699,2395
20211209,33.085,33.1099,33.085,33.1099,1072
20211210,33.075,33.12,33.0495,33.09,4098
20211213,33.065,33.11,33.011,33.11,1089
20211214,32.945,32.9999,32.84,32.98,4366
20211215,32.89,32.9,32.89,32.9,900
20211216,33.03,33.07,33.02,33.0599,1084
20211217,32.905,33.029,32.8923,33.015,2282
20211220,32.6927,32.75,32.69,32.72,2449
20211221,32.8592,33,32.85,32.98,3721
20211222,33.09,33.14,33.06,33.115,3239
20211223,33,33.225,33,33.21,2079
20211227,33.29,33.33,33.2886,33.31,4167
20211228,33.32,33.355,33.32,33.345,1069
20211229,33.3643,33.42,33.34,33.36,22792
20211230,33.3999,33.46,33.36,33.42,41595
20211231,33.365,33.365,33.32,33.35,2548
20220103,33.4211,33.43,33.32,33.39,132087
20220104,33.455,33.455,33.4,33.4362,3880
20220105,33.43,33.43,33.27,33.27,8868
20220106,33.2724,33.32,33.165,33.24,5580
20220107,33.21,33.27,33.19,33.2384,3381
20220110,33.09,33.21,33.01,33.21,30035
20220111,33.3199,33.35,33.24,33.35,34270
20220112,33.44,33.44,33.35,33.3751,22397
20220113,33.42,33.4489,33.285,33.285,6932
20220114,33.215,33.22,33.1522,33.22,5488
20220118,33.03,33.15,33,33.11,33754
20220119,33.02,33.14,32.95,33.01,6815
20220120,33.08,33.1,33,33.03,7723
20220121,32.6921,32.71,32.44,32.44,2968
20220124,32.05,32.14,31.6,32.14,4564
20220125,32.28,32.41,32.26,32.26,2909
20220126,32.49,32.65,32.17,32.17,30224
20220127,32.415,32.4822,32.1005,32.129,7163
20220128,32.065,32.65,32.065,32.65,5304
20220131,32.54,32.97,32.54,32.97,93287
20220201,32.96,33.0482,32.88,33.02,3129
20220202,33.14,33.159,33.14,33.15,554
20220203,33.0286,33.0286,32.81,32.91,1241
20220204,32.8699,32.99,32.8,32.98,9730
20220207,32.9419,32.9709,32.86,32.93,18302
20220208,32.9,33.03,32.88,33.03,2165
20220209,33.1835,33.25,33.16,33.2304,3440
20220210,33.07,33.08,32.915,32.915,4681
20220211,33.03,33.08,32.69,32.69,6942
20220214,32.53,32.61,32.4501,32.4501,795
20220215,32.9,32.9,32.81,32.852,3228
20220216,32.82,32.999,32.79,32.92,45280
20220217,32.73,32.79,32.66,32.66,4691
20220218,32.61,32.61,32.38,32.5,6950
