Date,Open,High,Low,Close,Volume
20110525,5.8504,6.2209,5.8504,6.2209,820
20110526,6.8255,6.8255,6.1478,6.2502,25039
20110527,6.3355,6.3355,6.316,6.3209,12777
20110531,6.4232,6.4622,6.355,6.4622,2461
20110601,6.7011,6.9108,5.9991,5.9991,66539
20110602,6.1624,6.2185,6.0576,6.1794,167493
20110603,6.1795,6.5573,6.0942,6.1795,903082
20110606,6.5305,6.5744,5.9991,6.0137,1162812
20110607,6.3501,6.4842,6.0673,6.0698,223703
20110608,6.1551,6.2136,5.9771,5.9771,348447
20110609,6.1405,6.1405,6.0088,6.0264,119275
20110610,6.1405,6.1405,5.7553,5.8284,213944
20110613,6.0917,6.0917,5.787,5.8358,232982
20110614,5.9813,6.043,5.937,6.0423,64422
20110615,6.082,6.082,5.7797,5.8333,137932
20110616,5.8724,5.9308,5.7407,5.7724,79784
20110617,5.8041,5.904,5.709,5.7626,46600
20110620,5.7651,5.8479,5.7383,5.8333,99261
20110621,5.8162,5.8918,5.8016,5.8247,109137
20110622,5.826,5.8675,5.7358,5.7358,61965
20110623,5.7139,5.7139,5.5365,5.6919,99027
20110624,5.6773,5.7114,5.6773,5.6968,68303
20110627,5.7407,5.8163,5.7041,5.804,74831
20110628,5.9479,5.9479,5.7651,5.7821,69163
20110629,5.6582,5.8236,5.6582,5.7772,71035
20110630,5.7775,5.9747,5.7775,5.9555,83079
20110701,6.0576,6.0942,6.0405,6.0503,99233
20110705,8.261,8.261,5.9747,6.0649,74105
20110706,6.0576,6.099,5.9845,6.0928,173687
20110707,6.1551,6.2697,6.1551,6.2696,157071
20110708,6.1673,6.2282,6.1258,6.2282,189425
20110711,6.3355,6.3355,5.9698,5.982,283692
20110712,6.0435,6.0611,5.9704,5.9855,53727
20110713,6.0485,6.1417,6.0009,6.0311,69137
20110714,6.0739,6.0812,5.8974,5.9024,45039
20110715,5.9176,5.9251,5.6179,5.8902,115223
20110718,5.8647,5.8647,5.633,5.6657,195409
20110719,5.6783,5.8395,5.6783,5.8269,66118
20110720,5.8748,5.8748,5.837,5.8546,10720
20110721,5.8899,6.0686,5.8899,6.046,467247
20110722,6.0963,6.0963,5.9881,6.0409,32423
20110725,6.0057,6.0158,5.8899,5.9654,73664
20110726,6.1014,6.1014,5.8823,5.8873,68136
20110727,5.8873,5.8873,5.5222,5.5499,248575
20110728,5.5952,5.6154,5.4744,5.4845,94982
20110729,5.3636,5.5071,5.1697,5.3585,113671
20110801,5.7388,5.7388,5.424,5.5373,147225
20110802,5.633,5.633,5.3888,5.3888,24679
20110803,5.4139,5.4139,5.1042,5.3762,145423
20110804,5.6506,5.6506,4.7995,4.7995,196464
20110805,4.8096,5.0211,4.2531,4.5175,412887
20110808,4.4142,4.4142,3.5833,3.5833,375615
20110809,3.8149,4.3034,3.5279,4.3034,280890
20110810,4.0819,4.2279,3.7872,3.8401,138175
20110811,3.9257,4.4419,3.8577,4.3689,258936
20110812,4.5326,4.5326,4.306,4.3715,67491
20110815,4.5804,4.7089,4.5804,4.6686,116762
20110816,4.6333,4.7517,4.5904,4.6913,62181
20110817,4.8297,4.8348,4.7089,4.7671,52829
20110818,4.6585,4.6585,4.2304,4.2455,170413
20110819,4.1574,4.3689,4.0516,4.0516,211143
20110822,4.0549,4.2858,4.0045,4.1352,95487
20110823,4.1297,4.4646,4.1045,4.4646,110344
20110824,4.4822,4.6535,4.3437,4.5326,160024
20110825,4.4848,4.6585,4.2808,4.3437,37207
20110826,4.2556,4.5326,4.1927,4.4976,79470
20110829,4.6461,4.9733,4.6461,4.9733,74426
20110830,4.9758,5.0186,4.7592,4.8936,43761
20110831,4.9732,4.9783,4.88,4.9455,36533
20110901,4.9481,4.9481,4.6585,4.6736,72470
20110902,4.3588,4.588,4.3563,4.357,100370
20110906,4.2279,4.3437,4.1045,4.3437,72774
20110907,4.3689,4.7215,4.3689,4.7215,54486
20110908,4.7228,4.7567,4.5515,4.5792,28089
20110909,4.5074,4.5074,4.3689,4.4278,20876
20110912,4.4696,4.5074,4.2886,4.5074,169429
20110913,4.5074,4.6509,4.5074,4.6509,54270
20110914,4.661,4.797,4.5276,4.7196,161785
20110915,4.7794,4.8071,4.6749,4.7189,55397
20110916,4.8448,4.8448,4.6688,4.7089,24342
20110919,4.5807,4.6182,4.5077,4.5077,34727
20110920,4.5981,4.6333,4.5099,4.5099,60957
20110921,4.52,4.52,4.1297,4.1549,197627
20110922,4.0542,4.1448,3.8955,4.029,190523
20110923,4.0285,4.0894,3.9655,4.006,74551
20110926,4.1347,4.1952,3.9685,4.1773,60441
20110927,4.2249,4.4923,4.2199,4.2828,81340
20110928,4.4117,4.4117,3.9232,3.9394,184023
20110929,3.9811,4.2178,3.9811,4.2178,46381
20110930,4.1927,4.1927,3.9182,3.9182,119941
20111003,3.9221,3.9736,3.6276,3.6276,141120
20111004,3.5531,3.7772,3.3088,3.7772,342983
20111005,3.8653,3.9408,3.7948,3.9257,131868
20111006,3.9283,4.1171,3.9283,4.1171,120267
20111007,4.1549,4.1549,3.9031,3.9157,73664
20111010,4.0667,4.1549,4.03,4.1524,197390
20111011,4.2125,4.2338,4.1038,4.2072,95809
20111012,4.2947,4.4008,4.2947,4.3716,181804
20111013,4.2603,4.3424,4.1754,4.3212,171794
20111014,4.4345,4.475,4.348,4.475,66336
20111017,4.422,4.422,4.2417,4.2417,103435
20111018,4.2417,4.5439,4.2417,4.4989,141713
20111019,4.4803,4.5492,4.3001,4.3001,65965
20111020,4.3395,4.3451,4.1725,4.2653,55503
20111021,4.4405,4.4538,4.3663,4.4538,101544
20111024,4.5078,4.6632,4.4893,4.6351,141969
20111025,4.6022,4.6022,4.4405,4.4405,34418
20111026,4.5837,4.7428,4.5704,4.7427,161760
20111027,5.037,5.1139,4.8514,5.1033,129673
20111028,5.1298,5.2359,5.0927,5.1961,52882
20111031,5.1749,5.2995,5.1007,5.2412,45773
20111101,5.037,5.2889,4.7878,4.984,66353
20111102,5.1166,5.1696,5.037,5.0503,22480
20111103,5.09,5.1404,5.0503,5.1404,15352
20111104,5.0371,5.1431,5.0371,5.0635,6401
20111107,5.1298,5.1828,5.0568,5.106,64176
20111108,5.0741,5.1298,4.9973,5.0688,48660
20111109,4.8382,5.09,4.8382,4.9707,22761
20111110,5.1006,5.1166,4.5863,4.5996,195446
20111111,4.5328,4.7507,4.5328,4.7315,64532
20111114,4.7534,4.7534,4.589,4.6367,67166
20111115,4.7242,4.7693,4.7109,4.7401,34778
20111116,4.7136,4.7534,4.6235,4.6296,27007
20111117,4.6288,4.6341,4.5068,4.528,59786
20111118,4.6129,4.6526,4.536,4.6364,20293
20111121,4.4382,4.5519,4.3719,4.4886,46642
20111122,4.4405,4.475,4.3743,4.3743,53531
20111123,4.3106,4.3106,4.1092,4.1118,141391
20111125,4.1092,4.1887,4.0263,4.0429,108768
20111128,4.369,4.5572,4.1993,4.1993,95581
20111129,4.2607,4.2735,4.1887,4.2152,84702
20111130,4.4379,4.6659,4.4379,4.6659,103956
20111201,4.7003,4.7003,4.5903,4.6208,39042
20111202,4.7295,4.7931,4.6765,4.7003,128553
20111205,4.7056,4.8859,4.7056,4.817,128362
20111206,4.9124,4.9124,4.7587,4.8408,46016
20111207,4.7136,4.809,4.6818,4.7883,20482
20111208,4.7878,4.7878,4.5837,4.5837,123308
20111209,4.6794,4.7984,4.6714,4.7723,90712
20111212,4.7719,4.7719,4.5625,4.5879,90915
20111213,4.703,4.703,4.4641,4.4723,144977
20111214,4.4406,4.4564,4.3213,4.4061,46864
20111215,4.536,4.536,4.4246,4.4787,38258
20111216,4.5068,4.5545,4.4326,4.4538,69614
20111219,4.4591,4.4962,4.2894,4.2923,99093
20111220,4.4856,4.5863,4.4658,4.5837,61859
20111221,4.4962,4.5863,4.4936,4.5863,30929
20111222,4.6818,4.7109,4.6606,4.6744,101354
20111223,4.7348,4.756,4.6978,4.756,94283
20111227,4.7324,4.7666,4.7112,4.7324,63557
20111228,4.7083,4.7109,4.6102,4.6129,48847
20111229,4.5863,4.7136,4.5863,4.6791,83820
20111230,4.7109,4.7109,4.6341,4.638,40686
20120103,4.7609,4.8965,4.7609,4.8431,100605
20120104,4.8794,4.8992,4.7734,4.8344,146643
20120105,4.8515,4.9204,4.7083,4.878,242872
20120106,4.923,4.9973,4.8196,4.9283,102566
20120109,4.992,4.992,4.8912,4.9151,287737
20120110,5.0317,5.0715,4.9442,5.0471,88979
20120111,5.0753,5.0975,4.9867,5.0734,72884
20120112,5.1213,5.1224,5.0299,5.0826,33518
20120113,5.0975,5.0975,5.0061,5.0726,128511
20120117,5.1393,5.1751,5.0839,5.1061,81272
20120118,5.1113,5.2609,5.1113,5.2582,139863
20120119,5.2898,5.4604,5.2598,5.3868,120538
20120120,5.3856,5.4022,5.3411,5.4022,95069
20120123,5.4213,5.4438,5.3631,5.3795,139975
20120124,5.369,5.3967,5.1945,5.3773,43283
20120125,5.4045,5.5103,5.3878,5.4815,30645
20120126,5.5408,5.5601,5.4262,5.4576,102444
20120127,5.4576,5.4715,5.3801,5.4103,113867
20120130,5.3995,5.4161,5.2886,5.3607,106805
20120131,5.4383,5.4383,5.3579,5.4022,38806
20120201,5.5221,5.5685,5.4856,5.5518,109915
20120202,5.6128,5.6322,5.5053,5.5967,60815
20120203,5.7568,5.8178,5.7039,5.7707,139439
20120206,5.7873,5.8871,5.682,5.6942,120386
20120207,5.707,5.7762,5.646,5.7762,63669
20120208,5.815,5.815,5.5574,5.5768,230205
20120209,5.6238,5.6516,5.5851,5.6433,127242
20120210,5.5989,5.5989,5.5214,5.5766,130732
20120213,5.6823,5.6931,5.6075,5.6471,40698
20120214,5.6488,5.6654,5.5851,5.6017,77859
20120215,5.6793,5.707,5.5158,5.5162,127364
20120216,5.5723,5.7208,5.5444,5.7208,144718
20120217,5.7652,5.8039,5.743,5.7984,70814
20120221,5.8649,5.9009,5.7596,5.7929,181686
20120222,5.7305,5.7984,5.7305,5.7305,56714
20120223,5.7291,5.8178,5.7125,5.8178,59777
20120224,5.8178,5.8178,5.7319,5.7707,68381
20120227,5.7596,5.8067,5.6737,5.7957,85810
20120228,5.7652,5.8372,5.7292,5.804,71897
20120229,5.804,5.8095,5.7209,5.7209,28694
20120301,5.7106,5.8095,5.7106,5.7604,36747
20120302,5.7845,5.7845,5.6156,5.6349,150356
20120305,5.6384,5.671,5.5632,5.6657,40371
20120306,5.541,5.5768,5.4025,5.4108,158973
20120307,5.4022,5.6765,5.4022,5.635,112470
20120308,5.7264,5.7513,5.6848,5.7153,73928
20120309,5.7652,5.8427,5.7513,5.7652,40084
20120312,5.815,5.815,5.7679,5.7873,44739
20120313,5.8178,5.9009,5.8178,5.89,182109
20120314,5.8427,5.9148,5.8427,5.8649,138894
20120315,5.8815,5.9341,5.8593,5.9341,24948
20120316,5.8981,5.8981,5.851,5.851,105912
20120319,5.8929,5.9425,5.8098,5.9039,144520
20120320,5.9148,5.9397,5.8261,5.8538,282165
20120321,5.9092,5.9092,5.8178,5.8178,55346
20120322,5.8123,5.8123,5.6627,5.7014,137260
20120323,5.7624,5.8012,5.646,5.7836,740238
20120326,5.9563,5.9563,5.682,5.8926,131766
20120327,5.9009,5.9009,5.8427,5.8538,281937
20120328,5.9009,5.9009,5.7264,5.7901,135819
20120329,5.7901,5.7901,5.6959,5.7624,35650
20120330,5.7762,5.8593,5.7624,5.8178,71420
20120402,5.8427,6.02,5.8344,5.9785,91406
20120403,5.9203,5.984,5.9203,5.9508,53872
20120404,5.8319,5.9092,5.7878,5.8485,153275
20120405,5.8316,5.8649,5.8027,5.8039,119619
20120409,5.7485,5.7485,5.6435,5.707,211911
20120410,5.7319,5.7707,5.3912,5.4512,320941
20120411,5.6415,5.6415,5.4889,5.5033,70335
20120412,5.6386,5.7566,5.5724,5.7451,141505
20120413,5.7422,5.7422,5.5304,5.5408,118812
20120416,5.5264,5.5954,5.4803,5.5954,62201
20120417,5.6556,5.7509,5.6441,5.716,19454
20120418,5.6991,5.7538,5.5897,5.6271,109723
20120419,5.6962,5.6962,5.5667,5.5954,41521
20120420,5.5926,5.7106,5.5926,5.6674,18759
20120423,5.6703,5.7221,5.5264,5.6041,178181
20120424,5.6674,5.7365,5.6444,5.7192,145991
20120425,5.8429,5.8718,5.7857,5.8311,105274
20120426,5.8372,5.9149,5.8145,5.8718,205913
20120427,5.8862,5.9927,5.8631,5.9553,272493
20120430,5.9552,6.0013,5.9005,5.9437,48501
20120501,5.9581,5.9869,5.8506,5.8506,102425
20120502,5.8718,5.9322,5.7581,5.9149,113519
20120503,5.9552,5.9552,5.7797,5.8363,55968
20120504,5.82,5.82,5.7135,5.7307,74618
20120507,5.6501,5.8084,5.6501,5.7739,157587
20120508,5.7422,5.7969,5.7163,5.7952,170635
20120509,5.7653,5.8459,5.7354,5.8142,39845
20120510,5.9149,5.9265,5.843,5.843,34200
20120511,5.7848,5.9207,5.6208,5.8338,97867
20120514,5.7912,5.8113,5.725,5.7278,108198
20120515,5.7577,5.9034,5.7228,5.7228,194927
20120516,5.7221,5.8056,5.6703,5.6703,80040
20120517,5.6415,5.6415,5.4055,5.4285,272727
20120518,5.417,5.4688,5.1061,5.1464,559184
20120521,5.205,5.4199,5.1743,5.4094,417383
20120522,5.4702,5.5983,5.3579,5.404,328663
20120523,5.2898,5.5782,5.2898,5.5782,82552
20120524,5.6041,5.6415,5.5321,5.6415,91025
20120525,5.6818,5.6818,5.63,5.63,51022
20120529,5.6847,5.7307,5.6516,5.7307,43575
20120530,5.6847,5.6847,5.6473,5.6532,27828
20120531,5.6153,5.7221,5.5891,5.7221,49019
20120601,5.4343,5.5926,5.417,5.5235,87959
20120604,5.5263,5.5523,5.3882,5.4605,143842
20120605,5.3853,5.6127,5.3853,5.6127,56106
20120606,5.6504,5.8718,5.6504,5.8574,107697
20120607,6.0053,6.0416,5.8268,5.8268,88473
20120608,5.866,5.9667,5.8027,5.9524,53985
20120611,6.0445,6.1913,5.8919,5.8919,159232
20120612,5.9984,6.0387,5.9006,6.033,82708
20120613,6.0182,6.1308,6.0157,6.0186,33186
20120614,6.0097,6.1078,6.0042,6.0991,63020
20120615,6.1394,6.174,6.0627,6.174,54196
20120618,6.174,6.2056,6.1251,6.1797,107453
20120619,6.1452,6.3323,6.1452,6.292,90004
20120620,6.2578,6.3409,6.2431,6.2726,90313
20120621,6.2517,6.2517,6.1394,6.1769,119503
20120622,6.1762,6.2862,6.1704,6.2827,25640
20120625,6.2035,6.2114,6.1688,6.1907,45451
20120626,6.2288,6.2718,6.1791,6.2396,14628
20120627,6.3208,6.4043,6.3208,6.3611,116314
20120628,6.3265,6.3524,6.1394,6.3323,66351
20120629,6.4014,6.5482,6.4014,6.5251,126217
20120702,6.6194,6.7353,6.559,6.7345,125742
20120703,6.8274,6.836,6.7036,6.7545,54369
20120705,6.764,6.8331,6.7496,6.7756,125059
20120706,6.764,6.764,6.7007,6.7407,159194
20120709,6.7554,6.764,6.6921,6.7612,129198
20120710,6.764,6.8389,6.6892,6.7151,157671
20120711,6.6201,6.6431,6.5597,6.6171,174946
20120712,6.7325,6.7325,6.4421,6.6337,231010
20120713,6.6157,6.9331,6.6008,6.7654,133052
20120716,6.7355,6.8343,6.7355,6.7774,105354
20120717,6.7714,6.8552,6.7205,6.8013,101029
20120718,6.8013,6.8253,6.7564,6.7714,47851
20120719,6.7355,6.7954,6.6927,6.7087,67811
20120720,6.5949,6.6936,6.5949,6.6907,31725
20120723,6.6307,6.6307,6.49,6.5798,150670
20120724,6.6098,6.6157,6.4361,6.505,82551
20120725,6.5948,6.6008,6.535,6.5559,117345
20120726,6.7534,6.8103,6.5768,6.6307,267545
20120727,6.7325,6.8103,6.6559,6.7415,186524
20120730,6.8013,6.8013,6.7146,6.7175,194250
20120731,6.7358,6.7894,6.655,6.655,100914
20120801,6.7415,6.7834,6.6157,6.6157,152587
20120802,6.6008,6.6607,6.5409,6.6128,179229
20120803,6.6609,6.8313,6.6609,6.7926,103886
20120806,6.8489,6.9121,6.7921,6.8789,150471
20120807,6.8253,6.969,6.8253,6.8672,118094
20120808,6.8412,6.9211,6.8322,6.91,98163
20120809,6.9271,6.981,6.9151,6.966,138715
20120810,6.9673,7.026,6.9545,7.023,65160
20120813,7.059,7.098,6.996,7.079,105743
20120814,7.152,7.152,7.036,7.08,182353
20120815,7.078,7.137,7.078,7.126,62005
20120816,7.12,7.229,7.12,7.207,109770
20120817,7.205,7.205,7.11,7.205,91350
20120820,7.131,7.247,7.131,7.235,75427
20120821,7.276,7.322,7.159,7.174,127651
20120822,7.111,7.205,7.111,7.192,58828
20120823,7.194,7.194,6.963,7.035,286660
20120824,7.055,7.164,7.034,7.142,68685
20120827,7.137,7.256,7.137,7.199,132371
20120828,7.22,7.268,7.187,7.229,67910
20120829,7.31,7.364,7.292,7.328,206304
20120830,7.304,7.31,7.235,7.241,116611
20120831,7.316,7.316,7.197,7.292,196263
20120904,7.319,7.442,7.301,7.436,158384
20120905,7.476,7.487,7.431,7.485,136853
20120906,7.532,7.616,7.532,7.592,227427
20120907,7.592,7.625,7.592,7.595,115419
20120910,7.634,7.678,7.6,7.655,119932
20120911,7.678,7.729,7.656,7.693,252997
20120912,7.798,7.81,7.651,7.771,368341
20120913,7.828,7.996,7.712,7.929,372108
20120914,7.912,8.086,7.912,8.056,244423
20120917,8.098,8.098,7.942,8.038,65471
20120918,7.987,7.987,7.783,7.807,140350
20120919,7.888,7.969,7.81,7.957,122748
20120920,7.815,7.942,7.815,7.934,165408
20120921,8.009,8.035,7.967,7.985,122891
20120924,8.002,8.002,7.924,7.948,194756
20120925,8.023,8.023,7.672,7.681,301453
20120926,7.649,7.732,7.343,7.63,438261
20120927,7.613,7.834,7.613,7.801,176394
20120928,7.801,7.801,7.672,7.723,116362
20121001,7.801,7.849,7.753,7.768,134583
20121002,7.813,7.84,7.738,7.798,176338
20121003,7.867,7.867,7.69,7.735,314272
20121004,7.831,7.927,7.789,7.909,253565
20121005,7.933,8.074,7.933,8.041,537762
20121008,8.041,8.044,7.951,7.984,308023
20121009,8.005,8.047,7.828,7.849,636267
20121010,7.854,7.857,7.637,7.714,605355
20121011,7.755,7.845,7.699,7.755,105549
20121012,7.78,7.786,7.603,7.628,296556
20121015,7.678,7.678,7.485,7.637,211768
20121016,7.709,7.83,7.665,7.83,151786
20121017,7.848,7.941,7.805,7.941,215641
20121018,7.932,8.031,7.907,8,223340
20121019,8.003,8.003,7.768,7.831,148294
20121022,7.873,7.873,7.717,7.836,123943
20121023,7.634,7.73,7.6,7.696,243545
20121024,7.679,7.857,7.679,7.716,75310
20121025,7.802,7.873,7.69,7.836,43500
20121026,7.836,7.87,7.74,7.845,157037
20121031,7.91,7.957,7.786,7.913,125499
20121101,8.003,8.205,7.913,8.008,442468
20121102,7.978,7.978,7.707,7.712,216880
20121105,7.659,7.74,7.647,7.712,210844
20121106,7.78,7.907,7.736,7.743,183092
20121107,7.73,7.73,7.302,7.38,570282
20121108,7.413,7.56,7.326,7.326,198294
20121109,7.321,7.321,7.15,7.185,289399
20121112,7.253,7.355,7.253,7.343,131058
20121113,7.343,7.343,7.16,7.16,218790
20121114,7.237,7.237,6.4616,6.5019,1223852
20121115,6.4988,6.8369,6.4833,6.8197,525616
20121116,6.822,7.206,6.8064,7.197,412989
20121119,7.324,7.467,7.321,7.454,345793
20121120,7.454,7.46,7.305,7.389,124961
20121121,7.389,7.473,7.389,7.473,92322
20121123,7.541,7.6,7.532,7.584,102779
20121126,7.597,7.64,7.559,7.634,127536
20121127,7.668,7.705,7.578,7.578,125049
20121128,7.523,7.572,7.43,7.554,60063
20121129,7.584,7.721,7.584,7.699,160255
20121130,7.724,7.746,7.684,7.734,99472
20121203,7.842,7.842,7.684,7.705,240031
20121204,7.656,7.656,7.541,7.566,592027
20121205,7.532,7.603,7.507,7.519,128946
20121206,7.566,7.569,7.519,7.569,63106
20121207,7.628,7.631,7.553,7.606,58527
20121210,7.625,7.659,7.591,7.634,282335
20121211,7.649,7.656,7.569,7.638,198941
20121212,7.718,7.718,7.566,7.597,477173
20121213,7.11,7.638,7.11,7.584,126380
20121214,7.6,7.721,7.6,7.631,65730
20121217,7.709,7.861,7.709,7.861,327211
20121218,7.957,8.003,7.833,8.002,580118
20121219,8.019,8.158,8.003,8.158,533503
20121220,8.214,8.214,8.062,8.14,395097
20121221,8.075,8.236,7.942,8.044,161572
20121224,8.065,8.065,7.96,8.034,125760
20121226,8.084,8.106,7.96,7.963,86203
20121227,8.019,8.019,7.693,7.888,338627
20121228,7.873,7.904,7.811,7.818,101046
20121231,7.768,8.109,7.712,8.084,111019
20130102,8.332,8.416,8.273,8.403,405389
20130103,8.485,8.493,8.33,8.432,224722
20130104,8.453,8.633,8.453,8.608,295551
20130107,8.608,8.608,8.453,8.59,294981
20130108,8.608,8.608,8.521,8.562,379190
20130109,8.602,8.714,8.568,8.701,342677
20130110,8.809,8.851,8.703,8.742,256065
20130111,8.787,8.816,8.716,8.778,71910
20130114,8.848,8.848,8.684,8.694,127323
20130115,8.697,8.697,8.52,8.539,380110
20130116,8.52,8.7,8.359,8.568,176785
20130117,8.665,8.755,8.62,8.658,244699
20130118,8.703,8.716,8.674,8.703,105047
20130122,8.713,8.793,8.713,8.793,218093
20130123,8.795,8.848,8.786,8.786,240158
20130124,8.742,8.854,8.642,8.691,205415
20130125,8.706,8.742,8.607,8.636,291667
20130128,8.641,8.694,8.615,8.676,162632
20130129,8.694,8.864,8.69,8.822,337981
20130130,8.784,8.816,8.729,8.729,193107
20130131,8.729,8.989,8.729,8.967,172286
20130201,9.057,9.057,8.976,9.012,305766
20130204,9.002,9.002,8.877,8.883,335459
20130205,8.96,9.038,8.914,9.002,238997
20130206,8.993,8.999,8.793,8.851,401026
20130207,8.854,8.857,8.684,8.735,280601
20130208,8.787,8.944,8.777,8.941,106317
20130211,8.983,8.983,8.809,8.87,255683
20130212,8.925,9.005,8.883,8.973,529212
20130213,9.05,9.063,8.97,9.057,428969
20130214,9.073,9.156,9.041,9.144,379132
20130215,9.163,9.179,9.099,9.131,1041902
20130219,9.221,9.279,9.156,9.218,729921
20130220,9.202,9.24,9.054,9.054,706944
20130221,8.938,9.002,8.697,8.777,581306
20130222,8.87,9.054,8.87,9.054,441403
20130225,9.17,9.192,8.809,9.122,259789
20130226,9.018,9.018,8.8,8.922,521653
20130227,9.009,9.144,9.002,9.079,474975
20130228,9.121,9.205,9.07,9.156,218179
20130301,9.015,9.211,8.935,9.192,207227
20130304,9.21,9.243,9.098,9.23,201966
20130305,9.304,9.337,9.265,9.314,216901
20130306,9.324,9.388,9.304,9.349,386587
20130307,9.356,9.452,9.292,9.452,188279
20130308,9.513,9.607,9.372,9.475,409123
20130311,9.513,9.578,9.5,9.565,277145
20130312,9.565,9.568,9.446,9.481,350184
20130313,9.545,9.61,9.472,9.545,241093
20130314,9.613,9.726,9.598,9.684,1127167
20130315,9.709,9.742,9.562,9.607,377967
20130318,9.565,9.578,9.382,9.478,262962
20130319,9.527,9.591,9.228,9.273,556226
20130320,9.272,9.398,9.272,9.322,310004
20130321,9.311,9.398,9.243,9.263,528603
20130322,9.266,9.459,9.266,9.359,387945
20130325,9.443,9.5,9.279,9.34,761907
20130326,9.356,9.542,9.159,9.259,706934
20130327,9.385,9.385,9.137,9.253,299478
20130328,9.256,9.314,9.227,9.282,242762
20130401,9.337,9.365,9.089,9.124,496644
20130402,9.115,9.288,9.115,9.208,416216
20130403,9.259,9.259,8.787,8.848,1190314
20130404,8.875,9.009,8.849,8.937,632917
20130405,8.848,8.935,8.719,8.928,516887
20130408,8.976,9.05,8.87,9.041,716914
20130409,9.102,9.102,8.938,8.964,1253481
20130410,9.01,9.177,8.95,9.144,622941
20130411,9.174,9.18,9.03,9.037,556200
20130412,9.013,9.043,8.859,8.915,623396
20130415,8.913,8.913,8.393,8.399,890737
20130416,8.533,8.723,8.533,8.72,430670
20130417,8.676,8.676,8.239,8.349,513186
20130418,8.346,8.462,8.282,8.342,226793
20130419,8.329,8.569,8.326,8.543,190615
20130422,8.646,8.913,8.506,8.853,552857
20130423,8.978,9.107,8.953,9.068,293815
20130424,9.122,9.174,9.075,9.159,253636
20130425,9.244,9.287,9.174,9.224,304353
20130426,9.13,9.354,9.13,9.324,490070
20130429,9.313,9.544,9.313,9.526,309707
20130430,9.561,9.638,9.514,9.631,144255
20130501,9.628,9.628,9.117,9.12,468407
20130502,9.147,9.401,9.147,9.361,382772
20130503,9.491,9.564,9.424,9.471,239751
20130506,9.547,9.547,9.401,9.521,447566
20130507,9.485,9.521,9.425,9.481,128421
20130508,9.432,9.574,9.432,9.534,73659
20130509,9.53,9.531,9.381,9.381,88407
20130510,9.431,9.437,9.351,9.411,202621
20130513,9.431,9.474,9.387,9.427,102224
20130514,9.484,9.681,9.448,9.631,314818
20130515,9.644,9.644,9.477,9.541,123639
20130516,9.541,9.628,9.48,9.547,66951
20130517,9.631,9.654,9.548,9.611,123545
20130520,9.651,9.758,9.644,9.708,148944
20130521,9.731,9.771,9.651,9.748,233645
20130522,9.744,9.845,9.385,9.481,339201
20130523,9.347,9.441,9.15,9.401,400743
20130524,9.347,9.437,9.28,9.437,201667
20130528,9.628,9.734,9.34,9.384,425012
20130529,9.431,9.431,9.013,9.194,465715
20130530,9.257,9.367,9.19,9.294,267704
20130531,9.32,9.32,8.96,8.98,328408
20130603,8.947,9.097,8.679,8.886,698742
20130604,8.74,9.013,8.663,8.748,354960
20130605,8.679,8.78,8.543,8.573,509068
20130606,8.573,8.78,8.546,8.773,382240
20130607,8.816,9,8.816,8.9,557244
20130610,9.013,9.013,8.806,8.97,156357
20130611,8.861,8.943,8.748,8.748,270506
20130612,8.773,8.866,8.533,8.606,303071
20130613,8.559,8.86,8.493,8.846,324582
20130614,8.947,8.947,8.816,8.87,105958
20130617,8.997,9.123,8.93,8.95,318615
20130618,9.08,9.087,8.907,9.073,205261
20130619,9.02,9.097,8.806,8.823,286430
20130620,8.746,8.746,8.389,8.446,554727
20130621,8.495,8.606,8.362,8.489,322877
20130624,8.346,8.362,7.945,8.155,699544
20130625,8.182,8.459,8.182,8.452,179429
20130626,8.529,8.639,8.512,8.59,177505
20130627,8.653,8.92,8.653,8.887,183893
20130628,8.896,8.993,8.823,8.967,112153
20130701,9.1,9.123,9.019,9.073,150277
20130702,9.113,9.18,8.906,9.07,254691
20130703,9.013,9.047,8.93,9.017,58909
20130705,9.067,9.147,8.83,9.047,159036
20130708,9.09,9.164,9.063,9.157,107534
20130709,9.2,9.31,9.147,9.27,327715
20130710,9.307,9.307,9.214,9.307,202131
20130711,10.337,10.337,9.41,9.424,201742
20130712,9.483,9.542,9.478,9.515,58724
20130715,9.515,9.639,9.515,9.636,103220
20130716,9.636,9.636,9.553,9.56,116009
20130717,9.622,9.667,9.573,9.632,133811
20130718,9.637,9.813,9.637,9.727,312103
20130719,9.591,9.712,9.591,9.698,60569
20130722,9.698,9.792,9.698,9.754,200263
20130723,9.817,9.893,9.786,9.862,200431
20130724,9.955,9.955,9.58,9.66,354276
20130725,9.678,9.74,9.588,9.678,195983
20130726,9.65,9.73,9.619,9.712,149264
20130729,9.681,9.709,9.551,9.556,261613
20130730,9.674,9.691,9.58,9.643,70814
20130731,9.625,9.702,9.521,9.625,131397
20130801,9.716,9.73,9.619,9.639,174819
20130802,9.695,9.73,9.636,9.73,53209
20130805,9.712,9.712,9.584,9.674,191653
20130806,9.605,9.636,9.439,9.473,238957
20130807,9.469,9.48,9.178,9.324,159350
20130808,9.364,9.497,9.364,9.424,84167
20130809,9.445,9.528,9.386,9.462,112357
20130812,9.41,9.508,9.383,9.428,88482
20130813,9.421,9.421,9.32,9.345,175608
20130814,9.341,9.362,9.293,9.313,97895
20130815,9.261,9.293,9.073,9.129,287617
20130816,9.129,9.279,9.057,9.102,64217
20130819,9.102,9.119,8.914,8.914,213106
20130820,8.92,9.244,8.92,9.221,387270
20130821,9.168,9.227,9.071,9.095,41897
20130822,9.188,9.348,9.188,9.324,201954
20130823,9.348,9.4,9.296,9.4,85710
20130826,9.4,9.442,9.358,9.365,67979
20130827,9.21,9.254,9.089,9.148,134298
20130828,9.102,9.22,9.067,9.15,140607
20130829,9.105,9.32,9.105,9.278,64584
20130830,9.279,9.317,9.047,9.074,99083
20130903,9.251,9.31,9.05,9.112,198844
20130904,9.158,9.306,9.158,9.293,85033
20130905,9.379,9.379,9.268,9.275,39030
20130906,9.261,9.435,9.185,9.372,152426
20130909,9.39,9.521,9.39,9.511,81005
20130910,9.553,9.698,9.539,9.674,171311
20130911,9.648,9.716,9.643,9.695,150068
20130912,9.716,9.736,9.574,9.584,190820
20130913,9.625,9.643,9.58,9.601,43878
20130916,9.743,9.792,9.653,9.674,223190
20130917,9.726,9.726,9.657,9.716,124787
20130918,9.709,9.886,9.65,9.882,217034
20130919,9.924,9.924,9.719,9.757,153031
20130920,9.73,9.764,9.608,9.643,172073
20130923,9.643,9.712,9.611,9.653,151236
20130924,9.642,9.761,9.608,9.684,105534
20130925,9.684,9.92,9.684,9.816,574044
20130926,9.886,9.886,9.691,9.723,245849
20130927,9.625,9.782,9.625,9.764,101855
20130930,9.671,9.757,9.633,9.716,126992
20131001,9.763,9.837,9.746,9.798,102225
20131002,9.74,9.768,9.601,9.616,292988
20131003,9.594,9.643,9.404,9.476,364263
20131004,9.494,9.643,9.494,9.625,251467
20131007,9.573,9.594,9.487,9.487,367384
20131008,9.567,9.567,9.379,9.379,425538
20131009,9.474,9.553,9.366,9.398,174923
20131010,9.506,9.723,9.506,9.676,195252
20131011,9.676,9.841,9.636,9.838,144773
20131014,9.64,9.798,9.64,9.75,116140
20131015,9.756,9.762,9.576,9.616,214357
20131016,9.705,9.791,9.676,9.762,230296
20131017,9.744,9.942,9.726,9.917,256595
20131018,9.917,10.101,9.917,10.079,371838
20131021,10.142,10.259,10.002,10.031,126186
20131022,10.088,10.156,10.056,10.11,259262
20131023,10.014,10.223,10.014,10.198,313700
20131024,10.238,10.259,10.18,10.238,144133
20131025,10.241,10.285,10.23,10.267,159307
20131028,10.31,10.321,10.252,10.303,115138
20131029,10.27,10.357,10.27,10.342,100199
20131030,10.36,10.36,10.176,10.176,90000
20131031,10.14,10.194,10.014,10.014,93826
20131101,10.083,10.09,9.823,9.906,334845
20131104,9.989,10.119,9.982,10.08,136490
20131105,10.169,10.169,10.006,10.09,101317
20131106,10.14,10.158,10.054,10.065,145462
20131107,10.094,10.122,9.827,9.831,202525
20131108,9.86,10.043,9.856,10.036,117243
20131111,9.96,10.176,9.96,10.097,94288
20131112,10.119,10.184,10.072,10.144,98809
20131113,10.176,10.22,10.068,10.213,120509
20131114,10.23,10.429,10.212,10.364,231302
20131115,10.425,10.472,10.335,10.461,161898
20131118,10.523,10.612,10.479,10.508,165586
20131119,10.475,10.555,10.382,10.429,180165
20131120,10.447,10.555,10.429,10.468,74617
20131121,10.555,10.699,10.54,10.659,97598
20131122,10.692,10.8,10.663,10.789,185283
20131125,10.807,10.89,10.789,10.789,373137
20131126,10.771,10.796,10.717,10.749,366383
20131127,10.792,10.904,10.778,10.893,111759
20131129,10.893,11.027,10.893,11.019,178153
20131202,10.958,10.958,10.666,10.674,178415
20131203,10.627,10.713,10.389,10.519,306941
20131204,10.447,10.591,10.331,10.54,209155
20131205,10.547,10.547,10.396,10.396,101423
20131206,10.602,10.666,10.522,10.616,103287
20131209,10.684,10.684,10.573,10.573,160003
20131210,10.537,10.547,10.439,10.457,144859
20131211,10.439,10.504,10.346,10.36,105620
20131212,10.346,10.385,10.195,10.198,451336
20131213,10.202,10.339,10.094,10.299,202601
20131216,10.407,10.436,10.256,10.349,130343
20131217,10.407,10.436,10.32,10.436,91563
20131218,10.436,10.634,10.375,10.593,125646
20131219,10.605,10.735,10.331,10.331,253198
20131220,10.372,10.656,10.372,10.576,164682
20131223,10.738,10.738,10.619,10.699,71870
20131224,10.76,10.803,10.706,10.782,48923
20131226,10.753,10.861,10.713,10.72,93587
20131227,10.702,10.72,10.623,10.681,234581
20131230,10.641,10.72,10.62,10.652,262376
20131231,10.712,10.789,10.705,10.734,169153
20140102,10.753,10.753,10.562,10.634,345832
20140103,10.684,10.764,10.645,10.738,264238
20140106,10.78,10.836,10.715,10.766,245700
20140107,10.839,10.893,10.666,10.744,330844
20140108,10.789,10.807,10.625,10.742,372522
20140109,10.793,10.894,10.707,10.778,187271
20140110,10.841,10.92,10.782,10.905,399478
20140113,10.834,10.886,10.651,10.744,172538
20140114,10.834,10.849,10.763,10.793,96145
20140115,10.815,11.025,10.812,11.025,184635
20140116,11.036,11.043,10.958,11.006,30987
20140117,11.036,11.036,10.928,10.961,86666
20140121,11.096,11.17,11.062,11.17,275200
20140122,11.211,11.264,11.168,11.264,127102
20140123,11.23,11.23,11.11,11.196,210778
20140124,11.189,11.189,10.802,10.838,405160
20140127,10.729,10.864,10.468,10.677,330455
20140128,10.606,10.793,10.606,10.767,283099
20140129,10.755,10.755,10.486,10.542,327114
20140130,10.747,10.875,10.601,10.814,117969
20140131,10.778,10.778,10.565,10.617,244130
20140203,10.662,10.662,10.139,10.195,670964
20140204,10.352,10.415,10.24,10.277,373466
20140205,10.277,10.371,10.101,10.225,337900
20140206,10.336,10.516,10.336,10.403,229695
20140207,10.498,10.64,10.442,10.613,196699
20140210,10.658,10.688,10.531,10.688,150203
20140211,10.692,10.763,10.539,10.696,237291
20140212,10.707,10.815,10.707,10.789,140302
20140213,10.752,10.995,10.752,10.939,168874
20140214,11.103,11.114,10.92,10.988,72627
20140218,11.058,11.226,11.024,11.2,612446
20140219,11.249,11.286,10.965,10.983,256594
20140220,10.95,11.226,10.95,11.22,90695
20140221,11.256,11.383,11.249,11.267,305978
20140224,11.346,11.436,11.271,11.357,150877
20140225,11.361,11.361,10.8,10.808,845464
20140226,10.886,10.98,10.8,10.86,348978
20140227,10.856,10.98,10.762,10.911,240680
20140228,10.961,11.013,10.856,10.961,165133
20140303,10.662,11.021,10.662,10.909,309723
20140304,11.01,11.01,10.8,10.812,523645
20140305,10.793,10.804,10.651,10.703,1048936
20140306,10.797,10.864,10.67,10.755,324984
20140307,10.871,10.871,10.546,10.58,371337
20140310,10.624,10.744,10.551,10.737,281423
20140311,10.748,10.748,10.468,10.513,315005
20140312,10.503,10.662,10.398,10.585,406844
20140313,10.662,10.718,10.483,10.643,205907
20140314,10.569,10.595,10.415,10.468,541492
20140317,10.472,10.587,10.356,10.397,345079
20140318,10.464,10.464,10.367,10.438,258922
20140319,10.427,10.427,10.288,10.333,445686
20140320,10.303,10.438,10.258,10.415,537344
20140321,10.415,10.49,10.251,10.408,473523
20140324,10.49,10.554,10.371,10.49,390952
20140325,10.595,10.595,10.415,10.468,460690
20140326,10.494,10.542,10.232,10.46,506943
20140327,10.352,10.371,10.202,10.251,604955
20140328,10.318,10.423,10.217,10.337,514824
20140331,10.501,10.64,10.445,10.505,410447
20140401,10.539,10.572,10.453,10.483,554327
20140402,10.475,10.643,10.464,10.613,389248
20140403,10.655,10.658,10.471,10.539,517881
20140404,10.651,10.651,10.389,10.524,875739
20140407,10.438,10.471,10.243,10.258,1489724
20140408,10.277,10.333,10.173,10.273,712639
20140409,10.379,10.394,10.211,10.316,930393
20140410,10.297,10.363,10.04,10.04,733960
20140411,9.936,10.06,9.912,9.928,435294
20140414,10.044,10.064,9.893,9.936,463844
20140415,10.068,10.114,9.85,9.971,342967
20140416,10.079,10.142,9.984,10.138,398014
20140417,10.157,10.176,10.045,10.157,463916
20140421,10.176,10.2,10.075,10.184,280725
20140422,10.258,10.266,10.13,10.223,536704
20140423,10.239,10.297,10.18,10.274,588038
20140424,10.363,10.363,10.166,10.211,448546
20140425,10.215,10.227,10.084,10.118,538342
20140428,10.13,10.13,9.846,9.901,961543
20140429,9.928,9.982,9.873,9.908,426179
20140430,9.963,9.982,9.854,9.974,318537
20140501,9.978,9.99,9.842,9.897,141204
20140502,9.947,10.13,9.916,9.947,147218
20140505,9.908,9.986,9.858,9.982,210540
20140506,9.963,9.971,9.768,9.792,1512792
20140507,9.775,9.858,9.654,9.744,1316595
20140508,9.711,9.776,9.563,9.567,252659
20140509,9.566,9.598,9.384,9.427,779396
20140512,9.531,9.745,9.492,9.726,273969
20140513,9.761,9.761,9.534,9.617,368324
20140514,9.629,9.629,9.52,9.539,783282
20140515,9.509,9.539,9.376,9.489,309381
20140516,9.528,9.543,9.423,9.535,1082826
20140519,9.477,9.687,9.477,9.687,349416
20140520,9.695,9.714,9.5,9.582,178706
20140521,9.66,9.722,9.617,9.667,258282
20140522,9.699,9.807,9.699,9.726,189305
20140523,9.718,9.971,9.718,9.971,268099
20140527,9.967,10.165,9.933,10.013,582925
20140528,10.111,10.138,9.905,10.006,687947
20140529,10.064,10.192,10.013,10.06,385732
20140530,10.1,10.142,9.948,10.01,260912
20140602,10.021,10.091,9.92,9.986,316879
20140603,9.951,9.967,9.784,9.939,1429759
20140604,9.92,9.92,9.819,9.862,394862
20140605,9.912,10.044,9.831,10.044,204355
20140606,10.111,10.2,10.096,10.166,330862
20140609,10.196,10.274,10.149,10.262,219363
20140610,10.219,10.258,10.153,10.208,240631
20140611,10.243,10.351,10.226,10.262,216913
20140612,10.304,10.402,10.255,10.402,169825
20140613,10.402,10.406,10.231,10.266,272783
20140616,10.243,10.328,10.236,10.263,237885
20140617,10.262,10.406,10.262,10.406,227173
20140618,10.413,10.483,10.305,10.483,177607
20140619,10.476,10.476,10.392,10.464,209869
20140620,10.476,10.48,10.406,10.421,165583
20140623,10.448,10.526,10.386,10.495,277343
20140624,10.495,10.581,10.379,10.413,486138
20140625,10.39,10.515,10.359,10.503,211810
20140626,10.46,10.88,10.46,10.818,744445
20140627,10.86,10.969,10.759,10.923,393677
20140630,10.954,11.148,10.954,11.14,578209
20140701,11.156,11.331,11.149,11.284,693465
20140702,11.229,11.354,11.21,11.303,526907
20140703,11.317,11.338,11.222,11.239,312060
20140707,11.163,11.229,11.09,11.152,440332
20140708,11.14,11.14,10.872,10.926,750269
20140709,10.977,11.09,10.977,11.062,431820
20140710,10.807,11.061,10.799,10.952,511856
20140711,10.944,10.952,10.872,10.904,594219
20140714,10.964,11.101,10.952,10.972,562885
20140715,11.025,11.061,10.932,10.948,135852
20140716,11.016,11.037,10.827,10.872,188615
20140717,10.763,10.912,10.626,10.642,463997
20140718,10.71,10.827,10.71,10.777,105066
20140721,10.791,10.843,10.706,10.791,86783
20140722,10.9,10.9,10.759,10.759,162690
20140723,10.807,10.872,10.791,10.831,201299
20140724,10.859,10.932,10.831,10.932,154890
20140725,10.859,11.004,10.855,10.976,395673
20140728,10.992,10.992,10.876,10.968,184637
20140729,10.968,11.016,10.88,10.908,360823
20140730,10.972,10.972,10.771,10.815,381604
20140731,10.735,10.771,10.268,10.272,1185516
20140801,10.153,10.332,10.108,10.253,1273959
20140804,10.26,10.457,10.26,10.409,400792
20140805,10.344,10.368,10.239,10.272,235295
20140806,10.247,10.336,10.147,10.255,200306
20140807,10.364,10.421,10.235,10.32,278778
20140808,10.34,10.441,10.288,10.422,173686
20140811,10.497,10.586,10.458,10.565,224840
20140812,10.558,10.618,10.429,10.485,300457
20140813,10.481,10.562,10.481,10.533,373832
20140814,10.549,10.578,10.477,10.557,276966
20140815,10.618,10.618,10.413,10.57,166056
20140818,10.678,10.71,10.63,10.706,151365
20140819,10.719,10.751,10.662,10.69,242537
20140820,10.696,10.735,10.675,10.7,347252
20140821,10.747,10.771,10.698,10.706,100352
20140822,10.735,10.743,10.634,10.674,120344
20140825,10.731,10.799,10.678,10.78,148958
20140826,10.759,10.759,10.65,10.71,170701
20140827,10.727,10.735,10.61,10.678,252262
20140828,10.625,10.698,10.573,10.682,147084
20140829,10.686,10.791,10.67,10.787,113764
20140902,10.851,10.912,10.791,10.843,181105
20140903,10.912,10.912,10.751,10.807,147116
20140904,10.867,10.912,10.743,10.771,185047
20140905,10.775,10.791,10.674,10.787,278667
20140908,10.816,10.827,10.727,10.816,122823
20140909,10.827,10.835,10.71,10.727,141391
20140910,10.715,10.779,10.67,10.743,247819
20140911,10.674,10.787,10.674,10.783,93175
20140912,10.751,10.787,10.686,10.731,152248
20140915,10.682,10.702,10.441,10.441,609013
20140916,10.453,10.65,10.429,10.477,254029
20140917,10.602,10.602,10.469,10.509,446803
20140918,10.522,10.557,10.421,10.449,626326
20140919,10.521,10.521,10.233,10.284,705472
20140922,10.227,10.276,10.082,10.094,767406
20140923,10.091,10.131,10.034,10.038,582867
20140924,10.066,10.227,10.038,10.131,342631
20140925,10.348,10.348,9.909,9.982,526156
20140926,10.03,10.102,9.949,10.091,435234
20140929,10.014,10.014,9.913,9.937,423377
20140930,9.929,9.998,9.724,9.724,863952
20141001,9.905,9.905,9.607,9.688,583960
20141002,9.655,9.72,9.474,9.663,927110
20141003,9.752,9.764,9.616,9.712,441734
20141006,9.783,9.829,9.642,9.723,455856
20141007,9.724,9.74,9.591,9.611,1245837
20141008,9.791,9.8,9.421,9.608,904723
20141009,9.586,9.627,9.38,9.422,519355
20141010,9.434,9.434,9.043,9.043,679269
20141013,9.018,9.224,8.833,8.85,777023
20141014,8.922,8.997,8.77,8.867,690497
20141015,8.78,8.829,8.242,8.612,1486631
20141016,8.337,9.123,8.324,9.073,999421
20141017,9.308,9.543,9.278,9.367,1084457
20141020,9.376,9.468,9.317,9.46,238147
20141021,9.611,9.657,9.554,9.644,420255
20141022,9.628,9.745,9.573,9.585,562849
20141023,9.741,9.741,9.501,9.514,282268
20141024,9.51,9.602,9.501,9.552,166679
20141027,9.468,9.632,9.451,9.59,210829
20141028,9.636,9.67,9.548,9.623,110480
20141029,9.628,9.758,9.628,9.701,366109
20141030,9.712,9.733,8.488,9.67,285358
20141031,9.749,9.867,9.67,9.863,308283
20141103,9.876,9.884,9.766,9.77,210087
20141104,9.796,9.796,9.531,9.653,312735
20141105,9.699,9.762,9.641,9.741,92744
20141106,9.791,9.943,9.712,9.815,182833
20141107,9.829,10.056,9.829,10.035,160666
20141110,10.052,10.069,9.964,10.003,185247
20141111,10.027,10.048,9.976,10.014,110813
20141112,10.006,10.048,9.96,10.023,158986
20141113,10.065,10.065,9.943,9.976,120973
20141114,9.976,9.985,9.901,9.955,120266
20141117,9.964,9.964,9.88,9.915,161703
20141118,9.871,10.023,9.817,9.909,150376
20141119,9.892,9.943,9.884,9.892,113708
20141120,9.897,9.981,9.892,9.968,97381
20141121,10.048,10.048,9.884,9.897,175869
20141124,9.964,9.964,9.913,9.951,90784
20141125,10.005,10.035,9.945,10.009,136234
20141126,10.031,10.031,9.951,10.014,124906
20141128,10.014,10.014,9.89,9.924,200768
20141201,9.88,9.922,9.468,9.573,685680
20141202,9.564,9.741,9.564,9.607,223742
20141203,9.632,9.737,9.628,9.691,132761
20141204,9.724,9.787,9.581,9.649,154131
20141205,9.628,9.67,9.543,9.543,113934
20141208,9.598,9.598,9.018,9.11,954362
20141209,8.888,9.258,8.85,9.215,504093
20141210,9.186,9.291,8.938,8.942,234889
20141211,8.951,9.039,8.829,8.846,256671
20141212,8.829,8.862,8.513,8.572,714557
20141215,8.577,8.757,8.484,8.518,340138
20141216,8.408,8.505,8.291,8.291,752580
20141217,8.359,8.606,8.305,8.595,643976
20141218,9.152,9.207,8.64,9.144,777030
20141219,9.073,9.224,9.047,9.215,89271
20141222,9.232,9.325,9.026,9.064,286847
20141223,8.934,9.186,8.934,9.144,389327
20141224,9.144,9.203,9.089,9.178,171310
20141226,9.207,9.215,9.119,9.136,234987
20141229,9.152,9.152,8.938,9.005,555727
20141230,9.039,9.039,8.862,9.031,1283887
20141231,9.018,9.11,8.955,9.01,1745023
20150102,9.14,9.144,8.871,9.094,381059
20150105,9.07,9.127,9.001,9.053,309848
20150106,9.039,9.06,8.782,8.837,541077
20150107,8.879,9.014,8.879,8.955,249371
20150108,9.005,9.165,9.005,9.136,643936
20150109,9.182,9.349,8.993,9.133,625356
20150112,9.133,9.151,8.883,8.997,288036
20150113,9.023,9.155,8.848,8.927,343190
20150114,8.806,8.869,8.643,8.709,560301
20150115,8.799,8.799,8.557,8.597,376097
20150116,8.605,8.698,8.512,8.68,383504
20150120,8.698,8.755,8.579,8.671,337466
20150121,8.693,8.799,8.623,8.742,311661
20150122,8.861,8.909,8.755,8.865,234960
20150123,8.883,8.922,8.839,8.896,288317
20150126,8.874,8.993,8.856,8.962,225963
20150127,8.887,8.993,8.83,8.953,154382
20150128,8.953,8.975,8.825,8.834,477624
20150129,8.812,8.887,8.715,8.828,372130
20150130,8.795,8.878,8.746,8.764,245920
20150202,8.834,8.865,8.71,8.786,222558
20150203,8.83,9.177,8.83,9.138,326958
20150204,9.107,9.169,9.023,9.032,250574
20150205,9.133,9.331,9.133,9.301,288394
20150206,9.34,9.551,9.318,9.455,292101
20150209,9.472,9.472,9.283,9.327,293807
20150210,9.415,9.415,9.151,9.213,212994
20150211,9.235,9.235,9.045,9.107,278497
20150212,9.111,9.331,9.111,9.283,258706
20150213,9.309,9.411,9.283,9.38,249704
20150217,9.402,9.551,9.402,9.529,271559
20150218,9.538,9.565,9.468,9.494,72815
20150219,9.538,9.613,9.49,9.6,195869
20150220,9.639,9.666,9.551,9.631,173669
20150223,9.639,9.679,9.6,9.617,190142
20150224,9.639,9.763,9.639,9.679,404184
20150225,9.701,9.78,9.701,9.723,204227
20150226,9.78,9.789,9.701,9.741,177113
20150227,9.679,9.837,9.679,9.784,231151
20150302,9.798,9.886,9.705,9.789,294413
20150303,9.811,9.89,9.789,9.877,169532
20150304,9.868,9.895,9.789,9.859,99406
20150305,9.895,9.93,9.842,9.877,240830
20150306,9.881,9.991,9.679,9.82,360499
20150309,9.776,9.939,9.679,9.771,360754
20150310,9.714,9.719,9.591,9.626,316374
20150311,9.591,9.679,9.569,9.604,186977
20150312,9.622,9.754,9.622,9.697,207817
20150313,9.714,9.719,9.591,9.688,246154
20150316,9.727,9.798,9.67,9.67,135735
20150317,9.648,9.727,9.587,9.67,130977
20150318,9.714,9.714,9.485,9.657,275353
20150319,9.679,9.679,9.494,9.613,161471
20150320,9.626,9.811,9.626,9.778,227109
20150323,9.82,9.886,9.811,9.859,226283
20150324,9.793,9.934,9.793,9.846,161311
20150325,9.884,9.93,9.822,9.928,199189
20150326,9.881,9.921,9.851,9.881,133106
20150327,9.885,9.899,9.749,9.819,152901
20150330,9.873,9.939,9.789,9.802,252966
20150331,9.851,9.895,9.736,9.78,267764
20150401,9.842,9.855,9.679,9.701,285156
20150402,9.82,9.873,9.789,9.824,295089
20150406,9.846,9.939,9.833,9.912,698647
20150407,9.921,9.996,9.899,9.921,451683
20150408,9.943,9.965,9.822,9.864,394150
20150409,9.89,9.958,9.821,9.917,876525
20150410,9.94,9.94,9.839,9.867,341182
20150413,9.931,9.931,9.821,9.906,210845
20150414,9.908,9.908,9.853,9.888,230262
20150415,9.851,9.972,9.841,9.933,386454
20150416,9.949,10.008,9.89,9.972,101795
20150417,9.982,10.013,9.891,9.975,298190
20150420,9.999,10.068,9.999,10.045,393237
20150421,10.072,10.118,9.949,9.958,372236
20150422,10.045,10.045,9.949,10.027,386826
20150423,10.013,10.182,9.99,10.132,599631
20150424,10.187,10.2,10.1,10.118,655612
20150427,10.15,10.164,9.99,10.031,355068
20150428,10.086,10.086,9.976,10.063,479408
20150429,10.049,10.15,10.049,10.1,270179
20150430,10.104,10.104,9.986,10.063,282126
20150501,10.132,10.132,9.958,10.031,318171
20150504,10.031,10.063,9.839,9.894,452201
20150505,9.862,9.867,9.639,9.698,691093
20150506,9.702,9.762,9.405,9.483,912000
20150507,9.492,9.634,9.424,9.529,498997
20150508,9.597,9.757,9.437,9.524,775405
20150511,9.579,9.638,9.515,9.565,606233
20150512,9.533,9.588,9.483,9.556,259430
20150513,9.547,9.643,9.533,9.602,490520
20150514,9.666,9.711,9.629,9.648,180693
20150515,9.721,9.771,9.629,9.757,382546
20150518,9.766,9.839,9.753,9.803,406405
20150519,9.839,9.862,9.757,9.826,494387
20150520,9.848,9.848,9.721,9.78,326379
20150521,9.798,9.844,9.755,9.771,187295
20150522,9.753,9.821,9.721,9.821,474692
20150526,9.839,9.848,9.652,9.743,380789
20150527,9.771,9.803,9.707,9.766,129651
20150528,9.867,9.867,9.753,9.817,102633
20150529,9.812,9.839,9.721,9.777,294022
20150601,9.775,9.812,9.698,9.716,243791
20150602,9.707,9.775,9.707,9.771,211733
20150603,9.821,9.848,9.78,9.839,224664
20150604,9.83,9.844,9.693,9.748,257960
20150605,9.731,9.762,9.662,9.703,174940
20150608,9.686,9.734,9.595,9.598,284512
20150609,9.593,9.652,9.456,9.478,363391
20150610,9.492,9.565,9.46,9.469,511700
20150611,9.506,9.584,9.474,9.584,198624
20150612,9.593,9.593,9.51,9.547,263477
20150615,9.51,9.542,9.451,9.492,122316
20150616,9.533,9.542,9.465,9.52,196988
20150617,9.533,9.611,9.51,9.52,241820
20150618,9.579,9.675,9.561,9.593,156554
20150619,9.675,9.675,9.584,9.593,86317
20150622,9.616,9.721,9.583,9.616,149630
20150623,9.638,9.748,9.634,9.693,286321
20150624,9.707,9.73,9.616,9.616,238836
20150625,9.638,9.657,9.524,9.542,209351
20150626,9.538,9.547,9.41,9.468,301791
20150629,9.407,9.41,9.11,9.174,880607
20150630,9.3,9.392,9.172,9.218,426489
20150701,9.405,9.533,9.125,9.163,475719
20150702,9.209,9.273,9.081,9.19,450578
20150706,9.204,9.214,9.122,9.195,278351
20150707,9.232,9.236,8.967,9.227,523180
20150708,9.223,9.259,9.085,9.168,464011
20150709,9.278,9.287,9.089,9.15,651567
20150710,9.221,9.419,9.177,9.283,338068
20150713,9.271,9.386,9.252,9.357,165420
20150714,9.376,9.409,9.352,9.395,219067
20150715,9.414,9.438,9.352,9.381,259434
20150716,9.39,9.505,9.39,9.448,245588
20150717,9.448,9.486,9.366,9.366,331208
20150720,9.371,9.438,9.228,9.237,263139
20150721,9.223,9.295,9.104,9.147,326959
20150722,9.276,9.276,8.755,8.941,1372933
20150723,8.987,8.989,8.724,8.724,755687
20150724,8.712,8.75,8.396,8.492,725418
20150727,8.468,8.487,8.21,8.258,1055994
20150728,8.334,8.468,8.243,8.411,366836
20150729,8.363,8.697,8.363,8.683,347702
20150730,8.712,8.779,8.65,8.697,566027
20150731,8.74,8.764,8.631,8.645,470200
20150803,8.654,8.664,8.473,8.545,633163
20150804,8.506,8.65,8.506,8.564,573266
20150805,8.664,8.707,8.554,8.588,619751
20150806,8.65,8.674,8.561,8.64,509393
20150807,8.573,8.793,8.573,8.607,549076
20150810,8.619,8.927,8.609,8.886,449955
20150811,8.838,8.905,8.79,8.905,224124
20150812,8.788,8.955,8.74,8.902,223769
20150813,8.917,9.013,8.889,8.97,217053
20150814,9.003,9.089,8.975,9.022,152824
20150817,9.037,9.08,8.936,9.027,387559
20150818,9.032,9.07,8.96,8.979,392713
20150819,8.998,9.046,8.836,8.927,300849
20150820,8.841,8.922,8.712,8.726,216018
20150821,8.654,8.779,8.448,8.468,545756
20150824,7.77,8.148,6.69,7.88,1254530
20150825,8.114,8.291,7.904,7.904,679622
20150826,8.057,8.22,7.832,8.057,396851
20150827,8.282,8.568,8.114,8.482,282504
20150828,8.497,8.75,8.407,8.703,445033
20150831,8.659,8.831,8.506,8.721,467255
20150901,8.458,8.626,8.396,8.431,392114
20150902,8.482,8.688,8.387,8.501,332680
20150903,8.597,8.74,8.54,8.693,259643
20150904,8.616,8.683,8.497,8.682,196967
20150908,8.674,8.841,8.674,8.798,309195
20150909,8.803,8.908,8.702,8.729,208738
20150910,8.631,8.783,8.631,8.731,233753
20150911,8.693,8.745,8.554,8.602,339549
20150914,8.659,8.745,8.573,8.587,422656
20150915,8.64,8.64,8.492,8.53,625325
20150916,8.59,8.697,8.551,8.661,246896
20150917,8.626,8.721,8.506,8.535,661271
20150918,8.53,8.554,8.396,8.435,509929
20150921,8.473,8.592,8.473,8.507,168951
20150922,8.521,8.521,8.368,8.435,346340
20150923,8.416,8.497,8.368,8.382,117481
20150924,8.349,8.406,8.2,8.339,637764
20150925,8.487,8.501,8.333,8.345,356063
20150928,8.368,8.368,7.694,7.737,1583347
20150929,7.751,7.837,7.178,7.259,1052297
20150930,7.528,7.656,7.337,7.471,484207
20151001,7.546,7.995,7.503,7.895,732894
20151002,7.861,7.928,7.718,7.813,554488
20151005,7.813,7.976,7.813,7.923,424820
20151006,7.918,8.062,7.813,8.033,531391
20151007,8.052,8.243,8.052,8.229,539773
20151008,8.283,8.393,8.188,8.318,388905
20151009,8.358,8.448,8.168,8.223,787997
20151012,8.282,8.418,8.102,8.132,244674
20151013,8.13,8.268,8.07,8.07,511214
20151014,8.108,8.143,8.013,8.033,349187
20151015,8.133,8.133,7.985,8.088,132470
20151016,8.125,8.178,8.052,8.15,102871
20151019,8.093,8.198,8.058,8.153,76429
20151020,8.138,8.293,8.033,8.233,375391
20151021,8.258,8.283,8.048,8.108,226045
20151022,8.048,8.273,8.048,8.118,506243
20151023,8.158,8.273,8.158,8.193,617543
20151026,8.203,8.233,8.088,8.11,230236
20151027,8.163,8.163,7.873,7.923,354402
20151028,8.036,8.198,7.97,8.167,200307
20151029,8.178,8.178,8.033,8.05,325671
20151030,8.113,8.263,7.908,8.062,370501
20151102,8.053,8.203,8.043,8.168,424171
20151103,8.133,8.308,8.058,8.218,399433
20151104,8.218,8.383,8.208,8.258,391212
20151105,8.258,8.438,8.208,8.388,596934
20151106,8.338,8.613,8.338,8.578,769882
20151109,8.602,8.623,8.503,8.526,963826
20151110,8.528,8.583,8.423,8.438,608085
20151111,8.508,8.518,8.383,8.398,622078
20151112,8.393,8.418,8.273,8.352,549006
20151113,8.358,8.398,8.233,8.293,910470
20151116,8.258,8.553,8.253,8.528,920934
20151117,8.588,8.678,8.488,8.528,869496
20151118,8.548,8.568,8.483,8.538,711562
20151119,8.608,8.613,8.558,8.613,539888
20151120,8.623,8.683,8.538,8.583,137299
20151123,8.608,8.748,8.583,8.73,149063
20151124,8.743,8.798,8.643,8.746,124257
20151125,8.848,8.984,8.843,8.959,584949
20151127,8.959,9.099,8.911,9.041,279603
20151130,9.049,9.229,9.029,9.174,1004763
20151201,9.289,9.309,9.152,9.189,168155
20151202,9.169,9.234,9.029,9.049,97619
20151203,9.089,9.089,8.919,8.939,166823
20151204,9.004,9.039,8.929,8.999,174057
20151207,8.931,9.009,8.535,8.584,475280
20151208,8.51,8.513,8.29,8.34,531133
20151209,8.343,8.443,8.043,8.048,193888
20151210,8.013,8.298,8.013,8.238,65304
20151211,8.213,8.213,7.667,7.707,692678
20151214,7.582,7.868,6.992,7.092,1392479
20151215,7.037,7.707,7.037,7.622,491917
20151216,7.632,7.958,7.632,7.908,275233
20151217,7.903,8.123,7.883,7.938,233709
20151218,7.909,7.968,7.694,7.734,277499
20151221,7.757,7.933,7.703,7.78,252698
20151222,7.81,8.048,7.775,7.88,452657
20151223,7.925,8.328,7.925,8.26,584869
20151224,8.288,8.478,8.283,8.376,219462
20151228,8.358,8.358,8.068,8.123,420464
20151229,8.157,8.298,7.997,8.072,644589
20151230,8.073,8.133,7.918,7.948,283515
20151231,7.978,8.133,7.883,7.953,643230
20160104,7.858,8.128,7.667,8.108,741242
20160105,8.208,8.293,8.023,8.183,378429
20160106,8.143,8.258,8.083,8.188,415730
20160107,8.188,8.263,7.868,7.88,311537
20160108,7.848,8.043,7.722,7.772,437548
20160111,7.926,7.965,7.321,7.468,1100986
20160112,7.639,7.639,7.07,7.254,648280
20160113,7.28,7.37,6.7088,6.801,789022
20160114,6.8189,6.859,6.4132,6.7978,672324
20160115,6.5323,6.5903,6.2637,6.5534,676751
20160119,6.5745,6.7694,6.4191,6.5165,893778
20160120,6.3585,6.3585,5.6421,6.1162,776633
20160121,6.0108,6.7115,6.0108,6.3532,511181
20160122,6.7431,6.9485,6.6773,6.8696,410954
20160125,6.8432,6.9749,6.6166,6.7009,433864
20160126,6.6799,6.9064,6.6799,6.8748,107382
20160127,6.8221,7.054,6.7431,6.8696,152004
20160128,6.9705,7.006,6.7861,6.902,99839
20160129,6.9854,7.085,6.9801,7.001,220332
20160201,6.9538,7.112,6.8485,7.086,212325
20160202,6.9907,6.9907,6.7746,6.8168,134285
20160203,6.8375,6.9538,6.6526,6.8957,909910
20160204,6.9274,7.0275,6.8221,6.8748,1825885
20160205,6.9011,7.043,6.8484,6.8853,1716023
20160208,6.6693,6.801,6.3694,6.506,1646933
20160209,6.3703,6.5429,6.1364,6.2122,985046
20160210,6.2163,6.3638,6.1425,6.2005,124599
20160211,6.111,6.1636,5.8055,5.8844,255199
20160212,5.9371,6.2268,5.9371,6.1267,214792
20160216,6.1661,6.4059,6.1661,6.3137,1507324
20160217,6.3638,6.7273,6.3216,6.6693,1693619
20160218,6.7589,6.7852,6.5745,6.6114,821051
20160219,6.4744,6.6324,6.4533,6.5534,170693
20160222,6.5692,6.7431,6.5692,6.6166,177499
20160223,6.6535,6.6851,6.5692,6.6008,40728
20160224,6.5534,6.6746,6.348,6.6377,171046
20160225,6.6377,6.8695,6.6377,6.8221,190744
20160226,6.8537,7.07,6.8537,7.006,319077
20160229,7.022,7.365,7.022,7.354,1693289
20160301,7.407,7.502,7.351,7.428,370596
20160302,7.512,7.639,7.369,7.56,159249
20160303,7.56,7.665,7.496,7.654,606969
20160304,7.693,7.934,7.693,7.762,348961
20160307,7.691,7.928,7.607,7.865,278754
20160308,7.855,7.902,7.602,7.691,636762
20160309,7.639,7.755,7.586,7.67,528499
20160310,7.728,7.744,7.57,7.686,447436
20160311,7.77,7.902,7.728,7.849,135755
20160314,7.859,7.965,7.77,7.933,104365
20160315,7.923,7.934,7.786,7.839,180465
20160316,7.823,7.986,7.823,7.955,268281
20160317,7.865,8.26,7.865,8.176,225740
20160318,8.223,8.345,8.187,8.26,240542
20160321,8.281,8.402,8.26,8.376,337397
20160322,8.376,8.424,8.255,8.376,226304
20160323,8.408,8.408,8.113,8.15,158610
20160324,8.071,8.292,8.028,8.276,293264
20160328,8.355,8.355,8.155,8.271,362846
20160329,8.271,8.429,8.165,8.402,347201
20160330,8.402,8.529,8.376,8.408,321497
20160331,8.455,8.534,8.355,8.508,306056
20160401,8.508,8.666,8.455,8.613,362004
20160404,8.679,8.682,8.42,8.42,266353
20160405,8.455,8.482,8.309,8.424,263288
20160406,8.408,8.592,8.408,8.524,278253
20160407,8.524,8.55,8.334,8.434,514373
20160408,8.633,8.649,8.523,8.545,256213
20160411,8.534,8.715,8.523,8.534,230167
20160412,8.605,8.754,8.57,8.677,523517
20160413,8.787,8.853,8.737,8.798,323778
20160414,8.715,8.825,8.715,8.754,126504
20160415,8.77,8.814,8.66,8.726,213621
20160418,8.732,8.82,8.699,8.732,220552
20160419,8.814,8.858,8.737,8.831,658836
20160420,8.935,8.935,8.792,8.853,228418
20160421,8.924,8.924,8.77,8.776,238837
20160422,8.825,8.902,8.743,8.885,495608
20160425,8.853,8.908,8.842,8.886,369689
20160426,9.001,9.001,8.864,8.968,350923
20160427,8.968,9.028,8.935,9.006,337100
20160428,8.985,8.99,8.776,8.814,303277
20160429,8.743,8.886,8.726,8.847,137515
20160502,8.853,8.902,8.641,8.671,209851
20160503,8.572,8.699,8.479,8.561,224328
20160504,8.468,8.71,8.468,8.633,236065
20160505,8.66,8.688,8.473,8.473,168670
20160506,8.435,8.589,8.435,8.545,392053
20160509,8.583,8.638,8.292,8.358,1168917
20160510,8.44,8.605,8.363,8.583,798175
20160511,8.6,8.726,8.523,8.644,142000
20160512,8.672,8.748,8.562,8.65,66559
20160513,8.633,8.754,8.569,8.587,154386
20160516,8.666,8.754,8.644,8.693,234794
20160517,8.77,8.77,8.556,8.704,182385
20160518,8.666,8.699,8.567,8.58,231744
20160519,8.528,8.655,8.275,8.32,308477
20160520,8.38,8.501,8.358,8.429,262483
20160523,8.479,8.55,8.369,8.462,200243
20160524,8.479,8.6,8.479,8.567,203750
20160525,8.583,8.721,8.517,8.677,196808
20160526,8.715,8.715,8.611,8.66,200763
20160527,8.66,8.759,8.611,8.748,137147
20160531,8.765,8.77,8.721,8.732,48551
20160601,8.644,8.809,8.534,8.787,178749
20160602,8.66,8.831,8.633,8.776,220293
20160603,8.66,8.825,8.66,8.787,86483
20160606,8.792,8.935,8.792,8.919,198548
20160607,8.864,8.935,8.864,8.886,111735
20160608,8.908,8.963,8.82,8.902,132631
20160609,8.798,8.913,8.743,8.88,111263
20160610,8.825,8.875,8.781,8.799,180328
20160613,8.803,8.847,8.737,8.759,143972
20160614,8.754,8.853,8.597,8.66,189887
20160615,8.589,8.792,8.589,8.732,203032
20160616,8.66,8.754,8.611,8.748,104019
20160617,8.785,8.847,8.747,8.807,59942
20160620,8.891,8.99,8.88,8.913,117606
20160621,8.935,8.963,8.885,8.941,64457
20160622,8.908,9.023,8.908,8.941,92662
20160623,9.204,9.204,9.028,9.056,78807
20160624,8.766,9.039,8.606,8.997,293940
20160627,8.908,8.941,8.663,8.693,297541
20160628,8.759,9.006,8.759,8.979,185253
20160629,9.072,9.21,9.05,9.193,243469
20160630,9.155,9.248,9.133,9.234,143413
20160701,9.215,9.413,9.182,9.402,221651
20160705,9.391,9.402,9.215,9.375,187470
20160706,9.347,9.397,9.259,9.386,265930
20160707,9.358,9.435,9.342,9.424,273873
20160708,9.468,9.501,9.43,9.457,142147
20160711,9.512,9.584,9.474,9.501,460855
20160712,9.719,9.736,9.547,9.622,384100
20160713,9.626,9.644,9.547,9.568,110672
20160714,9.587,9.644,9.547,9.564,97223
20160715,9.604,9.708,9.564,9.638,189902
20160718,9.685,9.799,9.685,9.748,274419
20160719,9.742,9.857,9.708,9.822,193752
20160720,9.862,9.891,9.762,9.839,191509
20160721,9.925,9.931,9.776,9.88,191917
20160722,9.885,10.006,9.851,9.994,282426
20160725,10.052,10.08,9.966,10.063,283619
20160726,10.016,10.069,9.993,10.047,154748
20160727,10.069,10.103,10.017,10.069,219209
20160728,10.023,10.092,10.012,10.04,131548
20160729,10.115,10.12,10.023,10.115,118632
20160801,10.12,10.178,10.052,10.065,152524
20160802,10.077,10.097,9.922,9.98,196128
20160803,9.985,10.166,9.982,10.166,265411
20160804,10.23,10.247,10.064,10.173,148570
20160805,10.195,10.247,10.155,10.241,329165
20160808,10.201,10.304,10.144,10.241,122823
20160809,10.263,10.344,10.257,10.314,183885
20160810,10.272,10.327,10.266,10.283,123111
20160811,10.344,10.361,10.287,10.321,62659
20160812,10.364,10.396,10.33,10.358,122877
20160815,10.33,10.459,10.33,10.416,79660
20160816,10.413,10.522,10.4,10.419,99831
20160817,10.419,10.499,10.401,10.453,60965
20160818,10.415,10.579,10.415,10.564,254345
20160819,10.493,10.602,10.493,10.579,99225
20160822,10.579,10.711,10.567,10.636,238310
20160823,10.631,10.751,10.608,10.697,109696
20160824,10.745,10.751,10.677,10.694,129492
20160825,10.722,10.768,10.608,10.619,107081
20160826,10.642,10.786,10.642,10.751,89479
20160829,10.751,10.998,10.751,10.998,220410
20160830,11.061,11.181,10.923,11.105,194288
20160831,11.141,11.152,10.923,10.981,140401
20160901,11.135,11.135,10.837,10.957,190680
20160902,10.923,11.095,10.923,11.049,176425
20160906,11.067,11.118,11.003,11.044,126774
20160907,11.135,11.135,10.947,11.038,132760
20160908,11.066,11.089,10.969,11.066,241038
20160909,11.055,11.055,10.648,10.7,392335
20160912,10.617,10.619,10.325,10.497,635269
20160913,10.436,10.47,10.212,10.247,312547
20160914,10.338,10.401,10.206,10.235,198487
20160915,10.206,10.493,10.206,10.453,153371
20160916,10.436,10.539,10.247,10.464,245593
20160919,10.424,10.717,10.424,10.545,127420
20160920,10.493,10.751,10.493,10.636,132576
20160921,10.665,10.722,10.591,10.682,159231
20160922,10.786,10.786,10.665,10.756,281737
20160923,10.705,10.774,10.614,10.774,156890
20160926,10.665,10.774,10.654,10.705,347868
20160927,10.694,10.774,10.624,10.774,130174
20160928,10.78,10.814,10.665,10.763,167885
20160929,10.872,10.872,10.694,10.74,192998
20160930,10.751,10.814,10.699,10.745,178510
20161003,10.688,10.837,10.688,10.791,153356
20161004,10.717,10.837,10.631,10.671,330434
20161005,10.78,10.831,10.722,10.78,374274
20161006,10.797,10.797,10.614,10.74,199716
20161007,10.808,10.808,10.648,10.717,193565
20161010,10.722,10.803,10.694,10.705,244289
20161011,10.629,10.713,10.606,10.653,244869
20161012,10.737,10.755,10.635,10.707,228353
20161013,10.629,10.689,10.492,10.689,344349
20161014,10.743,10.743,10.421,10.427,321279
20161017,10.504,10.504,10.253,10.361,182260
20161018,10.385,10.516,10.337,10.456,187132
20161019,10.492,10.57,10.432,10.486,208811
20161020,10.452,10.54,10.38,10.452,274616
20161021,10.444,10.618,10.421,10.606,363934
20161024,10.683,10.737,10.588,10.707,331460
20161025,10.779,10.797,10.653,10.797,316213
20161026,10.814,10.832,10.606,10.694,477712
20161027,10.743,10.743,10.578,10.588,123198
20161028,10.576,10.653,10.51,10.576,250218
20161031,10.539,10.653,10.36,10.384,304780
20161101,10.444,10.45,9.979,10.104,829020
20161102,10.11,10.146,9.704,9.894,356329
20161103,9.874,9.985,9.647,9.725,224410
20161104,9.645,9.877,9.639,9.699,201311
20161107,9.871,9.985,9.854,9.902,229790
20161108,9.929,10.074,9.911,10.03,146871
20161109,9.848,10.397,9.848,10.313,258152
20161110,10.325,10.606,10.325,10.573,252208
20161111,10.504,10.713,10.486,10.658,509434
20161114,10.791,10.803,10.6,10.623,384571
20161115,10.681,10.707,10.498,10.707,220632
20161116,10.626,10.725,10.597,10.65,247991
20161117,10.674,10.82,10.65,10.811,451935
20161118,10.743,10.898,10.683,10.898,166076
20161121,10.898,11.035,10.862,10.982,158534
20161122,11.035,11.065,10.952,11.005,252950
20161123,10.999,11.035,10.892,10.982,112854
20161125,11.083,11.298,11.017,11.298,237839
20161128,11.232,11.316,11.155,11.179,321019
20161129,11.179,11.262,11.071,11.184,342446
20161130,11.286,11.286,11.073,11.125,202390
20161201,11.161,11.268,11.071,11.107,283741
20161202,11.102,11.131,11.013,11.025,218412
20161205,11.041,11.214,11.041,11.161,378228
20161206,11.19,11.256,11.113,11.214,427443
20161207,11.167,11.34,11.167,11.256,138652
20161208,11.322,11.435,11.22,11.387,313281
20161209,11.37,11.513,11.322,11.471,287580
20161212,11.537,11.578,11.447,11.555,418798
20161213,11.584,11.632,11.477,11.513,801866
20161214,11.519,11.543,11.352,11.423,412247
20161215,11.399,11.519,11.346,11.346,605339
20161216,11.34,11.525,11.34,11.423,285957
20161219,11.489,11.638,11.457,11.608,309687
20161220,11.635,11.728,11.611,11.713,324969
20161221,11.638,11.757,11.638,11.734,175372
20161222,11.722,11.734,11.614,11.68,216572
20161223,11.668,11.728,11.644,11.65,120331
20161227,11.612,11.751,11.612,11.749,254696
20161228,11.781,11.781,11.501,11.578,333817
20161229,11.58,11.787,11.58,11.783,263338
20161230,11.776,11.871,11.639,11.764,304278
20170103,11.763,11.99,11.763,11.978,355909
20170104,12.068,12.312,12.019,12.229,1527416
20170105,12.295,12.462,12.068,12.241,608778
20170106,12.336,12.372,12.235,12.241,426865
20170109,12.256,12.324,12.089,12.202,513883
20170110,12.193,12.205,12.092,12.163,527845
20170111,12.317,12.329,12.044,12.267,410105
20170112,12.304,12.304,12.112,12.224,222778
20170113,12.288,12.354,12.151,12.275,299440
20170117,12.26,12.379,12.197,12.217,433599
20170118,12.187,12.292,12.187,12.243,212072
20170119,12.342,12.385,12.075,12.075,336010
20170120,12.082,12.199,12.082,12.113,192687
20170123,12.063,12.292,12.063,12.224,318809
20170124,12.255,12.286,12.137,12.187,545086
20170125,12.236,12.373,12.23,12.348,183347
20170126,12.385,12.385,12.243,12.292,239443
20170127,12.289,12.342,12.184,12.252,256603
20170130,12.244,12.292,12.09,12.147,236488
20170131,12.144,12.162,11.98,12.026,181102
20170201,12.02,12.187,12.02,12.112,202518
20170202,12.181,12.23,12.119,12.119,149319
20170203,12.199,12.602,12.187,12.509,247384
20170206,12.577,12.657,12.415,12.657,281540
20170207,12.688,12.695,12.533,12.657,173168
20170208,12.633,12.639,12.428,12.614,184992
20170209,12.65,12.695,12.565,12.639,218202
20170210,12.602,12.843,12.602,12.713,379231
20170213,12.849,12.905,12.781,12.887,150844
20170214,12.856,12.973,12.819,12.955,95209
20170215,12.998,13.048,12.942,13.022,341316
20170216,13.004,13.109,12.942,12.973,191896
20170217,12.979,13.091,12.924,13.054,116743
20170221,13.103,13.196,13.023,13.165,264839
20170222,13.153,13.19,13.109,13.159,225447
20170223,13.197,13.308,13.129,13.209,226303
20170224,13.239,13.252,13.066,13.252,205945
20170227,13.264,13.264,13.115,13.147,223160
20170228,13.221,13.301,12.856,13.01,1340874
20170301,13.196,13.196,13.066,13.116,303218
20170302,13.159,13.159,12.942,12.961,210012
20170303,12.916,13.004,12.868,12.875,274454
20170306,12.875,12.948,12.79,12.893,308214
20170307,12.955,12.955,12.732,12.849,293106
20170308,13.004,13.035,12.664,12.695,212643
20170309,12.726,13.14,12.323,12.379,568938
20170310,12.385,12.688,12.361,12.67,210454
20170313,12.695,12.849,12.682,12.818,132259
20170314,12.818,12.818,12.633,12.688,84123
20170315,12.645,12.973,12.645,12.917,134240
20170316,12.979,13.072,12.899,12.899,212815
20170317,13.004,13.134,12.973,13.128,114547
20170320,13.147,13.252,13.103,13.209,274492
20170321,13.308,13.308,12.849,12.88,175477
20170322,12.756,12.973,12.707,12.726,240671
20170323,12.845,12.973,12.801,12.863,217744
20170324,12.967,13.004,12.88,12.88,213977
20170327,12.8,12.955,12.756,12.955,186939
20170328,12.992,13.159,12.88,13.091,302040
20170329,13.159,13.246,13.017,13.178,217759
20170330,13.222,13.4,13.222,13.334,207811
20170331,13.391,13.506,13.317,13.422,210363
20170403,13.45,13.469,13.323,13.357,301808
20170404,13.36,13.413,13.314,13.339,141630
20170405,13.5,13.5,13.184,13.19,275387
20170406,13.252,13.394,13.209,13.37,376970
20170407,13.376,13.419,13.32,13.32,338241
20170410,13.438,13.438,13.328,13.36,289065
20170411,13.38,13.438,13.264,13.335,283318
20170412,13.297,13.47,13.29,13.367,134664
20170413,13.296,13.386,13.264,13.28,122613
20170417,13.335,13.425,13.309,13.399,140366
20170418,13.393,13.418,13.328,13.373,256569
20170419,13.393,13.489,13.264,13.373,233543
20170420,13.386,13.457,13.335,13.431,156207
20170421,13.444,13.611,13.431,13.489,128887
20170424,13.65,13.688,13.521,13.637,193126
20170425,13.739,13.759,13.681,13.701,153719
20170426,13.675,13.874,13.675,13.778,234081
20170427,13.675,13.855,13.675,13.739,178056
20170428,13.803,13.817,13.648,13.713,260980
20170501,13.714,13.81,13.65,13.656,194182
20170502,13.707,13.81,13.653,13.701,117089
20170503,13.81,13.81,13.325,13.348,309631
20170504,13.431,13.521,12.847,12.853,428722
20170505,12.937,13.155,12.847,13.084,236985
20170508,13.138,13.463,12.855,12.913,246597
20170509,12.911,12.917,12.699,12.699,436279
20170510,12.647,12.647,12.358,12.397,405471
20170511,12.358,12.41,12.224,12.326,264601
20170512,12.333,12.333,12.191,12.198,227651
20170515,12.204,12.564,12.204,12.436,184090
20170516,12.468,12.609,12.41,12.526,112327
20170517,12.461,12.461,12.256,12.294,255979
20170518,12.275,12.326,12.204,12.281,148021
20170519,12.365,12.365,12.159,12.198,139513
20170522,12.211,12.403,12.211,12.365,87099
20170523,12.455,12.596,12.371,12.545,93484
20170524,12.596,12.641,12.532,12.596,82213
20170525,12.59,12.725,12.506,12.513,84012
20170526,12.609,12.628,12.416,12.5,118178
20170530,12.499,12.506,12.347,12.364,119818
20170531,12.429,12.429,12.204,12.217,96464
20170601,12.391,12.461,12.273,12.455,75905
20170602,12.468,12.525,12.408,12.429,81205
20170605,12.48,12.48,12.358,12.41,113835
20170606,12.416,12.416,12.236,12.326,170041
20170607,12.371,12.371,12.224,12.249,135042
20170608,12.336,12.339,12.259,12.317,64378
20170609,12.365,12.448,12.301,12.346,206539
20170612,12.321,12.442,12.321,12.423,104367
20170613,12.461,12.461,12.307,12.455,103698
20170614,12.395,12.41,12.299,12.41,73328
20170615,12.371,12.371,12.23,12.358,168987
20170616,12.34,12.423,12.308,12.372,62280
20170619,12.434,12.603,12.408,12.446,138478
20170620,12.461,12.487,12.333,12.352,134274
20170621,12.391,12.448,12.294,12.313,98415
20170622,12.307,12.371,12.275,12.301,150177
20170623,12.333,12.5,12.333,12.5,83761
20170626,12.55,12.66,12.453,12.64,255769
20170627,12.59,12.647,12.493,12.493,164132
20170628,12.506,12.577,12.456,12.493,102103
20170629,12.493,12.641,12.41,12.641,233538
20170630,12.59,12.718,12.59,12.667,108151
20170703,12.718,12.795,12.628,12.789,168399
20170705,12.892,12.904,12.609,12.731,281321
20170706,12.744,12.75,12.59,12.66,278221
20170707,12.75,12.75,12.461,12.647,195482
20170710,12.647,12.744,12.596,12.704,215133
20170711,12.782,12.782,12.583,12.622,378719
20170712,12.774,12.865,12.66,12.684,266175
20170713,12.67,12.764,12.623,12.657,70570
20170714,12.677,12.804,12.67,12.751,100449
20170717,12.798,12.871,12.731,12.791,92386
20170718,12.791,12.844,12.717,12.777,169021
20170719,12.791,12.858,12.744,12.764,66346
20170720,12.764,12.824,12.737,12.784,44599
20170721,12.781,12.818,12.781,12.801,33147
20170724,12.811,12.811,12.697,12.717,157062
20170725,12.798,12.811,12.717,12.784,178297
20170726,12.811,12.811,12.744,12.751,59721
20170727,12.811,12.811,12.73,12.811,134523
20170728,12.791,12.791,12.69,12.744,110731
20170731,12.707,12.777,12.694,12.707,102007
20170801,12.737,12.804,12.731,12.737,59647
20170802,12.734,12.771,12.64,12.687,160029
20170803,12.664,12.704,12.563,12.563,147431
20170804,12.564,12.623,12.464,12.491,170183
20170807,12.46,12.583,12.46,12.52,131267
20170808,12.59,12.63,12.516,12.53,119103
20170809,12.515,12.536,12.397,12.47,131976
20170810,12.436,12.436,12.107,12.141,258913
20170811,12.058,12.107,11.891,11.938,287864
20170814,12.059,12.302,12.048,12.273,142913
20170815,12.255,12.288,12.188,12.235,167231
20170816,12.262,12.295,12.094,12.134,267278
20170817,12.128,12.128,11.801,11.852,292962
20170818,11.786,11.799,11.531,11.631,327516
20170821,11.623,11.645,11.449,11.543,190556
20170822,11.522,11.726,11.515,11.629,153924
20170823,11.645,11.746,11.592,11.719,122752
20170824,11.692,11.766,11.645,11.719,116636
20170825,11.732,11.772,11.665,11.692,139948
20170828,11.759,11.766,11.605,11.659,108684
20170829,11.545,11.638,11.464,11.558,101875
20170830,11.467,11.592,11.467,11.534,166940
20170831,11.538,11.598,11.383,11.397,322099
20170901,11.412,11.659,11.399,11.627,125448
20170905,11.592,11.625,11.425,11.462,239857
20170906,11.531,11.632,11.404,11.511,217836
20170907,11.525,11.565,11.416,11.457,106507
20170908,11.471,11.471,11.344,11.411,195409
20170911,11.39,11.518,11.39,11.471,215567
20170912,11.491,11.525,11.437,11.474,224712
20170913,11.507,11.511,11.427,11.5,120079
20170914,11.491,11.525,11.444,11.525,159207
20170915,11.464,11.605,11.457,11.589,127585
20170918,11.591,11.618,11.484,11.557,197803
20170919,11.504,11.665,11.504,11.625,242503
20170920,11.618,11.726,11.618,11.685,132331
20170921,11.705,11.739,11.578,11.659,155670
20170922,11.679,11.752,11.659,11.726,106886
20170925,11.752,11.772,11.659,11.759,292574
20170926,11.799,11.893,11.759,11.853,311536
20170927,11.96,11.96,11.799,11.886,235257
20170928,11.86,12.094,11.819,12.081,342261
20170929,12.067,12.369,12.067,12.328,394481
20171002,12.389,12.396,12.208,12.375,326329
20171003,12.362,12.429,12.268,12.389,195848
20171004,12.362,12.396,12.295,12.362,226816
20171005,12.442,12.449,12.329,12.382,186180
20171006,12.36,12.409,12.246,12.286,164978
20171009,12.295,12.355,12.235,12.26,198333
20171010,12.295,12.295,12.195,12.269,373148
20171011,12.262,12.288,12.141,12.208,359333
20171012,12.294,12.398,12.14,12.155,340920
20171013,12.203,12.203,11.994,12.05,266795
20171016,12.043,12.112,11.962,12.014,387452
20171017,12.008,12.057,11.882,11.903,227462
20171018,11.882,12.022,11.882,11.966,122262
20171019,12.008,12.008,11.826,11.943,215986
20171020,12.036,12.126,11.945,12.126,211793
20171023,12.133,12.133,11.945,12.022,273534
20171024,11.98,12.098,11.98,12.022,289813
20171025,11.992,12.05,11.546,11.734,500768
20171026,11.854,11.854,11.575,11.575,230335
20171027,11.624,11.722,11.523,11.687,331664
20171030,11.715,11.82,11.631,11.645,211384
20171031,11.644,11.722,11.515,11.525,225117
20171101,11.575,11.575,11.356,11.38,372011
20171102,11.37,11.387,10.881,10.895,1104727
20171103,10.857,11.297,10.857,11.28,382616
20171106,11.248,11.464,11.241,11.437,432305
20171107,11.5,11.513,11.368,11.389,462798
20171108,11.464,11.715,11.429,11.68,287614
20171109,11.575,11.666,11.415,11.429,136874
20171110,11.373,11.534,11.36,11.499,145980
20171113,11.324,11.471,11.104,11.443,382085
20171114,11.415,11.562,11.408,11.513,173918
20171115,11.439,11.499,11.281,11.474,463719
20171116,11.434,11.75,11.364,11.685,371940
20171117,11.708,11.854,11.56,11.854,333233
20171120,11.841,11.98,11.757,11.868,229399
20171121,11.952,11.959,11.785,11.795,203346
20171122,11.825,11.903,11.714,11.825,192459
20171124,11.714,11.931,11.714,11.839,50589
20171127,11.84,11.959,11.701,11.728,188527
20171128,11.652,11.826,11.652,11.813,121655
20171129,11.82,11.875,11.757,11.771,88193
20171130,11.75,11.84,11.61,11.722,230271
20171201,11.917,11.917,11.429,11.596,211102
20171204,11.612,11.708,11.559,11.563,190235
20171205,11.548,11.61,11.412,11.415,150835
20171206,11.402,11.555,11.367,11.513,135214
20171207,11.562,11.568,11.472,11.506,57811
20171208,11.506,11.652,11.492,11.575,107599
20171211,11.611,11.659,11.555,11.583,178868
20171212,11.602,11.631,11.504,11.504,123393
20171213,11.541,11.617,11.481,11.568,155591
20171214,11.555,11.617,11.499,11.499,266327
20171215,11.541,11.701,11.499,11.59,193071
20171218,11.504,11.813,11.504,11.609,389535
20171219,11.694,11.722,11.471,11.476,203422
20171220,11.541,11.568,11.44,11.506,277579
20171221,11.568,11.631,11.541,11.589,362794
20171222,11.527,11.68,11.527,11.631,202500
20171226,11.596,11.715,11.534,11.548,202611
20171227,11.555,11.603,11.506,11.548,454438
20171228,11.548,11.575,11.492,11.527,247982
20171229,11.548,11.575,11.457,11.457,421724
20180102,11.506,11.624,11.419,11.569,580464
20180103,11.666,11.771,11.52,11.541,339561
20180104,11.624,11.624,11.435,11.436,275017
20180105,11.561,11.61,11.436,11.498,369476
20180108,11.436,11.506,11.408,11.485,479698
20180109,11.492,11.513,11.228,11.228,515875
20180110,11.254,11.317,11.191,11.24,254338
20180111,11.255,11.352,11.213,11.331,357441
20180112,11.404,11.528,11.31,11.492,348847
20180116,11.499,11.615,11.412,11.441,292954
20180117,11.441,11.492,11.324,11.492,290307
20180118,11.499,11.528,11.317,11.353,258565
20180119,11.351,11.448,11.316,11.409,105890
20180122,11.411,11.513,11.4,11.492,231427
20180123,11.535,11.623,11.477,11.539,80834
20180124,11.564,11.601,11.462,11.521,243135
20180125,11.63,11.644,11.462,11.47,326290
20180126,11.448,11.528,11.375,11.455,181792
20180129,11.419,11.419,11.295,11.317,248533
20180130,11.295,11.346,11.084,11.12,357021
20180131,11.106,11.193,10.917,10.968,227246
20180201,10.953,11.128,10.924,11.077,144996
20180202,11.019,11.055,10.749,10.757,346936
20180205,10.662,10.662,9.556,9.985,3311283
20180206,9.716,10.334,9.687,10.269,703491
20180207,10.4,10.56,10.314,10.531,178385
20180208,10.458,10.662,10.203,10.269,296156
20180209,10.516,10.64,10.087,10.286,287607
20180212,10.444,10.516,10.313,10.473,154402
20180213,10.363,10.706,10.363,10.669,117779
20180214,10.662,10.764,10.571,10.676,159959
20180215,10.735,10.735,10.436,10.502,107577
20180216,10.531,10.742,10.531,10.698,98936
20180220,10.735,10.756,10.473,10.583,203168
20180221,10.48,10.589,10.414,10.465,118179
20180222,10.444,10.524,10.371,10.371,74477
20180223,10.473,10.473,10.32,10.385,167039
20180226,10.342,10.48,10.306,10.401,191631
20180227,10.363,10.56,10.236,10.24,183005
20180228,10.247,10.356,10.098,10.123,142744
20180301,10.124,10.254,9.971,10.051,254854
20180302,10.036,10.211,9.978,10.203,108454
20180305,10.145,10.502,10.08,10.502,96111
20180306,10.48,10.618,10.436,10.611,315741
20180307,10.545,10.545,10.414,10.462,49288
20180308,10.509,10.604,10.473,10.582,48485
20180309,10.582,10.684,10.582,10.633,113001
20180312,10.567,10.713,10.567,10.698,93287
20180313,10.713,10.786,10.625,10.786,101363
20180314,10.786,10.866,10.662,10.713,204716
20180315,10.676,10.676,10.371,10.451,174775
20180316,10.422,10.64,10.414,10.618,190530
20180319,10.701,10.706,10.458,10.563,173121
20180320,10.6,10.655,10.549,10.567,249020
20180321,10.575,10.633,10.444,10.575,207380
20180322,10.509,11.011,10.509,10.917,285643
20180323,11.048,11.048,10.571,10.618,221248
20180326,10.917,10.917,10.66,10.735,142851
20180327,10.771,10.778,10.469,10.494,171073
20180328,10.502,10.625,10.502,10.582,137064
20180329,10.565,10.771,10.565,10.71,122753
20180402,10.738,10.764,10.556,10.665,175589
20180403,10.662,10.844,10.662,10.749,218328
20180404,10.763,11.026,10.763,10.989,209939
20180405,10.997,11.128,10.953,11.091,389316
20180406,11.084,11.084,10.869,10.96,148126
20180409,11.026,11.055,10.938,10.938,233499
20180410,10.995,11.018,10.891,10.895,166965
20180411,10.88,10.96,10.829,10.837,284937
20180412,10.899,10.936,10.778,10.815,230303
20180413,10.891,10.906,10.74,10.77,65983
20180416,10.756,10.883,10.756,10.862,64654
20180417,10.825,10.982,10.825,10.946,204021
20180418,10.968,11.035,10.907,10.937,89286
20180419,10.967,10.967,10.846,10.853,76577
20180420,10.815,10.838,10.762,10.815,81343
20180423,10.906,10.906,10.717,10.74,177336
20180424,10.745,10.899,10.713,10.783,240819
20180425,10.747,10.785,10.717,10.74,70558
20180426,10.755,10.762,10.634,10.709,215674
20180427,10.777,10.936,10.746,10.905,107255
20180430,10.967,10.967,10.872,10.891,189275
20180501,10.899,10.899,10.796,10.838,54210
20180502,10.803,10.899,10.803,10.841,101884
20180503,10.732,10.891,10.732,10.868,125921
20180504,10.74,11.027,10.736,10.967,265019
20180507,11.004,11.171,10.959,11.133,432091
20180508,11.097,11.284,11.097,11.233,168976
20180509,11.231,11.254,11.178,11.216,96777
20180510,11.22,11.466,11.22,11.401,229379
20180511,11.42,11.526,11.42,11.443,114477
20180514,11.496,11.572,11.496,11.516,120509
20180515,11.496,11.519,11.405,11.488,86209
20180516,11.488,11.564,11.481,11.488,49135
20180517,11.415,11.67,11.415,11.581,90634
20180518,11.572,11.602,11.504,11.58,141098
20180521,11.579,11.708,11.579,11.7,165179
20180522,11.708,11.708,11.541,11.647,153593
20180523,11.609,11.746,11.609,11.745,66053
20180524,11.761,11.761,11.625,11.715,31551
20180525,11.746,11.776,11.67,11.746,53417
20180529,11.746,11.746,11.609,11.609,83074
20180530,11.716,11.746,11.657,11.733,43051
20180531,11.799,11.799,11.647,11.679,55123
20180601,11.73,11.746,11.662,11.693,74981
20180604,11.693,11.791,11.662,11.776,78230
20180605,11.757,11.806,11.689,11.78,79803
20180606,11.791,11.897,11.696,11.897,152295
20180607,11.897,11.988,11.874,11.957,164104
20180608,11.995,11.995,11.935,11.985,54130
20180611,11.923,11.973,11.855,11.886,83765
20180612,11.935,11.935,11.783,11.795,115489
20180613,11.738,11.799,11.647,11.768,31467
20180614,11.836,11.927,11.814,11.904,87790
20180615,11.874,11.95,11.87,11.927,105282
20180618,11.768,12.01,11.768,11.935,55413
20180619,11.768,12.003,11.768,11.942,61673
20180620,11.98,12.003,11.937,11.965,55120
20180621,11.965,11.988,11.783,11.851,137280
20180622,11.942,11.942,11.731,11.753,137356
20180625,11.753,11.791,11.579,11.693,93922
20180626,11.647,11.768,11.564,11.708,80148
20180627,11.647,11.776,11.594,11.594,82925
20180628,11.556,11.572,11.427,11.526,244492
20180629,11.572,11.678,11.572,11.594,65186
20180702,11.579,11.783,11.549,11.768,211540
20180703,11.844,12.003,11.809,11.925,139459
20180705,11.965,11.973,11.889,11.973,128225
20180706,11.912,12.033,11.912,11.98,211660
20180709,12.01,12.086,12.003,12.026,187065
20180710,11.98,12.086,11.98,12.063,72954
20180711,12.018,12.094,12.018,12.048,74741
20180712,12.051,12.056,11.885,11.922,162373
20180713,11.991,12.015,11.881,11.944,99720
20180716,11.884,12.015,11.884,11.981,80534
20180717,12.015,12.227,11.999,12.203,132543
20180718,12.099,12.541,12.099,12.524,174147
20180719,12.463,12.643,12.463,12.518,239169
20180720,12.588,12.659,12.455,12.47,75294
20180723,12.573,12.573,12.372,12.415,57284
20180724,12.533,12.533,12.376,12.455,81804
20180725,12.525,12.565,12.455,12.549,153942
20180726,12.573,12.604,12.518,12.549,50811
20180727,12.573,12.675,12.455,12.546,146796
20180730,12.566,12.62,12.519,12.574,120871
20180731,12.643,12.651,12.542,12.627,56369
20180801,12.675,12.675,12.573,12.651,48242
20180802,12.651,12.785,12.629,12.738,99848
20180803,12.769,12.895,12.745,12.848,167435
20180806,12.801,12.91,12.801,12.866,38169
20180807,12.887,12.918,12.846,12.848,85357
20180808,12.84,12.879,12.786,12.8,28925
20180809,12.73,12.832,12.73,12.785,94264
20180810,12.738,12.761,12.604,12.604,70792
20180813,12.608,12.706,12.608,12.608,55887
20180814,12.613,12.667,12.604,12.659,40779
20180815,12.608,12.667,12.545,12.591,58545
20180816,12.592,12.753,12.592,12.679,147485
20180817,12.62,12.69,12.604,12.69,42048
20180820,12.635,12.761,12.635,12.706,58827
20180821,12.612,12.769,12.612,12.761,87728
20180822,12.774,12.824,12.75,12.783,15222
20180823,12.785,12.785,12.675,12.706,36875
20180824,12.706,12.73,12.69,12.706,26312
20180827,12.706,12.863,12.706,12.847,71170
20180828,12.863,12.863,12.675,12.753,51695
20180829,12.753,12.926,12.753,12.896,102230
20180830,12.911,12.965,12.871,12.95,176301
20180831,12.95,12.965,12.871,12.926,26135
20180904,12.91,12.91,12.826,12.887,97753
20180905,12.883,12.887,12.746,12.805,54410
20180906,12.694,12.832,12.694,12.789,94357
20180907,12.696,12.761,12.633,12.633,94623
20180910,12.651,12.69,12.626,12.651,51936
20180911,12.612,12.651,12.588,12.628,58568
20180912,12.628,12.683,12.596,12.65,80430
20180913,12.651,12.871,12.649,12.832,109205
20180914,12.85,12.871,12.667,12.714,33458
20180917,12.717,12.769,12.702,12.736,23949
20180918,12.777,12.793,12.713,12.737,36639
20180919,12.748,12.816,12.686,12.686,31111
20180920,12.734,12.816,12.71,12.805,27111
20180921,12.809,12.879,12.793,12.837,35862
20180924,12.837,12.871,12.738,12.751,29021
20180925,12.761,12.824,12.682,12.685,29991
20180926,12.732,12.745,12.694,12.694,34145
20180927,12.8,12.8,12.659,12.66,31807
20180928,12.653,12.69,12.621,12.622,84717
20181001,12.628,12.683,12.51,12.598,182481
20181002,12.596,12.643,12.502,12.547,127707
20181003,12.586,12.643,12.537,12.598,77089
20181004,12.502,12.541,12.277,12.322,263535
20181005,12.374,12.415,12.201,12.256,125974
20181008,12.211,12.211,11.881,11.905,433275
20181009,11.92,12.188,11.912,12.185,146552
20181010,12.144,12.172,11.932,11.963,115043
20181011,11.905,12.077,11.586,11.611,344020
20181012,11.758,11.832,11.595,11.676,114661
20181015,11.685,11.856,11.619,11.725,76485
20181016,11.775,11.848,11.705,11.848,143014
20181017,11.831,11.905,11.7,11.79,35595
20181018,11.766,11.783,11.627,11.685,245795
20181019,11.627,11.725,11.505,11.554,119655
20181022,11.834,11.987,11.417,11.425,171009
20181023,11.276,11.398,11.039,11.202,407400
20181024,11.202,11.243,10.883,10.908,198643
20181025,11.084,11.153,10.994,11.092,162864
20181026,10.998,11.006,10.777,10.94,262617
20181029,11.215,11.251,10.896,10.978,119568
20181030,11.014,11.235,10.953,11.104,79971
20181031,11.182,11.586,11.143,11.467,210282
20181101,11.578,11.717,11.456,11.668,90897
20181102,11.67,11.783,11.47,11.507,140171
20181105,11.491,11.799,11.491,11.744,119005
20181106,11.79,12.085,11.79,12.036,234873
20181107,12.159,12.232,11.954,12.061,166556
20181108,11.946,12.241,11.946,12.028,165209
20181109,11.995,12.036,11.939,11.987,95377
20181112,11.985,11.995,11.65,11.65,92709
20181113,11.716,11.856,11.609,11.609,107048
20181114,11.644,11.717,11.513,11.537,99443
20181115,11.489,11.627,11.44,11.473,199335
20181116,11.447,11.578,11.366,11.54,406910
20181119,11.568,11.636,11.511,11.56,94425
20181120,11.495,11.693,11.078,11.237,234642
20181121,11.243,11.472,11.227,11.39,91389
20181123,11.12,11.472,11.12,11.431,52031
20181126,11.488,11.693,11.407,11.415,182552
20181127,11.382,11.521,11.349,11.366,86328
20181128,11.349,11.652,11.349,11.644,167364
20181129,11.766,11.766,11.578,11.636,95677
20181130,11.627,11.627,11.472,11.489,153744
20181203,11.744,11.824,11.53,11.763,93393
20181204,11.676,11.725,11.415,11.423,154596
20181206,11.288,11.333,10.887,11.247,321777
20181207,11.104,11.325,11.104,11.202,50406
20181210,11.161,11.227,10.859,10.957,362034
20181211,10.99,11.137,10.883,10.9,209382
20181212,11.063,11.186,11.03,11.03,165178
20181213,10.998,11.03,10.801,10.842,208321
20181214,10.777,10.867,10.511,10.523,207208
20181217,10.498,10.548,9.633,9.689,509782
20181218,9.894,10.139,9.616,9.706,248904
20181219,9.73,10.066,9.575,9.649,291921
20181220,9.681,9.706,8.831,8.913,529530
20181221,9.002,9.371,8.936,9.002,257910
20181224,8.908,9.117,8.644,9.048,278146
20181226,8.995,9.583,8.995,9.563,269064
20181227,9.369,9.747,9.337,9.697,155394
20181228,9.568,10,9.568,9.781,220390
20181231,9.979,10.017,9.357,9.467,246551
20190102,9.469,9.943,9.365,9.788,161260
20190103,9.747,9.976,9.616,9.82,137205
20190104,10.096,10.254,9.939,10.194,175239
20190107,10.221,10.769,10.221,10.695,246290
20190108,10.785,10.859,10.646,10.851,116496
20190109,10.859,10.883,10.63,10.765,106499
20190110,10.712,10.957,10.712,10.896,260820
20190111,11.083,11.109,10.775,10.955,136575
20190114,11.04,11.04,10.775,10.852,166873
20190115,10.792,10.989,10.792,10.963,46454
20190116,11.018,11.109,10.958,11.095,81234
20190117,11.083,11.169,11.023,11.075,63427
20190118,11.246,11.254,11.153,11.195,144568
20190122,11.212,11.254,10.975,11.066,100617
20190123,11.181,11.186,10.984,11.087,148560
20190124,11.177,11.297,11.152,11.246,183220
20190125,11.297,11.383,11.25,11.357,86976
20190128,11.306,11.408,11.263,11.383,334042
20190129,11.417,11.46,11.34,11.357,35841
20190130,11.557,11.665,11.368,11.574,81238
20190131,11.642,11.758,11.599,11.748,108866
20190201,11.871,11.871,11.563,11.674,78792
20190204,11.768,11.845,11.717,11.845,55870
20190205,11.785,11.956,11.766,11.956,86318
20190206,11.871,12.059,11.871,11.896,109390
20190207,11.862,11.862,11.485,11.622,95018
20190208,11.674,11.674,11.485,11.567,195074
20190211,11.657,11.759,11.614,11.631,70001
20190212,11.648,11.802,11.554,11.708,231883
20190213,11.776,11.862,11.759,11.794,139526
20190214,11.794,11.866,11.768,11.828,25884
20190215,11.905,11.948,11.63,11.905,127188
20190219,11.862,11.982,11.862,11.973,284405
20190220,11.982,12.187,11.948,12.179,122226
20190221,12.2,12.35,12.183,12.311,188304
20190222,12.333,12.701,12.264,12.684,283487
20190225,12.692,12.786,12.453,12.624,173183
20190226,12.446,12.658,12.309,12.566,130761
20190227,12.495,12.598,12.453,12.461,38670
20190228,12.397,12.427,12.26,12.32,59842
20190301,12.495,12.692,12.016,12.144,129891
20190304,12.162,12.256,12.085,12.196,136877
20190305,12.164,12.273,11.869,11.99,152929
20190306,12.025,12.025,11.896,11.913,78460
20190307,11.931,11.931,11.774,11.834,129523
20190308,11.811,11.939,11.811,11.879,59679
20190311,11.948,12.127,11.931,12.11,54123
20190312,12.153,12.179,11.951,12.016,81847
20190313,11.965,12.085,11.965,12.042,84118
20190314,12.033,12.239,12.033,12.196,60869
20190315,12.214,12.247,12.094,12.146,74063
20190318,12.196,12.29,12.136,12.256,44013
20190319,12.401,12.41,12.153,12.162,32226
20190320,12.153,12.17,12.033,12.059,111338
20190321,12.052,12.196,12.052,12.102,30038
20190322,12.239,12.239,11.889,11.939,169690
20190325,11.948,12.033,11.854,11.956,158089
20190326,12.012,12.067,11.975,12.029,37394
20190327,12.082,12.102,11.954,12.074,73928
20190328,12.157,12.17,12.08,12.122,96209
20190329,12.11,12.256,12.059,12.071,97919
20190401,12.025,12.281,12.025,12.273,56603
20190402,12.196,12.427,12.196,12.358,65619
20190403,12.358,12.427,12.29,12.307,55476
20190404,12.487,12.487,12.272,12.35,80828
20190405,12.384,12.504,12.384,12.47,130042
20190408,12.487,12.555,12.444,12.478,72526
20190409,12.444,12.444,12.281,12.307,146722
20190410,12.297,12.384,12.297,12.348,140840
20190411,12.472,12.492,12.347,12.347,90839
20190412,12.456,12.492,12.332,12.367,84250
20190415,12.35,12.421,12.287,12.341,90544
20190416,12.323,12.554,12.323,12.503,67947
20190417,12.51,12.527,12.43,12.439,85521
20190418,12.412,12.492,12.403,12.403,57060
20190422,12.447,12.447,12.376,12.447,64100
20190423,12.527,12.581,12.465,12.572,62417
20190424,12.536,12.741,12.536,12.599,177151
20190425,12.634,12.634,12.456,12.545,37275
20190426,12.527,12.67,12.527,12.643,39780
20190429,12.63,12.839,12.63,12.754,108085
20190430,12.741,12.83,12.67,12.821,63530
20190501,12.776,12.848,12.714,12.741,58422
20190502,12.741,12.803,12.705,12.75,46852
20190503,12.75,12.99,12.75,12.972,103469
20190506,12.893,13.088,12.813,13.035,65794
20190507,13.017,13.079,12.794,12.856,143161
20190508,12.848,12.99,12.581,12.901,100078
20190509,12.892,12.892,12.634,12.732,82506
20190510,12.625,12.874,12.625,12.785,87999
20190513,12.581,12.59,12.385,12.465,62074
20190514,12.509,12.714,12.509,12.642,72247
20190515,12.621,12.625,12.497,12.594,31471
20190516,12.59,12.732,12.59,12.696,63789
20190517,12.536,12.816,12.536,12.705,25551
20190520,12.616,12.83,12.502,12.75,43635
20190521,12.816,12.83,12.772,12.781,38996
20190522,12.741,12.812,12.732,12.776,28261
20190523,12.625,12.661,12.546,12.59,84848
20190524,12.59,12.688,12.59,12.661,27742
20190528,12.465,12.661,12.456,12.625,38490
20190529,12.484,12.501,12.448,12.466,80659
20190530,12.463,12.572,12.33,12.347,86106
20190531,12.261,12.261,11.967,11.994,97853
20190603,12.037,12.145,11.975,12.073,64416
20190604,12.181,12.305,12.083,12.279,127932
20190605,12.225,12.43,12.216,12.235,46108
20190606,12.323,12.403,12.287,12.359,28227
20190607,12.403,12.474,12.336,12.474,48439
20190610,12.412,12.608,12.412,12.545,41476
20190611,12.439,12.652,12.439,12.528,46088
20190612,12.421,12.652,12.421,12.643,79014
20190613,12.661,12.785,12.616,12.723,36185
20190614,12.723,12.785,12.67,12.776,24308
20190617,12.741,12.785,12.688,12.732,33140
20190618,12.759,12.91,12.759,12.839,23240
20190619,12.848,13.043,12.848,12.981,69248
20190620,13.017,13.017,12.687,12.785,51117
20190621,12.759,12.839,12.759,12.776,40558
20190624,12.75,12.928,12.75,12.759,50794
20190625,12.794,12.794,12.536,12.559,72769
20190626,12.67,12.67,12.536,12.554,17746
20190627,12.67,12.67,12.46,12.536,30591
20190628,12.536,12.821,12.536,12.759,44659
20190701,12.839,12.892,12.756,12.836,61199
20190702,12.848,12.901,12.839,12.883,45489
20190703,12.972,12.999,12.903,12.999,35834
20190705,12.839,13.043,12.839,13.018,65202
20190708,13.061,13.061,12.945,12.981,31412
20190709,13.025,13.025,12.937,13.01,72388
20190710,13.043,13.114,12.963,13.088,109823
20190711,13.092,13.105,13.003,13.03,104522
20190712,13.034,13.117,13.034,13.098,81262
20190715,13.154,13.154,13.089,13.108,53581
20190716,13.127,13.2,13.06,13.089,59649
20190717,13.074,13.08,12.849,12.886,57457
20190718,12.877,12.923,12.867,12.914,25327
20190719,13.043,13.043,12.932,12.941,35393
20190722,12.978,12.978,12.619,12.766,165252
20190723,12.784,12.877,12.761,12.868,122877
20190724,12.803,13.034,12.803,13.034,144505
20190725,13.052,13.061,12.932,12.988,39104
20190726,12.972,13.061,12.972,13.018,86384
20190729,13.024,13.034,12.941,12.941,32666
20190730,12.932,13.172,12.895,13.154,140240
20190731,13.16,13.191,12.892,13.012,79943
20190801,12.997,13.024,12.775,12.858,87963
20190802,12.886,12.96,12.72,12.858,109968
20190805,12.655,12.72,12.212,12.341,227084
20190806,12.433,12.683,12.433,12.553,99395
20190807,12.285,12.461,12.239,12.424,61714
20190808,12.35,12.877,12.35,12.877,41813
20190809,12.849,12.858,12.618,12.618,47193
20190812,12.489,12.59,12.452,12.553,67763
20190813,12.756,12.83,12.59,12.664,113515
20190814,12.48,12.563,12.296,12.425,145529
20190815,12.313,12.553,12.313,12.332,146527
20190816,12.439,12.701,12.428,12.692,65143
20190819,12.544,13.052,12.544,12.978,112065
20190820,13.012,13.154,13.012,13.031,18759
20190821,13.163,13.163,13.035,13.08,24048
20190822,13.071,13.154,13.034,13.043,191918
20190823,13.028,13.117,12.787,12.787,41858
20190826,12.858,12.978,12.849,12.904,62258
20190827,12.951,12.951,12.701,12.72,42146
20190828,12.701,12.794,12.563,12.757,129160
20190829,12.783,12.932,12.759,12.922,24356
20190830,12.91,12.96,12.864,12.938,50890
20190903,12.932,12.932,12.683,12.812,35684
20190904,12.858,12.951,12.849,12.895,51075
20190905,13.006,13.089,12.988,13.052,33810
20190906,13.098,13.098,12.997,13.045,30618
20190909,13.053,13.228,13.053,13.219,98820
20190910,13.237,13.348,13.145,13.311,89542
20190911,13.302,13.385,13.229,13.376,108504
20190912,13.394,13.496,13.357,13.44,89311
20190913,13.486,13.533,13.422,13.496,221699
20190916,13.475,13.588,13.447,13.53,82059
20190917,13.486,13.533,13.422,13.523,36375
20190918,13.449,13.579,13.449,13.579,37578
20190919,13.579,13.726,13.551,13.588,125979
20190920,13.551,13.745,13.505,13.726,84686
20190923,13.728,13.837,13.504,13.701,138730
20190924,13.745,13.81,13.533,13.56,144518
20190925,13.486,13.597,13.431,13.523,69967
20190926,13.406,13.763,13.406,13.711,35782
20190927,13.662,13.745,13.593,13.634,45716
20190930,13.604,13.754,13.53,13.576,38675
20191001,13.574,13.588,13.196,13.279,58840
20191002,13.209,13.209,12.664,12.803,145136
20191003,12.664,12.941,12.655,12.747,70321
20191004,12.875,13.015,12.875,13.015,42991
20191007,13.071,13.163,12.872,13.071,87422
20191008,13.071,13.117,12.84,12.895,84289
20191009,12.945,12.997,12.877,12.905,69172
20191010,13.303,13.303,12.9,13.025,56496
20191011,13.226,13.294,13.121,13.121,157009
20191014,13.265,13.265,12.996,13.025,64070
20191015,13.159,13.274,13.048,13.217,60902
20191016,13.121,13.246,13.121,13.226,25169
20191017,13.286,13.313,13.228,13.313,23369
20191018,13.303,13.409,13.278,13.38,46580
20191021,13.419,13.544,13.409,13.428,65379
20191022,13.476,13.553,13.447,13.476,89113
20191023,13.457,13.515,13.39,13.438,39194
20191024,13.426,13.467,13.364,13.432,86635
20191025,13.524,13.524,13.361,13.428,25536
20191028,13.457,13.553,13.428,13.457,83920
20191029,13.361,13.524,13.361,13.476,29147
20191030,13.457,13.534,13.409,13.515,27152
20191031,13.534,13.544,13.409,13.486,30629
20191101,13.553,13.63,13.543,13.611,80183
20191104,13.64,13.717,13.63,13.678,85429
20191105,13.63,13.717,13.63,13.655,28880
20191106,13.669,13.745,13.649,13.673,22697
20191107,13.745,13.745,13.505,13.515,39079
20191108,13.515,13.62,13.515,13.545,43935
20191111,13.467,13.62,13.467,13.544,25196
20191112,13.542,13.755,13.542,13.676,36119
20191113,13.601,13.717,13.582,13.678,40838
20191114,13.726,13.774,13.649,13.659,34598
20191115,13.64,13.726,13.64,13.688,14473
20191118,13.678,13.726,13.638,13.707,61215
20191119,13.736,13.745,13.688,13.736,35622
20191120,13.688,13.755,13.678,13.707,33115
20191121,13.765,13.765,13.544,13.582,15074
20191122,13.563,13.659,13.563,13.62,13212
20191125,13.611,13.813,13.601,13.774,52190
20191126,13.813,13.928,13.745,13.851,36477
20191127,13.678,14.082,13.678,14.082,50923
20191129,14.019,14.207,13.885,14.202,34143
20191202,14.236,14.255,14.053,14.053,59484
20191203,13.976,13.976,13.861,13.947,64692
20191204,14.053,14.149,13.957,14.12,92541
20191205,14.178,14.188,14.095,14.12,9850
20191206,14.13,14.293,14.13,14.241,80050
20191209,14.16,14.361,14.16,14.313,45102
20191210,14.361,14.361,14.226,14.293,13994
20191211,14.255,14.351,14.236,14.322,35538
20191212,14.37,14.562,14.322,14.457,84822
20191213,14.495,14.553,14.379,14.553,81932
20191216,14.563,14.745,14.563,14.65,141597
20191217,14.634,14.812,14.605,14.73,93717
20191218,14.729,14.793,14.661,14.671,64741
20191219,14.62,14.784,14.62,14.678,54370
20191220,14.594,14.745,14.558,14.652,54748
20191223,14.659,14.659,14.543,14.543,108552
20191224,14.514,14.678,14.514,14.678,197832
20191226,14.611,14.678,14.611,14.639,91756
20191227,14.486,14.707,14.486,14.582,77738
20191230,14.543,14.649,14.466,14.514,54013
20191231,14.514,14.601,14.476,14.486,57112
20200102,14.562,14.591,14.457,14.543,123887
20200103,14.553,14.649,14.515,14.572,75556
20200106,14.514,14.649,14.514,14.572,176755
20200107,14.591,14.63,14.572,14.572,111203
20200108,14.515,14.716,14.515,14.62,107481
20200109,14.707,14.707,14.611,14.63,68463
20200110,14.7,14.73,14.63,14.6876,100608
20200113,14.75,14.81,14.5,14.75,102001
20200114,14.59,14.91,14.58,14.81,113443
20200115,14.85,14.94,14.6293,14.88,43760
20200116,14.95,15.0541,14.95,14.98,59506
20200117,15.07,15.07,14.98,14.989,35100
20200121,14.89,15.05,14.89,14.99,94742
20200122,15.04,15.12,15.002,15.1,111941
20200123,15.06,15.15,15,15.1,76221
20200124,15.07,15.1247,14.8701,14.8701,26846
20200127,14.59,14.78,14.59,14.7,70242
20200128,14.75,14.85,14.74,14.78,48264
20200129,14.85,14.88,14.8,14.8,38908
20200130,14.84,14.84,14.7004,14.8,84426
20200131,14.73,14.84,14.62,14.6234,49178
20200203,14.63,14.86,14.63,14.7173,75532
20200204,14.75,14.85,14.75,14.797,40450
20200205,14.85,15.02,14.85,14.98,48665
20200206,15.01,15.07,14.98,15.005,22825
20200207,14.93,15.0698,14.93,15.04,29956
20200210,15.09,15.09,15,15.05,26348
20200211,15.11,15.1299,15.062,15.08,19369
20200212,15.07,15.19,15.05,15.05,19639
20200213,14.93,15.1957,14.93,15.17,61744
20200214,15.2,15.2107,15.12,15.16,25643
20200218,15.11,15.2479,15.07,15.16,24569
20200219,15.15,15.205,15.105,15.11,36414
20200220,15.1,15.321,15.1,15.305,87590
20200221,15.2,15.321,15.11,15.11,18426
20200224,14.98,14.98,14.62,14.68,45435
20200225,14.78,14.78,13.27,13.46,367058
20200226,13.58,14.02,13.43,13.63,184981
20200227,13.39,13.5,12.26,12.76,208757
20200228,12.35,12.35,11.3099,11.61,404774
20200302,11.86,12.6,11.82,12.5,261703
20200303,12.88,13.0798,12.3632,12.42,124349
20200304,12.86,12.98,12.605,12.86,57702
20200305,12.6,12.8459,12.3703,12.55,42122
20200306,12.22,12.22,11.7,12,355691
20200309,10.9,10.9,9.8303,10.02,209411
20200310,10.9,10.9392,9.8,10.285,186832
20200311,9.81,10,9.1,9.26,257639
20200312,8,8.5,6.66,6.71,622670
20200313,7.16,8.0011,6.5,7.28,447429
20200316,6,6,4.02,4.5215,800686
20200317,4.6,4.9,3.75,3.85,888547
20200318,3.56,3.56,0.8,0.8934,1068385
20200319,0.8,2.74,0.8,2.01,893301
20200320,2.98,3.19,1.95,2.2761,925234
20200323,2.09,2.09,0.9055,1.07,1182270
20200324,1.33,2.0899,1.33,1.6851,1282815
20200325,1.6,2.8,1.6,2.11,1509381
20200326,2.28,3.03,2.28,2.61,1013393
20200327,2.41,2.73,2.3801,2.59,634623
20200330,2.7,2.7,2.4,2.44,423495
20200331,2.41,2.4799,2.41,2.43,208393
20200401,2.38,2.44,2.35,2.44,171461
