Date,Open,High,Low,Close,Volume
20200611,25.29,25.29,24.82,24.82,1230
20200612,24.65,24.65,24.65,24.65,230
20200615,20.18,20.18,20.18,20.18,39
20200616,20.93,20.93,20.85,20.85,2190
20200617,20.32,20.32,20.09,20.09,1178
20200618,19.841,19.841,19.762,19.762,293
20200619,19.691,19.691,19.691,19.691,39
20200622,19.312,19.312,19.312,19.312,39
20200623,19.216,19.216,19.216,19.216,39
20200624,18.593,18.593,18.364,18.364,2063
20200625,18.298,18.781,18.298,18.781,1555
20200626,18.553,18.553,18.403,18.537,5226
20200629,18.466,18.68,18.458,18.68,672
20200630,19.225,19.225,19.217,19.217,2191
20200701,19.075,19.075,19.019,19.019,2064
20200702,19.486,19.486,19.486,19.486,1051
20200706,18.988,18.988,18.988,18.988,166
20200707,18.357,18.357,18.357,18.357,39
20200708,18.514,18.514,18.514,18.514,166
20200709,17.768,17.768,17.768,17.768,39
20200710,18.114,18.114,18.114,18.114,39
20200713,18.297,18.297,18.297,18.297,36
20200714,18.632,18.632,18.632,18.632,36
20200715,18.998,18.998,18.998,18.998,646
20200716,19.163,19.163,19.163,19.163,36
20200717,19.178,19.178,19.178,19.178,36
20200720,18.977,18.977,18.977,18.977,36
20200721,19.244,19.244,19.244,19.244,158
20200722,19.612,19.612,19.612,19.612,36
20200723,19.67,19.67,19.617,19.617,542
20200724,19.078,19.078,19.078,19.078,36
20200727,18.881,18.881,18.881,18.881,36
20200728,18.99,18.99,18.99,18.99,164
20200729,19.204,19.204,19.204,19.204,36
20200730,19.217,19.217,19.217,19.217,36
20200731,19.269,19.269,19.269,19.269,36
20200803,19.531,19.531,19.531,19.531,36
20200804,19.67,19.67,19.67,19.67,1012
20200805,20.26,20.26,20.26,20.26,36
20200806,20.22,20.22,20.22,20.22,36
20200807,20.75,20.75,20.75,20.75,36
20200810,21.36,21.36,21.36,21.36,36
20200811,21.45,21.45,21.45,21.45,158
20200812,21.14,21.14,21.14,21.14,36
20200813,20.98,20.98,20.98,20.98,36
20200814,20.9,20.9,20.9,20.9,36
20200817,20.75,20.75,20.75,20.75,36
20200818,20.38,20.38,20.38,20.38,36
20200819,20.28,20.28,20.28,20.28,36
20200820,20.19,20.19,20.19,20.19,36
20200821,20.11,20.11,20.11,20.11,36
20200824,20.47,20.47,20.47,20.47,159
20200825,20.57,20.57,20.57,20.57,36
20200826,20.17,20.17,20.17,20.17,36
20200827,20.27,20.27,20.27,20.27,36
20200828,20.64,20.64,20.64,20.64,36
20200831,20.53,20.53,20.53,20.53,524
20200901,20.5,20.5,20.5,20.5,158
20200902,20.62,20.62,20.62,20.62,158
20200903,20.14,20.14,20.14,20.14,36
20200904,20.07,20.07,20.07,20.07,36
20200908,20.26,20.26,20.26,20.26,36
20200909,20.44,20.44,20.44,20.44,36
20200910,20.56,20.6,20.56,20.6,1987
20200911,20.59,20.62,20.59,20.6,1500
20200914,20.92,20.92,20.92,20.92,158
20200915,20.98,21.05,20.98,21.05,3938
20200916,20.97,21.05,20.97,21.05,3939
20200917,20.74,20.74,20.74,20.74,36
20200918,20.76,20.76,20.76,20.76,487
20200921,20.34,20.34,20.34,20.34,36
20200922,20.5,20.5,20.43,20.43,2719
20200923,20.51,20.51,19.777,19.777,1628
20200924,19.629,19.883,19.629,19.883,329
20200925,20.18,20.18,20.18,20.18,36
20200928,21,21.79,21,21.79,1256
20200929,20.42,20.42,20.42,20.42,158
20200930,20.44,20.44,20.44,20.44,36
20201001,20.83,20.83,20.81,20.81,890
20201002,20.89,20.89,20.89,20.89,280
20201005,21.26,21.26,21.2,21.2,897
20201006,20.97,20.97,20.97,20.97,36
20201007,21.05,21.11,21.05,21.11,1465
20201008,21.34,21.34,21.34,21.34,36
20201009,22.1,22.1,21.26,21.26,3314
20201012,20.91,20.94,20.91,20.91,1089
20201013,20.79,20.79,20.72,20.72,790
20201014,20.76,20.76,20.76,20.76,36
20201015,20.72,20.72,20.72,20.72,36
20201016,20.71,20.71,20.71,20.71,329
20201019,20.67,20.67,20.67,20.67,33
20201020,20.23,20.23,20.23,20.23,36
20201021,20.13,20.13,20.13,20.13,36
20201022,20.17,20.17,20.17,20.17,36
20201023,20.42,20.42,20.42,20.42,36
20201026,19.984,19.984,19.984,19.984,36
20201027,19.901,19.901,19.901,19.901,36
20201028,19.138,19.138,19.138,19.138,36
20201029,19.48,19.48,19.48,19.48,153
20201030,19.071,19.071,19.071,19.071,36
20201102,19.651,19.651,19.651,19.651,36
20201103,20.05,20.05,20.05,20.05,36
20201104,20.25,20.25,20.25,20.25,36
20201105,21.03,21.03,21.03,21.03,36
20201106,21,21,21,21,36
20201109,22.4,22.4,22.35,22.4,919
20201110,22.62,22.62,22.62,22.62,36
20201111,22.75,22.75,22.75,22.75,36
20201112,22.3,22.3,22.3,22.3,36
20201113,22.74,22.74,22.72,22.74,2630
20201116,23.61,23.73,23.32,23.38,12906
20201117,23.42,23.73,23.42,23.6,44498
20201118,23.91,24.05,23.54,23.54,92706
20201119,23.92,24.06,23.87,24,59943
20201120,23.85,23.95,23.8,23.85,42160
20201123,24.35,24.56,24.3,24.4,71411
20201124,25.14,25.14,25.14,25.14,153
20201125,25.47,25.47,25.47,25.47,270
20201127,25.55,25.55,25.5,25.51,504
20201130,25.4,25.46,24.9,24.9,6304
20201201,25.31,25.57,25.25,25.37,57840
20201202,25.55,25.64,25.41,25.41,10063
20201203,25.69,26.04,25.65,25.87,152743
20201204,26.21,26.46,26.03,26.14,98963
20201207,25.63,25.98,25.63,25.78,103610
20201208,25.74,25.77,25.51,25.71,11970
20201209,25.83,25.84,25.3,25.56,92878
20201210,25.34,25.44,25.21,25.39,32385
20201211,25.36,25.59,25.29,25.49,66622
20201214,25.84,25.84,25.34,25.44,167032
20201215,25.42,25.53,25.42,25.5,9141
20201216,25.54,25.64,25.43,25.55,66852
20201217,25.46,25.66,25.37,25.5,16537
20201218,25.6,26.08,25.06,25.3,87190
20201221,25.37,25.47,25.06,25.09,48541
20201222,25.08,25.09,24.7,24.73,92144
20201223,25.07,25.14,24.86,25.02,14242
20201224,25.06,25.55,24.85,24.94,10685
20201228,24.96,25.33,24.95,24.95,7938
20201229,25.03,25.14,24.78,25.08,7548
20201230,25.22,26,25.03,25.07,11488
20201231,25.42,25.43,25.35,25.43,504
20210104,25.5,25.5,24.78,24.78,6438
20210105,25.29,25.77,25.29,25.53,21916
20210106,26,26.01,25.66,25.66,1906
20210107,26,26.05,25.85,25.93,10858
20210108,25.9,25.9,25.9,25.9,153
20210111,26.24,26.24,25.81,25.84,4555
20210112,24.9,25.93,24.9,25.92,6418
20210113,26.63,26.63,25.91,26.04,1815
20210114,26.22,26.61,26.05,26.5,4919
20210115,26.44,26.63,26.44,26.63,2181
20210119,26.83,26.84,26.75,26.75,1390
20210120,26.81,26.93,26.8,26.93,1276
20210121,27.14,27.14,27.07,27.12,4159
20210122,26.93,26.99,26.93,26.99,1185
20210125,26.99,26.99,26.87,26.87,2732
20210126,27.04,27.04,27.04,27.04,146
20210127,27.06,27.06,27.06,27.06,402
20210128,26.78,26.78,26.6,26.6,599
20210129,26.41,26.41,25.77,25.77,1312
20210201,26.04,26.2,26.04,26.2,474
20210202,26.99,27.58,26.99,27.55,3414
20210203,29.07,29.07,27.44,27.75,10310
20210204,28.15,28.22,27.93,27.98,5119
20210205,28.51,28.69,28.44,28.63,4648
20210208,28.53,28.72,28.49,28.64,4327
20210209,28.51,28.51,28.2,28.22,4611
20210210,28.7,29.12,28.7,28.91,5005
20210211,29.1,29.24,28.86,28.88,3762
20210212,29.12,29.41,29.07,29.07,598
20210216,29.18,29.18,29.18,29.18,33
20210217,29.29,29.29,29.04,29.09,598
20210218,29.2,29.21,29.2,29.21,598
20210219,29.32,29.33,29.31,29.33,711
20210222,29.74,29.74,29.71,29.71,436
20210223,29.31,29.31,29.31,29.31,33
20210224,30.09,30.09,30.09,30.09,33
20210225,29.8,29.8,29.8,29.8,2521
20210226,29.83,30.07,29.81,29.97,1163
20210301,30.45,30.45,30.45,30.45,33
20210302,31.15,31.15,31.03,31.03,835
20210303,31.1,31.34,31.1,31.34,1448
20210304,31.03,31.03,30.5,30.58,1050
20210305,30.26,30.26,30.26,30.26,259
20210308,29.31,31.03,29.31,30.97,3875
20210309,30.82,31.04,30.82,31.04,375
20210310,31.33,31.33,31.33,31.33,146
20210311,31.44,31.73,31.44,31.73,6831
20210312,32.05,32.08,32.05,32.05,2057
20210315,32.36,32.77,32.36,32.71,581
20210316,32.71,32.8,32.27,32.48,16398
20210317,32.5,32.5,32.36,32.49,6128
20210318,32.29,32.29,31.83,31.84,3072
20210319,31.42,32.13,31.42,32.13,748
20210322,32.05,32.05,31.87,31.98,395
20210323,32.01,32.01,31.65,31.65,850
20210324,32,32,31.43,31.43,677
20210325,31.58,31.58,31.58,31.58,33
20210326,32.1,32.1,32.1,32.1,33
20210329,32.07,32.07,31.86,31.86,372
20210330,32.18,32.22,32.18,32.22,1277
20210331,32.27,32.33,32.05,32.05,3651
20210401,32.31,32.73,32.27,32.73,2665
20210405,33.12,33.26,32.94,33.26,4329
20210406,33.4,33.62,33.4,33.62,259
20210407,33.88,34.06,33.88,33.95,1761
20210408,34.02,34.07,33.86,34.07,4356
20210409,34.13,34.21,34.08,34.11,6117
20210412,33.21,33.28,33.19,33.21,598
20210413,33.9,34.16,33.9,34.02,3332
20210414,34,34.12,33.78,33.85,6643
20210415,34.09,34.12,34.05,34.05,3820
20210416,34.33,34.33,34.18,34.23,1716
20210419,34.23,34.23,34.21,34.21,702
20210420,33.92,33.92,33.92,33.92,253
20210421,34.31,34.31,34.31,34.31,33
20210422,34.16,34.16,34.16,34.16,249
20210423,34.28,34.28,34.28,34.28,33
20210426,34.41,34.43,34.41,34.43,473
20210427,34.41,34.41,34.41,34.41,243
20210428,34.68,34.74,34.68,34.73,6345
20210429,34.93,34.99,34.78,34.8,1296
20210430,35.64,35.64,34.74,34.76,1351
20210503,34.71,34.74,34.7,34.72,1457
20210504,34.22,34.35,34.14,34.3,9368
20210505,34.97,34.97,34.51,34.51,1230
20210506,34.14,34.39,34.13,34.39,692
20210507,34.43,34.53,34.43,34.53,692
20210510,34.27,34.27,34.27,34.27,33
20210511,33.71,33.77,33.31,33.64,11011
20210512,33.53,33.59,32.07,32.17,6358
20210513,32.85,33.3,32.85,33.26,912
20210514,33.79,33.98,33.79,33.98,802
20210517,34.15,34.15,34.15,34.15,198
20210518,34.46,34.46,34.46,34.46,143
20210519,34.34,34.34,34.34,34.34,856
20210520,34.08,34.72,34.08,34.7,6511
20210521,34.76,34.84,34.72,34.72,1682
20210524,34.76,34.96,34.74,34.93,4373
20210525,35.04,35.04,35.04,35.04,143
20210526,34.57,34.86,34.57,34.82,2193
20210527,34.98,35.27,34.98,35.27,1972
20210528,35.92,35.92,35.35,35.35,636
20210601,35.97,35.97,35.97,35.97,198
20210602,36.26,36.26,36.26,36.26,33
20210603,36.24,36.48,36.18,36.4,912
20210604,36.32,36.52,36.28,36.52,1375
20210607,37.21,37.21,36.68,36.8,912
20210608,36.83,36.83,36.69,36.69,1827
20210609,37.02,37.12,37.02,37.07,8253
20210610,36.75,36.75,36.75,36.75,362
20210611,37.1,37.1,37.1,37.1,350
20210614,37.18,37.23,37.18,37.23,502
20210615,36.7,36.7,36.69,36.7,989
20210616,36.82,36.82,36.82,36.82,187
20210617,36.34,36.36,36.34,36.36,253
20210618,35.38,35.41,35.38,35.41,473
20210621,36.07,36.19,36.07,36.11,1350
20210622,35.88,36.13,35.88,36.13,4663
20210623,36.16,36.16,36.16,36.16,33
20210624,36.32,36.32,36.32,36.32,33
20210625,36.31,36.31,36.3,36.3,768
20210628,35.89,36.1,34.89,36.02,11670
20210629,35.98,36.07,35.55,35.55,4426
20210630,35.37,35.73,35.37,35.73,5839
20210701,35.96,35.96,35.96,35.96,6180
20210702,36.55,36.55,36.55,36.55,33
20210706,36.58,36.58,36.58,36.58,33
20210707,36.35,36.35,35.91,35.93,663
20210708,35.23,35.71,35.07,35.65,1917
20210709,36,36.23,36,36.23,1241
20210712,36.67,36.88,36.52,36.88,9310
20210713,35.54,35.56,35.48,35.56,1563
20210714,36.64,36.64,36.17,36.17,916
20210715,35.82,36.35,35.81,35.85,5043
20210716,36.12,36.12,35.74,35.77,631
20210719,34.76,34.89,34.35,34.55,19717
20210720,35.15,35.86,35.12,35.83,565
20210721,36.33,36.33,36.33,36.33,139
20210722,36.17,36.17,35.98,35.98,245
20210723,36.17,36.17,35.98,36.01,17265
20210726,34.48,36.19,34.48,36.19,3655
20210727,35.91,36.12,35.91,36.1,564
20210728,35.93,36.31,35.48,36.11,1788
20210729,36.37,36.41,36.13,36.13,363
20210730,35.92,35.92,35.71,35.71,7594
20210802,34.47,36.06,34.47,35.86,16169
20210803,35.38,35.97,35.28,35.6,17760
20210804,35.14,35.36,34.69,35.23,24934
20210805,35.71,35.71,35.71,35.71,352
20210806,36.23,36.23,36.22,36.22,309
20210809,36.28,36.28,36.28,36.28,246
20210810,36.26,36.66,36.26,36.66,884
20210811,36.78,36.78,36.78,36.78,139
20210812,37.03,37.03,37.03,37.03,33
20210813,37.22,37.22,37.22,37.22,139
20210816,37.06,37.06,37.06,37.06,33
20210817,36.63,36.63,36.63,36.63,565
20210818,36.63,36.64,36.14,36.64,1221
20210819,35.96,36.51,34.85,34.9,8329
20210820,35.75,35.99,35.75,35.94,2581
20210823,35.69,36.35,35.69,36.09,7047
20210824,35.92,36.56,35.92,36.41,2263
20210825,36.16,36.85,36.16,36.85,458
20210826,36.63,36.63,36.38,36.38,457
20210827,36.64,37.02,36.64,36.95,830
20210830,37,37,36.52,36.59,670
20210831,36.52,36.57,36.49,36.49,11884
20210901,36.61,36.61,36.61,36.61,139
20210902,36.62,36.78,36.56,36.78,4461
20210903,36.94,36.96,36.94,36.96,1044
20210907,36.76,36.76,36.46,36.46,776
20210908,36.39,36.48,36.39,36.48,272
20210909,36.66,36.66,36.66,36.66,33
20210910,36.44,36.44,36.44,36.44,33
20210913,36.36,36.36,36.36,36.36,139
20210914,36.62,36.62,36.44,36.44,405
20210915,35.25,36.95,35.25,36.95,1445
20210916,36.72,36.94,36.56,36.66,457
20210917,36.3,36.36,36.3,36.36,245
20210920,35.42,35.45,34.8,35.45,22631
20210921,36.07,36.17,36.07,36.17,2235
20210922,36.47,36.56,36.47,36.56,405
20210923,36.9,36.9,36.9,36.9,161
20210924,36.63,36.63,36.3,36.3,315
20210927,36.65,36.77,36.65,36.77,565
20210928,36.59,36.59,36.59,36.59,139
20210929,36.6,36.81,36.6,36.81,5889
20210930,36.64,36.96,36.51,36.51,9603
20211001,36.34,36.65,36.34,36.65,1136
20211004,36.9,37,36.8,36.87,7900
20211005,37.23,37.23,37.23,37.23,459
20211006,37.34,37.34,37.34,37.34,33
20211007,37.56,37.56,37.33,37.33,392
20211008,37.73,37.79,37.73,37.79,671
20211011,37.89,37.97,37.64,37.64,2724
20211012,37.69,37.95,37.68,37.95,7481
20211013,37.8,38.21,37.8,38.11,3331
20211014,38.43,38.67,38.15,38.19,3767
20211015,38.48,38.48,38.38,38.39,1299
20211018,38.32,38.44,38.32,38.44,9109
20211019,38.56,38.6,38.56,38.6,368
20211020,38.74,38.81,38.74,38.81,494
20211021,38.8,38.8,38.77,38.77,339
20211022,38.88,38.93,38.87,38.93,14267
20211025,38.58,39.06,38.58,38.99,863
20211026,38.81,38.88,38.79,38.83,2196
20211027,38.61,38.75,38.61,38.67,648
20211028,38.92,38.92,38.92,38.92,136
20211029,38.77,39.07,38.77,38.8,3590
20211101,38.83,38.83,38.55,38.63,4564
20211102,38.38,38.39,38.28,38.38,1035
20211103,38.43,38.46,38.34,38.34,751
20211104,37.62,38.39,37.62,38.39,339
20211105,38.54,38.98,38.54,38.98,4591
20211108,38.87,39.39,38.87,39.39,851
20211109,39.23,39.23,38.89,38.89,2778
20211110,38.85,38.85,38.85,38.85,30
20211111,38.77,39.15,38.77,39.15,789
20211112,39.05,39.05,38.96,38.97,752
20211115,38.82,38.82,38.78,38.78,493
20211116,38.67,38.83,38.67,38.83,236
20211117,38.54,38.54,38.54,38.54,30
20211118,38.46,38.46,38.46,38.46,546
20211119,38.53,38.53,38.53,38.53,133
20211122,40.44,40.44,38.45,38.45,495
20211123,38.37,38.37,38.37,38.37,30
20211124,38.45,38.49,38.45,38.49,287
20211126,36.87,37.32,36.83,37.32,1594
20211129,37.8,38,37.8,37.96,649
20211130,37.41,37.41,37.14,37.14,520
20211201,37.89,37.99,37.07,37.07,4847
20211202,37.01,37.7,37.01,37.7,3224
20211203,37.51,37.56,37.51,37.52,526
20211206,37.74,38.01,37.74,38.01,236
20211207,37.34,39.31,37.34,38.52,3125
20211208,38.16,38.16,38.16,38.16,30
20211209,38.19,38.19,38.19,38.19,185
20211210,38.19,38.19,38.19,38.19,1062
20211213,37.8,37.95,36.7,37.71,3239
20211214,37.58,37.58,37.16,37.21,1887
20211215,36.78,37.28,36.78,37.28,236
20211216,36.79,36.79,36.79,36.79,236
20211217,36.43,36.66,36.43,36.66,236
20211220,35.86,36.18,35.54,36.18,3505
20211221,37.04,37.09,36.75,36.87,2709
20211222,37.29,37.4,37.29,37.39,958
20211223,37.41,38.26,37.41,38.26,442
20211227,38.11,38.48,38.11,38.43,2229
20211228,38.93,39.01,38.54,38.56,7195
20211229,38.7,38.79,38.56,38.61,12716
20211230,38.82,39.16,38.54,38.54,82782
20211231,38.78,39.01,38.65,38.84,51374
20220103,39.27,39.27,38.85,39.08,1591
20220104,39.47,39.67,39.45,39.55,1576
20220105,39.48,39.48,38.96,38.96,546
20220106,39.12,39.15,39.01,39.05,3226
20220107,39.27,39.6,39.25,39.6,6526
20220110,39.46,39.93,38.78,39.56,8624
20220111,39.93,40.51,39.93,40.51,7630
20220112,41.03,41.11,40.99,41.07,1830
20220113,40.6,40.68,40.245,40.36,6100
20220114,39.8,40.76,39.8,40.04,4426
20220118,40.15,40.58,39.99,40.18,125500
20220119,40.39,40.4,40.0913,40.1,1912
20220120,40.19,40.4001,39.37,39.39,63160
20220121,39.77,39.77,38.23,38.32,125754
20220124,37.499,37.8,35.79,37.59,17340
20220125,37.44,38.95,37.01,38.68,46425
20220126,39.36,39.81,39.16,39.22,29704
20220127,39,39.77,38.98,39.01,52257
20220128,39.02,39.268,38.26,39.01,50423
20220131,38.599,40.09,38.599,40.09,58102
20220201,39.94,40.57,39.94,40.49,57350
20220202,40.53,40.75,40.27,40.7,68912
20220203,40.6,40.71,40.6,40.65,2000
20220204,40.1,40.69,40.07,40.69,9531
20220207,41.04,41.14,40.89,41.0101,18920
20220208,40.89,41.03,40.89,40.9611,1057
20220209,41.37,41.41,41,41.05,13262
20220210,39.2,41.11,39.2,40.56,2221
20220211,40.75,40.75,40.75,40.75,100
20220214,39.6899,39.79,39.6,39.64,950
20220215,39.94,39.94,39.9,39.9,2727
20220216,40.3,40.3,40.3,40.3,100
20220217,40,40.26,39.97,39.9701,1100
20220218,40.01,40.07,40.01,40.04,1990
