Date,Open,High,Low,Close,Volume
20100311,39.57,39.57,39.47,39.47,1110
20100312,39.93,39.93,39.47,39.47,1990
20100315,39.32,39.32,38.52,38.89,860
20100316,39.36,39.71,39.29,39.64,9320
20100317,40.5,40.5,39.74,39.85,3870
20100318,39.68,39.68,38.99,39.06,1110
20100319,38.93,38.93,37.88,37.9,5340
20100322,36.72,38.14,36.72,38.14,1210
20100323,39.56,39.56,38.52,39.04,5050
20100324,38.75,38.75,38.75,38.75,100
20100325,38.6,38.6,37.44,37.44,1560
20100326,36.98,36.98,36.98,36.98,100
20100329,38.69,39.09,38.69,39.07,900
20100330,39.09,39.33,39.09,39.29,1510
20100331,39.57,39.74,39.54,39.68,2120
20100401,41.03,41.45,40.92,41.28,15590
20100405,42.4,42.4,41.85,42.17,8280
20100406,42.27,42.3,41.82,42.23,2520
20100407,42.04,42.04,41.37,41.37,5640
20100408,40.49,42,40.49,42,4840
20100409,42.51,42.73,42.46,42.72,1460
20100412,42.29,42.44,42,42,2470
20100413,41.65,41.93,41.1,41.85,6040
20100414,42.33,42.75,42.33,42.71,3850
20100415,42.53,42.73,42.36,42.73,5550
20100416,40.56,40.56,39.61,40.13,2770
20100419,38.95,39.79,38.04,39.17,5060
20100420,41.43,41.43,40.53,40.75,3760
20100421,41.54,41.54,39.17,39.7,2190
20100422,39.74,39.74,39.74,39.74,100
20100423,40.47,40.58,39.77,40.58,6660
20100426,41.44,41.44,40.78,40.78,11620
20100427,38.16,38.48,37.36,37.49,6430
20100428,37.89,38.17,37.31,38.14,4100
20100429,39.52,40.09,39.09,39.62,8200
20100430,39.25,39.79,38.58,39.14,6940
20100503,39.58,39.58,38.27,38.63,4580
20100504,38.05,38.05,35.06,35.41,7560
20100505,34.55,35.05,33.41,35.05,11000
20100506,33.9,34.55,29.79,32.04,18840
20100507,32.57,32.57,30.81,31.39,13160
20100510,36.27,36.31,35.31,36.05,9020
20100511,35.06,35.79,34.2,34.81,1950
20100512,35.52,35.59,35.19,35.59,1300
20100513,35.86,35.86,34.84,34.84,950
20100514,34.54,34.54,32.75,32.96,3330
20100517,31.9,32.18,31.05,32.18,2090
20100518,33.27,33.27,30.99,30.99,1110
20100519,29.72,30.51,28.85,29.57,2000
20100520,28.58,28.58,26.78,27.64,4240
20100521,26.71,29.28,26.09,29.28,3830
20100524,29.64,29.64,29.12,29.58,7920
20100525,26.3,27.7,25.85,27.7,1000
20100526,29.07,29.9,27.93,27.93,3550
20100527,30.37,31.28,29.95,31.28,4050
20100528,30.78,31.27,29.08,31.11,2000
20100601,30.85,31.41,30.35,30.35,2900
20100602,30.61,31.72,30.38,31.72,1230
20100603,31.84,31.97,30.67,31.31,2240
20100604,30.91,31.1,29.55,29.72,1610
20100607,29.42,29.78,28.6,28.6,650
20100608,28.99,29.22,28.93,29.19,2220
20100609,31.22,31.22,29.69,29.89,4330
20100610,31.91,32.24,31.53,32.24,7610
20100611,31.86,32.1,31.85,32.1,1150
20100614,33.51,33.72,32.3,32.31,7500
20100615,33.64,34.12,33.64,34.12,1310
20100616,34.38,34.38,34.38,34.38,100
20100617,33.62,33.62,33.62,33.62,100
20100618,34.42,34.42,33.73,34.01,1360
20100621,35.85,36.1,35.36,35.36,4540
20100622,34.8,34.8,34.01,34.01,1670
20100623,33.62,33.62,33.14,33.14,500
20100624,33.48,33.51,32.62,32.8,2200
20100625,32.96,33.8,32.96,33.8,2030
20100628,32.84,36.41,32.65,33.38,1500
20100629,30.67,30.67,29.95,29.95,1410
20100630,30.69,30.88,30.69,30.88,500
20100701,29.03,29.21,29.03,29.21,400
20100702,30.23,30.23,30.23,30.23,200
20100706,33.71,33.71,31.55,31.55,3770
20100707,32.13,32.15,32.13,32.15,200
20100708,32.61,32.61,32.11,32.11,200
20100709,33.3,33.88,33.25,33.82,2370
20100712,32.57,32.57,32.56,32.56,400
20100713,33.18,33.18,33.1,33.1,550
20100714,32.85,33.24,32.42,32.8,1650
20100715,31.71,31.87,31.55,31.58,9750
20100716,31.3,31.3,30.78,30.81,2710
20100719,31.03,31.4,30.93,31.4,700
20100720,32.97,33.02,32.97,33.02,750
20100721,33.45,33.55,33.03,33.35,1100
20100722,34.29,34.89,34.29,34.61,940
20100723,34.58,34.82,34.57,34.82,580
20100726,35.35,35.35,34.92,35.13,1570
20100727,35.04,35.04,34.94,34.97,600
20100728,34.83,35.11,34.83,34.98,600
20100729,36.01,36.01,34.59,34.66,1310
20100802,36.29,37.4,36.29,37.4,4540
20100803,37.27,37.27,36.46,36.98,1020
20100804,36.96,36.99,36.96,36.99,1300
20100805,37.06,37.28,37.06,37.28,400
20100806,37.06,37.07,36.54,37.06,2870
20100809,37.37,37.57,37.32,37.36,3880
20100810,36.3,36.3,35.73,35.92,850
20100811,35.53,35.53,34.09,34.09,2810
20100812,33.11,34.15,33.11,34.15,2910
20100813,34.3,34.3,33.98,33.98,4930
20100816,34.79,35.25,34.79,35.12,2820
20100817,36.65,36.65,35.74,35.95,5110
20100819,36.29,36.29,35.09,35.09,1210
20100820,34.5,35,34.5,35,3930
20100823,34.91,34.91,34.39,34.42,700
20100824,33.16,33.43,32.78,33.3,2560
20100825,32.95,32.95,32.04,32.86,5320
20100826,32.87,33.02,32.44,32.44,500
20100827,32.73,33.9,32.73,33.9,910
20100830,33.14,33.48,32.51,32.51,500
20100831,33.15,33.15,33.15,33.15,100
20100901,34.36,35.38,34.36,35.27,2560
20100902,35.9,35.9,35.49,35.71,510
20100903,36.5,36.78,36.32,36.32,3140
20100907,36.01,36.01,35.34,35.34,2290
20100908,35.81,36.03,35.81,35.84,800
20100909,36.25,36.25,35.9,36.07,730
20100910,36.13,36.13,35.91,35.91,420
20100913,37.79,38.08,37.26,38.02,11580
20100914,37.59,38.46,37.59,38.09,1790
20100915,37.43,37.62,37.23,37.23,2300
20100916,36.86,37.72,36.86,37.64,5880
20100917,37.36,37.36,37.26,37.35,1700
20100920,37.72,38.52,37.72,38.52,3380
20100921,38.1,38.1,37.79,37.92,2890
20100922,38.94,38.94,38.21,38.24,1280
20100923,38.68,39.02,38.35,38.35,1410
20100924,39.59,39.59,39.58,39.58,400
20100927,39.64,39.98,39.08,39.98,1180
20100928,39.99,40.1,39.99,40.1,970
20100929,40.53,40.7,40.27,40.7,4940
20100930,41.58,41.58,41.2,41.45,1880
20101001,42.38,42.66,41.84,42.52,6320
20101004,42.52,42.69,42.07,42.34,7220
20101005,43.17,44.26,43.03,44.13,7860
20101006,44.27,44.27,43.07,43.18,3440
20101007,44.01,44.01,41.74,42.34,6880
20101008,42.79,43.59,42.56,43.59,3910
20101011,44.71,44.71,43.8,44.01,4410
20101012,43.88,43.88,42.72,43.12,1860
20101013,44.75,45.48,44.72,45.27,6540
20101014,45.06,45.25,44.81,45.2,1100
20101015,44.5,45.06,44.5,44.7,7120
20101018,45.24,45.38,44.2,45.35,4770
20101019,43.97,43.97,42.21,42.56,6630
20101020,43.64,44.07,43.24,43.95,2370
20101021,43.63,44.02,41.73,42.36,8090
20101022,42.56,42.64,41.94,41.94,2750
20101025,42.55,43.5,42.55,42.97,7960
20101026,42.82,44.15,42.82,43.95,7570
20101027,42.55,42.55,41.62,42.23,4650
20101028,42.38,42.58,42.38,42.58,1200
20101029,42.88,42.96,42.88,42.96,920
20101101,44.32,44.35,43.8,43.8,4490
20101102,44.59,44.94,44.33,44.94,2990
20101103,45.01,45.23,44.06,45.1,2670
20101104,46.59,47.65,46.59,47.6,3860
20101105,47.65,47.68,47.27,47.53,4820
20101108,47.07,47.59,46.67,47.59,4240
20101109,48.49,48.49,45.35,45.35,19600
20101110,45.9,46.22,44.97,46.22,2170
20101111,45.73,45.73,45.73,45.73,220
20101112,44.25,44.82,42.93,43.32,6190
20101115,43.54,44.07,43.47,43.56,3450
20101116,42.29,42.29,40.32,40.66,8290
20101117,40.85,41.63,40.84,41.12,3520
20101118,42.92,43.17,42.62,42.95,4940
20101119,42.49,42.87,41.92,42.7,10840
20101122,42.34,42.47,41.65,42.47,2510
20101123,40.52,40.56,40.19,40.19,1350
20101124,40.83,42.12,40.83,41.99,2050
20101126,41.09,41.09,40.83,40.83,3010
20101129,39.89,40.87,39.81,40.87,1450
20101130,39.82,40.6,39.82,40.6,490
20101201,41.73,42.14,41.58,42.03,5180
20101202,43.22,43.27,43.17,43.22,2860
20101203,43.65,43.65,43.38,43.38,3110
20101206,45.65,45.65,43.42,43.64,3570
20101207,44.67,44.67,43.65,43.65,2160
20101208,41.59,41.99,41.56,41.98,6120
20101209,41.75,41.75,41,41,250
20101210,41.52,41.86,41.49,41.83,1800
20101213,42.92,43.22,42.47,42.96,3860
20101214,42.51,42.51,41.85,41.85,3590
20101215,41.1,41.66,40.76,40.78,1400
20101216,40.96,41,40.77,41,680
20101217,40.84,41.25,40.84,41.18,1980
20101220,41.59,41.62,40.93,41.3,6120
20101221,41.65,42.62,41.65,42.29,1500
20101222,42.02,42.45,42.02,42.39,3160
20101223,42.33,42.56,42.3,42.54,1590
20101227,41.83,42.27,41.83,42.13,9330
20101228,41.88,42.13,41.88,42.13,1210
20101229,42.81,43.44,42.81,43.43,2370
20101230,43.92,44.38,43.92,44.2,6310
20101231,44.14,44.91,44.14,44.76,950
20110103,45.95,46.18,45.48,45.48,3260
20110104,46.41,46.41,44.56,45.33,3770
20110105,45.68,46.02,45.68,46.02,300
20110106,45.25,45.25,44.57,44.57,2140
20110107,44.19,44.19,43.21,43.5,2600
20110110,42.98,43.59,42.9,43.56,4140
20110111,44.19,44.86,44.19,44.86,4880
20110112,46.21,46.74,45.7,46.66,4220
20110113,46.26,46.67,45.46,45.49,2760
20110114,45.37,45.37,44.96,44.99,4600
20110118,45.44,45.66,45.44,45.63,4720
20110119,45.77,45.77,44.72,45.04,5290
20110120,44.35,44.35,43.32,43.88,3710
20110121,44.68,44.68,43.46,43.49,5680
20110124,44.18,44.2,44.06,44.2,3210
20110125,43.35,43.68,42.8,43.4,6610
20110126,43.66,44.08,43.66,43.84,2630
20110127,43.21,43.21,43.19,43.19,400
20110128,42.58,42.58,40.66,41.2,6170
20110131,42.1,42.13,41.64,42.13,7870
20110201,42.92,43.84,42.92,43.84,2340
20110202,44.18,44.18,43.14,43.22,4920
20110203,42.82,43.24,42.82,43.24,3460
20110204,42.16,42.29,41.91,42.26,2540
20110207,42.14,43.75,41.91,41.92,5560
20110208,42.73,42.73,42.08,42.28,3750
20110209,41.64,41.64,40.15,40.56,3980
20110210,40.08,40.58,39.83,40.48,3740
20110211,41.18,41.27,41.15,41.27,550
20110214,42.61,42.62,42.58,42.58,1150
20110215,42.55,42.92,42.55,42.75,2650
20110216,43.17,43.62,43.06,43.62,5420
20110217,43.52,43.94,43.52,43.94,2850
20110218,43.73,43.73,43.65,43.72,1680
20110222,42.93,43.05,41.67,41.73,4870
20110223,41.45,41.92,41.34,41.34,960
20110224,42,42.45,41.95,41.95,1900
20110225,42.45,42.85,42.11,42.6,600
20110228,42.58,42.58,42.58,42.58,300
20110301,43.42,43.46,42.31,42.44,2510
20110302,43.09,43.41,43.08,43.35,2100
20110303,43.87,44.63,43.87,44.59,1000
20110304,44.86,44.86,44.19,44.74,2430
20110307,45.44,45.44,43.37,43.75,22290
20110308,43.17,43.9,43.17,43.88,1860
20110309,43.67,44.05,43.67,43.92,2530
20110310,42.08,42.66,41.85,42.03,5100
20110311,42.15,42.55,42.13,42.34,3390
20110314,41.95,43.05,41.95,43.04,4060
20110315,40.34,41.84,39.75,41.45,4280
20110316,40.6,40.6,39.84,39.84,550
20110317,40.72,41.15,40.24,40.37,3200
20110318,41.07,41.18,40.77,40.8,3550
20110321,42.68,42.68,41.97,41.98,3390
20110322,42.22,42.68,42.2,42.68,10830
20110323,43.13,43.34,43.13,43.34,1000
20110324,43.77,44.16,43.72,43.97,7550
20110325,43.95,44.48,43.95,44.11,860
20110328,44.23,44.3,43.82,43.82,1200
20110329,44.39,44.77,44.39,44.72,510
20110330,45.5,46.07,45.41,45.96,3070
20110331,46.47,47.05,46.47,46.75,7420
20110401,47.8,48.39,47.58,48.14,12670
20110404,48.78,49.11,48.46,49.11,13430
20110405,49.1,49.43,49.06,49.09,2770
20110406,49.51,49.51,48.31,48.42,2400
20110407,49.05,49.35,48.89,48.92,4590
20110408,49.76,49.76,48.72,48.72,13630
20110411,49.62,49.62,47.66,48.13,4780
20110412,46.94,47.07,45.74,46.05,5870
20110413,47.05,47.05,46.1,46.36,3730
20110414,46.31,46.87,46.07,46.45,3260
20110415,45.98,46.31,45.95,46.29,5320
20110418,44.08,44.75,43.68,44.75,6550
20110419,45.31,46.08,45.31,46,2620
20110420,47.97,47.97,47.18,47.2,2260
20110421,48.04,48.17,47.7,48.02,1260
20110425,47.7,47.7,47.37,47.49,1300
20110426,48.16,48.35,47.92,47.92,3060
20110427,48.05,48.05,46.32,47.36,3600
20110428,46.36,46.36,45.62,45.81,3370
20110429,46.4,46.75,46.4,46.75,3410
20110502,46.76,47.25,46.31,46.46,3080
20110503,44.97,45.27,44.05,44.05,4000
20110504,43.23,43.23,42.62,42.71,4070
20110505,41.91,42.61,41.28,41.62,7760
20110506,42.44,43.81,42.44,42.82,7170
20110509,42.73,43.2,42.63,43.2,1860
20110510,44,44.02,41.07,44.02,2490
20110511,42.16,42.16,42.11,42.13,1200
20110512,41.63,42.45,41.52,42.18,1900
20110513,41.72,41.72,40.65,40.77,24330
20110516,40.34,41.38,40.25,40.36,2990
20110517,39.57,40.99,39.57,40.99,5810
20110518,41.25,41.7,41.25,41.28,3100
20110519,41.68,41.69,40.83,41.03,2000
20110520,41.15,41.4,41.15,41.17,16270
20110523,39.34,39.66,38.84,39.66,4880
20110524,40.29,40.67,40.09,40.52,2730
20110525,39.77,40.53,39.77,40.53,800
20110526,41.34,41.57,40.53,41.57,4000
20110527,43.81,43.81,42.27,42.45,5310
20110531,46.65,46.65,42.97,43.68,18100
20110601,47.77,47.77,42.03,42.03,16460
20110602,42.04,42.57,42.04,42.57,1100
20110603,41.21,42.98,41.21,42.47,1820
20110606,42.68,42.68,40.69,40.87,3530
20110607,41.44,41.6,41.32,41.37,1850
20110608,41.07,41.14,40.38,40.38,16370
20110609,40.43,41.05,40.43,40.99,3560
20110610,39.89,39.91,39.32,39.67,6420
20110613,39.66,39.66,39.34,39.34,540
20110614,39.84,40.4,39.84,40.18,2330
20110615,39.59,39.59,38.61,38.61,2300
20110616,39.01,39.05,37.45,38.21,36520
20110617,38.45,38.45,38,38,400
20110620,38.3,38.3,38.07,38.29,400
20110621,39.39,39.53,39.39,39.53,280
20110622,39.39,39.39,39.21,39.38,400
20110623,37.86,38.82,37.86,38.82,1260
20110624,39,39,39,39,400
20110627,39.66,39.85,39.66,39.85,480
20110628,40.97,40.97,40.97,40.97,200
20110629,41.44,42.21,41.26,42.14,1470
20110630,42.89,42.95,42.69,42.95,5390
20110701,42.76,44.28,42.76,44.28,2790
20110705,44.15,44.29,44.15,44.29,2760
20110706,43.14,43.23,43.07,43.07,520
20110707,44.07,44.19,43.95,44.09,1260
20110708,44.82,44.82,41.95,43.17,7230
20110711,41.05,41.05,40.6,40.6,13660
20110712,40.17,40.61,40.17,40.54,1400
20110713,42.73,42.73,40.91,41.34,11710
20110714,40.85,41.26,40.3,40.3,3290
20110715,42.33,42.33,40.28,40.28,430
20110718,39.04,39.65,39.04,39.65,2710
20110719,40.64,40.65,40.38,40.38,400
20110720,40.7,40.81,40.6,40.81,350
20110721,41.79,41.79,41.79,41.79,360
20110722,42.25,42.25,42.22,42.22,370
20110725,42.54,42.54,42.54,42.54,200
20110726,42.42,42.84,42.41,42.84,1390
20110727,41.03,41.14,40.59,41.14,1420
20110728,40.84,41.3,40.83,40.83,2590
20110729,40.05,41.06,40.05,41.06,610
20110801,42.16,42.16,40.44,41.11,1590
20110802,39.65,39.65,39.18,39.36,950
20110803,38.28,38.28,36.93,37.55,4700
20110804,36.58,36.58,33.63,33.68,2750
20110805,34.12,34.12,30.66,32.94,4350
20110808,30.19,30.28,26.9,27.4,7840
20110809,27.63,29.79,27.55,29.75,4130
20110810,27.79,29.51,27.79,28.39,3320
20110811,29.89,31.69,29.59,31.69,1320
20110812,31.38,31.38,30.47,31.38,2140
20110815,32.82,32.99,32.53,32.79,2110
20110816,32.33,32.33,32.33,32.33,120
20110817,33.08,33.27,32.44,32.57,1600
20110818,29.66,29.89,28.93,29.56,7780
20110819,29.34,29.34,29.05,29.05,300
20110822,29.32,29.32,29.32,29.32,300
20110823,29.39,30.38,29.27,30.38,2640
20110824,30.06,30.7,29.38,30.31,2660
20110825,29.67,29.9,29.31,29.9,1600
20110826,28.67,28.94,28.67,28.94,790
20110829,31.26,32.05,31.24,32.05,1600
20110830,32.13,32.43,32.13,32.33,400
20110831,33.72,33.72,33.35,33.61,3790
20110901,34.03,34.04,33.91,33.91,540
20110902,31.7,31.71,31.1,31.16,2130
20110906,29.11,30.83,29.11,30.83,800
20110908,31.43,32.19,31.43,31.93,1590
20110912,29.32,29.32,27.89,28.32,4660
20110913,28.69,28.9,28.57,28.9,2460
20110914,28.87,30.15,28.4,30.15,2600
20110915,30.32,30.41,30.27,30.27,2070
20110916,30.5,30.5,30.25,30.25,700
20110919,28.39,28.39,28.39,28.39,700
20110920,28.95,28.95,28.95,28.95,400
20110921,27.88,27.88,26.68,26.68,2800
20110922,23.87,24.94,23,23.36,27080
20110923,23.74,23.86,23.36,23.86,1800
20110926,23.9,24.2,23.45,24.2,2660
20110927,26.02,26.76,26.02,26.08,2230
20110928,27.1,27.1,25,25.1,3120
20110929,25.92,25.92,24.82,24.84,800
20110930,23.5,23.69,22.87,22.97,1950
20111003,22.64,22.77,21.82,21.82,2670
20111004,21.52,21.52,21.1,21.1,600
20111005,22.49,23.35,22.42,23.35,7200
20111006,23.97,24.91,23.79,24.91,1900
20111007,25.73,25.73,23.6708,23.9,5940
20111010,25.15,25.7,25.15,25.7,3700
20111011,25.28,25.88,25.09,25.84,1980
20111012,25.64,28.72,23.941,27.5,4860
20111013,27.4,27.4,26.31,26.91,1860
20111014,27.67,28.04,27.6,27.83,3180
20111017,25.97,27.05,25.24,26.54,5900
20111018,26.05,26.6,25.55,26.48,1950
20111019,27.05,27.05,26.31,26.31,400
20111020,25.55,25.55,25.45,25.45,200
20111021,28.16,28.16,26.21,26.21,2150
20111024,27.46,28.74,26.92,28.53,6190
20111025,28.85,28.85,27.55,27.55,1600
20111026,28.34,28.71,27.78,28.53,1600
20111027,31.42,32.15,30.79,31.43,15590
20111028,33.86,33.86,30.97,32.18,5800
20111031,30.03,32.19,30.03,30.35,3400
20111101,27.35,28.8,27.01,28.8,7540
20111102,31.36,31.36,29.49,29.96,4380
20111103,30.31,30.31,30.1,30.18,1020
20111104,29.95,30.46,29.34,30.46,2380
20111107,30.8,30.9,30.52,30.52,1700
20111108,32.86,32.86,31.07,31.33,1620
20111109,29.52,29.55,28.41,28.5,7830
20111110,30.86,30.86,28.33,28.55,2760
20111111,30.25,30.25,28.77,29.66,20030
20111114,30.1,30.1,28.93,28.99,2500
20111115,28.14,29.69,28.14,29.37,4570
20111116,29.06,29.3,28.27,28.27,4420
20111117,28.3,28.49,27.02,27.02,3600
20111118,27.05,27.28,26.77,27.01,5370
20111121,26.5,26.5,25,25.45,8520
20111122,25.64,25.65,24.9,25.38,4010
20111123,23.82,23.98,23.63,23.63,1890
20111128,26.86,26.86,24.71,24.81,12140
20111129,24.96,25.5,24.58,24.58,1800
20111130,27.32,27.32,26.74,27.18,2900
20111201,28.9,28.9,27.6,27.79,1400
20111202,28.5,28.95,27.94,28.09,8480
20111205,29.95,29.95,28.99,29.11,4070
20111206,28.4,28.96,26.89,28.96,4190
20111207,28.12,28.82,28.12,28.54,7240
20111208,26.53,26.79,25.7,25.96,10190
20111209,26.66,27.51,26.66,27.45,3500
20111212,25.43,25.43,24.26,24.7,5430
20111213,24.87,24.87,23.66,23.92,1720
20111214,22.7,23.1,22.53,22.54,4380
20111215,22.6,23.44,21.3,22.49,5150
20111216,22.92,22.95,22.24,22.57,1700
20111219,22.4,24.6,21.26,21.26,5900
20111220,23.89,23.97,21.26,22.11,6800
20111221,21.62,21.62,21.62,21.62,100
20111222,24.94,24.94,23.05,24.5,4290
20111223,25,25.53,24.14,24.47,22170
20111227,24.5,24.5,23.75,24.33,4730
20111228,24.05,24.05,22.7,22.78,10830
20111229,22.58,23.32,22,23.32,8170
20111230,23.58,23.86,23.58,23.86,2350
20120103,25.28,26.89,23.71,26.87,7620
20120104,26.87,27.03,26.09,27.03,3950
20120105,25.8,26.91,25.51,26.8,4250
20120106,27.25,27.25,25.69,25.69,2500
20120109,26.35,26.82,26.17,26.82,7090
20120110,27.35,29.77,27.35,28.42,11330
20120111,28.15,28.89,28.15,28.89,2600
20120112,29.1,29.25,28.7,29.05,1220
20120113,27.83,28.5,27.5,28.08,4110
20120117,29.68,30.88,29.68,30.2,5220
20120118,30.49,32.3,30.49,32.3,8450
20120119,33.95,33.95,32.34,32.61,11530
20120120,32.13,32.51,32,32.51,3370
20120123,34.86,34.86,32.42,33.66,13160
20120124,33.2,33.76,32.21,33.76,4620
20120125,33.7,35.32,33.02,35.28,16780
20120126,36.89,36.89,34.04,34.04,12260
20120127,34.37,35.28,34.29,35.06,5600
20120130,35.9,35.9,32.52,33.58,10840
20120131,33.79,34.33,33.37,33.89,6390
20120201,35.18,36.67,35.18,35.98,14550
20120202,37,37.5,36.51,36.85,23890
20120203,38.25,38.51,37.75,37.97,24950
20120206,38,38,36.5,37.3,20360
20120207,37.65,37.91,36.56,37.84,9990
20120208,38.41,39.05,38.08,38.24,11080
20120209,38.39,38.39,37.08,38.13,25200
20120210,39.46,39.46,35.36,35.98,52040
20120213,37.2,37.9,36.89,37.74,8920
20120214,38.27,38.27,35.78,36.59,14470
20120215,38.3,38.3,35,36.44,9160
20120216,36.13,38.36,36.13,38.31,4200
20120217,39.76,39.76,38.15,38.6,12070
20120221,37.15,38.52,37.15,37.5,17530
20120222,37.01,38.95,35.13,37.78,12060
20120223,38.89,38.89,36.64,37.99,2110
20120224,39.21,39.21,38.4,38.5,5200
20120227,37.86,38.1,37.14,38.03,6330
20120228,38.59,39.87,38.59,39.81,9140
20120229,39.9,40.2,38.47,38.6,5270
20120301,39.42,40.04,38.88,39.75,4110
20120302,39.87,40.38,39.68,39.98,24830
20120305,39.4,39.4,37.18,37.59,16710
20120306,35.63,35.63,32.98,33.7,28280
20120307,33.77,34.4,33.44,34.05,21340
20120308,35.16,36.26,35.16,36.04,10030
20120309,36.64,36.9,36.14,36.21,27420
20120312,36.28,36.28,34.5,35.11,6840
20120313,35.94,38.05,35.56,38.05,9310
20120314,37.77,37.77,36.07,36.4,14990
20120315,35.27,35.6252,35.1345,35.52,6660
20120316,36.52,36.95,35.85,36.43,17770
20120319,36.43,37,34.56,36.27,9790
20120320,35.04,35.04,33.75,34.6,7170
20120321,34.49,35.09,34.21,35.05,4030
20120322,34.08,34.08,33.15,33.5,7700
20120323,34,34.18,33.15,34,5450
20120326,34.47,35.65,34.47,35.54,2470
20120327,34.86,36.04,34.86,34.99,5820
20120328,34.8,34.81,32.59,33.04,19500
20120329,32.05,32.6,31.13,32.6,18000
20120330,33.57,33.57,32.95,32.95,9370
20120402,32.44,34.47,32.44,34.31,8110
20120403,34.59,34.59,33.25,33.25,2830
20120404,31.63,32.02,31.17,31.32,7650
20120405,30.64,31.62,30.64,31.13,3540
20120409,30.81,31.16,30,30.93,5000
20120410,30.22,30.24,28.8,29.3,9360
20120411,30.17,30.62,30,30.01,3040
20120412,31.82,32.54,30.96,32.508,12740
20120413,32.23,32.23,30.11,30.45,3550
20120416,32.58,32.58,29.58,29.6,4080
20120417,31.61,31.61,29.8,30.72,3540
20120418,29.7,30.47,29.7,30.47,5790
20120419,30.06,30.24,29.78,29.78,8740
20120420,30.95,31.52,30.85,30.96,5300
20120423,28.93,29.17,28,29.1,8240
20120424,29.6,29.6,29.21,29.21,3800
20120425,29.5,29.67,28.85,29.06,4630
20120426,28.45,29.18,27.631,29.04,3090
20120427,29.45,29.73,29.45,29.7,1500
20120430,29.05,29.2,28.86,29.2,1880
20120501,30.0496,30.33,30.049,30.05,3100
20120502,29.29,29.58,29.29,29.5,1800
20120503,29.14,29.74,28,28,1790
20120504,27.63,27.65,26.48,26.67,6590
20120507,27.42,27.42,26.24,26.88,1600
20120508,25,25.39,24.5,25.39,6440
20120509,23.71,24.63,22.53,24.28,5580
20120510,24.58,24.78,24.58,24.78,420
20120511,23.42,23.4604,23.4,23.4,1680
20120514,22.98,22.98,21.75,21.79,8260
20120515,21.84,21.85,21,21.01,3570
20120516,21.21,21.39,20.15,20.47,6420
20120517,19.97,19.97,18.73,18.98,11710
20120518,19.17,19.17,18.58,18.58,1720
20120521,20.3,20.41,17.79,19.85,24790
20120522,19.83,20.29,18.8,18.8,2860
20120523,18.61,18.77,17.82,18.75,9540
20120524,19.85,19.85,18.15,18.41,17990
20120525,19.61,19.61,18.8,18.8,3720
20120529,19.85,20.2,19.63,19.87,10520
20120530,18.59,18.7,18.28,18.53,10340
20120531,18.5,18.5,17.69,18.01,4990
20120601,18.58,18.58,17.5,17.73,5770
20120604,17.55,17.8,17.29,17.62,860
20120605,17.9,17.98,17.22,17.6,5080
20120606,18.95,19.25,17.15,19,8450
20120607,20.78,21.39,19.54,19.66,15090
20120608,19.2,19.2,18.53,19.02,5540
20120611,19.94,19.94,18.18,18.23,10330
20120612,18.55,19.09,18.55,18.92,3140
20120613,18.87,19.3,18.77,18.77,3560
20120614,18.4,18.92,18.22,18.92,2900
20120615,19.04,19.63,19.04,19.57,8750
20120618,19.61,20.5,18.87,20.14,6560
20120619,20.22,21.74,20.22,21.56,7770
20120620,21.84,21.84,20.72,21.28,16880
20120621,22,22,19,19.01,10130
20120622,19,19.0001,18.38,18.7,6840
20120625,17.67,17.78,17.03,17.37,6880
20120626,16.79,17,16.38,17,5690
20120627,17.86,18.05,17.65,17.65,2070
20120628,17.62,17.62,17.06,17.06,3400
20120629,19.26,20.05,19.26,20.05,17960
20120702,20.54,20.77,19.93,20.5,5160
20120703,21.25,21.75,20.94,21.6,13260
20120705,21.47,22.197,20.64,21.58,20720
20120706,20.96,21.18,15.34,20.88,18280
20120709,20.07,20.08,19.55,19.71,3090
20120710,20.6,20.79,19.15,19.19,6850
20120711,19.43,19.43,19.05,19.05,950
20120712,18.03,18.29,17.55,18.21,61580
20120713,18.94,19.43,18.94,19.24,16390
20120716,19.08,19.08,18.78,18.91,5100
20120717,18.72,19.1,18.44,19.1,1800
20120718,18.81,19.34,18.65,19.3,1950
20120719,19.74,20.26,19.71,20.1,10060
20120720,19.88,19.88,19.4,19.4,770
20120723,17.61,18.01,17.25,17.91,11520
20120724,18.57,18.57,17.8327,18.05,12070
20120725,18.09,18.09,17.3,17.71,7470
20120726,18.21,18.89,18.13,18.88,7190
20120727,19.15,20.752,19.15,20.63,20190
20120730,20.61,20.7,20,20.42,11320
20120731,20.7,20.7,19.87,19.87,2950
20120801,19.68,20.22,19.68,20.2,4150
20120802,19.18,19.31,19.01,19.05,8190
20120803,20.25,20.78,20,20.73,4150
20120806,20.51,21.9,20.51,21.89,4680
20120807,21.95,22.48,21.95,21.95,6270
20120808,22.1,22.58,22.1,22.45,6530
20120809,22.68,22.89,22.46,22.6,2930
20120810,21.26,23.03,21.23,23.03,14780
20120813,22.49,22.53,22.25,22.48,2090
20120814,23,23,21.87,21.87,7190
20120815,21.87,22.33,21.79,22.06,5080
20120816,22.74,22.74,21.72,22.01,12550
20120817,22.62,22.62,21.8,22.02,6660
20120820,22.57,22.57,20.88,22.17,7520
20120821,22.38,22.38,21.03,21.26,7850
20120822,20.93,21.5,20.84,21.5,5500
20120823,21.94,21.94,20.65,21.14,2010
20120824,20.51,21.12,20.2,20.87,9610
20120827,20.69,20.94,20.09,20.46,4730
20120828,19.97,20.49,19.97,20.02,1100
20120829,19.86,19.86,19.19,19.63,4550
20120830,18.84,19.19,18.84,19.19,2980
20120831,19.19,19.64,18.83,19.03,4850
20120904,19.03,19.03,18.29,18.8,2410
20120905,18.25,18.4,18.25,18.4,1395
