Date,Open,High,Low,Close,Volume
20110913,23.51,23.51,22.58,22.87,9863
20110914,22.13,23,22.13,22.96,2385
20110915,23.56,23.7,23.24,23.27,5531
20110916,23.56,23.56,23.06,23.06,4881
20110919,23.05,23.07,22.9,23.07,8460
20110920,23.05,23.05,23.05,23.05,976
20110921,22.86,22.86,22.73,22.73,22016
20110923,22.87,22.87,22.87,22.87,638
20110926,23.05,23.39,23.05,23.3,2710
20110927,23.12,23.12,22.96,22.96,1952
20110928,23.05,23.28,22.75,22.78,5727
20110929,23.28,23.33,23.19,23.19,433
20111003,22.6,23.01,22.6,22.87,4012
20111004,22.13,22.96,22.13,22.94,8882
20111005,23.05,23.14,23.05,23.14,830
20111006,23.05,23.25,22.59,23.25,542
20111007,23.14,23.26,23.14,23.26,618
20111010,23.24,23.33,23.05,23.33,541
20111011,23.28,23.28,23.28,23.28,108
20111012,23.24,23.47,23.1,23.28,6916
20111013,23.19,23.57,23.19,23.57,487
20111014,23.51,23.51,23.05,23.42,6290
20111017,23.47,23.47,23.35,23.35,2820
20111019,23.42,23.51,23.42,23.51,216
20111020,23.37,23.47,23.37,23.47,216
20111021,23.51,23.96,23.51,23.74,870
20111024,23.79,23.79,23.79,23.79,216
20111025,23.6,23.6,23.56,23.56,1192
20111026,23.67,23.67,23.67,23.67,325
20111028,23.79,24.07,23.79,23.95,2603
20111031,23.88,23.88,23.85,23.85,3904
20111101,23.7,23.7,23.59,23.59,12472
20111103,23.79,23.98,23.76,23.76,3362
20111104,23.79,23.79,23.77,23.77,216
20111108,23.92,24.2,23.92,24.2,2840
20111109,23.97,23.97,23.97,23.97,1084
20111111,23.93,23.97,23.93,23.97,216
20111114,23.85,23.85,23.85,23.85,108
20111115,23.83,23.83,23.83,23.83,108
20111116,23.77,23.77,23.77,23.77,216
20111117,23.6,23.7,23.56,23.56,7808
20111118,23.74,23.97,23.74,23.97,487
20111122,23.78,23.78,23.78,23.78,108
20111123,23.7,23.7,23.7,23.7,108
20111128,23.7,23.7,23.7,23.7,108
20111129,23.58,23.58,23.58,23.58,1084
20111130,23.64,23.64,23.64,23.64,5553
20111201,23.78,23.78,23.68,23.68,433
20111202,23.79,23.97,23.73,23.73,3579
20111205,23.87,23.87,23.87,23.87,108
20111206,23.66,23.7,23.05,23.66,10461
20111207,24.04,24.04,24.04,24.04,108
20111209,23.78,23.78,23.78,23.78,108
20111212,23.69,23.69,23.69,23.69,108
20111213,23.61,23.77,23.61,23.77,216
20111214,23.69,23.69,23.69,23.69,108
20111215,23.96,23.96,23.96,23.96,108
20111216,23.85,23.85,23.85,23.85,108
20111219,23.78,23.78,23.6,23.6,3254
20111220,23.64,23.64,23.64,23.64,106
20111221,23.63,23.63,23.63,23.63,106
20111222,23.93,23.93,23.93,23.93,106
20120103,24.03,24.03,24.03,24.03,636
20120104,24.06,24.06,24.06,24.06,106
20120105,24.06,24.06,24.06,24.06,106
20120106,24.22,24.24,24.06,24.24,424
20120109,24.15,24.26,24.15,24.26,848
20120110,24.29,24.29,24.29,24.29,106
20120111,24.17,24.35,24.17,24.35,212
20120112,22.72,24.43,22.72,24.43,424
20120113,23.91,24.34,23.91,24.34,212
20120117,24.34,24.34,24.15,24.15,212
20120118,24.23,24.23,24.23,24.23,106
20120119,23.77,24.18,23.77,24.18,212
20120120,24.26,24.33,24.15,24.33,318
20120123,24.37,24.39,24.37,24.39,212
20120124,24.46,24.46,24.32,24.32,212
20120125,24.23,24.37,24.23,24.37,212
20120126,24.34,24.34,24.15,24.15,212
20120127,24.23,24.23,24.06,24.06,212
20120130,24.06,24.06,24.06,24.06,106
20120131,24.21,24.21,24.05,24.05,212
20120201,24.24,24.24,24.24,24.24,212
20120202,24.16,24.16,24.01,24.01,212
20120203,25.91,25.91,24.25,24.39,2968
20120206,24.24,24.32,24.24,24.24,530
20120207,24.22,24.22,24.22,24.22,212
20120208,24.37,24.37,24.37,24.37,318
20120209,24.45,24.45,24.39,24.39,742
20120210,24.24,24.24,24.24,24.24,212
20120213,24.24,24.24,24.2,24.2,318
20120214,24.1,24.22,24.1,24.21,742
20120215,24.15,24.38,24.15,24.38,212
20120216,23.98,24.53,23.98,24.53,212
20120217,24.23,24.5,24.23,24.5,212
20120221,24.3,24.6,24.3,24.6,212
20120222,24.27,24.53,24.27,24.53,212
20120223,25,25.08,25,25.08,212
20120224,24.39,24.39,24.39,24.39,212
20120227,24,24.52,24,24.52,212
20120228,23.95,24.36,23.95,24.36,636
20120229,24.03,24.03,24.01,24.01,212
20120301,24.3,24.3,24.27,24.27,1044
20120302,24.15,24.15,24.14,24.14,212
20120305,24.21,24.21,24.18,24.18,706
20120306,23.92,23.92,23.92,23.92,3392
20120307,23.98,24.03,23.98,24.03,318
20120308,23.97,23.97,23.96,23.96,212
20120309,24.05,24.05,24,24,424
20120312,23.76,23.92,23.76,23.87,2332
20120313,23.86,23.93,23.86,23.93,4346
20120314,23.95,23.97,23.95,23.97,318
20120315,23.98,24.08,23.95,23.99,8308
20120316,24.08,24.08,24.06,24.06,848
20120319,24.06,24.09,23.97,23.99,4346
20120320,23.98,23.98,23.9,23.9,5512
20120321,23.9,23.9,23.81,23.84,1590
20120322,23.79,23.89,23.75,23.75,3498
20120323,23.81,23.86,23.68,23.86,636
20120326,23.74,23.74,23.74,23.74,212
20120327,23.77,23.77,23.75,23.75,424
20120328,23.72,23.72,23.69,23.69,2438
20120329,23.66,23.72,23.62,23.66,6837
20120330,23.51,23.59,23.31,23.41,34410
20120402,23.61,23.61,23.61,23.61,106
20120403,23.58,23.58,23.58,23.58,1590
20120404,23.45,23.45,23.45,23.45,212
20120405,22.81,23.38,22.81,23.21,2141
20120412,23.21,23.35,23.21,23.34,6429
20120416,23.19,23.22,23.19,23.22,318
20120417,23.18,23.18,23.18,23.18,212
20120423,23.17,23.17,23.17,23.17,106
20120424,23.14,23.21,23.12,23.21,27137
20120425,22.97,23.08,22.95,23.04,9895
20120426,23.02,23.05,22.99,23.05,13568
20120427,22.97,23.11,22.81,22.89,13038
20120430,22.83,22.91,22.77,22.85,14416
20120501,22.95,22.95,22.88,22.91,17173
20120502,22.79,22.79,22.65,22.65,3710
20120503,22.6,22.6,22.58,22.59,1950
20120504,22.61,22.69,22.61,22.69,453
20120507,22.51,22.64,22.51,22.61,3710
20120508,22.76,22.77,22.76,22.77,318
20120510,22.73,22.73,22.73,22.73,106
20120515,22.48,22.58,22.48,22.5,4452
20120516,22.54,22.62,22.46,22.58,8480
20120521,22.61,22.62,22.32,22.43,3922
20120523,22.2,22.27,22.08,22.13,31110
20120524,22.18,22.25,22.18,22.25,2014
20120525,22.28,22.36,22.28,22.28,6360
20120529,22.38,22.42,22.33,22.36,6576
20120530,22.37,22.45,22.37,22.45,10166
20120531,21.98,22.46,21.98,22.46,3261
20120601,21.98,21.98,21.98,21.98,848
20120604,21.81,22.51,21.81,22.37,2862
20120605,22.39,22.39,22.22,22.3,742
20120607,22.45,22.82,22.4,22.45,39979
20120608,22.42,22.49,22.37,22.46,14922
20120611,22.45,22.45,22.36,22.36,18513
20120612,22.45,22.45,22.34,22.34,3180
20120613,22.34,22.34,22.34,22.34,106
20120615,22.4,22.55,22.4,22.51,74369
20120618,22.39,22.45,22.24,22.32,2076
20120619,22.29,22.33,22.29,22.33,636
20120620,22.57,22.62,22.51,22.53,1336
20120621,22.52,22.52,22.52,22.52,424
20120625,22.45,22.45,22.27,22.32,1079
20120627,22.46,22.46,22.46,22.46,530
20120629,22.65,22.7,22.65,22.7,424
20120702,22.6,22.61,22.6,22.61,530
20120703,22.47,22.47,22.47,22.47,148
20120706,22.41,22.41,22.37,22.37,271
20120709,22.45,22.45,22.45,22.45,263
20120710,22.39,22.39,22.39,22.39,159
20120711,22.57,22.57,22.57,22.57,133
20120713,22.3,22.3,22.3,22.3,281
20120717,22.29,22.29,22.29,22.29,167
20120720,22.34,22.34,22.22,22.22,491
20120724,22.04,22.04,22.04,22.04,172
20120725,22.14,22.14,22.14,22.14,212
20120727,22.17,22.17,22.17,22.17,1060
20120731,22.38,22.45,22.38,22.45,2679
20120801,22.6,22.63,22.6,22.63,1208
20120803,22.39,22.39,22.39,22.39,1060
20120807,22.57,22.58,22.57,22.58,2120
20120808,22.74,22.74,22.74,22.74,1060
20120809,22.96,22.96,22.96,22.96,159
20120810,23.05,23.05,23.05,23.05,636
20120813,23.15,23.15,23.15,23.15,212
20120814,23.03,23.03,23.03,23.03,106
20120815,23.07,23.07,23.02,23.02,235
20120816,24.14,24.14,24.14,24.14,106
20120817,23.01,23.01,23.01,23.01,1166
20120820,23.74,23.74,23.11,23.25,1590
20120821,23.2,23.3,23.2,23.23,1272
20120822,22.78,23.06,22.78,23.03,1166
20120823,22.78,22.84,22.78,22.84,318
20120828,22.7,22.7,22.7,22.7,424
20120829,22.64,22.64,22.56,22.56,1272
20120830,22.65,22.65,22.65,22.65,1060
20120905,22.63,22.63,22.62,22.62,1272
20120906,22.77,22.77,22.77,22.77,233
20120907,22.92,22.92,22.92,22.92,1060
20120910,22.94,22.95,22.89,22.92,92180
20120911,23.06,23.06,23.06,23.06,1060
20120912,23.16,23.19,23.15,23.15,2332
20120913,22.98,23.1,22.94,23.07,25752
20120917,23.19,23.21,23.15,23.2,76576
20120918,22.98,23.12,22.98,23.07,36758
20120919,23.29,23.29,23.03,23.09,618
20120921,23.08,23.08,23.07,23.08,4837
20120924,23.14,23.14,23.1,23.1,9676
20120925,22.96,22.96,22.83,22.83,618
20120926,22.81,22.81,22.81,22.81,2573
20120928,22.72,22.73,22.72,22.73,4529
20121002,22.9,22.9,22.87,22.9,1853
20121005,23.2,23.21,23.2,23.21,1111
20121008,23.31,23.31,23.16,23.16,824
20121010,23.16,23.16,23.16,23.16,206
20121016,23.37,23.37,23.37,23.37,103
20121026,23.41,23.41,23.41,23.41,206
20121106,23.63,23.63,23.63,23.63,154
20121113,23.22,23.22,23.22,23.22,1371
20121116,23.2,23.21,23.18,23.21,12351
20121119,23.34,23.34,23.34,23.34,635
20121126,23.29,23.39,23.29,23.39,1137
20121128,23.24,23.49,23.24,23.49,51901
20121203,23.5,23.5,23.5,23.5,283
20121205,23.61,23.61,23.61,23.61,515
20121210,23.65,23.7,23.65,23.7,12145
20121212,23.88,23.95,23.83,23.91,8906
20121213,23.95,23.99,23.9,23.9,53478
20121214,23.93,23.93,23.93,23.93,206
20121217,24.05,24.05,23.75,23.75,412
20121219,24.02,24.02,24,24,14513
20121220,24.12,24.12,23.93,24.01,824
20121226,23.93,24,23.93,23.97,5044
20121231,23.8,23.9,23.79,23.87,17498
20130102,23.94,24,23.93,23.95,18114
20130103,23.84,24.11,23.84,24.02,27788
20130104,23.98,24.23,23.98,24.21,25629
20130107,24.11,24.26,24.07,24.14,53625
20130108,23.99,24.15,23.94,23.94,46521
20130109,24.08,24.08,23.77,23.89,15336
20130110,23.95,24.04,23.95,24.04,9263
20130111,23.96,24.21,23.96,23.99,16983
20130114,24.11,24.11,23.93,24.02,17190
20130115,24.15,24.17,24.1,24.1,7000
20130116,24.23,24.26,24.2,24.26,6005
20130117,24.31,24.31,24.29,24.29,412
20130122,24.01,24.43,24.01,24.41,515
20130123,24.4,24.4,24.4,24.4,247
20130128,24.57,24.57,24.42,24.42,30416
20130130,24.42,24.52,24.4,24.47,10602
20130131,24.78,24.78,24.2,24.4,49591
20130201,24.54,24.54,24.48,24.48,1625
20130204,24.14,24.42,24.14,24.39,6279
20130205,24.46,24.52,24.43,24.43,9983
20130207,24.7,24.78,24.69,24.71,5764
20130208,24.78,24.78,24.71,24.74,3355
20130211,24.71,24.82,24.71,24.8,6381
20130213,24.77,24.89,24.76,24.87,10520
20130214,24.75,24.84,24.75,24.82,6792
20130222,24.55,24.73,24.55,24.7,3191
20130225,24.54,24.54,24.54,24.54,810
20130226,24.44,24.44,24.44,24.44,154
20130228,24.6,24.6,24.59,24.59,51463
20130304,24.33,24.33,24.33,24.33,211
20130305,24.38,24.45,24.35,24.35,16161
20130306,24.4,24.44,24.39,24.44,1133
20130308,24.64,24.68,24.62,24.62,9057
20130311,24.64,24.64,24.64,24.64,956
20130313,24.91,24.91,24.89,24.89,376
20130314,24.86,24.92,24.86,24.92,685
20130321,25.07,25.07,24.99,24.99,1853
20130322,25.09,25.09,25.09,25.09,515
20130326,25.17,25.17,25.17,25.17,515
20130401,24.9,25.18,24.9,25.18,6634
20130403,25.11,25.11,25.11,25.11,1765
20130410,25.15,25.15,24.96,24.96,1951
20130411,25.02,25.02,25.02,25.02,219
20130417,24.75,24.75,24.61,24.61,333
20130423,24.66,24.66,24.66,24.66,103
20130429,24.99,25.03,24.94,24.94,927
20130430,25.04,25.04,24.99,25.02,1030
20130501,25.06,25.06,24.96,24.96,1338
20130507,25.13,25.38,25.13,25.38,1277
20130509,25.28,25.28,25.28,25.28,463
20130510,25.27,25.27,25.27,25.27,810
20130514,25.05,25.12,25.05,25.1,4383
20130515,25.07,25.07,25.07,25.07,103
20130516,25.24,25.36,25.2,25.26,8029
20130517,25.33,25.42,25.24,25.24,3089
20130520,25.56,25.56,25.56,25.56,1029
20130521,25.34,25.4,25.34,25.39,2956
20130522,25.66,25.66,25.66,25.66,103
20130523,25.55,25.55,25.41,25.41,412
20130528,25.71,25.71,25.71,25.71,515
20130529,25.73,25.84,25.72,25.84,2367
20130530,25.89,26.04,25.78,26.04,4015
20130531,26.18,26.18,26.18,26.18,1029
20130603,26.48,26.48,26.16,26.19,3777
20130604,26.34,26.34,26.34,26.34,789
20130605,26.34,26.35,26.34,26.35,1029
20130606,26.31,26.32,26.22,26.22,3249
20130607,26.35,26.46,26.22,26.31,4431
20130610,26.44,27.2,26.3,26.33,10750
20130611,26.37,26.37,26.25,26.3,5343
20130612,26.35,26.38,26.26,26.38,1648
20130613,26.41,26.54,26.31,26.54,23577
20130614,26.35,26.41,26.24,26.39,2842
20130617,26.35,26.35,26.29,26.29,1852
20130618,25.93,26.04,25.93,26.03,10397
20130619,26.01,26.32,26.01,26.32,1801
20130620,26.8,26.8,26.23,26.52,2831
20130621,26.49,26.51,26.41,26.46,21432
20130624,26.44,26.44,25.98,26.18,7203
20130625,26.62,26.62,24.97,26.14,5848
20130626,26.2,26.2,25.97,25.97,1955
20130627,25.99,25.99,25.99,25.99,247
20130628,26.36,26.36,26.11,26.18,3747
20130701,26.49,26.49,25.8,25.94,3808
20130702,26.07,26.07,26.07,26.07,2573
20130703,26.2,26.2,25.88,25.92,2882
20130705,26.88,26.88,25.89,25.97,15167
20130708,25.88,25.88,25.65,25.88,3294
20130709,25.89,25.89,25.8,25.8,206
20130711,25.81,25.81,25.81,25.81,412
20130712,25.79,25.79,25.48,25.48,9146
20130715,25.53,25.79,25.53,25.58,3614
20130717,25.67,25.91,25.67,25.91,8280
20130722,25.82,25.82,25.82,25.82,1750
20130723,25.86,25.86,25.86,25.86,109
20130729,25.81,25.91,25.81,25.91,721
20130730,25.81,25.94,25.78,25.94,865
20130731,25.98,25.98,25.96,25.98,1956
20130801,25.93,25.93,25.93,25.93,129
20130806,25.84,25.84,25.84,25.84,129
20130807,25.89,25.89,25.86,25.86,476
20130820,26.06,26.18,26,26,54859
20130821,26,26.1,25.85,25.89,34277
20130822,26.04,26.1,25.81,25.84,33245
20130823,25.86,26.04,25.78,25.78,49920
20130826,25.9,25.96,25.75,25.81,43026
20130827,25.76,25.78,25.57,25.57,23149
20130828,25.7,25.73,25.54,25.67,10395
20130829,25.63,25.7,25.62,25.63,21407
20130830,25.65,25.73,25.52,25.52,32497
20130903,25.68,25.75,25.61,25.64,27997
20130904,25.64,25.71,25.63,25.65,7412
20130905,25.7,25.75,25.57,25.57,4036
20130906,25.65,25.7,25.56,25.6,9264
20130909,25.59,25.59,25.44,25.44,5973
20130910,25.5,25.5,25.42,25.42,721
20130911,25.45,25.45,25.45,25.45,193
20130912,25.47,25.47,25.24,25.25,38261
20130913,25.38,25.43,25.36,25.43,3912
20130916,25.42,25.42,25.4,25.4,644
20130917,25.54,25.54,25.46,25.52,11013
20130918,25.52,25.76,25.29,25.33,5867
20130919,25.17,25.17,25.17,25.17,125
20130923,25.17,25.27,25.17,25.19,978
20130924,25.31,25.31,25.3,25.3,1235
20130925,25.44,25.44,25.44,25.44,1235
20130926,25.34,25.36,25.26,25.29,7000
20130927,25.3,25.3,25.3,25.3,643
20131001,25.06,25.06,25.06,25.06,360
20131002,25.1,25.17,25.1,25.11,2986
20131007,25.12,25.28,25.12,25.13,37326
20131008,25.21,25.43,25.21,25.33,14410
20131009,25.6,25.71,25.55,25.59,23880
20131010,25.7,25.7,25.7,25.7,206
20131011,25.64,25.64,25.47,25.47,7308
20131014,25.53,25.64,25.43,25.46,8132
20131015,25.71,25.71,25.49,25.51,21007
20131016,25.67,25.67,25.46,25.49,26293
20131017,25.76,25.76,25.19,25.19,71349
20131018,25.49,25.64,25.46,25.53,14781
20131021,25.5,25.7,25.46,25.46,38361
20131022,25.52,25.68,25.52,25.58,1339
20131023,25.63,25.76,25.59,25.62,3501
20131024,25.7,25.7,25.53,25.6,6901
20131025,25.7,25.7,25.51,25.51,19171
20131028,25.56,25.82,25.56,25.74,48586
20131029,25.72,25.92,25.54,25.54,1601
20131031,25.43,25.98,24.29,25.98,4351
20131104,25.98,25.99,25.94,25.99,1030
20131105,26.14,26.14,25.7,25.7,3625
20131108,26.56,26.57,26.51,26.51,618
20131111,26.58,26.58,26.58,26.58,103
20131112,26.75,26.75,26.58,26.63,37972
20131113,26.78,26.78,26.5,26.5,22292
20131114,26.67,26.77,26.66,26.69,4549
20131115,26.68,26.68,26.59,26.65,16378
20131118,26.8,27,26.8,26.87,49624
20131119,26.81,26.81,26.68,26.69,46625
20131120,26.75,26.79,26.6,26.68,28536
20131121,26.79,26.92,26.79,26.9,1648
20131122,26.54,26.84,26.54,26.81,14655
20131125,26.74,26.88,26.66,26.66,39155
20131126,26.6,26.63,26.49,26.5,38082
20131127,26.65,26.86,26.65,26.66,14205
20131129,26.8,26.8,26.65,26.65,6897
20131202,26.75,26.84,26.69,26.71,13589
20131204,26.79,26.83,26.75,26.83,1338
20131205,26.76,26.76,26.45,26.61,5776
20131206,26.74,26.83,26.7,26.7,1544
20131209,26.66,26.69,26.66,26.69,309
20131211,26.67,26.84,26.67,26.75,6485
20131212,26.9,26.9,26.6,26.81,16562
20131213,26.89,26.89,26.72,26.84,63706
20131216,26.8,26.83,26.71,26.75,5524
20131217,26.86,26.86,26.54,26.54,7617
20131218,26.84,26.84,26.62,26.75,7207
20131219,26.93,26.93,26.67,26.67,3575
20131220,26.52,26.72,26.51,26.51,10398
20131223,26.52,26.61,26.51,26.51,1816
20131226,26.85,26.85,26.42,26.42,13989
20131227,25.29,26.82,25.29,26.66,739
20131230,26.8,26.82,26.79,26.79,489
20131231,26.78,26.78,26.75,26.75,792
20140102,26.92,26.92,26.89,26.89,1132
20140106,26.87,26.88,26.85,26.85,428
20140107,26.62,26.65,26.62,26.65,1903
20140108,26.73,26.73,26.73,26.73,147
20140110,26.87,26.9,26.83,26.83,2692
20140113,26.77,26.77,26.75,26.75,412
20140114,26.74,26.74,26.74,26.74,1122
20140115,26.73,26.73,26.55,26.55,19661
20140116,26.5,26.5,26.35,26.35,12919
20140117,26.47,26.47,26.38,26.39,14102
20140121,26.39,26.4,26.31,26.31,18990
20140122,26.37,26.38,26.3,26.3,4530
20140123,26.36,26.36,26.23,26.23,11778
20140124,26.29,26.29,26.23,26.23,2549
20140127,26.43,26.43,26.37,26.37,834
20140128,26.38,26.38,26.32,26.32,1030
20140130,26.23,26.23,26.09,26.09,1962
20140203,27.51,27.52,25.83,25.83,1544
20140204,25.91,25.91,25.91,25.91,309
20140205,26,26.01,25.97,26.01,2853
20140207,25.84,25.88,25.84,25.88,1339
20140210,25.86,25.86,25.86,25.86,206
20140211,26.82,26.82,25.81,25.81,206
20140213,25.47,25.64,25.47,25.64,4117
20140214,25.77,25.78,25.77,25.78,222
20140218,25.52,25.56,25.52,25.56,445
20140220,25.68,25.7,25.68,25.7,368
20140221,25.44,25.49,25.44,25.49,782
20140224,25.6,25.6,25.45,25.46,877
20140306,25.82,25.82,25.82,25.82,132
20140312,25.82,25.82,25.82,25.82,515
20140313,25.72,25.81,25.68,25.79,7956
20140314,25.87,25.87,25.87,25.87,412
20140317,25.7,25.8,25.7,25.8,2678
20140318,25.73,25.77,25.7,25.77,1236
20140319,25.84,25.84,25.81,25.83,824
20140320,26.13,26.13,26.13,26.13,689
20140321,26.36,26.4,26.35,26.35,2014
20140324,26.44,26.69,26.44,26.69,1445
20140325,26.61,26.61,26.61,26.61,129
20140328,26.7,26.7,26.7,26.7,412
20140402,26.79,26.79,26.79,26.79,2573
20140407,27.14,27.65,27.14,27.65,3017
20140408,27.65,27.65,27.4,27.45,42304
20140409,27.41,27.47,27.22,27.27,31137
20140410,27.35,27.71,27.33,27.47,57650
20140411,27.55,27.72,27.46,27.64,55891
20140414,27.53,27.86,27.48,27.66,82684
20140415,27.61,27.91,27.56,27.65,55328
20140416,27.53,27.53,27.52,27.52,929
20140417,27.38,27.44,27.24,27.36,15713
20140421,27.36,27.5,27.21,27.21,6317
20140422,27.22,27.45,27.21,27.21,8000
20140423,27.1,27.39,27.1,27.39,1648
20140425,27.86,27.86,27.79,27.82,721
20140428,27.82,28.04,27.82,27.9,8113
20140429,27.89,27.95,27.89,27.95,721
20140501,27.63,27.65,27.63,27.65,1559
20140502,27.73,27.73,27.69,27.69,3084
20140505,27.46,27.46,27.46,27.46,720
20140506,27.6,27.64,27.6,27.64,5373
20140507,28.12,28.63,28.06,28.06,1854
20140508,28.06,28.07,27.97,28.07,3530
20140512,28,28.09,27.96,28.01,4346
20140513,28.05,28.09,27.89,28.09,4942
20140514,28.22,28.22,28.11,28.11,515
20140515,28.17,28.17,28.17,28.17,137
20140519,28.61,28.61,27.91,27.97,10014
20140520,28.01,28.01,27.91,28.01,1551
20140521,27.95,27.99,27.9,27.99,2037
20140523,27.89,27.89,27.72,27.72,2003
20140527,27.72,27.72,27.62,27.65,2882
20140528,28.47,28.47,27.7,27.73,594
20140529,27.74,27.76,27.74,27.74,1554
20140530,27.87,27.9,27.87,27.9,206
20140603,27.91,28.06,27.91,28.06,1117
20140605,27.79,27.85,27.79,27.85,360
20140606,27.75,27.75,27.75,27.75,1750
20140609,27.91,27.93,27.91,27.93,412
20140610,28.16,28.16,27.71,28.03,3242
20140611,28,28,27.92,27.92,2677
20140613,27.87,27.87,27.81,27.81,778
20140616,28.18,28.18,27.61,27.7,3540
20140617,27.64,27.65,27.61,27.62,1770
20140618,27.64,27.76,27.58,27.58,4550
20140619,27.58,27.58,27.57,27.57,1030
20140623,27.62,27.62,27.51,27.51,2803
20140624,27.43,27.52,27.43,27.52,1545
20140625,27.52,27.52,27.52,27.52,161
20140627,27.46,27.46,27.46,27.46,216
20140630,27.33,27.39,27.33,27.39,1544
20140701,27.41,27.43,27.38,27.4,3612
20140702,27.4,27.41,27.37,27.41,2049
20140708,27.52,27.68,27.52,27.68,618
20140709,27.66,27.69,27.66,27.69,515
20140711,27.75,27.81,27.75,27.75,721
20140715,27.9,27.96,27.9,27.96,4219
20140716,27.99,27.99,27.99,27.99,2318
20140717,28.08,28.64,28.08,28.14,2114
20140718,27.99,27.99,27.99,27.99,306
20140721,28.04,28.04,28.04,28.04,830
20140723,27.95,27.95,27.95,27.95,856
20140724,27.84,27.84,27.84,27.84,1235
20140728,27.88,27.88,27.86,27.86,1492
20140729,27.68,27.68,27.68,27.68,1030
20140730,27.52,27.52,27.49,27.49,898
20140731,27.55,27.55,27.55,27.55,412
20140804,27.98,27.98,27.6,27.65,5291
20140807,27.4,27.44,27.4,27.44,1072
20140808,27.39,27.39,27.37,27.37,488
20140811,27.32,27.38,27.32,27.38,886
20140812,27.36,27.43,27.35,27.43,1528
20140814,27.4,27.5,27.4,27.5,1036
20140818,27.28,27.3,27.26,27.3,1956
20140819,27.34,27.34,27.34,27.34,911
20140821,27.4,27.4,27.4,27.4,269
20140825,27.4,27.49,27.39,27.42,1876
20140826,27.33,27.33,27.28,27.32,1338
20140827,27.34,27.34,27.34,27.34,1132
20140829,27.35,27.35,27.35,27.35,206
20140902,27.34,27.35,27.33,27.35,4129
20140903,27.45,27.45,27.35,27.35,1671
20140904,27.38,27.38,27.35,27.35,494
20140908,27.19,27.19,27.19,27.19,241
20140909,27.23,27.24,27.23,27.24,777
20140910,27.21,27.21,27.21,27.21,206
20140911,27.25,27.29,27.25,27.29,1628
20140915,27.55,27.55,27.55,27.55,1029
20140916,27.54,27.54,27.54,27.54,727
20140917,27.51,27.52,27.5,27.52,5427
20140919,27.73,27.73,27.44,27.44,857
20140923,27.38,27.38,27.38,27.38,566
20140929,27.16,27.16,27.15,27.15,560
20140930,27.05,27.08,27.03,27.07,4013
20141001,27.17,27.17,27.04,27.04,992
20141002,27.06,27.06,27.06,27.06,103
20141003,26.95,26.95,26.94,26.94,2222
20141006,26.98,26.98,26.98,26.98,705
20141007,27.06,27.06,27,27,484
20141008,26.88,26.88,26.88,26.88,1180
20141009,27.18,27.18,26.73,26.73,1029
20141010,26.95,26.95,26.83,26.91,886
20141013,26.9,26.9,26.9,26.9,103
20141014,27.01,27.01,27.01,27.01,476
20141021,26.56,26.58,26.56,26.58,341
20141027,26.41,26.41,26.41,26.41,309
20141028,26.44,26.44,26.42,26.42,1029
20141029,26.5,26.5,26.45,26.45,1291
20141103,26.52,26.52,26.33,26.34,1480
20141105,26.51,26.51,26.51,26.51,131
20141106,26.38,26.38,26.38,26.38,305
20141107,26.32,26.32,26.32,26.32,148
20141110,25.74,26.3,25.74,26.3,216
20141112,26.26,26.26,26.26,26.26,113
20141113,26.15,26.22,26.15,26.22,1081
20141114,26.2,26.29,26.2,26.29,668
20141117,26.49,26.49,26.49,26.49,260
20141121,26.48,26.48,26.48,26.48,132
20141124,26.46,26.46,26.46,26.46,206
20141125,26.45,26.45,26.45,26.45,174
20141203,26.45,26.45,26.45,26.45,103
20141205,26.41,26.41,26.41,26.41,109
20141208,26.33,26.33,26.33,26.33,103
20141215,26.14,26.23,25.87,26.23,2104
20141219,26.49,26.49,26.49,26.49,103
20141226,26.27,26.28,26.27,26.28,412
20141229,26.34,26.35,26.34,26.35,206
20150102,26.23,26.23,26.23,26.23,476
20150105,26.14,26.49,26.14,26.41,721
20150106,25.77,26.49,25.77,26.24,1582
20150109,25.78,25.78,25.78,25.78,206
20150112,25.62,25.62,25.62,25.62,720
20150113,25.56,25.56,25.56,25.56,412
20150114,25.2,25.21,25.01,25.02,10743
20150115,25.26,25.44,24.44,24.44,11954
20150116,25,25.1,24.78,24.8,4502
20150122,24.18,24.93,24.12,24.93,5896
20150126,24.55,24.96,24.07,24.96,11528
20150127,24.61,25.22,24.58,25.21,42445
20150128,25.21,25.65,25.21,25.65,2470
20150129,25.19,25.83,25.19,25.83,48788
20150130,24.85,25.14,24.81,24.94,6562
20150202,24.57,25.41,24.57,25.13,88362
20150203,24.92,25.75,24.92,25.59,33298
20150204,25.58,25.85,25.14,25.36,21423
20150205,24.96,25.39,24.96,25.22,2162
20150206,25.32,25.63,25.31,25.55,6383
20150209,26.18,26.18,25.7,25.83,7424
20150210,25.35,25.92,25.35,25.87,1339
20150211,25.26,25.55,25.26,25.55,1854
20150212,25.59,25.99,25.48,25.8,8777
20150213,25.36,25.89,25.34,25.34,5362
20150217,25.39,26.52,25.39,26.52,2512
20150218,26.43,26.43,26.43,26.43,206
20150219,25.36,26.49,25.36,25.84,8133
20150220,26.03,26.03,26.03,26.03,113
20150223,25.51,25.75,25.51,25.61,3810
20150224,25.61,25.61,25.61,25.61,15336
20150226,25.58,25.9,25.57,25.9,2307
20150227,25.46,26.12,25.46,25.85,8341
20150302,25.31,25.7,25.31,25.7,1030
20150303,26.2,26.43,25.94,26.41,2635
20150304,26.4,26.4,26.4,26.4,103
20150305,26.4,26.4,25.35,25.35,6225
20150306,25.54,25.64,25.42,25.42,2063
20150309,24.99,25.44,24.99,25.44,412
20150310,25.6,25.6,24.95,24.95,3193
20150311,25.02,25.07,24.66,24.66,2163
20150312,25.12,25.12,24.88,24.98,2678
20150313,24.95,24.95,24.81,24.92,3502
20150316,24.87,25.26,24.87,25.26,819
20150317,24.5,24.83,24.5,24.52,511
20150326,24.73,24.81,24.73,24.81,515
20150407,24.97,24.97,24.78,24.78,1133
20150408,24.97,24.97,24.62,24.62,206
20150414,24.96,24.97,24.92,24.92,3807
20150415,25.05,25.09,25.05,25.09,1184
20150416,25.21,25.21,25.07,25.07,1029
20150417,24.98,24.98,24.98,24.98,412
20150421,24.7,24.92,24.7,24.75,1170
20150423,24.73,24.73,24.73,24.73,3397
20150428,24.71,24.75,24.7,24.75,720
20150501,25.64,25.84,25.64,25.84,20299
20150505,25.58,25.58,25.58,25.58,103
20150511,25.23,25.23,25.23,25.23,103
20150513,25.27,25.58,25.27,25.43,7512
20150518,25.5,25.5,25.23,25.3,4525
20150519,25.04,25.04,25.04,25.04,360
20150601,25.46,25.46,25.46,25.46,1272
20150610,25.57,25.81,25.17,25.59,7672
20150619,25.52,25.52,25.52,25.52,206
20150630,25.13,25.34,25.13,25.26,3088
20150701,24.98,24.98,24.98,24.98,206
20150702,25.12,25.37,25.12,25.19,12681
20150706,25.26,25.26,25.26,25.26,206
20150713,24.64,24.87,24.63,24.87,2265
20150714,24.98,24.99,24.98,24.99,1544
20150715,24.72,24.72,24.68,24.68,1544
20150716,24.73,24.73,24.73,24.73,103
20150720,24.38,24.67,24.38,24.67,3603
20150721,24.48,24.58,24.48,24.58,4930
20150722,24.69,24.69,24.53,24.54,2985
20150723,24.79,24.79,24.67,24.67,16021
20150724,24.29,24.29,24.29,24.29,1029
20150729,24.58,24.58,24.58,24.58,1132
20150731,24.61,24.61,24.61,24.61,103
20150803,24.11,24.25,24.11,24.24,2244
20150804,24.24,24.24,24.24,24.24,206
20150805,24.14,24.5,24.14,24.35,18219
20150806,24.44,24.73,24.44,24.65,12661
20150810,24.38,24.97,24.38,24.95,8166
20150812,24.54,24.54,24.54,24.54,103
20150813,24.43,24.57,24.43,24.57,412
20150820,24.31,24.31,24.31,24.31,103
20150821,24.29,24.29,24.29,24.29,736
20150824,22.09,24.47,22.09,24.47,1483
20150825,24.63,24.92,24.27,24.92,1039
20150827,24.11,24.11,24.11,24.11,103
20150831,24.19,24.19,24.19,24.19,103
20150901,25.1,25.1,25.1,25.1,326
20150903,24.22,24.22,24.22,24.22,300
20150909,24.57,24.57,24.57,24.57,232
20150915,24.14,24.55,24.14,24.55,412
20150921,23.9,24.05,23.9,23.97,2882
20150922,23.33,24,23.33,24,8471
20150924,24.12,24.27,24.12,24.15,2573
20150928,24.18,24.43,24.18,24.43,1545
20150929,24.49,24.5,24.49,24.5,515
20150930,24.36,24.44,24.36,24.44,1235
20151001,24.64,24.64,24.64,24.64,1237
20151002,24.44,24.44,24.44,24.44,2059
20151009,25.18,25.18,24.49,24.63,3287
20151015,24.19,24.19,24.19,24.19,206
20151021,24.23,24.29,24.23,24.29,412
20151028,24.44,24.44,24.44,24.44,491
20151103,23.86,24.34,23.86,24.34,720
20151104,23.76,23.76,23.76,23.76,205
20151105,24.49,24.49,24.49,24.49,103
20151111,24.29,24.29,24.29,24.29,309
20151117,23.77,23.77,23.77,23.77,15439
20151119,24.41,24.41,23.69,23.69,5145
20151120,23.77,23.77,23.77,23.77,515
20151123,23.73,24.05,23.71,23.71,15906
20151201,23.76,24.39,23.76,24.39,823
20151202,23.74,23.95,23.74,23.91,4402
20151203,23.83,23.98,23.83,23.88,4839
20151208,23.48,23.59,23.48,23.59,1441
20151209,23.53,23.76,23.53,23.74,2471
20151210,23.63,23.88,23.63,23.65,2676
20151211,23.24,23.56,23.24,23.42,2779
20151214,23.37,23.61,23.37,23.56,2676
20151215,23.32,23.54,23.28,23.45,7617
20151218,23.33,23.33,23.26,23.26,515
20151222,23.26,23.49,23.26,23.49,309
20160106,23.33,23.33,23.29,23.29,600
20160115,22.96,22.96,22.96,22.96,412
20160120,22.83,22.83,22.83,22.83,618
20160122,23.27,23.27,23.27,23.27,129
20160126,23.32,23.32,23.32,23.32,779
20160204,23.32,23.32,23.32,23.32,103
20160205,23.8,24.61,23.8,23.85,35266
20160208,24.46,24.46,24.25,24.25,4555
20160209,24.45,24.45,24.45,24.45,2865
20160210,24.33,24.33,24.11,24.11,399
20160211,24.17,24.17,23.77,23.77,3263
20160212,23.87,23.87,23.86,23.86,4805
20160219,24.07,24.07,24.01,24.01,412
20160222,24.11,24.11,24.1,24.1,6061
20160225,24.18,24.22,24.13,24.21,19436
20160304,25.1,25.13,24.95,24.95,1442
20160311,25.14,25.14,25.14,25.14,110
20160318,25.14,25.15,25.14,25.15,412
20160322,25.13,25.13,25.12,25.12,206
20160407,23.12,23.61,23.12,23.44,1647
20160408,23.07,23.96,23.05,23.96,3295
20160413,24.53,24.53,24.44,24.46,1256
20160414,24.39,24.39,24.39,24.39,206
20160415,24.09,24.42,24.05,24.36,7412
20160418,24.11,24.37,24.11,24.21,4711
20160419,24.19,24.49,24.16,24.48,16059
20160421,24.39,24.71,24.39,24.68,8029
20160422,24.48,24.83,24.48,24.83,2882
20160425,24.48,25.09,24.48,24.58,9882
20160426,24.66,24.66,24.66,24.66,720
20160427,24.93,24.93,24.93,24.93,103
20160503,24.28,24.28,24.23,24.23,412
20160504,24.18,24.18,24.04,24.04,721
20160509,23.87,23.9,23.72,23.72,1339
20160510,23.66,23.85,23.66,23.82,3088
20160517,23.56,23.59,23.56,23.59,824
20160519,23.22,23.22,23.22,23.22,15439
20160526,23.47,23.96,23.47,23.96,5610
20160527,23.54,23.54,23.54,23.54,823
20160623,23.51,23.75,23.37,23.41,6719
20160624,23.12,23.8,22.9,22.9,11380
20160627,22.59,23.63,22.44,22.49,5142
20160628,22.41,22.5,22.4,22.49,5558
20160629,22.39,22.55,22.39,22.47,1544
20160630,22.39,22.85,21.56,22.35,15544
20160701,22.24,22.53,22.24,22.44,5969
20160705,22.15,22.26,22.07,22.26,927
20160706,22.01,22.15,21.98,22.08,5985
20160707,22.28,22.32,22.15,22.15,824
20160708,22.33,22.33,22.29,22.29,412
20160713,22.78,23.06,22.72,22.74,2472
20160714,22.89,22.89,22.89,22.89,206
20160715,22.69,23.22,22.69,23.12,8645
20160718,23.21,23.34,23.21,23.28,412
20160719,23.55,23.56,23.05,23.05,1545
20160720,23.03,23.03,22.93,22.93,1956
20160721,22.83,23.3,22.75,23.11,24085
20160722,22.87,23.57,22.8,23.07,8749
20160726,22.72,23.22,22.72,23.07,15853
20160727,22.77,23.12,22.77,23.09,9368
20160801,23.38,23.38,22.84,22.88,618
20160804,22.64,22.92,22.48,22.6,12248
20160805,22.53,22.9,22.52,22.8,8648
20160809,22.82,22.9,22.82,22.9,412
20160810,23.11,23.11,23.11,23.11,397
20160811,22.74,23.24,22.74,22.87,3908
20160815,22.82,23.22,22.82,23.07,4426
20160816,22.94,23.17,22.94,23.17,3293
20160818,22.98,23.24,22.97,23.06,5867
20160819,23.03,23.33,23.02,23.08,5558
20160822,23.03,23.21,23.03,23.03,7515
20160823,22.18,22.18,22.18,22.18,103
20160824,22.8,23.09,22.8,22.98,5250
20160825,22.86,22.9,22.86,22.86,412
20160826,22.83,23.13,22.83,22.84,8734
20160829,22.64,23.22,22.41,22.98,6588
20160830,22.88,23.74,22.88,23.06,7099
20160831,22.81,23.32,22.55,23.31,22748
20160901,23.06,23.32,23.06,23.28,4116
20160902,23.04,23.1,23.02,23.1,515
20160906,22.86,23.23,22.86,23.03,9572
20160907,22.73,23.06,22.73,23.06,721
20160912,23.01,23.01,23.01,23.01,103
20160913,22.99,23.32,22.99,23.28,7309
20160914,23.01,23.57,23.01,23.34,16572
20160915,23.16,23.22,23.16,23.22,412
20160916,23.03,23.37,23.03,23.19,7411
20160919,23.09,23.46,23,23.25,17087
20160920,23.22,23.32,23.17,23.17,10292
20160921,23.01,23.16,23.01,23.15,515
20160926,23.07,23.18,23.07,23.11,412
20160927,23.16,23.18,23.14,23.14,5456
20160928,23.03,23.37,22.98,23.26,11497
20160930,23.14,23.53,23.13,23.46,7824
20161003,23.11,23.57,23.11,23.55,3501
20161004,23.31,23.58,23.31,23.58,2264
20161005,23.4,24.01,23.4,23.98,618
20161006,23.52,24.17,23.52,24.03,764
20161010,23.81,24.17,23.81,24.11,927
20161012,24.08,24.08,24.08,24.08,412
20161013,23.98,23.98,23.93,23.93,515
20161014,23.8,23.99,23.8,23.99,1236
20161017,23.8,23.96,23.8,23.96,412
20161018,23.96,23.96,23.82,23.96,2296
20161021,23.9,24.09,23.9,24.08,1751
20161026,24.42,24.42,24.42,24.42,103
20161028,24.55,24.55,24.55,24.55,309
20161101,24.54,24.54,24.54,24.54,206
20161103,24.82,24.82,24.82,24.82,3113
20161104,24.74,24.74,24.72,24.72,3942
20161108,24.55,24.56,24.55,24.56,14924
20161110,25.57,25.65,25.37,25.62,15645
20161111,25.35,25.59,25.35,25.46,1015
20161115,26.12,26.15,25.97,26.15,5934
20161122,26.25,26.25,26.25,26.25,719
20161202,26.52,26.53,26.52,26.53,514
20161219,26.62,26.67,26.62,26.67,345
20170105,26.56,26.56,26.53,26.53,412
20170112,26.4,26.4,26.4,26.4,246
20170113,26.15,26.17,26.15,26.17,882
20170130,26.27,26.27,26.27,26.27,206
20170131,25.94,26.7,25.89,26.06,17007
20170201,25.89,26.38,25.89,26.22,8400
20170203,26.13,26.13,26.13,26.13,1029
20170210,25.9,25.9,25.9,25.9,4911
20170215,26.13,26.13,26.13,26.13,412
20170315,25.65,25.65,25.62,25.62,911
20170320,25.48,25.48,25.48,25.48,1451
20170321,25.32,25.32,25.32,25.32,103
20170327,25.33,25.33,25.33,25.33,2203
20170329,25.46,25.48,25.46,25.48,12762
20170331,25.68,25.68,25.68,25.68,4117
20170404,25.75,25.75,25.57,25.74,1893
20170406,25.26,25.38,25.26,25.38,618
20170410,25.26,25.48,25.26,25.48,927
20170417,24.6,24.6,24.6,24.6,103
20170424,25.84,25.84,25.84,25.84,206
20170427,24.67,24.75,24.67,24.75,845
20170503,24.74,24.78,24.74,24.77,977
20170531,24.05,24.05,24.05,24.05,16365
20170609,23.4,23.4,23.4,23.4,106
20170612,24.9,24.97,24.86,24.97,739
20170613,26.04,26.04,24.2,24.52,3764
20170614,24.91,25.08,24.77,24.87,3282
20170615,25.73,25.73,24.36,24.49,5127
20170616,25.2,25.2,23.62,24.48,3486
20170619,24.52,24.77,23.88,24.55,2985
20170620,24.89,24.89,24.68,24.71,1002
20170621,24.56,24.56,24.35,24.39,1441
20170622,24.72,24.76,24.44,24.67,1751
20170623,25.71,25.88,24.5,24.7,7186
20170626,24.68,24.68,24.68,24.68,704
20170627,24.44,24.68,24.26,24.63,5250
20170628,24.9,25.13,23.82,23.82,7099
20170629,24.95,25,24.75,25,5351
20170630,25.19,25.79,25.19,25.37,5146
20170703,24.67,25.12,24.54,25.12,5030
20170705,25.44,25.46,25.36,25.36,1132
20170706,25.31,25.6,25.22,25.25,4571
20170707,25.42,25.42,24.85,24.86,2161
20170710,25.37,25.51,24.53,25.41,7573
20170711,25.16,25.28,24.79,25.13,4410
20170712,25.27,26.01,25.27,25.39,4321
20170713,25.32,25.38,24.92,24.99,1647
20170714,24.95,25.02,24.95,25.02,3088
20170717,25.02,25.07,24.65,25.06,2779
20170718,25.1,25.1,24.88,24.96,1648
20170719,24.91,24.91,24.66,24.88,1390
20170720,24.87,25.12,24.82,25.1,2059
20170721,25.08,25.37,24.77,24.92,5764
20170724,24.87,25.05,24.87,25.05,29436
20170725,24.98,25.77,24.88,24.97,4529
20170726,24.79,25.09,24.49,24.49,4631
20170727,24.64,24.82,24.64,24.82,927
20170728,24.91,25.16,24.46,24.46,3088
20170731,24.87,24.87,24.45,24.75,7619
20170801,24.8,24.83,24.66,24.74,3191
20170802,24.98,25.25,24.56,24.89,8189
20170803,25.16,25.77,25.03,25.07,4228
20170804,25.07,25.07,24.97,24.98,1854
20170807,24.76,24.82,24.76,24.82,2779
20170808,24.78,24.82,24.78,24.79,515
20170809,24.75,24.8,24.57,24.8,3272
20170810,24.75,25.02,24.57,24.67,3193
20170811,24.87,25.43,24.8,24.8,5662
20170814,24.68,24.86,24.6,24.6,1751
20170815,24.64,24.64,24.63,24.63,927
20170816,24.59,24.87,24.35,24.8,3614
20170817,24.8,24.8,24.39,24.39,6281
20170818,24.4,24.5,24.22,24.47,19659
20170821,24.49,24.76,23.83,24.44,24392
20170822,24.46,24.49,24.13,24.21,12467
20170823,24.33,24.35,24.27,24.33,3006
20170824,24.4,24.99,23.93,24.4,11924
20170825,24.42,24.48,24.24,24.38,5354
20170828,24.44,24.44,24.39,24.44,1133
20170829,24.48,24.56,24.48,24.56,720
20170830,23.84,23.84,23.76,23.76,1091
20170831,24.56,24.61,24.42,24.59,4139
20170901,24.5,24.65,24.37,24.46,1544
20170908,23.76,24,23.65,23.91,5202
20170912,24.13,24.66,24.13,24.43,6690
20170913,24.49,24.53,24.29,24.39,3376
20170914,24.53,24.53,24.53,24.53,515
20170918,24.19,24.39,24.19,24.39,2883
20170919,24.31,24.39,24.18,24.39,4117
20170922,24.58,24.58,24.38,24.45,4736
20170925,24.44,24.44,24.44,24.44,618
20170926,24.56,24.61,24.56,24.58,877
20170927,24.68,24.68,24.68,24.68,412
20170928,24.29,24.33,24.29,24.33,214
20170929,24.3,24.78,24.3,24.68,1029
20171010,24.61,24.68,24.58,24.58,1544
20171019,24.16,24.29,24.13,24.24,2264
20171020,24.58,24.58,24.39,24.39,1235
20171023,24.58,24.58,24.58,24.58,515
20171024,25.01,25.35,24.53,25.35,515
20171025,24.58,24.9,24.4,24.83,1029
20171030,24.29,24.3,24.25,24.28,2557
20171031,24.24,24.24,24.08,24.23,927
20171101,24.24,24.5,24.24,24.26,1030
20171102,24.26,24.26,24.17,24.17,515
20171108,23.69,23.69,23.69,23.69,107
20171115,23.61,23.61,23.05,23.05,360
20171127,23.66,23.66,23.58,23.58,515
20171128,23.12,24.03,23.12,23.55,18811
20171129,23.32,24.47,23.32,23.92,7681
20171130,23.95,24.54,23.7,23.71,6708
20171201,23.71,24.41,23.69,23.74,486
20171204,24.14,24.29,24.14,24.29,407
20171205,24.53,24.53,24.53,24.53,309
20171207,24.22,24.22,23.9,23.9,927
20171208,23.66,23.95,23.66,23.91,1759
20171211,24.29,24.29,24.29,24.29,103
20171212,24.63,25.07,24.33,24.55,1751
20171213,24.1,24.1,24,24,206
20171214,24.08,24.17,24.01,24.01,720
20171215,24.53,24.53,24.53,24.53,309
20171218,23.8,24,23.77,24,1029
20171220,24.58,25.26,24.39,25.19,23231
20171226,24.68,24.68,24.68,24.68,206
20171228,26.36,26.36,25.66,25.66,4652
20171229,26.08,26.08,25.26,25.34,2883
20180104,25.1,25.1,25.1,25.1,1029
20180108,25.55,25.9,25.55,25.9,618
20180109,25.7,25.7,25.65,25.7,1029
20180116,26.09,26.09,25.02,25.31,16970
20180117,26.04,26.04,25.75,25.75,309
20180122,25.87,25.95,25.65,25.95,1024
20180125,26.08,26.08,25.26,25.26,382
20180126,25.63,25.63,25.63,25.63,103
20180129,25.65,25.65,25.22,25.22,412
20180201,25.64,25.64,25.64,25.64,103
20180205,25.02,25.35,24.4,25.32,3650
20180206,25.46,25.46,25.46,25.46,463
20180207,25.36,25.36,25.26,25.26,927
20180213,24.95,24.95,24.95,24.95,1021
20180214,25.07,25.07,24.92,24.93,3250
20180220,24.29,25.32,24.28,24.97,5506
20180315,24.53,24.53,24.53,24.53,916
20180316,24.4,24.4,24.4,24.4,103
20180320,24.29,24.29,24.29,24.29,1235
20180321,24.04,24.04,24.04,24.04,106
20180322,24.1,24.1,24.1,24.1,268
20180323,23.62,23.87,23.62,23.87,388
20180326,23.64,23.64,23.64,23.64,956
20180406,23.93,23.93,23.93,23.93,2316
20180412,24.53,24.53,24.53,24.53,105
20180427,24.16,24.16,24.16,24.16,103
20180509,23.4,23.41,23.4,23.41,527
20180515,23.64,23.64,23.64,23.64,618
20180516,23.98,23.98,23.98,23.98,17292
20180517,23.5,23.5,23.5,23.5,309
20180521,24.03,24.04,23.42,23.54,907
20180622,22.92,22.92,22.78,22.78,824
20180627,22.68,22.97,22.67,22.74,1338
20180702,23.23,23.23,23.23,23.23,10702
20180706,23.21,23.22,23.21,23.21,6269
20180711,22.76,22.76,22.76,22.76,16540
20180717,22.69,22.69,22.69,22.69,8569
20180904,22.24,22.24,22.24,22.24,669
20180913,22.07,22.07,22.07,22.07,772
20180918,21.88,22.08,21.88,22.08,484
20180921,22.15,22.42,22.15,22.42,607
20180924,22.3,22.3,22.3,22.3,103
20181001,21.98,21.98,21.81,21.86,13358
20181002,22.02,22.02,21.8,21.92,4898
20181016,23.34,23.61,23.31,23.31,3088
20181023,22.13,22.13,22.13,22.13,103
20181026,21.96,21.96,21.36,21.58,618
20181031,21.47,21.47,21.38,21.38,412
20181101,21.13,21.6,21.13,21.6,1143
20181105,21.33,21.94,21.33,21.92,4223
20181106,22.03,22.03,22.03,22.03,309
20181116,21.98,21.98,21.98,21.98,268
20181119,22.19,22.19,22.19,22.19,103
20181126,22.53,22.53,22.53,22.53,335
20181128,22.28,22.28,22.08,22.08,352
20181204,21.36,21.36,21.36,21.36,103
20181210,21.36,21.36,21.36,21.36,30
20181211,21.36,21.36,21.36,21.36,30
20181212,21.36,21.36,21.36,21.36,30
20181213,21.36,21.36,21.36,21.36,30
20181214,21.36,21.36,21.36,21.36,30
20181217,21.36,21.36,21.36,21.36,134
20181218,21.15,21.15,21.15,21.15,368
20181219,21.53,21.53,21.53,21.53,30
20181220,21.34,21.34,21.34,21.34,133
20181221,21.42,21.42,21.42,21.42,30
20181224,21.65,21.65,21.65,21.65,361
20181226,21.18,21.23,21.03,21.23,6786
20181227,21.37,21.37,21.37,21.37,30
20181228,21.26,21.37,21.26,21.37,357
20181231,20.67,21.03,20.67,21.03,262
20190102,21.46,21.46,21.33,21.33,438
20190103,21.3,21.3,21.3,21.3,357
20190104,21.74,21.74,21.32,21.32,540
20190107,21.36,21.36,21.31,21.31,438
20190108,21.47,21.47,21.36,21.36,642
20190109,21.41,21.41,21.34,21.34,1050
20190110,21.49,21.49,21.49,21.49,30
20190111,21.49,21.49,21.49,21.49,30
20190114,21.49,21.49,21.49,21.49,30
20190115,21.49,21.49,21.49,21.49,30
20190116,21.63,21.63,21.63,21.63,145
20190117,21.59,21.59,21.59,21.59,30
20190118,21.59,21.59,21.59,21.59,30
20190122,21.59,21.59,21.59,21.59,30
20190123,21.59,21.59,21.59,21.59,30
20190124,21.48,21.48,21.48,21.48,30
20190125,21.47,21.47,21.47,21.47,480
20190128,21.66,21.66,21.66,21.66,30
20190129,21.83,21.83,21.83,21.83,30
20190130,21.88,21.88,21.88,21.88,30
20190131,21.61,21.61,21.61,21.61,30
20190201,21.39,21.39,21.39,21.39,336
20190204,21.42,21.42,21.42,21.42,30
20190205,21.44,21.44,21.44,21.44,30
20190206,21.54,21.54,21.54,21.54,30
20190207,21.47,21.47,21.47,21.47,30
20190208,21.06,21.06,21.06,21.06,30
20190211,21.06,21.06,21.06,21.06,30
20190212,21.08,21.08,21.08,21.08,30
20190213,21.47,21.47,21.47,21.47,30
20190214,21.51,21.51,21.51,21.51,30
20190215,21.5,21.5,21.5,21.5,30
20190219,21.46,21.46,21.46,21.46,30
20190220,21.65,21.65,21.65,21.65,30
20190221,21.72,21.72,21.72,21.72,30
20190222,21.4,21.4,21.4,21.4,30
20190225,21.53,21.53,21.53,21.53,30
20190226,21.54,21.54,21.51,21.51,10242
20190227,21.3,21.3,21.3,21.3,30
20190228,21.15,21.15,21.15,21.15,30
20190301,21.27,21.27,21.27,21.27,30
20190304,21.65,22.05,21.65,22.05,4195
20190305,21.45,21.52,21.45,21.52,1051
20190306,21.18,21.18,21.18,21.18,30
20190307,21.09,21.09,21.09,21.09,30
20190308,21.05,21.05,21.05,21.05,30
20190311,21.04,21.04,21.04,21.04,30
20190312,20.99,20.99,20.99,20.99,30
20190313,20.97,20.97,20.97,20.97,30
20190314,20.97,20.97,20.97,20.97,30
20190315,20.94,20.94,20.94,20.94,30
20190318,20.98,20.98,20.98,20.98,30
20190319,21.02,21.02,21.02,21.02,30
20190320,20.81,20.81,20.81,20.81,30
20190321,20.72,20.72,20.72,20.72,30
20190322,20.67,20.67,20.67,20.67,30
20190325,20.7,20.7,20.7,20.7,30
20190326,20.7,20.7,20.7,20.7,30
20190327,20.69,20.69,20.69,20.69,30
20190328,20.75,20.75,20.75,20.75,30
20190329,20.68,20.68,20.68,20.68,30
20190401,20.67,20.67,20.67,20.67,336
20190402,20.69,20.69,20.69,20.69,30
20190403,20.73,20.73,20.73,20.73,234
20190404,21.07,21.07,21.07,21.07,30
20190405,21.01,21.01,21.01,21.01,30
20190408,21.03,21.03,21.03,21.03,30
20190409,20.92,20.92,20.92,20.92,30
20190410,20.81,20.81,20.81,20.81,30
20190411,20.94,20.94,20.94,20.94,30
20190412,20.97,20.97,20.97,20.97,30
20190415,20.94,20.94,20.94,20.94,153
20190416,20.94,20.94,20.94,20.94,30
20190417,21.06,21.06,21.06,21.06,132
20190418,21.22,21.22,21.22,21.22,527
20190422,20.99,20.99,20.99,20.99,30
20190423,20.93,20.93,20.93,20.93,30
20190424,20.92,20.92,20.92,20.92,30
20190425,20.83,20.83,20.83,20.83,30
20190426,20.8,20.8,20.8,20.8,30
20190429,20.81,20.81,20.81,20.81,30
20190430,20.79,20.79,20.79,20.79,30
20190501,20.93,20.93,20.93,20.93,30
20190502,20.7,20.7,20.7,20.7,30
20190503,20.92,20.92,20.92,20.92,30
20190506,20.71,20.71,20.71,20.71,30
20190507,20.71,20.71,20.71,20.71,30
20190508,20.59,20.59,20.59,20.59,30
20190509,20.66,20.66,20.66,20.66,30
20190510,20.57,20.57,20.57,20.57,30
20190513,20.52,20.52,20.52,20.52,30
20190514,20.43,20.43,20.43,20.43,30
20190515,20.37,20.37,20.37,20.37,30
20190516,20.19,20.19,20.19,20.19,30
20190517,20.12,20.12,20.12,20.12,30
20190520,20.12,20.12,20.12,20.12,30
20190521,20.1,20.1,20.1,20.1,30
20190522,19.939,19.939,19.939,19.939,30
20190523,19.909,19.909,19.909,19.909,30
20190524,19.851,19.851,19.851,19.851,30
20190528,19.733,19.733,19.733,19.733,30
20190529,19.753,19.753,19.753,19.753,30
20190530,19.625,19.625,19.625,19.625,30
20190531,19.42,19.42,19.42,19.42,30
20190603,19.576,19.576,19.576,19.576,30
20190604,19.851,19.851,19.851,19.851,30
20190605,19.527,19.527,19.527,19.527,30
20190606,19.341,19.341,19.341,19.341,30
20190607,19.361,19.361,19.361,19.361,30
20190610,19.292,19.292,19.292,19.292,30
20190611,19.567,19.567,19.567,19.567,30
20190612,19.351,19.351,19.351,19.351,30
20190613,19.332,19.332,19.332,19.332,30
20190614,19.234,19.234,19.234,19.234,30
20190617,19.224,19.224,19.224,19.224,30
20190618,19.42,19.42,19.356,19.42,2276
20190619,19.4,19.498,19.4,19.498,642
20190620,19.292,19.292,19.292,19.292,30
20190621,19.332,19.332,19.332,19.332,30
20190624,19.557,19.557,19.557,19.557,30
20190625,19.537,19.537,19.537,19.537,30
20190626,19.753,19.753,19.753,19.753,30
20190627,19.782,19.782,19.782,19.782,30
20190628,19.792,19.792,19.792,19.792,30
20190701,19.841,19.841,19.841,19.841,30
20190702,19.694,19.694,19.694,19.694,30
20190703,19.606,19.606,19.606,19.606,30
20190705,19.616,19.616,19.616,19.616,30
20190708,19.674,19.674,19.674,19.674,30
20190709,19.429,19.429,19.429,19.429,30
20190710,19.351,19.351,19.351,19.351,30
20190711,19.263,19.263,19.263,19.263,132
20190712,19.429,19.429,19.429,19.429,30
20190715,19.302,19.302,19.302,19.302,30
20190716,19.429,19.429,19.429,19.429,30
20190717,19.253,19.253,19.253,19.253,30
20190718,19.243,19.243,19.243,19.243,30
20190719,19.405,19.405,19.405,19.405,234
20190722,19.106,19.106,19.097,19.097,1868
20190723,19.097,19.341,19.097,19.259,18854
20190724,19.498,19.508,19.498,19.508,336
20190725,19.537,19.537,19.537,19.537,132
20190726,19.537,19.537,19.537,19.537,30
20190729,19.508,19.508,19.508,19.508,30
20190730,18.979,19.052,18.979,19.052,403
20190731,19.567,19.567,19.567,19.567,30
20190801,19.322,19.322,19.322,19.322,30
20190802,19.292,19.292,19.292,19.292,30
20190805,19.126,19.126,19.126,19.126,1255
20190806,19.126,19.126,18.999,18.999,733
20190807,18.901,18.901,18.901,18.901,30
20190808,19.008,19.008,19.008,19.008,30
20190809,18.871,18.871,18.871,18.871,30
20190812,18.871,18.871,18.871,18.871,10
20190813,18.793,18.793,18.793,18.793,30
20190814,18.744,18.813,18.715,18.754,1051
20190815,18.529,18.529,18.529,18.529,30
20190816,18.47,18.47,18.47,18.47,30
20190819,18.675,18.675,18.675,18.675,30
20190820,18.636,18.636,18.636,18.636,30
20190821,18.577,18.577,18.577,18.577,30
20190822,18.597,18.597,18.597,18.597,30
20190823,18.489,18.489,18.489,18.489,30
20190826,18.489,18.489,18.489,18.489,30
20190827,18.293,18.293,18.293,18.293,30
20190828,18.254,18.254,18.254,18.254,30
20190829,18.45,18.45,18.45,18.45,30
20190830,18.538,18.538,18.538,18.538,30
20190903,18.46,18.46,18.46,18.46,30
20190904,18.656,18.656,18.656,18.656,30
20190905,18.93,18.93,18.93,18.93,30
20190906,18.94,18.94,18.94,18.94,30
20190909,19.606,19.606,19.606,19.606,30
20190910,20.15,20.15,20.15,20.15,30
20190911,20.2,20.2,20.2,20.2,30
20190912,20.18,20.18,20.18,20.18,438
20190913,20.3,20.3,20.3,20.3,30
20190916,20.29,20.29,20.29,20.29,30
20190917,20.01,20.01,19.98,19.98,1357
20190918,19.978,19.978,19.978,19.978,30
20190919,19.743,19.743,19.684,19.684,541
20190920,19.567,19.782,19.567,19.782,1153
20190923,19.939,19.939,19.939,19.939,30
20190924,19.782,19.782,19.782,19.782,30
20190925,19.997,19.997,19.997,19.997,30
20190926,19.802,19.802,19.802,19.802,30
20190927,19.939,19.939,19.939,19.939,308
20190930,20.09,20.09,20.09,20.09,30
20191001,20.11,20.11,20.11,20.11,30
20191002,19.831,19.831,19.831,19.831,30
20191003,19.723,19.723,19.723,19.723,30
20191004,19.518,19.518,19.518,19.518,30
20191007,19.567,19.567,19.567,19.567,30
20191008,19.478,19.478,19.478,19.478,30
20191009,19.508,19.508,19.508,19.508,30
20191010,19.518,19.518,19.518,19.518,30
20191011,19.713,19.713,19.713,19.713,30
20191014,19.635,19.635,19.635,19.635,30
20191015,19.811,19.811,19.811,19.811,30
20191016,20.01,20.01,20.01,20.01,154
20191017,19.988,19.988,19.988,19.988,30
20191018,20.01,20.01,20.01,20.01,30
20191021,20.06,20.06,20.06,20.06,30
20191022,20.2,20.22,20.2,20.22,336
20191023,20.45,20.45,20.45,20.45,30
20191024,20.51,20.51,20.51,20.51,30
20191025,20.45,20.45,20.45,20.45,30
20191028,20.7,20.7,20.7,20.7,30
20191029,20.69,20.69,20.69,20.69,30
20191030,20.78,20.78,20.78,20.78,862
20191031,20.4,20.4,20.4,20.4,30
20191101,20.55,20.55,20.55,20.55,30
20191104,21.02,21.02,21.02,21.02,30
20191105,21.22,21.22,21.22,21.22,30
20191106,21.21,21.21,21.21,21.21,30
20191107,21.3,21.3,21.3,21.3,30
20191108,21.21,21.21,21.21,21.21,30
20191111,21.23,21.23,21.23,21.23,30
20191112,21.18,21.18,21.18,21.18,30
20191113,21.06,21.06,21.06,21.06,30
20191114,21,21,21,21,30
20191115,21.04,21.04,21.04,21.04,30
20191118,20.86,20.86,20.86,20.86,30
20191119,20.7,20.7,20.7,20.7,180
20191120,20.52,20.52,20.52,20.52,30
20191121,20.39,20.39,20.39,20.39,30
20191122,20.55,20.55,20.55,20.55,30
20191125,20.49,20.49,20.49,20.49,700
20191126,20.58,20.58,20.58,20.58,30
20191127,20.48,20.48,20.48,20.48,30
20191129,20.48,20.48,20.48,20.48,30
20191202,20.25,20.73,20.21,20.65,17324
20191203,20.46,20.46,20.46,20.46,316
20191204,20.55,20.55,20.55,20.55,312
20191205,20.48,20.48,20.48,20.48,30
20191206,20.65,20.65,20.65,20.65,30
20191209,20.66,20.66,20.66,20.66,30
20191210,20.69,20.69,20.69,20.69,30
20191211,20.68,20.68,20.68,20.68,30
20191212,20.9,20.9,20.9,20.9,30
20191213,20.93,20.93,20.93,20.93,30
20191216,20.79,20.79,20.79,20.79,30
20191217,20.87,20.87,20.87,20.87,30
20191218,21.05,21.05,21.05,21.05,30
20191219,20.94,20.94,20.94,20.94,30
20191220,20.7,20.7,20.7,20.7,234
20191223,21.02,21.02,21.02,21.02,30
20191224,21,21,21,21,30
20191226,20.97,20.97,20.97,20.97,30
20191227,20.92,20.92,20.92,20.92,30
20191230,21.1,21.1,21.1,21.1,1030
20191231,20.8747,20.8747,20.8747,20.8747,655
20200102,20.955,20.955,20.955,20.955,30
20200103,20.73,20.73,20.73,20.73,30
20200113,20.383,20.383,20.383,20.383,123
20200203,19.31,19.31,19.31,19.31,300
20200207,19.8465,19.8465,19.2642,19.2642,18369
20200213,19.36,19.36,19.27,19.27,700
20200214,19.17,19.17,19.17,19.17,400
20200225,18.67,18.67,18.67,18.67,400
20200226,18.3312,18.395,18.2401,18.395,2250
20200228,18.07,19.13,17.4273,18.6,27000
20200303,17.9447,18.7344,17.7551,18.3527,15100
20200305,17.63,17.6803,17.3116,17.49,11792
20200309,17.3503,17.3503,17.3,17.3,1208
20200311,17.08,17.708,16.7,17.29,7520
20200312,17.17,17.22,17.08,17.22,996
20200316,16.6,16.6,16.6,16.6,113
20200324,16.62,16.62,16.62,16.62,100
20200326,16.28,16.4203,16.05,16.42,4101
20200327,16.18,17.526,15.91,16.5,8684
20200331,16.0592,16.441,15.934,16.27,5791
20200407,16.29,16.29,16.29,16.29,100
20200413,16.1202,16.1202,16.1202,16.1202,225
20200427,15.3015,15.3015,15.3015,15.3015,131
20200518,14.53,14.8,14.53,14.8,8340
20200519,14.6765,14.6765,14.6765,14.6765,1000
20200520,14.6874,14.6874,14.6874,14.6874,300
20200522,15,15,15,15,100
20200526,14.97,14.97,14.9,14.965,4118
20200527,15.64,15.8694,15.64,15.75,3050
20200528,15.2,15.2,15.19,15.19,300
20200529,15.03,15.03,14.77,14.77,200
20200605,16.46,16.49,16.46,16.49,200
20200608,16.44,16.44,16.4301,16.4301,200
20200609,16.49,16.49,16.46,16.46,400
20200610,17.49,17.49,15.75,15.75,1432
20200611,15.0785,15.0785,15.0785,15.0785,100
20200617,15.0839,15.0839,15.0839,15.0839,264
20200618,15,15,15,15,300
20200619,14.8214,14.8214,14.8214,14.8214,2200
20200625,14.5003,14.5003,14.5003,14.5003,400
20200626,14.3,14.3002,14.3,14.3002,200
20200707,14.02,14.02,13.7702,13.7702,1100
20200710,13.64,13.73,13.5923,13.73,2535
20200713,14.15,14.15,14.15,14.15,100
20200720,14.12,14.12,14.12,14.12,600
20200723,14.41,14.4198,14.41,14.4198,624
20200730,14.04,14.04,14.04,14.04,138
20200806,14.06,14.06,14.05,14.05,200
20200810,13.47,14.6,13.47,14.6,1023
20200811,14.9399,14.94,14.9399,14.94,479
20200817,14.76,14.76,14.76,14.76,100
20200824,14.29,14.29,14.29,14.29,200
20200825,14.54,14.54,14.54,14.54,200
20200826,15.4,15.4,14.24,14.24,1410
20200827,14.05,14.11,14,14.09,1585
20200831,14.11,14.11,14.11,14.11,600
20200901,13.43,13.95,13.28,13.87,8012
20200902,13.74,14.06,13.147,14.06,7242
20200903,13.6999,14.27,13.226,14.27,19988
20200904,13.625,14.44,13.625,14.41,5402
20200908,14.75,14.75,14.42,14.42,1757
20200909,14.01,14.1938,14.01,14.15,2194
20200910,14.2,14.36,14.14,14.34,7082
20200911,13.615,14.1835,13.615,14.1835,1702
20200914,13.625,14.1812,13.625,14.1603,2298
20200915,14.29,14.29,14.01,14.07,2500
20200917,13.45,14.827,13.269,14.485,16799
20200918,14.25,14.47,13.35,14.16,17999
20200921,13.9,14.08,13.74,13.74,13128
20200923,13.83,13.83,13.53,13.53,1100
20200924,12.9,13.6422,12.9,13.51,9011
20200925,13.1,13.74,12.17,13.54,14475
20200928,12.84,13.72,12.84,13.68,7580
20200929,13.05,13.6,12.94,13.38,10504
20200930,13.15,13.58,13.15,13.37,2000
20201001,12.84,13.38,12.84,13.34,4100
20201005,13.81,13.85,13.81,13.85,200
20201007,13.4,14.24,12.81,13.98,10392
20201008,13.48,13.888,12.992,13.77,13618
20201009,13.5,14.26,13.071,13.78,30574
20201012,13.6,13.67,13.6,13.64,2000
20201013,13.68,13.68,13.68,13.68,100
20201014,13.38,13.81,12.685,13.53,8391
20201015,13.76,13.76,13.76,13.76,100
20201016,13.036,13.75,13.036,13.5869,9904
20201019,13.55,13.7251,13.17,13.7251,7208
20201020,13.45,13.62,13.39,13.6099,3056
20201026,13.8479,13.8479,13.8479,13.8479,507
20201027,13.5,13.62,13.36,13.6,1096
20201028,13.53,13.53,13.53,13.53,100
20201030,13.39,13.65,13.37,13.56,3501
20201102,13.55,13.8,13.55,13.79,4018
20201103,14.2699,14.2699,14.205,14.205,552
20201105,13.52,13.57,13.39,13.53,1400
20201109,14.175,14.3,14.11,14.3,1344
20201110,14.9699,14.9699,14.9699,14.9699,172
20201111,15.01,15.01,15,15,480
20201201,14.7899,15.687,14.6463,15.0524,11880
20201203,14.94,14.9421,14.94,14.9401,424
20201208,15.05,15.05,15.05,15.05,200
20201211,14.85,15,14.85,15,4001
