Date,Open,High,Low,Close,Volume
20140430,17.615,17.615,17.615,17.615,284
20140501,17.713,17.77,17.713,17.727,2839
20140502,17.72,17.72,17.72,17.72,142
20140505,17.615,17.615,17.572,17.572,1136
20140506,17.713,17.713,17.713,17.713,1419
20140507,17.636,17.636,17.438,17.509,5977
20140508,17.615,17.615,17.481,17.502,3826
20140509,17.474,17.481,17.431,17.467,3644
20140512,17.558,17.699,17.438,17.622,71403
20140513,17.777,17.777,17.65,17.688,8511
20140514,18.087,18.087,17.748,17.756,73797
20140515,17.685,17.685,17.53,17.586,13886
20140516,17.657,17.791,17.657,17.791,1562
20140519,17.699,17.699,17.609,17.622,487
20140520,17.565,17.565,17.565,17.565,142
20140521,17.77,17.77,17.77,17.77,142
20140522,17.981,17.981,17.847,17.883,2764
20140523,17.981,17.981,17.981,17.981,142
20140527,18.115,18.115,17.812,17.84,8328
20140528,18.073,18.073,17.939,17.939,7814
20140529,17.974,17.981,17.918,17.918,7242
20140530,18.122,18.122,17.918,17.946,8927
20140602,18.101,18.108,18.08,18.101,2725
20140603,18.002,18.066,17.988,18.03,8235
20140604,17.939,17.939,17.692,17.847,7810
20140605,18.02,18.087,18.016,18.016,9013
20140609,18.087,18.092,18.087,18.092,426
20140610,18.235,18.291,18.235,18.29,1810
20140612,18.192,18.192,18.143,18.143,1088
20140613,18.376,18.383,18.34,18.369,6958
20140616,18.397,18.397,18.34,18.354,5112
20140617,18.319,18.34,18.319,18.34,1100
20140618,18.268,18.404,18.249,18.404,2385
20140619,18.143,18.156,18.116,18.116,852
20140620,18.164,18.164,18.15,18.15,852
20140623,18.044,18.073,18.044,18.073,7083
20140624,18.157,18.235,18.143,18.178,5110
20140625,18.15,18.15,18.15,18.15,142
20140626,18.383,18.383,18.312,18.34,2555
20140627,18.354,18.354,18.354,18.354,227
20140630,18.481,18.488,18.474,18.474,3265
20140701,18.559,18.608,18.559,18.608,3549
20140702,18.722,18.722,18.718,18.718,852
20140703,18.791,18.798,18.791,18.798,3832
20140707,18.784,18.784,18.784,18.784,710
20140708,18.735,18.735,18.707,18.707,2611
20140709,18.538,18.601,18.538,18.594,1853
20140710,18.453,18.453,18.432,18.446,1324
20140711,18.538,18.629,18.538,18.611,2799
20140714,18.841,18.841,18.826,18.826,1610
20140715,18.798,18.798,18.798,18.798,1136
20140716,18.925,18.925,18.883,18.883,3832
20140717,18.728,18.736,18.629,18.643,5748
20140718,18.805,18.826,18.805,18.826,2271
20140721,18.798,18.798,18.798,18.798,426
20140722,19.144,19.144,19.144,19.144,2129
20140723,19.245,19.249,19.235,19.235,7096
20140724,19.489,19.559,19.489,19.531,1676
20140725,19.468,19.721,19.468,19.7,3730
20140728,20.32,20.32,19.989,20.12,6669
20140729,20.17,20.25,20.17,20.23,10501
20140730,20.36,20.36,20.02,20.05,11213
20140731,20.06,20.06,20.02,20.04,5786
20140801,20.01,20.01,20.01,20.01,284
20140804,20.25,20.34,20.23,20.34,4401
20140805,20.19,20.23,20.17,20.17,5996
20140806,20.12,20.14,20.05,20.07,8028
20140807,20.05,20.05,19.926,19.926,497
20140808,20.16,20.21,20.16,20.21,390
20140811,20.4,20.5,20.39,20.5,8248
20140812,20.43,20.52,20.39,20.51,22566
20140813,20.56,20.56,20.56,20.56,600
20140814,20.39,20.4,20.38,20.38,4542
20140815,20.72,20.72,20.45,20.49,4058
20140818,20.72,20.72,20.63,20.65,742
20140819,20.77,20.77,20.65,20.69,2995
20140820,20.71,20.71,20.6,20.6,8851
20140821,20.67,20.67,20.4,20.4,1537
20140825,20.4,20.4,20.4,20.4,142
20140826,20.33,20.33,20.33,20.33,142
20140827,20.29,20.3,20.27,20.29,2847
20140828,20.03,20.03,19.996,19.996,1019
20140829,20.21,20.21,20.2,20.2,1136
20140902,20.52,20.53,20.52,20.53,923
20140903,20.99,21.14,20.95,20.95,1001
20140904,21.07,21.07,21.07,21.07,312
20140908,21.07,21.07,21.07,21.07,14
20140909,21.11,21.11,21,21,710
20140910,20.82,20.82,20.76,20.76,1118
20140911,20.81,20.81,20.78,20.78,396
20140912,20.79,20.79,20.76,20.76,710
20140915,20.64,20.64,20.56,20.57,4765
20140916,20.22,20.63,20.22,20.57,3406
20140917,20.52,20.54,20.52,20.54,2271
20140918,20.55,20.55,20.55,20.55,146
20140919,20.75,20.75,20.43,20.46,968
20140922,20.04,20.04,20.04,20.04,466
20140923,20.12,20.12,20.09,20.09,426
20140924,20.45,20.45,20.45,20.45,355
20140925,20.49,20.49,20.25,20.25,2303
20140926,20.19,20.36,20.19,20.36,1536
20140929,20.27,20.27,20.2,20.2,1110
20140930,20.28,20.28,20.27,20.27,1988
20141001,19.93,19.93,19.93,19.93,284
20141002,19.799,19.799,19.721,19.721,781
20141003,20.16,20.16,20.16,20.16,142
20141006,20.43,20.48,20.43,20.48,994
20141007,20.39,20.39,20.33,20.35,2129
20141008,20.37,20.37,20.37,20.37,284
20141009,20.44,20.44,20.28,20.29,5681
20141010,20.04,20.17,20.04,20.05,11119
20141013,20.21,20.26,20.19,20.26,2839
20141015,19.947,19.947,19.947,19.947,710
20141017,20.21,20.32,20.21,20.24,22377
20141020,20.2,20.31,20.2,20.26,22619
20141021,20.24,20.33,20.24,20.33,284
20141023,20.15,20.18,20.14,20.14,774
20141024,20.24,20.24,20.08,20.17,1988
20141027,20.04,20.04,19.855,19.919,4407
20141028,20.48,20.5,20.33,20.5,14106
20141029,20.55,20.6,20.54,20.58,3832
20141031,20.98,20.98,20.98,20.98,568
20141103,21.06,21.06,20.86,20.88,1342
20141105,20.86,20.93,20.86,20.91,6265
20141107,20.81,20.83,20.81,20.83,1584
20141110,21.3,21.3,21.14,21.17,10377
20141111,21.13,21.13,21.09,21.1,1207
20141112,21.29,21.29,21.26,21.29,1703
20141113,21.3,21.3,21.3,21.3,710
20141114,21.75,21.75,21.68,21.68,639
20141117,21.22,21.26,21.21,21.26,3123
20141118,21.07,21.09,21.07,21.08,6529
20141119,21.07,21.07,20.94,20.94,575
20141120,21.09,21.09,20.96,20.96,1725
20141121,21.78,21.88,21.75,21.85,7976
20141124,22.1,22.1,21.91,22.03,8639
20141125,22.22,22.3,22.1,22.17,3191
20141126,22.71,22.91,22.34,22.34,4912
20141128,22.46,22.46,22.44,22.44,3548
20141201,22.05,22.05,21.78,21.78,2023
20141202,22.62,22.62,22.6,22.62,653
20141203,22.93,23.07,22.93,23.07,329
20141204,23.9,23.97,23.89,23.91,1881
20141205,24.13,24.13,23.99,24.11,22199
20141208,24.39,24.64,24.19,24.19,5104
20141209,23.03,23.25,22.55,22.96,14631
20141210,23.23,23.53,23.1,23.1,2512
20141211,23.42,23.71,23.42,23.65,5345
20141212,23.42,23.43,23.36,23.36,10587
20141215,23.33,23.57,23.13,23.27,5523
20141216,23.67,23.67,23.44,23.44,852
20141217,24.12,24.12,24.12,24.12,220
20141218,24.21,24.24,24.01,24.05,5558
20141219,24.29,24.29,24.22,24.22,2350
20141222,24.34,24.35,24.15,24.18,3889
20141223,24,24,23.53,23.56,5392
20141224,23.58,23.58,23.46,23.49,1689
20141226,24.2,24.65,24.2,24.57,1501
20141229,24.53,24.53,24.45,24.47,1666
20141230,24.33,24.51,24.33,24.43,3436
20141231,24.93,24.94,24.86,24.87,2370
20150102,24.88,24.88,24.87,24.87,558
20150105,24.88,25.17,24.88,25.1,1193
20150106,25.1,25.1,25.06,25.06,1612
20150107,25.44,25.44,25.31,25.34,1928
20150108,25.32,25.32,25.08,25.1,5297
20150109,24.93,25.05,24.93,25.05,2044
20150112,25.24,25.24,24.74,24.74,1322
20150113,25.21,25.21,24.74,24.87,6928
20150114,24.68,24.68,24.68,24.68,1613
20150115,25.07,25.21,25.07,25.18,13809
20150116,24.67,24.71,24.59,24.71,7821
20150120,24.45,24.45,24.18,24.2,17629
20150121,24.97,25.11,24.97,25.11,2020
20150122,25.3,25.44,25.28,25.44,1122
20150123,25.37,25.42,25.37,25.42,1543
20150126,25.53,25.53,25.53,25.53,161
20150127,25.27,25.27,25.04,25.14,4875
20150128,24.7,24.7,24.61,24.63,3460
20150129,24.55,24.62,24.47,24.61,1638
20150130,24.12,24.29,24.06,24.06,6420
20150202,24.14,24.14,24.14,24.14,1989
20150203,24.81,24.81,24.81,24.81,1683
20150204,25.3,25.31,25.14,25.14,2110
20150205,24.72,24.72,24.39,24.49,3539
20150206,23.9,23.9,23.9,23.9,1709
20150209,23.99,24,23.99,24,501
20150210,24.35,24.35,24.35,24.35,379
20150211,24.21,24.31,24.21,24.31,2113
20150212,24.49,24.65,24.49,24.62,2821
20150213,24.77,24.86,24.77,24.86,3427
20150217,25.15,25.15,24.95,25.04,2095
20150218,24.96,24.96,24.95,24.96,1067
20150219,24.95,24.95,24.9,24.9,2424
20150220,24.9,24.9,24.9,24.9,140
20150223,24.97,24.97,24.93,24.93,1088
20150224,25.27,25.27,25.05,25.24,2805
20150225,25.27,25.27,24.75,24.9,2918
20150226,25.3,25.35,25.3,25.33,2046
20150227,25.45,25.45,25.17,25.23,2257
20150302,25.38,25.42,25.38,25.42,1763
20150303,24.87,24.87,24.87,24.87,1541
20150304,24.73,24.73,24.72,24.73,2975
20150305,24.75,24.76,24.72,24.76,1094
20150306,24.62,24.62,24.44,24.45,2944
20150309,24.82,24.89,24.82,24.87,2999
20150310,24.55,24.55,24.49,24.49,494
20150312,25.09,25.13,25.02,25.02,17552
20150313,25.05,25.08,24.99,24.99,5964
20150316,25.64,25.82,25.64,25.79,3103
20150317,25.99,26.09,25.99,26.09,364
20150318,26.39,26.79,26.35,26.74,5010
20150319,26.66,26.67,26.6,26.67,3516
20150323,27.22,27.25,27.18,27.23,5571
20150324,27.1,27.16,27.06,27.16,3599
20150325,27.04,27.05,26.88,26.88,3030
20150326,26.88,26.88,26.88,26.88,421
20150327,27.21,27.28,27.17,27.28,1319
20150330,28.15,28.37,28.08,28.37,9543
20150331,27.75,27.8,27.75,27.78,889
20150401,28.33,28.39,28.33,28.36,860
20150402,28.41,28.41,28.41,28.41,140
20150406,29.06,29.11,29.06,29.11,841
20150407,29.33,29.37,29.24,29.37,5035
20150408,29.99,30.1,29.76,30,9041
20150409,30.01,30.03,29.8,29.99,3299
20150410,30.37,30.62,30.37,30.62,7288
20150413,31.01,31.18,30.83,30.83,18119
20150414,30.77,30.87,30.66,30.87,6621
20150415,30.54,30.54,30.39,30.48,3503
20150416,31.14,31.47,31.14,31.45,4439
20150417,29.96,30.07,29.9,30.06,8408
20150420,30.72,30.94,30.72,30.91,3175
20150421,32.03,32.03,31.62,31.62,7824
20150422,32.34,32.66,32.34,32.66,5772
20150423,32.15,32.3,32.14,32.25,5119
20150424,32.35,32.35,32.33,32.33,724
20150427,32.79,32.84,32.74,32.77,5398
20150428,32.7,32.7,32.38,32.56,26727
20150429,32.45,32.5,32.31,32.5,6368
20150430,32.22,32.22,32.11,32.12,1965
20150501,32.14,32.34,32.14,32.34,996
20150504,32.24,32.6,31.71,32.6,12389
20150505,31.93,31.93,31.28,31.31,3389
20150506,31.29,31.29,30.66,30.66,2559
20150507,30.26,30.48,30.26,30.48,5839
20150508,31.33,31.93,31.27,31.43,2297
20150511,31.8,31.94,31.76,31.85,32725
20150512,31.84,31.9,31.68,31.88,36422
20150513,31.85,31.85,31.69,31.71,22463
20150514,31.9,32.01,31.9,32,1909
20150515,31.68,31.78,31.68,31.74,3645
20150518,31.55,31.66,31.55,31.64,7490
20150519,32.75,32.75,32.45,32.58,50333
20150520,32.55,32.59,32.45,32.56,7821
20150521,33,33.12,33,33.12,7587
20150522,33.76,34.56,33.76,34.13,10451
20150526,35.65,36.27,34.72,34.8,15311
20150527,34.82,34.82,34.61,34.72,16942
20150528,32.47,33.04,32.47,33.04,19884
20150529,32.93,32.93,32.82,32.82,3739
20150601,34.01,34.14,34.01,34.14,4551
20150602,33.48,34.82,33.48,34.68,3123
20150603,34.39,34.58,34.39,34.46,14107
20150604,34.62,34.62,34.28,34.33,23481
20150605,34.34,34.39,34.33,34.33,12543
20150608,34.9,34.94,34.84,34.87,3057
20150609,35.29,35.29,34.16,34.31,12465
20150610,34.53,34.69,34.49,34.69,8557
20150611,34.91,35.02,34.89,34.95,4014
20150612,35.39,35.42,35.3,35.37,4394
20150615,34.63,34.63,34.22,34.25,4959
20150616,33.51,33.51,32.62,33.45,4918
20150617,33.79,33.96,32.34,33.96,5136
20150618,32.99,33.37,32.99,33.37,13027
20150619,31.73,31.96,31.37,31.86,17501
20150622,32.03,32.33,32.03,32.2,9444
20150623,32.75,32.8,32.72,32.8,3087
20150624,33.32,33.39,32.97,33.03,10484
20150625,32.37,32.37,31.91,31.96,4615
20150626,31.28,31.28,29.05,29.1,28280
20150629,28.93,29.17,28.8,28.82,9018
20150630,29.58,30.3,29.58,30.24,10827
20150701,29.58,29.58,29.22,29.34,3266
20150702,28.78,28.79,28.6,28.6,7776
20150706,28.03,28.03,27.26,27.27,29087
20150707,26.73,26.73,24.52,25.44,15999
20150708,24.95,24.95,23.28,23.33,14787
20150709,23.76,26.76,23.76,26.68,23327
20150710,28.43,28.77,28.06,28.65,12203
20150713,28.94,29.04,28.27,28.27,10767
20150714,27.88,27.99,27.81,27.82,20332
20150715,26.73,26.81,26.47,26.48,8546
20150716,27.01,27.76,27.01,27.73,6422
20150717,28.55,28.57,28.47,28.5,4069
20150720,28.13,28.22,28.08,28.14,5113
20150721,28.5,28.5,28.37,28.4,1968
20150722,28.33,28.51,28.33,28.48,2862
20150723,29.27,29.27,29,29,1683
20150724,28.5,28.62,28.31,28.32,4907
20150727,26.12,26.34,26.09,26.25,4467
20150728,26.5,26.65,26.38,26.64,3783
20150729,27.26,27.37,27.26,27.37,5916
20150730,26.64,26.74,26.64,26.73,5167
20150731,26.87,26.87,26.61,26.61,5041
20150803,26.26,26.3,26.18,26.24,7133
20150804,27.16,27.16,27.11,27.11,1824
20150805,26.89,26.97,26.89,26.97,1747
20150806,26.59,26.73,26.59,26.64,5329
20150807,27.06,27.12,27.05,27.12,3861
20150810,28.6,28.6,28.23,28.4,2665
20150811,27.46,27.53,27.28,27.53,6190
20150812,26.16,26.78,26.16,26.78,2249
20150813,27.21,27.31,27.18,27.2,5892
20150814,27.23,27.3,27.23,27.3,280
20150817,27.19,27.26,27.19,27.26,4930
20150818,25.77,25.87,25.65,25.65,8445
20150819,25.99,25.99,25.67,25.73,2525
20150820,25.17,25.17,24.84,24.89,1508
20150821,24.16,24.16,23.83,23.85,8486
20150824,23.53,23.53,21.03,21.03,5894
20150825,21.89,22.18,21.39,21.39,23189
20150826,20.85,21.43,20.62,21.43,3225
20150827,22.28,22.52,22.21,22.29,2525
20150828,22.66,22.77,22.64,22.74,3304
20150831,22.41,22.42,22.27,22.42,3962
20150901,21.44,21.54,21.03,21.17,2509
20150902,21.49,21.49,21.16,21.37,4680
20150903,21.83,21.83,21.59,21.59,701
20150904,21.16,21.16,20.8,20.8,1696
20150908,21.84,22.72,21.84,22.71,2569
20150909,22.52,22.52,22.38,22.38,1118
20150910,22.63,22.81,22.63,22.77,3660
20150911,22.58,22.58,22.58,22.58,281
20150914,21.81,21.94,21.81,21.89,1263
20150915,21.51,21.63,21.51,21.63,2105
20150916,22.73,22.94,22.73,22.94,561
20150917,22.3,22.49,22.25,22.36,7901
20150918,22.28,22.28,22.06,22.06,3786
20150921,22.76,22.79,22.64,22.66,8416
20150922,22.3,22.44,22.3,22.44,561
20150923,22.34,22.36,22.33,22.36,2945
20150924,22.1,22.28,22.1,22.28,2104
20150925,22.16,22.16,22.1,22.1,385
20150928,21.96,21.98,21.85,21.88,701
20150929,21.82,21.98,21.82,21.96,1999
20151002,22.74,22.74,22.74,22.74,421
20151005,23.48,23.55,23.46,23.51,2879
20151007,24.01,24.01,24,24.01,1964
20151008,23.61,23.61,23.45,23.45,1633
20151009,23.74,23.79,23.74,23.79,1613
20151012,24.3,24.35,24.3,24.3,1328
20151013,24.24,24.24,24.2,24.2,1470
20151014,24.03,24.03,24.03,24.03,150
20151015,24.82,24.82,24.82,24.82,281
20151016,24.95,25.13,24.95,25.13,15172
20151019,24.83,24.83,24.83,24.83,281
20151021,24.33,24.33,24.25,24.26,4059
20151022,24.94,24.94,24.92,24.92,2514
20151023,25.82,25.82,25.82,25.82,421
20151026,25.27,25.27,25.27,25.27,1725
20151027,25.12,25.21,25.09,25.12,5027
20151028,24.94,24.94,24.88,24.88,981
20151029,24.82,24.85,24.82,24.85,281
20151030,24.98,24.98,24.91,24.92,4239
20151103,24.81,24.81,24.81,24.81,243
20151104,25.7,25.74,25.67,25.67,7047
20151105,25.96,25.96,25.87,25.87,1241
20151106,25.88,26.14,25.88,26.14,5990
20151109,25.95,25.95,25.91,25.91,702
20151110,26.09,26.09,26.08,26.08,582
20151116,25.87,25.88,25.84,25.88,2244
20151117,25.84,25.84,25.84,25.84,281
20151118,25.54,25.84,25.54,25.84,719
20151120,26.36,26.39,26.36,26.38,1291
20151123,26.13,26.13,26.13,26.13,210
20151124,25.84,26.12,25.84,26.07,4612
20151125,26.29,26.29,26.28,26.28,894
20151127,24.93,25.12,24.91,24.91,3143
20151130,25.12,25.12,25.12,25.12,421
20151201,25.43,25.47,25.42,25.42,1066
20151202,25.71,25.72,25.71,25.71,1220
20151203,25.44,25.5,25.44,25.5,498
20151204,25.41,25.59,25.41,25.59,1270
20151207,25.42,25.42,25.42,25.42,421
20151209,25.12,25.12,25.12,25.12,281
20151211,24.29,24.29,24.11,24.11,1924
20151214,24.61,24.61,24.61,24.61,140
20151215,25.06,25.06,25.06,25.06,982
20151216,25.72,26.55,25.17,25.34,1598
20151217,25.44,25.44,25.34,25.34,738
20151221,25.76,25.85,25.76,25.85,1592
20151222,26,26.12,25.88,26.08,3308
20151223,26.06,26.06,26.06,26.06,1229
20151224,25.82,26.04,25.82,26.04,762
20151228,25.34,25.34,25.34,25.34,369
20151229,25.64,25.65,25.56,25.57,5287
20151230,25.38,25.38,25.36,25.36,246
20151231,25.23,25.28,25.22,25.22,888
20160104,23.56,23.56,23.48,23.49,1230
20160105,23.87,23.87,23.75,23.77,9552
20160106,23.59,23.59,23.53,23.53,1033
20160107,22.6,22.85,22.24,22.29,3992
20160108,22.5,22.55,22.13,22.13,1948
20160111,22.01,22.01,21.7,21.7,246
20160112,22.1,22.13,21.86,21.89,2322
20160114,21.86,21.88,21.86,21.88,448
20160115,20.7,20.7,20.42,20.68,26455
20160119,21.49,21.52,21.49,21.52,738
20160120,20.77,20.77,20.58,20.65,5216
20160121,20.71,21.03,20.71,21.03,629
20160122,21.26,21.31,21.26,21.31,1182
20160128,20.35,20.35,20.18,20.18,934
20160129,20.7,20.7,20.7,20.7,123
20160201,20.32,20.33,20.28,20.33,738
20160202,20.4,20.42,20.33,20.33,738
20160203,20.2,20.2,20.2,20.2,615
20160204,20.58,20.58,20.58,20.58,738
20160205,20.25,20.25,20.25,20.25,615
20160208,19.952,19.952,19.79,19.79,625
20160209,19.521,19.749,19.521,19.749,3924
20160210,19.984,19.984,19.984,19.984,140
20160212,19.757,19.757,19.757,19.757,246
20160216,20.84,21,20.84,21,1230
20160218,21.32,21.33,21.32,21.32,686
20160219,21.29,21.33,21.29,21.33,1011
20160222,21.9,21.93,21.9,21.93,590
20160223,21.59,21.59,21.32,21.33,15170
20160224,21.14,21.14,21.14,21.14,49203
20160225,20.52,20.69,20.52,20.69,4130
20160226,21.01,21.01,21.01,21.01,123
20160229,20.74,20.76,20.72,20.76,3042
20160301,21.14,21.16,21.14,21.16,798
20160302,21.66,21.66,21.66,21.66,123
20160304,22.03,22.23,22.03,22.15,1382
20160307,22.12,22.12,22.12,22.12,615
20160308,21.85,21.85,21.77,21.77,262
20160309,21.69,21.69,21.62,21.62,1177
20160314,22.05,22.11,22.04,22.11,1856
20160315,21.98,21.98,21.98,21.98,298
20160317,22.48,23.32,22.48,22.6,1168
20160318,23.05,23.05,23.05,23.05,246
20160322,23.05,23.05,23.05,23.05,492
20160323,22.83,22.83,22.78,22.78,1925
20160324,22.35,22.35,22.35,22.35,246
20160329,22.77,22.77,22.77,22.77,184
20160331,23.08,23.24,23.08,23.18,1362
20160401,23.02,23.1,23.02,23.1,352
20160404,23.16,23.18,23.16,23.18,615
20160406,22.86,23.14,22.86,23.14,1937
20160407,22.75,22.75,22.75,22.75,492
20160408,22.87,22.87,22.86,22.87,740
20160411,23.2,23.21,23.2,23.21,943
20160412,23.08,23.35,23.08,23.32,2295
20160413,23.82,23.94,23.82,23.9,1441
20160414,23.84,23.84,23.84,23.84,264
20160415,23.69,23.69,23.66,23.69,2041
20160418,23.72,23.72,23.7,23.7,1230
20160419,23.73,23.87,23.73,23.87,793
20160420,23.33,23.33,23.28,23.31,3622
20160421,23.18,23.19,23.17,23.18,1389
20160422,23.25,23.25,23.07,23.07,1353
20160425,22.98,22.98,22.96,22.96,369
20160426,23.07,23.15,23.07,23.1,883
20160427,23,23,23,23,123
20160429,22.77,22.82,22.71,22.71,2459
20160502,22.79,22.79,22.73,22.74,1503
20160503,22.77,22.77,22.77,22.77,323
20160504,22.56,22.6,22.49,22.49,1722
20160505,22.66,22.67,22.66,22.67,400
20160506,22.22,22.25,22.18,22.21,1503
20160509,21.91,21.91,21.72,21.73,1857
20160510,21.85,22.05,21.85,22.05,3812
20160511,21.9,21.92,21.86,21.86,2854
20160513,21.77,21.77,21.54,21.54,1107
20160518,21.67,21.83,21.67,21.83,580
20160520,21.87,21.88,21.86,21.86,2289
20160525,22.2,22.21,22.1,22.1,623
20160526,22.14,22.18,22.14,22.18,406
20160531,22.86,23.01,22.86,23.01,4304
20160601,22.55,22.77,22.55,22.74,971
20160602,22.84,22.84,22.84,22.84,123
20160603,22.9,22.98,22.9,22.98,1352
20160606,23.11,23.18,23.11,23.16,762
20160607,23.18,23.26,23.18,23.22,2742
20160608,23.11,23.12,23.11,23.12,246
20160609,22.95,23.01,22.93,23.01,1441
20160610,22.54,22.58,22.5,22.5,1094
20160613,22.12,22.12,21.99,21.99,1660
20160614,22.03,22.16,22.03,22.16,885
20160616,22.04,22.35,22.04,22.35,615
20160617,22.25,22.31,22.24,22.31,3811
20160622,22.87,22.88,22.79,22.79,566
20160624,22.29,22.29,22.16,22.16,132004
20160627,22.06,22.12,21.97,21.97,907
20160628,22.49,22.49,22.49,22.49,203
20160629,22.86,22.86,22.86,22.86,409
20160630,23.08,23.08,23.08,23.08,123
20160701,23.11,23.13,23.11,23.13,1660
20160711,23.38,23.38,23.38,23.38,851
20160712,23.86,23.86,23.86,23.86,124
20160713,23.85,23.85,23.85,23.85,264
20160714,23.93,23.93,23.91,23.93,1222
20160715,23.93,23.93,23.86,23.86,738
20160718,23.83,23.83,23.83,23.83,123
20160719,23.66,23.66,23.65,23.65,246
20160720,23.88,23.89,23.87,23.89,406
20160721,23.95,23.95,23.95,23.95,234
20160725,23.82,23.82,23.82,23.82,123
20160727,23.85,23.85,23.78,23.78,369
20160729,23.67,23.77,23.67,23.77,1599
20160801,23.62,23.62,23.62,23.62,504
20160802,23.58,23.58,23.55,23.55,300
20160803,23.67,23.67,23.67,23.67,369
20160805,23.96,23.96,23.96,23.96,123
20160809,24.32,24.38,24.32,24.38,406
20160811,24.44,24.53,24.43,24.52,1107
20160812,24.83,24.83,24.83,24.83,123
20160816,25.41,25.43,25.41,25.43,738
20160817,25.27,25.27,25.16,25.18,1134
20160824,25,25,25,25,173
20160825,24.77,24.88,24.77,24.88,1375
20160831,25.02,25.02,24.92,24.97,1704
20160901,25.01,25.01,25,25,984
20160902,25.29,25.29,25.26,25.29,2214
20160906,25.77,25.77,25.77,25.77,615
20160909,25.53,25.53,25.28,25.34,17917
20160912,24.91,25.34,24.88,25.34,6228
20160913,25.05,25.05,25.05,25.05,246
20160914,25.07,25.07,24.95,24.95,369
20160915,25.17,25.32,25.17,25.32,18197
20160919,25.3,25.39,25.3,25.3,2951
20160920,25.34,25.34,25.27,25.29,1230
20160921,25.47,25.49,25.44,25.44,2733
20160922,25.82,25.86,25.8,25.86,2493
20160923,25.54,25.58,25.54,25.58,1722
20160926,25.09,25.1,25.04,25.04,3955
20160927,25.25,25.33,25.25,25.29,7115
20160928,25.3,25.43,25.24,25.32,1746
20160929,25.34,25.34,25.34,25.34,246
20160930,25.37,25.37,25.37,25.37,226
20161003,25.3,25.3,25.3,25.3,799
20161005,25.54,25.56,25.54,25.56,472
20161011,25.41,25.41,25.36,25.37,1082
20161013,24.88,25.04,24.88,25.04,1874
20161017,24.92,25.05,24.92,25.05,737
20161019,25.43,25.43,25.43,25.43,123
20161024,25.27,25.27,25.27,25.27,123
20161026,25.31,25.31,25.31,25.31,123
20161028,25.15,25.15,25.15,25.15,123
20161101,25.07,25.08,25.07,25.08,1721
20161103,24.85,24.85,24.83,24.83,323
20161108,24.96,25.28,24.96,25.28,676
20161109,24.91,24.97,24.84,24.86,1353
20161110,24.85,24.85,24.64,24.64,425
20161111,24.46,24.46,24.46,24.46,445
20161114,24.47,24.47,24.4,24.4,1195
20161115,24.62,24.64,24.62,24.64,246
20161116,24.51,24.51,24.51,24.51,123
20161121,24.71,24.71,24.71,24.71,530
20161122,24.94,24.94,24.91,24.91,1205
20161123,24.82,24.82,24.82,24.82,602
20161128,25.16,25.31,25.16,25.31,3329
20161130,25.37,25.37,25.36,25.36,246
20161201,25.38,25.39,25.32,25.34,1600
20161206,24.83,24.83,24.83,24.83,123
20161207,25.05,25.09,25.05,25.09,246
20161208,25,25,25,25,615
20161209,24.98,25.02,24.98,25.02,615
20161212,24.72,24.72,24.32,24.32,5618
20161213,24.54,24.56,24.54,24.56,855
20161214,24.37,24.37,24.37,24.37,123
20161215,23.7,23.96,23.7,23.96,689
20161216,23.88,23.88,23.79,23.79,369
20161219,23.69,23.8,23.69,23.8,944
20161220,23.73,23.75,23.73,23.75,630
20161221,23.84,23.84,23.78,23.78,2305
20161223,23.54,23.54,23.45,23.46,1159
20161227,23.66,23.66,23.5,23.58,3016
20161228,23.64,23.64,23.59,23.59,2097
20161229,23.84,23.84,23.82,23.83,4656
20161230,23.78,23.79,23.76,23.76,502
20170103,24.08,24.08,23.96,23.96,954
20170104,24.35,24.42,24.35,24.4,1102
20170105,24.68,24.75,24.68,24.75,1570
20170106,24.77,24.77,24.54,24.59,3910
20170109,24.61,24.62,24.61,24.62,220
20170110,24.82,24.93,24.8,24.93,1329
20170111,24.85,24.85,24.7,24.74,770
20170112,24.7,24.76,24.68,24.75,991
20170113,24.81,24.87,24.81,24.87,4397
20170117,24.84,24.88,24.82,24.82,1439
20170118,24.93,24.93,24.92,24.92,220
20170120,24.94,24.96,24.94,24.96,220
20170123,25.04,25.16,25.03,25.16,771
20170125,25.33,25.4,25.33,25.4,863
20170126,25.42,25.42,25.42,25.42,110
20170127,25.4,25.42,25.4,25.41,2645
20170130,25.29,25.36,25.29,25.36,7809
20170131,25.37,25.38,25.37,25.38,330
20170201,25.4,25.4,25.4,25.4,110
20170202,25.49,25.49,25.43,25.43,453
20170203,25.41,25.41,25.41,25.41,551
20170206,25.5,25.5,25.5,25.5,110
20170207,25.37,25.37,25.36,25.36,991
20170210,25.87,25.87,25.85,25.85,881
20170214,25.88,25.88,25.88,25.88,441
20170215,26.1,26.1,26.04,26.09,665
20170216,26.25,26.25,26.18,26.18,771
20170217,26.02,26.02,26.01,26.01,937
20170221,26.31,26.38,26.31,26.34,2671
20170222,26.52,26.54,26.52,26.54,254
20170223,26.68,26.68,26.54,26.54,1389
20170227,26.19,26.19,26.13,26.13,843
20170228,26.22,26.22,26.16,26.16,1234
20170301,26.27,26.27,26.27,26.27,110
20170302,26.06,26.06,25.89,25.9,882
20170307,26.08,26.08,26.08,26.08,331
20170308,26.08,26.08,26.08,26.08,140
20170313,26.16,26.16,26.16,26.16,390
20170314,26.16,26.21,26.14,26.15,21083
20170315,26.22,26.31,26.22,26.31,1101
20170317,26.57,26.57,26.57,26.57,110
20170320,26.57,26.57,26.57,26.57,11
20170321,26.65,26.65,26.57,26.57,9783
20170322,26.54,26.64,26.5,26.64,1321
20170324,26.88,26.88,26.78,26.78,661
20170329,26.63,26.64,26.63,26.64,715
20170331,26.41,26.41,26.41,26.41,220
20170403,26.54,26.54,26.54,26.54,110
20170406,26.76,26.76,26.74,26.74,646
20170407,26.74,26.82,26.74,26.82,540
20170410,26.67,26.67,26.67,26.67,110
20170412,26.63,26.68,26.63,26.68,330
20170413,26.68,26.68,26.68,26.68,176
20170417,26.67,26.67,26.67,26.67,133
20170418,26.36,26.36,26.31,26.31,561
20170419,26.32,26.34,26.32,26.33,992
20170421,26.46,26.48,26.46,26.48,484
20170425,26.7,26.74,26.7,26.73,578
20170428,26.8,26.8,26.8,26.8,814
20170502,26.83,26.83,26.83,26.83,1873
20170503,26.52,26.52,26.52,26.52,579
20170504,26.31,26.31,26.3,26.3,413
20170505,26.25,26.25,26.2,26.2,924
20170508,26.27,26.27,26.14,26.21,7419
20170509,26.51,26.51,26.47,26.49,1763
20170510,26.49,26.53,26.48,26.53,2870
20170511,26.64,26.64,26.44,26.44,1392
20170512,26.77,26.77,26.77,26.77,276
20170515,26.92,26.95,26.92,26.95,605
20170516,27.13,27.17,27.12,27.17,3711
20170517,26.93,26.93,26.93,26.93,1102
20170518,26.67,26.88,26.67,26.86,2114
20170519,27.1,27.15,27.1,27.11,2061
20170522,27.21,27.29,27.21,27.27,2245
20170523,27.31,27.31,27.19,27.19,3427
20170524,27.13,27.19,27.13,27.19,2754
20170525,27.79,27.79,27.54,27.68,14296
20170526,27.7,27.7,27.64,27.67,1321
20170530,27.6,27.72,27.6,27.71,1850
20170531,27.82,27.82,27.6,27.6,2909
20170601,27.77,27.81,27.77,27.81,441
20170602,27.78,27.78,27.78,27.78,110
20170605,27.74,27.74,27.74,27.74,215
20170606,27.81,27.98,27.81,27.98,5457
20170607,28.1,28.11,28.06,28.06,2158
20170608,28.43,28.53,28.41,28.53,1465
20170609,28.56,28.56,28.45,28.45,1320
20170612,28.04,28.22,28.04,28.08,6361
20170613,28.31,28.31,28.27,28.28,1965
20170614,28.28,28.28,28.18,28.2,5725
20170615,27.8,27.82,27.8,27.82,551
20170616,27.79,27.79,27.79,27.79,331
20170619,28.24,28.31,28.22,28.31,2006
20170620,28.22,28.22,28.11,28.11,1984
20170621,28.3,28.3,28.3,28.3,110
20170622,28.49,28.49,28.4,28.47,2403
20170623,28.56,28.58,28.52,28.58,1040
20170626,28.91,28.91,28.76,28.87,3650
20170627,28.81,28.81,28.71,28.71,1812
20170628,28.69,28.8,28.69,28.8,1209
20170629,28.8,28.8,28.51,28.54,1928
20170630,28.76,28.8,28.68,28.79,7868
20170703,29.04,29.04,28.75,28.77,1364
20170705,28.68,28.77,28.68,28.77,1815
20170706,28.59,28.64,28.56,28.56,3866
20170707,28.53,28.64,28.53,28.61,1436
20170710,28.35,28.68,28.35,28.65,2439
20170711,29.04,29.07,28.93,29.07,1862
20170712,29.26,29.42,29.26,29.42,4376
20170713,29.47,29.47,29.45,29.46,888
20170714,29.74,29.87,29.74,29.86,10631
20170717,29.62,29.62,29.45,29.49,5604
20170718,29.49,29.61,29.48,29.61,2282
20170719,30.04,30.1,30.04,30.1,2149
20170720,30.21,30.21,30.09,30.09,2423
20170721,30.06,30.06,30,30.05,4448
20170724,30.24,30.24,30.17,30.19,1139
20170725,30.22,30.22,30.12,30.12,3002
20170726,29.99,30.21,29.99,30.21,790
20170727,30.43,30.47,30.15,30.17,3286
20170728,30.46,30.53,30.33,30.53,1209
20170731,30.84,30.84,30.67,30.72,5909
20170801,31.11,31.11,30.87,30.95,18599
20170802,30.92,30.92,30.64,30.72,3771
20170803,30.54,30.65,30.52,30.62,2009
20170804,30.64,30.64,30.56,30.6,7616
20170807,30.86,30.91,30.77,30.91,6492
20170808,31.09,31.21,31.09,31.13,10490
20170809,31.1,31.13,30.96,31.13,13589
20170810,30.85,30.85,30.35,30.35,20523
20170811,30.06,30.12,29.99,30.12,2647
20170814,30.59,30.59,30.49,30.57,1447
20170815,30.57,30.57,30.46,30.48,7372
20170816,30.81,30.91,30.81,30.86,8560
20170817,30.93,30.93,30.71,30.71,883
20170821,30.91,31.06,30.91,31.06,18008
20170822,31.25,31.39,31.21,31.33,10785
20170823,31.24,31.45,31.24,31.42,5915
20170824,31.38,31.38,31.31,31.34,1431
20170825,31.78,31.84,31.72,31.76,1539
20170828,32.11,32.11,31.81,31.89,64776
20170829,31.8,31.95,31.68,31.92,18044
20170830,31.95,32.06,31.94,32.02,11447
20170831,32.09,32.15,32.03,32.11,20410
20170901,32.25,32.31,32.16,32.3,17998
20170905,32.24,32.29,32.04,32.13,27842
20170906,32.26,32.27,32.14,32.23,70889
20170907,32.38,32.38,32.24,32.36,72877
20170908,32.48,32.48,32.2,32.2,37183
20170911,32.48,32.58,32.42,32.52,36729
20170912,32.54,32.65,32.52,32.63,12194
20170913,32.62,32.68,32.6,32.65,21939
20170914,32.57,32.58,32.48,32.5,8623
20170915,32.64,32.74,32.58,32.73,28617
20170918,32.88,32.95,32.85,32.95,19210
20170919,32.87,32.87,32.76,32.82,14174
20170920,33.04,33.04,32.82,32.92,16138
20170921,32.88,32.93,32.8,32.87,10401
20170922,32.75,32.75,32.64,32.67,18639
20170925,32.27,32.27,31.76,31.82,38447
20170926,32.15,32.15,31.9,31.96,11207
20170927,32.12,32.12,32,32.1,12624
20170928,31.94,31.96,31.85,31.93,10450
20170929,32.08,32.32,32.08,32.31,8890
20171002,32.5,32.56,32.43,32.45,14512
20171003,32.97,33.17,32.97,33.17,23874
20171004,33.25,33.28,33.19,33.24,7905
20171005,33.32,33.46,33.28,33.45,15748
20171006,33.31,33.36,33.22,33.33,8127
20171009,33.04,33.25,33.04,33.24,12318
20171010,33.33,33.62,33.33,33.56,302376
20171011,33.41,33.52,33.39,33.51,12893
20171012,33.53,33.53,33.42,33.44,88571
20171013,33.56,33.71,33.56,33.65,4102
20171016,33.57,33.66,33.57,33.66,12441
20171017,33.57,33.57,33.38,33.42,8602
20171018,33.62,33.73,33.54,33.68,15569
20171019,33.21,33.21,33.05,33.17,13874
20171020,33.36,33.43,33.35,33.37,4103
20171023,33.39,33.39,33.13,33.13,12076
20171024,33.17,33.37,33.17,33.27,10914
20171025,33.45,33.45,33.03,33.22,9103
20171026,33.36,33.41,33.27,33.27,5428
20171027,33.35,33.57,33.34,33.55,7186
20171030,33.28,33.37,33.17,33.3,17879
20171031,33.43,33.57,33.43,33.55,10499
20171101,33.82,33.82,33.7,33.74,7968
20171102,33.66,33.7,33.61,33.65,3243
20171103,33.66,33.66,33.54,33.65,8074
20171106,33.76,34.06,33.76,33.97,13692
20171107,34.21,34.21,34.17,34.2,5017
20171108,34.25,34.25,34.16,34.23,8134
20171109,34.28,34.28,33.97,34.2,8600
20171110,34.39,34.47,34.39,34.47,5660
20171113,34.38,34.56,34.38,34.54,12788
20171114,34.43,34.43,34.12,34.16,9830
20171115,33.83,33.99,33.75,33.92,6090
20171116,34.4,34.64,34.34,34.58,12026
20171117,34.46,34.46,34.42,34.46,3248
20171120,34.71,34.77,34.64,34.77,11111
20171121,35.38,35.55,35.38,35.5,8594
20171122,35.53,35.53,35.39,35.49,10837
20171124,34.96,35.04,34.84,34.99,40815
20171127,34.59,34.59,34.39,34.43,28431
20171128,34.54,34.61,34.44,34.59,21089
20171129,34.36,34.36,33.74,33.9,44149
20171130,33.81,33.81,33.7,33.72,10669
20171201,33.53,33.53,33.03,33.28,25693
20171204,33.6,33.64,33.31,33.35,11177
20171205,33.13,33.44,33.13,33.31,6623
20171206,32.68,32.86,32.67,32.82,29395
20171207,32.6,32.89,32.6,32.84,6677
20171208,33.32,33.38,33.31,33.38,5535
20171211,33.62,33.9,33.62,33.89,12824
20171212,33.46,33.46,33.27,33.37,15235
20171213,33.83,33.95,33.81,33.94,5571
20171214,33.6,33.7,33.6,33.62,6614
20171215,33.29,33.46,33.29,33.4,6789
20171218,33.51,33.65,33.51,33.6,6779
20171219,33.76,33.76,33.62,33.63,4551
20171220,33.63,33.68,33.56,33.65,11553
20171221,34.15,34.25,34.15,34.21,5521
20171222,34.22,34.28,34.19,34.28,7797
20171226,34.37,34.4,34.11,34.22,16009
20171227,33.86,33.92,33.72,33.74,86425
20171228,34.1,34.16,33.95,33.96,34751
20171229,34.14,34.2,34.1,34.15,17878
20180102,34.9,35,34.78,34.98,38195
20180103,35.31,35.44,35.31,35.42,20947
20180104,35.56,35.71,34.76,35.64,10076
20180105,35.75,35.87,35.68,35.87,5470
20180108,35.95,36.03,35.95,36.01,15876
20180109,36.1,36.1,35.9,35.99,7613
20180110,35.93,35.98,35.88,35.92,8932
20180111,35.94,36.13,35.94,36.09,2735
20180112,36.42,36.6,36.42,36.59,3338
20180116,36.66,36.84,36.37,36.45,13575
20180117,36.54,36.83,36.54,36.8,7184
20180118,36.78,36.92,36.78,36.87,3046
20180119,37.12,37.31,37.12,37.31,3826
20180122,37.53,37.63,37.39,37.63,3311
20180123,37.9,38.11,37.82,38.11,7580
20180124,38.33,38.45,38.23,38.29,4654
20180125,38.12,38.26,37.89,38.07,6262
20180126,38.55,38.79,38.55,38.75,5998
20180129,38.1,38.1,37.84,37.99,8127
20180130,37.63,37.63,37.32,37.46,10683
20180131,37.99,37.99,37.72,37.82,4212
20180201,37.28,37.43,37.15,37.2,24921
20180202,37.26,37.26,36.77,36.77,6098
20180205,36.91,37.27,34.93,35.78,15484
20180206,35.3,36.62,35.25,36.4,10038
20180207,35.25,35.55,34.93,34.93,7289
20180208,34.83,34.83,33.62,33.62,10698
20180209,33.38,33.44,32.13,33.27,17807
20180212,33.82,34.14,33.73,34.14,5189
20180213,34.13,34.43,34.13,34.43,11487
20180214,34.56,35.31,34.56,35.31,9368
20180215,35.99,36.06,35.83,36.06,2909
20180216,36.06,36.26,36.06,36.09,3603
20180220,35.47,35.74,35.47,35.65,4689
20180221,36.21,36.47,36.21,36.4,2088
20180222,36.09,36.16,35.94,35.94,2160
20180223,36.11,36.33,36.08,36.33,2805
20180226,36.57,36.84,36.5,36.84,6828
20180227,36.2,36.2,35.57,35.57,5475
20180228,35.57,35.59,35.28,35.43,87829
20180301,35.68,35.75,35.06,35.23,12594
20180302,34.76,35.3,34.72,35.3,2830
20180305,34.92,35.44,34.92,35.44,4331
20180306,35.85,35.89,35.66,35.81,40483
20180307,35.67,35.8,35.52,35.8,5053
20180308,36.05,36.05,35.91,36,14524
20180309,36.46,36.82,36.46,36.81,20058
20180312,36.91,36.91,36.79,36.86,5071
20180313,36.84,36.84,36.38,36.38,4034
20180314,36.54,36.54,36.27,36.27,3294
20180315,36.76,36.92,36.7,36.77,3832
20180316,36.63,36.65,36.62,36.65,3272
20180319,36.59,36.59,36.2,36.2,476
20180320,36.77,36.88,36.77,36.84,1856
20180321,36.4,36.5,36.39,36.5,2303
20180322,35.51,35.55,35.05,35.05,10425
20180323,34.76,34.83,34.26,34.26,9986
20180326,35.07,35.23,34.82,35.23,9227
20180327,35.62,35.62,34.81,34.81,8779
20180328,34.56,34.56,34.29,34.4,8456
20180329,34.99,35.27,34.99,35.21,5232
20180402,35.1,35.1,33.98,34.25,5886
20180403,34.55,34.76,34.47,34.76,5993
20180404,33.84,34.83,33.61,34.83,5418
20180405,34.98,35.06,34.91,34.91,6578
20180406,34.51,34.66,34,34,6388
20180409,34.33,34.71,34.33,34.53,14728
20180410,35.27,35.27,35.23,35.26,1069
20180411,35.34,35.44,35.33,35.33,8065
20180412,35.27,35.41,35.27,35.41,1669
20180413,34.97,34.97,34.61,34.61,3064
20180416,34.23,34.37,34.23,34.35,2190
20180417,34.32,34.58,34.32,34.51,11698
20180418,34.21,34.5,34.21,34.5,1697
20180419,34.78,34.78,34.45,34.54,12677
20180420,34.05,34.05,33.86,33.93,3487
20180423,33.89,34.05,33.84,33.84,11708
20180424,34.48,34.57,34.12,34.22,9920
20180425,34.04,34.04,33.77,33.95,6915
20180426,33.89,34.05,33.86,34.05,3189
20180427,33.96,34.08,33.82,34.06,6926
20180430,34.35,34.42,34.15,34.15,13679
20180501,33.98,34.06,33.81,34.06,4601
20180502,34.19,34.19,33.92,33.94,8982
20180503,33.68,34.07,33.67,34.06,5811
20180504,33.76,34.31,33.73,34.31,3172
20180507,34.16,34.48,34.16,34.38,6608
20180508,34.65,34.89,34.65,34.8,74782
20180509,34.95,35.03,34.89,35.01,5152
20180510,35.27,35.6,35.27,35.56,3261
20180511,35.44,35.45,35.38,35.4,4076
20180514,35.76,35.86,35.76,35.8,4571
20180515,35.23,35.23,35.11,35.14,1642
20180516,35.56,35.71,35.55,35.71,2523
20180517,35.47,35.47,35.28,35.28,2676
20180518,35.28,35.29,35.23,35.23,2065
20180521,35.67,35.67,35.52,35.55,5755
20180522,35.63,35.67,35.5,35.52,5545
20180523,34.97,35.14,34.96,35.14,5354
20180524,34.96,35.02,34.92,34.98,5523
20180525,34.81,34.92,34.81,34.88,1415
20180529,34.71,34.71,34.23,34.28,3908
20180530,34.29,34.47,34.29,34.47,3175
20180531,34.68,34.77,34.63,34.72,9874
20180601,34.88,35.05,34.88,35.02,1720
20180604,35.14,35.37,35.14,35.37,2966
20180605,35.64,35.66,35.54,35.55,3037
20180606,35.72,35.95,35.71,35.95,4150
20180607,35.84,35.84,35.53,35.53,4272
20180608,35.14,35.41,35.14,35.39,5060
20180611,35.41,35.44,35.38,35.43,1782
20180612,35.58,35.6,35.52,35.55,4585
20180613,35.39,35.39,35.18,35.18,1474
20180614,35.29,35.29,35.1,35.12,3320
20180615,34.79,34.79,34.36,34.76,2840
20180618,34.33,34.37,34.17,34.27,7575
20180619,33.51,33.54,33.28,33.54,5767
20180620,33.67,33.69,33.6,33.61,7177
20180621,33.36,33.36,32.97,32.97,3318
20180622,33.31,33.34,33.21,33.29,6117
20180625,32.83,32.83,32.24,32.3,3449
20180626,32.36,32.39,32.21,32.34,5203
20180627,31.96,32.04,31.32,31.34,6795
20180628,31.3,31.37,31.22,31.36,37461
20180629,31.83,32.11,31.83,32.04,4356
20180702,31.1,31.2,31.05,31.15,9764
20180703,31.65,31.65,31.37,31.37,2067
20180705,31.26,31.26,30.85,30.92,12995
20180706,30.91,31.39,30.91,31.31,10394
20180709,31.72,32.12,31.72,32.09,6226
20180710,31.89,31.92,31.85,31.89,2434
20180711,31.57,31.57,31.43,31.43,734
20180712,31.94,31.94,31.73,31.81,3828
20180713,31.74,31.77,31.69,31.69,6410
20180716,31.56,31.58,31.54,31.58,492
20180717,31.39,31.58,31.38,31.57,16702
20180718,31.32,31.39,31.31,31.39,1938
20180719,30.9,31.04,30.86,30.93,13366
20180720,31.44,31.45,31.39,31.42,3137
20180723,31.3,31.37,31.28,31.37,10673
20180724,32.07,32.12,32,32.02,2898
20180725,32.23,32.39,32.14,32.39,3445
20180726,31.74,31.94,31.74,31.85,6963
20180727,31.89,31.9,31.56,31.63,4133
20180730,31.72,31.72,31.4,31.4,3189
20180731,31.41,31.69,31.34,31.68,5204
20180801,30.94,31,30.64,30.76,16776
20180802,30.06,30.24,30.01,30.24,61647
20180803,30.15,30.19,30.14,30.19,3801
20180806,29.69,29.79,29.69,29.76,4795
20180807,30.39,30.58,30.39,30.53,5623
20180808,30.25,30.25,30.07,30.2,58666
20180809,30.66,30.88,30.66,30.7,5791
20180810,30.24,30.4,30.24,30.28,3896
20180813,30.29,30.32,30.09,30.11,6595
20180814,29.89,29.89,29.72,29.87,5357
20180815,28.59,28.62,28.36,28.52,6132
20180816,29.14,29.27,29.07,29.07,18158
20180817,28.7,29.37,28.7,29.37,7818
20180820,29.38,29.49,29.36,29.49,6264
20180821,29.96,30,29.94,29.98,4462
20180822,30,30.02,29.99,30.02,2405
20180823,29.98,29.98,29.57,29.57,9300
20180824,29.74,30.05,29.74,30.01,4697
20180827,30.47,30.77,30.47,30.75,1277
20180828,30.7,30.7,30.45,30.49,3473
20180829,30.41,30.59,30.41,30.59,2093
20180830,30.12,30.12,29.65,29.65,2724
20180831,29.76,29.83,29.62,29.83,6720
20180904,29.88,29.88,29.58,29.6,4019
20180905,29.22,29.22,28.92,28.92,4593
20180906,28.91,29.04,28.69,28.86,6967
20180907,28.65,28.86,28.52,28.65,6307
20180910,28.46,28.46,28.26,28.27,4875
20180911,27.86,28.09,27.72,28.08,4146
20180912,27.94,28.6,27.94,28.56,5151
20180913,28.89,29.05,28.89,29.05,5453
20180914,28.99,28.99,28.56,28.65,7066
20180917,28.54,28.54,28.32,28.37,4571
20180918,28.63,28.84,28.37,28.83,3143
20180919,29.27,29.42,29.27,29.41,651
20180920,29.61,29.72,29.51,29.7,3021
20180921,30.08,30.17,30.06,30.06,3136
20180924,29.76,29.76,29.59,29.62,3173
20180925,29.71,29.72,29.67,29.72,1727
20180926,30.02,30.19,30.02,30.19,479
20180927,29.87,29.92,29.76,29.9,2525
20180928,29.86,29.86,29.75,29.78,1845
20181001,29.77,29.91,29.77,29.82,5529
20181002,29.31,29.31,29.18,29.31,890
20181003,29.33,29.33,29.1,29.1,21294
20181004,28.71,28.74,28.33,28.33,3763
20181005,28.42,28.52,28.24,28.25,4513
20181008,27.93,28.13,27.85,28.13,4052
20181009,27.85,27.96,27.85,27.96,1978
20181010,27.44,27.45,27.08,27.21,2788
20181011,26.81,26.94,26.49,26.94,6985
20181012,27.16,27.41,27.15,27.41,5681
20181015,26.91,27.09,26.91,27.07,8820
20181016,27.08,27.39,27.08,27.29,10512
20181017,27.12,27.14,26.95,26.98,4522
20181018,26.54,26.54,26.19,26.19,3923
20181019,26.92,27.04,26.7,26.76,6674
20181022,27.74,27.74,27.61,27.71,11300
20181023,26.9,26.91,26.85,26.87,4358
20181024,27,27.01,26.48,26.48,4522
20181025,26.94,27.15,26.94,27.12,1627
20181026,26.44,26.81,26.31,26.62,7946
20181029,26.46,26.46,25.55,25.55,8632
20181030,25.85,25.96,25.85,25.96,2830
20181031,26.54,26.92,26.54,26.92,6731
20181101,27.36,27.96,27.36,27.96,5902
20181102,28.61,28.61,27.78,28.11,7977
20181105,27.96,28.01,27.87,27.95,4834
20181106,27.97,27.97,27.83,27.83,558
20181107,28.11,28.41,28.11,28.41,1730
20181108,28.04,28.04,27.61,27.68,45733
20181109,27.25,27.25,26.87,27.08,18401
20181112,26.98,27.09,26.87,27.06,2353
20181113,27.44,27.52,27.44,27.5,561
20181114,27.79,27.84,27.52,27.63,203255
20181115,27.94,28.51,27.86,28.22,3522
20181116,28.25,28.47,28.21,28.46,3506
20181119,28.15,28.15,27.88,27.92,2302
20181120,27.44,27.5,27.28,27.28,2554
20181121,27.78,28.09,27.78,27.97,6124
20181123,27.42,27.46,27.42,27.46,5348
20181126,27.83,27.83,27.76,27.8,934
20181127,27.64,27.79,27.59,27.76,4574
20181128,28.01,28.47,27.94,28.47,3432
20181129,28.13,28.13,27.81,28.06,3375
20181130,28.09,28.14,28.06,28.08,1146
20181203,29.27,29.27,28.98,29.05,12610
20181204,29.19,29.19,28.52,28.55,5895
20181206,27.87,28.07,27.71,28.07,13815
20181207,28.03,28.17,27.67,27.67,8100
20181210,27.45,27.62,27.21,27.56,5867
20181211,27.93,27.93,27.72,27.86,3081
20181212,28.26,28.32,28.08,28.08,15354
20181213,28.21,28.24,28.15,28.17,26179
20181214,27.82,27.82,27.57,27.69,24174
20181217,27.58,27.58,27.14,27.14,11062
20181218,27.29,27.38,27.26,27.38,2666
20181219,26.98,27.2,26.36,26.49,7222
20181220,26.54,26.69,26.52,26.53,7831
20181221,26.54,26.66,26.29,26.32,7035
20181224,26.3,26.38,26.18,26.2,3773
20181226,26.14,26.62,26.1,26.62,5230
20181227,26.23,26.45,26.12,26.45,4677
20181228,26.7,26.7,26.54,26.66,2376
20181231,26.94,26.94,26.51,26.53,5649
20190102,26.18,26.38,26.18,26.34,5936
20190103,25.93,25.98,25.87,25.87,1431
20190104,26.27,26.98,26.27,26.89,10483
20190107,26.81,27.1,26.81,27.05,5661
20190108,27.17,27.25,26.98,27.21,4548
20190109,27.4,27.83,27.4,27.8,6973
20190110,27.59,27.9,27.59,27.9,4021
20190111,27.81,27.82,27.81,27.81,1516
20190114,27.44,27.6,27.43,27.58,2321
20190115,27.68,27.94,27.68,27.82,3170
20190116,28.15,28.32,28.15,28.32,838
20190117,28.07,28.34,28.06,28.34,5300
20190118,28.5,28.74,28.5,28.74,757
20190122,28.22,28.22,27.84,27.87,1724
20190123,28.17,28.24,28.04,28.04,3177
20190124,28.36,28.48,28.36,28.48,3622
20190125,28.96,29.07,28.96,28.98,1998
20190128,28.67,28.78,28.65,28.73,3732
20190129,28.82,28.82,28.76,28.8,1885
20190130,28.93,29.26,28.92,29.26,2650
20190131,29.43,29.56,29.4,29.54,4236
20190201,29.45,29.55,29.45,29.55,3680
20190204,29.48,29.54,29.36,29.52,3012
20190205,29.81,29.96,29.8,29.95,3090
20190206,29.9,29.9,29.66,29.66,1039
20190207,29.56,29.56,29.12,29.19,2578
20190208,29.17,29.2,29.09,29.2,1803
20190211,29.82,29.82,29.63,29.63,1737
20190212,29.92,29.92,29.8,29.84,2161
20190213,30.17,30.28,30.07,30.1,2453
20190214,29.87,30.04,29.87,30.04,1512
20190215,29.95,29.95,29.71,29.77,6205
20190219,29.85,30.35,29.85,30.35,3344
20190220,30.52,30.69,30.52,30.55,2875
20190221,30.44,30.44,30.35,30.42,2405
20190222,30.77,31.09,30.77,31.03,5067
20190225,32.15,32.27,32.09,32.19,12095
20190226,31.89,31.92,31.73,31.92,5977
20190227,31.56,31.6,31.45,31.56,1884
20190228,31.38,31.5,31.38,31.44,5060
20190301,31.79,31.87,31.79,31.8,2663
20190304,32.39,32.39,32.06,32.1,3583257
20190305,32.42,32.68,32.42,32.67,11979
20190306,32.63,32.63,32.5,32.5,5765
20190307,32.16,32.16,31.59,31.6,3464378
20190308,30.85,30.94,30.78,30.94,5974
20190311,31.64,31.92,31.64,31.91,5516
20190312,32.06,32.24,32.06,32.23,33485
20190313,32.02,32.02,31.91,31.94,23394
20190314,31.73,31.73,31.55,31.65,11414
20190315,32.06,32.14,32.03,32.09,6620
20190318,32.59,32.75,32.59,32.73,13355
20190319,32.73,32.79,32.69,32.69,2752
20190320,32.46,32.81,32.36,32.68,2872
20190321,32.49,32.69,32.49,32.69,7536
20190322,32.06,32.06,31.8,31.8,233543
20190325,31.59,31.85,31.59,31.8,6800
20190326,31.74,31.76,31.64,31.76,10434
20190327,31.82,31.83,31.56,31.75,4720454
20190328,31.72,31.83,31.68,31.81,2634
20190329,32.46,32.6,32.43,32.57,21604
20190401,33.29,33.29,33.11,33.28,12516
20190402,33.15,33.15,33.07,33.12,2675
20190403,33.41,33.65,33.37,33.4,7220
20190404,33.61,33.8,33.61,33.73,163737
20190405,33.95,34.19,33.95,34.18,10685
20190408,33.97,34.09,33.89,34.05,15408
20190409,33.99,34,33.93,33.96,45769
20190410,34.17,34.17,33.96,34.08,8804
20190411,33.78,33.78,33.48,33.48,8762
20190412,33.96,34.15,33.94,33.96,37389
20190415,33.74,33.74,33.29,33.35,12215
20190416,34.06,34.06,33.73,33.77,99680
20190417,34.07,34.08,33.91,33.91,44682
20190418,33.83,33.91,33.83,33.89,1528
20190422,33.49,33.56,33.45,33.55,4401
20190423,33.52,33.64,33.5,33.63,28472
20190424,33.41,33.43,33.22,33.3,3432
20190425,32.96,32.96,32.7,32.87,17179
20190426,32.87,33.01,32.82,32.97,13564
20190429,32.98,33,32.87,32.94,5096361
20190430,32.78,32.82,32.63,32.78,11819
20190501,32.85,33.02,32.85,32.92,1396
20190502,32.75,32.92,32.64,32.65,20739
20190503,33.08,33.22,33.07,33.18,21646
20190506,31.53,32.02,31.3,32.02,20407
20190507,31.72,31.72,30.86,31,9690
20190508,31.06,31.06,30.94,31.05,4836
20190509,30.35,30.59,29.89,30.43,44233
20190510,30.69,30.95,30.29,30.84,39073
20190513,29.83,29.86,29.5,29.64,4598
20190514,30.29,30.47,30.15,30.38,11928
20190515,30.35,30.62,30.35,30.58,10444
20190516,30.72,30.99,30.72,30.74,23499
20190517,29.76,30.03,29.72,29.79,7518
20190520,29.4,29.4,29.11,29.12,7409
20190521,29.42,29.58,29.42,29.5,12750
20190522,29.47,29.47,29.32,29.42,13896
20190523,28.94,28.94,28.76,28.81,8979
20190524,28.77,28.77,28.72,28.76,2041
20190528,29.09,29.31,29.09,29.1,28860
20190529,29.03,29.16,29.02,29.1,22418
20190530,29.08,29.09,29.03,29.03,1166
20190531,28.92,29.01,28.88,29.01,7221
20190603,29.05,29.2,29.05,29.12,8600
20190604,28.92,29.11,28.92,29.11,8942
20190605,29.14,29.14,28.76,28.85,2341
20190606,28.79,28.79,28.71,28.77,1067
20190607,28.98,29.19,28.98,29.05,5488
20190610,29.37,29.54,29.37,29.42,3673
20190611,30.07,30.12,29.92,29.94,2690
20190612,29.74,29.74,29.42,29.51,5602778
20190613,29.58,29.75,29.51,29.56,5988116
20190614,29.18,29.29,29.17,29.19,95865
20190617,29.29,29.48,29.29,29.44,16410
20190618,30.21,30.32,30.13,30.27,21962
20190619,30.22,30.49,30.18,30.4,27723
20190620,31.08,31.08,30.95,31.05,20555
20190621,31.01,31.01,30.87,30.91,2032
20190624,31.01,31.01,30.89,30.96,5650
20190625,30.76,30.82,30.45,30.46,17046
20190626,30.71,31.02,30.71,30.97,6845
20190627,31.04,31.2,31.04,31.14,2621
20190628,31.15,31.26,31.11,31.16,60517
20190701,32.07,32.2,31.88,31.88,3587
20190702,31.89,31.93,31.81,31.83,1324
20190703,31.78,31.81,31.73,31.74,2762
20190705,31.44,31.51,31.31,31.31,3744
20190708,31.06,31.06,30.88,30.95,7200
20190709,30.63,30.85,30.57,30.85,9774
20190710,31.02,31.06,30.88,30.88,19828
20190711,30.78,30.86,30.68,30.74,4067
20190712,30.88,30.9,30.83,30.86,4516
20190715,31.04,31.14,31.04,31.14,9864
20190716,31.16,31.24,31.12,31.12,1427
20190717,31.21,31.21,31.12,31.12,1706
20190718,30.93,30.98,30.76,30.89,141784
20190719,31.17,31.17,30.99,30.99,8517
20190722,30.92,30.93,30.82,30.88,27304
20190723,30.96,31.32,30.96,31.32,58806
20190724,31.28,31.49,31.28,31.49,60026
20190725,31.54,31.56,31.31,31.38,139000
20190726,31.55,31.55,31.44,31.47,1213
20190729,31.38,31.39,31.38,31.39,461
20190730,31.1,31.16,31.07,31.13,2298
20190731,31.11,31.12,30.6,30.85,7178
20190801,30.91,31.07,29.87,29.91,3460
20190802,29.96,29.96,29.57,29.62,13459
20190805,28.91,28.91,28.24,28.27,18537
20190806,28.98,28.98,28.52,28.63,12935
20190807,28.47,28.76,28.47,28.76,7369
20190808,29.04,29.13,28.95,29.12,17723
20190809,28.86,28.86,28.8,28.8,1639
20190812,28.51,28.63,28.47,28.51,15743
20190813,28.82,29.5,28.78,29.19,18221
20190814,28.71,28.71,28.51,28.58,11498
20190815,28.86,28.87,28.69,28.76,14773
20190816,29.14,29.34,29.14,29.3,12062
20190819,29.96,29.96,29.75,29.75,924
20190820,29.82,29.92,29.8,29.82,2885
20190821,30.03,30.03,29.92,29.95,2185
20190822,29.86,29.86,29.63,29.71,1885
20190823,29.5,29.5,29.06,29.06,3898
20190826,29.31,29.39,29.31,29.36,1623
20190827,29.67,29.67,29.53,29.55,5004
20190828,29.39,29.5,29.39,29.47,2829
20190829,29.71,29.86,29.71,29.81,28619
20190830,29.93,29.93,29.68,29.68,1166
20190903,29.76,29.81,29.72,29.75,3475
20190904,30.25,30.32,30.25,30.3,3686
20190905,30.72,30.77,30.71,30.74,5875
20190906,30.9,30.91,30.89,30.89,2102
20190909,31.02,31.02,30.91,30.96,3559
20190910,31.02,31.02,30.8,30.88,1904
20190911,30.93,31.02,30.93,30.95,7203
20190912,31.15,31.41,31.15,31.31,1617
20190913,31.51,31.58,31.46,31.46,5424
20190916,31.29,31.29,31.16,31.17,8847
20190917,30.88,30.98,30.78,30.97,5921
20190918,30.92,30.93,30.74,30.88,2099
20190919,31.04,31.04,30.9,30.9,978
20190920,30.91,30.91,30.62,30.62,2209
20190923,30.44,30.53,30.44,30.47,1699
20190924,30.43,30.43,30.17,30.21,8607
20190925,30.12,30.25,30.12,30.18,1947
20190926,29.95,29.95,29.93,29.93,501
20190927,30.01,30.01,29.28,29.37,7220
20190930,29.71,29.71,29.69,29.69,909
20191001,29.43,29.44,29.43,29.44,495
20191002,29.34,29.44,29.3,29.44,5474
20191003,29.7,29.8,29.7,29.8,335
20191004,29.66,29.82,29.66,29.82,2107
20191007,29.7,29.77,29.62,29.71,1462
20191008,29.46,29.47,29.38,29.47,3539
20191009,29.68,29.81,29.68,29.81,2483
20191010,29.9,30.3,29.9,30.13,3416
20191011,30.57,30.78,30.57,30.75,822
20191014,30.67,30.73,30.67,30.68,1002
20191015,30.75,30.88,30.75,30.8,26017
20191016,30.76,30.78,30.76,30.78,1420
20191017,30.85,30.9,30.85,30.88,1399
20191018,30.72,30.72,30.44,30.45,2319
20191021,30.7,30.7,30.59,30.59,760
20191022,30.61,30.61,30.53,30.53,2178
20191023,30.4,30.41,30.28,30.37,24273
20191024,30.49,30.52,30.45,30.45,1155
20191025,30.69,30.81,30.68,30.81,2280
20191028,31.13,31.13,31.07,31.1,1738
20191029,30.88,30.88,30.88,30.88,142
20191030,30.62,30.8,30.58,30.79,11331
20191031,30.67,30.67,30.57,30.62,2830
20191101,31.18,31.19,31.14,31.16,1753
20191104,31.69,31.69,31.56,31.62,2142
20191105,31.79,31.79,31.72,31.75,1680
20191106,31.84,31.84,31.67,31.68,2859
20191107,32,32.2,32,32.18,1831
20191108,31.97,32,31.76,31.8,2530
20191111,31.35,31.41,31.32,31.41,3526
20191112,31.28,31.3,31.18,31.18,1131
20191113,30.98,30.98,30.92,30.93,614
20191114,30.85,30.88,30.82,30.88,2147
20191115,30.93,31,30.88,30.89,3789
20191118,30.99,31.04,30.97,31.01,1278
20191119,31.31,31.32,31.23,31.26,10235
20191120,31.15,31.17,30.9,31.01,3901
20191121,30.94,30.98,30.93,30.98,1391
20191122,30.87,30.89,30.81,30.88,5781
20191125,31.11,31.34,31.11,31.34,4682
20191126,31.28,31.3,31.27,31.3,5136
20191127,31.43,31.58,31.43,31.55,6074
20191129,31.08,31.17,31.02,31.03,2720
20191202,31.04,31.04,30.9,30.9,1058
20191203,30.63,30.76,30.63,30.76,2266
20191204,31.01,31.08,30.99,30.99,4876
20191205,31.17,31.27,31.16,31.27,2249
20191206,31.51,31.57,31.51,31.57,1345
20191209,31.41,31.5,31.36,31.36,1030
20191210,31.47,31.54,31.47,31.54,1821
20191211,31.67,31.73,31.67,31.73,2545
20191212,32.11,32.39,32.02,32.39,5388
20191213,32.59,32.59,32.27,32.27,2465
20191216,32.55,32.83,32.55,32.75,2082
20191217,33,33.14,32.98,33.12,7414
20191218,33.22,33.22,33.11,33.21,2675
20191219,32.97,33.11,32.97,33.1,1900
20191220,33.17,33.22,33.14,33.19,2518
20191223,33.22,33.22,32.84,32.97,3422
20191224,33.11,33.11,33.06,33.06,1024
20191226,33.26,33.42,33.26,33.42,2533
20191227,33.48,33.5,33.43,33.43,1441
20191230,33.56,33.6,33.4,33.43,5240
20191231,33.56,33.56,33.53,33.55,5889
20200102,34.31,34.43,34.31,34.42,2972
20200103,34.13,34.2,34.07,34.15,42095
20200106,33.99,34.1,33.99,34.05,20847
20200107,34.27,34.27,34.25,34.25,765
20200108,34.17,34.48,34.17,34.48,2425
20200109,34.61,34.62,34.57,34.57,16746
20200110,34.82,34.82,34.71,34.71,2229
20200113,35.09,35.43,35.09,35.43,2198
20200114,35.24,35.24,34.97,35,9123
20200115,35.04,35.04,34.9,34.98,1629
20200116,35.1,35.1,35.01,35.06,7346
20200117,35.26,35.26,35.21,35.24,2911
20200121,34.27,34.33,34.14,34.14,6063
20200122,34.48,34.56,34.21,34.31,9104
20200123,33.27,33.56,33.08,33.46,4026
20200124,33.51,33.51,32.87,32.89,5912
20200127,31.08,31.6,30.82,31.52,6965
20200128,31.67,31.95,31.53,31.87,62174
20200129,32.29,32.29,32.2,32.2,4210
20200130,31.55,31.55,31.26,31.54,8013
20200131,31.3,31.3,30.8,31.06,10315
20200203,31.01,31.28,31.01,31.24,2082
20200204,32.36,32.67,32.36,32.62,2565
20200205,33.09,33.09,32.65,32.78,3784
20200206,33.08,33.08,32.87,32.98,1108
20200207,32.7,32.74,32.54,32.56,3526
20200210,32.9,33.02,32.9,33.02,544
20200211,33.42,33.64,33.42,33.45,2572
20200212,33.8,34.09,33.8,34.09,4069
20200213,33.52,33.77,33.52,33.56,2709
20200214,33.66,33.69,33.55,33.55,2514
20200218,33.87,33.89,33.83,33.84,2619
20200219,34.07,34.08,34.02,34.07,2498
20200220,34.04,34.08,33.64,33.8,1886
20200221,33.93,33.95,33.82,33.82,4319
20200224,32.62,32.99,32.62,32.91,2840
20200225,33.38,33.47,33.06,33.06,1675
20200226,33.17,33.5,33.17,33.34,1120
20200227,33.07,33.08,32.85,33.06,1693
20200228,32.26,32.49,31.87,32.49,8619
20200302,33.04,33.36,32.93,33.36,4298
20200303,33.27,33.51,33.27,33.31,581
20200304,33.73,33.82,33.57,33.82,1480
20200305,33.89,34.02,33.89,33.92,1051
20200306,33.06,33.19,32.91,33.07,5009
20200309,31.74,31.9,31.64,31.9,3715
20200310,33.12,33.18,32.67,33.18,7784
20200311,32.43,32.45,32.02,32.02,4436
20200312,30.04,30.04,29.52,29.64,14875
20200313,30.89,31.06,30.51,31.06,3462
20200316,27.93,29.07,27.24,28.45,6493
20200317,28.65,29.39,28.65,29.3,6958
20200318,28.13,28.4,27.48,27.77,5480
20200319,27.98,28.57,27.98,28.46,8803
20200320,29,29.13,28.13,28.13,7359
20200323,28.08,28.33,27.7,28.16,3655
20200324,29.42,29.48,29.18,29.48,3420
20200325,29.76,30.26,29.76,30.19,934
20200326,30.05,30.28,29.94,30.28,4512
20200327,29.5,29.55,29.38,29.42,3350
20200330,29.52,29.92,29.35,29.92,13832
20200331,30.16,30.16,29.78,29.78,3725
20200401,29.57,29.57,29.11,29.19,1690
20200402,29.74,29.95,29.63,29.88,6668
20200403,29.55,29.68,29.55,29.68,3271
20200406,30.52,30.67,30.44,30.67,3049
20200407,31.44,31.44,30.75,30.79,3166
20200408,30.55,30.78,30.55,30.74,4957
20200409,31.07,31.08,30.89,30.89,5193
20200413,30.51,30.66,30.41,30.66,1272
20200414,31.31,31.31,31.22,31.22,976
20200415,30.72,30.86,30.72,30.86,1197
20200416,31.11,31.15,31.1,31.13,7222
20200417,31.52,31.52,31.28,31.38,749
20200420,31.27,31.67,31.27,31.37,4318
20200421,31,31,30.74,30.77,2245
20200422,31.44,31.51,31.41,31.47,4123
20200423,31.6,31.6,31.2,31.2,5823
20200424,31.36,31.36,31.06,31.23,641
20200427,31.5,31.6,31.5,31.59,99472
20200428,31.89,31.89,31.61,31.65,1114
20200429,32.03,32.03,31.77,31.97,4478
20200430,31.99,32.05,31.29,31.31,3448
20200501,30.61,30.61,30.21,30.28,2720
20200504,30.27,30.36,30.18,30.28,6601
20200505,30.82,30.85,30.81,30.85,564
20200506,31.56,31.56,31.23,31.23,2407
20200507,31.47,31.62,31.47,31.54,5589
20200508,32.1,32.21,32.1,32.21,1006
20200511,32.16,32.21,32.11,32.12,6553
20200512,32.47,32.47,32.3,32.3,464
20200513,32.27,32.4,31.89,31.89,2207
20200514,31.5,31.8,31.41,31.8,3003
20200515,31.67,31.67,31.6,31.6,559
20200518,32.45,32.73,32.45,32.73,7745
20200519,32.6,32.6,32.6,32.6,30
20200520,33.02,33.02,32.57,32.71,3563
20200521,32.18,32.19,32.11,32.11,2089
20200522,31.21,31.22,31.08,31.08,5929
20200526,31.77,31.92,31.71,31.71,2978
20200527,31.3,31.32,31.05,31.17,390445
20200528,31.37,31.38,31.13,31.13,1487
20200529,31.47,31.85,31.47,31.85,38684
20200601,32.09,32.51,32.09,32.5,441
20200602,33.07,33.07,33.02,33.02,306
20200603,33.42,33.44,33.34,33.44,689
20200604,33.18,33.18,32.98,32.98,1214
20200605,33.66,33.71,33.59,33.63,1439
20200608,33.54,33.54,33.31,33.54,4571
20200609,33.38,33.43,33.38,33.42,1557
20200610,33.68,33.77,33.68,33.77,1203
20200611,33.03,33.03,33.03,33.03,294
20200612,33.44,33.44,33.22,33.22,1670
20200615,32.81,32.81,32.81,32.81,404
20200616,33.92,33.92,33.53,33.53,4622
20200617,33.86,33.9,33.86,33.89,3625
20200618,34.05,34.17,34.02,34.17,1795
20200619,34.1,34.1,34.1,34.1,30
20200622,34.26,34.53,34.26,34.43,1057
20200623,35.02,35.05,35.02,35.05,236
20200624,34.83,34.83,34.83,34.83,681
20200625,34.38,34.51,34.38,34.51,1436
20200626,34.29,34.29,34.29,34.29,136
20200629,34.42,34.43,34.2,34.39,3219
20200630,34.47,34.51,34.46,34.48,4189
20200701,34.92,34.92,34.8,34.84,531
20200702,35.76,35.96,35.76,35.96,1405
20200706,37.72,38.82,37.72,38.82,7112
20200707,38.47,38.64,38.3,38.3,3462
20200708,38.91,39.65,38.91,39.65,2678
20200709,40.36,40.36,39.64,39.64,4615
20200710,39.58,39.58,39.33,39.47,1008
20200713,40.01,40.25,39.57,39.57,3716
20200714,39.04,39.32,38.84,39.29,4941
20200715,39.13,39.2,39.01,39.14,3149
20200716,37.5,37.68,37.48,37.68,7812
20200717,37.83,37.85,37.66,37.85,8120
20200720,38.63,38.75,38.63,38.75,3755
20200721,39.11,39.11,38.99,38.99,492
20200722,38.7,38.7,38.59,38.62,941
20200723,38.48,38.48,38.48,38.48,30
20200724,37.31,37.5,37.21,37.46,2689
20200727,37.53,37.79,37.53,37.76,2291
20200728,37.74,37.74,37.66,37.66,1624
20200729,37.83,38.55,37.83,38.55,561
20200730,38.17,38.3,38.17,38.3,624
20200731,38.32,38.32,38.19,38.32,1081
20200803,39.3,39.3,39.18,39.18,750
20200804,39.38,39.38,39.38,39.38,236
20200805,39.87,40,39.87,39.92,3434
20200806,39.8,39.8,39.68,39.77,1036
20200807,38.88,39.05,38.66,38.72,2743
20200810,38.81,38.81,38.52,38.71,1778
20200811,38.76,38.88,38.54,38.54,2335
20200812,38.9,38.9,38.9,38.9,30
20200813,38.83,38.83,38.62,38.62,470
20200814,38.77,38.77,38.65,38.69,1629
20200817,39.39,39.65,39.39,39.64,2458
20200818,39.62,39.73,39.62,39.73,1271
20200819,39.4,39.41,39.24,39.24,1343
20200820,38.94,38.94,38.94,38.94,133
20200821,39.6,39.6,39.58,39.58,1228
20200824,40.19,40.19,40.06,40.06,749
20200825,40.15,40.56,40.15,40.56,1982
20200826,40.48,40.5,40.48,40.48,1764
20200827,40.68,40.68,40.25,40.42,3590
20200828,40.86,40.96,40.86,40.96,925
20200831,40.86,40.86,40.32,40.53,3489
20200901,41.01,41.05,40.98,41.04,1148
20200902,41.35,41.35,40.86,40.86,2082
20200903,40.62,40.62,40.09,40.09,2525
20200904,40.16,40.16,39.62,39.74,2651
20200908,38.92,39.07,38.85,38.9,3966
20200909,38.86,38.92,38.86,38.86,597
20200910,38.71,38.72,38.71,38.72,339
20200911,38.94,38.94,38.81,38.86,765
20200914,39.28,39.38,39.28,39.38,236
20200915,39.86,39.86,39.85,39.86,493
20200916,39.86,39.86,39.83,39.83,316
20200917,39.41,39.64,39.31,39.64,1313
20200918,39.78,39.78,39.78,39.78,235
20200921,39.12,39.19,38.97,39.19,700
20200922,39.34,39.34,39,39.14,1392
20200923,38.96,38.96,38.72,38.8,1571
20200924,38.39,38.5,38.3,38.36,2360
20200925,37.81,37.99,37.81,37.95,904
20200928,38.51,38.59,38.51,38.59,492
20200929,38.64,38.79,38.64,38.79,263
20200930,39.33,39.33,39.33,39.33,236
20201001,39.64,39.71,39.64,39.71,596
20201002,39.66,39.66,39.38,39.4,840
20201005,39.39,39.59,39.39,39.59,840
20201006,40.01,40.01,39.95,39.95,527
20201007,40.3,40.32,40.19,40.3,1779
20201008,40.33,40.45,40.28,40.44,570
20201009,40.71,40.8,40.67,40.77,648
20201012,41.35,41.42,41.35,41.42,1580
20201013,41.44,41.6,41.44,41.6,2247
20201014,41.52,41.61,41.5,41.61,1809
20201015,40.78,40.82,40.76,40.82,679
20201016,41.42,41.42,41.42,41.42,236
20201019,41.31,41.31,41.1,41.1,2374
20201020,41.57,41.57,41.53,41.53,750
20201021,41.83,41.87,41.61,41.69,1935
20201022,41.74,41.74,41.64,41.64,866
20201023,41.43,41.43,41.43,41.43,30
20201026,40.96,41.01,40.73,40.73,545
20201027,41.33,41.6,41.33,41.6,4126
20201028,41.06,41.06,40.99,41.06,1753
20201029,41.4,41.77,41.4,41.76,1519
20201030,41.26,41.26,41.02,41.03,3112
20201102,41.49,41.56,41.49,41.56,339
20201103,41.39,41.39,41.39,41.39,236
20201104,42.72,43.09,42.65,43,4860
20201105,43.49,43.66,43.26,43.6,8729
20201106,43.29,43.63,43.29,43.63,749
20201109,44.77,44.77,43.56,43.56,1404
20201110,42.51,42.6,42.43,42.53,6171
20201111,41.97,41.97,41.76,41.76,556
20201112,42.71,42.82,42.45,42.82,1895
20201113,42.39,42.56,42.39,42.56,572
20201116,43.1,44.84,42.8,42.85,3923
20201117,42.61,42.86,42.61,42.82,10425
20201118,42.46,42.57,42.44,42.57,1326
20201119,42.67,42.67,42.67,42.67,236
20201120,43.3,43.3,43.3,43.3,30
20201123,43.16,43.17,43.16,43.17,261
20201124,43.23,43.57,43.23,43.57,46838
20201125,43.14,43.14,43.08,43.08,727
20201127,43.68,43.78,43.68,43.78,500
20201130,43.19,43.19,42.72,42.76,49841
20201201,43.27,43.37,43.24,43.37,602
20201202,42.9,43.1,42.9,43.04,3574
20201203,43.29,43.5,43.29,43.37,3724
20201204,43.41,43.5,43.4,43.49,23677
20201207,43.11,43.39,43.11,43.26,3004
20201208,43.29,43.34,43.29,43.34,261
20201209,43.01,43.01,43.01,43.01,158
20201210,43.03,43.05,43.03,43.05,625
20201211,42.73,42.76,42.64,42.64,1350
20201214,42.53,42.72,42.53,42.53,2103
20201215,42.69,42.78,42.65,42.78,4101
20201216,43.12,43.13,43.12,43.13,545
20201217,43.59,43.59,43.39,43.52,3000
20201218,43.44,43.44,43.44,43.44,132
20201221,43.32,43.41,43.32,43.39,2959
20201222,43.04,43.04,43.04,43.04,144
20201223,43.27,43.27,43.27,43.27,30
20201224,42.67,42.67,42.3,42.5,9300
20201228,42.6,42.6,42.51,42.51,948
20201229,42.9,43.17,42.86,43.12,4400
20201230,43.96,44.02,43.82,44.02,2046
20201231,44.26,44.26,44.02,44.15,3332
20210104,44.99,45.05,44.6,44.63,4660
20210105,45.5,45.76,45.5,45.75,3280
20210106,45.81,46.08,45.81,46.05,582
20210107,45.53,45.91,45.53,45.91,924
20210108,46.08,46.64,46.08,46.39,938
20210111,45.87,46.07,45.87,45.9,530
20210112,46.67,46.67,46.58,46.6,803
20210113,46.52,46.52,46.5,46.5,2223
20210114,47.07,47.07,46.78,46.78,840
20210115,46.51,46.51,46.51,46.51,30
20210119,47.56,47.63,47.49,47.49,8642
20210120,48.8,48.8,48.8,48.8,2070
20210121,48.85,48.85,48.85,48.85,489
20210122,48.44,48.9,48.44,48.87,744
20210125,50.15,50.15,49.56,49.56,2767
20210126,49.33,49.33,49.2,49.2,773
20210127,48.5,48.5,47.71,47.97,4297
20210128,47.49,47.84,47.49,47.77,2728
20210129,47.23,47.23,46.99,46.99,538
20210201,48.05,48.05,48.05,48.05,336
20210202,48.68,48.89,48.68,48.89,2524
20210203,49.1,49.13,49.1,49.13,593
20210204,48.96,48.96,48.95,48.95,1101
20210205,49,49.26,49,49.26,942
20210208,49.53,49.65,49.53,49.65,638
20210209,50.62,50.82,50.62,50.77,2650
20210210,51.58,51.6,50.96,51.15,21142
20210211,51.83,52.03,51.66,51.69,22783
20210212,51.61,51.96,51.61,51.74,2120
20210216,52.16,52.28,51.97,51.98,3169
20210217,52.27,52.27,52.06,52.13,1387
20210218,50.68,50.72,50.61,50.72,2402
20210219,51.51,51.54,51.41,51.41,1536
20210222,49.49,49.59,49.49,49.56,1704
20210223,48.33,49.24,48.32,49.24,3633
20210224,48.18,48.19,48.12,48.15,1153
20210225,48.07,48.07,47.27,47.27,1256
20210226,46.83,46.87,46.7,46.8,2568
20210301,47.92,47.92,47.92,47.92,234
20210302,47.11,47.11,47.11,47.11,30
20210303,47.29,47.29,47.29,47.29,881
20210304,45.69,45.7,45.66,45.69,1509
20210305,46.08,46.08,45.01,45.49,4646
20210308,44.34,44.34,43.85,43.85,2590
20210309,44.88,45.08,44.7,45.08,2376
20210310,44.42,44.42,44.27,44.27,1480
20210311,45.83,46.29,45.72,46.23,1995
20210312,45.05,45.18,44.97,45.18,2368
20210315,44.64,44.9,44.59,44.9,1160
20210316,45.12,45.19,45.12,45.19,498
20210317,44.91,45.39,44.72,45.33,40854
20210318,45.09,45.09,45.09,45.09,361
20210319,44.84,44.84,44.84,44.84,540
20210322,44.93,45.04,44.93,45.01,1274
20210323,44.33,44.38,44.33,44.38,1441
20210324,43.61,43.61,42.85,42.85,2268
20210325,42.66,42.88,42.52,42.59,6227
20210326,43.06,43.09,43.04,43.09,9837
20210329,43.34,43.53,43.31,43.43,6342
20210330,43.44,43.89,43.44,43.87,9545
20210331,43.95,44,43.95,43.99,744
20210401,44.68,44.73,44.58,44.71,14610
20210405,44.96,45,44.74,44.9,16087
20210406,45.14,45.19,45.12,45.12,5844
20210407,44.01,44.12,44.01,44.03,5468
20210408,44.5,44.62,44.46,44.62,7010
20210409,43.81,43.81,43.77,43.77,3155
20210412,43.6,43.69,43.56,43.69,3789
20210413,43.73,43.83,43.72,43.83,4030
20210414,44.08,44.08,43.79,43.79,2024
20210415,43.91,43.99,43.91,43.93,8232
20210416,44.01,44.15,44.01,44.13,744
20210419,44.3,44.37,44.21,44.27,7011
20210420,44.42,44.45,44.09,44.17,3953
20210421,44.19,44.53,44.19,44.53,459
20210422,44.49,44.72,44.49,44.6,601
20210423,45.14,45.38,45.14,45.37,1544
20210426,44.63,44.82,44.63,44.79,4025
20210427,44.95,44.95,44.95,44.95,239
20210428,45.25,45.4,45.25,45.4,775
20210429,44.97,44.97,44.97,44.97,132
20210430,44.64,44.64,44.62,44.63,2889
20210503,44.4,44.71,44.38,44.57,3734
20210504,44,44,43.88,43.97,3192
20210505,44.28,44.32,44.28,44.28,2207
20210506,44.02,44.18,43.99,43.99,2707
20210507,44.09,44.09,44.09,44.09,30
20210510,43.25,43.3,43.09,43.11,4293
20210511,43.17,43.43,43.16,43.33,1325
20210512,43.24,43.24,43.08,43.08,1016
20210513,42.43,42.46,42.43,42.46,834
20210514,43.39,43.39,43.39,43.39,2136
20210517,43.84,43.84,43.84,43.84,30
20210518,44,44.35,44,44.18,3179
20210519,43.71,44.11,43.71,44.11,489
20210520,44.44,44.44,44.44,44.44,30
20210521,43.8,43.8,43.8,43.8,764
20210524,44.09,44.17,43.85,44.16,4510
20210525,45.11,45.47,45.11,45.18,6003
20210526,45.33,45.4,45.33,45.4,10647
20210527,45.44,45.48,45.44,45.48,715
20210528,45.53,45.53,45.53,45.53,30
20210601,46.37,46.39,46.14,46.32,6029
20210602,46,46,46,46,234
20210603,45.5,45.5,45.25,45.27,1153
20210604,45.71,45.71,45.71,45.71,387
20210607,45.28,45.34,45.28,45.34,869
20210608,45.11,45.11,45.11,45.11,795
20210609,45.07,45.07,45.07,45.07,30
20210610,45.46,45.49,45.39,45.49,1053
20210611,45.14,45.14,45.14,45.14,30
20210614,45.23,45.23,45.15,45.2,514
20210615,44.58,44.58,44.58,44.58,30
20210616,43.87,43.87,43.87,43.87,30
20210617,44.47,44.52,44.47,44.52,582
20210618,44.43,44.43,44.29,44.29,239
20210621,44.19,44.37,44.19,44.37,412
20210622,44.15,44.22,44.15,44.22,259
20210623,44.81,44.81,44.65,44.65,725
20210624,45.06,45.06,45.06,45.06,30
20210625,45.65,45.67,45.64,45.67,604
20210628,46.02,46.02,46.02,46.02,30
20210629,45.84,45.84,45.84,45.84,30
20210630,45.65,45.65,45.65,45.65,132
20210701,45.42,45.42,45.12,45.13,831
20210702,44.57,44.57,44.41,44.51,2020
20210706,43.8,43.82,43.67,43.67,1872
20210707,43.88,43.88,43.88,43.88,30
20210708,42.78,42.92,42.75,42.92,1064
20210709,43.39,43.56,43.39,43.53,1050
20210712,43.74,43.76,43.74,43.76,721
20210713,44.26,44.26,44.16,44.16,642
20210714,43.96,43.96,43.94,43.94,446
20210715,44.5,44.5,44.28,44.37,957
20210716,44.1,44.1,43.87,43.87,341
20210719,43.34,43.34,43.28,43.3,2401
20210720,43.29,43.51,43.29,43.51,908
20210721,43.91,43.91,43.88,43.91,1863
20210722,43.9,43.9,43.9,43.9,30
20210723,42.52,42.69,42.52,42.69,285
20210726,41.1,41.2,40.69,40.69,6132
20210727,39.05,39.17,38.36,38.87,16750
20210728,40.62,41.06,40.61,41.06,1881
20210729,41.23,41.23,40.94,40.97,2031
20210730,40.78,40.82,40.66,40.69,8853
20210802,41.32,41.36,41.32,41.36,989
20210803,40.94,40.94,40.94,40.94,132
20210804,41.57,41.57,41.57,41.57,361
20210805,41.31,41.31,41.31,41.31,132
20210806,40.75,40.78,40.75,40.78,387
20210809,41.21,41.39,41.21,41.39,553
20210810,41.71,41.71,41.71,41.71,336
20210811,41.86,41.9,41.78,41.83,1661
20210812,41.4,41.4,41.28,41.28,1407
20210813,41.26,41.26,41.26,41.26,247
20210816,40.62,40.64,40.62,40.62,560
20210817,39.56,39.7,39.45,39.45,5143
20210818,39.87,39.87,39.87,39.87,451
20210819,39.25,39.28,39.2,39.24,1075
20210820,39.05,39.05,39.05,39.05,132
20210823,39.35,39.35,39.18,39.18,748
20210824,40.43,40.83,40.43,40.83,433
20210825,40.68,40.68,40.68,40.68,30
20210826,40.27,40.27,40.27,40.27,1050
20210827,40.1,40.15,40.1,40.15,908
20210830,40.25,40.25,40.25,40.25,713
20210831,40.71,40.77,40.71,40.71,2374
20210901,41.17,41.63,41.17,41.56,2407
20210902,41.39,41.39,41.36,41.36,1662
20210903,41.37,41.37,41.33,41.33,2494
20210907,42.03,42.32,42.03,42.31,6263
20210908,41.89,41.89,41.87,41.87,1050
20210909,41.72,41.72,41.72,41.72,30
20210910,41.76,41.76,41.76,41.76,30
20210913,41.66,41.66,41.66,41.66,30
20210914,40.87,40.87,40.87,40.87,220
20210915,40.34,40.61,40.34,40.61,1050
20210916,39.87,39.97,39.79,39.97,3090
20210917,40.24,40.24,40.1,40.17,3151
20210920,38.98,39.06,38.55,38.55,504
20210921,39.14,39.21,38.93,38.93,15648
20210922,39.95,39.95,39.95,39.95,30
20210923,39.74,39.8,39.74,39.8,1034
20210924,39.38,39.38,39.29,39.29,2248
20210927,39.73,39.73,39.73,39.73,30
20210928,39.45,39.45,39.45,39.45,540
20210929,39.43,39.47,39.1,39.13,3040
20210930,39.65,39.67,39.52,39.52,4722
20211001,39.24,39.24,39.05,39.05,540
20211004,38.66,38.67,38.47,38.56,6623
20211005,38.79,38.95,38.79,38.95,540
20211006,38.59,38.59,38.54,38.55,7225
20211007,40.02,40.11,40.02,40.11,234
20211008,40.37,40.47,40.37,40.47,1050
20211011,40.65,40.65,40.36,40.36,256
20211012,39.97,39.97,39.97,39.97,30
20211013,40.86,40.86,40.86,40.86,234
20211014,40.49,40.51,40.48,40.48,1458
20211015,40.92,40.92,40.92,40.92,234
20211018,40.79,41.02,40.79,41.02,465
20211019,41.56,41.95,41.56,41.95,1314
20211020,42.02,42.02,42.01,42.01,728
20211021,41.66,41.9,41.66,41.83,4981
20211022,42.21,42.21,41.8,41.8,336
20211025,42.06,42.06,42.06,42.06,30
20211026,41.81,41.81,41.81,41.81,337
20211027,41.22,41.22,41.1,41.11,562
20211028,40.84,40.85,40.84,40.85,540
20211029,40.62,40.76,40.47,40.47,115921
20211101,40.88,40.88,40.85,40.85,234
20211102,40.38,40.38,40.38,40.38,2070
20211103,40.11,40.2,40.07,40.2,670
20211104,40.24,40.24,40.24,40.24,263
20211105,39.8,39.8,39.8,39.8,30
20211108,40.05,40.12,40.02,40.11,1174
20211109,40,40,39.89,39.9,1433
20211110,40.2,40.2,39.99,40.02,744
20211111,41.08,41.08,41,41,3024
20211112,41.01,41.12,40.89,41.12,516
20211115,41.04,41.04,40.9,40.91,976
20211116,41.05,41.06,41.05,41.06,439
20211117,40.87,40.87,40.87,40.87,30
20211118,40.15,40.15,40.02,40.02,529
20211119,40.45,40.45,40.42,40.42,336
20211122,40.4,40.46,40.31,40.32,708
20211123,40,40,40,40,30
20211124,40.06,40.06,39.97,39.97,332
20211126,39.5,39.5,39.31,39.31,544
20211129,39.23,39.23,39.23,39.23,30
20211130,38.99,39.07,38.95,39.07,1197
20211201,39.31,39.31,38.93,38.93,591
20211202,39.34,39.34,39.26,39.26,370
20211203,38.33,38.39,38.33,38.39,744
20211206,38.63,38.83,38.63,38.81,1472
20211207,39.27,39.27,39.24,39.24,1005
20211208,39.67,39.7,39.67,39.7,234
20211209,39.86,39.86,39.8,39.8,846
20211210,39.78,39.78,39.68,39.68,2452
20211213,39.43,39.45,39.37,39.37,13434
20211214,39.27,39.27,39.27,39.27,30
20211215,38.5,38.51,38.5,38.51,336
20211216,38.75,38.78,38.72,38.78,8485
20211217,38.12,38.35,38.06,38.23,72704
20211220,37.74,37.74,37.445,37.57,2051
20211221,38.155,38.155,38.12,38.12,624
20211222,38.2,38.34,38.14,38.3,1251
20211223,38.58,38.65,38.58,38.611,1400
20211227,38.31,38.63,38.31,38.45,5397
20211228,38.225,38.2301,38.225,38.2301,1980
20211229,37.83,37.83,37.59,37.7,1879
20211230,38.02,38.67,37.99,38.64,137145
20211231,38.76,38.76,38.6,38.62,1024
20220103,38.23,38.495,38.23,38.49,2667
20220104,38.08,38.09,37.89,37.92,2000
20220105,37.52,37.665,37.37,37.38,1319
20220106,37.45,37.5379,37.27,37.5379,2313
20220107,37.62,37.8523,37.62,37.6819,2007
20220110,37.81,37.81,37.63,37.63,400
20220111,38.23,38.23,38.23,38.23,100
20220112,38.95,39.075,38.74,39.075,26142
20220113,38.53,38.53,38.23,38.28,1450
20220114,38.09,38.09,38.09,38.09,100
20220118,37.86,38.17,37.86,38.15,2584
20220119,38.16,38.16,38.15,38.16,535
20220120,39.25,39.25,39.25,39.25,100
20220121,38.5099,38.5099,38.12,38.12,650
20220124,37.53,37.77,37.4201,37.77,1633
20220125,37.32,37.43,37.25,37.43,2952
20220126,37.5,37.5,37.2613,37.2613,200
20220127,36.49,36.52,36.39,36.39,1300
20220128,35.92,35.93,35.92,35.93,347
20220131,36.97,37.08,36.97,37,1200
20220201,37.32,37.32,37.04,37.09,13279
20220202,37.48,37.48,36.94,37.13,4572
20220203,37,37.14,36.9806,36.9806,542
20220204,37.24,37.24,37.12,37.12,421
20220207,37.041,37.07,37.041,37.07,453
20220208,37.05,37.1683,36.81,37.1683,3312
20220209,37.845,37.93,37.82,37.93,1685
20220210,38,38.06,37.64,37.71,1693
20220211,37.495,37.495,37.495,37.495,100
20220214,36.77,36.805,36.38,36.6856,16419
20220215,37.22,37.51,37.19,37.51,14895
20220216,37.33,37.68,37.33,37.68,4104
20220218,37.21,37.21,37.21,37.21,100
