Date,Open,High,Low,Close,Volume
20171003,8.89,8.898,8.867,8.89,53976
20171004,8.898,8.986,8.877,8.89,66185
20171005,8.934,8.934,8.925,8.934,36175
20171006,8.892,8.925,8.892,8.897,1609
20171009,8.915,8.915,8.915,8.915,125
20171010,8.908,8.951,8.908,8.951,6699
20171011,8.969,8.969,8.933,8.969,58628
20171012,8.96,8.995,8.96,8.986,68376
20171013,9.004,9.013,8.989,8.995,293009
20171016,9.004,9.004,8.967,8.983,464137
20171017,8.986,8.986,8.96,8.986,81860
20171018,8.986,9.013,8.983,8.995,214912
20171019,9.206,9.206,8.969,9.004,305328
20171020,9.021,9.021,8.993,9.013,164574
20171023,9.004,9.004,9.004,9.004,3265
20171024,8.978,8.986,8.971,8.986,11264
20171025,8.925,8.925,8.905,8.905,239
20171026,8.986,8.986,8.866,8.881,6664
20171027,8.891,8.925,8.891,8.925,3002
20171030,8.925,8.925,8.925,8.925,11
20171031,8.907,8.942,8.907,8.942,18822
20171101,8.934,8.942,8.899,8.923,41237
20171102,8.934,8.934,8.912,8.912,2676
20171103,8.913,8.913,8.913,8.913,11
20171106,8.969,8.969,8.969,8.969,2260
20171107,8.934,8.934,8.925,8.934,24403
20171108,8.969,8.978,8.969,8.978,839
20171109,9.118,9.118,9.118,9.118,11
20171110,9.118,9.118,9.118,9.118,11
20171113,8.96,8.982,8.96,8.982,2269
20171114,8.849,8.89,8.849,8.89,4793
20171115,8.828,8.828,8.828,8.828,125
20171116,8.828,8.828,8.828,8.828,11
20171117,8.828,8.828,8.828,8.828,11
20171120,8.969,8.969,8.933,8.933,291
20171121,8.94,8.978,8.94,8.95,7610
20171122,9.171,9.171,8.978,8.978,11851
20171124,8.978,8.978,8.978,8.978,11
20171127,9.074,9.074,9.013,9.074,2419
20171128,8.995,8.995,8.995,8.995,3769
20171129,8.986,8.986,8.972,8.972,20993
20171130,8.952,8.952,8.952,8.952,2744
20171201,8.978,8.978,8.926,8.969,2174
20171204,8.999,9.013,8.982,8.995,10227
20171205,8.995,8.995,8.995,8.995,11
20171206,8.846,8.895,8.837,8.895,4884
20171207,8.942,8.942,8.942,8.942,494
20171208,9.064,9.064,8.935,8.964,17585
20171211,8.978,8.978,8.954,8.954,5533
20171212,8.966,8.966,8.922,8.922,11369
20171213,8.957,8.957,8.957,8.957,236
20171214,8.966,8.966,8.962,8.962,2932
20171215,8.962,8.962,8.962,8.962,11
20171218,9.011,9.011,9.011,9.011,1810
20171219,8.948,8.948,8.931,8.931,1101
20171220,8.984,8.984,8.984,8.984,216
20171221,9.046,9.055,9.002,9.02,210062
20171222,9.002,9.002,8.984,8.984,4682
20171226,8.948,9.011,8.948,9.002,8127
20171227,9.082,9.082,9.038,9.038,16265
20171228,9.037,9.037,9.037,9.037,11
20171229,9.037,9.037,9.037,9.037,11
20180102,9.117,9.117,9.117,9.117,1396
20180103,9.129,9.129,9.129,9.129,1866
20180104,9.129,9.129,9.129,9.129,11
20180105,9.129,9.129,9.129,9.129,11
20180108,8.984,9.135,8.984,9.135,873
20180109,9.135,9.135,9.135,9.135,13951
20180110,9.269,9.269,9.109,9.153,18841
20180111,9.153,9.153,9.128,9.128,1697
20180112,9.198,9.215,9.171,9.171,67321
20180116,9.236,9.236,9.216,9.216,4346
20180117,9.2,9.2,9.2,9.2,337
20180118,9.171,9.198,9.153,9.18,5652
20180119,9.188,9.188,9.188,9.188,573
20180122,9.215,9.295,9.215,9.264,6644
20180123,9.322,9.349,9.313,9.349,1663477
20180124,9.331,9.34,9.304,9.304,392416
20180125,9.304,9.367,9.304,9.334,63203
20180126,9.393,9.402,9.34,9.349,22517
20180129,9.304,9.322,9.273,9.303,8922
20180130,9.331,9.331,9.224,9.224,2294
20180131,9.224,9.242,9.193,9.242,1091
20180201,9.251,9.251,9.241,9.241,498
20180202,9.224,9.224,9.056,9.144,2243
20180205,9.011,9.011,9.011,9.011,140
20180206,8.824,8.957,8.822,8.957,10887
20180207,8.984,8.984,8.926,8.957,2483
20180208,8.806,8.806,8.806,8.806,218
20180209,8.664,8.708,8.584,8.682,38792
20180212,8.841,8.841,8.841,8.841,2259
20180213,8.859,8.913,8.851,8.913,3571
20180214,8.966,8.975,8.939,8.975,2352
20180215,8.996,8.996,8.996,8.996,424
20180216,8.975,8.975,8.966,8.966,1697
20180220,8.929,8.942,8.929,8.942,930
20180221,8.94,8.954,8.94,8.954,1007
20180222,8.954,8.954,8.954,8.954,11
20180223,8.931,8.975,8.931,8.975,5412
20180226,9.027,9.027,9.027,9.027,335
20180227,9.206,9.206,8.94,8.94,941
20180228,8.931,8.948,8.913,8.913,1988
20180301,8.868,8.868,8.853,8.868,2442
20180302,8.557,8.842,8.557,8.842,2885
20180305,8.869,8.931,8.869,8.931,1367
20180306,8.94,8.94,8.94,8.94,44260
20180307,8.69,8.948,8.69,8.933,34096
20180308,8.93,8.947,8.93,8.947,1842
20180309,9.024,9.029,9.014,9.029,1456
20180312,9.055,9.073,9.049,9.073,29919
20180313,9.073,9.082,9.045,9.045,12897
20180314,9.055,9.064,9.055,9.064,1054
20180315,9.023,9.023,9.023,9.023,146
20180316,8.881,8.996,8.881,8.996,6621
20180319,8.877,8.916,8.877,8.916,434
20180320,8.97,8.97,8.945,8.945,3880
20180321,9.059,9.059,9.021,9.021,236
20180322,8.904,8.936,8.904,8.916,1182
20180323,8.826,8.826,8.765,8.765,1037
20180326,8.622,8.827,8.622,8.812,810
20180327,8.881,8.907,8.827,8.854,13081
20180328,8.783,8.796,8.783,8.783,681
20180329,8.845,8.845,8.845,8.845,497
20180402,8.702,8.729,8.702,8.729,430
20180403,8.755,8.785,8.755,8.762,971
20180404,8.815,8.815,8.774,8.774,2722
20180405,8.881,8.881,8.859,8.859,1842
20180406,8.854,8.854,8.765,8.765,2636
20180409,8.845,8.86,8.845,8.86,774
20180410,8.86,8.86,8.86,8.86,11
20180411,8.694,8.898,8.694,8.845,7585
20180412,8.836,8.97,8.747,8.907,28084
20180413,8.872,8.872,8.872,8.872,3709
20180416,8.932,8.932,8.913,8.913,413
20180417,8.958,8.994,8.954,8.994,2666
20180418,9.119,9.119,9.007,9.007,3573
20180419,8.94,8.94,8.914,8.932,4027
20180420,8.921,8.932,8.903,8.931,2978
20180423,8.914,8.914,8.86,8.86,3472
20180424,8.878,8.923,8.823,8.827,3760
20180425,8.842,8.842,8.842,8.842,2651
20180426,8.921,8.921,8.921,8.921,1001
20180427,8.94,8.967,8.94,8.967,1553
20180430,8.949,8.949,8.928,8.94,1063
20180501,8.923,8.923,8.895,8.923,1644
20180502,8.905,8.925,8.905,8.923,2262
20180503,8.895,8.895,8.895,8.895,1222
20180504,8.895,8.895,8.895,8.895,11
20180507,8.895,8.895,8.895,8.895,11
20180508,8.958,8.978,8.958,8.978,813
20180509,8.977,8.977,8.94,8.956,4151
20180510,8.957,8.957,8.957,8.957,11
20180511,9.036,9.036,9.003,9.003,501
20180514,9.066,9.066,9.039,9.039,4925
20180515,8.983,8.983,8.93,8.952,3089
20180516,8.97,8.97,8.969,8.969,421
20180517,8.93,8.939,8.93,8.939,414
20180518,8.951,8.983,8.939,8.939,7428
20180521,8.956,8.986,8.956,8.986,1540
20180522,8.983,9.01,8.957,8.991,2637
20180523,8.831,9.01,8.831,8.983,16207
20180524,8.948,8.989,8.948,8.989,1546
20180525,8.989,8.989,8.989,8.989,11
20180529,8.939,8.948,8.916,8.948,15485
20180530,9.001,9.055,8.992,9.055,3812
20180531,9.046,9.046,8.997,8.997,3196
20180601,9.073,9.073,9.073,9.073,207
20180604,9.069,9.073,9.069,9.073,807
20180605,9.091,9.099,9.053,9.083,5132
20180606,9.082,9.145,9.082,9.1,16662
20180607,9.099,9.099,9.099,9.099,11
20180608,9.162,9.162,9.145,9.145,458
20180611,9.126,9.162,9.126,9.162,2732
20180612,9.171,9.171,9.127,9.133,3356
20180613,9.12,9.153,9.12,9.153,6760
20180614,9.099,9.144,9.099,9.108,26036
20180615,9.093,9.107,9.093,9.094,21356
20180618,8.977,9.118,8.961,9.101,8395
20180619,9.062,9.062,9.048,9.048,4699
20180620,9.102,9.147,9.102,9.123,2627
20180621,9.122,9.129,9.076,9.106,9474
20180622,9.138,9.138,9.102,9.12,17970
20180625,9.041,9.147,8.906,9.078,44232
20180626,8.946,9.192,8.932,8.935,9111
20180627,8.935,8.935,8.935,8.935,11
20180628,8.995,9.013,8.968,9.004,18927
20180629,9.066,9.093,9.049,9.093,408651
20180702,9.03,9.041,9.03,9.041,1539
20180703,9.111,9.138,9.111,9.119,53416
20180705,9.129,9.192,9.12,9.192,218075
20180706,9.254,9.281,9.236,9.272,85090
20180709,9.299,9.299,9.261,9.274,1202
20180710,9.756,9.756,9.308,9.308,285965
20180711,9.209,9.29,9.209,9.281,7065
20180712,9.281,9.281,9.281,9.281,11
20180713,9.308,9.308,9.304,9.308,433
20180716,9.252,9.282,9.252,9.263,83616
20180717,9.318,9.336,9.3,9.336,4617
20180718,9.315,9.315,9.282,9.305,19605
20180719,9.318,9.327,9.274,9.327,3815
20180720,9.75,9.75,9.282,9.291,13949
20180723,9.246,9.414,9.246,9.3,13046
20180724,9.552,9.552,9.281,9.291,33995
20180725,9.219,9.3,9.219,9.3,460
20180726,9.356,9.372,9.309,9.36,44973
20180727,9.345,9.345,9.345,9.345,1299
20180730,9.3,9.309,9.3,9.309,6034
20180731,9.335,9.372,9.292,9.354,30556
20180801,9.372,9.38,9.35,9.38,10012
20180802,9.516,9.516,9.378,9.378,1526
20180803,9.417,9.417,9.377,9.408,18450
20180806,9.435,9.435,9.432,9.434,15750
20180807,9.426,9.426,9.426,9.426,617
20180808,9.471,9.471,9.411,9.44,23131
20180809,9.454,9.454,9.445,9.453,3712
20180810,9.471,9.471,9.399,9.408,22141
20180813,9.507,9.507,9.336,9.35,8240
20180814,9.372,9.372,9.351,9.372,2293
20180815,9.378,9.378,9.279,9.333,6107
20180816,9.189,9.369,9.189,9.351,3353
20180817,9.354,9.398,9.352,9.36,7195
20180820,9.468,9.477,9.423,9.477,3789
20180821,9.549,9.549,9.451,9.459,4557
20180822,9.279,9.549,9.279,9.424,6722
20180823,9.423,9.423,9.415,9.415,1711
20180824,9.468,9.468,9.43,9.43,19771
20180827,9.488,9.495,9.462,9.465,20657
20180828,9.441,9.486,9.441,9.459,7841
20180829,9.497,9.501,9.495,9.495,4840
20180830,9.459,9.495,9.45,9.459,21459
20180831,9.531,9.531,9.423,9.423,3126
20180904,9.432,9.441,9.412,9.441,17506
20180905,9.362,9.396,9.362,9.366,16019
20180906,9.368,9.378,9.368,9.378,8247
20180907,9.351,9.351,9.342,9.342,7985
20180910,9.54,9.54,9.338,9.378,13801
20180911,9.387,9.387,9.387,9.387,6985
20180912,9.352,9.387,9.352,9.387,12395
20180913,9.512,9.512,9.4,9.432,8380
20180914,9.468,9.468,9.367,9.423,22836
20180917,9.357,9.384,9.34,9.384,2062
20180918,9.42,9.42,9.42,9.42,1178
20180919,9.406,9.406,9.402,9.403,7556
20180920,9.418,9.448,9.384,9.448,11032
20180921,9.44,9.475,9.421,9.474,9151
20180924,9.511,9.511,9.399,9.416,4618
20180925,9.424,9.438,9.403,9.438,24426
20180926,9.457,9.457,9.367,9.415,12943
20180927,9.39,9.429,9.375,9.375,1928
20180928,9.399,9.42,9.392,9.42,20603
20181001,9.61,9.61,9.437,9.448,18030
20181002,9.412,9.438,9.385,9.42,19606
20181003,9.417,9.417,9.375,9.375,1043
20181004,9.511,9.511,9.239,9.239,9925
20181005,9.257,9.257,9.168,9.214,17773
20181008,9.222,9.231,9.204,9.231,20446
20181009,9.375,9.375,9.24,9.24,1405
20181010,9.073,9.123,9.064,9.064,837
20181011,8.916,8.925,8.853,8.862,22589
20181012,8.844,9.009,8.799,8.826,20100
20181015,8.883,9.005,8.883,8.937,12522
20181016,8.999,9.045,8.956,8.956,6633
20181017,9.066,9.091,9,9.009,26794
20181018,9.049,9.049,8.964,8.997,2935
20181019,9.002,9.002,8.883,8.982,15163
20181022,9.018,9.018,8.873,8.882,2728
20181023,8.801,8.81,8.757,8.776,33236
20181024,8.851,8.851,8.707,8.729,20126
20181025,8.774,8.819,8.713,8.795,16417
20181026,8.602,8.72,8.602,8.647,16573
20181029,8.683,8.683,8.521,8.521,4447
20181030,8.612,8.674,8.575,8.617,23544
20181031,8.73,8.73,8.728,8.728,1419
20181101,8.837,8.91,8.76,8.84,16514
20181102,8.855,8.863,8.769,8.769,5460
20181105,8.891,8.892,8.83,8.832,8706
20181106,8.946,8.955,8.873,8.92,13927
20181107,9.018,9.027,8.973,8.973,6483
20181108,9.081,9.081,9,9.027,4224
20181109,8.964,8.973,8.846,8.867,72981
20181112,8.855,8.919,8.855,8.874,10328
20181113,8.802,8.937,8.802,8.81,50888
20181114,8.774,8.81,8.656,8.693,45058
20181115,8.731,8.795,8.71,8.771,17035
20181116,8.812,8.822,8.753,8.822,5611
20181119,8.722,8.722,8.714,8.714,1008
20181120,8.714,8.714,8.714,8.714,11
20181121,8.677,8.695,8.653,8.695,6141
20181123,8.659,8.659,8.633,8.633,1704
20181126,8.65,8.65,8.623,8.647,3488
20181127,8.698,8.698,8.698,8.698,224
20181128,8.641,8.804,8.641,8.804,33215
20181129,8.785,8.832,8.759,8.809,12530
20181130,8.836,8.836,8.836,8.836,1685
20181203,8.967,8.985,8.885,8.913,20672
20181204,8.967,8.967,8.813,8.813,30017
20181206,8.623,8.722,8.505,8.686,8750
20181207,8.804,8.804,8.704,8.741,54640
20181210,8.614,8.659,8.578,8.659,9405
20181211,8.711,8.713,8.635,8.713,5666
20181212,8.741,8.741,8.696,8.741,15839
20181213,8.713,8.713,8.659,8.659,13962
20181214,8.659,8.677,8.487,8.488,7340
20181217,8.521,8.521,8.438,8.438,13455
20181218,8.238,8.247,8.21,8.222,2991
20181219,8.787,8.787,7.844,8.159,2829
20181220,8.109,8.109,7.981,7.981,6501
20181221,8.098,8.098,7.918,7.918,8709
20181224,7.894,7.894,7.894,7.894,11
20181226,7.889,8.11,7.853,8.075,13112
20181227,8.058,8.156,8.058,8.083,962
20181228,8.213,8.222,7.56,8.164,149031
20181231,7.652,8.247,7.652,8.146,75286
20190102,8.115,8.202,8.101,8.146,10387
20190103,8.176,8.237,8.125,8.199,168944
20190104,8.796,8.796,8.32,8.336,3090
20190107,8.494,8.557,8.466,8.517,8113
20190108,8.557,8.614,8.557,8.614,17440
20190109,8.613,8.676,8.595,8.676,5734
20190110,8.672,8.695,8.642,8.672,25486
20190111,8.657,8.714,8.657,8.712,13533
20190114,8.642,8.7,8.642,8.7,1820
20190115,8.659,8.746,8.659,8.698,19651
20190116,8.743,8.796,8.743,8.796,1361
20190117,8.851,8.851,8.75,8.811,5280
20190118,8.778,8.86,8.778,8.86,5909
20190122,8.704,8.741,8.703,8.703,9707
20190123,8.805,8.813,8.659,8.718,68752
20190124,8.695,8.785,8.695,8.778,44109
20190125,8.817,8.851,8.787,8.851,127531
20190128,8.8,8.8,8.761,8.778,12033
20190129,8.768,8.868,8.768,8.851,203408
20190130,8.916,8.952,8.869,8.923,371507
20190131,8.942,8.995,8.906,8.979,3418
20190201,8.915,8.997,8.915,8.988,11402
20190204,8.915,9.061,8.888,9.033,17285
20190205,9.052,9.071,9.029,9.071,28186
20190206,8.97,9.171,8.97,9.052,34215
20190207,8.971,8.971,8.896,8.906,6741
20190208,8.96,8.97,8.916,8.942,6748
20190211,8.961,9.016,8.952,8.952,6857
20190212,9.051,9.08,9.034,9.035,6573
20190213,9.024,9.107,9.01,9.107,26432
20190214,9.098,9.135,9.034,9.044,3683
20190215,9.125,9.134,9.125,9.134,11589
20190219,9.184,9.193,9.102,9.111,12285
20190220,9.175,9.175,9.102,9.102,10659
20190221,9.138,9.147,9.057,9.057,6781
20190222,9.103,9.103,9.103,9.103,11
20190225,9.221,9.23,9.12,9.184,7663
20190226,9.166,9.166,9.092,9.143,3260
20190227,9.047,9.184,9.047,9.184,5270
20190228,9.12,9.147,9.083,9.083,45640
20190301,9.124,9.156,9.114,9.156,76231
20190304,9.138,9.147,9.028,9.147,74622
20190305,9.092,9.138,9.065,9.074,51749
20190306,9.038,9.102,8.975,9.028,160861
20190307,9.01,9.044,9.001,9.037,37818
20190308,8.991,9.025,8.955,9.025,32897
20190311,9.037,9.102,9.037,9.065,175638
20190312,9.127,9.184,9.093,9.184,33630
20190313,9.138,9.221,9.129,9.212,15686
20190314,9.196,9.239,9.157,9.221,65228
20190315,9.206,9.229,9.206,9.229,33035
20190318,9.238,9.238,9.156,9.156,12905
20190319,9.202,9.293,9.183,9.257,38022
20190320,9.229,9.257,9.137,9.229,68241
20190321,9.312,9.312,9.229,9.275,21887
20190322,9.248,9.248,9.11,9.183,20749
20190325,9.136,9.165,9.117,9.165,10046
20190326,9.148,9.202,9.119,9.119,25252
20190327,9.229,9.257,9.138,9.163,8871
20190328,9.149,9.189,9.134,9.134,6822
20190329,9.256,9.256,9.174,9.183,14682
20190401,9.252,9.253,9.222,9.222,5558
20190402,9.279,9.289,9.252,9.267,7784
20190403,9.284,9.303,9.202,9.275,28471
20190404,9.303,9.303,9.302,9.302,3746
20190405,9.349,9.349,9.349,9.349,11
20190408,9.34,9.412,9.34,9.412,1622
20190409,9.312,9.349,9.284,9.343,8087
20190410,9.404,9.404,9.376,9.377,10709
20190411,9.431,9.439,9.41,9.41,16682
20190412,9.424,9.424,9.424,9.424,4753
20190415,9.37,9.444,9.361,9.361,15302
20190416,9.471,9.471,9.38,9.399,23171
20190417,9.527,9.527,9.315,9.389,46302
20190418,9.325,9.383,9.325,9.37,1975
20190422,9.389,9.389,9.343,9.343,26411
20190423,9.287,9.489,9.287,9.398,82322
20190424,9.453,9.453,9.453,9.453,5946
20190425,9.426,9.432,9.398,9.432,855
20190426,9.39,9.444,9.39,9.425,3041
20190429,9.48,9.481,9.445,9.445,18107
20190430,9.435,9.481,9.434,9.463,23711
20190501,9.431,9.49,9.407,9.481,14628
20190502,9.456,9.456,9.382,9.411,16992
20190503,9.49,9.49,9.49,9.49,9807
20190506,9.278,9.481,9.278,9.459,9603
20190507,9.354,9.37,9.354,9.37,1516
20190508,9.406,9.426,9.333,9.333,8242
20190509,9.315,9.379,9.243,9.379,7391
20190510,9.336,9.37,9.287,9.349,44204
20190513,9.206,9.269,9.206,9.269,22031
20190514,9.306,9.306,9.306,9.306,5427
20190515,9.339,9.406,9.323,9.339,297052
20190516,9.413,9.425,9.379,9.388,95740
20190517,9.49,9.49,9.369,9.401,1599
20190520,9.327,9.387,9.323,9.36,6627
20190521,9.37,9.397,9.369,9.382,26824
20190522,9.361,9.416,9.361,9.381,28314
20190523,9.258,9.305,9.258,9.298,23639
20190524,9.315,9.32,9.315,9.32,1687
20190528,9.314,9.323,9.286,9.305,14108
20190529,9.187,9.212,9.163,9.208,18529
20190530,9.212,9.221,9.201,9.221,22241
20190531,9.157,9.157,9.138,9.157,7975
20190603,9.184,9.211,9.102,9.171,40676
20190604,9.214,9.249,9.208,9.221,34284
20190605,9.228,9.259,9.213,9.259,7525
20190606,9.253,9.314,9.253,9.314,8071
20190607,9.443,9.443,9.317,9.332,2978
20190610,9.368,9.406,9.365,9.388,5117
20190611,9.453,9.453,9.36,9.406,38651
20190612,9.379,9.396,9.379,9.396,4376
20190613,9.434,9.434,9.411,9.429,3020
20190614,9.422,9.427,9.417,9.419,3027
20190617,9.426,9.5,9.426,9.5,27754
20190618,9.5,9.5,9.454,9.475,8070
20190619,9.537,9.537,9.5,9.523,12271
20190620,9.528,9.528,9.528,9.528,3148
20190621,9.519,9.528,9.509,9.509,7662
20190624,9.509,9.509,9.476,9.488,6042
20190625,9.5,9.5,9.435,9.435,10192
20190626,9.417,9.437,9.38,9.398,8115
20190627,9.379,9.439,9.379,9.439,5437
20190628,9.485,9.514,9.457,9.457,5164
20190701,9.519,9.546,9.491,9.491,10577
20190702,9.526,9.579,9.523,9.579,66457
20190703,9.713,9.713,9.571,9.611,937386
20190705,9.584,9.596,9.547,9.596,106161
20190708,9.592,9.592,9.56,9.574,8812
20190709,9.519,9.611,9.519,9.587,19821
20190710,9.629,9.649,9.629,9.635,9033
20190711,9.645,9.645,9.63,9.641,4710
20190712,9.658,9.676,9.63,9.63,17618
20190715,9.778,9.778,9.602,9.658,6627
20190716,9.662,9.662,9.62,9.639,6581
20190717,9.778,9.778,9.608,9.629,9557
20190718,9.611,9.635,9.61,9.635,3714
20190719,9.666,9.666,9.606,9.629,15360
20190722,9.637,9.638,9.59,9.606,17244
20190723,9.629,9.648,9.581,9.648,9990
20190724,9.722,9.722,9.672,9.722,26545
20190725,9.685,9.704,9.62,9.638,15893
20190726,9.67,9.685,9.664,9.685,15537
20190729,9.647,9.671,9.629,9.629,4888
20190730,9.657,9.722,9.657,9.722,34046
20190731,9.715,9.732,9.638,9.657,44933
20190801,9.648,9.666,9.582,9.62,20314
20190802,9.517,9.582,9.517,9.582,61001
20190805,9.461,9.461,9.302,9.368,43692
20190806,9.312,9.442,9.312,9.433,9376
20190807,9.4,9.42,9.334,9.401,32319
20190808,9.466,9.555,9.452,9.517,6829
20190809,9.548,9.554,9.483,9.526,479752
20190812,9.62,9.62,9.48,9.48,10123
20190813,9.359,9.518,9.359,9.518,8601
20190814,9.405,9.414,9.354,9.37,30396
20190815,9.419,9.419,9.327,9.391,7873
20190816,9.485,9.522,9.439,9.454,15023
20190819,9.559,9.578,9.522,9.564,16040
20190820,9.559,9.578,9.531,9.559,30605
20190821,9.569,9.587,9.55,9.579,24881
20190822,9.634,9.634,9.513,9.606,46540
20190823,9.653,9.653,9.454,9.454,11612
20190826,9.466,9.486,9.436,9.444,6162
20190827,9.634,9.634,9.401,9.401,9390
20190828,9.385,9.415,9.379,9.415,16269
20190829,9.472,9.473,9.457,9.471,17096
20190830,9.513,9.522,9.457,9.457,107084
20190903,9.457,9.466,9.41,9.42,50152
20190904,9.519,9.541,9.47,9.541,37681
20190905,9.583,9.586,9.504,9.544,8694
20190906,9.531,9.569,9.531,9.569,41117
20190909,9.578,9.578,9.522,9.559,28954
20190910,9.475,9.55,9.475,9.55,19487
20190911,9.597,9.597,9.526,9.569,34096
20190912,9.593,9.615,9.588,9.598,7168
20190913,9.802,9.802,9.623,9.653,39122
20190916,9.683,9.683,9.617,9.655,18192
20190917,9.664,9.673,9.617,9.673,60521
20190918,9.657,9.683,9.599,9.655,75416
20190919,9.701,9.701,9.645,9.683,43961
20190920,9.701,9.701,9.629,9.701,18183
20190923,9.692,9.698,9.642,9.673,25932
20190924,9.666,9.711,9.589,9.627,54396
20190925,9.621,9.627,9.571,9.627,10834
20190926,9.597,9.652,9.597,9.652,9384
20190927,9.589,9.608,9.542,9.543,32885
20190930,9.57,9.589,9.561,9.568,47780
20191001,9.58,9.58,9.477,9.491,28342
20191002,9.422,9.434,9.309,9.346,5358
20191003,9.365,9.421,9.339,9.4,8866
20191004,9.411,9.445,9.411,9.435,16704
20191007,9.406,9.46,9.406,9.437,6006
20191008,9.383,9.43,9.377,9.43,4798
20191009,9.401,9.439,9.379,9.402,24998
20191010,9.435,9.458,9.411,9.425,20703
20191011,9.497,9.512,9.449,9.484,17313
20191014,9.458,9.477,9.458,9.477,14212
20191015,9.468,9.507,9.468,9.497,4637
20191016,9.497,9.506,9.469,9.506,19529
20191017,9.657,9.657,9.478,9.53,12571
20191018,9.52,9.553,9.496,9.544,8202
20191021,9.581,9.6,9.563,9.591,15661
20191022,9.599,9.61,9.581,9.596,17940
20191023,9.623,9.638,9.606,9.619,31443
20191024,9.591,9.657,9.591,9.628,25293
20191025,9.694,9.694,9.581,9.581,29981
20191028,9.647,9.647,9.563,9.563,21340
20191029,9.554,9.619,9.554,9.581,9653
20191030,9.589,9.596,9.556,9.596,9539
20191031,9.624,9.624,9.553,9.6,21444
20191101,9.613,9.633,9.604,9.622,11010
20191104,9.657,9.666,9.647,9.657,16137
20191105,9.642,9.642,9.572,9.572,23451
20191106,9.6,9.619,9.578,9.61,29639
20191107,9.623,9.623,9.516,9.516,60422
20191108,9.459,9.572,9.459,9.548,11553
20191111,9.544,9.553,9.525,9.534,20398
20191112,9.548,9.549,9.506,9.513,355598
20191113,9.534,9.567,9.515,9.544,15865
20191114,9.555,9.555,9.515,9.525,44722
20191115,9.562,9.564,9.546,9.556,16380
20191118,9.566,9.594,9.562,9.562,67827
20191119,9.602,9.602,9.546,9.555,75428
20191120,9.517,9.571,9.498,9.527,12946
20191121,9.524,9.536,9.498,9.498,32877
20191122,9.517,9.527,9.498,9.508,47163
20191125,9.547,9.593,9.527,9.593,37918
20191126,9.591,9.593,9.565,9.574,27737
20191127,9.565,9.61,9.565,9.603,15586
20191129,9.621,9.622,9.602,9.622,7255
20191202,9.574,9.602,9.546,9.546,19904
20191203,9.567,9.567,9.508,9.546,18027
20191204,9.697,9.697,9.575,9.593,36374
20191205,9.602,9.612,9.555,9.583,45784
20191206,9.631,9.64,9.602,9.612,88089
20191209,9.628,9.64,9.612,9.615,12219
20191210,9.687,9.687,9.602,9.621,18125
20191211,9.646,9.659,9.612,9.638,16893
20191212,9.659,9.668,9.612,9.621,72785
20191213,9.649,9.659,9.621,9.64,21569
20191216,9.728,9.728,9.652,9.654,22860
20191217,9.652,9.733,9.628,9.689,12630
20191218,9.842,9.842,9.671,9.709,13750
20191219,9.692,9.776,9.692,9.718,31468
20191220,9.765,9.785,9.765,9.785,8155
20191223,9.77,9.785,9.756,9.774,18868
20191224,9.89,9.89,9.771,9.785,14961
20191226,9.737,9.823,9.737,9.814,65359
20191227,9.817,9.833,9.801,9.801,59665
20191230,9.781,9.804,9.738,9.747,48187
20191231,9.785,9.833,9.785,9.814,36415
20200102,9.809,9.814,9.785,9.795,26864
20200103,9.804,9.814,9.785,9.804,52659
20200106,9.69,9.823,9.69,9.814,24524
20200107,9.823,9.823,9.79,9.79,391561
20200108,9.814,9.842,9.814,9.839,13126
20200109,9.892,9.892,9.861,9.861,46279
20200110,9.899,9.938,9.88,9.938,35403
20200113,9.918,9.938,9.909,9.938,9446
20200114,9.962,9.962,9.957,9.957,533
20200115,9.977,10.014,9.976,10.014,21667
20200116,10.037,10.08,10.037,10.061,13096
20200117,10.078,10.08,10.051,10.051,3476
20200121,10.061,10.086,10.037,10.051,26423
20200122,10.104,10.128,10.08,10.08,26766
20200123,10.07,10.099,10.061,10.089,29774
20200124,10.115,10.12,10.064,10.07,26167
20200127,10.099,10.099,9.946,9.946,40577
20200128,10.003,10.032,9.984,9.999,51530
20200129,9.994,10.041,9.994,10.023,52523
20200130,9.986,10.023,9.95,10.013,160668
20200131,9.984,10.347,9.927,9.965,208817
20200203,9.975,10.032,9.965,10.003,32209
20200204,10.044,10.118,10.044,10.089,26792
20200205,10.108,10.175,10.099,10.175,52230
20200206,10.137,10.194,10.128,10.194,32177
20200207,10.139,10.156,10.113,10.156,4834
20200210,10.16,10.181,10.16,10.181,5361
20200211,10.232,10.261,10.232,10.252,38638
20200212,10.214,10.261,10.214,10.252,22546
20200213,10.208,10.261,10.207,10.261,8423
20200214,10.218,10.266,10.218,10.237,98285
20200218,10.333,10.333,10.189,10.218,20195
20200219,10.19,10.247,10.19,10.209,76455
20200220,10.247,10.284,10.2,10.262,11459
20200221,10.21,10.228,10.189,10.228,38916
20200224,10.056,10.056,9.941,9.941,93471
20200225,9.998,10.017,9.644,9.663,20857
20200226,9.73,9.768,9.644,9.654,29490
20200227,9.405,9.548,9.367,9.405,27436
20200228,9.019,9.089,8.879,9.032,22057
20200302,9.157,9.443,9.157,9.443,25186
20200303,9.453,9.469,9.195,9.338,72542
20200304,9.516,9.587,9.462,9.587,14571
20200305,9.443,9.443,9.376,9.405,26242
20200306,9.201,9.257,9.108,9.223,41676
20200309,8.716,8.802,8.496,8.515,76895
20200310,8.735,8.841,8.515,8.74,22106
20200311,8.45,8.453,8.123,8.324,31912
20200312,7.52,7.932,7.281,7.281,63355
20200313,7.606,7.753,7.46,7.753,56985
20200316,7.017,7.199,6.7186,6.7278,46093
20200317,6.7186,6.8042,6.5553,6.7427,18149
20200318,6.3736,6.3736,5.1519,5.7478,100497
20200319,5.9209,6.2438,5.3922,6.1804,78304
20200320,6.5937,6.5937,6.0891,6.1131,616449
20200323,6.0122,6.0554,5.248,5.5941,54191
20200324,5.9497,6.3342,5.892,6.2669,121571
20200325,6.0943,7.013,6.0943,6.7287,20976
20200326,6.5648,7.324,6.5648,7.257,361866
20200327,7.036,7.17,6.9418,7.103,403610
20200330,7.122,7.122,6.9493,7.055,162784
20200331,7.007,7.036,6.8917,6.9589,41440
20200401,6.5645,6.6811,6.526,6.5262,24278
20200402,6.5174,6.5889,6.5024,6.5456,563184
20200403,6.5168,6.5841,6.363,6.4303,642559
20200406,6.7377,6.7523,6.6704,6.7184,29307
20200407,6.9541,7.084,6.834,6.882,72237
20200408,6.9569,7.132,6.9397,7.132,190169
20200409,7.17,7.43,7.17,7.343,203585
20200413,7.228,7.228,7.093,7.19,86077
20200414,7.412,7.412,7.286,7.324,97862
20200415,7.294,7.294,7.033,7.188,1080246
20200416,7.246,7.246,7.13,7.14,39428
20200417,6.7435,7.362,6.7435,7.362,145952
20200420,7.458,7.458,7.101,7.12,38210
20200421,7.072,7.072,6.8691,6.9947,315858
20200422,7.096,7.13,7.064,7.091,1525851
20200423,7.12,7.217,7.12,7.169,451143
20200424,7.169,7.236,7.143,7.236,109957
20200427,7.265,7.357,7.265,7.343,27618
20200428,7.42,7.42,7.304,7.323,155190
20200429,7.391,7.507,7.381,7.487,113774
20200430,7.444,7.478,7.381,7.449,62993
20200501,7.285,7.323,7.198,7.285,76583
20200504,7.149,7.198,7.091,7.198,45459
20200505,7.178,7.372,7.178,7.333,122428
20200506,7.314,7.352,7.294,7.323,63120
20200507,7.144,7.429,7.144,7.343,11484
20200508,7.458,7.468,7.437,7.468,30964
20200511,7.423,7.487,7.423,7.478,7258
20200512,7.487,7.497,7.4,7.41,30545
20200513,7.458,7.458,7.169,7.188,31687
20200514,7.198,7.198,7.029,7.188,12025
20200515,7.187,7.222,7.149,7.222,19947
20200518,7.239,7.449,7.239,7.449,9240
20200519,7.529,7.529,7.435,7.435,27017
20200520,7.519,7.529,7.422,7.432,28688
20200521,7.453,7.462,7.404,7.41,470447
20200522,7.451,7.507,7.442,7.481,16869
20200526,7.631,7.645,7.587,7.597,42261
20200527,7.587,7.587,7.519,7.568,41969
20200528,7.626,7.694,7.626,7.665,62405
20200529,7.636,7.684,7.607,7.684,47633
20200601,7.604,7.813,7.604,7.813,77800
20200602,7.841,7.888,7.805,7.888,20363
20200603,7.771,7.955,7.771,7.935,27280
20200604,7.824,7.878,7.791,7.878,175234
20200605,7.81,8.004,7.791,7.965,104694
20200608,7.97,8.062,7.97,8.062,106500
20200609,7.971,8.043,7.955,8.043,16851
20200610,8.033,8.062,7.972,8.033,13582
20200611,7.791,7.81,7.655,7.655,1611
20200612,7.771,8.159,7.713,7.732,4492
20200615,7.685,7.781,7.684,7.781,66323
20200616,7.967,7.967,7.835,7.907,15668
20200617,7.956,7.956,7.878,7.919,19969
20200618,7.878,7.907,7.849,7.849,21835
20200619,7.926,7.934,7.868,7.888,12143
20200622,7.737,7.897,7.737,7.82,10086
20200623,7.953,7.956,7.805,7.926,20277
20200624,7.886,7.886,7.655,7.655,19017
20200625,7.658,7.82,7.658,7.684,113255
20200626,7.829,7.829,7.694,7.694,32951
20200629,7.752,7.771,7.635,7.635,21330
20200630,7.822,7.822,7.703,7.703,9254
20200701,7.926,7.926,7.723,7.723,6523
20200702,7.994,7.994,7.849,7.849,2589
20200706,8.039,8.039,7.743,7.743,25279
20200707,7.665,7.975,7.665,7.849,74217
20200708,8.007,8.007,7.84,7.896,12578
20200709,7.883,8.033,7.883,7.897,31045
20200710,7.985,8.014,7.975,7.985,4296
20200713,7.888,8.077,7.888,7.932,6493
20200714,7.957,7.985,7.9,7.956,8664
20200715,8.229,8.229,7.986,8.054,21913
20200716,7.98,8.025,7.98,8.025,3999
20200717,8.103,8.103,8.025,8.083,37909
20200720,8.093,8.122,8.064,8.122,24705
20200721,8.122,8.19,8.122,8.171,131148
20200722,8.15,8.181,8.078,8.171,25710
20200723,8.181,8.181,8.069,8.122,44616
20200724,8.073,8.112,7.937,8.064,11158
20200727,8.084,8.135,8.054,8.123,23329
20200728,8.064,8.122,7.986,7.986,32540
20200729,8.112,8.181,8.093,8.103,70474
20200730,8.025,8.093,7.898,8.064,66952
20200731,8.138,8.19,8.034,8.171,44452
20200803,8.239,8.297,8.229,8.268,9921
20200804,8.287,8.336,8.255,8.336,19799
20200805,8.375,8.395,8.356,8.395,21248
20200806,8.346,8.385,8.322,8.385,10846
20200807,8.336,8.366,8.268,8.327,30767
20200810,8.154,8.348,8.154,8.278,15558
20200811,8.833,8.833,8.18,8.19,14971
20200812,8.24,8.278,8.239,8.268,8358
20200813,8.307,8.327,8.297,8.307,9295
20200814,8.278,8.278,8.224,8.234,13677
20200817,8.323,8.371,8.317,8.332,93320
20200818,8.365,8.409,8.351,8.371,32515
20200819,8.375,8.395,8.351,8.38,7751
20200820,8.341,8.376,8.333,8.376,11561
20200821,8.332,8.341,8.295,8.302,8215
20200824,8.448,8.448,8.332,8.351,25326
20200825,8.356,8.39,8.356,8.371,26803
20200826,8.429,8.468,8.415,8.468,21977
20200827,8.458,8.468,8.322,8.39,87150
20200828,8.429,8.478,8.429,8.478,7991
20200831,8.434,8.507,8.434,8.448,54123
20200901,8.458,8.56,8.458,8.555,12778
20200902,8.58,8.595,8.538,8.585,6636
20200903,8.332,8.497,8.207,8.332,23676
20200904,8.38,8.4,8.154,8.273,24630
20200908,7.966,8.098,7.966,8.02,15705
20200909,8.254,8.263,8.195,8.195,56804
20200910,8.351,8.351,8.107,8.127,17318
20200911,8.079,8.24,8.079,8.176,3576
20200914,8.234,8.341,8.225,8.302,19771
20200915,8.377,8.407,8.368,8.368,10988
20200916,8.28,8.436,8.27,8.29,11109
20200917,8.28,8.309,8.231,8.231,17632
20200918,8.316,8.316,8.153,8.29,78831
20200921,8.182,8.212,8.097,8.188,8117
20200922,8.207,8.26,8.207,8.241,21112
20200923,8.241,8.251,8.104,8.104,25643
20200924,8.036,8.085,7.968,7.987,1694778
20200925,8.152,8.152,8.055,8.094,15307
20200928,8.007,8.242,8.007,8.202,16169
20200929,7.821,8.299,7.685,8.251,50358
20200930,8.307,8.358,8.299,8.299,15793
20201001,8.367,8.383,8.348,8.377,5207
20201002,8.329,8.358,8.318,8.333,12723
20201005,8.399,8.436,8.399,8.433,48554
20201006,8.377,8.504,8.377,8.436,42265
20201007,8.475,8.509,8.465,8.485,32864
20201008,8.572,8.572,8.543,8.543,4795
20201009,8.621,8.621,8.621,8.621,688
20201012,8.641,8.68,8.621,8.66,11645
20201013,8.65,8.68,8.611,8.68,216009
20201014,8.574,8.667,8.574,8.601,10807
20201015,8.56,8.629,8.414,8.6,115502
20201016,8.624,8.635,8.59,8.593,65504
20201019,8.688,8.688,8.522,8.522,9147
20201020,8.579,8.6,8.561,8.568,8807
20201021,8.59,8.59,8.512,8.527,12850
20201022,8.516,8.523,8.423,8.482,21679
20201023,8.512,8.512,8.492,8.508,13919
20201026,8.482,8.494,8.375,8.433,20876
20201027,8.459,8.473,8.434,8.463,239843
20201028,8.348,8.36,8.297,8.307,15287
20201029,8.326,8.346,8.297,8.336,46094
20201030,8.278,8.279,8.16,8.18,12498
20201102,8.307,8.318,8.228,8.277,5100
20201103,8.33,8.395,8.33,8.365,1832
20201104,8.499,8.611,8.478,8.573,6848
20201105,8.717,8.805,8.707,8.779,42191
20201106,8.751,8.792,8.746,8.781,5756
20201109,9.005,9.005,8.812,8.812,3036
20201110,8.619,8.649,8.57,8.639,19242
20201111,8.658,8.688,8.639,8.688,3387
20201112,8.355,8.756,8.355,8.668,30758
20201113,8.752,8.782,8.752,8.782,1880
20201116,8.791,8.791,8.765,8.765,3206
20201117,8.773,8.85,8.773,8.821,619405
20201118,8.782,8.84,8.782,8.815,11685
20201119,8.723,8.84,8.723,8.84,25851
20201120,8.86,8.889,8.85,8.889,9842
20201123,8.918,8.933,8.86,8.933,2055
20201124,8.933,8.962,8.929,8.938,9248
20201125,8.953,9.006,8.953,9.006,17363
20201127,9.026,9.026,9.026,9.026,4603
20201130,9.134,9.134,8.997,9.016,3223
20201201,9.109,9.143,9.095,9.136,51562
20201202,9.027,9.105,9.027,9.103,16689
20201203,9.095,9.173,9.095,9.163,15158
20201204,9.178,9.213,9.178,9.183,13185
20201207,9.251,9.251,9.197,9.197,11403
20201208,9.248,9.28,9.248,9.277,4497
20201209,9.281,9.281,9.144,9.144,23066
20201210,9.183,9.222,9.183,9.222,10942
20201211,9.247,9.26,9.173,9.222,59998
20201214,9.281,9.3,9.173,9.232,24558
20201215,9.217,9.251,9.212,9.251,12781
20201216,9.387,9.387,9.313,9.357,8686
20201217,9.534,9.534,9.429,9.436,22925
20201218,9.448,9.456,9.436,9.446,5124
20201221,9.458,9.497,9.406,9.497,1948
20201222,9.583,9.583,9.49,9.514,11843
20201223,9.632,9.632,9.505,9.524,12814
20201224,9.524,9.539,9.47,9.475,5159
20201228,9.551,9.551,9.446,9.456,16280
20201229,9.485,9.485,9.367,9.397,20571
20201230,9.514,9.514,9.377,9.377,28337
20201231,9.505,9.544,9.485,9.519,7236
20210104,9.535,9.549,9.406,9.465,5950
20210105,9.475,9.554,9.456,9.544,6941
20210106,9.573,9.593,9.53,9.559,4892
20210107,9.596,9.632,9.596,9.623,2800
20210108,9.672,9.755,9.642,9.691,9566
20210111,9.446,9.632,9.446,9.623,6222
20210112,9.662,9.701,9.642,9.652,4872
20210113,9.701,9.77,9.686,9.726,3608
20210114,9.711,9.711,9.701,9.711,9562
20210115,9.637,9.721,9.632,9.721,9099
20210119,9.682,9.8,9.672,9.8,42575
20210120,9.534,9.908,9.357,9.908,37712
20210121,9.839,9.911,9.839,9.902,14977
20210122,9.819,9.927,9.819,9.927,121874
20210125,9.986,10.016,9.858,9.937,18901
20210126,9.927,9.947,9.908,9.908,3142
20210127,9.75,9.814,9.672,9.672,4301
20210128,9.79,9.809,9.573,9.809,6227
20210129,9.652,9.8,9.593,9.593,153957
20210201,9.593,9.898,9.593,9.888,34056
20210202,9.917,9.986,9.917,9.976,8281
20210203,9.967,9.983,9.879,9.908,21864
20210204,9.917,10.065,9.917,10.016,7934
20210205,10.048,10.056,10.046,10.055,2530
20210208,10.188,10.188,10.153,10.173,939
20210209,10.203,10.222,10.193,10.203,3954
20210210,10.261,10.35,10.212,10.249,20820
20210211,10.252,10.271,10.212,10.216,6066
20210212,10.193,10.261,10.173,10.242,13410
20210216,10.287,10.317,10.2,10.248,143040
20210217,10.139,10.159,10.1,10.13,1234
20210218,10.12,10.158,9.992,10.13,17158
20210219,10.13,10.277,10.13,10.179,142816
20210222,10.022,10.13,9.972,9.982,131173
20210223,9.854,9.869,9.682,9.869,159232
20210224,9.805,9.923,9.697,9.904,280559
20210225,9.677,9.923,9.658,9.697,3311
20210226,9.707,9.747,9.688,9.688,10191
20210301,9.845,9.884,9.746,9.756,162033
20210302,9.825,9.864,9.795,9.805,14189
20210303,9.766,9.766,9.628,9.628,29873
20210304,9.608,9.63,9.411,9.51,28331
20210305,9.53,9.53,9.313,9.451,46778
20210308,9.52,9.618,9.402,9.402,20061
20210309,9.617,9.667,9.589,9.618,35472
20210310,9.672,9.698,9.628,9.638,35119
20210311,9.756,9.835,9.753,9.835,18102
20210312,9.766,9.835,9.746,9.835,54600
20210315,9.815,9.835,9.795,9.835,30323
20210316,9.796,9.886,9.658,9.855,31348
20210317,9.815,9.913,9.786,9.884,37868
20210318,9.845,9.854,9.817,9.84,8239
20210319,9.776,9.808,9.776,9.808,2959
20210322,9.874,9.874,9.786,9.835,29563
20210323,9.786,9.825,9.756,9.756,22843
20210324,9.726,9.746,9.667,9.667,7616
20210325,9.638,9.667,9.613,9.658,43942
20210326,9.678,9.757,9.678,9.742,40366
20210329,9.722,9.756,9.705,9.756,40414
20210330,9.604,9.756,9.51,9.736,74110
20210331,9.776,9.845,9.736,9.835,21795
20210401,9.908,9.953,9.904,9.933,20601
20210405,9.948,9.982,9.933,9.953,21709
20210406,9.977,10.022,9.977,10.002,16135
20210407,9.933,9.982,9.933,9.953,14483
20210408,9.992,10.041,9.992,10.031,24038
20210409,10.004,10.014,9.999,10.014,5669
20210412,10.031,10.041,9.982,9.982,3688
20210413,10.045,10.081,10.045,10.069,8415
20210414,10.061,10.13,9.933,9.943,25284
20210415,10.074,10.103,10.064,10.102,11996
20210416,10.044,10.084,10.044,10.044,7001
20210419,9.897,10.103,9.897,10.054,16276
20210420,10.044,10.074,9.966,9.975,10363
20210421,10.059,10.118,10.059,10.103,4851
20210422,10.152,10.177,10.103,10.113,5932
20210423,10.172,10.208,10.152,10.192,4774
20210426,10.232,10.271,10.232,10.271,4335
20210427,10.247,10.281,10.172,10.222,62598
20210428,10.236,10.271,10.236,10.266,2145
20210429,10.241,10.242,10.197,10.222,7896
20210430,10.217,10.241,10.182,10.187,9669
20210503,10.207,10.222,10.171,10.182,52603
20210504,10.123,10.123,10.036,10.094,12663
20210505,10.07,10.099,9.858,10.084,60595
20210506,10.044,10.054,9.995,10.03,3616
20210507,10.089,10.153,10.089,10.113,6640
20210510,10.074,10.133,10.034,10.034,7363
20210511,10,10.034,9.926,10.005,3634
20210512,9.985,9.985,9.739,9.739,9523
20210513,9.788,9.837,9.66,9.769,30513
20210514,9.841,9.92,9.841,9.92,2153
20210517,9.92,9.93,9.881,9.923,8499
20210518,9.94,10.019,9.94,9.97,1683
20210519,9.753,9.92,9.753,9.871,18246
20210520,10.009,10.058,9.979,10.048,21280
20210521,10.038,10.068,9.999,10.019,12686
20210524,10.058,10.078,10.048,10.078,4721
20210525,10.078,10.098,10.048,10.088,18329
20210526,10.097,10.127,10.097,10.117,4109
20210527,10.137,10.137,10.019,10.117,28461
20210528,10.167,10.206,10.147,10.176,9974
20210601,10.216,10.216,10.147,10.157,4181
20210602,10.176,10.285,10.099,10.285,43550
20210603,10.157,10.181,10.127,10.127,8027
20210604,10.216,10.236,10.181,10.236,5027
20210607,10.245,10.304,10.226,10.293,10870
20210608,10.295,10.304,10.265,10.265,34594
20210609,10.285,10.324,10.285,10.304,6133
20210610,10.306,10.314,10.286,10.306,10800
20210611,10.314,10.314,10.295,10.295,4721
20210614,10.354,10.354,10.334,10.349,60610
20210615,10.317,10.347,10.288,10.307,25311
20210616,10.327,10.347,10.317,10.317,6133
20210617,10.337,10.337,10.199,10.278,19080
20210618,10.268,10.268,10.169,10.209,57066
20210621,10.224,10.238,10.224,10.238,11277
20210622,10.317,10.317,10.258,10.298,8322
20210623,10.327,10.337,10.298,10.298,6622
20210624,10.371,10.406,10.371,10.406,12384
20210625,10.298,10.396,10.278,10.396,21794
20210628,10.426,10.436,10.426,10.433,1797
20210629,10.446,10.475,10.426,10.426,10579
20210630,10.426,10.455,10.416,10.426,12401
20210701,10.416,10.445,10.386,10.445,7202
20210702,10.426,10.455,10.426,10.455,2159
20210706,10.445,10.495,10.445,10.495,11913
20210707,10.445,10.485,10.445,10.485,5795
20210708,10.357,10.426,10.357,10.391,4555
20210709,10.445,10.505,10.445,10.476,7839
20210712,10.475,10.485,10.473,10.481,1604
20210713,10.485,10.524,10.455,10.464,3566
20210714,10.416,10.426,10.386,10.386,2056
20210715,10.329,10.373,10.329,10.364,2979
20210716,10.334,10.349,10.334,10.334,1385
20210719,10.176,10.235,10.166,10.166,11480
20210720,10.301,10.342,10.301,10.322,4050
20210721,10.364,10.411,10.364,10.401,1615
20210722,10.447,10.447,10.428,10.428,898
20210723,10.423,10.472,10.423,10.443,3029
20210726,10.65,10.65,10.388,10.388,4636
20210727,10.328,10.344,10.293,10.293,5096
20210728,10.393,10.482,10.374,10.462,7692
20210729,10.482,10.512,10.462,10.462,5513
20210730,10.443,10.462,10.423,10.423,2708
20210802,10.571,10.571,10.354,10.482,80799
20210803,10.452,10.482,10.443,10.472,5446
20210804,10.462,10.482,10.433,10.462,13507
20210805,10.505,10.531,10.492,10.512,25277
20210806,10.492,10.492,10.472,10.472,643
20210809,10.482,10.502,10.364,10.472,22931
20210810,10.472,10.502,10.443,10.443,8949
20210811,10.551,10.551,10.423,10.452,19205
20210812,10.462,10.462,10.443,10.462,2985
20210813,10.474,10.474,10.405,10.435,32286
20210816,10.395,10.425,10.395,10.405,3296
20210817,10.351,10.361,10.306,10.345,21510
20210818,10.336,10.366,10.336,10.346,8551
20210819,10.237,10.277,10.227,10.257,3870
20210820,10.257,10.326,10.257,10.321,1622
20210823,10.336,10.425,10.316,10.375,29884
20210824,10.435,10.484,10.434,10.484,21111
20210825,10.425,10.494,10.41,10.494,3710
20210826,10.469,10.514,10.395,10.484,6275
20210827,10.449,10.533,10.449,10.524,9201
20210830,10.524,10.632,10.524,10.563,3531
20210831,10.543,10.583,10.524,10.583,2334
20210901,10.583,10.652,10.583,10.642,2566
20210902,10.632,10.672,10.632,10.632,4967
20210903,10.666,10.701,10.652,10.701,10572
20210907,10.642,10.642,10.622,10.622,3832
20210908,10.583,10.593,10.573,10.583,4439
20210909,10.553,10.583,10.548,10.553,1995
20210910,10.553,10.553,10.494,10.504,4916
20210913,10.445,10.484,10.445,10.47,9314
20210914,10.474,10.494,10.454,10.454,13782
20210915,10.517,10.523,10.517,10.523,3848
20210916,10.477,10.536,10.477,10.526,6681
20210917,10.497,10.526,10.477,10.507,12341
20210920,10.329,10.339,10.25,10.25,4083
20210921,10.325,10.359,10.32,10.339,3071
20210922,10.398,10.418,10.388,10.388,2208
20210923,10.447,10.447,10.379,10.41,8431
20210924,10.324,10.329,10.319,10.319,3818
20210927,10.26,10.28,10.26,10.27,2012
20210928,10.132,10.133,10.043,10.075,5415
20210929,10.102,10.141,10.092,10.102,7239
20210930,10.141,10.151,10.043,10.082,13742
20211001,10.061,10.161,10.061,10.151,30810
20211004,9.949,10.003,9.949,10.003,5201
20211005,10.102,10.131,10.082,10.092,9849
20211006,10.047,10.106,10.027,10.096,20172
20211007,10.23,10.26,10.201,10.22,3562
20211008,10.181,10.206,10.181,10.201,6557
20211011,10.23,10.23,10.141,10.141,4419
20211012,10.122,10.194,10.122,10.191,7532
20211013,10.25,10.265,10.24,10.25,16073
20211014,10.371,10.378,10.349,10.359,2792
20211015,10.383,10.403,10.364,10.364,3682
20211018,10.482,10.482,10.368,10.373,5329
20211019,10.462,10.502,10.462,10.482,6173
20211020,10.512,10.522,10.482,10.507,24123
20211021,10.561,10.571,10.532,10.532,2051
20211022,10.551,10.581,10.551,10.559,4085
20211025,10.541,10.64,10.541,10.62,8168
20211026,10.591,10.64,10.591,10.601,3274
20211027,10.581,10.581,10.541,10.561,868
20211028,10.512,10.611,10.512,10.611,6866
20211029,10.62,10.62,10.591,10.611,6564
20211101,10.665,10.695,10.665,10.676,1768
20211102,10.63,10.729,10.63,10.729,10361
20211103,10.709,10.734,10.67,10.719,27424
20211104,10.764,10.769,10.729,10.759,7745
20211105,10.729,10.734,10.68,10.699,6476
20211108,10.794,10.804,10.784,10.784,717
20211109,10.808,10.827,10.769,10.788,18654
20211110,10.769,10.769,10.63,10.69,17457
20211111,10.758,10.769,10.719,10.739,7400
20211112,10.769,10.828,10.749,10.778,12651
20211115,10.766,10.795,10.741,10.741,7741
20211116,10.756,10.795,10.667,10.667,9851
20211117,10.761,10.785,10.706,10.785,5759
20211118,10.864,10.864,10.696,10.736,3486
20211119,10.716,10.716,10.677,10.677,1302
20211122,10.647,10.647,10.588,10.588,4749
20211123,10.474,10.528,10.452,10.514,9611
20211124,10.528,10.805,10.489,10.558,3091
20211126,10.459,10.459,10.37,10.39,15483
20211129,10.435,10.499,10.43,10.469,20528
20211130,10.479,10.479,10.311,10.331,2084
20211201,10.41,10.449,10.301,10.301,32536
20211202,10.202,10.291,10.202,10.242,11481
20211203,10.168,10.168,10.064,10.098,6916
20211206,10.093,10.182,10.088,10.182,6053
20211207,10.43,10.439,10.4,10.4,1685
20211208,10.41,10.558,10.39,10.449,16364
20211209,10.538,10.538,10.311,10.311,8966
20211210,10.281,10.281,10.252,10.281,19645
20211213,10.261,10.261,10.202,10.212,2817
20211214,10.143,10.172,10.067,10.083,36820
20211215,10.02,10.179,10,10.14,17518
20211216,10.159,10.169,10.13,10.13,4071
20211217,10.869,10.869,10.09,10.154,27327
20211220,10.08,10.08,10.03,10.053,7777
20211221,9.405,10.244,9.405,10.244,30817
20211222,10.319,10.369,10.319,10.359,9353
20211223,10.399,10.479,10.399,10.469,4268
20211227,9.92,10.539,9.92,10.539,7785
20211228,10.519,10.519,10.449,10.449,5982
20211229,10.419,10.429,10.399,10.429,20958
20211230,10.479,10.499,10.469,10.489,5777
20211231,10.479,10.499,10.469,10.479,39441
20220103,10.429,10.429,10.399,10.41,1315
20220104,10.359,10.389,10.289,10.304,22300
20220105,10.269,10.269,10.09,10.09,5112
20220106,10.08,10.15,10.08,10.125,3803
20220107,10.06,10.13,10.06,10.08,9121
20220110,9.957,10.057,9.957,10.032,2725
20220111,10.034,10.223,10.034,10.223,3331
20220112,10.294,10.294,10.249,10.249,39135
20220113,10.309,10.309,10.125,10.13,5104
20220114,10.003,10.043,9.993,10.039,1443
20220118,9.96,9.96,9.92,9.93,2638
20220119,9.96,10.03,9.92,9.98,13962
20220120,10.02,10.07,9.94,9.94,49983
20220121,9.86,9.86,9.66,9.72,54392
20220124,9.31,9.41,9.161,9.29,32763
20220125,9.495,9.66,9.495,9.58,15041
20220126,9.57,9.65,9.48,9.48,11599
20220127,9.66,9.66,9.44,9.44,51610
20220128,8.738,9.612,8.738,9.612,84639
20220131,9.738,9.803,9.723,9.803,25686
20220201,9.913,9.923,9.883,9.913,8207
20220202,9.974,10.004,9.974,9.984,5113
20220203,9.865,9.88,9.78,9.78,3495
20220204,9.73,9.96,9.73,9.96,48340
20220207,9.77,9.889,9.77,9.88,8185
20220208,9.81,9.88,9.795,9.84,22289
20220209,9.92,10,9.92,9.99,19092
20220210,9.83,10.02,9.83,9.87,44402
20220211,9.88,9.88,9.66,9.69,25189
20220214,9.58,9.62,9.53,9.55,107975
20220215,9.69,9.7,9.64,9.67,12737
20220216,9.6999,9.74,9.6999,9.72,15397
20220217,9.6262,9.67,9.6,9.6,17816
20220218,9.66,9.66,9.5299,9.59,10786
