Date,Open,High,Low,Close,Volume
20191212,100.05,100.05,100.03,100.03,331
20191213,97.65,97.65,97.65,97.65,30
20191216,97.69,97.69,97.68,97.69,3621
20191217,97.68,97.68,97.68,97.68,163
20191218,97.68,97.68,97.68,97.68,30
20191219,97.7,97.7,97.7,97.7,30
20191220,97.71,97.71,97.69,97.7,2285
20191223,97.72,97.72,97.7,97.71,1689
20191224,97.71,97.71,97.71,97.71,1157
20191226,97.77,97.77,97.77,97.77,1875
20191227,97.75,97.76,97.75,97.76,542
20191230,97.77,97.8,97.77,97.8,4993
20191231,98.47,98.48,98.47,98.48,545
20200102,97.84,97.84,97.82,97.82,1665
20200103,97.85,97.86,97.85,97.86,2179
20200106,97.86,97.86,97.83,97.83,256308
20200107,97.86,97.88,97.86,97.88,2896
20200108,97.87,97.87,97.87,97.87,388
20200109,97.9,97.9,97.9,97.9,184
20200110,97.91,97.91,97.91,97.91,163
20200113,97.93,97.93,97.92,97.93,1155
20200114,97.95,97.96,97.95,97.96,491
20200115,97.95,97.96,97.94,97.96,1119
20200116,97.97,97.97,97.97,97.97,234
20200117,97.99,98,97.98,97.98,2607
20200121,98.03,98.03,98.03,98.03,30
20200122,98.03,98.03,98.01,98.03,6745
20200123,98.09,98.1,98.06,98.07,5236
20200124,98.09,98.1,98.09,98.1,6800
20200127,98.09,98.09,98.09,98.09,1923
20200128,98.09,98.09,98.08,98.08,3263
20200129,98.09,98.09,98.09,98.09,747
20200130,98.12,98.6,98.12,98.13,8977
20200131,98.13,98.16,98.13,98.16,4371
20200203,98.12,98.15,98.11,98.14,2513
20200204,98.11,98.12,98.09,98.12,1460
20200205,98.12,98.13,98.11,98.12,5575
20200206,98.12,98.15,98.12,98.15,4527
20200207,98.17,98.18,98.17,98.18,666
20200210,98.18,98.2,98.18,98.19,2842
20200211,98.17,98.17,98.15,98.15,4838
20200212,98.18,98.19,98.17,98.17,2073
20200213,98.2,98.21,98.19,98.19,2626
20200214,98.21,98.23,98.2,98.2,2851
20200218,98.23,98.24,98.22,98.22,1355
20200219,98.23,98.23,98.22,98.23,5395
20200220,98.3,98.3,98.24,98.27,11723
20200221,98.29,98.31,98.29,98.31,1625
20200224,98.41,98.41,98.37,98.38,1951
20200225,98.38,98.42,98.38,98.38,2220
20200226,98.41,98.41,98.37,98.38,2841
20200227,98.42,98.42,98.36,98.36,944
20200228,98.52,98.59,98.52,98.59,1256
20200302,98.7,101.08,98.39,98.41,61226
20200303,98.38,98.52,98.38,98.5,7211
20200304,98.47,98.48,98.43,98.44,4105
20200305,98.49,98.51,98.48,98.51,897
20200306,98.51,98.53,98.5,98.51,2620
20200309,98.53,98.71,98.53,98.71,2288
20200310,98.41,98.41,98.41,98.41,846
20200311,98.38,98.46,98.38,98.43,4621
20200312,98.41,98.41,98.35,98.39,7285
20200313,98.13,98.13,98.13,98.13,30
20200316,98.02,98.02,98.02,98.02,744
20200317,97.84,97.89,97.79,97.87,83959
20200318,96.58,97.56,96.58,97.38,3836
20200319,96.93,97.16,96.3,97.07,1852
20200320,96.9,96.9,96.85,96.85,948
20200323,96.81,96.81,96.67,96.75,101382
20200324,96.56,96.61,96.44,96.58,3182
20200325,96.37,96.39,96.34,96.34,707
20200326,96.37,96.43,96.31,96.43,1808
20200327,96.62,96.69,96.62,96.69,1566
20200330,96.79,96.8,96.79,96.79,8397
20200331,97.14,97.14,97.14,97.14,541
20200401,97.23,97.23,97.13,97.23,7506
20200402,97.18,97.18,97.18,97.18,30
20200403,97.31,97.4,97.31,97.4,2028
20200406,97.32,97.39,97.3,97.31,5963
20200407,97.33,97.33,97.33,97.33,540
20200408,97.31,97.31,97.31,97.31,334
20200409,97.26,97.44,96.94,97.31,4855
20200413,97.56,97.56,97.44,97.45,550
20200414,97.74,97.75,97.69,97.75,2960
20200415,97.68,97.78,97.68,97.78,774
20200416,97.83,97.83,97.83,97.83,153
20200417,97.77,97.77,97.77,97.77,30
20200420,97.96,97.96,97.85,97.96,3889
20200421,97.86,97.97,97.86,97.97,234
20200422,97.94,97.94,97.82,97.89,1028
20200423,97.88,97.94,97.83,97.94,1160
20200424,97.92,97.98,97.92,97.97,1865
20200427,97.98,97.99,97.91,97.95,1478
20200428,97.94,98.01,97.94,98,2580
20200429,98.01,98.03,98,98.02,5329
20200430,98.03,98.04,98,98,2226
20200501,98.03,98.03,97.92,98.02,15811
20200504,98.02,98.05,98,98.05,589
20200505,98.03,98.05,97.95,97.95,855
20200506,98.01,98.08,97.95,98,1117
20200507,98.03,98.13,98,98.12,5305
20200508,98.12,98.15,98.11,98.11,1454
20200511,98.11,98.19,98.11,98.16,3546
20200512,98.17,98.2,98.14,98.19,2735
20200513,98.17,98.17,98.17,98.17,30
20200514,98.21,98.22,98.21,98.22,773
20200515,98.23,98.23,98.23,98.23,1149
20200518,98.19,98.2,98.08,98.19,5184
20200519,98.17,98.25,98.17,98.22,6835
20200520,98.22,98.22,98.22,98.22,203
20200521,98.32,98.35,98.32,98.35,946
20200522,98.36,98.36,98.36,98.36,30
20200526,98.43,98.43,98.39,98.39,1656
20200527,98.42,98.42,98.42,98.42,30
20200528,98.4,98.51,98.39,98.39,1551
20200529,98.54,98.61,98.5,98.56,1492
20200601,98.62,98.62,98.51,98.62,1116
20200602,98.66,98.66,98.65,98.65,437
20200603,98.62,98.66,98.62,98.66,5680
20200604,98.72,98.73,98.69,98.69,16181
20200605,98.79,98.79,98.78,98.78,452
20200608,98.85,98.85,98.74,98.85,2093
20200609,98.92,98.92,98.8,98.91,2647
20200610,98.85,98.92,98.85,98.92,2011
20200611,98.83,98.94,98.76,98.89,5348
20200612,98.88,98.93,98.88,98.93,640
20200615,98.92,98.92,98.82,98.92,2144
20200616,98.87,98.94,98.87,98.93,1480
20200617,98.99,98.99,98.99,98.99,245
20200618,98.89,99.01,98.89,98.97,2639
20200619,98.98,98.98,98.98,98.98,30
20200622,99.05,99.05,98.94,98.94,1994
20200623,99.06,99.06,99.06,99.06,315
20200624,99.02,99.09,98.96,99.09,25572
20200625,99.08,99.08,99.08,99.08,233
20200626,99.11,99.11,99.11,99.11,132
20200629,99.13,99.13,99.09,99.12,1456
20200630,99.13,99.14,99.11,99.14,2977
20200701,99.13,99.14,99.02,99.12,10626
20200702,99.14,99.14,99.14,99.14,30
20200706,99.15,102.91,99.12,99.14,6559
20200707,99.14,99.19,99.14,99.18,20134
20200708,99.18,99.19,99.11,99.15,1977
20200709,99.17,99.17,99.17,99.17,353
20200710,99.22,99.22,99.18,99.18,300
20200713,99.17,99.22,99.11,99.18,4371
20200714,99.17,99.18,99.17,99.18,1177
20200715,99.18,109.1,99.18,99.22,39556
20200716,99.21,99.25,99.2,99.22,25814
20200717,99.24,99.28,99.22,99.24,18890
20200720,99.26,99.27,99.22,99.25,8320
20200721,99.24,99.29,99.23,99.23,116901
20200722,99.28,99.88,99.26,99.27,29480
20200723,99.28,99.85,99.26,99.29,21402
20200724,99.35,99.35,99.3,99.33,18167
20200727,99.31,99.31,99.31,99.31,2465
20200728,99.33,99.34,99.28,99.28,2834
20200729,99.31,99.34,99.28,99.3,4479
20200730,99.38,99.39,99.33,99.33,2667
20200731,99.36,99.36,99.36,99.36,334
20200803,99.34,99.93,99.34,99.42,31081
20200804,99.36,99.46,99.36,99.38,21395
20200805,99.4,99.41,99.4,99.41,2758
20200806,99.38,99.44,99.38,99.42,4817
20200807,99.43,99.45,99.41,99.43,5054
20200810,99.42,99.46,99.4,99.41,4061
20200811,99.45,99.45,99.4,99.4,7748
20200812,99.47,99.48,99.42,99.45,44841
20200813,99.41,99.44,99.41,99.43,31097
20200814,99.4,99.45,99.39,99.45,3531
20200817,99.42,99.42,99.4,99.41,4796
20200818,99.4,99.46,99.39,99.4,7677
20200819,99.43,99.46,99.43,99.46,1604
20200820,99.46,99.46,99.44,99.45,82160
20200821,99.47,99.47,99.45,99.45,321
20200824,99.48,99.49,99.45,99.48,5500
20200825,99.46,99.47,99.45,99.47,20401
20200826,99.52,99.53,99.48,99.51,21165
20200827,99.49,99.51,99.45,99.47,33952
20200828,99.49,99.54,99.47,99.53,5914
20200831,99.47,99.52,99.47,99.52,18548
20200901,99.54,99.54,99.48,99.53,6868
20200902,99.54,99.55,99.51,99.53,13600
20200903,99.54,99.54,99.5,99.5,824
20200904,99.5,99.56,99.5,99.56,12208
20200908,99.57,99.59,99.52,99.59,1073
20200909,99.54,99.57,99.54,99.57,1680
20200910,99.55,99.57,99.53,99.56,977
20200911,99.56,99.6,99.56,99.6,13434
20200914,99.61,99.61,99.58,99.61,2073
20200915,99.58,99.61,99.57,99.61,2107
20200916,99.61,99.62,99.57,99.62,7027
20200917,99.62,99.63,99.6,99.63,11426
20200918,99.57,99.61,99.57,99.6,3612
20200921,99.62,99.62,99.6,99.61,52341
20200922,99.6,99.61,99.6,99.61,1913
20200923,99.6,99.64,99.6,99.64,7133
20200924,99.63,99.63,99.58,99.58,2451
20200925,99.59,99.64,99.59,99.63,6484
20200928,99.6,99.62,99.59,99.62,2082
20200929,99.62,99.62,99.59,99.59,591
20200930,99.63,99.63,99.59,99.62,7833
20201001,99.62,99.64,99.59,99.63,37182
20201002,99.64,99.64,99.62,99.63,1214
20201005,99.6,99.63,99.6,99.63,1112
20201006,99.6,99.64,99.6,99.63,2512
20201007,99.63,99.64,99.61,99.62,4844
20201008,99.62,99.63,99.62,99.62,2505
20201009,99.66,99.66,99.66,99.66,230
20201012,99.63,99.63,99.6,99.6,4401
20201013,99.63,99.64,99.61,99.64,486
20201014,99.62,99.64,99.62,99.64,6121
20201015,99.65,99.65,99.6,99.62,1926
20201016,99.63,99.65,99.63,99.65,587
20201019,99.63,99.65,99.63,99.63,350
20201020,99.61,99.66,99.61,99.65,3793
20201021,99.66,99.66,99.61,99.61,1339
20201022,99.67,99.67,99.67,99.67,2322
20201023,99.62,99.67,99.62,99.67,2600
20201026,99.67,99.67,99.65,99.66,1042
20201027,99.75,99.75,99.63,99.63,1711
20201028,99.66,99.69,99.64,99.66,6307
20201029,99.66,99.68,99.63,99.65,5612
20201030,99.67,99.67,99.65,99.67,3032
20201102,99.64,99.64,99.63,99.63,1186
20201103,99.63,99.65,99.63,99.64,8145
20201104,99.64,99.67,99.64,99.67,4120
20201105,99.65,99.66,99.65,99.65,1843
20201106,99.65,99.65,99.65,99.65,131
20201109,99.63,99.66,99.63,99.64,2500
20201110,99.64,99.68,99.64,99.67,1068
20201111,99.67,99.68,99.65,99.66,2044
20201112,99.7,99.7,99.68,99.7,1335
20201113,99.69,99.71,99.69,99.7,9148
20201116,99.71,99.71,99.69,99.69,5564
20201117,99.69,99.71,99.69,99.71,8332
20201118,99.72,99.72,99.72,99.72,1423
20201119,99.72,99.73,99.7,99.73,7088
20201120,99.73,99.73,99.72,99.73,1261
20201123,99.74,99.75,99.74,99.75,4277
20201124,99.74,99.74,99.72,99.74,3422
20201125,99.76,99.76,99.74,99.75,2712
20201127,99.77,99.77,99.76,99.77,5591
20201130,99.74,99.77,99.74,99.76,10027
20201201,99.78,99.78,99.74,99.74,2861
20201202,99.79,99.79,99.75,99.77,11707
20201203,99.79,99.8,99.77,99.77,80930
20201204,99.79,99.8,99.78,99.79,7579
20201207,99.79,99.8,99.79,99.8,5328
20201208,99.77,99.8,99.77,99.79,17849
20201209,99.79,99.79,99.77,99.79,954
20201210,99.8,99.8,99.79,99.8,3012
20201211,99.83,99.83,99.8,99.82,4477
20201214,99.82,99.82,99.78,99.82,10914
20201215,99.82,99.82,99.79,99.79,1675
20201216,99.81,99.82,99.8,99.82,1622
20201217,99.8,99.82,99.8,99.81,4304
20201218,99.81,99.82,99.8,99.82,2842
20201221,99.8,99.83,99.79,99.81,31693
20201222,99.87,99.87,99.81,99.84,12175
20201223,99.85,99.85,99.84,99.85,2603
20201224,99.85,99.85,99.84,99.85,854
20201228,99.87,99.87,99.85,99.85,1040
20201229,99.87,99.87,99.83,99.87,5747
20201230,99.88,99.88,99.86,99.87,12042
20201231,99.85,99.87,99.82,99.87,8603
20210104,99.85,99.88,99.84,99.87,24828
20210105,99.87,99.89,99.85,99.87,3211
20210106,99.89,99.89,99.86,99.86,35590
20210107,99.87,99.89,99.85,99.87,41776
20210108,99.91,99.91,99.8,99.8,53494
20210111,99.96,99.96,99.81,99.81,10370
20210112,99.86,99.86,99.82,99.84,4470
20210113,99.82,99.86,99.82,99.85,20152
20210114,99.86,99.87,99.84,99.86,29071
20210115,99.86,99.89,99.84,99.88,21461
20210119,99.88,99.91,99.85,99.88,24119
20210120,99.87,99.89,99.86,99.88,6507
20210121,99.88,99.88,99.87,99.88,15354
20210122,99.86,99.89,99.86,99.87,14733
20210125,99.91,99.91,99.87,99.9,15850
20210126,99.88,99.89,99.86,99.89,9904
20210127,99.88,99.89,99.86,99.87,21501
20210128,99.89,99.9,99.88,99.88,5351
20210129,99.87,99.89,99.87,99.88,12996
20210201,99.91,99.92,99.89,99.89,13299
20210202,99.91,99.91,99.89,99.89,7371
20210203,99.93,99.93,99.9,99.9,16297
20210204,99.89,99.93,99.89,99.9,9043
20210205,99.9,99.93,99.89,99.91,2751
20210208,99.91,99.92,99.91,99.92,6801
20210209,99.94,99.94,99.91,99.93,6726
20210210,99.95,99.95,99.91,99.93,8534
20210211,99.91,99.94,99.91,99.94,5102
20210212,99.94,99.95,99.92,99.94,10069
20210216,99.94,99.96,99.93,99.95,4746
20210217,99.94,99.96,99.93,99.94,12005
20210218,99.94,99.96,99.92,99.96,57925
20210219,99.96,99.96,99.93,99.93,3763
20210222,99.95,99.96,99.91,99.93,6875
20210223,99.96,99.96,99.92,99.92,1554
20210224,99.93,99.94,99.93,99.93,9550
20210225,99.96,99.96,99.95,99.96,7695
20210226,99.89,99.89,99.84,99.89,9732
20210301,99.91,99.91,99.88,99.89,5825
20210302,99.94,99.94,99.9,99.9,6542
20210303,99.94,99.94,99.91,99.91,6824
20210304,99.91,99.92,99.91,99.92,5827
20210305,99.89,99.91,99.87,99.9,3295
20210308,99.9,99.9,99.88,99.89,4120
20210309,99.88,99.88,99.84,99.87,2105
20210310,99.89,99.89,99.87,99.87,11983
20210311,99.88,99.89,99.88,99.89,4021
20210312,99.88,99.88,99.87,99.88,3843
20210315,99.89,99.9,99.87,99.88,13638
20210316,99.93,99.93,99.87,99.89,3155
20210317,99.94,99.94,99.88,99.91,7288
20210318,99.88,99.93,99.87,99.93,12014
20210319,99.9,99.92,99.9,99.91,7503
20210322,99.85,99.9,99.85,99.88,14457
20210323,99.88,99.92,99.87,99.87,9428
20210324,99.91,99.91,99.88,99.91,15382
20210325,99.92,99.92,99.92,99.92,30
20210326,99.91,99.93,99.88,99.89,3055
20210329,99.94,99.94,99.88,99.91,15203
20210330,99.91,99.91,99.87,99.9,7479
20210331,99.92,99.92,99.87,99.9,15499
20210401,99.87,99.87,99.82,99.84,56758
20210405,99.92,99.92,99.86,99.91,5028
20210406,99.86,99.91,99.86,99.87,6413
20210407,99.92,99.95,99.91,99.93,19800
20210408,99.89,99.95,99.89,99.93,8275
20210409,99.94,99.95,99.9,99.95,6184
20210412,99.94,99.94,99.92,99.94,708
20210413,99.94,99.96,99.93,99.95,11353
20210414,99.92,99.98,99.92,99.95,18145
20210415,99.96,99.97,99.94,99.97,5885
20210416,99.95,99.97,99.95,99.97,3470
20210419,99.94,99.99,99.94,99.97,13030
20210420,99.96,99.98,99.96,99.97,38913
20210421,99.98,99.99,99.97,99.97,5511
20210422,99.99,100,99.98,100,2812
20210423,100,100,99.99,99.99,6595
20210426,100,100.01,99.99,100,8852
20210427,100,100,99.98,100,1227
20210428,99.98,99.98,99.97,99.98,1923
20210429,99.99,100,99.98,100,7168
20210430,99.99,100,99.96,99.99,13167
20210503,100.01,100.01,99.97,99.99,7745
20210504,100.01,100.02,100.01,100.01,2895
20210505,100.01,100.02,100,100,5979
20210506,100.01,100.03,100.01,100.03,945
20210507,100.02,100.03,100.02,100.03,3858
20210510,100.02,100.04,100.02,100.04,4591
20210511,100.03,100.04,100.03,100.04,8512
20210512,100.02,100.04,100.02,100.03,2341
20210513,100.02,100.02,100.02,100.02,15375
20210514,100.03,100.04,100.03,100.03,5020
20210517,100.03,100.04,100.02,100.03,6700
20210518,100.03,100.04,100.02,100.04,2281
20210519,100.05,100.05,100.03,100.04,4476
20210520,100.02,100.04,100.02,100.04,2455
20210521,100.05,100.05,100.03,100.04,3178
20210524,100.06,100.06,100.05,100.06,7323
20210525,99.99,100.07,99.99,100.06,7766
20210526,100.06,100.08,100.06,100.06,15559
20210527,100.08,100.08,100.04,100.04,15857
20210528,100.07,100.08,100.07,100.07,1896
20210601,100.09,100.1,100.08,100.08,15014
20210602,100.08,100.09,100.08,100.08,11420
20210603,100.1,100.1,100.09,100.09,2864
20210604,100.09,100.09,100.08,100.08,30591
20210607,100.11,100.11,100.1,100.1,4167
20210608,100.1,100.12,100.09,100.1,35679
20210609,100.1,100.1,100.09,100.1,4846
20210610,100.1,100.11,100.1,100.11,50606
20210611,100.11,100.11,100.09,100.09,19686
20210614,100.08,100.1,100.08,100.09,24184
20210615,100.07,100.08,100.07,100.07,14823
20210616,100.09,100.1,100.06,100.08,11600
20210617,100.06,100.06,100.05,100.05,3435
20210618,100.03,100.06,100.03,100.06,21588
20210621,100.05,100.05,100.04,100.05,2795
20210622,100.05,100.06,100.04,100.05,11859
20210623,100.06,100.06,100.05,100.06,25687
20210624,100.05,100.06,100.05,100.05,6241
20210625,100.05,100.07,100.05,100.06,6397
20210628,100.05,100.07,100.05,100.06,4952
20210629,100.06,100.06,100.05,100.06,4170
20210630,100.06,100.07,100.05,100.07,11636
20210701,100.07,100.08,100.06,100.06,4197
20210702,100.06,100.08,100.06,100.07,5564
20210706,100.09,100.1,100.08,100.09,4677
20210707,100.06,100.09,100.06,100.09,18401
20210708,100.11,100.12,100.1,100.11,8345
20210709,100.11,100.13,100.11,100.11,25609
20210712,100.12,100.12,100.11,100.12,13524
20210713,100.11,100.11,100.09,100.09,13932
20210714,100.11,100.12,100.1,100.11,20958
20210715,100.11,100.11,100.1,100.11,1925
20210716,100.12,100.12,100.11,100.11,8880
20210719,100.12,100.13,100.12,100.12,7738
20210720,100.13,100.13,100.13,100.13,601
20210721,100.14,100.14,100.12,100.13,14079
20210722,100.14,100.15,100.14,100.14,7103
20210723,100.14,100.14,100.13,100.13,1404
20210726,100.15,100.15,100.14,100.15,3982
20210727,100.13,100.14,100.13,100.14,991
20210728,100.14,100.15,100.14,100.14,2743
20210729,100.15,100.16,100.14,100.14,3897
20210730,100.16,100.18,100.15,100.18,28671
20210802,100.14,100.18,100.14,100.17,2453
20210803,100.19,100.19,100.17,100.18,8864
20210804,100.17,100.18,100.17,100.18,3329
20210805,100.17,100.17,100.16,100.16,3950
20210806,100.15,100.15,100.14,100.14,10333
20210809,100.14,100.16,100.14,100.15,3201
20210810,100.15,100.15,100.14,100.14,6586
20210811,100.14,100.15,100.14,100.15,2514
20210812,100.14,100.16,100.14,100.14,130877
20210813,100.14,100.15,100.14,100.15,1553
20210816,100.17,100.17,100.15,100.17,15137
20210817,100.16,100.18,100.16,100.16,5828
20210818,100.16,100.17,100.16,100.17,1535
20210819,100.16,100.17,100.13,100.15,7410
20210820,100.15,100.16,100.15,100.16,1417
20210823,100.15,100.16,100.15,100.16,3284
20210824,100.13,100.17,100.13,100.16,4427
20210825,100.15,100.15,100.15,100.15,2643
20210826,100.15,100.17,100.15,100.16,8395
20210827,100.15,100.18,100.15,100.17,6456
20210830,100.18,100.18,100.17,100.17,3132
20210831,100.18,100.18,100.15,100.15,5351
20210901,100.17,100.17,100.17,100.17,1546
20210902,100.18,100.19,100.17,100.18,3902
20210903,100.19,100.19,100.17,100.19,5658
20210907,100.18,100.18,100.17,100.17,3085
20210908,100.18,100.18,100.17,100.17,3164
20210909,100.17,100.18,100.17,100.18,718
20210910,100.18,100.18,100.17,100.17,6290
20210913,100.18,100.18,100.17,100.17,2744
20210914,100.18,100.19,100.18,100.18,1037
20210915,100.19,100.19,100.18,100.18,4046
20210916,100.18,100.18,100.17,100.17,3948
20210917,100.17,100.18,100.17,100.17,1985
20210920,100.19,100.19,100.18,100.19,3584
20210921,100.19,100.19,100.19,100.19,1035
20210922,100.18,100.18,100.18,100.18,833
20210923,100.19,100.19,100.18,100.18,4445
20210924,100.16,100.16,100.16,100.16,1100
20210927,100.17,100.17,100.15,100.17,4223
20210928,100.16,100.17,100.15,100.16,4933
20210929,100.17,100.18,100.16,100.16,6302
20210930,100.18,100.19,100.17,100.18,7594
20211001,100.19,100.19,100.17,100.17,2234
20211004,100.19,100.2,100.19,100.19,4995
20211005,100.19,100.19,100.16,100.16,13018
20211006,100.15,100.17,100.13,100.17,20675
20211007,100.16,100.16,100.14,100.15,2763
20211008,100.15,100.15,100.13,100.13,4937
20211011,100.13,100.13,100.1,100.1,14022
20211012,100.12,100.12,100.09,100.12,5116
20211013,100.1,100.13,100.1,100.11,773
20211014,100.12,100.14,100.11,100.11,9895
20211015,100.12,100.12,100.1,100.1,13842
20211018,100.08,100.09,100.07,100.09,6974
20211019,100.1,100.13,100.1,100.13,15926
20211020,100.12,100.13,100.11,100.11,978
20211021,100.1,100.1,100.08,100.08,8882
20211022,100.09,100.09,100.07,100.09,11056
20211025,100.12,100.12,100.1,100.1,11221
20211026,100.08,100.1,100.08,100.1,5759
20211027,100.08,100.1,100.07,100.09,21099
20211028,100.11,100.11,100.1,100.1,6323
20211029,100.07,100.08,100.04,100.07,12888
20211101,100.09,100.09,100.07,100.09,3768
20211102,100.09,100.1,100.09,100.1,3361
20211103,100.08,100.08,100.07,100.07,6777
20211104,100.13,100.13,100.13,100.13,2319
20211105,99.56,100.14,99.56,100.14,26163
20211108,100.14,100.14,100.12,100.13,10649
20211109,100.11,100.15,100.11,100.15,14126
20211110,100.08,100.09,100.07,100.07,8002
20211111,100.07,100.07,100.06,100.07,1549
20211112,100.08,100.09,100.06,100.08,8780
20211115,100.08,100.08,100.07,100.08,7138
20211116,100.07,100.07,100.06,100.07,4274
20211117,100.08,100.08,100.07,100.08,8691
20211118,100.08,100.08,100.07,100.08,2940
20211119,100.08,100.1,100.07,100.08,5263
20211122,100.03,100.05,100.02,100.02,6113
20211123,100.02,100.03,100.01,100.03,11510
20211124,100.02,100.02,99.98,99.99,2944
20211126,100.04,100.1,100.04,100.1,472
20211129,100.03,100.08,100.03,100.06,14140
20211130,99.42,100.1,99.42,100.03,144678
20211201,100.04,100.06,100.03,100.03,10257
20211202,100.03,100.03,100,100.01,2641
20211203,100,100.04,100,100.01,2564
20211206,100.02,100.04,100,100.01,6224
20211207,100.01,100.01,99.97,99.97,7138
20211208,99.97,100.03,99.95,100.01,9703
20211209,100.01,100.01,99.99,99.99,477
20211210,99.99,100.01,99.97,99.97,11684
20211213,99.97,100.02,99.96,100.01,7800
20211214,100.02,100.02,99.98,100,10824
20211215,99.99,100.01,99.99,99.99,1171
20211216,100.03,100.03,100.02,100.02,7940
20211217,100.02,100.03,99.99,100.01,8497
20211220,100.02,100.05,100.02,100.03,12576
20211221,100.02,100.02,100,100,4874
20211222,100,100.01,99.99,100,16327
20211223,100,100,99.98,99.98,2802
20211227,99.98,100,99.98,100,2686
20211228,100.02,100.05,100.01,100.02,21370
20211229,100.13,100.16,100.1,100.11,24154
20211230,100.12,100.15,100.12,100.13,8482
20211231,100.15,100.15,100.11,100.14,15672
20220103,100.11,100.13,100.11,100.13,9062
20220104,100.12,100.17,100.12,100.16,26897
20220105,100.11,100.12,100.08,100.1,6992
20220106,100.07,100.09,100.06,100.06,2618
20220107,100,100.12,100,100.1,25266
20220110,100.08,100.09,100.06,100.06,3623
20220111,100.06,100.1,100.06,100.1,4925
20220112,100.09,100.09,100.06,100.07,115472
20220113,100.09,100.09,100.06,100.08,2466
20220114,100.04,100.05,100.01,100.01,15787
20220118,100.01,100.04,100,100.02,11005
20220119,100.02,100.04,100.01,100.04,15144
20220120,100,100.02,100,100,7795
20220121,100,100.05,100,100.03,8319
20220124,100.05,100.09,100.05,100.06,3257
20220125,100.06,100.06,100.03,100.05,17458
20220126,100.03,100.05,99.94,99.94,26821
20220127,99.97,99.98,99.95,99.95,4019
20220128,99.96,99.97,99.96,99.97,10306
20220131,99.95,99.98,99.93,99.97,10248
20220201,99.99,99.99,99.95,99.9773,11795
20220202,99.9901,100,99.981,99.981,2862
20220203,99.96,99.98,99.93,99.965,8300
20220204,99.895,99.8992,99.8913,99.895,1241
20220207,99.93,99.95,99.9,99.9128,13594
20220208,99.895,99.9,99.87,99.885,7912
20220209,99.78,99.8899,99.78,99.875,5327
20220210,99.805,99.81,99.76,99.76,13115
20220211,99.791,99.8,99.53,99.795,18150
20220214,99.7256,99.75,99.7256,99.75,10741
20220215,99.76,99.78,99.7563,99.78,4550
20220216,99.78,99.81,99.77,99.81,2165
20220217,99.8,99.81,99.77,99.8048,4099
20220218,99.78,99.8181,99.78,99.79,5501
