Date,Open,High,Low,Close,Volume
20160603,21.43,21.47,21.3,21.47,5355
20160606,21.66,21.66,21.57,21.57,1939
20160607,21.73,21.77,21.73,21.77,1926
20160608,21.78,21.78,21.77,21.77,2016
20160609,21.62,21.62,21.62,21.62,120
20160610,21.3,21.3,21.3,21.3,1010
20160613,21.16,21.16,21.11,21.11,331
20160614,20.86,20.86,20.81,20.81,360
20160617,20.92,20.92,20.92,20.92,120
20160620,21.45,21.45,21.45,21.45,360
20160621,21.5,21.5,21.5,21.5,4694
20160622,21.61,21.61,21.55,21.55,134401
20160623,21.81,21.81,21.81,21.81,150
20160627,20.58,20.61,20.58,20.61,1413
20160629,21.33,21.33,21.33,21.33,120
20160630,21.46,21.63,21.46,21.61,1513
20160701,21.7,21.7,21.7,21.7,852
20160705,21.47,21.5,21.47,21.48,721
20160706,21.4,21.4,21.4,21.4,644
20160707,21.54,21.54,21.54,21.54,123
20160715,22.24,22.24,22.24,22.24,457
20160721,22.07,22.07,22.07,22.07,265
20160725,21.99,21.99,21.99,21.99,5897
20160801,22.11,22.21,22.11,22.19,7244
20160804,22.08,22.09,22.07,22.09,3004
20160809,22.24,22.24,22.21,22.21,918
20160810,22.23,22.23,22.23,22.23,135
20160811,22.3,22.39,22.3,22.39,2694
20160812,22.34,22.34,22.33,22.33,753
20160816,22.31,22.33,22.26,22.33,819
20160817,22.28,22.28,22.28,22.28,481
20160818,22.33,22.33,22.28,22.28,457
20160819,22.18,22.26,22.18,22.26,5435
20160822,22.19,22.24,22.19,22.24,1113
20160823,22.4,22.4,22.36,22.36,1719
20160824,22.26,22.26,22.19,22.2,1204
20160825,22.19,22.19,22.19,22.19,1555
20160826,22.29,22.34,22.08,22.08,1489
20160829,22.06,22.06,22.06,22.06,449
20160830,22.08,22.08,21.99,21.99,1083
20160831,21.87,21.88,21.76,21.77,3228
20160901,21.87,21.93,21.86,21.93,1366
20160902,22.14,22.14,22.14,22.14,421
20160906,22.27,22.37,22.27,22.37,720
20160907,22.27,22.29,22.27,22.28,2079
20160908,22.28,22.28,22.24,22.25,3300
20160909,21.89,21.89,21.74,21.77,5042
20160912,21.55,21.56,21.55,21.56,421
20160913,21.56,21.56,21.47,21.47,1028
20160914,21.55,21.58,21.55,21.57,840
20160915,21.59,21.77,21.59,21.73,1683
20160916,21.84,21.84,21.54,21.54,480
20160919,21.74,21.74,21.71,21.71,1444
20160920,21.6,21.6,21.6,21.6,2592
20160921,21.83,21.83,21.83,21.83,119
20160922,22.16,22.19,22.14,22.14,531
20160923,22.07,22.07,22.04,22.04,271
20160926,21.82,21.88,21.82,21.85,3879
20160927,21.84,21.94,21.78,21.94,880
20160928,21.99,21.99,21.99,21.99,119
20160929,22.05,22.05,21.86,21.86,477
20160930,21.84,22.05,21.84,21.93,1518
20161003,21.95,22,21.95,22,963
20161004,22,22,21.94,21.94,238
20161005,21.89,21.9,21.89,21.9,357
20161006,21.83,21.84,21.83,21.84,1070
20161007,21.81,21.81,21.68,21.74,1430
20161011,21.74,21.74,21.47,21.51,5718
20161012,21.56,21.56,21.56,21.56,119
20161013,21.44,21.49,21.44,21.49,1038
20161014,21.56,21.56,21.56,21.56,328
20161017,21.47,21.5,21.44,21.45,3194
20161018,21.65,21.69,21.65,21.69,2269
20161019,21.66,21.66,21.64,21.64,1074
20161020,21.59,21.59,21.58,21.58,4242
20161024,21.56,21.56,21.49,21.51,3524
20161025,21.45,21.55,21.45,21.55,1313
20161026,21.44,21.46,21.44,21.46,741
20161027,21.39,21.39,21.39,21.39,503
20161028,21.41,21.41,21.37,21.4,2060
20161031,21.43,21.43,21.43,21.43,843
20161101,21.43,21.43,21.28,21.28,1787
20161102,21.32,21.32,21.31,21.31,835
20161103,21.24,21.24,21.24,21.24,119
20161104,21.03,21.08,20.96,20.99,627
20161107,21.33,21.38,21.33,21.38,238
20161108,21.53,21.53,21.53,21.53,119
20161109,21.58,21.58,21.58,21.58,119
20161111,21.15,21.15,21.15,21.15,238
20161114,21.07,21.07,21.03,21.03,1223
20161115,21.12,21.19,21.12,21.19,833
20161117,21.33,21.33,21.33,21.33,281
20161118,21.07,21.08,21.07,21.08,1891
20161121,21.19,21.22,21.18,21.22,5371
20161123,21.21,21.31,21.2,21.31,1568
20161125,21.24,21.34,21.24,21.34,858
20161128,21.35,21.41,21.35,21.41,1527
20161130,21.3,21.31,21.28,21.28,1851
20161201,21.17,21.21,21.17,21.17,1539
20161205,21.3,21.3,21.3,21.3,119
20161206,21.28,21.37,21.28,21.37,470146
20161207,21.41,21.54,21.41,21.54,417
20161208,21.49,21.54,21.49,21.54,774
20161209,21.65,21.65,21.65,21.65,119
20161212,21.7,21.7,21.64,21.64,477
20161213,21.85,21.89,21.85,21.89,357
20161214,22,22,21.72,21.75,1148
20161215,21.55,21.56,21.54,21.54,834
20161216,21.61,21.61,21.56,21.57,1103
20161220,21.68,21.68,21.61,21.63,686
20161222,21.63,21.63,21.63,21.63,163
20161223,21.56,21.56,21.56,21.56,232
20161227,21.69,21.69,21.66,21.66,619
20161228,21.61,21.63,21.58,21.6,2131
20161229,21.72,21.74,21.72,21.74,711
20161230,21.68,21.68,21.68,21.68,118
20170103,21.79,21.79,21.79,21.79,237
20170104,21.93,21.96,21.93,21.96,711
20170105,22.12,22.13,22.12,22.13,817
20170106,22.07,22.09,22.07,22.09,828
20170109,22.1,22.1,22.1,22.1,592
20170110,22.07,22.1,22.07,22.1,829
20170111,22.12,22.12,22.12,22.12,258
20170112,22.13,22.19,22.13,22.19,1096
20170113,22.23,22.23,22.23,22.23,236
20170117,22.23,22.25,22.23,22.25,7534
20170118,22.28,22.28,22.17,22.17,1050
20170119,22.09,22.09,22.08,22.08,766
20170120,22.17,22.17,22.17,22.17,118
20170123,22.15,22.17,22.15,22.17,2403
20170124,22.12,22.12,22.12,22.12,178
20170125,22.24,22.35,22.24,22.35,1184
20170126,22.26,22.26,22.21,22.22,1418
20170127,22.24,22.24,22.22,22.24,2664
20170130,22.16,22.16,22.16,22.16,118
20170131,22.12,22.12,22.12,22.12,947
20170201,22.27,22.27,22.27,22.27,692
20170202,22.39,22.39,22.27,22.29,394
20170203,22.48,22.48,22.44,22.44,266
20170206,22.34,22.34,22.32,22.33,4115
20170207,22.35,22.38,22.35,22.36,590
20170208,22.5,22.5,22.44,22.49,3438
20170209,22.54,22.57,22.54,22.55,1299
20170213,22.71,22.76,22.68,22.74,2061
20170214,22.62,22.7,22.6,22.7,4799
20170215,22.72,22.72,22.72,22.72,918
20170217,23.01,23.01,23.01,23.01,131
20170221,23.05,23.09,23,23.09,2838
20170222,23.19,23.2,23.15,23.2,1413
20170223,23.31,23.31,23.31,23.31,290
20170224,23.15,23.15,23.1,23.13,1598
20170227,23.12,23.14,23.12,23.14,711
20170228,23.1,23.1,23.05,23.05,2102
20170303,23.06,23.11,23.06,23.11,1243
20170307,23.16,23.19,23.15,23.19,1357
20170308,23.12,23.12,23.04,23.04,6449
20170309,23.12,23.13,23.09,23.12,3292
20170313,23.19,23.26,23.19,23.25,3035
20170314,23.17,23.19,23.13,23.17,3415
20170315,23.26,23.31,23.26,23.31,355
20170316,23.47,23.47,23.4,23.43,5271
20170317,23.47,23.47,23.47,23.47,1287
20170320,23.49,23.49,23.44,23.44,719
20170321,23.34,23.34,23.23,23.27,59533
20170322,23.32,23.32,23.27,23.27,4003
20170323,23.3,23.41,23.3,23.37,1770
20170324,23.36,23.4,23.33,23.33,19920
20170327,23.32,23.32,23.32,23.32,235
20170328,23.48,23.48,23.48,23.48,1174
20170329,23.43,23.49,23.43,23.48,5816
20170330,23.47,23.47,23.44,23.45,1119
20170331,23.37,23.37,23.32,23.33,736
20170403,23.31,23.31,23.16,23.27,589
20170404,23.21,23.27,23.19,23.27,3959
20170405,23.32,23.38,23.32,23.32,3423
20170406,23.21,23.21,23.15,23.15,416
20170407,23.19,23.19,23.14,23.14,14463
20170410,23.2,23.2,23.2,23.2,165
20170411,23.27,23.27,23.27,23.27,1200
20170412,23.21,23.24,23.18,23.18,1533
20170413,23.21,23.21,23.15,23.15,353
20170418,23.18,23.19,23.15,23.19,5170
20170419,23.18,23.19,23.11,23.11,1929
20170420,23.18,23.19,23.15,23.15,3442
20170421,23.12,23.12,23.1,23.1,2648
20170424,23.41,23.41,23.37,23.37,636
20170425,23.52,23.55,23.52,23.55,765
20170426,23.45,23.45,23.42,23.43,2188
20170427,23.4,23.4,23.35,23.35,295
20170428,23.33,23.37,23.33,23.37,1115
20170501,23.57,23.57,23.39,23.39,4432
20170502,23.4,23.45,23.4,23.43,1726
20170503,23.32,23.33,23.27,23.32,4238
20170504,23.33,23.33,23.33,23.33,140
20170505,23.43,23.57,23.43,23.57,2851
20170508,23.47,23.47,23.43,23.43,737
20170509,23.44,23.44,23.37,23.39,17826
20170510,23.5,23.53,23.47,23.5,2031
20170511,23.44,23.44,23.44,23.44,608
20170515,23.6,23.65,23.54,23.63,1152
20170516,23.7,23.75,23.7,23.75,824
20170517,23.58,23.62,23.51,23.51,4769
20170518,23.39,23.43,23.32,23.34,3369
20170519,23.58,23.58,23.58,23.58,340
20170522,23.62,23.64,23.62,23.64,802
20170523,23.69,23.69,23.69,23.69,388
20170524,23.69,23.77,23.62,23.77,3535
20170525,23.81,23.81,23.77,23.79,4485
20170526,23.69,23.73,23.69,23.73,470
20170530,23.71,23.76,23.71,23.75,2122
20170531,23.79,23.83,23.79,23.83,1336
20170602,23.94,24.04,23.93,24.04,16645
20170605,23.94,23.94,23.94,23.94,236
20170606,23.87,23.87,23.81,23.84,9918
20170607,23.89,24.27,23.79,24.04,7150
20170608,23.82,23.82,23.73,23.78,2260
20170609,23.78,23.78,23.71,23.71,461
20170612,23.69,23.69,23.66,23.67,2379
20170613,23.8,23.86,23.8,23.85,2862
20170614,24.03,24.05,23.91,23.92,25113
20170615,23.83,23.83,23.82,23.83,354
20170619,24.05,24.05,24.04,24.05,4887
20170620,23.97,23.97,23.89,23.9,1989
20170622,23.87,23.87,23.87,23.87,153
20170623,23.85,23.9,23.85,23.86,643
20170626,24,24,23.82,23.92,238007
20170627,23.86,23.87,23.77,23.77,5371
20170628,23.86,23.86,23.86,23.86,1089
20170629,23.84,23.86,23.69,23.69,4945
20170630,23.77,23.8,23.69,23.77,2526
20170703,23.8,23.8,23.74,23.74,1686
20170705,23.76,23.8,23.74,23.8,1264
20170706,23.68,23.68,23.57,23.57,7027
20170707,23.68,23.7,23.6,23.69,2922
20170710,23.67,23.72,23.67,23.7,1089
20170711,23.62,23.62,23.62,23.62,270
20170713,23.96,23.96,23.96,23.96,153
20170714,24.08,24.15,24.08,24.15,2319
20170717,24.1,24.1,24.04,24.07,9093
20170718,24.18,24.18,24.18,24.18,1440
20170719,24.25,24.25,24.24,24.24,1440
20170720,24.33,24.37,24.33,24.37,234
20170721,24.27,24.29,24.24,24.29,2918
20170724,24.18,24.19,24.18,24.19,1205
20170725,24.19,24.19,24.13,24.16,1214
20170726,24.21,24.22,24.15,24.21,994
20170727,24.2,24.2,24.18,24.18,1671
20170728,24.12,24.13,24.12,24.12,3801
20170801,24.21,24.24,24.21,24.24,1454
20170802,24.22,24.22,24.22,24.22,599
20170803,24.25,24.25,24.25,24.25,760
20170804,24.25,24.25,24.17,24.18,4534
20170807,24.22,24.24,24.2,24.24,2340
20170808,24.2,24.2,24.15,24.15,445
20170809,24.15,24.15,24.15,24.15,821
20170810,23.94,23.96,23.94,23.96,433
20170811,23.99,23.99,23.95,23.96,760
20170815,24.05,24.06,24.05,24.05,1503
20170816,24.19,24.23,24.15,24.23,2280
20170817,24.09,24.09,24.03,24.03,2249
20170818,23.92,23.98,23.91,23.96,702
20170822,24.04,24.04,24.03,24.04,1440
20170823,24.02,24.03,24.01,24.01,533
20170824,24.03,24.03,24.03,24.03,650
20170825,24.12,24.21,24.12,24.19,943
20170828,24.1,24.1,24.1,24.1,199
20170829,24.01,24.02,23.97,23.99,3187
20170830,23.93,24.02,23.93,23.98,1457
20170831,24.09,24.19,24.09,24.19,433
20170901,24.23,24.27,24.23,24.24,1404
20170905,24.21,24.21,24.11,24.11,467
20170906,24.21,24.24,24.21,24.24,719
20170907,24.34,24.34,24.28,24.3,3333
20170908,24.3,24.3,24.28,24.29,1989
20170911,24.45,24.47,24.45,24.47,738
20170912,24.5,24.5,24.49,24.49,562
20170913,24.46,24.46,24.42,24.42,2961
20170914,24.44,24.44,24.44,24.44,117
20170915,24.55,24.55,24.54,24.55,1158
20170918,24.61,24.61,24.51,24.56,3386
20170919,24.57,24.57,24.57,24.57,234
20170920,24.57,24.57,24.57,24.57,1152
20170921,24.48,24.48,24.48,24.48,151
20170922,24.5,24.58,24.5,24.52,1321
20170925,24.54,24.57,24.47,24.47,5852
20170926,24.45,24.48,24.4,24.4,2072
20170928,24.44,24.47,24.44,24.46,7601
20170929,24.46,24.52,24.46,24.52,3225
20171002,24.54,24.58,24.53,24.57,2331
20171003,24.62,24.63,24.57,24.6,4665
20171004,24.65,24.68,24.62,24.66,3879
20171005,25.09,26.09,24.62,24.7,53131
20171006,24.62,24.62,24.59,24.59,1073
20171009,24.66,24.66,24.58,24.6,6926
20171010,24.78,24.79,24.78,24.79,894
20171011,24.88,24.88,24.88,24.88,151
20171012,24.87,24.95,24.85,24.95,7027
20171013,25.06,25.06,24.96,24.96,6768
20171016,24.94,24.96,24.94,24.94,616
20171017,24.87,24.9,24.87,24.9,1502
20171018,25,25,24.85,24.96,1747
20171019,24.89,24.89,24.87,24.88,1866
20171020,24.81,24.84,24.79,24.84,3499
20171023,24.81,24.81,24.76,24.76,806
20171024,24.74,24.74,24.61,24.61,1735
20171025,24.63,24.63,24.42,24.48,2791
20171026,24.55,24.55,24.5,24.52,2495
20171027,24.34,24.41,24.34,24.41,1890
20171030,24.34,24.43,24.34,24.43,1688
20171031,24.36,24.47,24.36,24.38,10061
20171101,24.46,24.46,24.44,24.44,797
20171102,24.47,24.47,24.37,24.43,2400
20171103,24.49,24.49,24.39,24.39,1539
20171106,24.42,24.42,24.42,24.42,502
20171107,24.36,24.4,24.3,24.37,1944
20171108,24.45,24.55,24.42,24.55,2565
20171109,24.44,24.44,24.44,24.44,151
20171110,24.35,24.37,24.35,24.37,738
20171113,24.4,24.4,24.4,24.4,497
20171114,24.37,24.37,24.37,24.37,382
20171115,24.34,24.34,24.27,24.27,1242
20171116,24.4,24.48,24.4,24.48,2729
20171117,24.42,24.43,24.42,24.43,1124
20171120,24.53,24.53,24.48,24.48,12682
20171121,24.62,24.65,24.62,24.63,1311
20171122,24.65,24.65,24.57,24.6,4345
20171124,24.64,24.64,24.6,24.6,19614
20171127,24.54,24.57,24.53,24.57,10786
20171128,24.66,24.8,24.66,24.8,2043
20171129,24.78,24.78,24.75,24.75,534
20171201,24.82,24.82,24.71,24.81,989
20171204,24.93,24.93,24.92,24.92,684
20171205,24.89,24.89,24.85,24.88,930
20171206,24.79,24.82,24.79,24.81,2189
20171207,24.73,24.78,24.73,24.78,1779
20171208,24.79,24.85,24.79,24.85,11842
20171211,24.91,24.91,24.86,24.86,611
20171212,24.8,24.8,24.8,24.8,381
20171213,25.02,25.03,25.02,25.03,1344
20171214,25.07,25.07,25.03,25.03,1036
20171218,25.19,25.21,25.18,25.18,1410
20171219,25.19,25.27,25.19,25.25,2622
20171220,25.19,25.19,25.1,25.1,4828
20171221,25.16,25.16,25.14,25.14,204152
20171222,25.22,25.22,25.22,25.22,147
20171226,24.97,25.23,24.97,25.2,3484
20171227,25.33,25.35,25.23,25.33,1856
20171228,25.39,25.39,25.31,25.35,2892
20171229,25.55,25.55,25.43,25.46,3023
20180102,25.33,25.48,25.33,25.43,1312
20180103,25.44,25.44,25.41,25.41,3883
20180104,25.49,25.6,25.49,25.55,3640
20180105,25.61,25.61,25.61,25.61,456
20180108,25.73,25.73,25.63,25.64,1505
20180109,25.71,25.71,25.59,25.71,2801
20180110,25.56,25.56,25.56,25.56,171
20180111,25.58,25.6,25.53,25.6,2669
20180112,25.73,25.79,25.72,25.79,2209
20180116,25.99,25.99,25.87,25.89,2454
20180117,26.02,26.02,26.02,26.02,383
20180118,26.02,26.04,26.02,26.04,3351
20180119,26.14,26.14,26.14,26.14,780
20180123,26.29,26.33,26.28,26.33,3554
20180124,26.52,26.52,26.42,26.5,2863
20180125,26.48,26.48,26.39,26.41,1486
20180126,26.66,26.66,26.66,26.66,571
20180129,26.49,26.52,26.47,26.47,2740
20180130,26.47,26.47,26.3,26.38,3264
20180131,26.27,26.27,26.13,26.13,896
20180201,26.56,26.56,26.25,26.33,2515
20180202,25.87,25.87,25.72,25.73,1486
20180206,24.26,25.1,24.26,25.1,2251
20180207,24.95,25.02,24.89,24.89,1888
20180208,25,25,24.42,24.42,1532
20180209,24.45,24.5,24.06,24.5,1716
20180212,24.59,24.81,24.59,24.81,2249
20180213,24.79,24.83,24.78,24.78,1592
20180214,24.79,25.16,24.78,25.16,11228
20180216,25.4,25.49,25.4,25.49,875
20180220,25.32,25.32,25.13,25.2,2105
20180221,25.3,25.5,25.23,25.23,4719
20180222,25.22,25.22,25.22,25.22,229
20180223,25.22,25.22,25.22,25.22,307
20180226,25.48,25.62,25.48,25.62,919
20180227,25.33,25.33,25.24,25.31,615
20180228,25.18,25.18,25.07,25.07,1969
20180302,24.61,24.76,24.61,24.73,1636
20180305,24.64,25.08,24.64,25.05,2224
20180306,25.28,25.28,25.04,25.07,1259
20180307,25.11,25.11,25.03,25.08,1632
20180308,25.23,25.25,25.17,25.25,929
20180309,25.42,25.42,25.42,25.42,571
20180312,25.55,25.55,25.47,25.51,2419
20180313,25.51,25.51,25.33,25.33,2223
20180314,25.54,25.54,25.25,25.31,2660
20180315,25.16,25.2,25.16,25.2,681
20180316,25.27,25.27,25.23,25.23,798
20180320,25.16,25.16,25.06,25.06,1670
20180321,25.12,25.12,25.12,25.12,398
20180323,24.59,24.59,24.59,24.59,262
20180326,24.63,24.63,24.63,24.63,318
20180327,24.64,24.64,24.64,24.64,683
20180328,24.66,24.66,24.66,24.66,658
20180329,24.85,24.95,24.85,24.91,5937
20180402,24.76,24.81,24.61,24.61,2841
20180403,24.72,24.72,24.72,24.72,1421
20180404,24.6,24.6,24.6,24.6,723
20180405,24.99,24.99,24.92,24.98,1832
20180406,24.82,24.82,24.82,24.82,199
20180409,24.83,24.96,24.83,24.96,996
20180410,25.06,25.12,25.06,25.12,489
20180411,25.02,25.02,25.02,25.02,1114
20180412,25.1,25.1,25.07,25.08,780
20180413,24.99,25.01,24.99,25.01,1109
20180416,25.1,25.1,25.1,25.1,114
20180417,25.13,25.17,25.1,25.17,959
20180418,25.18,25.19,25.15,25.16,3708
20180419,24.75,24.78,24.75,24.78,489
20180420,24.68,24.68,24.68,24.68,623
20180423,24.61,24.61,24.61,24.61,261
20180424,24.65,24.65,24.65,24.65,592
20180425,24.45,24.53,24.41,24.5,13001
20180426,24.69,24.72,24.67,24.68,2027
20180427,24.72,24.74,24.72,24.74,1682
20180430,24.82,24.82,24.68,24.68,830
20180501,24.55,24.55,24.45,24.45,967
20180502,24.36,24.5,24.36,24.5,1720
20180503,24.23,24.33,24.17,24.33,2442
20180504,24.45,24.45,24.41,24.41,1449
20180507,24.52,24.52,24.52,24.52,555
20180508,24.5,24.5,24.5,24.5,147
20180509,24.66,24.66,24.66,24.66,228
20180510,24.79,24.8,24.79,24.8,4115
20180511,24.8,24.8,24.75,24.8,2843
20180514,24.73,24.76,24.69,24.71,3414
20180515,24.51,24.54,24.48,24.48,3925
20180516,24.65,24.65,24.6,24.65,4726
20180517,24.7,24.7,24.63,24.63,385
20180518,24.56,24.56,24.53,24.53,602
20180521,24.56,24.61,24.56,24.61,733
20180522,24.67,24.67,24.6,24.67,1171
20180523,24.52,24.52,24.52,24.52,532
20180524,24.44,24.44,24.44,24.44,622
20180525,24.56,24.56,24.56,24.56,488
20180529,24.39,24.39,24.08,24.08,1315
20180530,24.32,24.34,24.26,24.34,1297
20180531,24.25,24.25,24.12,24.24,3307
20180601,24.38,24.38,24.27,24.27,602
20180604,24.52,24.52,24.52,24.52,261
20180605,24.36,24.36,24.36,24.36,1000
20180606,24.4,24.4,24.4,24.4,1079
20180607,24.48,24.48,24.48,24.48,510
20180608,24.61,24.61,24.61,24.61,261
20180611,24.57,24.61,24.55,24.58,1557
20180612,24.67,24.67,24.61,24.61,508
20180613,24.46,24.46,24.46,24.46,704
20180614,24.38,24.38,24.38,24.38,580
20180615,24.45,24.45,24.45,24.45,261
20180618,24.22,24.22,24.19,24.22,752
20180619,24.01,24.04,24.01,24.04,676
20180620,24.29,24.29,24.14,24.14,1050
20180621,24.14,24.14,24.14,24.14,485
20180622,24.42,24.42,24.42,24.42,259
20180625,24.39,24.39,24.05,24.05,2191
20180626,24.13,24.13,24.04,24.05,3131
20180627,24.04,24.04,23.96,23.96,991
20180628,23.97,23.97,23.97,23.97,596
20180629,24.13,24.22,24.11,24.12,6097
20180702,24.05,24.05,24.05,24.05,371
20180703,24.16,24.16,24.16,24.16,146
20180705,24.32,24.47,24.32,24.34,1756
20180706,24.53,24.58,24.53,24.56,1497
20180709,24.76,24.76,24.68,24.7,1497
20180710,24.82,24.82,24.82,24.82,371
20180711,24.49,24.49,24.49,24.49,371
20180712,24.68,24.68,24.67,24.67,883
20180713,24.75,24.78,24.69,24.69,3753
20180716,24.72,24.72,24.67,24.7,2256
20180717,24.81,24.81,24.72,24.74,2055
20180718,24.63,24.76,24.63,24.76,1387
20180719,24.63,24.71,24.63,24.71,489
20180720,24.78,24.78,24.78,24.78,653
20180723,24.78,24.78,24.78,24.78,371
20180724,24.91,24.91,24.8,24.82,932
20180726,25.04,25.04,25.04,25.04,371
20180727,24.98,24.98,24.93,24.98,2317
20180730,25.09,25.09,25.09,25.09,371
20180731,25.2,25.2,25.2,25.2,371
20180801,25.05,25.1,24.97,24.97,2293
20180802,25.01,25.01,25.01,25.01,506
20180803,25.05,25.1,25.05,25.09,1918
20180806,25.09,25.15,25.09,25.13,2409
20180807,25.13,25.13,25.13,25.13,1104
20180808,25.07,25.07,25.04,25.04,987
20180809,25.06,25.06,25.04,25.04,1055
20180810,24.8,24.8,24.8,24.8,259
20180813,24.69,24.69,24.61,24.62,7700
20180814,24.84,24.84,24.84,24.84,371
20180815,24.83,24.83,24.83,24.83,766
20180816,24.95,24.95,24.95,24.95,371
20180817,24.87,24.95,24.87,24.95,1057
20180820,25.04,25.05,25.04,25.05,3385
20180821,25.16,25.2,25.16,25.17,1486
20180822,25.05,25.12,25.05,25.06,902
20180824,25.07,25.07,25.07,25.07,113
20180827,25.15,25.15,25.15,25.15,113
20180828,25.31,25.31,25.24,25.24,2538
20180830,25.21,25.21,25.11,25.12,487
20180831,24.94,25.03,24.94,24.99,1660
20180904,24.91,24.91,24.88,24.88,1167
20180905,24.59,24.78,24.59,24.76,453
20180906,24.75,24.75,24.75,24.75,180
20180907,24.75,24.78,24.7,24.78,1294
20180910,24.82,24.82,24.82,24.82,125
20180911,24.6,24.73,24.6,24.73,612
20180912,24.88,24.88,24.88,24.88,439
20180913,24.91,24.98,24.91,24.92,1323
20180914,24.88,25,24.88,24.92,2269
20180917,25.05,25.08,25.03,25.03,849
20180918,25.06,25.12,25.06,25.12,2741
20180919,25.1,25.1,25.1,25.1,485
20180920,25.34,25.42,25.34,25.42,1615
20180921,25.39,25.39,25.39,25.39,179
20180924,25.25,25.25,25.22,25.22,873
20180925,25.16,25.3,25.16,25.17,3951
20180926,25.22,25.3,25.22,25.3,548
20180927,25.33,25.33,25.29,25.29,3677
20180928,25.18,25.21,25.14,25.14,1674
20181001,25.3,25.33,25.27,25.27,448
20181002,25.15,25.18,25.14,25.14,2717
20181003,25.26,25.26,25.18,25.18,279
20181004,24.97,24.97,24.97,24.97,726
20181005,24.87,25.05,24.87,25.05,3567
20181010,24.75,24.75,24.75,24.75,203
20181011,24.27,24.28,23.96,23.96,2045
20181012,24.04,24.06,24.01,24.01,702
20181015,24.21,24.27,24.21,24.27,587
20181016,24.45,24.45,24.44,24.44,264
20181017,24.51,24.55,24.51,24.55,1004
20181019,24.51,24.51,24.42,24.49,1005
20181022,24.32,24.39,24.32,24.39,2221
20181023,24.14,24.15,24.14,24.15,312
20181024,24.11,24.11,23.96,23.99,973
20181025,24.03,24.03,24.03,24.03,122
20181026,23.78,23.78,23.69,23.69,1244
20181029,23.93,23.93,23.89,23.89,742
20181030,23.92,23.92,23.78,23.78,1990
20181101,24.31,24.31,24.31,24.31,1570
20181102,24.44,24.44,24.24,24.24,539
20181105,24.56,24.62,24.52,24.52,671
20181107,24.75,24.75,24.75,24.75,112
20181108,24.79,24.79,24.79,24.79,112
20181109,24.67,24.67,24.6,24.6,335
20181112,24.54,24.54,24.54,24.54,223
20181113,24.49,24.56,24.49,24.56,595
20181114,24.38,24.52,24.35,24.47,5027
20181115,24.32,24.54,24.32,24.54,447
20181116,24.65,24.65,24.65,24.65,179
20181119,24.42,24.44,24.4,24.4,957
20181121,24.24,24.25,24.24,24.24,8857
20181126,24.32,24.32,24.32,24.32,223
20181127,24.42,24.47,24.39,24.46,29824
20181128,24.66,24.66,24.61,24.64,732
20181129,24.9,24.91,24.87,24.91,1374
20181130,24.75,24.75,24.75,24.75,335
20181204,24.56,24.56,24.56,24.56,257
20181206,24.03,24.03,23.96,23.97,558
20181207,24.25,24.36,24.16,24.16,1528
20181210,23.75,24.01,23.75,24.01,1657
20181211,23.94,24.03,23.94,24.03,702
20181212,24.31,24.31,24.2,24.2,414
20181213,24.12,24.12,24.12,24.12,172
20181214,23.85,23.85,23.85,23.85,33
20181217,23.35,23.35,23.35,23.35,234
20181218,23.54,23.54,23.32,23.34,23083
20181219,23.65,23.65,23.63,23.63,1149
20181220,23.02,23.02,23.02,23.02,33
20181221,23.07,23.11,23.07,23.11,475
20181224,23.68,23.68,22.39,22.39,3144
20181226,22.35,22.69,22.35,22.64,3048
20181227,22.73,23.01,22.73,23.01,1178
20181228,23.1,23.3,23.09,23.3,3057
20181231,23.2,23.24,23.15,23.21,7121
20190102,23.15,23.3,23.15,23.3,473
20190103,23.07,23.11,23.07,23.11,915
20190104,23.42,23.42,23.42,23.42,143
20190107,23.65,23.65,23.65,23.65,253
20190108,23.82,23.82,23.8,23.8,364
20190109,24.01,24.19,24.01,24.19,2494
20190110,23.92,24.08,23.92,24.08,728
20190111,24.12,24.19,24.12,24.19,530
20190114,24.01,24.01,24.01,24.01,33
20190115,24.07,24.07,24.07,24.07,153
20190116,24.11,24.11,24.11,24.11,33
20190117,24.15,24.25,24.15,24.25,854
20190118,24.46,24.46,24.44,24.44,416
20190122,24.5,24.5,24.5,24.5,33
20190123,24.66,24.66,24.66,24.66,236
20190124,24.3,24.3,24.3,24.3,33
20190125,24.44,24.44,24.44,24.44,33
20190128,24.37,24.37,24.37,24.37,33
20190129,24.49,24.49,24.49,24.49,143
20190130,24.58,24.7,24.58,24.7,805
20190131,24.78,24.78,24.78,24.78,33
20190201,24.73,24.73,24.73,24.73,474
20190204,24.93,24.93,24.93,24.93,33
20190205,25.11,25.12,24.98,25.04,1705
20190206,25.13,25.13,24.93,24.93,805
20190207,24.76,24.76,24.76,24.76,474
20190208,24.72,24.72,24.72,24.72,143
20190211,24.73,24.73,24.73,24.73,33
20190212,24.93,24.93,24.93,24.93,861
20190213,24.93,24.93,24.93,24.93,1463
20190214,24.91,24.91,24.91,24.91,143
20190215,25.07,25.11,25.05,25.06,708
20190219,25.1,25.1,25.1,25.1,734
20190220,25.18,25.37,25.18,25.37,1213
20190221,25.29,25.29,25.29,25.29,143
20190222,25.37,25.37,25.37,25.37,143
20190225,25.62,25.62,25.56,25.58,2013
20190226,25.58,25.6,25.58,25.6,475
20190227,25.42,25.42,25.41,25.42,695
20190228,25.41,25.43,25.41,25.43,992
20190301,25.42,25.44,25.42,25.44,497
20190304,25.5,25.5,25.27,25.27,816
20190305,25.37,25.38,25.37,25.38,584
20190306,25.2,25.25,25.2,25.25,976
20190307,25.14,25.14,25.14,25.14,253
20190308,24.99,24.99,24.99,24.99,339
20190311,25.22,25.3,25.22,25.3,253
20190312,25.4,25.4,25.35,25.36,540
20190313,25.45,25.45,25.44,25.45,1523
20190314,25.47,25.47,25.47,25.47,1602
20190315,25.57,25.58,25.57,25.58,1799
20190318,25.64,25.65,25.64,25.65,2203
20190319,25.75,25.75,25.64,25.64,4355
20190320,25.71,25.71,25.53,25.67,2014
20190321,25.65,25.67,25.65,25.67,3225
20190322,25.34,25.34,25.34,25.34,33
20190325,25.31,25.31,25.31,25.31,303
20190326,25.44,25.44,25.43,25.43,445
20190327,25.31,25.31,25.31,25.31,325
20190328,25.45,25.45,25.45,25.45,143
20190329,25.6,25.6,25.58,25.58,11019
20190401,25.9,25.9,25.9,25.9,143
20190402,25.8,25.88,25.8,25.88,117095
20190403,26.05,26.05,25.91,25.95,7449
20190404,25.98,25.98,25.98,25.98,33
20190405,25.98,26,25.97,25.99,11724
20190408,25.97,25.97,25.97,25.97,597
20190409,25.85,25.89,25.85,25.89,373
20190410,25.97,25.97,25.97,25.97,33
20190411,25.96,25.96,25.96,25.96,582
20190412,26.05,26.05,26.05,26.05,33
20190415,26.08,26.09,26.08,26.09,1601
20190416,26.18,26.21,26.18,26.21,644
20190417,26.2,26.2,26.12,26.13,2518
20190418,26.17,26.17,26.17,26.17,33
20190422,26.13,26.13,26.13,26.13,320
20190423,26.2,26.21,26.2,26.21,843
20190424,26.14,26.14,26.06,26.06,371
20190425,26.02,26.02,26.02,26.02,238
20190426,26.16,26.16,26.09,26.09,2094
20190429,26.14,26.15,26.14,26.15,938
20190430,26.24,26.24,26.24,26.24,2953
20190501,26.31,26.31,26.31,26.31,473
20190502,26.18,26.18,26.13,26.13,725
20190503,26.27,26.27,26.27,26.27,360
20190506,26.03,26.03,26.03,26.03,143
20190507,25.95,25.95,25.92,25.92,363
20190508,25.88,25.93,25.88,25.9,1339
20190509,25.59,25.75,25.59,25.75,2345
20190510,25.62,25.63,25.62,25.63,473
20190513,25.5,25.5,25.5,25.5,143
20190514,25.54,25.54,25.54,25.54,143
20190515,25.56,25.62,25.56,25.62,5308
20190516,25.72,25.72,25.72,25.72,33
20190517,25.65,25.65,25.65,25.65,639
20190520,25.63,25.63,25.63,25.63,253
20190521,25.78,25.78,25.77,25.78,1357
20190522,25.82,25.82,25.82,25.82,637
20190523,25.55,25.55,25.49,25.53,1836
20190524,25.64,25.69,25.64,25.69,854
20190528,25.67,25.67,25.49,25.49,253
20190529,25.34,25.34,25.34,25.34,429
20190530,25.47,25.47,25.44,25.44,280
20190531,25.28,25.36,25.27,25.27,1218
20190603,25.4,25.4,25.4,25.4,1406
20190604,25.65,25.65,25.65,25.65,692
20190605,25.76,25.76,25.76,25.76,418
20190606,25.86,25.86,25.86,25.86,253
20190607,26.21,26.21,26.21,26.21,817
20190610,26.35,26.35,26.33,26.33,568
20190611,26.13,26.14,26.13,26.14,390
20190612,26.13,26.13,26.12,26.12,1014
20190613,26.34,26.34,26.28,26.28,387
20190614,26.15,26.15,26.15,26.15,227
20190617,26.27,26.27,26.27,26.27,909
20190618,26.43,26.51,26.43,26.46,1535
20190619,26.5,26.61,26.5,26.61,8602
20190620,26.81,26.84,26.8,26.84,1477
20190621,26.77,26.77,26.77,26.77,33
20190624,26.81,26.81,26.81,26.81,469
20190625,26.72,26.72,26.65,26.65,4458
20190626,26.69,26.69,26.69,26.69,3972
20190627,26.73,26.75,26.73,26.73,696
20190628,26.76,26.79,26.76,26.79,2277
20190701,27.02,27.02,26.86,26.92,1798
20190702,26.98,26.98,26.98,26.98,142
20190703,27.18,27.18,27.18,27.18,33
20190705,27.03,27.09,26.99,27.09,2451
20190708,26.93,27.04,26.92,26.93,2604
20190709,26.85,26.85,26.85,26.85,33
20190710,26.92,27,26.92,26.92,1366
20190711,26.92,26.92,26.92,26.92,33
20190712,26.98,26.98,26.98,26.98,33
20190715,27.04,27.04,27.03,27.03,523
20190716,27.03,27.07,27.01,27.07,905
20190717,27.02,27.02,27.01,27.01,578
20190718,27.12,27.12,27.12,27.12,289
20190719,27.25,27.25,27.21,27.21,358
20190722,27.25,27.25,27.1,27.1,651
20190723,27.19,27.19,27.19,27.19,33
20190724,27.25,27.25,27.24,27.24,1216
20190725,27.22,27.22,27.14,27.14,671
20190726,27.16,27.18,27.14,27.16,1967
20190729,27.21,27.21,27.21,27.21,33
20190730,27.02,27.02,27.01,27.01,668
20190731,26.96,26.96,26.69,26.79,1123
20190801,26.66,26.66,26.55,26.56,510
20190802,26.38,26.38,26.38,26.38,33
20190805,26.02,26.02,25.71,25.71,578
20190806,25.72,25.99,25.72,25.85,4665
20190807,25.69,25.7,25.58,25.58,1096
20190808,26.23,26.23,26.23,26.23,33
20190809,26.09,26.14,26.09,26.14,360
20190812,26.03,26.03,25.87,25.87,501
20190813,26.12,26.12,26.12,26.12,33
20190814,25.49,25.49,25.49,25.49,33
20190815,25.51,25.51,25.51,25.51,33
20190816,25.83,25.83,25.83,25.83,142
20190819,26.09,26.11,26.09,26.11,796
20190820,25.91,25.91,25.91,25.91,33
20190821,26.1,26.1,26.1,26.1,33
20190822,26.04,26.04,26.04,26.04,33
20190823,25.83,25.83,25.83,25.83,360
20190826,25.83,25.83,25.83,25.83,251
20190827,25.93,25.93,25.93,25.93,741
20190828,25.82,25.82,25.82,25.82,33
20190829,26.01,26.01,26.01,26.01,33
20190830,26.11,26.13,26.07,26.13,1105
20190903,26.03,26.08,26.03,26.08,687
20190904,26.4,26.4,26.4,26.4,33
20190905,26.64,26.64,26.64,26.64,469
20190906,26.76,26.76,26.76,26.76,142
20190909,26.79,26.79,26.79,26.79,1561
20190910,26.84,26.84,26.84,26.84,251
20190911,27.05,27.05,26.84,26.92,9666
20190912,27.06,27.06,27.06,27.06,364
20190913,27.19,27.19,27.19,27.19,367
20190916,27.07,27.07,27,27,611
20190917,27.03,27.13,27.03,27.13,1217
20190918,27.04,27.04,27.04,27.04,270
20190919,27.21,27.21,27.11,27.11,465
20190920,26.95,26.95,26.95,26.95,33
20190923,26.93,26.93,26.93,26.93,33
20190924,26.92,26.93,26.9,26.9,693
20190925,26.79,26.79,26.77,26.77,425
20190926,27,27,27,27,33
20190927,27.02,27.02,26.9,26.93,835
20190930,27.06,27.06,27.06,27.06,284
20191001,26.76,26.77,26.76,26.77,2832
20191002,26.75,26.75,26.3,26.31,3579
20191003,26.42,26.51,26.4,26.48,2721
20191004,26.68,26.78,26.68,26.77,1011
20191007,26.81,26.81,26.81,26.81,194
20191008,26.43,26.43,26.42,26.43,1004
20191009,26.51,26.52,26.5,26.52,1633
20191010,26.81,26.81,26.77,26.77,1111
20191011,27.23,27.26,27.15,27.25,2106
20191014,27.11,27.11,27.07,27.07,339
20191015,27.29,27.29,27.29,27.29,33
20191016,27.29,27.29,27.29,27.29,1433
20191017,27.39,27.39,27.39,27.39,230
20191018,27.39,27.39,27.39,27.39,593
20191021,27.57,27.57,27.57,27.57,33
20191022,27.57,27.66,27.53,27.55,6280
20191023,27.54,27.54,27.54,27.54,141
20191024,27.66,27.66,27.66,27.66,33
20191025,27.74,27.74,27.74,27.74,463
20191028,27.8,27.8,27.8,27.8,33
20191029,27.75,27.87,27.75,27.87,278
20191030,27.81,27.81,27.81,27.81,1218
20191031,27.76,27.76,27.7,27.7,354
20191101,27.93,27.94,27.93,27.94,495
20191104,28.06,28.06,27.96,27.96,1699
20191105,28.01,28.01,28.01,28.01,927
20191106,28,28,28,28,33
20191107,28.15,28.15,28.1,28.1,2301
20191108,27.99,27.99,27.99,27.99,1802
20191111,28.02,28.02,28,28,626
20191112,28,28,27.99,27.99,1282
20191113,27.94,27.94,27.94,27.94,569
20191114,27.9,27.9,27.9,27.9,33
20191115,28.01,28.03,28.01,28.03,1673
20191118,28.1,28.1,28.02,28.02,723
20191119,28.05,28.06,28.05,28.06,1478
20191120,27.81,27.88,27.81,27.88,571
20191121,27.84,27.86,27.84,27.86,410
20191122,27.82,27.82,27.82,27.82,571
20191125,27.94,27.94,27.94,27.94,786
20191126,28.04,28.04,27.91,27.91,927
20191127,28.07,28.12,28.02,28.12,2733
20191129,27.97,27.97,27.97,27.97,33
20191202,28.02,28.02,27.86,27.87,1090
20191203,27.86,27.86,27.57,27.57,21204
20191204,27.91,27.95,27.91,27.95,1943
20191205,27.86,27.94,27.86,27.94,2504
20191206,28.14,28.15,28.14,28.15,500
20191209,28.14,28.15,28.13,28.15,1546
20191210,28.14,28.16,28.07,28.16,10267
20191211,28.21,28.27,28.2,28.27,1423
20191212,28.25,28.43,28.19,28.43,512
20191213,28.6,28.6,28.6,28.6,352
20191216,28.88,28.9,28.88,28.9,2691
20191217,28.83,28.83,28.79,28.8,7831
20191218,28.79,28.8,28.79,28.79,4910
20191219,28.79,28.83,28.78,28.83,1765
20191220,28.92,28.93,28.82,28.82,2869
20191223,28.81,28.81,28.81,28.81,139
20191224,28.88,28.88,28.79,28.79,6298
20191226,28.98,28.98,28.98,28.98,1328
20191227,29.1,29.1,29.1,29.1,1040
20191230,29.02,29.02,28.89,28.94,47842
20191231,28.96,28.96,28.89,28.92,15029
20200102,29.13,29.16,29.03,29.16,4559
20200103,28.96,28.96,28.96,28.96,467
20200106,28.82,28.94,28.82,28.89,5897
20200107,28.91,28.93,28.77,28.93,7845
20200108,28.87,29.03,28.87,29.03,577
20200109,29,29,28.86,28.86,512
20200110,28.9,28.9,28.9,28.9,299
20200113,28.84,29.03,28.84,29.03,1282
20200114,29.06,29.16,29.03,29.04,21522
20200115,29.16,29.16,29.16,29.16,31974
20200116,29.26,29.26,29.26,29.26,485
20200117,29.29,29.39,29.29,29.39,8163
20200121,29.12,29.33,29.12,29.28,9393
20200122,29.4,29.4,29.27,29.27,5237
20200123,29.17,29.33,29.17,29.33,695
20200124,29.38,29.38,29.33,29.34,4986
20200127,28.75,28.78,28.69,28.76,1720
20200128,29,29,29,29,458
20200129,28.97,29.01,28.96,28.96,809
20200130,28.77,28.9,28.68,28.9,7029
20200131,28.52,28.52,28.38,28.38,586
20200203,28.53,28.53,28.43,28.43,112969
20200204,28.88,28.92,28.84,28.84,4724
20200205,29.06,29.12,29.06,29.06,2695
20200206,29.11,29.11,29.05,29.11,2766
20200207,29.01,29.01,28.83,28.83,2419
20200210,28.97,28.97,28.97,28.97,33
20200211,29.14,29.2,29.14,29.2,3105
20200212,29.19,29.35,29.19,29.32,4748
20200213,29.12,29.12,29.12,29.12,352
20200214,29.07,29.12,29.06,29.06,547
20200218,29.01,29.01,28.97,28.97,945
20200219,29.09,29.09,28.99,29.03,3822
20200220,28.85,28.85,28.85,28.85,245
20200221,28.8,28.8,28.8,28.8,527
20200224,27.99,27.99,27.81,27.95,3552
20200225,27.83,27.83,27.29,27.29,2316
20200226,27.43,27.59,27.15,27.15,3338
20200227,26.71,26.8,26.62,26.62,981
20200228,25.7,25.87,25.35,25.73,31118
20200302,25.89,26.23,25.89,26.23,1005
20200303,26.32,26.33,26.3,26.3,1411
20200304,27.07,27.07,27.07,27.07,33
20200305,26.57,26.59,26.36,26.36,2487
20200306,25.71,26.01,25.7,26.01,1725
20200309,24.29,24.29,24.29,24.29,1237
20200310,24.95,24.95,24.25,24.84,2607
20200311,24.2,24.2,23.58,23.58,759
20200312,21.63,22.18,21.12,21.51,4257
20200313,21.84,22.39,21.79,22.39,1965
20200316,19.948,21.39,19.948,20.61,1836
20200317,20.85,20.85,20.85,20.85,139
20200318,20.77,20.77,19.43,19.78,4368
20200319,20.43,20.58,20.19,20.58,4486
20200320,20.33,20.62,20.31,20.31,1305
20200323,19.1,19.27,18.789,18.949,4853
20200324,20.01,20.04,19.96,20.04,669
20200325,21.63,21.63,21.49,21.49,4560
20200326,21.65,22.27,21.65,22.27,1483
20200327,21.41,22.08,21.41,22.07,3522
20200330,22.15,22.15,22.15,22.15,33
20200331,21.99,22,21.93,21.98,1966
20200401,21.4,21.4,21.4,21.4,581
20200402,21.4,21.76,21.35,21.76,775
20200403,21.49,21.49,21.32,21.32,646
20200406,22.3,22.3,22.3,22.3,775
20200407,22.58,22.58,22.58,22.58,186
20200408,22.79,22.79,22.75,22.75,2049
20200409,23.38,23.38,23.14,23.21,3482
20200413,22.89,22.95,22.81,22.95,608
20200414,23.38,23.53,23.38,23.53,590
20200415,23.53,23.53,23.53,23.53,30
20200416,22.85,22.85,22.85,22.85,33
20200417,22.88,22.88,22.88,22.88,33
20200420,23.18,23.18,23.01,23.01,854
20200421,22.43,22.59,22.43,22.59,1291
20200422,22.87,22.87,22.87,22.87,1094
20200423,23.1,23.12,23.09,23.12,7919
20200424,22.8,22.8,22.8,22.8,211
20200427,23.06,23.06,23.06,23.06,33
20200428,23.42,23.42,23.42,23.42,33
20200429,24.08,24.18,24.08,24.15,457
20200430,24.09,24.09,24.09,24.09,30
20200501,23.31,23.31,22.92,22.95,1412
20200504,22.89,23.04,22.89,23.04,2267
20200505,23.33,23.33,23.13,23.13,5597
20200506,23.02,23.03,22.9,22.9,2811
20200507,23.07,23.07,23.07,23.07,474
20200508,23.01,23.01,23.01,23.01,33
20200511,23.45,23.45,23.45,23.45,33
20200512,23.32,23.32,22.97,22.97,2366
20200513,22.61,22.61,22.61,22.61,146
20200514,22.49,22.49,22.49,22.49,195
20200515,22.68,22.68,22.64,22.64,436
20200518,23.15,23.48,23.07,23.48,1953
20200519,23.3,23.32,23.3,23.3,2013
20200520,23.49,23.49,23.49,23.49,2250
20200521,23.5,23.5,23.41,23.41,510
20200522,23.32,23.32,23.32,23.32,139
20200526,24.11,24.14,23.91,23.91,1295
20200527,24.28,24.28,24.27,24.27,415
20200528,24.52,24.52,24.52,24.52,33
20200529,24.13,24.16,24.11,24.11,4168
20200601,24.48,24.64,24.48,24.6,898
20200602,24.73,24.92,24.73,24.92,2540
20200603,25.27,25.6,25.27,25.6,624
20200604,25.57,25.59,25.55,25.59,1256
20200605,26.12,26.31,26.12,26.31,736
20200608,26.47,26.47,26.47,26.47,192
20200609,26.24,26.38,26.24,26.32,2426
20200610,26.15,26.15,26.15,26.15,1349
20200611,24.6,24.61,24.6,24.61,818
20200612,25.16,25.21,24.88,24.98,2198
20200615,25.17,25.17,25.17,25.17,244
20200616,25.34,25.36,25.34,25.34,1511
20200617,25.36,25.36,25.36,25.36,33
20200618,25.34,25.34,25.19,25.19,3604
20200619,25.22,25.22,25.22,25.22,33
20200622,25.27,25.27,25.27,25.27,552
20200623,25.42,25.52,25.41,25.41,890
20200624,24.77,24.77,24.77,24.77,33
20200625,24.8,24.8,24.77,24.77,562
20200626,24.9,24.9,24.6,24.6,2987
20200629,24.65,24.86,24.65,24.86,1722
20200630,24.99,25.02,24.89,24.89,6147
20200701,25.13,25.2,25.13,25.2,822
20200702,25.27,25.27,25.27,25.27,33
20200706,25.5,25.5,25.49,25.49,983
20200707,25.39,25.39,25.39,25.39,244
20200708,25.36,25.36,25.36,25.36,33
20200709,25.12,25.12,25.12,25.12,33
20200710,25.18,25.19,25.17,25.19,561
20200713,25.38,25.38,25.38,25.38,226
20200714,25.75,25.75,25.75,25.75,139
20200715,25.92,25.92,25.92,25.92,508
20200716,25.89,25.89,25.89,25.89,33
20200717,25.94,25.94,25.94,25.94,33
20200720,25.92,25.99,25.92,25.99,482
20200721,26.22,26.22,26.22,26.22,407
20200722,26.23,26.23,26.23,26.23,33
20200723,26.16,26.16,26.16,26.16,147
20200724,25.87,25.87,25.87,25.87,295
20200727,26.21,26.28,26.21,26.28,610
20200728,26.17,26.28,26.17,26.28,934
20200729,26.21,26.21,26.21,26.21,216
20200730,26.27,26.27,26.27,26.27,33
20200731,25.75,25.75,25.75,25.75,280
20200803,26.11,26.11,26.02,26.02,799
20200804,25.92,26.26,25.92,26.26,860
20200805,26.38,26.38,26.36,26.38,1069
20200806,26.27,26.38,26.27,26.3,679
20200807,26.36,26.39,26.32,26.39,1744
20200810,26.63,26.63,26.63,26.63,350
20200811,26.89,27.01,26.72,26.72,961
20200812,27.18,27.18,27.18,27.18,203
20200813,26.95,26.95,26.95,26.95,244
20200814,26.86,26.93,26.78,26.85,13152
20200817,26.93,26.93,26.93,26.93,33
20200818,26.99,26.99,26.99,26.99,283
20200819,27.01,27.1,27.01,27.1,1289
20200820,26.84,26.99,26.82,26.96,2395
20200821,26.82,26.82,26.82,26.82,139
20200824,27.07,27.07,27.07,27.07,344
20200825,27.2,27.2,27.2,27.2,250
20200826,27.2,27.32,27.2,27.32,822
20200827,27.21,27.21,27.21,27.21,33
20200828,27.4,27.42,27.38,27.42,630
20200831,27.28,27.28,27.28,27.28,1611
20200901,27.17,27.17,26.97,27.13,1264
20200902,27.33,27.33,27.33,27.33,547
20200903,26.93,26.93,26.93,26.93,33
20200904,26.66,27.01,26.66,27.01,2904
20200908,26.65,26.65,26.65,26.65,273
20200909,27.14,27.14,27.14,27.14,561
20200910,26.87,26.87,26.78,26.78,525
20200911,26.95,26.99,26.84,26.85,1414
20200914,27.04,27.11,27.03,27.03,1368
20200915,27.19,27.28,27.19,27.27,1122
20200916,27.28,27.34,27.06,27.09,3214
20200917,26.97,27.05,26.97,27.05,695
20200918,26.93,26.93,26.84,26.84,508
20200921,26.47,26.47,26.15,26.27,1251
20200922,26.39,26.39,26.39,26.39,30
20200923,26.48,26.48,26.28,26.3,4192
20200924,26.03,26.03,26.02,26.02,342
20200925,26.23,26.23,26.23,26.23,222
20200928,26.77,26.78,26.72,26.72,733
20200929,26.63,26.72,26.59,26.59,2193
20200930,26.71,26.71,26.71,26.71,365
20201001,26.76,26.76,26.64,26.64,2075
20201002,26.87,26.89,26.87,26.88,861
20201005,27.09,27.09,27.09,27.09,302
20201006,27.25,27.36,27.25,27.31,1528
20201007,27.34,27.34,27.34,27.34,30
20201008,27.49,27.49,27.45,27.45,550
20201009,27.74,27.74,27.6,27.6,3542
20201012,27.88,27.88,27.88,27.88,204
20201013,27.59,27.59,27.47,27.55,4308
20201014,27.62,27.74,27.51,27.53,8562
20201015,27.25,27.29,27.25,27.29,409
20201016,27.49,27.49,27.49,27.49,30
20201019,27.28,27.28,27.28,27.28,134
20201020,27.42,27.42,27.42,27.42,191
20201021,27.39,27.39,27.36,27.36,588
20201022,27.34,27.34,27.34,27.34,820
20201023,27.44,27.44,27.43,27.43,1186
20201026,26.97,26.97,26.93,26.93,884
20201027,26.73,26.73,26.73,26.73,156
20201028,26.08,26.08,26.08,26.08,192
20201029,26.07,26.18,25.92,26.11,3621
20201030,25.8,25.8,25.8,25.8,342
20201102,26.23,26.23,26.23,26.23,168
20201103,26.64,26.82,26.64,26.82,685
20201104,27.25,27.25,27.25,27.25,1365
20201105,27.56,27.68,27.56,27.6,7832
20201106,27.75,27.8,27.75,27.8,992
20201109,29.02,29.02,28.6,28.6,2950
20201110,28.83,28.89,28.79,28.89,1121
20201111,29.08,29.17,29.07,29.13,1432
20201112,28.7,28.71,28.7,28.71,746
20201113,28.94,29.04,28.94,28.96,829
20201116,29.29,29.49,29.29,29.49,2267
20201117,29.44,29.5,29.44,29.5,446
20201118,29.42,29.42,29.41,29.41,238
20201119,29.3,29.52,29.3,29.4,5679
20201120,29.4,29.46,29.4,29.44,3135
20201123,29.46,29.54,29.38,29.38,805
20201124,29.97,29.99,29.97,29.99,456
20201125,29.97,29.97,29.86,29.86,705
20201127,30.03,30.03,30.03,30.03,594
20201130,29.64,29.64,29.64,29.64,4032
20201201,29.91,29.98,29.91,29.98,1725
20201202,29.81,29.87,29.81,29.87,513
20201203,29.85,29.89,29.85,29.89,669
20201204,30.05,30.25,30.05,30.25,2557
20201207,30.14,30.16,30,30.04,1568
20201208,30.21,30.28,30.14,30.16,2121
20201209,30.08,30.15,30.08,30.15,933
20201210,30.18,30.24,30.18,30.24,1445
20201211,30.12,30.15,30.12,30.15,362
20201214,30.34,30.34,30.01,30.01,494
20201215,30.15,30.23,30.05,30.23,3382
20201216,30.24,30.33,30.24,30.3,499
20201217,30.57,30.57,30.39,30.51,2967
20201218,30.5,30.52,30.36,30.36,3827
20201221,29.77,30.15,29.77,30.15,3063
20201222,29.92,30.04,29.92,30.04,1094
20201223,30.18,30.18,30.18,30.18,30
20201224,30.22,30.22,30.22,30.22,30
20201228,30.4,30.4,30.4,30.4,292
20201229,30.51,30.51,30.37,30.38,1329
20201230,30.49,30.49,30.49,30.49,462
20201231,30.43,30.43,30.43,30.43,1430
20210104,30.69,30.69,30.69,30.69,682
20210105,30.43,30.58,30.4,30.58,1922
20210106,31.05,31.05,31.05,31.05,1967
20210107,31.13,31.19,31.13,31.19,428
20210108,31.28,31.35,31.25,31.26,3160
20210111,31.21,31.26,31.2,31.2,3140
20210112,31.15,31.33,31.15,31.33,12164
20210113,31.28,31.28,31.2,31.28,1690
20210114,31.34,31.34,31.34,31.34,133
20210115,31.09,31.18,31.07,31.18,3756
20210119,31.23,31.23,31.08,31.21,9509
20210120,31.23,31.32,31.18,31.24,10091
20210121,31.24,31.29,31.19,31.29,3277
20210122,31.09,31.09,31.07,31.07,4613
20210125,30.93,30.93,30.93,30.93,545
20210126,31.04,31.1,31.02,31.02,5107
20210127,30.32,30.33,30.31,30.32,2029
20210128,30.66,30.66,30.66,30.66,1111
20210129,30.2,30.2,29.94,29.95,15258
20210201,30.25,30.25,30.25,30.25,3034
20210202,30.42,30.53,30.42,30.53,921
20210203,30.45,30.53,30.43,30.53,892
20210204,30.48,30.5,30.48,30.5,1434
20210205,30.63,30.74,30.63,30.73,33871
20210208,30.95,30.96,30.95,30.96,764
20210209,31.08,31.08,31.01,31.06,780
20210210,31.01,31.14,30.98,31.04,2324
20210211,31.14,31.14,31.03,31.14,1566
20210212,31.18,31.18,31.18,31.18,258
20210216,31.31,31.31,31.22,31.22,888
20210217,31.09,31.14,31.09,31.14,1281
20210218,30.98,31.08,30.97,31.08,2956
20210219,31.14,31.2,31.05,31.09,2360
20210222,31.16,31.16,31.16,31.16,185
20210223,31.14,31.14,31.14,31.14,2768
20210224,31.09,31.5,31.09,31.5,411
20210225,31.45,31.54,30.97,30.97,1651
20210226,30.66,30.66,30.66,30.66,30
20210301,31.08,31.15,31.08,31.15,4913
20210302,31.14,31.14,31.09,31.09,1066
20210303,31.02,31.04,31.02,31.04,609
20210304,31.14,31.14,30.85,30.85,1114
20210305,31.01,31.01,31.01,31.01,494
20210308,31.28,31.28,31.28,31.28,30
20210309,31.62,31.62,31.56,31.56,420
20210310,31.66,31.82,31.6,31.82,729
20210311,31.94,31.94,31.81,31.81,589
20210312,31.84,31.84,31.84,31.84,133
20210315,32.02,32.02,32.02,32.02,133
20210316,32.15,32.18,32.02,32.13,5946
20210317,31.97,32.03,31.97,32.03,236
20210318,32.22,32.22,32.2,32.2,2405
20210319,31.95,32.08,31.95,32.01,649
20210322,32.08,32.23,32.04,32.21,2393
20210323,31.99,31.99,31.76,31.76,1921
20210324,31.83,31.88,31.83,31.88,5705
20210325,31.8,31.82,31.8,31.8,675
20210326,32.29,32.29,32.29,32.29,767
20210329,32.52,32.52,32.52,32.52,30
20210330,32.53,32.53,32.39,32.48,4342
20210331,32.5,32.5,32.5,32.5,236
20210401,32.42,32.56,32.42,32.56,45191
20210405,32.6,32.83,32.6,32.78,1582
20210406,32.68,32.68,32.57,32.57,331
20210407,32.7,32.73,32.63,32.65,5694
20210408,32.73,32.73,32.73,32.73,582
20210409,32.75,32.75,32.75,32.75,236
20210412,32.66,32.66,32.66,32.66,236
20210413,32.55,32.61,32.5,32.61,641
20210414,32.71,32.71,32.57,32.57,1940
20210415,32.95,32.97,32.9,32.9,2494
20210416,33.03,33.07,33.03,33.07,750
20210419,33.07,33.07,33.03,33.03,698
20210420,32.88,32.88,32.8,32.82,1028
20210421,33.02,33.02,33.02,33.02,236
20210422,32.98,32.98,32.72,32.88,4271
20210423,33.02,33.22,32.99,33.22,3743
20210426,33.13,33.13,33.08,33.1,1570
20210427,33.02,33.12,33.02,33.12,596
20210428,33.12,33.12,33.08,33.08,492
20210429,33.17,33.18,33.17,33.18,544
20210430,32.92,32.92,32.92,32.92,133
20210503,33.29,33.29,33.19,33.19,915
20210504,32.9,33.15,32.87,33.13,1676
20210505,33.3,33.3,33.3,33.3,30
20210506,33.65,33.65,33.65,33.65,30
20210507,33.87,34.02,33.87,33.98,1056
20210510,34.23,34.23,34.03,34.03,941
20210511,33.57,33.57,33.57,33.57,30
20210512,33.49,33.49,33.1,33.14,2047
20210513,33.42,33.47,33.42,33.47,846
20210514,33.98,33.98,33.98,33.98,236
20210517,33.91,33.97,33.91,33.97,236
20210518,34.11,34.18,34.11,34.12,779
20210519,33.83,33.84,33.83,33.84,1099
20210520,34.13,34.25,34.13,34.13,2686
20210521,34.09,34.28,34.09,34.28,1893
20210524,34.24,34.35,34.21,34.33,2845
20210525,34.25,34.25,34.22,34.22,2603
20210526,34.19,34.19,34.19,34.19,339
20210527,34.16,34.35,34.16,34.35,2077
20210528,34.22,34.33,34.22,34.23,6787
20210601,34.4,34.48,34.4,34.48,1963
20210602,34.29,34.51,34.29,34.34,3881
20210603,34.29,34.43,34.29,34.43,354
20210604,34.69,34.69,34.69,34.69,200
20210607,34.6,34.6,34.6,34.6,241
20210608,34.56,34.56,34.56,34.56,30
20210609,34.65,34.7,34.62,34.7,3220
20210610,34.68,34.76,34.66,34.7,2266
20210611,34.62,34.62,34.62,34.62,30
20210614,34.72,34.72,34.52,34.55,2516
20210615,34.54,34.66,34.52,34.64,8936
20210616,34.72,34.74,34.62,34.62,2680
20210617,34.23,34.23,34.19,34.19,589
20210618,33.77,33.77,33.71,33.71,438
20210621,33.96,33.96,33.96,33.96,30
20210622,34.01,34.01,33.92,33.96,1642
20210623,33.93,34,33.89,33.93,1944
20210624,33.99,34.14,33.99,34.01,2738
20210625,34.02,34.2,34.02,34.19,3790
20210628,34.13,34.15,34.08,34.15,2424
20210629,34.1,34.1,34.1,34.1,586
20210630,34.1,34.1,34.06,34.06,439
20210701,34.22,34.23,34.15,34.22,3724
20210702,34.25,34.25,34.25,34.25,233
20210706,34.28,34.28,34.19,34.19,843
20210707,34.16,34.16,34.08,34.12,946
20210708,33.77,33.86,33.77,33.86,919
20210709,34.28,34.45,34.28,34.28,1453
20210712,34.3,34.45,34.3,34.45,867
20210713,34.33,34.33,34.24,34.24,548
20210714,34.48,34.48,34.48,34.48,233
20210715,34.35,34.35,34.28,34.28,1148
20210716,34.16,34.16,34.16,34.16,132
20210719,33.86,33.86,33.56,33.56,1102
20210720,33.93,33.93,33.93,33.93,317
20210721,33.87,34.15,33.87,34.12,3445
20210722,33.93,34.1,33.93,34.1,386
20210723,34.19,34.2,34.19,34.2,437
20210726,34.27,34.29,34.27,34.29,515
20210727,34.11,34.11,34.02,34.1,41797
20210728,34.08,34.08,34.08,34.08,132
20210729,34.58,34.59,34.47,34.59,1069
20210730,34.34,34.51,34.34,34.48,3016
20210802,34.49,34.49,34.3,34.3,653
20210803,34.64,34.64,34.64,34.64,30
20210804,34.58,34.6,34.5,34.6,2023
20210805,34.7,34.7,34.57,34.57,1059
20210806,34.64,34.64,34.64,34.64,182
20210809,34.72,34.72,34.72,34.72,607
20210810,35.01,35.01,35.01,35.01,1046
20210811,34.98,35.24,34.98,35.18,1894
20210812,35.2,35.2,35.2,35.2,132
20210813,35.37,35.37,35.37,35.37,141
20210816,35.37,35.37,35.37,35.37,132
20210817,35.18,35.18,35.12,35.12,2825
20210818,35.2,35.2,35.1,35.11,520
20210819,34.82,34.82,34.82,34.82,30
20210820,34.86,35.05,34.85,34.9,2763
20210823,35.12,35.24,35.12,35.21,2578
20210824,35.19,35.23,35.19,35.22,1308
20210825,35.37,35.39,35.37,35.39,71676
20210826,35.19,35.23,35.14,35.17,2336
20210827,35.34,35.36,35.34,35.36,742
20210830,35.29,35.29,35.29,35.29,30
20210831,35.23,35.23,35.23,35.23,30
20210901,35.3,35.4,35.3,35.4,339
20210902,34.91,35.52,34.47,35.37,2143
20210903,35.51,35.68,35.42,35.6,2309
20210907,35.42,35.55,35.36,35.37,4670
20210908,35.11,35.31,35.11,35.2,1467
20210909,35.21,35.21,35.01,35.07,1402
20210910,35.29,35.29,35.06,35.21,649
20210913,35.13,35.13,34.96,34.96,847
20210914,35,35.04,34.91,34.91,1533
20210915,34.9,35.02,34.9,35.02,1281
20210916,34.84,34.95,34.83,34.94,9166
20210917,34.6,34.65,34.52,34.53,2176
20210920,34.07,34.07,34.06,34.06,571
20210921,34.21,34.24,34.08,34.08,1634
20210922,34.34,34.34,34.31,34.31,1380
20210923,34.65,34.66,34.63,34.63,1322
20210924,34.42,34.42,34.42,34.42,611
20210927,34.44,34.5,34.43,34.44,940
20210928,34.11,34.11,34.1,34.1,399
20210929,34,34.01,34,34.01,314
20210930,34.1,34.1,33.96,33.96,2781
20211001,33.85,33.85,33.85,33.85,392
20211004,34.16,34.16,34.16,34.16,304
20211005,34.24,34.24,34.24,34.24,737
20211006,33.85,34.13,33.8,34.13,1450
20211007,34.53,34.53,34.42,34.42,288
20211008,34.44,34.5,34.44,34.5,1198
20211011,34.45,34.45,34.3,34.3,1874
20211012,34.31,34.37,34.19,34.19,1530
20211013,34.37,34.37,34.35,34.35,284
20211014,34.72,34.72,34.72,34.72,30
20211015,35,35,34.86,34.86,697
20211018,34.8,34.8,34.8,34.8,1544
20211019,35.03,35.03,35.03,35.03,30
20211020,35.28,35.28,35.28,35.28,232
20211021,35.24,35.24,35.24,35.24,131
20211022,35.33,35.34,35.26,35.33,863
20211025,35.31,35.35,35.31,35.31,603
20211026,35.37,35.53,35.37,35.41,1342
20211027,35.19,35.19,35.19,35.19,30
20211028,35.35,35.49,35.35,35.49,2347
20211029,35.37,35.37,35.26,35.26,974
20211101,35.4,35.43,35.4,35.43,333
20211102,35.47,35.53,35.42,35.42,1628
20211103,35.34,35.6,35.34,35.6,2924
20211104,35.61,35.65,35.61,35.62,1095
20211105,35.82,35.82,35.69,35.69,682
20211108,35.75,35.8,35.75,35.8,829
20211109,35.83,35.84,35.71,35.71,1040
20211110,35.91,35.92,35.75,35.75,600
20211111,35.69,35.69,35.69,35.69,131
20211112,36.07,36.07,36.05,36.05,950
20211115,35.98,36.01,35.98,36.01,333
20211116,35.99,35.99,35.98,35.98,3137
20211117,35.85,35.85,35.6,35.64,1239
20211118,35.49,35.6,35.38,35.59,1621
20211119,35.47,35.47,35.47,35.47,131
20211122,35.46,35.46,35.46,35.46,586
20211123,35.36,35.4,35.35,35.35,1040
20211124,35.29,35.3,35.29,35.3,485
20211126,34.61,34.61,34.61,34.61,1039
20211129,34.78,34.78,34,34.61,2051
20211130,34.42,34.42,34.09,34.09,1043
20211201,34.64,34.64,34.64,34.64,6834
20211202,34.67,34.67,34.58,34.58,520
20211203,34.62,34.65,34.54,34.54,770
20211206,35.03,35.03,35.03,35.03,30
20211207,35.15,35.46,35.15,35.38,824
20211208,35.28,35.28,35.28,35.28,171
20211209,35.39,35.39,35.39,35.39,232
20211210,35.38,35.38,35.38,35.38,344
20211213,35.27,35.32,35.27,35.31,696
20211214,35.35,35.35,35.35,35.35,430
20211215,35.31,35.43,35.28,35.41,1555
20211216,36.09,36.18,36.09,36.18,608
20211217,35.95,35.99,35.73,35.73,500
20211220,35.215,35.3552,35.215,35.3552,456
20211221,35.72,35.74,35.6,35.6,1243
20211222,35.53,35.93,35.53,35.93,4406
20211227,36.39,36.45,36.39,36.45,304
20211228,36.47,36.51,36.465,36.465,809
20211229,36.52,36.61,36.52,36.61,929
20211230,36.66,36.68,36.56,36.59,3276
20211231,36.49,36.5,36.49,36.5,225
20220103,36.361,36.64,36.361,36.64,826
20220105,37.27,37.3,37.2325,37.2899,2103
20220107,37.05,37.17,37.05,37.17,817
20220110,37.07,37.07,36.82,37.05,3307
20220111,37.02,37.27,37,37.11,6215
20220112,37.4,37.55,37.33,37.4097,5590
20220113,37.73,37.73,37.53,37.53,6685
20220114,37.332,37.42,37.2792,37.4,1389
20220118,37.21,37.21,36.93,36.93,249
20220119,37.13,37.13,37.11,37.1133,4450
20220120,36.995,37.1,36.59,36.59,644
20220121,36.38,36.455,36.3599,36.37,2482
20220124,35.535,35.5493,35.41,35.5493,2152
20220125,35.51,36.24,35.51,36.12,1292
20220126,35.65,35.65,35.65,35.65,100
20220127,35.79,36.14,35.748,35.748,2239
20220128,35.36,35.71,35.36,35.635,560
20220131,36.11,36.22,36.11,36.1759,1666
20220201,36.225,36.63,36.225,36.63,2775
20220202,36.57,36.87,36.53,36.87,12277
20220203,36.72,36.77,36.5254,36.5254,2263
20220204,36.23,36.59,36.23,36.59,3605
20220207,36.61,36.6399,36.415,36.6399,4480
20220209,37.02,37.04,36.95,36.95,3102
20220210,36.7699,36.9199,36.61,36.61,3547
20220211,36.63,36.73,36.5545,36.5545,700
20220214,35.865,36.07,35.8068,36,726
20220215,36.44,36.51,36.3912,36.47,2485
20220216,36.48,36.69,36.48,36.69,1000
20220217,36.3461,36.36,36.34,36.34,438
20220218,36.22,36.22,36.1777,36.1777,800
