Date,Open,High,Low,Close,Volume
20180208,23.7,23.7,23.7,23.7,100
20180213,23.91,23.91,23.91,23.91,1007
20180214,24.03,24.03,24.03,24.03,961
20180215,24.61,24.7195,24.5952,24.7195,26661
20180216,24.7,24.7,24.53,24.53,350
20180221,25.02,25.02,25.02,25.02,731
20180223,25.22,25.22,25.22,25.22,1100
20180227,25.74,25.74,25.74,25.74,415
20180301,24.835,24.86,24.835,24.8499,500
20180302,24.8,24.8,24.8,24.8,400
20180306,24.91,24.91,24.91,24.91,204
20180307,24.67,24.68,24.67,24.68,278
20180308,24.73,24.73,24.73,24.73,200
20180309,24.99,24.9901,24.99,24.9901,500
20180312,25.03,25.03,25,25,360
20180319,24.26,24.26,24.26,24.26,151
20180323,24.43,24.43,24.43,24.43,100
20180409,21.509,21.509,21.432,21.432,856
20180411,20.9072,21.679,20.89,21.679,4165
20180412,21.95,21.95,21.87,21.929,6192
20180416,21.2329,21.26,21.2329,21.26,360
20180417,21.85,21.85,21.85,21.85,770
20180418,22.41,22.41,22.33,22.33,6174
20180419,22.409,22.409,22.34,22.34,201
20180423,22.25,22.25,22.25,22.25,781
20180427,22.49,22.49,22.49,22.49,100
20180430,22.5303,22.56,22.5303,22.56,400
20180501,22,22,22,22,100
20180502,22.099,22.099,22.099,22.099,109
20180503,22.01,22.37,22.01,22.37,528
20180517,23,23,23,23,2660
20180518,22.8819,22.8819,22.8819,22.8819,1000
20180523,22.89,22.89,22.89,22.89,100
20180524,22.9699,22.9699,22.9699,22.9699,142
20180529,22.5327,22.5327,22.5327,22.5327,300
20180608,22.4,22.44,22.4,22.44,2420
20180613,22.2,22.2,22.2,22.2,209
20180615,21.87,21.87,21.87,21.87,209
20180620,21.78,21.78,21.78,21.78,1838
20180621,21.6501,21.86,21.6501,21.84,209707
20180622,22.0301,22.0301,22.0301,22.0301,1408
20180628,22.0999,22.0999,22.0601,22.0601,314
20180629,22.72,22.73,22.72,22.73,1672
20180702,22.72,22.72,22.5866,22.5866,400
20180703,22.51,22.51,22.51,22.51,200
20180705,23.039,23.1,23,23,12420
20180709,23.6,23.75,23.5,23.75,4646
20180710,23.84,23.84,23.84,23.84,251
20180711,23.63,23.63,23.52,23.52,400
20180713,23.3464,23.36,23.3464,23.36,630
20180716,23.62,23.62,23.5,23.5,3000
20180717,23.41,23.41,23.41,23.41,1700
20180718,23.01,23.01,22.96,22.96,700
20180719,22.5,22.5,22.5,22.5,222
20180723,22.7,22.7,22.698,22.698,4734
20180724,22.575,22.575,22.575,22.575,300
20180725,23,23,22.99,22.99,2498
20180801,23.2101,23.2101,23.2101,23.2101,120
20180802,23.0327,23.0327,23.0327,23.0327,300
20180806,22.77,22.77,22.77,22.77,400
20180808,22.33,22.365,22.23,22.23,9393
20180810,21.119,21.119,21.062,21.062,900
20180813,21.278,21.278,21.038,21.049,2594
20180815,21.08,21.2512,21.08,21.2512,304
20180816,21.29,21.29,21.23,21.23,1500
20180821,21.55,21.55,21.54,21.54,1000
20180823,21.15,21.15,21.15,21.15,100
20180824,21.3299,21.3299,21.3299,21.3299,200
20180827,21.6223,21.6223,21.5502,21.5502,1066
20180828,21.4499,21.4499,21.35,21.35,5150
20180904,21.51,21.51,21.48,21.4813,3970
20180906,20.99,20.99,20.99,20.99,110
20180907,20.92,20.92,20.91,20.91,2000
20180910,20.73,20.73,20.73,20.73,235
20180911,21.01,21.01,21.01,21.01,334
20180912,21.25,21.25,21.25,21.25,200
20180913,21.6501,21.6501,21.6501,21.6501,3337
20180914,21.71,21.71,21.71,21.71,200
20180917,21.82,21.82,21.82,21.82,1000
20180918,22.25,22.25,22.25,22.25,900
20180920,22.7338,22.7338,22.7338,22.7338,250
20180921,22.78,22.78,22.78,22.78,100
20180926,23.14,23.18,23.14,23.18,531
20180928,23.45,23.45,23.45,23.45,100
20181001,23.63,23.84,23.63,23.84,1179
20181002,23.68,23.68,23.59,23.59,1291
20181003,23.81,23.8369,23.81,23.8369,430
20181004,23.22,23.22,23.003,23.003,916
20181008,22.99,23.27,22.99,23.27,2300
20181009,23.1901,23.33,23.1901,23.33,500
20181010,22.7,22.7,22.7,22.7,249
20181011,22.76,22.76,22.5,22.63,13572
20181012,22.8,23.01,22.61,22.9501,14190
20181015,22.8901,22.95,22.8901,22.95,630
20181016,23.2563,23.28,23.21,23.21,25308
20181017,23.15,23.1627,23.03,23.03,67884
20181018,22.84,22.84,22.66,22.66,20100
20181019,22.57,22.57,22.57,22.57,100
20181022,22.6051,22.6454,22.5,22.5,5100
20181023,22.22,22.46,22.18,22.455,6660
20181024,22.65,22.65,22.65,22.65,700
20181025,22.4058,22.4058,22.4058,22.4058,248
20181026,21.99,22.01,21.96,22.01,300
20181029,21.86,21.86,21.86,21.86,100
20181101,22.6365,22.6899,22.6352,22.6352,1093
20181102,22.65,22.76,22.65,22.6999,13608
20181107,23.26,23.26,23.26,23.26,100
20181108,23.19,23.19,22.91,22.91,1500
20181112,22.355,22.37,22.3301,22.37,1791
20181113,22.25,22.25,22.25,22.25,100
20181114,22.3773,22.4355,22.2931,22.3286,3315
20181115,22.74,22.9,22.74,22.9,306908
20181116,22.77,22.77,22.59,22.705,6135
20181119,22.77,22.77,22.77,22.77,971
20181120,22.2635,22.2635,22.14,22.14,239
20181121,22.6501,22.6501,22.6501,22.6501,892
20181123,22.26,22.26,22.23,22.23,25120
20181126,21.79,21.79,21.6499,21.6499,596
20181127,21.85,21.85,21.8351,21.8351,452
20181128,22.15,22.59,22.15,22.59,5100
20181130,22.48,22.48,22.34,22.34,6249
20181203,22.97,22.9901,22.97,22.99,1514
20181204,23.02,23.02,23.02,23.02,100
20181206,22.59,22.71,22.55,22.71,515
20181207,22.9301,22.9301,22.9301,22.9301,146
20181210,22.55,22.55,22.55,22.55,100
20181211,22.5201,22.5201,22.5201,22.5201,348
20181212,22.55,22.56,22.51,22.52,6585
20181213,22.4,22.54,22.4,22.54,6010
20181214,22.2,22.2582,22.11,22.11,2388
20181218,21.89,21.89,21.745,21.745,2684
20181219,21.8225,21.8225,21.6153,21.6153,607
20181220,21.02,21.02,20.88,20.88,2668
20181221,20.9249,20.9249,20.9249,20.9249,500
20181224,20.7289,20.7289,20.6082,20.6082,1252
20181226,20.34,20.6,20.34,20.6,1160
20181227,20.41,20.41,20.41,20.41,100
20181228,20.7265,20.78,20.7265,20.78,540
20181231,20.8499,20.8499,20.69,20.789,2004
20190102,20.9599,20.9599,20.89,20.89,450
20190103,21.05,21.27,21.05,21.23,14550
20190104,21.6144,21.6144,21.6144,21.6144,500
20190108,21.72,21.8823,21.72,21.8823,2579
20190110,22.0993,22.0993,22.0993,22.0993,135
20190111,22.2576,22.3,22.2302,22.2835,1741
20190114,22.12,22.34,22.12,22.28,1110
20190116,22.45,22.45,22.45,22.45,100
20190117,22.56,22.61,22.56,22.5789,517
20190118,22.945,22.945,22.945,22.945,500
20190122,22.6646,22.6646,22.5885,22.5885,1040
20190123,22.96,22.96,22.96,22.96,987
20190124,23.05,23.05,23.0195,23.0195,743
20190128,22.8476,22.8476,22.8476,22.8476,115
20190130,23.2499,23.2499,23.24,23.245,355
20190204,23.67,23.67,23.66,23.66,709
20190205,23.81,23.81,23.81,23.81,100
20190206,23.64,23.64,23.63,23.63,1100
20190207,23.32,23.32,23.12,23.12,350
20190208,23.25,23.3131,23.2115,23.3,1971
20190211,23.3809,23.3809,23.379,23.379,478
20190212,23.76,23.76,23.5379,23.5379,4095
20190213,23.0338,23.04,22.78,22.78,2205
20190215,22.95,22.95,22.938,22.938,2090
20190219,22.73,22.99,22.73,22.954,3254
20190220,23.1,23.1,23.1,23.1,303
20190222,23.309,23.309,23.309,23.309,430
20190225,23.3,23.312,23.2,23.2,605
20190226,23.199,23.34,23.199,23.34,2437
20190227,23.11,23.11,23.11,23.11,400
20190228,23.1,23.13,23.0401,23.07,1016
20190301,23.15,23.15,23,23,675
20190304,22.9655,23.0344,22.9655,23.0344,389
20190305,23.04,23.0601,23.04,23.0541,3648
20190306,23.13,23.16,22.99,23.098,18542
20190307,22.99,23.09,22.83,22.83,5245
20190308,22.63,22.64,22.4403,22.575,850
20190311,22.8644,22.8644,22.8644,22.8644,250
20190312,23.0073,23.06,22.95,23.03,2743
20190313,23.02,23.135,23.02,23.1315,1320
20190314,23.07,23.08,23.07,23.08,700
20190318,23.7137,23.7137,23.7137,23.7137,308
20190319,23.88,23.88,23.88,23.88,128
20190320,23.8301,24,23.8301,24,5845
20190321,24.14,24.2145,24.14,24.2145,2529
20190322,23.85,23.85,23.6573,23.6573,650
20190325,23.77,23.8799,23.77,23.8799,304
20190326,23.96,24.0427,23.96,24.03,903
20190327,23.7148,23.7148,23.64,23.69,1343
20190329,23.4,23.4499,23.4,23.4499,216
20190401,23.7888,23.8224,23.7888,23.8224,409
20190402,23.922,23.922,23.922,23.922,450
20190403,23.768,23.768,23.768,23.768,150
20190404,23.73,23.7789,23.73,23.7789,400
20190405,24.01,24.01,24.01,24.01,116
20190409,24.3363,24.3363,24.2634,24.2634,475
20190411,24.35,24.35,24.19,24.22,2102
20190412,24.28,24.28,24.28,24.28,758
20190415,24.2869,24.2869,24.2499,24.2499,300
20190416,24.19,24.23,24.19,24.23,1637
20190417,24.6073,24.6073,24.6073,24.6073,223
20190418,24.3873,24.5426,24.3873,24.5426,343
20190422,24.79,24.8,24.79,24.79,5637
20190423,24.755,24.755,24.7443,24.7443,200
20190425,24.2095,24.2095,24.1704,24.1704,1488
20190426,24.1,24.1,24.0601,24.078,1578
20190429,24.28,24.28,24.28,24.28,318
20190430,24.1,24.229,24.1,24.2287,1717
20190501,24.1401,24.1401,24,24,1595
20190502,24,24.0699,24,24.0699,4692
20190503,24.15,24.2411,24.15,24.2411,638
20190506,23.92,24.0896,23.92,24.0645,1329
20190507,24.0101,24.0101,23.8375,23.8423,1815
20190508,23.9331,23.9331,23.9331,23.9331,981
20190510,23.6,23.7365,23.6,23.65,522
20190513,23.5108,23.5108,23.5108,23.5108,287
20190514,24.0399,24.1548,24.0399,24.14,880
20190515,24.22,24.225,24.1501,24.1501,577
20190521,24.6867,24.81,24.6867,24.81,653
20190522,25.0933,25.0933,25.025,25.08,1181
20190523,24.78,24.78,24.66,24.775,1738
20190524,24.8981,24.94,24.8981,24.94,1170
20190529,24.74,24.74,24.74,24.74,500
20190530,24.9073,24.9073,24.9073,24.9073,100
20190531,24.725,24.8557,24.725,24.8251,1545
20190603,25.48,25.48,25.48,25.48,400
20190604,25.2827,25.3634,25.2827,25.3634,934
20190605,25.4144,25.4144,25.24,25.24,1349
20190606,25.5601,25.5787,25.5601,25.5787,522
20190610,25.929,25.945,25.91,25.91,9400
20190611,26.1024,26.1024,26.1024,26.1024,122
20190612,26.12,26.12,25.893,25.893,1072
20190614,26.2596,26.2596,26.2596,26.2596,1550
20190617,26.3,26.3,26.3,26.3,115
20190618,26.58,26.6576,26.58,26.6576,297
20190619,26.44,26.6337,26.44,26.6337,921
20190620,27.33,27.4,27.3041,27.3041,1900
20190624,27.18,27.369,27.18,27.369,1825
20190625,27.0101,27.13,27,27.0301,2507
20190626,27.2201,27.2979,27.2201,27.2979,669
20190627,27.24,27.24,27.24,27.24,300
20190628,27.2717,27.289,27.0981,27.121,3718
20190701,27.65,27.68,27.5008,27.5008,1204
20190702,27.3625,27.44,27.32,27.32,8678
20190703,27.41,27.59,27.41,27.59,1695
20190705,27.61,27.61,27.61,27.61,100
20190708,27.6026,27.7499,27.6026,27.6801,1561
20190709,27.61,27.66,27.58,27.58,2620
20190710,27.94,27.97,27.8861,27.94,3126
20190711,27.68,27.7293,27.6,27.6,1100
20190712,27.489,27.5807,27.489,27.5659,958
20190715,27.4401,27.4654,27.44,27.44,965
20190716,27.18,27.18,27.18,27.18,326
20190717,27.2,27.2,27.2,27.2,400
20190718,27.18,27.3988,27.1501,27.3543,3470
20190719,27.1207,27.1207,27.1123,27.1123,550
20190722,27.11,27.11,26.99,26.9992,2101
20190723,26.9701,27.1132,26.9701,27.0901,1482
20190724,26.8466,26.8466,26.8466,26.8466,242
20190725,27.0906,27.0906,26.9501,26.9501,1150
20190726,27.3,27.3,27.16,27.17,458
20190729,27.18,27.22,27.175,27.2,955
20190730,27.36,27.36,27.1196,27.25,3166
20190731,27.11,27.11,27.11,27.11,800
20190801,26.58,26.58,26.4721,26.4721,1300
20190802,26.1,26.1605,25.9401,25.9451,2155
20190805,25.7135,25.7135,25.5709,25.6502,662
20190806,26.0593,26.0601,26.0593,26.0601,2980
20190807,25.85,25.9759,25.85,25.96,790
20190808,26.25,26.25,26.25,26.25,900
20190809,25.87,25.9901,25.87,25.9901,762
20190812,26.0059,26.0059,25.97,25.97,777
20190814,25.42,25.42,25.1901,25.1901,1166
20190815,25.06,25.06,25.06,25.06,731
20190816,24.85,24.85,24.81,24.8199,926
20190819,24.9299,24.9502,24.9299,24.9502,297
20190820,25.19,25.2609,25.19,25.2609,720
20190821,25.6,25.6,25.51,25.535,1209
20190822,25.66,25.66,25.56,25.5801,696
20190823,25.45,25.45,25.2538,25.2538,1785
20190826,25.34,25.41,25.34,25.37,1605
20190827,25.08,25.08,25.08,25.08,100
20190828,25.262,25.27,25.262,25.27,479
20190829,25.665,25.665,25.665,25.665,139
20190830,25.85,25.85,25.7437,25.7437,423
20190903,25.82,25.9325,25.82,25.9325,366
20190904,26.45,26.45,26.45,26.45,100
20190905,26.6699,26.6699,26.6699,26.6699,403
20190909,26.669,26.669,26.669,26.669,950
20190910,26.72,26.745,26.72,26.745,705
20190912,27.03,27.0844,27.03,27.0844,272
20190913,27.15,27.15,27.15,27.15,500
20190916,27.64,27.81,27.64,27.81,203
20190917,27.47,27.52,27.47,27.49,129134
20190918,27.31,27.31,27.17,27.17,6463
20190920,27.35,27.4023,27.35,27.4023,1250
20190923,27.22,27.46,27.22,27.46,947
20190924,27.2501,27.2501,26.97,26.97,969
20190925,26.7613,27.0499,26.7501,27.0499,30264
20190926,27.13,27.13,26.94,27.02,11500
20190927,27.04,27.04,26.7879,26.7879,3272
20190930,26.68,26.739,26.6424,26.6424,2350
20191001,26.7,26.7,26.4522,26.49,2834
20191002,26.19,26.19,26.19,26.19,100
20191003,26.0777,26.0777,26.0777,26.0777,103
20191004,26.2558,26.2558,26.2558,26.2558,237
20191007,26.4283,26.4283,26.4,26.4,3866
20191008,26.17,26.17,26.17,26.17,659
20191009,26.3379,26.3528,26.3379,26.3528,271
20191010,26.48,26.48,26.45,26.45,2097
20191011,26.93,26.9512,26.74,26.9512,1662
20191014,26.7282,26.7282,26.7282,26.7282,217
20191015,26.76,26.957,26.76,26.957,287
20191016,27.29,27.39,27.29,27.39,550
20191017,27.49,27.49,27.49,27.49,100
20191018,27.5689,27.575,27.5689,27.575,827
20191021,27.63,27.63,27.581,27.581,3964
20191022,28.08,28.085,28.001,28.001,10150
20191023,28.0501,28.1499,28.0501,28.1499,1738
20191024,28.45,28.45,28.449,28.449,388
20191025,28.64,28.73,28.64,28.719,600
20191028,28.58,28.58,28.4214,28.4214,443
20191029,28.52,28.62,28.4921,28.564,1104
20191030,28.7,28.7,28.7,28.7,100
20191031,28.6,28.6,28.53,28.53,509
20191101,29.19,29.19,29.1754,29.1754,450
20191104,29.44,29.5734,29.44,29.48,5348
20191105,29.42,29.42,29.3341,29.3341,1722
20191106,29.42,29.501,29.36,29.4,4068
20191107,29.914,29.96,29.822,29.885,4428
20191108,29.48,29.5953,29.48,29.5953,1254
20191111,29.34,29.44,29.14,29.44,2893
20191112,29.24,29.24,28.9892,29.028,1948
20191113,28.98,29.0427,28.9535,29.0333,1042
20191114,29,29,28.86,28.95,3283
20191115,29.12,29.345,29.12,29.3204,617
20191118,28.8,28.9439,28.8,28.9439,1320
20191119,28.95,29.0622,28.95,29.05,600
20191120,28.94,29.025,28.928,28.9424,1864
20191121,29.12,29.19,29.11,29.19,900
20191122,29.19,29.19,29.0168,29.0722,2141
20191125,29.165,29.2036,29.1388,29.2036,2070
20191126,28.9,28.9,28.8054,28.8054,3333
20191127,28.88,28.8958,28.88,28.8958,1700
20191129,28.78,28.78,28.7024,28.7024,400
20191202,28.74,28.74,28.74,28.74,173
20191203,28.3469,28.3733,28.3469,28.3733,889
20191204,28.53,28.5801,28.53,28.5801,306
20191205,28.6,28.6989,28.6,28.69,2481
20191206,29.0106,29.0106,28.9968,29,822
20191209,29.1628,29.1628,29.0681,29.0681,1053
20191210,29.11,29.1117,29.08,29.0967,1239
20191211,27.84,27.9926,27.531,27.9926,2480
20191212,28.3034,28.31,28.3,28.3,1359
20191216,28.6116,28.67,28.59,28.67,598
20191217,28.6725,28.76,28.67,28.7402,30114
20191218,28.8,28.82,28.6921,28.7899,4757
20191219,28.78,28.8399,28.78,28.82,858
20191220,29.08,29.1048,28.99,29.1048,4513
20191223,29.03,29.15,29.03,29.1014,2604
20191224,29.24,29.28,29.18,29.2256,1213
20191226,29.14,29.24,29.13,29.2322,3072
20191227,29.46,29.5609,29.4582,29.5399,4403
20191230,29.54,29.57,29.46,29.46,2887
20191231,29.45,29.5258,29.45,29.5,1258
20200102,29.83,30.37,29.83,30.37,2914
20200103,29.78,29.82,29.6854,29.6854,3581
20200106,29.7998,30.029,29.7998,30.029,818
20200107,30.01,30.01,29.9301,29.9301,1855
20200108,30.24,30.5803,30.24,30.58,1376
20200109,30.5,30.5987,30.5,30.59,2067
20200110,30.73,30.84,30.6931,30.81,3733
20200113,30.86,31.15,30.8171,31.14,6042
20200114,30.89,30.89,30.66,30.7,110788
20200115,30.75,30.8471,30.75,30.83,1345
20200116,30.9,30.955,30.8414,30.9501,8777
20200117,31.35,31.365,31.2537,31.2799,8607
20200121,31.14,31.3299,31.14,31.215,5392
20200122,31.17,31.17,30.805,30.955,7759
20200123,30.64,30.68,30.4541,30.6405,7117
20200124,30.6764,30.68,30.4684,30.47,3543
20200127,29.48,29.62,29.3339,29.566,5618
20200128,29.8,30.05,29.69,29.9983,4031
20200129,30.09,30.09,29.97,30.04,10137
20200130,29.41,29.479,29.27,29.479,83498
20200131,29.07,29.07,28.6201,28.7,7606
20200203,28.93,28.93,28.8,28.875,3304
20200204,29.23,29.2973,29.23,29.2973,2200
20200205,29.85,29.915,29.83,29.83,2576
20200206,29.0891,29.299,29.0891,29.245,2801
20200207,28.66,28.71,28.66,28.684,1535
20200210,28.32,28.475,28.32,28.475,818
20200211,29.16,29.17,29.1263,29.1293,1100
20200212,29.455,29.49,29.455,29.49,524
20200213,29.33,29.33,29.2389,29.2389,443
20200214,29.1883,29.1883,29.0767,29.0767,650
20200218,28.95,29.065,28.7,28.98,11455
20200219,29.29,29.29,29.285,29.285,350
20200220,29.0244,29.0578,29.0244,29.0578,835
20200221,29.05,29.05,29.05,29.05,150
20200224,27.77,27.779,27.56,27.5854,10644
20200225,27.96,27.96,27.2527,27.2701,5250
20200226,27.675,27.86,27.675,27.86,1400
20200227,25.98,26.78,25.98,26.52,7217
20200228,24.56,25.05,24.53,25.05,9874
20200302,24.89,25.25,24.6461,25.25,26162
20200303,25.48,25.6001,24.5912,24.7738,3952
20200304,25.51,25.62,25.3582,25.62,3417
20200305,25.01,25.01,24.305,24.305,12850
20200306,23.568,23.85,23.46,23.6,10491
20200309,19.38,20.09,19.2476,19.505,8885
20200310,21.47,21.4733,20.5227,20.63,3380
20200311,20.5701,20.63,19.84,19.95,3040
20200312,18.26,19.0099,17.76,17.8798,6323
20200313,19.57,19.57,18.7401,18.8301,776
20200316,17.51,18.3945,17.36,17.36,6869
20200317,17.69,18.235,17.48,17.78,164193
20200318,15.69,16.07,15.06,15.2909,5425
20200319,16.3,17.45,16.04,17.45,2277
20200320,17.51,17.71,17.095,17.16,30800
20200323,17,17.35,16.74,17.27,5408
20200324,18.33,18.42,18.0501,18.3625,13284
20200325,18.08,19.15,18,18.91,6151
20200326,18.74,19.1599,18.74,19.1599,8235
20200327,17.95,18.07,17.7757,18.01,3966
20200330,17.9,18.075,17.78,18.075,2429
20200331,18.48,18.9,18.48,18.5202,2458
20200401,18.4901,18.4901,18.245,18.245,1705
20200402,18.6,19.61,18.49,19.495,4522
20200403,19.62,20.1,19.62,19.88,26465
20200406,20.2,20.6612,20.2,20.6612,3055
20200407,20.81,20.81,20.4575,20.4575,5407
20200408,20.7906,21.11,20.65,21.06,4927
20200409,21.62,21.6646,20.8401,20.8401,2827
20200413,21.15,21.28,21.1301,21.2069,1285
20200414,21.4,21.4,21.09,21.2,7739
20200415,19.89,19.89,19.56,19.7801,4390
20200416,19.9699,20.06,19.8627,20.0423,1892
20200417,20.339,20.38,20.245,20.3582,1505
20200420,19.79,19.9926,19.5387,19.546,3072
20200421,18.73,19.11,18.4827,18.96,14855
20200422,19.78,19.99,19.78,19.99,473
20200423,20.579,20.665,20.18,20.22,3793
20200424,20.41,20.41,20.209,20.3,1473
20200427,20.165,20.4268,20.165,20.4268,770
20200428,20.81,20.81,20.62,20.6457,3815
20200429,21.2851,21.2851,21.2851,21.2851,339
20200430,21.046,21.06,20.4071,20.8,2806
20200501,20.4501,20.4501,20.1189,20.17,803
20200504,20.45,20.505,20.45,20.505,2138
20200505,21.0919,21.16,21.0451,21.15,2812
20200506,20.75,20.75,20.75,20.75,100
20200507,20.97,20.97,20.629,20.629,1789
20200508,21.1267,21.1317,21.06,21.1317,1787
20200511,20.88,20.88,20.65,20.67,5192
20200512,21.15,21.18,21.15,21.15,1314
20200513,20.761,20.7655,20.42,20.42,1526
20200514,20.31,20.73,20.206,20.73,2600
20200515,20.645,20.66,20.645,20.66,397
20200518,21.51,21.5801,21.51,21.5801,687
20200520,22.63,22.73,22.63,22.73,1569
20200521,22.49,22.49,22.49,22.49,100
20200522,22.2,22.27,22.165,22.23,1048
20200526,23.125,23.15,22.89,22.89,1580
20200527,22.89,22.89,22.7,22.7,600
20200529,22.9103,23.0699,22.9103,23.0699,500
20200601,23.26,23.76,23.23,23.75,39185
20200602,23.9175,24.128,23.9175,24.115,3437
20200603,24.48,24.71,24.48,24.71,1024
20200604,23.88,24.0132,23.775,23.775,2793
20200605,24.35,24.51,24.35,24.43,2247
20200608,24.49,24.7,24.49,24.7,2022
20200609,24.24,24.48,24.2,24.48,1858
20200610,24.19,24.459,24.05,24.35,6398
20200611,23.49,23.54,22.91,22.91,5453
20200612,23.3603,23.3899,22.88,23.3899,4316
20200615,23.2927,23.2927,23.25,23.25,962
20200616,23.52,23.69,23.52,23.69,986
20200617,23.45,23.45,23.3,23.3,1263
20200618,23.22,23.22,23.22,23.22,700
20200619,23.7285,23.7285,23.7285,23.7285,300
20200622,23.67,23.67,23.67,23.67,100
20200623,24.12,24.12,24.104,24.104,227
20200625,23.36,23.48,23.36,23.48,328
20200626,23.53,23.53,23.14,23.295,959
20200629,23.14,23.14,23.028,23.028,392
20200630,22.9,22.9,22.57,22.72,4293
20200701,22.9201,22.9201,22.9201,22.9201,130
20200706,23.27,23.34,23.13,23.195,4126
20200707,23.28,23.29,23.28,23.29,816
20200708,23.13,23.43,23.13,23.43,630
20200709,23.54,23.54,23.2199,23.315,802
20200710,23.31,23.51,23.23,23.51,9005
20200713,23.29,23.2901,22.8805,22.8805,440
20200714,22.6,22.6,22.6,22.6,328
20200715,23.1,23.1,23.0704,23.09,61000
20200716,23.11,23.11,23,23.01,5194
20200717,23.01,23.01,23.01,23.01,200
20200720,23.4401,23.4401,23.4401,23.4401,325
20200721,23.87,23.87,23.8,23.8,600
20200722,23.93,23.93,23.7,23.7,630
20200723,23.7499,23.7499,23.55,23.58,700
20200724,23.62,23.62,23.62,23.62,100
20200727,23.69,23.73,23.69,23.73,683
20200728,23.49,23.5,23.49,23.499,687
20200729,23.75,23.7501,23.75,23.7501,350
20200730,23.28,23.28,23,23.089,1137
20200731,23.13,23.13,23.049,23.0701,2255
20200803,23.4402,23.52,23.44,23.4809,1702
20200804,23.45,23.59,23.45,23.59,1600
20200805,23.95,24.07,23.89,24.06,793
20200806,23.92,23.92,23.92,23.92,176
20200807,23.649,23.65,23.6285,23.63,1204
20200810,23.73,23.7931,23.73,23.7931,1036
20200811,24.28,24.28,24.22,24.23,800
20200813,24.7002,24.7002,24.7,24.7001,1170
20200814,24.74,24.78,24.7201,24.78,632
20200817,24.4552,24.47,24.45,24.47,1000
20200819,24.63,24.65,24.63,24.63,759
20200820,23.95,23.969,23.64,23.939,7777
20200821,23.3,23.4999,23.3,23.4999,17991
20200824,23.66,23.795,23.57,23.64,5348
20200825,23.49,23.49,23.35,23.406,1092
20200826,23.25,23.498,23.25,23.48,1893
20200827,23.54,23.54,23.28,23.41,153752
20200828,23.431,23.45,23.4,23.4,3625
20200831,23.37,23.4,23.14,23.15,2007
20200901,23.5605,23.5605,23.5605,23.5605,112
20200902,23.331,23.331,22.65,22.8,7236
20200903,22.79,22.79,22.38,22.6005,3663
20200904,22.7457,22.769,22.71,22.71,2003
20200908,21.9,22.08,21.9,21.98,6633
20200909,22.25,22.37,22.2,22.3,5687
20200910,22.42,22.42,22.42,22.42,669
20200914,22.79,22.79,22.79,22.79,351
20200915,23.26,23.26,23.26,23.26,470
20200916,23.23,23.23,23.23,23.23,230
20200917,23.228,23.2601,23.228,23.2601,626
20200918,23.01,23.01,22.8,22.8592,7108
20200921,22.16,22.16,22.019,22.1,1567
20200922,22.46,22.46,22.3,22.33,1228
20200923,22.19,22.2177,21.87,21.87,6416
20200924,21.88,22,21.88,21.99,300
20200925,21.5565,21.65,21.5565,21.65,2200
20200928,21.63,21.63,21.4,21.5899,6084
20200929,21.53,21.53,21.398,21.46,1023
20200930,21.8601,21.8601,21.79,21.79,1006
20201002,21.5,21.5,21.3873,21.5,1541
20201006,22.0001,22.0001,22.0001,22.0001,100
20201008,21.82,21.82,21.8,21.8,872
20201009,21.9,21.9001,21.8,21.8,5035
20201012,21.88,21.94,21.88,21.94,314
20201013,21.715,21.715,21.68,21.685,467
20201015,21.29,21.315,21.2,21.315,1855
20201016,21.24,21.24,21.18,21.2,4940
20201019,21.24,21.2817,21.23,21.26,2375
20201020,21.45,21.56,21.45,21.54,1013
20201021,21.66,21.66,21.628,21.628,700
20201022,21.8388,21.8388,21.8388,21.8388,235
20201023,22.09,22.09,22.09,22.09,200
20201026,21.81,21.86,21.54,21.72,1902
20201027,21.46,21.46,21.21,21.21,2193
20201028,20.34,20.356,20.24,20.26,48458
20201029,20.48,20.48,20.3606,20.4,4193
20201030,20.1211,20.1211,20.1211,20.1211,467
20201102,20.115,20.3,20.115,20.24,5793
20201103,20.76,20.949,20.76,20.949,3833
20201104,21.31,21.83,21.31,21.83,2796
20201105,21.9699,21.9699,21.9699,21.9699,137
20201106,22.035,22.09,21.9801,22.09,940
20201109,23.36,23.36,23.13,23.13,1896
20201110,23.44,23.46,23.43,23.43,5013
20201111,23.59,23.61,23.45,23.45,2446
20201112,23.5,23.5,23.42,23.42,586
20201113,23.66,23.66,23.66,23.66,215
20201116,24.14,24.3881,24.14,24.3881,5731
20201117,23.97,24.1401,23.89,24.1401,750
20201118,24.5,24.5135,24.47,24.5135,400
20201119,24.11,24.18,24.11,24.18,300
20201120,24.189,24.22,24.18,24.22,1019
20201123,24.39,24.39,24.109,24.109,1319
20201124,24.81,24.83,24.81,24.819,1000
20201130,24.35,24.385,24.19,24.346,2358
20201201,24.76,24.875,24.76,24.875,1263
20201202,25.34,25.38,25.2088,25.38,2800
20201203,25.38,25.38,25.38,25.38,200
20201204,25.8401,25.85,25.8,25.8,2379
20201207,26.1,26.19,26.05,26.05,973
20201208,26.02,26.04,26.02,26.033,632
20201209,26.24,26.24,25.84,25.84,850
20201211,26.95,27.025,26.95,27.025,15975
20201214,25.345,25.345,24.9,24.9,1570
20201215,24.8,25.119,24.8,25.119,475
20201216,24.97,25,24.97,25,768
20201218,25.45,25.45,25.2006,25.2006,400
20201221,23.9,24.2801,23.9,24.2,7534
20201222,24.34,24.34,24.12,24.12,4526
20201223,24.5517,24.7,24.45,24.475,3385
20201224,24.789,24.8379,24.7124,24.8379,1576
20201228,25.199,25.21,25.199,25.21,816
20201229,25.21,25.21,25.12,25.12,1282
20201230,24.98,25.095,24.98,25.09,723
20201231,24.7881,25.06,24.7881,25.02,1998
20210104,25.79,25.8,25.39,25.45,1496
20210105,25.6,25.89,25.6,25.845,5647
20210106,25.7821,25.928,25.7821,25.928,5200
20210107,25.89,26.18,25.89,26.18,1231
20210108,26.49,26.5215,26.37,26.5215,4414
20210111,26.33,26.54,26.33,26.54,2471
20210112,26.905,26.9699,26.8689,26.9699,905
20210113,26.77,26.87,26.77,26.82,1475
20210114,27.185,27.36,27.185,27.255,3417
20210115,26.8843,26.8843,26.66,26.7,2266
20210119,26.7,26.7,26.58,26.5946,1250
20210120,26.785,26.785,26.77,26.77,500
20210121,26.37,26.37,26.142,26.3,2701
20210122,25.56,25.68,25.51,25.51,3732
20210125,25.49,25.635,25.3,25.635,2496
20210126,25.69,25.708,25.57,25.708,2133
20210127,25.21,25.27,25.07,25.07,9528
20210128,25,25.08,24.94,25.06,3451
20210129,24.69,24.69,24.41,24.48,2605
20210201,24.65,24.695,24.46,24.695,4912
20210202,25.17,25.25,24.85,24.85,1733
20210203,24.98,25,24.98,25,895
20210204,25.34,25.34,25.2,25.33,1442
20210205,25.7201,25.795,25.7201,25.795,980
20210208,26.23,26.2536,26.23,26.2536,742
20210209,26.18,26.265,26.16,26.26,3428
20210210,26,26.064,26,26.064,1315
20210211,26.03,26.03,25.91,25.9699,1450
20210212,25.71,26.239,25.71,26.22,3387
20210216,26.51,26.695,26.51,26.66,2063
20210217,26.18,26.46,26.09,26.45,2226
20210218,25.89,26.02,25.89,26.02,3429
20210219,26.23,26.3,26.179,26.179,2479
20210222,26.12,26.159,26,26.11,3529
20210223,25.92,26.139,25.92,26.1,9024
20210224,25.93,26.19,25.93,26.19,1510
20210225,26.2901,26.2901,25.75,25.75,6555
20210226,25.598,25.598,25.42,25.458,2095
20210301,25.86,26.071,25.86,25.95,5171
20210302,26.14,26.348,26.14,26.348,6433
20210303,26.26,26.3763,26.26,26.28,2927
20210304,26.47,26.6,25.785,25.785,2410
20210305,26.49,26.63,26.44,26.61,2622
20210308,26.545,26.545,26.39,26.5,712
20210309,27.16,27.27,27.16,27.2,1999
20210310,27.1,27.22,27.1,27.22,1004
20210311,27.58,27.64,27.58,27.64,971
20210312,27.7,27.8202,27.7,27.74,2547
20210315,28.18,28.325,28.18,28.325,3810
20210316,28.09,28.11,28.09,28.09,8459
20210317,27.38,27.535,27.135,27.535,2640
20210318,27.105,27.11,26.66,26.66,2810
20210319,26.7,26.96,26.7,26.96,200
20210322,26.81,26.818,26.72,26.72,3115
20210323,26.14,26.21,26.035,26.04,2834
20210324,26.09,26.3,26.09,26.205,2706
20210325,26,26.3,25.97,26.3,975
20210326,26.52,26.6634,26.52,26.6634,900
20210329,26.7,26.9187,26.7,26.9187,2887
20210330,26.67,26.74,26.67,26.74,633
20210331,27.03,27.1,27.03,27.1,711
20210401,26.68,26.68,26.68,26.68,400
20210405,26.48,26.56,26.48,26.51,2652
20210406,26.035,26.035,25.96,25.96,1200
20210407,25.94,26.22,25.94,26.12,850
20210408,26.2,26.3099,26.2,26.3099,460
20210409,25.919,25.92,25.885,25.885,600
20210412,26.115,26.115,26.115,26.115,100
20210413,26.31,26.98,26.31,26.98,979
20210414,27.2601,27.345,27.2,27.2298,3415
20210415,26.85,26.97,26.85,26.97,2387
20210416,27.37,27.449,27.37,27.449,1622
20210419,27.111,27.111,26.9,27.01,2606
20210420,26.77,26.77,26.5,26.67,1223
20210421,26.7,27.01,26.7,27.01,3074
20210422,27.37,27.37,27.37,27.37,893
20210423,27.7,27.8,27.7,27.8,1246
20210426,27.93,27.93,27.908,27.908,623
20210427,27.67,27.67,27.67,27.67,323
20210428,27.595,27.595,27.56,27.56,1282
20210429,27.71,27.71,27.45,27.4785,2667
20210430,27.119,27.119,27.078,27.078,600
20210503,27.28,27.37,27.28,27.37,18760
20210504,27.48,27.63,27.48,27.61,1269
20210505,27.92,28,27.92,28,650
20210506,28.5,28.5,28.5,28.5,225
20210507,28.72,28.85,28.69,28.8101,1226
20210510,28.709,28.709,28.65,28.65,800
20210511,28.7,28.71,28.56,28.69,4192
20210512,28.5701,28.6,28.5701,28.6,860
20210513,28.56,28.56,28.43,28.54,12100
20210514,28.695,28.695,28.63,28.63,200
20210517,28.62,28.71,28.6,28.71,205961
20210518,29.04,29.19,28.9,29.18,11960
20210519,28.71,28.905,28.5601,28.83,16309
20210520,28.68,28.68,28.55,28.67,194541
20210521,28.86,28.92,28.755,28.77,2790
20210524,28.799,28.88,28.79,28.88,3020
20210525,29.04,29.09,29.02,29.02,6396
20210526,29.06,29.14,29.05,29.092,6857
20210527,29.249,29.285,29.18,29.221,3811
20210528,29.26,29.3901,29.26,29.3701,9153
20210601,29.78,29.78,29.68,29.7581,8428
20210602,29.95,30.34,29.93,30.32,7246
20210603,30.1,30.3,30.1,30.22,12140
20210604,30.475,30.4805,30.39,30.4805,2569
20210607,30.69,30.69,30.5,30.6453,13956
20210608,30.64,30.8757,30.64,30.8757,7711
20210609,31.09,31.11,31.01,31.04,7791
20210610,31.125,31.125,30.9,31.0081,8767
20210611,30.94,30.94,30.78,30.8606,8126
20210614,31.03,31.09,31,31,880
20210615,30.96,30.969,30.7,30.77,5754
20210616,31.15,31.15,30.7,30.7,3268
20210617,30.65,30.668,30.58,30.65,2120
20210618,30.36,30.37,30.19,30.33,12244
20210621,30.09,30.28,30.0621,30.245,5754
20210622,30.27,30.39,30.24,30.39,620
20210623,30.66,30.665,30.5,30.5,46550
20210624,30.47,30.62,30.47,30.5672,2779
20210625,30.64,30.7,30.64,30.7,4195
20210628,30.72,30.72,30.5754,30.5754,1600
20210629,30.12,30.12,29.97,30.09,5778
20210630,30.22,30.3,30.2,30.3,2855
20210702,30.54,30.589,30.535,30.54,3528
20210706,30.59,30.59,30.06,30.09,4004
20210707,30.08,30.14,30.08,30.14,1900
20210708,29.59,29.84,29.59,29.78,869
20210709,30.09,30.0904,30.06,30.08,2150
20210712,30.1,30.21,30.045,30.21,2674
20210713,30.15,30.39,30.15,30.22,4089
20210714,30.26,30.298,30.2,30.23,1205
20210715,29.83,29.84,29.79,29.812,5837
20210716,29.775,29.775,29.61,29.63,4005
20210719,28.99,28.99,28.7201,28.7201,3667
20210720,28.8,29.112,28.8,29.112,1485
20210721,29.4201,29.48,29.4151,29.48,3302
20210722,29.66,29.74,29.64,29.74,2800
20210723,29.62,29.65,29.62,29.65,2400
20210726,29.81,29.86,29.64,29.86,4739
20210727,29.74,29.78,29.698,29.78,1800
20210728,29.9,30.2073,29.9,30.2073,1556
20210729,30.5999,30.5999,30.5999,30.5999,130
20210730,30.41,30.54,30.36,30.3728,2985
20210802,30.5456,30.5456,30.3901,30.3901,1225
20210803,30.42,30.6046,30.42,30.59,2709
20210804,30.59,30.65,30.59,30.59,406
20210805,30.72,30.78,30.72,30.78,890
20210810,30.759,30.76,30.74,30.76,1124
20210811,30.94,30.94,30.93,30.93,422
20210813,31.09,31.13,31.09,31.1182,3927
20210816,31.25,31.25,31.12,31.2478,4903
20210817,31.3,31.42,31.3,31.34,1496
20210818,31.25,31.26,31.13,31.13,1285
20210819,30.36,30.529,30.36,30.52,301
20210820,30.3,30.33,30.16,30.3112,1914
20210823,30.64,30.7852,30.64,30.7852,455
20210824,30.88,30.92,30.88,30.92,759
20210825,30.78,30.78,30.72,30.72,307
20210826,30.43,30.46,30.379,30.42,2973
20210827,30.99,31,30.9802,30.9802,4023
20210830,31.22,31.3299,31.22,31.24,1804
20210831,31.3421,31.348,31.3223,31.3399,1814
20210901,31.54,31.97,31.54,31.94,1757
20210902,32.01,32.05,31.8966,31.8966,4280
20210903,32.06,32.219,32.01,32.215,1471
20210907,32.04,32.155,32.04,32.12,2359
20210908,32.27,32.27,32.27,32.27,1000
20210909,32.08,32.1,32.08,32.1,625
20210910,32.299,32.3,32.1,32.1,1109
20210913,32.36,32.6436,32.19,32.625,2722
20210914,32.7301,32.79,32.6001,32.6001,6511
20210915,32.99,33.25,32.99,33.25,3194
20210916,33.07,33.07,32.72,32.89,5253
20210917,32.61,32.62,32.52,32.53,2375
20210920,31.79,31.855,31.4901,31.5601,5593
20210921,31.8301,32,31.8301,31.9881,2689
20210922,32.66,32.74,32.61,32.62,550
20210924,32.75,32.872,32.75,32.86,1590
20210927,33.23,33.4,33.23,33.3915,1021
20210928,33.36,33.36,33,33.215,1918
20210929,32.9,33.1,32.9,33.1,665
20210930,33.189,33.36,33.189,33.36,385
20211001,33.39,33.39,33.29,33.29,919
20211004,33.54,33.98,33.54,33.9599,2592
20211005,34.94,34.97,34.9,34.9,964
20211006,34.56,34.7099,34.32,34.7099,2022
20211007,35.04,35.13,34.96,35.015,7440
20211008,35.32,35.43,35.23,35.4086,7499
20211011,35.72,35.949,35.72,35.86,10072
20211012,35.74,35.89,35.573,35.66,61063
20211013,35.036,35.4525,35.036,35.45,6023
20211014,35.92,35.92,35.75,35.782,8543
20211015,35.86,36.0836,35.86,36.0401,26806
20211018,35.86,35.93,35.8,35.859,5653
20211019,36.18,36.34,36.1101,36.31,6963
20211020,36.1,36.43,36.1,36.39,3900
20211021,35.91,35.91,35.55,35.55,8886
20211022,36.1,36.1,35.76,35.855,13840
20211025,36.46,36.669,36.36,36.66,78018
20211026,36.83,36.899,36.6501,36.73,18054
20211027,36.15,36.19,36.02,36.02,31777
20211028,35.63,35.789,35.5921,35.789,9573
20211029,34.88,34.98,34.7301,34.97,17624
20211101,35.23,35.37,35.23,35.29,15194
20211102,34.93,35.07,34.82,35.0208,8156
20211103,34.51,34.62,34.351,34.62,54116
20211104,34.77,34.78,34.5103,34.57,15492
20211105,34.8699,34.8699,34.785,34.8,5801
20211108,34.89,35.06,34.89,34.97,7330
20211109,35.37,35.37,35,35.1,6976
20211110,35.08,35.08,34.46,34.46,5350
20211111,34.71,34.79,34.54,34.64,5984
20211112,33.73,33.76,33.53,33.55,12214
20211115,33.78,33.78,33.5452,33.55,5985
20211116,33.37,33.37,33.13,33.319,3384
20211117,33.68,33.85,33.5706,33.5706,6812
20211118,33.41,33.41,33.02,33.119,3347
20211119,32.51,32.51,32.22,32.295,1991
20211122,30.92,30.96,30.44,30.52,16555
20211123,31.23,31.8527,31.23,31.8527,1283
20211124,31.32,31.4,31.32,31.35,2225
20211126,30.27,30.349,29.82,29.9327,10458
20211129,31.16,31.18,30.91,30.91,11729
20211130,30.895,30.97,30.51,30.8,26183
20211201,31.54,31.84,31.16,31.19,16404
20211202,31.56,31.989,31.559,31.989,5263
20211203,31.809,31.82,31.36,31.41,7870
20211206,30.8799,30.94,30.74,30.815,43013
20211207,30.98,31.45,30.94,31.2901,24612
20211208,31.15,31.15,30.8,31.055,5968
20211209,31.07,31.19,31.01,31.09,7777
20211210,31,31.02,30.84,30.94,8883
20211213,28.73,28.73,28.315,28.345,54183
20211214,28.4,28.75,28.4,28.55,20521
20211215,28.49,28.8,28.381,28.8,7175
20211216,29.65,29.697,29.4,29.4401,10667
20211217,29.3,29.33,29.2,29.2679,9696
20211220,28.85,29.13,28.85,29.11,8261
20211221,29.21,29.471,29.08,29.471,19028
20211222,29.95,30.01,29.79,29.8,8888
20211223,29.75,29.8,29.75,29.8,6622
20211227,29.91,30.16,29.91,30.1401,6517
20211228,30.14,30.15,30.071,30.15,11686
20211229,29.93,29.9999,29.7704,29.9999,3395
20211230,30,30,29.87,29.951,18861
20211231,30.31,30.66,30.31,30.35,11108
20220103,30.56,30.585,30.445,30.585,5327
20220104,30.35,30.43,30.35,30.43,785
20220105,29.84,29.95,28.7099,28.7099,8442
20220106,29.01,29.41,29.01,29.3901,4777
20220107,29.9,29.98,29.77,29.77,10415
20220110,29.72,29.856,29.47,29.856,15648
20220111,30.29,30.29,30.21,30.21,815
20220112,30.44,30.4801,30.29,30.4599,4055
20220113,28.75,28.905,28.5785,28.8,8912
20220114,28.25,28.51,28.17,28.4303,8192
20220118,26,26.48,25.89,26.21,40945
20220119,27.33,27.52,27.145,27.415,8672
20220120,27.46,27.7,27.03,27.06,8146
20220121,27.01,27.13,26.45,26.4638,20028
20220124,24.89,25.35,24.39,25.35,24739
20220125,24.96,25.88,24.7903,25.69,58474
20220126,25.78,25.81,25.1799,25.2499,23444
20220127,26.96,27.14,26.73,26.8899,31951
20220128,27.32,27.32,27.035,27.0401,8152
20220131,27.49,27.82,27.49,27.77,6732
20220201,28.03,28.03,27.7,27.9,10282
20220202,28.1,28.1,27.925,28.1,2369
20220203,27.43,27.53,27.36,27.47,4468
20220204,27.75,27.925,27.65,27.925,1711
20220207,27.88,28,27.8,27.97,2500
20220208,28.65,28.89,28.65,28.89,4000
20220209,29.37,29.53,29.37,29.52,5845
20220210,29.29,29.58,29.0437,29.14,3935
20220211,28.28,28.38,26.73,27.09,24698
20220214,27.57,27.77,27.04,27.64,20300
20220215,28.62,28.98,28.51,28.97,7140
20220216,28.98,29.38,28.98,29.3,1574
20220217,28,28.1,27.75,27.86,21775
20220218,27.01,27.02,26.43,26.53,24097
