Date,Open,High,Low,Close,Volume
20130815,22.12,22.12,21.94,22.02,17629
20130816,22.03,22.04,21.87,21.92,19290
20130819,21.88,21.89,21.69,21.7,7303
20130820,21.73,22.01,21.73,21.97,16522
20130821,21.87,21.98,21.79,21.81,8895
20130822,22.04,22.15,22.04,22.12,8361
20130823,22.09,22.14,22.07,22.14,3116
20130826,22.2,22.26,22.09,22.12,8425
20130827,21.84,21.9,21.6,21.62,7328
20130828,21.6,21.74,21.6,21.67,25572
20130829,21.66,21.92,21.66,21.83,11054
20130830,21.77,21.77,21.47,21.47,8044
20130903,21.86,21.86,21.43,21.52,3817
20130904,21.68,21.78,21.68,21.74,1683
20130905,21.82,21.89,21.82,21.86,8215
20130906,21.95,21.98,21.7,21.86,22041
20130909,21.9,22.22,21.9,22.22,38930
20130910,22.36,22.46,22.34,22.46,20384
20130911,22.43,22.5,22.39,22.5,16946
20130912,22.48,22.48,22.36,22.36,16759
20130913,22.43,22.46,22.3,22.45,18214
20130916,22.78,22.78,22.41,22.54,46917
20130917,22.56,22.73,22.56,22.73,19245
20130918,22.72,23.04,22.53,22.92,87471
20130919,23.06,23.06,22.9,22.93,24538
20130920,22.99,22.99,22.8,22.82,17975
20130923,22.82,22.82,22.64,22.74,13557
20130924,22.86,22.97,22.76,22.78,11623
20130925,22.85,22.94,22.74,22.82,15108
20130926,22.86,22.97,22.8,22.85,14309
20130927,22.77,22.86,22.74,22.82,24308
20130930,22.61,22.83,22.55,22.79,6910
20131001,22.99,23.9,22.99,23.07,12062
20131002,22.91,23.03,22.88,23.01,5653
20131003,22.97,22.97,22.63,22.82,12903
20131004,22.83,23.03,22.78,22.99,34614
20131007,22.73,22.87,22.7,22.72,25932
20131008,22.72,22.72,22.38,22.4,39034
20131009,22.47,22.47,22.25,22.34,49804
20131010,22.96,22.96,22.66,22.86,52032
20131011,22.82,23.15,22.82,23.15,30519
20131014,23.04,23.26,22.87,23.26,56871
20131015,23.21,23.23,22.98,23.05,29312
20131016,23.14,23.4,23.13,23.29,49760
20131017,23.24,23.52,23.24,23.52,60170
20131018,23.65,23.76,23.56,23.75,39567
20131021,23.8,23.88,23.66,23.73,34576
20131022,23.86,23.97,23.75,23.8,52878
20131023,23.72,23.76,23.67,23.73,26131
20131024,23.73,23.85,23.7,23.83,25732
20131025,23.92,23.92,23.82,23.9,16076
20131028,23.96,23.96,23.78,23.85,22257
20131029,23.99,24.02,23.84,23.98,18860
20131030,23.98,23.99,23.67,23.78,22013
20131031,23.73,23.88,23.64,23.72,46361
20131101,23.79,23.85,23.56,23.77,33197
20131104,23.87,23.98,23.79,23.98,100428
20131105,23.91,23.96,23.78,23.91,10182
20131106,24.06,24.06,23.75,23.84,27351
20131107,23.92,23.93,23.4,23.42,21258
20131108,23.39,23.78,23.18,23.78,45022
20131111,23.74,23.87,23.73,23.86,12619
20131112,23.78,23.87,23.7,23.86,16313
20131113,23.7,24.09,23.7,24.09,21326
20131114,24.09,24.17,23.98,24.17,21527
20131115,24.2,24.25,24.12,24.23,16296
20131118,24.34,24.34,24.02,24.02,10186
20131119,24.04,24.13,23.85,23.9,16755
20131120,24.05,24.08,23.87,23.88,17987
20131121,23.99,24.29,23.99,24.24,20983
20131122,24.27,24.37,24.23,24.34,12772
20131125,24.42,24.43,24.29,24.34,10135
20131126,24.35,24.49,24.32,24.46,20111
20131127,24.46,24.57,24.41,24.56,22487
20131129,24.66,24.66,24.53,24.53,19977
20131202,24.57,24.57,24.35,24.37,44420
20131203,24.36,24.4,24.19,24.3,12097
20131204,24.19,24.38,24,24.29,9852
20131205,24.23,24.3,24.16,24.23,11445
20131206,24.38,24.5,24.36,24.45,31922
20131209,24.5,24.53,24.4,24.45,29829
20131210,24.41,24.52,24.31,24.34,25283
20131211,24.38,24.38,23.94,23.97,36206
20131212,23.95,24.08,23.88,24.01,16533
20131213,24.06,24.09,23.96,24.09,7985
20131216,24.19,24.33,24.18,24.31,10719
20131217,24.31,24.31,24.13,24.29,15544
20131218,24.33,24.57,24.13,24.55,24036
20131219,24.57,24.57,24.43,24.47,16646
20131220,24.45,24.76,24.45,24.76,9530
20131223,24.96,25.01,24.86,25,13505
20131224,25.02,25.15,25.02,25.1,12145
20131226,25.21,25.23,25.05,25.05,21210
20131227,25.05,25.13,25.02,25.11,16676
20131230,25.11,25.16,25.08,25.12,19030
20131231,25.19,25.25,25.11,25.18,77269
20140102,25.11,25.11,24.83,24.94,32671
20140103,25.03,25.09,24.93,25.04,16429
20140106,25.16,25.16,24.84,24.84,18432
20140107,24.97,25.13,24.95,25.03,13617
20140108,25.06,25.1,24.95,25.06,67399
20140109,25.14,25.14,24.93,25.06,139642
20140110,25.05,25.19,25.03,25.18,12775
20140113,25.12,25.14,24.72,24.83,36614
20140114,24.97,25.14,24.94,25.12,17236
20140115,25.19,25.3,25.19,25.26,20084
20140116,25.24,25.25,25.14,25.24,19633
20140117,25.2,25.22,25.09,25.1,11002
20140121,25.28,25.28,25.1,25.21,47746
20140122,25.26,25.37,25.22,25.37,26029
20140123,25.23,25.23,25.01,25.13,29361
20140124,24.99,24.99,24.47,24.52,45523
20140127,24.55,24.66,24.08,24.32,34028
20140128,24.29,24.48,24.29,24.45,51419
20140129,24.44,24.44,24.14,24.18,19251
20140130,24.4,24.56,24.3,24.49,34102
20140131,24.96,25.01,24.2,24.33,22994
20140203,24.26,24.26,23.5,23.58,45232
20140204,23.69,23.86,23.57,23.84,43550
20140205,23.67,23.78,23.48,23.71,13009
20140206,23.82,24.04,23.82,24.01,22188
20140207,24.11,24.24,24.03,24.23,24688
20140210,24.21,24.25,24.06,24.21,22306
20140211,24.26,24.54,24.23,24.48,47787
20140212,24.52,24.65,24.49,24.55,6594
20140213,24.34,24.86,24.34,24.86,84968
20140214,24.74,24.92,24.71,24.92,18264
20140218,24.96,25.1,24.89,25.07,59930
20140219,25,25.15,24.86,24.88,14856
20140220,24.92,25.13,24.9,25.11,27270
20140221,25.15,25.23,25.08,25.14,7814
20140224,25.18,25.48,25.18,25.34,27357
20140225,25.31,25.41,25.26,25.33,34010
20140226,25.32,25.59,25.31,25.46,22245
20140227,25.37,25.6,25.37,25.6,34836
20140228,25.63,25.77,25.5,25.61,17504
20140303,26.53,26.53,25.26,25.46,31372
20140304,25.72,26.98,25.72,26,31842
20140305,25.95,25.99,25.88,25.95,21945
20140306,25.96,26.06,25.92,26.02,61521
20140307,26.19,26.19,25.91,26.01,189221
20140310,25.99,25.99,25.86,25.91,16259
20140311,25.97,26.04,25.66,25.71,15086
20140312,25.61,25.81,25.61,25.81,21417
20140313,25.89,25.89,25.36,25.5,17231
20140314,25.37,25.66,25.26,25.59,16676
20140317,25.71,25.88,25.71,25.73,10492
20140318,25.77,26.04,25.74,26,19792
20140319,26.02,26.02,25.66,25.85,24784
20140320,25.83,25.99,25.78,25.9,11789
20140321,26.09,26.18,25.92,25.92,8646
20140324,26.03,26.05,25.53,25.74,16721
20140325,25.83,25.92,25.62,25.74,30009
20140326,25.88,25.88,25.4,25.4,12613
20140327,25.39,25.41,25.17,25.28,27901
20140328,25.39,25.59,25.36,25.39,9728
20140331,25.86,25.86,25.5,25.82,22856
20140401,25.87,26.07,25.87,26.07,21392
20140402,26.16,26.24,26.09,26.23,64282
20140403,26.24,26.25,25.97,26.05,10602
20140404,26.22,26.23,25.52,25.6,48185
20140407,25.52,25.52,25.08,25.2,24511
20140408,25.26,25.47,25.17,25.41,16762
20140409,25.52,25.66,25.38,25.65,16257
20140410,25.67,25.67,25.04,25.17,32481
20140411,24.94,25.13,24.67,24.79,35480
20140414,25.05,25.06,24.77,24.91,13464
20140415,25.02,25.06,24.64,25.06,12434
20140416,25.13,25.28,25.13,25.28,12917
20140417,25.26,25.45,25.22,25.41,14927
20140421,25.47,25.47,25.36,25.45,7969
20140422,25.67,25.79,25.5,25.73,15675
20140423,25.68,25.74,25.58,25.64,21158
20140424,25.82,25.82,25.54,25.62,28608
20140425,25.58,25.58,25.21,25.32,28699
20140428,25.44,25.44,24.89,25.17,21460
20140429,25.32,25.36,25.18,25.28,11524
20140430,25.19,25.38,25.04,25.38,19883
20140501,25.4,25.53,25.24,25.38,12994
20140502,25.5,25.67,25.43,25.48,32371
20140505,25.29,25.49,25.14,25.43,28419
20140506,25.39,25.4,25.15,25.18,19768
20140507,25.23,25.24,25,25.15,23455
20140508,25.26,25.51,25.14,25.15,23998
20140509,25.08,25.25,24.97,25.25,68125
20140512,25.35,25.77,25.35,25.74,19083
20140513,25.72,25.77,25.56,25.57,12772
20140514,25.53,25.53,25.22,25.25,15117
20140515,25.13,25.13,24.75,25.05,25207
20140516,25.08,25.16,24.94,25.16,21444
20140519,25.13,25.45,25.1,25.33,108457
20140520,25.33,25.33,24.95,25.07,17300
20140521,25.18,25.25,25.01,25.21,16090
20140522,25.29,25.4,25.19,25.34,21374
20140523,25.34,25.54,25.29,25.54,14760
20140527,25.71,25.82,25.64,25.75,12649
20140528,25.74,25.76,25.58,25.7,21297
20140529,25.77,25.78,25.63,25.77,45752
20140530,25.79,25.79,25.62,25.73,16832
20140602,25.81,25.81,25.51,25.71,28764
20140603,25.6,25.7,25.54,25.66,12007
20140604,25.56,25.8,25.53,25.77,31926
20140605,25.86,26.16,25.69,26.13,85083
20140606,26.24,26.37,26.22,26.33,25012
20140609,26.32,26.57,26.32,26.43,34522
20140610,26.38,26.4,26.27,26.39,24907
20140611,26.25,26.31,26.15,26.26,25594
20140612,26.3,26.32,26.03,26.04,18911
20140613,26.11,26.2,25.97,26.1,47263
20140616,26.14,26.22,26.05,26.19,169563
20140617,26.19,26.5,26.19,26.41,51773
20140618,26.39,26.56,26.32,26.56,50348
20140619,26.65,26.65,26.44,26.57,26727
20140620,26.6,26.92,26.51,26.59,29308
20140623,26.69,26.69,26.53,26.58,13472
20140624,26.56,26.69,26.32,26.33,23158
20140625,26.21,26.52,26.21,26.49,24136
20140626,26.54,26.54,26.26,26.46,16501
20140627,26.39,26.6,26.39,26.6,5989
20140630,26.59,26.73,26.57,26.73,5845
20140701,26.84,27.12,26.84,26.97,18841
20140702,26.97,27.03,26.83,26.83,21529
20140703,26.97,27.01,26.94,27.01,6915
20140707,26.93,26.93,26.67,26.7,14247
20140708,26.66,26.66,26.38,26.45,39298
20140709,26.58,26.58,26.45,26.52,21601
20140710,26.1,26.45,25.98,26.35,24054
20140711,26.37,26.37,26.21,26.3,24729
20140714,26.52,26.52,26.39,26.44,38470
20140715,26.44,26.48,26.15,26.31,17257
20140716,26.47,26.47,26.21,26.27,26262
20140717,26.12,26.25,25.94,25.96,22616
20140718,26.02,26.32,26.02,26.3,191802
20140721,26.11,26.2,26.05,26.19,19007
20140722,26.29,26.43,26.29,26.37,12673
20140723,26.39,26.4,26.28,26.31,41834
20140724,26.39,26.41,26.24,26.31,26720
20140725,26.14,26.14,26.04,26.08,13762
20140728,26.13,26.13,25.82,25.97,147545
20140729,26.07,26.13,25.94,25.95,15961
20140730,26.13,26.13,25.87,25.96,20952
20140731,25.73,25.82,25.43,25.44,34075
20140801,25.46,25.5,25.18,25.33,73928
20140804,25.45,25.55,25.23,25.53,76969
20140805,25.44,25.6,25.3,25.46,19419
20140806,25.32,25.58,25.32,25.49,13128
20140807,25.59,25.59,25.31,25.37,11257
20140808,25.41,25.61,25.37,25.58,7475
20140811,25.73,25.92,25.73,25.79,21466
20140812,25.72,25.82,25.58,25.66,46455
20140813,25.77,25.88,25.77,25.83,9559
20140814,25.89,25.92,25.85,25.91,5199
20140815,26.03,26.06,25.68,25.89,15572
20140818,26.14,26.24,26.04,26.2,10817
20140819,26.29,26.38,26.29,26.32,18110
20140820,26.23,26.37,26.2,26.36,16241
20140821,26.35,26.45,26.23,26.44,27533
20140822,26.4,26.45,26.33,26.4,30242
20140825,26.53,26.53,26.37,26.46,30297
20140826,26.53,26.63,26.49,26.58,8768
20140827,26.64,26.64,26.5,26.56,29758
20140828,26.47,26.52,26.37,26.46,35218
20140829,26.54,26.63,26.44,26.58,12979
20140902,26.72,26.77,26.61,26.68,33724
20140903,26.84,26.84,26.56,26.59,11538
20140904,26.66,26.77,26.49,26.55,26219
20140905,26.5,26.61,26.44,26.61,10167
20140908,26.63,26.66,26.5,26.61,12247
20140909,26.57,26.57,26.31,26.35,41071
20140910,26.35,26.39,26.21,26.38,35157
20140911,26.28,26.5,26.24,26.5,14755
20140912,26.51,26.51,26.16,26.23,27153
20140915,26.26,26.26,26.02,26.09,17970
20140916,26.01,26.23,25.95,26.21,13497
20140917,26.2,26.32,26.12,26.16,43274
20140918,26.31,26.32,26.21,26.27,39791
20140919,26.4,26.4,25.97,26.04,39241
20140922,25.91,25.91,25.65,25.66,22442
20140923,25.58,25.68,25.41,25.45,13428
20140924,25.46,25.57,25.27,25.54,54635
20140925,25.5,25.5,25.11,25.2,27988
20140926,25.22,25.37,25.16,25.34,42471
20140929,25.11,25.35,25.11,25.31,10314
20140930,25.34,25.34,25.06,25.06,50185
20141001,25.07,25.07,24.66,24.75,35569
20141002,24.68,24.94,24.51,24.84,57386
20141003,25.06,25.14,24.91,25.06,29171
20141006,25.11,25.12,24.88,24.92,28886
20141007,24.77,24.79,24.57,24.57,20070
20141008,24.48,24.87,24.29,24.87,65445
20141009,24.91,24.91,24.29,24.3,68085
20141010,24.24,24.36,23.93,23.96,62848
20141013,24,24.1,23.66,23.67,37799
20141014,23.93,24.25,23.87,23.94,56515
20141015,23.69,24.16,23.45,24.07,69364
20141016,23.84,24.38,23.57,24.32,98335
20141017,24.52,24.58,24.3,24.39,61370
20141020,24.28,24.63,24.28,24.63,25677
20141021,24.86,25.16,24.86,25.16,41096
20141022,25.26,25.32,24.85,24.85,55326
20141023,25.16,25.4,25.1,25.23,45641
20141024,25.28,25.36,25.19,25.36,37093
20141027,25.32,25.32,25.06,25.28,59901
20141028,25.45,25.9,25.4,25.89,56788
20141029,25.99,26.07,25.71,25.82,53941
20141030,25.8,26.04,23.27,25.98,16149
20141031,26.39,26.51,26.12,26.28,17279
20141103,26.39,26.56,26.25,26.32,91866
20141104,26.28,26.34,26.17,26.27,20519
20141105,26.47,26.47,26.29,26.33,29760
20141106,26.43,26.52,26.34,26.49,15010
20141107,26.54,26.6,26.45,26.53,42891
20141110,26.54,26.69,26.52,26.62,21678
20141111,26.66,26.68,26.58,26.63,11767
20141112,26.53,26.76,26.5,26.75,25417
20141113,26.78,26.81,26.52,26.59,18303
20141114,26.61,26.66,26.52,26.52,30384
20141117,26.52,26.6,26.42,26.46,47150
20141118,26.54,26.66,26.54,26.56,36915
20141119,26.54,26.54,26.29,26.41,19842
20141120,26.33,26.62,26.33,26.62,24212
20141121,26.98,26.98,26.64,26.7,24104
20141124,26.78,26.97,26.77,26.91,41645
20141125,27,27.09,26.89,26.92,15061
20141126,26.96,27,26.92,26.97,20686
20141128,26.96,26.98,26.77,26.77,6533
20141201,26.73,26.73,26.37,26.37,38780
20141202,26.39,26.62,26.39,26.51,27688
20141203,26.56,26.83,26.5,26.81,27125
20141204,26.78,26.78,26.6,26.68,34711
20141205,26.77,26.87,26.73,26.79,37894
20141208,26.74,26.89,26.43,26.48,18979
20141209,26.23,26.73,26.2,26.73,42858
20141210,26.68,26.7,26.21,26.28,34272
20141211,26.32,26.58,26.29,26.32,56373
20141212,26.08,26.25,25.93,26,47408
20141215,26.15,26.21,25.71,25.83,42118
20141216,25.84,26.13,25.67,25.82,45549
20141217,25.99,26.4,25.79,26.39,69540
20141218,26.7,26.79,26.52,26.78,69296
20141219,26.8,26.97,26.72,26.92,26568
20141222,26.97,27.04,26.9,27,35092
20141223,27.21,27.25,27.13,27.18,24232
20141224,27.28,27.28,27.16,27.23,18543
20141226,27.26,27.43,27.26,27.34,12485
20141229,27.38,27.51,27.38,27.5,26273
20141230,27.43,27.48,27.38,27.41,22844
20141231,27.42,27.49,27.11,27.14,25125
20150102,27.23,27.28,26.79,27.04,38458
20150105,26.9,26.9,26.51,26.62,90017
20150106,26.72,26.72,26.06,26.23,82164
20150107,26.46,26.49,26.27,26.46,84600
20150108,26.66,26.96,26.66,26.96,83266
20150109,27.01,27.01,26.7,26.7,32380
20150112,26.72,26.76,26.37,26.56,61799
20150113,26.78,27.06,26.35,26.56,30220
20150114,26.37,26.51,26.15,26.48,122789
20150115,26.57,26.57,26.12,26.12,36785
20150116,26.09,26.45,26.05,26.45,17563
20150120,26.5,26.5,26.13,26.31,24940
20150121,26.24,26.49,26.24,26.36,20545
20150122,26.59,26.93,26.35,26.91,70824
20150123,26.95,26.99,26.82,26.86,29126
20150126,26.81,27.09,26.7,27.06,23715
20150127,26.85,27.08,26.79,26.93,21910
20150128,27.12,27.12,26.54,26.58,28034
20150129,26.64,26.82,26.47,26.81,63356
20150130,26.66,26.72,26.33,26.33,34584
20150202,26.42,26.6,26.06,26.57,76451
20150203,26.74,27.15,26.74,27.14,96921
20150204,27.08,27.23,27.01,27.03,52299
20150205,27.16,27.4,27.14,27.39,45410
20150206,27.42,27.49,27.24,27.3,27938
20150209,27.26,27.35,27.15,27.19,32509
20150210,27.36,27.36,27.09,27.35,506718
20150211,27.33,27.36,27.18,27.29,117018
20150212,27.51,27.63,27.46,27.63,62120
20150213,27.66,27.82,27.63,27.8,27695
20150217,27.85,27.86,27.72,27.73,99346
20150218,27.72,27.89,27.7,27.86,92248
20150219,27.87,27.9,27.8,27.85,63711
20150220,27.81,27.97,27.68,27.95,20172
20150223,27.9,27.93,27.75,27.93,47685
20150224,27.93,28.04,27.92,28,42305
20150225,28.01,28.05,27.91,27.99,27665
20150226,28.01,28.04,27.88,28,51341
20150227,27.92,28.02,27.92,27.92,50308
20150302,27.95,28.15,27.9,28.11,34394
20150303,28.11,28.11,27.94,28.02,24969
20150304,27.89,27.89,27.75,27.86,34267
20150305,27.91,27.92,27.75,27.88,42763
20150306,27.76,27.82,27.46,27.51,56498
20150309,27.59,27.68,27.55,27.63,52781
20150310,27.44,27.44,27.25,27.29,96998
20150311,27.35,27.45,27.23,27.39,104092
20150312,27.61,27.85,27.58,27.85,129563
20150313,27.82,27.82,27.46,27.73,140368
20150316,27.76,27.93,27.76,27.91,176819
20150317,27.86,27.99,27.8,27.96,184557
20150318,27.96,28.31,27.87,28.23,144415
20150319,28.21,28.26,28.13,28.22,128918
20150320,28.36,28.52,28.32,28.51,162059
20150323,28.55,28.6,28.44,28.52,157536
20150324,28.5,28.51,28.38,28.41,162388
20150325,28.47,28.47,27.9,27.93,139270
20150326,27.86,27.93,27.72,27.84,140252
20150327,27.86,28.03,27.78,28.03,149217
20150330,28.16,28.39,28.16,28.36,111455
20150331,28.18,28.33,28.18,28.29,152887
20150401,28.27,28.29,28.03,28.15,131238
20150402,28.23,28.48,28.23,28.33,188307
20150406,28.2,28.53,28.2,28.49,193152
20150407,28.47,28.51,28.33,28.33,187443
20150408,28.35,28.48,28.26,28.44,125217
20150409,28.47,28.48,28.19,28.41,118137
20150410,28.47,28.51,28.42,28.47,116881
20150413,28.5,28.56,28.41,28.44,119576
20150414,28.47,28.49,28.27,28.45,138297
20150415,28.58,28.72,28.54,28.66,196580
20150416,28.64,28.66,28.55,28.59,136093
20150417,28.45,28.45,28.12,28.2,149998
20150420,28.38,28.49,28.32,28.45,120526
20150421,28.57,28.57,28.36,28.36,166914
20150422,28.41,28.47,28.21,28.46,172138
20150423,28.46,28.65,28.41,28.59,106709
20150424,28.62,28.62,28.46,28.49,125228
20150427,28.62,28.66,28.22,28.23,208406
20150428,28.28,28.44,28.16,28.42,189935
20150429,28.31,28.33,28.13,28.2,169084
20150430,28.07,28.12,27.73,27.81,104843
20150501,27.89,28.04,27.86,28.04,129794
20150504,28.08,28.23,27.99,28.15,147211
20150505,28.12,28.2,27.74,27.81,170399
20150506,27.85,27.85,27.63,27.77,140058
20150507,27.8,27.94,27.71,27.88,108085
20150508,28.19,28.21,28.09,28.14,107445
20150511,28.14,28.27,28.08,28.12,115877
20150512,28.04,28.09,27.78,28.05,141020
20150513,28.12,28.15,27.96,28.04,112300
20150514,28.2,28.3,28.1,28.3,139334
20150515,28.28,28.3,28.16,28.29,137862
20150518,28.28,28.54,28.25,28.53,158908
20150519,28.51,28.52,28.35,28.43,158633
20150520,28.53,28.53,28.37,28.46,103819
20150521,28.44,28.55,28.32,28.48,124655
20150522,28.45,28.46,28.3,28.36,87660
20150526,28.23,28.23,27.93,28.03,147915
20150527,28.07,28.29,28,28.28,168197
20150528,28.25,28.25,28.11,28.25,94306
20150529,28.25,28.25,27.95,28.09,125462
20150601,28.22,28.24,27.94,28.15,131468
20150602,28.06,28.35,28.02,28.22,108560
20150603,28.3,28.46,28.21,28.42,96656
20150604,28.31,28.38,28.12,28.14,117578
20150605,28.05,28.28,28,28.28,113541
20150608,28.24,28.25,28.02,28.08,122493
20150609,28.08,28.08,27.9,27.97,140249
20150610,28.13,28.42,28.13,28.37,110010
20150611,28.39,28.45,28.36,28.4,122197
20150612,28.36,28.41,28.25,28.35,99329
20150615,28.14,28.23,27.96,28.16,121166
20150616,28.18,28.38,28.16,28.35,117588
20150617,28.45,28.48,28.23,28.35,118183
20150618,28.47,28.66,28.43,28.56,88515
20150619,28.64,28.64,28.51,28.57,198140
20150622,28.67,28.73,28.62,28.67,128279
20150623,28.73,28.76,28.65,28.75,124634
20150624,28.73,28.76,28.48,28.5,154685
20150625,28.62,28.64,28.36,28.45,183418
20150626,28.55,28.55,28.31,28.43,124902
20150629,28.24,28.32,27.75,27.75,189758
20150630,27.98,27.98,27.71,27.83,130779
20150701,28.23,28.23,27.79,27.89,169843
20150702,27.96,27.97,27.7,27.8,100598
20150706,27.59,27.8,27.53,27.65,105150
20150707,27.71,27.78,27.27,27.75,101280
20150708,27.57,27.57,27.24,27.37,118587
20150709,27.63,27.63,27.36,27.37,93921
20150710,27.63,27.71,27.61,27.69,90042
20150713,27.83,27.94,27.83,27.91,108824
20150714,27.93,28.07,27.93,28.03,102837
20150715,28.07,28.07,27.79,27.8,94870
20150716,28,28.01,27.91,27.93,135527
20150717,27.97,27.97,27.7,27.74,89120
20150720,27.74,27.74,27.58,27.65,235077
20150721,27.68,27.81,27.53,27.57,170067
20150722,27.46,27.62,27.46,27.57,125642
20150723,27.68,27.68,27.31,27.34,191563
20150724,27.36,27.36,26.99,27.02,146204
20150727,26.94,26.94,26.75,26.78,241534
20150728,26.88,27.07,26.68,27.03,165335
20150729,27.04,27.35,27.03,27.3,132779
20150730,27.27,27.4,27.19,27.39,81684
20150731,27.43,27.61,27.43,27.52,104610
20150803,27.46,27.46,27.2,27.34,102782
20150804,27.38,27.49,27.25,27.3,178722
20150805,27.49,27.64,27.32,27.41,86496
20150806,27.46,27.46,27.08,27.2,85685
20150807,27.14,27.19,27.01,27.1,101267
20150810,27.21,27.52,27.21,27.5,136880
20150811,27.31,27.32,27.18,27.27,95026
20150812,27.13,27.26,26.88,27.23,89710
20150813,27.23,27.31,27.11,27.18,101912
20150814,27.17,27.4,27.15,27.38,87941
20150817,27.32,27.57,27.24,27.57,78453
20150818,27.54,27.55,27.38,27.43,122186
20150819,27.3,27.36,27.03,27.19,113301
20150820,26.93,26.93,26.52,26.52,100374
20150821,26.31,26.41,26.03,26.05,930705
20150824,25.52,25.76,22.81,25.1,1323598
20150825,25.63,25.67,24.72,24.72,209130
20150826,25.28,25.43,24.78,25.36,171053
20150827,25.65,26.07,25.51,25.94,172818
20150828,25.9,26.18,25.9,26.09,125914
20150831,26,26.24,25.95,26.11,92783
20150901,25.65,25.76,25.24,25.33,121899
20150902,25.67,25.67,25.32,25.65,89621
20150903,25.76,26.01,25.74,25.77,95836
20150904,25.56,25.68,25.39,25.49,142822
20150908,25.81,26.05,25.77,26.01,84308
20150909,26.21,26.21,25.75,25.75,122291
20150910,25.72,25.97,25.72,25.8,113480
20150911,25.66,25.84,25.58,25.84,80309
20150914,25.95,25.95,25.67,25.75,79122
20150915,25.77,26.08,25.76,26.06,136785
20150916,26.07,26.35,26.01,26.33,118211
20150917,26.33,26.64,26.27,26.28,87408
20150918,25.99,26.18,25.83,25.83,64002
20150921,26.05,26.24,25.93,25.97,128647
20150922,25.67,25.8,25.49,25.6,78799
20150923,25.63,25.7,25.43,25.49,79828
20150924,25.37,25.45,25.15,25.4,178729
20150925,25.6,25.6,25.22,25.33,158222
20150928,25.22,25.22,24.64,24.68,220946
20150929,24.71,24.83,24.53,24.64,187817
20150930,24.82,24.98,24.71,24.97,98898
20151001,24.99,24.99,24.66,24.91,82762
20151002,24.73,25.24,24.54,25.24,246967
20151005,25.46,25.91,25.44,25.91,91181
20151006,25.9,26.06,25.77,25.88,169980
20151007,26.03,26.21,25.89,26.19,110043
20151008,26.18,26.61,26.17,26.58,102640
20151009,26.66,26.69,26.5,26.61,119259
20151012,26.65,26.65,26.47,26.57,83473
20151013,26.47,26.68,26.29,26.29,65827
20151014,26.28,26.41,26.06,26.08,109354
20151015,26.14,26.39,25.94,26.38,114182
20151016,26.51,26.51,26.26,26.42,86692
20151019,26.32,26.5,26.32,26.47,82801
20151020,26.52,26.75,26.46,26.61,86966
20151021,26.67,26.67,26.21,26.21,95253
20151022,26.39,26.59,26.28,26.44,97113
20151023,26.71,26.71,26.42,26.61,66997
20151026,26.61,26.61,26.46,26.5,217367
20151027,26.42,26.42,26.06,26.17,98701
20151028,26.27,26.78,26.27,26.77,97792
20151029,26.73,26.73,26.51,26.58,135259
20151030,26.56,26.72,26.53,26.6,154249
20151102,26.59,27.07,26.55,27.02,135944
20151103,27,27.25,26.95,27.13,117912
20151104,27.18,27.19,26.96,27.03,124586
20151105,27.05,27.14,26.86,27.11,184508
20151106,27.02,27.16,26.84,27.12,222690
20151109,27.15,27.15,26.67,26.8,181512
20151110,26.72,26.88,26.66,26.87,219970
20151111,26.95,26.95,26.67,26.72,89329
20151112,26.53,26.53,26.16,26.16,89514
20151113,26.1,26.19,25.88,25.97,149926
20151116,25.94,26.28,25.92,26.28,78198
20151117,26.34,26.47,26.15,26.18,108368
20151118,26.27,26.61,26.23,26.59,223548
20151119,26.57,26.61,26.49,26.56,105126
20151120,26.67,26.78,26.67,26.71,129943
20151123,26.72,26.9,26.71,26.79,232861
20151124,26.7,27.02,26.63,26.98,185800
20151125,26.99,27.15,26.93,27.11,151068
20151127,27.13,27.21,27.05,27.15,53590
20151130,27.28,27.28,27.08,27.11,83106
20151201,27.22,27.28,27.09,27.26,163583
20151202,27.28,27.28,26.92,26.94,197563
20151203,27.03,27.09,26.42,26.55,164254
20151204,26.56,26.82,26.56,26.79,152265
20151207,26.81,26.81,26.39,26.45,106738
20151208,26.23,26.36,26.08,26.24,159418
20151209,26.16,26.45,25.88,25.97,173129
20151210,25.95,26.19,25.92,26.04,108534
20151211,25.79,25.8,25.45,25.53,111181
20151214,25.52,25.6,25.14,25.35,178993
20151215,25.49,25.71,25.49,25.64,158427
20151216,25.82,26.03,25.7,25.98,208711
20151217,26.05,26.05,25.65,25.65,147265
20151218,25.55,25.55,25.24,25.24,413229
20151221,25.43,25.49,25.25,25.4,420771
20151222,25.48,25.76,25.34,25.7,212150
20151223,25.81,26.08,25.81,26.07,193840
20151224,26.06,26.19,26,26.11,76587
20151228,25.92,25.94,25.74,25.93,110469
20151229,26.05,26.21,25.96,26.18,180935
20151230,26.16,26.19,25.98,25.98,165424
20151231,25.9,25.99,25.76,25.77,143315
20160104,25.32,25.32,25.04,25.31,147657
20160105,25.37,25.4,25.2,25.34,126927
20160106,25.04,25.19,24.87,24.99,179184
20160107,24.55,24.74,24.31,24.37,756670
20160108,24.43,24.48,23.95,23.97,505909
20160111,24.03,24.12,23.67,23.89,555959
20160112,24.11,24.16,23.6,23.91,202205
20160113,23.99,24.08,23.18,23.26,453766
20160114,23.36,23.69,23.03,23.52,1080242
20160115,22.89,23.16,22.65,23.12,535051
20160119,23.34,23.34,22.7,22.91,295358
20160120,22.56,23.03,22,22.81,435430
20160121,22.9,23.24,22.79,22.93,112454
20160122,23.27,23.5,23.21,23.44,334854
20160125,23.32,23.32,22.9,22.9,151027
20160126,23.05,23.53,23.05,23.51,141114
20160127,23.4,23.67,23.16,23.26,157062
20160128,23.5,23.53,23.22,23.27,270077
20160129,23.39,23.96,23.39,23.96,139649
20160201,23.85,24.08,23.74,23.97,150704
20160202,23.83,23.83,23.35,23.43,130222
20160203,23.63,23.63,23.01,23.53,205726
20160204,23.48,23.92,23.48,23.72,135383
20160205,23.57,23.62,23.18,23.19,170241
20160208,22.92,22.99,22.5,22.83,1498880
20160209,22.55,22.9,22.54,22.72,197286
20160210,22.88,23.15,22.74,22.74,149041
20160211,22.37,22.53,22.2,22.42,348218
20160212,22.62,22.86,22.54,22.82,327887
20160216,23.09,23.36,22.97,23.32,140650
20160217,23.49,23.85,23.49,23.71,139350
20160218,23.76,23.76,23.58,23.67,123249
20160219,23.59,23.76,23.47,23.7,107025
20160222,23.93,24.1,23.93,24.03,318228
20160223,23.95,23.97,23.84,23.85,103940
20160224,23.62,24.11,23.57,24.08,156862
20160225,24.14,24.32,24.06,24.32,171092
20160226,24.43,24.53,24.36,24.42,71365
20160229,24.44,24.65,24.38,24.38,216795
20160301,24.57,24.86,24.49,24.86,259908
20160302,24.83,25.13,24.77,25.11,128062
20160303,25.1,25.46,25.08,25.46,176781
20160304,25.49,25.76,25.43,25.62,139172
20160307,25.53,25.9,25.53,25.9,111600
20160308,25.77,25.77,25.31,25.31,96483
20160309,25.43,25.54,25.32,25.48,88230
20160310,25.57,25.61,25.08,25.33,89144
20160311,25.54,25.87,25.51,25.85,119270
20160314,25.75,25.8,25.59,25.76,158119
20160315,25.59,25.59,25.4,25.46,115461
20160316,25.38,25.79,25.38,25.71,97843
20160317,25.7,26.23,25.7,26.17,99367
20160318,26.24,26.4,26.23,26.34,95968
20160321,26.22,26.3,26.13,26.25,202710
20160322,26.06,26.25,26.02,26.15,134475
20160323,26.05,26.05,25.76,25.78,82294
20160324,25.58,25.78,25.47,25.78,96710
20160328,25.86,25.91,25.64,25.81,120200
20160329,25.76,26.36,25.75,26.36,165536
20160330,26.51,26.57,26.33,26.41,173925
20160331,26.38,26.52,26.38,26.44,193520
20160401,26.21,26.49,26.11,26.48,96196
20160404,26.47,26.48,26.18,26.19,109234
20160405,25.99,26.06,25.88,25.88,81775
20160406,25.9,26.13,25.83,26.13,75569
20160407,25.98,26,25.65,25.77,166935
20160408,25.96,26.13,25.87,25.94,85632
20160411,26.08,26.28,25.92,25.92,90557
20160412,25.95,26.31,25.93,26.26,98607
20160413,26.44,26.75,26.38,26.73,103202
20160414,26.72,26.77,26.62,26.66,105665
20160415,26.59,26.77,26.59,26.73,103337
20160418,26.6,26.89,26.59,26.85,147209
20160419,26.94,27.12,26.86,26.99,268058
20160420,26.99,27.16,26.89,27.03,186430
20160421,27.05,27.09,26.79,26.85,85799
20160422,26.83,27.15,26.83,27.09,99247
20160425,27.05,27.06,26.78,26.88,141145
20160426,26.98,27.24,26.97,27.21,99411
20160427,27.24,27.43,27.21,27.41,117749
20160428,27.25,27.43,27.06,27.07,97420
20160429,27,27.07,26.67,26.85,728812
20160502,26.93,27.06,26.8,27.03,106512
20160503,26.83,26.83,26.44,26.61,110241
20160504,26.5,26.76,26.43,26.48,111248
20160505,26.6,26.64,26.37,26.4,113340
20160506,26.33,26.59,26.33,26.58,108253
20160509,26.55,26.64,26.41,26.51,124339
20160510,26.59,26.86,26.59,26.86,94426
20160511,26.77,26.79,26.55,26.55,77452
20160512,26.62,26.74,26.33,26.48,68270
20160513,26.37,26.5,26.17,26.23,106396
20160516,26.28,26.59,26.28,26.48,135929
20160517,26.45,26.62,26.08,26.18,169618
20160518,26.13,26.38,26.02,26.14,104081
20160519,26.01,26.06,25.8,26.01,100043
20160520,26.11,26.35,26.09,26.34,93539
20160523,26.37,26.4,26.25,26.3,64546
20160524,26.44,26.75,26.43,26.72,101181
20160525,26.81,26.96,26.76,26.95,88723
20160526,27.01,27.06,26.86,26.89,82664
20160527,26.91,27.09,26.87,27.09,67133
20160531,27.15,27.22,27.07,27.16,101263
20160601,27.07,27.31,26.96,27.27,103984
20160602,27.23,27.42,27.2,27.42,99197
20160603,27.39,27.39,27.13,27.3,79192
20160606,27.37,27.65,27.37,27.6,71629
20160607,27.63,27.8,27.59,27.72,85600
20160608,27.75,27.91,27.72,27.87,131632
20160609,27.78,27.78,27.64,27.74,77471
20160610,27.48,27.53,27.26,27.31,87625
20160613,27.21,27.33,27.01,27.01,104037
20160614,26.95,27.05,26.76,26.9,117365
20160615,26.98,27.17,26.93,26.95,79997
20160616,26.76,26.9,26.54,26.87,120177
20160617,26.93,27.1,26.87,26.99,81338
20160620,27.3,27.47,27.24,27.28,115676
20160621,27.26,27.27,27.07,27.19,98682
20160622,27.26,27.38,27.12,27.12,145526
20160623,27.4,27.63,27.4,27.63,595215
20160624,26.7,26.94,26.46,26.51,196992
20160627,26.22,26.22,25.55,25.68,160920
20160628,25.9,26.15,25.9,26.09,119718
20160629,26.41,26.67,26.38,26.63,139359
20160630,26.69,27.13,26.59,27.13,124425
20160701,27.17,27.37,27.15,27.28,114210
20160705,27.15,27.15,26.69,26.87,123513
20160706,26.72,27.05,26.67,27.02,105079
20160707,27.08,27.28,26.9,27.04,75883
20160708,27.3,27.67,27.3,27.64,99201
20160711,27.79,27.96,27.79,27.9,81486
20160712,28.12,28.4,28.12,28.29,94622
20160713,28.39,28.43,28.13,28.23,120866
20160714,28.43,28.45,28.29,28.3,88440
20160715,28.41,28.41,28.23,28.31,99765
20160718,28.28,28.4,28.23,28.35,96034
20160719,28.29,28.33,28.16,28.22,97391
20160720,28.26,28.44,28.12,28.37,82590
20160721,28.32,28.47,28.18,28.24,307637
20160722,28.21,28.45,28.18,28.41,86980
20160725,28.35,28.41,28.25,28.34,128211
20160726,28.35,28.57,28.35,28.56,133964
20160727,28.6,28.66,28.36,28.48,129631
20160728,28.47,28.51,28.32,28.45,303067
20160729,28.39,28.65,28.31,28.56,148183
20160801,28.56,28.6,28.37,28.46,186223
20160802,28.46,28.5,28.03,28.09,205473
20160803,28.03,28.26,28,28.26,111597
20160804,28.28,28.37,28.22,28.29,111506
20160805,28.48,28.72,28.45,28.68,169687
20160808,28.7,28.8,28.66,28.72,129819
20160809,28.72,28.77,28.64,28.67,153045
20160810,28.66,28.69,28.46,28.51,141834
20160811,28.63,28.69,28.55,28.61,128029
20160812,28.58,28.65,28.46,28.56,138540
20160815,28.62,28.86,28.62,28.8,131416
20160816,28.75,28.75,28.56,28.56,379840
20160817,28.54,28.54,28.35,28.51,113489
20160818,28.52,28.73,28.52,28.73,168188
20160819,28.65,28.75,28.6,28.74,138089
20160822,28.64,28.76,28.59,28.76,128941
20160823,28.88,29.03,28.88,28.96,150002
20160824,28.89,28.9,28.7,28.72,149951
20160825,28.66,28.88,28.66,28.79,102910
20160826,28.84,29.04,28.57,28.68,174415
20160829,28.71,28.94,28.71,28.86,102543
20160830,28.88,28.93,28.74,28.85,198277
20160831,28.81,28.84,28.59,28.75,171162
20160901,28.74,28.8,28.45,28.72,129461
20160902,28.89,29.04,28.89,29.04,151050
20160906,29.08,29.08,28.86,28.97,182349
20160907,28.96,29.16,28.96,29.16,198764
20160908,29.12,29.13,29.03,29.08,169919
20160909,28.84,28.84,28.15,28.15,230469
20160912,27.98,28.51,27.96,28.5,119828
20160913,28.26,28.31,27.81,27.96,150166
20160914,27.95,28.08,27.84,27.86,110924
20160915,27.85,28.22,27.85,28.17,132952
20160916,28.06,28.08,27.97,28.03,98775
20160919,28.15,28.37,28.11,28.23,137505
20160920,28.34,28.35,28.08,28.08,130209
20160921,28.17,28.47,28.09,28.46,131124
20160922,28.65,28.91,28.65,28.9,179186
20160923,28.82,28.84,28.68,28.68,93948
20160926,28.55,28.63,28.47,28.47,120317
20160927,28.41,28.56,28.38,28.49,122798
20160928,28.56,28.82,28.41,28.82,120229
20160929,28.78,28.86,28.46,28.55,196217
20160930,28.64,28.89,28.6,28.79,133400
20161003,28.72,28.78,28.59,28.68,141600
20161004,28.73,28.78,28.45,28.55,320681
20161005,28.67,28.88,28.67,28.76,128733
20161006,28.71,28.79,28.54,28.76,232537
20161007,28.8,28.8,28.39,28.56,214060
20161010,28.68,28.91,28.68,28.78,137782
20161011,28.69,28.69,28.18,28.3,151766
20161012,28.3,28.47,28.22,28.38,169456
20161013,28.13,28.27,27.95,28.18,135798
20161014,28.29,28.41,28.13,28.14,173742
20161017,28.16,28.23,28.11,28.13,129327
20161018,28.41,28.41,28.27,28.29,120063
20161019,28.36,28.55,28.27,28.5,158218
20161020,28.44,28.45,28.25,28.38,131309
20161021,28.17,28.37,28.13,28.33,92061
20161024,28.5,28.65,28.37,28.48,145712
20161025,28.43,28.43,28.2,28.24,157379
20161026,28.1,28.29,28.06,28.12,151698
20161027,28.17,28.17,27.8,27.85,242499
20161028,27.84,28.04,27.74,27.81,202017
20161031,27.86,27.97,27.79,27.94,138518
20161101,28.01,28.01,27.48,27.61,226069
20161102,27.55,27.61,27.35,27.35,149463
20161103,27.43,27.49,27.28,27.3,210104
20161104,27.35,27.66,27.32,27.42,224062
20161107,27.89,28.03,27.86,27.99,122835
20161108,27.92,28.18,27.82,28.06,153033
20161109,27.83,28.83,27.8,28.76,304843
20161110,29.09,29.3,28.88,29.1,351962
20161111,29.2,29.57,29.12,29.54,262508
20161114,29.84,30.14,29.83,30.04,206928
20161115,30.05,30.2,29.88,30.17,319699
20161116,30.11,30.2,30.04,30.16,194881
20161117,30.25,30.37,30.19,30.28,194040
20161118,30.31,30.37,30.27,30.34,276384
20161121,30.44,30.61,30.36,30.54,221567
20161122,30.65,30.91,30.65,30.91,226760
20161123,30.85,31.08,30.81,31.07,212819
20161125,31.11,31.2,31.1,31.19,199916
20161128,31.23,31.23,30.86,30.89,220496
20161129,30.91,30.97,30.77,30.84,208576
20161130,31.04,31.09,30.81,30.84,232966
20161201,30.97,31.03,30.7,30.76,185819
20161202,30.79,30.94,30.73,30.78,168411
20161205,31.04,31.29,31.02,31.26,177573
20161206,31.34,31.6,31.19,31.58,341206
20161207,31.59,32,31.56,31.94,184048
20161208,32.09,32.45,31.97,32.39,230780
20161209,32.5,32.5,32.28,32.41,276554
20161212,32.42,32.51,32.07,32.16,234222
20161213,32.3,32.37,32,32.14,303890
20161214,32.1,32.2,31.66,31.73,264900
20161215,31.8,32.14,31.72,31.98,204487
20161216,32.01,32.21,31.84,31.85,201188
20161219,31.96,32.1,31.9,32.07,244474
20161220,32.19,32.38,32.17,32.36,337824
20161221,32.4,32.4,32.22,32.23,330121
20161222,32.22,32.22,31.84,31.92,328398
20161223,31.93,32.02,31.89,32,174177
20161227,32.08,32.28,32.08,32.17,271270
20161228,32.21,32.25,31.75,31.81,214661
20161229,31.83,32,31.72,31.86,222704
20161230,31.94,31.98,31.63,31.72,222647
20170103,32.1,32.19,31.72,31.97,163910
20170104,32.1,32.52,32.1,32.5,409349
20170105,32.43,32.43,32.01,32.14,293740
20170106,32.22,32.22,31.97,32.02,221720
20170109,31.95,31.97,31.68,31.72,267327
20170110,31.78,32.09,31.73,32.01,266982
20170111,32.06,32.14,31.89,32.12,258529
20170112,32.09,32.09,31.54,31.88,320459
20170113,31.97,32.19,31.97,32.04,203701
20170117,31.93,32.02,31.7,31.75,299562
20170118,31.85,31.88,31.6,31.88,246462
20170119,31.92,31.98,31.5,31.62,236102
20170120,31.74,31.89,31.63,31.77,193630
20170123,31.7,31.76,31.48,31.68,246838
20170124,31.78,32.22,31.78,32.14,279737
20170125,32.37,32.49,32.33,32.42,263946
20170126,32.46,32.52,32.26,32.32,211130
20170127,32.35,32.35,32.03,32.15,320086
20170130,31.97,31.97,31.52,31.79,285019
20170131,31.69,31.94,31.56,31.88,269920
20170201,32.09,32.21,31.73,31.87,198617
20170202,31.84,31.96,31.73,31.78,233929
20170203,32.06,32.2,31.95,32.18,216142
20170206,32.1,32.14,31.92,31.98,277778
20170207,32.02,32.13,31.8,31.89,271924
20170208,31.81,31.92,31.63,31.87,273872
20170209,31.98,32.36,31.98,32.29,250668
20170210,32.47,32.59,32.39,32.53,217865
20170213,32.73,32.79,32.58,32.61,279277
20170214,32.55,32.69,32.45,32.66,366939
20170215,32.57,32.85,32.55,32.79,246118
20170216,32.82,32.88,32.58,32.71,335204
20170217,32.61,32.67,32.52,32.67,294941
20170221,32.79,33.03,32.67,33.02,245012
20170222,32.96,32.96,32.79,32.88,239279
20170223,33,33,32.51,32.63,296455
20170224,32.42,32.64,32.37,32.64,327863
20170227,32.61,32.91,32.56,32.91,420440
20170228,32.82,32.82,32.48,32.49,278539
20170301,32.87,33.1,32.87,33.03,371659
20170302,33.01,33.01,32.62,32.66,258179
20170303,32.64,32.75,32.45,32.58,215758
20170306,32.43,32.44,32.24,32.38,270355
20170307,32.36,32.39,32.13,32.15,233300
20170308,32.24,32.27,31.93,31.93,229990
20170309,31.93,32.03,31.64,31.75,246981
20170310,31.94,32.03,31.71,31.89,253853
20170313,31.91,32.09,31.89,31.99,289742
20170314,31.84,31.88,31.6,31.82,374628
20170315,31.99,32.36,31.9,32.33,203396
20170316,32.4,32.45,32.25,32.33,214642
20170317,32.39,32.47,32.24,32.41,468456
20170320,32.38,32.4,32.15,32.23,73856
20170321,32.37,32.37,31.53,31.53,314801
20170322,31.46,31.56,31.33,31.54,232052
20170323,31.57,31.9,31.45,31.68,194282
20170324,31.8,31.9,31.52,31.66,194964
20170327,31.37,31.7,31.19,31.65,227085
20170328,31.56,31.94,31.49,31.89,269002
20170329,31.83,32.08,31.8,32.07,176033
20170330,32.09,32.26,32.08,32.25,183534
20170331,32.28,32.42,32.18,32.33,153230
20170403,32.39,32.4,31.9,32,241737
20170404,31.93,32.06,31.85,31.94,324369
20170405,32.13,32.26,31.65,31.71,196907
20170406,31.76,32.02,31.64,31.97,366801
20170407,31.92,32.05,31.85,31.96,315274
20170410,31.96,32.26,31.93,32.09,227408
20170411,32.01,32.28,31.91,32.28,231946
20170412,32.25,32.25,31.81,31.83,185018
20170413,31.78,31.88,31.49,31.5,205921
20170417,31.59,31.86,31.52,31.86,209622
20170418,31.77,31.91,31.66,31.89,325351
20170419,31.96,32.17,31.9,31.96,236021
20170420,32.11,32.33,32.05,32.29,267472
20170421,32.25,32.3,32.13,32.21,167789
20170424,32.58,32.61,32.43,32.55,314920
20170425,32.76,32.89,32.74,32.77,201836
20170426,32.77,33.1,32.75,32.94,180558
20170427,32.98,33.06,32.76,32.9,163033
20170428,32.94,32.94,32.55,32.55,160925
20170501,32.67,32.78,32.48,32.67,184690
20170502,32.67,32.71,32.49,32.57,212369
20170503,32.49,32.54,32.31,32.41,193911
20170504,32.48,32.53,32.07,32.27,223124
20170505,32.37,32.48,32.23,32.48,141258
20170508,32.49,32.53,32.25,32.37,187811
20170509,32.4,32.5,32.27,32.36,242532
20170510,32.32,32.57,32.32,32.53,207483
20170511,32.42,32.42,32.07,32.32,161595
20170512,32.22,32.22,32,32.07,195870
20170515,32.16,32.39,32.16,32.26,211597
20170516,32.31,32.31,32.06,32.21,192601
20170517,31.82,31.92,31.51,31.54,232930
20170518,31.44,31.68,31.36,31.54,218895
20170519,31.65,31.96,31.6,31.82,191520
20170522,31.91,32.07,31.89,32.03,154211
20170523,32.12,32.16,31.91,32.1,339348
20170524,32.09,32.18,31.96,32.08,170711
20170525,32.23,32.29,32.04,32.1,267811
20170526,32.06,32.11,31.95,32.09,197484
20170530,32.01,32.09,31.89,31.91,170809
20170531,31.97,31.97,31.59,31.9,270385
20170601,31.99,32.45,31.94,32.45,178466
20170602,32.48,32.74,32.45,32.56,196283
20170605,32.52,32.55,32.38,32.38,143098
20170606,32.23,32.42,32.11,32.29,212499
20170607,32.29,32.39,32.21,32.27,154154
20170608,32.26,32.67,32.19,32.56,165484
20170609,32.64,32.92,32.62,32.75,377182
20170612,32.77,32.94,32.71,32.76,261379
20170613,32.85,32.98,32.79,32.95,177865
20170614,32.96,32.96,32.63,32.77,171908
20170615,32.48,32.66,32.47,32.6,161638
20170616,32.55,32.55,32.37,32.52,180215
20170619,32.6,32.72,32.58,32.69,181208
20170620,32.59,32.63,32.3,32.32,269123
20170621,32.36,32.44,32.06,32.09,161735
20170622,32.07,32.27,31.98,32.18,245499
20170623,32.21,32.39,32.11,32.38,218653
20170626,32.41,32.58,32.31,32.5,182222
20170627,32.5,32.58,32.26,32.26,163186
20170628,32.48,32.77,32.46,32.69,356573
20170629,32.73,32.73,32.22,32.53,170190
20170630,32.57,32.65,32.47,32.53,137000
20170703,32.67,32.88,32.63,32.83,169556
20170705,32.73,32.73,32.43,32.57,175496
20170706,32.4,32.53,32.1,32.15,183414
20170707,32.21,32.44,32.17,32.43,130380
20170710,32.33,32.46,32.26,32.31,155527
20170711,32.29,32.35,32.11,32.35,141315
20170712,32.52,32.77,32.51,32.55,160890
20170713,32.56,32.68,32.44,32.68,214028
20170714,32.62,32.86,32.62,32.74,192476
20170717,32.75,32.97,32.72,32.87,213952
20170718,32.8,32.83,32.68,32.76,196641
20170719,32.85,33.15,32.85,33.13,149761
20170720,33.17,33.21,33.05,33.13,179921
20170721,33.11,33.11,32.92,32.97,211397
20170724,32.97,32.97,32.85,32.94,143988
20170725,33.13,33.32,33.08,33.26,171978
20170726,33.27,33.31,33.03,33.08,191436
20170727,33.12,33.14,32.84,33,194715
20170728,32.93,32.99,32.79,32.9,131956
20170731,32.97,32.97,32.7,32.87,165858
20170801,32.98,33.02,32.8,32.95,229486
20170802,32.87,32.91,32.48,32.57,195035
20170803,32.58,32.61,32.38,32.44,176657
20170804,32.54,32.59,32.46,32.58,205671
20170807,32.58,32.64,32.45,32.55,186923
20170808,32.51,32.78,32.41,32.45,252506
20170809,32.29,32.36,32.17,32.25,216797
20170810,32.15,32.17,31.78,31.78,272267
20170811,31.73,31.84,31.61,31.79,223447
20170814,31.97,32.24,31.97,32.18,209421
20170815,32.2,32.2,31.91,31.91,398002
20170816,31.97,32.11,31.92,31.95,202912
20170817,31.87,32.01,31.42,31.42,270370
20170818,31.34,31.49,31.22,31.37,230563
20170821,31.33,31.39,31.27,31.34,157954
20170822,31.44,31.69,31.44,31.67,226365
20170823,31.49,31.69,31.49,31.61,208020
20170824,31.71,31.75,31.61,31.64,157863
20170825,31.74,31.88,31.7,31.81,194882
20170828,31.9,31.92,31.7,31.79,164126
20170829,31.61,31.82,31.56,31.81,191179
20170830,31.76,31.99,31.73,31.98,172657
20170831,32.07,32.28,32.07,32.26,157156
20170901,32.33,32.47,32.31,32.45,168718
20170905,32.45,32.51,32.01,32.13,154867
20170906,32.24,32.28,32.15,32.22,186201
20170907,32.26,32.27,32.06,32.15,316644
20170908,32.1,32.24,32.05,32.19,164435
20170911,32.4,32.55,32.4,32.51,186181
20170912,32.57,32.76,32.57,32.73,178026
20170913,32.71,32.86,32.7,32.82,190792
20170914,32.77,32.84,32.74,32.76,158816
20170915,32.74,32.97,32.73,32.97,178210
20170918,33,33.15,32.98,33.1,161896
20170919,33.12,33.13,33.04,33.07,152057
20170920,33.12,33.26,33.1,33.2,273659
20170921,33.21,33.26,33.15,33.15,164367
20170922,33.14,33.34,33.14,33.33,156572
20170925,33.33,33.49,33.25,33.44,2359693
20170926,33.47,33.64,33.44,33.57,201488
20170927,33.69,34.01,33.52,33.96,2147925
20170928,33.91,34,33.78,33.99,236090
20170929,34.01,34.1,33.97,34.07,272323
20171002,34.08,34.41,34.03,34.41,411501
20171003,34.47,34.48,34.32,34.48,417069
20171004,34.43,34.52,34.33,34.39,210459
20171005,34.48,34.61,34.46,34.52,568047
20171006,34.37,34.47,34.35,34.43,264276
20171009,34.46,34.54,34.26,34.3,170384
20171010,34.43,34.53,34.33,34.36,215378
20171011,34.38,34.41,34.31,34.36,170293
20171012,34.29,34.39,34.18,34.34,258056
20171013,34.41,34.48,34.29,34.29,277340
20171016,34.37,34.45,34.24,34.29,175223
20171017,34.28,34.34,34.16,34.22,209259
20171018,34.32,34.4,34.25,34.35,233894
20171019,34.18,34.31,34.08,34.29,232862
20171020,34.48,34.54,34.39,34.46,206845
20171023,34.55,34.55,34.26,34.28,226736
20171024,34.36,34.46,34.32,34.33,216481
20171025,34.27,34.27,33.92,34.16,203818
20171026,34.26,34.34,34.24,34.32,155218
20171027,34.3,34.46,34.16,34.46,204956
20171030,34.38,34.38,34.03,34.15,193162
20171031,34.24,34.42,34.23,34.36,330939
20171101,34.58,34.59,34.11,34.26,185510
20171102,34.25,34.4,34.19,34.3,298964
20171103,34.27,34.3,34.23,34.26,162416
20171106,34.27,34.41,34.26,34.37,191175
20171107,34.37,34.43,34.01,34.11,176409
20171108,34.08,34.25,33.92,34.22,194331
20171109,33.98,34.27,33.92,34.15,188892
20171110,34.1,34.24,34.1,34.15,218490
20171113,34.01,34.16,33.94,34.11,180048
20171114,33.99,34.08,33.97,34.05,296162
20171115,33.85,33.99,33.69,33.84,214557
20171116,34.01,34.39,34.01,34.33,181294
20171117,34.25,34.55,34.25,34.5,239351
20171120,34.55,34.69,34.48,34.67,186376
20171121,34.83,35.01,34.79,34.95,220872
20171122,34.99,35.09,34.93,34.93,226340
20171124,35.02,35.02,34.89,34.93,154389
20171127,34.97,35.02,34.85,34.86,228827
20171128,34.93,35.36,34.92,35.35,234384
20171129,35.43,35.64,35.43,35.55,208296
20171130,35.7,35.81,35.54,35.66,247489
20171201,35.66,35.66,34.76,35.55,285381
20171204,35.95,36.04,35.6,35.62,183595
20171205,35.67,35.67,35.31,35.31,179677
20171206,35.27,35.32,35.11,35.12,196487
20171207,35.13,35.4,35.06,35.3,144260
20171208,35.47,35.52,35.32,35.37,219634
20171211,35.4,35.44,35.31,35.34,175257
20171212,35.44,35.45,35.27,35.27,248224
20171213,35.29,35.52,35.29,35.33,161219
20171214,35.38,35.38,34.94,35,166464
20171215,35.15,35.62,35.1,35.43,264843
20171218,35.72,35.94,35.72,35.89,201699
20171219,35.96,35.96,35.62,35.64,234758
20171220,35.8,35.83,35.61,35.74,207300
20171221,35.82,35.96,35.79,35.88,190324
20171222,35.87,35.87,35.76,35.83,173084
20171226,35.79,35.94,35.79,35.88,225093
20171227,35.92,35.99,35.81,35.88,163828
20171228,35.91,36.01,35.84,36.01,182177
20171229,36.1,36.1,35.78,35.78,376181
20180102,35.97,36.1,35.92,36.1,288285
20180103,36.12,36.18,35.99,36.11,425557
20180104,36.27,36.29,36.12,36.21,250774
20180105,36.28,36.3,36.11,36.3,291253
20180108,36.29,36.47,36.11,36.45,316727
20180109,36.47,36.48,36.27,36.27,327955
20180110,36.21,36.31,36.05,36.21,282887
20180111,36.3,36.82,36.29,36.8,291897
20180112,36.87,37.03,36.85,36.96,251693
20180116,37.11,37.19,36.54,36.59,341356
20180117,36.73,36.99,36.68,36.88,390099
20180118,36.83,36.84,36.63,36.67,246352
20180119,36.67,37.11,36.67,37.11,269625
20180122,37.05,37.25,36.98,37.25,252751
20180123,37.24,37.37,37.09,37.32,302346
20180124,37.38,37.46,37.05,37.19,281243
20180125,37.33,37.38,37.04,37.2,282101
20180126,37.29,37.33,37.12,37.33,239444
20180129,37.21,37.31,36.99,36.99,255746
20180130,36.71,36.84,36.53,36.62,290017
20180131,36.77,36.9,36.39,36.51,252098
20180201,36.38,36.63,36.22,36.54,252007
20180202,36.32,36.32,35.73,35.77,278182
20180205,35.53,35.75,34.55,34.55,371776
20180206,33.88,34.96,33.64,34.82,501580
20180207,34.75,35.03,34.61,34.78,312660
20180208,34.84,34.84,33.8,33.8,258949
20180209,34.1,34.32,33.2,34.09,657001
20180212,34.18,34.63,33.91,34.45,311273
20180213,34.28,34.57,34.24,34.53,265066
20180214,34.32,35.18,34.24,35.16,235165
20180215,35.4,35.5,35.1,35.47,196136
20180216,35.44,35.79,35.44,35.58,243423
20180220,35.41,35.61,35.19,35.26,321351
20180221,35.34,35.76,35.25,35.26,238774
20180222,35.35,35.59,35.19,35.22,204850
20180223,35.44,35.66,35.32,35.66,161943
20180226,35.78,35.87,35.54,35.84,184879
20180227,35.88,36.02,35.3,35.31,208351
20180228,35.4,35.42,34.86,34.86,192287
20180301,34.79,35.1,34.47,34.66,216027
20180302,34.38,35.06,34.32,35.02,431080
20180305,34.9,35.41,34.85,35.33,184546
20180306,35.47,35.7,35.22,35.66,184658
20180307,35.45,35.9,35.45,35.82,236044
20180308,35.9,35.96,35.63,35.8,152918
20180309,36,36.36,35.92,36.34,149436
20180312,36.4,36.51,36.33,36.41,174409
20180313,36.57,36.62,36.2,36.27,188003
20180314,36.39,36.39,36,36.04,158507
20180315,36.11,36.11,35.79,35.87,195546
20180316,35.9,36.23,35.9,36.15,190337
20180319,36.01,36.01,35.49,35.85,185922
20180320,35.91,35.94,35.73,35.79,218261
20180321,35.8,36.15,35.78,35.96,226930
20180322,35.65,35.84,35.17,35.17,184069
20180323,35.24,35.25,34.49,34.53,216221
20180326,34.98,35.25,34.66,35.24,310766
20180327,35.32,35.32,34.62,34.72,189203
20180328,34.78,35.02,34.7,34.84,194831
20180329,35.01,35.41,35.01,35.21,160710
20180402,35.13,35.22,34.19,34.44,298472
20180403,34.61,35.01,34.51,34.92,315676
20180404,34.49,35.36,34.49,35.32,221048
20180405,35.48,35.68,35.41,35.65,180377
20180406,35.42,35.66,34.77,35.02,217853
20180409,35.23,35.4,34.95,34.96,376620
20180410,35.35,35.63,35.27,35.54,373944
20180411,35.41,35.66,35.4,35.52,170897
20180412,35.7,35.83,35.6,35.73,183861
20180413,35.86,35.89,35.54,35.6,212476
20180416,35.77,36.09,35.67,35.99,272263
20180417,36.17,36.41,36.1,36.33,256261
20180418,36.4,36.65,36.36,36.46,420365
20180419,36.34,36.4,36.04,36.18,191993
20180420,36.08,36.17,35.84,35.91,192859
20180423,35.95,36.1,35.77,35.9,181440
20180424,36.04,36.17,35.5,35.75,227953
20180425,35.69,35.88,35.48,35.74,860719
20180426,35.83,35.99,35.7,35.91,198616
20180427,35.9,36,35.75,35.92,152309
20180430,35.95,36.06,35.6,35.61,215278
20180501,35.53,35.7,35.17,35.68,217121
20180502,35.62,35.95,35.57,35.69,275541
20180503,35.59,35.69,35.23,35.55,175118
20180504,35.46,36.17,35.38,35.97,149255
20180507,36.13,36.4,36.13,36.26,163285
20180508,36.22,36.44,36.22,36.44,197584
20180509,36.54,36.75,36.43,36.71,151023
20180510,36.76,36.94,36.69,36.86,155535
20180511,36.91,37,36.81,36.94,216853
20180514,36.98,37.05,36.79,36.82,202575
20180515,36.69,36.83,36.6,36.75,203155
20180516,36.81,37.22,36.81,37.06,354306
20180517,37.13,37.35,36.97,37.25,172143
20180518,37.28,37.3,37.19,37.25,152808
20180521,37.36,37.61,37.36,37.59,187244
20180522,37.69,37.71,37.28,37.32,239587
20180523,37.2,37.34,37.15,37.32,222701
20180524,37.3,37.41,37.1,37.37,247663
20180525,37.25,37.35,37.18,37.29,158841
20180529,37.08,37.31,36.95,37.18,495775
20180530,37.35,37.8,37.29,37.74,192021
20180531,37.7,37.75,37.27,37.33,696672
20180601,37.55,37.69,37.52,37.61,276172
20180604,37.68,37.82,37.62,37.82,580973
20180605,37.84,38.08,37.82,38.06,264065
20180606,38.06,38.32,38.06,38.32,243002
20180607,38.36,38.48,38.2,38.34,237593
20180608,38.33,38.47,38.28,38.47,182414
20180611,38.47,38.61,38.47,38.58,163856
20180612,38.58,38.74,38.5,38.65,195377
20180613,38.69,38.69,38.38,38.43,263468
20180614,38.5,38.57,38.32,38.52,172304
20180615,38.33,38.58,38.25,38.51,161561
20180618,38.35,38.68,38.34,38.68,140570
20180619,38.44,38.68,38.25,38.67,228687
20180620,38.82,38.95,38.67,38.91,200147
20180621,38.88,38.9,38.57,38.61,154900
20180622,38.8,38.87,38.62,38.67,153548
20180625,38.53,38.54,37.91,38.09,204014
20180626,38.13,38.36,38.03,38.26,192481
20180627,38.32,38.48,37.8,37.82,223443
20180628,37.78,37.95,37.57,37.9,214291
20180629,38,38.17,37.84,37.84,200200
20180702,37.64,37.92,37.5,37.92,218089
20180703,38.08,38.26,38.05,38.05,253677
20180705,38.25,38.44,38.04,38.44,150938
20180706,38.42,38.77,38.38,38.69,187277
20180709,38.87,38.97,38.83,38.95,161300
20180710,39.01,39.07,38.69,38.86,236085
20180711,38.54,38.84,38.49,38.5,168736
20180712,38.64,38.69,38.34,38.56,124288
20180713,38.58,38.79,38.58,38.61,138175
20180716,38.62,38.68,38.22,38.35,138679
20180717,38.31,38.55,38.31,38.52,187094
20180718,38.45,38.61,38.35,38.61,149230
20180719,38.53,38.85,38.43,38.81,185863
20180720,38.72,38.79,38.6,38.61,143262
20180723,38.6,38.68,38.44,38.61,1124329
20180724,38.76,38.82,38.21,38.34,216037
20180725,38.32,38.43,38.14,38.42,289801
20180726,38.49,38.8,38.47,38.7,171045
20180727,38.76,38.83,38.12,38.18,200325
20180730,38.22,38.42,38.11,38.11,271653
20180731,38.2,38.59,38.15,38.47,219277
20180801,38.44,38.45,38.07,38.3,180922
20180802,38.12,38.54,38.08,38.5,189940
20180803,38.53,38.66,38.36,38.5,152450
20180806,38.54,38.74,38.5,38.73,241688
20180807,38.84,38.95,38.81,38.81,235206
20180808,38.74,38.8,38.57,38.79,214750
20180809,38.76,38.92,38.73,38.74,266623
20180810,38.54,38.78,38.46,38.59,223351
20180813,38.57,38.62,38.2,38.33,167699
20180814,38.44,38.8,38.42,38.75,183604
20180815,38.64,38.64,38.05,38.25,170239
20180816,38.43,38.71,38.43,38.56,183065
20180817,38.49,38.8,38.45,38.78,251664
20180820,38.83,39.04,38.78,38.98,339689
20180821,39.04,39.44,39.04,39.35,186825
20180822,39.32,39.44,39.29,39.4,195995
20180823,39.36,39.41,39.19,39.26,177528
20180824,39.33,39.43,39.29,39.41,142854
20180827,39.5,39.67,39.42,39.47,187252
20180828,39.53,39.57,39.33,39.46,196231
20180829,39.5,39.64,39.32,39.56,175076
20180830,39.5,39.6,39.34,39.39,167245
20180831,39.35,39.59,39.32,39.55,199291
20180904,39.49,39.51,39.16,39.35,195553
20180905,39.32,39.32,39.02,39.25,171956
20180906,39.31,39.41,39.02,39.03,161097
20180907,38.93,39.06,38.78,38.88,149308
20180910,39.08,39.13,38.94,39,164932
20180911,38.92,39.11,38.8,39.02,239475
20180912,39,39.09,38.76,39.03,189211
20180913,39.15,39.16,38.98,39.04,174216
20180914,39.06,39.25,39,39.17,138428
20180917,39.2,39.21,38.91,38.91,151617
20180918,38.96,39.16,38.88,39.07,278630
20180919,39.05,39.22,38.86,38.89,141111
20180920,39.07,39.25,39,39.23,146845
20180921,39.31,39.44,39.17,39.17,247663
20180924,39.14,39.21,38.78,38.93,193109
20180925,39.01,39.03,38.93,38.96,240958
20180926,38.97,39.03,38.62,38.65,254480
20180927,38.71,38.85,38.61,38.71,216132
20180928,38.55,38.87,38.55,38.77,208929
20181001,38.92,38.94,38.33,38.41,272749
20181002,38.38,38.52,38.09,38.14,339096
20181003,38.25,38.52,38.16,38.36,278173
20181004,38.25,38.28,37.82,37.93,267886
20181005,37.92,37.96,37.4,37.64,286549
20181008,37.59,37.76,37.43,37.68,356578
20181009,37.63,37.79,37.5,37.52,136368
20181010,37.47,37.47,36.52,36.56,193943
20181011,36.4,36.6,35.84,35.84,646408
20181012,36.3,36.3,35.53,35.89,187905
20181015,35.81,36.28,35.74,36.05,414052
20181016,36.23,36.89,36,36.87,258783
20181017,36.81,36.81,36.36,36.7,729518
20181018,36.57,36.62,35.95,36.05,206779
20181019,36.15,36.33,35.68,35.81,217515
20181022,35.87,36,35.65,35.72,253635
20181023,35.22,35.62,34.8,35.38,1280242
20181024,35.37,35.46,34.27,34.3,175367
20181025,34.49,35.09,34.44,34.92,583496
20181026,34.52,34.96,34.02,34.55,405797
20181029,35.01,35.22,34.04,34.41,644456
20181030,34.4,35.15,34.4,35.14,338049
20181031,35.45,35.53,35.14,35.16,273667
20181101,35.32,35.84,35.28,35.79,196590
20181102,35.95,36.11,35.61,35.9,227053
20181105,35.94,36.14,35.8,36.04,310234
20181106,36.01,36.24,36.01,36.2,188190
20181107,36.35,36.69,36.12,36.67,183460
20181108,36.53,36.76,36.42,36.53,301478
20181109,36.34,36.41,35.87,36.15,228238
20181112,36.07,36.15,35.47,35.52,453582
20181113,35.62,35.92,35.42,35.47,236125
20181114,35.75,35.87,35.09,35.29,194381
20181115,35.05,35.66,34.92,35.59,137585
20181116,35.41,35.72,35.35,35.64,192634
20181119,35.55,35.65,35.01,35.1,254635
20181120,34.7,34.86,34.36,34.43,1131234
20181121,34.52,35.12,34.52,34.8,318069
20181123,34.54,34.96,34.54,34.68,397533
20181126,34.99,35.18,34.87,35.07,381464
20181127,34.9,35.02,34.74,34.86,184569
20181128,34.99,35.59,34.63,35.57,216412
20181129,35.43,35.67,35.24,35.47,215518
20181130,35.36,35.67,35.28,35.66,148711
20181203,36.12,36.24,35.54,35.94,196286
20181204,35.91,35.91,34.5,34.57,330397
20181206,34.07,34.45,33.58,34.45,1680273
20181207,34.49,34.66,33.65,33.82,254221
20181210,33.79,33.86,33.12,33.55,2766299
20181211,33.98,34.16,33.34,33.5,253526
20181212,33.88,34.16,33.73,33.75,383340
20181213,33.79,33.86,33.3,33.37,733638
20181214,33.07,33.4,32.76,32.86,1164936
20181217,32.76,33.01,32.02,32.16,2147222
20181218,32.38,32.64,32.1,32.2,2862668
20181219,32.17,32.56,31.44,31.58,657937
20181220,31.45,31.69,30.75,31.07,1619691
20181221,31.21,31.46,30.39,30.47,2717923
20181224,30.27,30.34,29.72,29.72,1393558
20181226,29.85,31.07,29.67,31.06,1053431
20181227,30.58,31.2,30.17,31.2,873177
20181228,31.21,31.66,31.04,31.25,591528
20181231,31.42,31.48,30.98,31.45,938403
20190102,31.02,31.68,30.94,31.6,276279
20190103,31.42,31.69,31.01,31.19,452747
20190104,31.57,32.31,31.57,32.23,198761
20190107,32.21,32.89,32.14,32.66,520105
20190108,32.93,33.2,32.73,33.17,355487
20190109,33.3,33.61,33.24,33.54,387899
20190110,33.32,33.68,33.2,33.66,338788
20190111,33.49,33.75,33.44,33.73,267738
20190114,33.48,33.7,33.46,33.52,369936
20190115,33.51,33.67,33.43,33.65,260939
20190116,33.66,34.01,33.66,33.9,300133
20190117,33.81,34.33,33.81,34.22,294511
20190118,34.38,34.71,34.32,34.59,365173
20190122,34.41,34.43,33.9,34.04,289597
20190123,34.18,34.29,33.77,34.02,1045211
20190124,33.97,34.31,33.97,34.23,266275
20190125,34.45,34.7,34.45,34.65,213611
20190128,34.34,34.57,34.26,34.54,234711
20190129,34.56,34.62,34.43,34.53,435375
20190130,34.63,34.92,34.36,34.8,248026
20190131,34.77,35.04,34.71,35.01,281283
20190201,35.04,35.12,34.9,35.05,199597
20190204,35.05,35.35,34.92,35.35,229165
20190205,35.36,35.53,35.28,35.5,401820
20190206,35.45,35.5,35.31,35.4,307461
20190207,35.22,35.31,34.87,35.15,297516
20190208,35.01,35.19,34.89,35.16,251267
20190211,35.25,35.41,35.14,35.41,218007
20190212,35.58,35.85,35.55,35.84,331357
20190213,35.9,36.05,35.81,35.99,204084
20190214,35.79,36.13,35.74,36.01,230742
20190215,36.2,36.49,36.2,36.46,268243
20190219,36.32,36.69,36.29,36.61,724963
20190220,36.6,36.87,36.59,36.82,334465
20190221,36.72,36.75,36.53,36.67,204970
20190222,36.78,36.95,36.78,36.92,214899
20190225,37.1,37.14,36.85,36.87,216174
20190226,36.79,36.87,36.6,36.6,228888
20190227,36.5,36.65,36.41,36.6,183282
20190228,36.6,36.65,36.4,36.5,207690
20190301,36.73,36.83,36.45,36.74,180118
20190304,36.8,36.82,36.25,36.51,246234
20190305,36.49,36.54,36.31,36.31,230510
20190306,36.29,36.29,35.78,35.79,252570
20190307,35.75,35.75,35.4,35.44,284228
20190308,35.24,35.37,35.19,35.35,240019
20190311,35.48,35.85,35.4,35.85,178858
20190312,35.88,35.97,35.75,35.84,215519
20190313,35.96,36.18,35.96,36.01,178903
20190314,36,36.01,35.84,35.88,153781
20190315,35.91,36.14,35.84,35.92,189648
20190318,35.94,36.2,35.87,36.15,247248
20190319,36.27,36.27,35.84,35.91,189314
20190320,35.9,36.05,35.46,35.64,209785
20190321,35.5,36.19,35.5,36.02,232986
20190322,35.84,35.88,34.97,34.97,221873
20190325,34.93,35.28,34.74,35.06,338274
20190326,35.29,35.59,35.19,35.42,321795
20190327,35.4,35.53,35.07,35.4,198185
20190328,35.48,35.72,35.34,35.69,176665
20190329,35.92,35.97,35.64,35.73,243778
20190401,36.01,36.26,35.97,36.26,201121
20190402,36.27,36.27,35.96,36.1,236969
20190403,36.36,36.49,36.16,36.26,216950
20190404,36.26,36.54,36.26,36.51,229812
20190405,36.61,36.88,36.61,36.87,193012
20190408,36.77,36.84,36.65,36.82,211686
20190409,36.67,36.68,36.37,36.39,255650
20190410,36.42,36.86,36.42,36.81,266868
20190411,36.86,36.93,36.77,36.86,176571
20190412,37.08,37.15,36.94,37.08,253242
20190415,37.13,37.18,36.92,37,235400
20190416,37.12,37.15,36.96,37.11,290403
20190417,37.23,37.23,36.82,36.92,226353
20190418,36.89,36.99,36.73,36.87,229049
20190422,36.81,36.81,36.5,36.64,240334
20190423,36.68,37.18,36.68,37.11,265894
20190424,37.16,37.32,37.11,37.22,245493
20190425,37.07,37.07,36.6,36.79,259586
20190426,36.81,37.16,36.71,37.16,266283
20190429,37.19,37.34,37.12,37.2,7611126
20190430,37.23,37.25,36.83,37.12,241223
20190501,37.19,37.2,36.75,36.75,262474
20190502,36.68,36.95,36.47,36.81,183422
20190503,36.93,37.44,36.93,37.43,198796
20190506,36.81,37.48,36.81,37.39,226849
20190507,37.04,37.17,36.44,36.7,248330
20190508,36.65,36.81,36.46,36.47,1059798
20190509,36.21,36.49,35.92,36.44,352225
20190510,36.29,36.62,35.92,36.54,179218
20190513,35.94,35.98,35.38,35.49,440526
20190514,35.57,35.98,35.5,35.84,881968
20190515,35.65,35.99,35.54,35.94,260667
20190516,36,36.33,36,36.1,283676
20190517,35.82,36.1,35.63,35.63,226301
20190520,35.44,35.57,35.3,35.39,360568
20190521,35.53,35.86,35.53,35.8,225788
20190522,35.66,35.73,35.41,35.5,284745
20190523,35.2,35.2,34.69,34.85,575953
20190524,35.05,35.17,34.9,35.05,206853
20190528,35.09,35.22,34.75,34.76,265732
20190529,34.52,34.55,34.26,34.46,600673
20190530,34.57,34.78,34.24,34.4,239743
20190531,34,34.13,33.87,34,971790
20190603,34.03,34.4,34,34.23,355501
20190604,34.55,35.15,34.55,35.14,248288
20190605,35.23,35.24,34.81,35.13,270525
20190606,35.13,35.24,34.82,35.13,225710
20190607,35.25,35.49,35.18,35.32,212213
20190610,35.46,35.73,35.44,35.53,239847
20190611,35.77,35.89,35.42,35.52,207008
20190612,35.5,35.54,35.35,35.46,232570
20190613,35.6,35.81,35.54,35.77,186989
20190614,35.76,35.76,35.51,35.53,178025
20190617,35.57,35.65,35.47,35.51,225665
20190618,35.71,36.14,35.71,35.89,210543
20190619,35.91,35.98,35.8,35.97,244257
20190620,36.23,36.27,35.96,36.14,649163
20190621,36.09,36.1,35.84,35.87,233244
20190624,35.9,35.93,35.53,35.53,188858
20190625,35.58,35.61,35.36,35.36,208080
20190626,35.48,35.56,35.36,35.36,259271
20190627,35.47,35.91,35.47,35.91,177549
20190628,35.97,36.38,35.97,36.34,186844
20190701,36.72,36.87,36.29,36.47,306098
20190702,36.46,36.46,36.18,36.33,254965
20190703,36.42,36.61,36.39,36.59,161193
20190705,36.41,36.73,36.25,36.72,214891
20190708,36.59,36.69,36.37,36.42,208439
20190709,36.25,36.35,36.17,36.35,237647
20190710,36.49,36.59,36.29,36.41,177740
20190711,36.47,36.48,36.13,36.27,172347
20190712,36.34,36.73,36.34,36.66,171742
20190715,36.73,36.73,36.38,36.48,247016
20190716,36.44,36.72,36.38,36.57,219598
20190717,36.52,36.52,36.2,36.25,215300
20190718,36.17,36.38,36.1,36.3,206602
20190719,36.34,36.53,36.24,36.24,232002
20190722,36.28,36.39,36.13,36.14,160002
20190723,36.26,36.53,36.24,36.51,197351
20190724,36.43,37.08,36.43,37.07,207467
20190725,36.99,37.02,36.61,36.68,226490
20190726,36.73,37.05,36.73,36.99,170226
20190729,36.98,37.07,36.75,36.8,198709
20190730,36.54,37.11,36.49,37.11,310653
20190731,37.08,37.32,36.64,36.82,293455
20190801,36.8,37.03,36.13,36.2,189142
20190802,36.03,36.05,35.61,35.85,305514
20190805,35.24,35.25,34.48,34.82,697185
20190806,35.01,35.2,34.78,35.15,415024
20190807,34.78,35.22,34.53,35.13,438370
20190808,35.33,35.93,35.33,35.93,294923
20190809,35.82,35.82,35.38,35.48,198653
20190812,35.32,35.32,34.93,35.01,195187
20190813,34.88,35.71,34.88,35.31,205172
20190814,34.72,34.77,34.23,34.32,474227
20190815,34.33,34.39,34.01,34.17,488213
20190816,34.36,34.9,34.36,34.88,156276
20190819,35.24,35.38,35.22,35.22,208806
20190820,35.15,35.15,34.97,34.97,167799
20190821,35.23,35.25,35.11,35.17,191743
20190822,35.27,35.38,35.03,35.18,185494
20190823,35.01,35.14,34.12,34.2,219807
20190826,34.47,34.48,34.29,34.45,294808
20190827,34.67,34.7,34.08,34.12,206776
20190828,34.03,34.6,33.99,34.48,428428
20190829,34.81,35.15,34.81,35.09,175816
20190830,35.24,35.28,35,35.14,202599
20190903,34.83,34.89,34.55,34.71,244582
20190904,34.98,35.12,34.95,35.1,277736
20190905,35.5,35.96,35.43,35.73,221089
20190906,35.75,35.91,35.71,35.74,217612
20190909,35.82,36.27,35.8,36.26,178116
20190910,36.2,36.65,36.12,36.65,310912
20190911,36.72,37.29,36.57,37.29,189050
20190912,37.33,37.43,37.01,37.31,329553
20190913,37.5,37.69,37.36,37.39,440148
20190916,37.33,37.6,37.25,37.47,223276
20190917,37.3,37.31,37.14,37.31,253585
20190918,37.26,37.27,36.78,37.08,180572
20190919,37.14,37.33,36.91,36.96,209144
20190920,36.94,37.11,36.75,36.8,152434
20190923,36.61,37.03,36.61,36.89,192812
20190924,36.92,37.01,36.4,36.49,187860
20190925,36.46,36.99,36.46,36.9,255868
20190926,36.87,36.88,36.52,36.65,213825
20190927,36.76,36.85,36.31,36.45,153538
20190930,36.46,36.7,36.44,36.53,206530
20191001,36.64,36.9,35.79,35.87,228190
20191002,35.61,35.61,35.19,35.44,347298
20191003,35.34,35.58,34.94,35.56,356299
20191004,35.61,35.9,35.49,35.89,169873
20191007,35.75,36.06,35.66,35.82,181314
20191008,35.48,35.48,35.16,35.2,401402
20191009,35.41,35.53,35.31,35.37,182903
20191010,35.41,35.71,35.41,35.52,147007
20191011,35.95,36.51,35.92,36.18,194069
20191014,36.02,36.07,35.89,36.02,161548
20191015,36.08,36.46,35.99,36.34,140846
20191016,36.25,36.5,36.25,36.38,221502
20191017,36.52,36.75,36.47,36.72,166273
20191018,36.57,36.72,36.41,36.64,146193
20191021,36.94,37.14,36.93,36.96,183062
20191022,37.01,37.24,36.86,37.03,189784
20191023,37.08,37.14,36.92,37.12,156995
20191024,37.22,37.28,36.85,37.06,157697
20191025,36.96,37.36,36.96,37.28,150623
20191028,37.37,37.63,37.37,37.5,183697
20191029,37.38,37.72,37.38,37.64,232875
20191030,37.6,37.6,37.23,37.44,249766
20191031,37.35,37.39,36.94,37.16,229701
20191101,37.32,37.75,37.32,37.75,192646
20191104,37.95,38.13,37.92,38.12,184172
20191105,38.14,38.45,38.12,38.12,208411
20191106,38.1,38.1,37.9,37.98,272264
20191107,38.23,38.43,38.04,38.09,184047
20191108,38.05,38.16,37.98,38.15,183236
20191111,37.89,38.1,37.89,38.05,171122
20191112,38.05,38.21,37.94,37.98,137893
20191113,37.76,37.92,37.71,37.85,199642
20191114,37.76,37.99,37.76,37.91,179688
20191115,38.09,38.11,37.92,38.05,200162
20191118,37.97,37.99,37.86,37.91,197871
20191119,37.98,38.02,37.79,37.92,206798
20191120,37.8,37.96,37.51,37.71,207207
20191121,37.74,37.74,37.41,37.47,175670
20191122,37.59,37.65,37.47,37.6,174154
20191125,37.71,38.26,37.71,38.24,233796
20191126,38.21,38.36,38.12,38.26,200358
20191127,38.32,38.46,38.32,38.43,255181
20191129,38.35,38.37,38.14,38.14,130246
20191202,38.21,38.21,37.81,37.81,216796
20191203,37.48,37.61,37.29,37.6,225642
20191204,37.7,38.03,37.7,37.84,148880
20191205,37.93,38,37.86,37.94,216188
20191206,38.21,38.53,38.21,38.41,158048
20191209,38.36,38.4,38.29,38.29,163120
20191210,38.25,38.33,38.15,38.24,287670
20191211,38.25,38.34,38.13,38.31,189449
20191212,38.29,38.78,38.29,38.69,192362
20191213,38.59,38.8,38.34,38.45,182348
20191216,38.67,38.92,38.67,38.68,301774
20191217,38.73,38.84,38.69,38.82,193931
20191218,38.88,39,38.78,38.96,377202
20191219,38.96,39.08,38.92,39.05,212565
20191220,39.14,39.28,39.14,39.17,213365
20191223,39.25,39.25,39.06,39.14,206101
20191224,39.16,39.22,39.11,39.2,193223
20191226,39.22,39.27,39.12,39.2,150995
20191227,39.28,39.28,39.02,39.08,181826
20191230,39.1,39.23,38.93,39.04,209324
20191231,38.92,39.26,38.92,39.15,192638
20200102,39.35,39.36,38.86,39.16,253549
20200103,38.69,39.08,38.69,39.05,268802
20200106,38.75,39.11,38.69,39.05,305516
20200107,38.94,39.02,38.82,38.89,214173
20200108,38.86,39.04,38.82,38.88,195020
20200109,39,39,38.82,38.87,214677
20200110,38.87,38.88,38.58,38.69,242023
20200113,38.7,38.99,38.66,38.99,252482
20200114,38.88,39.26,38.84,39.07,272441
20200115,38.99,39.33,38.99,39.19,210595
20200116,39.42,39.66,39.41,39.62,216992
20200117,39.71,39.73,39.51,39.57,192299
20200121,39.38,39.41,39.19,39.24,263797
20200122,39.3,39.4,39.13,39.18,390709
20200123,39.05,39.29,38.76,39.2,235461
20200124,39.26,39.27,38.49,38.72,211283
20200127,38.04,38.38,38.01,38.17,461231
20200128,38.37,38.59,38.33,38.49,262179
20200129,38.55,38.64,38.29,38.3,244388
20200130,38,38.3,37.87,38.3,233110
20200131,38.1,38.13,37.43,37.48,412166
20200203,37.66,38.01,37.65,37.79,213745
20200204,38.21,38.44,38.21,38.26,277043
20200205,38.6,38.92,38.58,38.87,296144
20200206,39.05,39.05,38.75,38.76,248715
20200207,38.58,38.58,38.19,38.24,208088
20200210,38.18,38.4,38.18,38.4,223058
20200211,38.57,38.91,38.56,38.74,212794
20200212,38.96,39.05,38.91,39.03,255253
20200213,38.83,39.15,38.83,39.1,183128
20200214,39.13,39.19,38.87,39,214033
20200218,38.87,38.95,38.63,38.87,240841
20200219,38.92,39.09,38.88,38.95,293087
20200220,38.85,39.27,38.8,39.19,339469
20200221,39.05,39.05,38.69,38.8,214160
20200224,37.64,37.82,37.46,37.63,491496
20200225,37.74,37.74,36.16,36.19,628262
20200226,36.35,36.59,35.58,35.59,1149057
20200227,34.82,35.52,34.26,34.26,2112107
20200228,33.17,33.93,32.98,33.79,2224754
20200302,33.92,34.69,33.38,34.68,1096798
20200303,34.72,35.28,33.6,33.93,523861
20200304,34.44,34.92,34.07,34.9,397603
20200305,34.07,34.23,33.21,33.59,508380
20200306,32.49,33.24,32.18,32.91,2066551
20200309,30.25,31.3,29.57,29.69,6427915
20200310,30.72,30.72,29.23,30.69,869010
20200311,29.83,30.01,28.42,28.72,3413968
20200312,26.66,27.17,24.97,25.48,7092050
20200313,26.97,27.57,25.55,27.56,1103987
20200316,24.34,25.64,23.61,23.73,3607437
20200317,24.2,25.1,23.33,24.68,2188734
20200318,23.22,24.02,21.43,22.28,885725
20200319,21.98,23.8,21.43,23.36,1635384
20200320,23.65,24.22,22.37,22.53,874338
20200323,22.42,22.53,21.19,21.8,2955642
20200324,22.86,24.04,22.86,23.9,1008825
20200325,24.06,25.59,23.6,24.67,668200
20200326,24.87,26.14,24.81,26.01,622951
20200327,24.97,25.63,24.65,25,944099
20200330,25,25.43,24.49,25.39,3156807
20200331,25.22,25.64,24.81,25.17,581400
20200401,24.07,24.31,23.38,23.62,801912
20200402,23.39,24.38,23.2,23.8,688714
20200403,23.63,23.85,22.71,23.08,604817
20200406,24.02,25.08,24.02,24.98,815599
20200407,25.86,26.53,25.15,25.34,516245
20200408,25.58,26.66,25.41,26.51,447711
20200409,27.16,27.98,27.14,27.66,830408
20200413,27.43,27.53,26.49,26.84,4896582
20200414,27.43,27.75,26.99,27.32,597307
20200415,26.27,26.48,25.88,26.1,614902
20200416,26.13,26.2,25.38,25.81,2196713
20200417,26.61,27.13,26.6,26.92,1101098
20200420,26.41,26.88,26.18,26.4,1765895
20200421,25.59,26.01,25.53,25.72,647855
20200422,26.18,26.23,25.9,25.99,308671
20200423,26.1,26.77,26.1,26.34,3264023
20200424,26.56,26.81,26.15,26.65,686534
20200427,26.86,28.07,26.85,27.89,685338
20200428,28.5,28.89,28.1,28.49,354709
20200429,29.29,30.11,29.17,29.93,473459
20200430,29.36,29.36,28.84,28.93,297092
20200501,28.25,28.29,27.44,27.73,399263
20200504,27.35,27.79,27.05,27.65,406614
20200505,28.13,28.57,27.69,27.72,310213
20200506,27.86,28.03,27.32,27.33,313586
20200507,27.64,28.03,27.61,27.75,392180
20200508,28.25,28.91,28.15,28.91,258678
20200511,28.5,28.71,28.11,28.46,338114
20200512,28.53,28.57,27.37,27.39,623950
20200513,27.09,27.09,25.99,26.32,903168
20200514,25.76,26.54,25.15,26.53,3295466
20200515,26.28,26.89,26.22,26.75,303171
20200518,27.9,28.78,27.89,28.66,494085
20200519,28.55,28.86,28.21,28.21,274118
20200520,28.67,29.1,28.67,28.98,224157
20200521,28.95,29.22,28.77,29.05,315393
20200522,29.08,29.18,28.77,29.17,451254
20200526,30.17,30.54,30.13,30.35,452079
20200527,30.96,31.44,30.39,31.42,426636
20200528,31.69,31.69,30.59,30.7,696762
20200529,30.39,30.6,30.01,30.44,267700
20200601,30.51,31.1,30.49,30.79,334723
20200602,31,31.32,30.92,31.22,498708
20200603,31.63,32.43,31.63,32.24,684079
20200604,32.02,32.6,32.02,32.54,240414
20200605,33.93,34.38,33.78,33.91,817943
20200608,34.54,35.01,34.44,35.01,992830
20200609,34.41,34.41,33.73,34.02,357408
20200610,33.91,33.91,32.72,32.79,293103
20200611,31.26,31.43,30.12,30.14,699179
20200612,31.27,31.58,30.07,30.88,465445
20200615,29.83,31.6,29.8,31.4,352754
20200616,32.67,32.87,31.62,32.13,553713
20200617,32.19,32.19,31.52,31.55,195858
20200618,31.21,31.72,31.19,31.37,5296246
20200619,31.87,31.87,30.82,31.05,263331
20200622,30.87,31.16,30.49,31.1,2153836
20200623,31.49,31.55,31.06,31.21,5198840
20200624,30.8,30.84,29.63,30.02,6063979
20200625,29.81,30.37,29.62,30.37,4516094
20200626,30.15,30.18,29.53,29.65,211862
20200629,29.99,30.77,29.77,30.63,205499
20200630,30.55,31.11,30.5,31.08,324601
20200701,31.1,31.4,30.62,30.7,198966
20200702,31.31,31.55,30.76,30.83,191940
20200706,31.47,31.59,30.98,31.17,279799
20200707,30.87,30.96,30.45,30.5,337572
20200708,30.5,30.8,30.15,30.64,163178
20200709,30.63,30.67,29.64,29.93,241714
20200710,29.92,30.58,29.92,30.58,232982
20200713,30.87,31.17,30.3,30.3,229419
20200714,30.25,30.81,30.06,30.81,244078
20200715,31.42,32.05,31.42,31.95,259109
20200716,31.7,31.99,31.54,31.8,194376
20200717,31.91,32.09,31.67,31.8,194252
20200720,31.7,31.77,31.36,31.47,207294
20200721,31.8,32.26,31.65,32.09,242724
20200722,31.9,32.31,31.9,32.22,174738
20200723,32.17,32.62,32.1,32.37,214901
20200724,32.19,32.33,31.96,32,227022
20200727,32.04,32.28,31.86,32.27,156441
20200728,32.14,32.37,32.06,32.08,157773
20200729,32.26,32.96,32.26,32.93,194587
20200730,32.39,32.65,32.09,32.6,240753
20200731,32.5,32.56,31.84,32.34,223101
20200803,32.52,32.75,32.31,32.67,189971
20200804,32.59,32.97,32.59,32.93,198266
20200805,33.28,33.54,33.19,33.54,151851
20200806,33.49,33.66,33.38,33.5,248139
20200807,33.37,34.09,33.35,34.09,166395
20200810,34.11,34.69,34.11,34.52,258507
20200811,34.83,35.15,34.43,34.56,264851
20200812,34.9,35.04,34.5,34.74,223882
20200813,34.52,34.81,34.42,34.51,178159
20200814,34.31,34.79,34.22,34.62,191257
20200817,34.68,34.68,34.37,34.55,216601
20200818,34.56,34.56,34.13,34.19,241300
20200819,34.22,34.38,34.02,34.09,148709
20200820,33.72,33.99,33.72,33.84,146645
20200821,33.69,33.8,33.47,33.63,218870
20200824,33.81,34.29,33.72,34.29,220893
20200825,34.39,34.47,33.96,34.24,133396
20200826,34.21,34.24,33.96,34.01,197606
20200827,34.06,34.5,34.06,34.26,234473
20200828,34.41,34.55,34.25,34.55,181875
20200831,34.47,34.51,34.07,34.1,134286
20200901,34.01,34.44,33.82,34.44,219948
20200902,34.59,34.91,34.33,34.79,637454
20200903,34.66,34.88,33.77,33.95,262659
20200904,34.26,34.41,33.27,33.93,225980
20200908,33.51,33.58,33.03,33.06,275141
20200909,33.37,33.54,33.09,33.41,205234
20200910,33.54,33.72,32.99,33.01,257970
20200911,33.12,33.14,32.68,32.87,159103
20200914,33.16,33.6,33.07,33.58,211705
20200915,33.78,33.92,33.6,33.66,193187
20200916,33.78,34.35,33.69,33.95,207839
20200917,33.35,33.91,33.31,33.76,248311
20200918,33.81,33.97,33.2,33.49,133648
20200921,32.77,32.77,31.97,32.31,375521
20200922,32.4,32.53,32.17,32.51,207795
20200923,32.48,32.81,31.56,31.56,178009
20200924,31.49,32.1,31.15,31.59,364768
20200925,31.4,32.03,31.4,31.92,190554
20200928,32.34,32.89,32.34,32.75,233260
20200929,32.72,32.72,32.12,32.41,185899
20200930,32.49,32.97,32.28,32.51,156948
20201001,32.64,32.96,32.46,32.96,191313
20201002,32.31,33.48,32.29,33.4,238434
20201005,33.64,34.09,33.64,34.09,153605
20201006,34.26,34.84,33.86,33.91,138985
20201007,34.23,34.62,34.23,34.54,133499
20201008,34.85,35.08,34.74,35.08,156993
20201009,35.32,35.39,35,35.11,183857
20201012,35.2,35.43,35.08,35.35,124273
20201013,35.12,35.14,34.84,34.92,169066
20201014,34.95,35.23,34.75,34.77,130489
20201015,34.32,35.18,34.32,35.11,144944
20201016,35.17,35.25,34.96,34.96,136206
20201019,35.01,35.27,34.48,34.53,170032
20201020,34.74,35.13,34.72,34.8,188290
20201021,34.81,35,34.64,34.64,659593
20201022,34.76,35.28,34.66,35.27,159691
20201023,35.41,35.53,35.16,35.49,200396
20201026,35,35.06,34.24,34.67,118891
20201027,34.63,34.64,34.1,34.1,646147
20201028,33.43,33.53,33.09,33.09,319460
20201029,33.04,33.67,32.8,33.57,223041
20201030,33.29,33.53,32.95,33.25,177202
20201102,33.54,33.99,33.49,33.99,288988
20201103,34.48,34.99,34.48,34.9,193007
20201104,34.54,34.94,34.04,34.42,157812
20201105,34.68,35.56,34.68,35.47,150150
20201106,35.45,35.56,35.13,35.16,130788
20201109,37.25,38.23,36.94,37,309137
20201110,37.04,37.76,37.04,37.67,216111
20201111,37.81,37.81,37.14,37.43,190944
20201112,37.07,37.14,36.42,36.67,140710
20201113,37,37.78,37,37.7,163015
20201116,38.24,38.81,38.24,38.81,282605
20201117,38.37,39.18,38.16,39.07,221342
20201118,39.22,39.47,38.67,38.7,167739
20201119,38.61,39.02,38.46,39.02,193184
20201120,38.84,38.93,38.71,38.87,231673
20201123,39.17,40.02,39.17,39.87,158450
20201124,40.38,41.02,40.29,40.92,313584
20201125,40.68,40.68,40.16,40.51,241959
20201127,40.5,40.6,40.17,40.34,128881
20201130,40.25,40.26,39.37,39.47,524880
20201201,40,40.23,39.77,39.97,185855
20201202,39.81,40.21,39.72,40.13,139044
20201203,40.16,40.73,40.16,40.49,221018
20201204,40.72,41.54,40.72,41.54,261543
20201207,41.42,41.42,41.1,41.3,166302
20201208,41,41.62,41,41.6,193959
20201209,41.79,42.06,41.25,41.58,303224
20201210,41.24,41.8,41.01,41.77,238632
20201211,41.4,41.69,41.07,41.43,165792
20201214,41.91,41.92,41.12,41.12,134731
20201215,41.34,42.1,41.28,42.1,148814
20201216,42.18,42.27,41.77,41.94,478783
20201217,42.14,42.24,41.85,42.24,204584
20201218,42.26,42.37,41.78,41.89,154997
20201221,41.16,41.7,40.94,41.63,173335
20201222,41.77,41.8,41.51,41.72,207840
20201223,41.9,42.41,41.9,42.3,152336
20201224,42.36,42.36,42.02,42.35,135536
20201228,42.68,42.78,42.42,42.45,165319
20201229,42.57,42.57,41.68,41.91,219973
20201230,41.99,42.52,41.99,42.34,149286
20201231,42.25,42.59,42.04,42.48,130614
20210104,42.72,42.77,41.36,41.83,314706
20210105,41.75,42.91,41.75,42.67,183430
20210106,43.01,45,43.01,44.62,473927
20210107,44.8,45.15,44.76,45.04,343301
20210108,45.23,45.23,44.26,44.78,275020
20210111,44.22,44.91,44.2,44.88,163071
20210112,44.96,45.61,44.94,45.6,289859
20210113,45.48,45.56,45.03,45.14,216946
20210114,45.39,46.19,45.39,45.97,326738
20210115,45.42,45.55,44.81,45.33,225239
20210119,45.79,45.85,45.39,45.69,357931
20210120,45.86,46.12,45.67,45.92,172500
20210121,45.94,45.94,45.43,45.56,160176
20210122,45.16,45.89,44.99,45.85,164956
20210125,45.81,46.44,45.28,45.89,139490
20210126,46.08,46.08,45.37,45.5,177720
20210127,45,45.67,44.7,44.97,140480
20210128,45.27,45.47,44.59,44.81,290056
20210129,44.76,45.15,43.89,43.98,273052
20210201,44.41,45.05,43.94,44.96,280186
20210202,45.32,45.42,44.93,45.32,191756
20210203,45.3,45.59,45.08,45.55,108194
20210204,45.72,46.4,45.72,46.4,212071
20210205,46.78,46.89,46.42,46.89,130997
20210208,47.19,47.86,47.19,47.86,724965
20210209,47.76,48.11,47.5,47.94,216620
20210210,48.21,48.37,47.64,48.06,152772
20210211,48.15,48.5,47.38,48.14,210676
20210212,47.9,48.36,47.87,48.3,157673
20210216,48.64,48.76,48.18,48.38,513920
20210217,48.02,48.26,47.64,48.18,145843
20210218,47.82,47.88,47.31,47.56,125004
20210219,47.93,48.48,47.93,48.36,284436
20210222,48.08,49.12,47.97,48.77,253942
20210223,48.33,48.94,47.61,48.82,187706
20210224,48.81,49.94,48.81,49.9,653978
20210225,49.89,50.05,48.2,48.41,839337
20210226,48.42,48.81,47.47,48.17,153890
20210301,49.12,49.88,49.06,49.72,180403
20210302,49.64,49.73,49.04,49.1,143024
20210303,49.15,50.04,49.13,49.26,176074
20210304,49.17,49.53,47.39,48.26,166212
20210305,48.9,49.44,47.31,49.44,170598
20210308,49.61,50.67,49.6,50.35,456079
20210309,50.8,50.86,50.16,50.49,412863
20210310,50.73,51.52,50.68,51.35,581658
20210311,51.78,52.09,51.44,52.02,260633
20210312,52.03,52.56,52.03,52.52,1179843
20210315,52.67,52.8,52.14,52.8,226877
20210316,52.63,52.63,51.71,51.92,202174
20210317,51.61,52.27,51.39,52.26,141515
20210318,52.04,52.71,51.06,51.22,336038
20210319,51.09,51.67,50.44,51.25,218538
20210322,51.23,51.24,50.21,50.42,210028
20210323,49.98,50.17,48.4,48.65,187904
20210324,49.06,49.82,48.16,48.18,187889
20210325,47.73,49.5,47.42,49.36,273013
20210326,49.83,50.47,49.57,50.47,170218
20210329,50.16,50.68,49.18,49.26,148667
20210330,49.22,50.08,49.19,49.89,172300
20210331,50.07,50.52,49.93,50.1,136702
20210401,50.41,50.84,50.19,50.84,159044
20210405,51.31,51.42,50.77,51.03,210632
20210406,50.99,51.59,50.87,51.09,182087
20210407,51.04,51.11,50.43,50.55,242827
20210408,50.69,50.76,50.07,50.74,146634
20210409,50.8,50.96,50.59,50.88,280342
20210412,50.93,51.05,50.72,50.99,144124
20210413,50.9,50.9,50.2,50.6,173241
20210414,50.71,51.65,50.71,51.14,174350
20210415,51.5,51.5,50.92,51.36,198067
20210416,51.58,51.73,51.32,51.56,260894
20210419,51.39,51.52,50.81,51.11,223512
20210420,50.93,50.93,49.62,49.99,285392
20210421,49.89,51.03,49.89,51.01,189775
20210422,51.1,51.46,50.62,50.71,158896
20210423,50.85,51.85,50.84,51.63,136320
20210426,51.88,52.17,51.73,51.82,153345
20210427,51.92,52.16,51.77,51.98,634921
20210428,52.02,52.27,51.86,52.14,132112
20210429,52.63,52.66,51.83,52.25,216000
20210430,51.76,52.02,51.32,51.43,171171
20210503,51.9,52.45,51.77,52.14,161873
20210504,51.89,52.04,51.34,52.03,203664
20210505,52.28,52.46,51.79,52.25,149602
20210506,52.29,52.63,51.75,52.63,175972
20210507,52.51,53.43,52.51,53.43,203589
20210510,53.55,53.73,52.6,52.6,155117
20210511,51.59,52.42,51.39,52.3,190255
20210512,52,52.28,50.44,50.53,175670
20210513,50.73,51.83,50.73,51.62,177860
20210514,52.15,52.85,52.01,52.81,160054
20210517,52.57,53.09,52.29,53.06,275459
20210518,53.09,53.23,52.5,52.5,142457
20210519,51.57,52.01,51.04,52.01,212078
20210520,52.04,52.22,51.55,52.08,138389
20210521,52.59,52.74,52.25,52.3,126833
20210524,52.61,52.89,52.3,52.69,152659
20210525,52.95,53.15,51.98,52.03,131228
20210526,52.14,53.08,52.14,53.04,195995
20210527,53.41,53.84,53.36,53.72,240274
20210528,53.93,53.93,53.25,53.56,176838
20210601,54,54.58,54,54.56,874885
20210602,54.75,54.94,54.29,54.83,192199
20210603,54.5,54.76,53.85,54.45,163149
20210604,54.68,54.68,54.14,54.49,112841
20210607,54.72,54.92,54.65,54.86,150470
20210608,54.97,55.59,54.65,55.47,250092
20210609,55.55,55.55,55.01,55.05,167384
20210610,55.31,55.42,54.45,54.48,164421
20210611,54.66,55.05,54.66,55.05,141874
20210614,55.1,55.25,54.39,54.56,143742
20210615,54.57,54.69,54.07,54.57,133432
20210616,54.38,54.65,54,54.45,142803
20210617,54.27,54.46,52.69,53.3,158577
20210618,52.67,52.9,52.02,52.11,147294
20210621,52.51,53.55,52.51,53.47,269944
20210622,53.43,53.79,52.95,53.63,131328
20210623,53.74,54.09,53.65,53.77,143435
20210624,54.02,54.47,53.76,54.45,133518
20210625,54.57,55.02,54.57,54.72,124192
20210628,54.76,54.86,53.58,53.9,152751
20210629,54.08,54.23,53.62,53.69,145571
20210630,53.54,54.07,53.46,53.97,144145
20210701,54.27,54.56,54.18,54.43,333606
20210702,54.63,54.63,53.86,53.98,138298
20210706,54,54,52.63,53.13,196261
20210707,53.06,53.21,52.41,52.82,159729
20210708,51.8,52.77,51.36,52.19,187159
20210709,52.82,53.57,52.77,53.54,103679
20210712,53.31,53.76,53.09,53.71,110504
20210713,53.51,53.53,52.76,52.76,184008
20210714,52.98,53.42,52.22,52.28,153441
20210715,52.01,52.31,51.66,52.03,162172
20210716,52.47,52.47,51.1,51.15,142102
20210719,50.12,50.52,49.52,49.96,808159
20210720,50.11,51.78,50.11,51.52,172507
20210721,51.89,52.68,51.89,52.4,128435
20210722,52.31,52.31,51.29,51.53,125199
20210723,51.85,51.94,51.41,51.9,122357
20210726,51.97,52.64,51.97,52.44,119706
20210727,52.14,52.14,51.53,51.97,112503
20210728,52.14,52.68,51.53,52.28,103750
20210729,52.64,53.2,52.64,52.87,107528
20210730,52.58,53.18,52.36,52.54,128895
20210802,52.74,53.57,52.21,52.25,115663
20210803,52.44,52.59,51.63,52.59,170478
20210804,52.18,52.34,51.53,51.53,121025
20210805,51.78,52.46,51.78,52.3,131993
20210806,52.71,53.11,52.53,52.87,127664
20210809,52.69,52.69,52.14,52.43,128420
20210810,52.57,53.12,52.31,53.01,113546
20210811,53.07,53.51,52.68,53.51,129115
20210812,53.57,53.57,52.99,53.29,113074
20210813,53.33,53.33,52.92,53.03,159751
20210816,52.88,52.94,52.27,52.74,137036
20210817,52.25,52.35,51.49,52.01,145263
20210818,51.87,52.35,51.54,51.55,147141
20210819,51.1,51.4,50.66,51,188943
20210820,50.96,51.79,50.89,51.74,143496
20210823,52.16,52.47,52.06,52.37,161525
20210824,52.48,53.1,52.48,52.99,121715
20210825,53.14,53.58,52.91,53.27,123193
20210826,53.14,53.2,52.56,52.62,144963
20210827,52.76,54.03,52.76,53.87,136743
20210830,54.08,54.08,53.55,53.62,113201
20210831,53.54,53.69,53.3,53.54,130657
20210901,53.7,53.87,53.19,53.72,131207
20210902,53.87,54.24,53.79,53.98,114193
20210903,53.79,53.98,53.49,53.69,104325
20210907,53.66,53.89,53.27,53.3,129203
20210908,53.12,53.27,52.71,52.89,168786
20210909,52.85,53.27,52.55,52.79,109263
20210910,53.11,53.11,52.27,52.28,138555
20210913,52.68,52.78,52.27,52.77,175048
20210914,52.99,52.99,51.88,52.06,129378
20210915,52.11,52.75,52.05,52.66,120420
20210916,52.63,52.8,52.26,52.48,164610
20210917,52.48,52.6,51.95,52.22,102380
20210920,51.31,51.44,50.7,51.35,269835
20210921,51.71,51.75,50.94,51.26,128936
20210922,51.61,52.45,51.61,52.09,100892
20210923,52.32,53.24,52.32,52.95,101758
20210924,52.67,53.18,52.67,52.95,118989
20210927,53.19,54.12,53.19,53.8,138624
20210928,53.66,53.85,52.99,53.08,131492
20210929,53.32,53.38,52.94,53.21,130910
20210930,53.31,53.42,52.36,52.36,110898
20211001,52.58,53.73,52.38,53.39,160253
20211004,53.38,53.76,53.13,53.33,104298
20211005,53.54,53.91,53.14,53.47,141849
20211006,52.99,53.21,52.36,53.17,102395
20211007,53.54,54.23,53.54,53.93,104571
20211008,54.04,54.13,53.67,53.67,97597
20211011,53.75,54.06,53.31,53.32,105304
20211012,53.42,53.67,53.34,53.5,79918
20211013,53.56,53.56,52.92,53.51,111769
20211014,54,54.31,53.72,54.27,106299
20211015,54.66,54.95,54.18,54.2,238218
20211018,53.96,54.47,53.96,54.3,121129
20211019,54.49,54.57,54.07,54.28,170477
20211020,54.21,54.89,54.15,54.76,128659
20211021,54.77,54.97,54.5,54.79,118039
20211022,54.84,55.12,54.62,54.85,110824
20211025,54.96,55.37,54.83,55.28,129693
20211026,55.49,55.49,54.81,54.83,141480
20211027,54.75,54.75,53.76,53.78,150663
20211028,54.06,54.58,54.06,54.57,167473
20211029,54.49,54.75,54.23,54.46,107784
20211101,54.69,55.79,54.69,55.76,159009
20211102,55.89,55.89,55.42,55.69,252955
20211103,55.73,56.84,55.6,56.58,210511
20211104,56.82,57,56.18,56.35,162631
20211105,57.03,57.53,57.03,57.4,231494
20211108,57.77,57.81,57.22,57.41,206753
20211109,57.34,57.4,57.01,57.35,149339
20211110,57.18,57.39,56.54,56.73,122718
20211111,56.99,57.32,56.75,57.17,108757
20211112,57.36,57.37,57.1,57.21,94674
20211115,57.42,57.42,57.1,57.27,178058
20211116,57.25,57.44,56.99,57.29,111292
20211117,57.17,57.17,56.54,56.76,142374
20211118,57.05,57.05,56.19,56.61,195259
20211119,56.12,56.3,55.89,56.03,173358
20211122,56.29,56.91,56.24,56.35,178271
20211123,56.29,56.62,56,56.47,157618
20211124,56.04,56.41,56.04,56.33,139125
20211126,54.75,54.75,53.59,54.28,309465
20211129,55.12,55.24,53.89,54.21,148312
20211130,53.72,53.8,52.6,52.93,256292
20211201,53.88,54.23,51.95,51.98,192343
20211202,52.18,53.68,52.14,53.46,210534
20211203,53.75,53.76,52.48,52.93,159112
20211206,53.44,54.45,53.18,54.09,142083
20211207,54.85,55.35,54.62,54.86,238892
20211208,55.11,55.3775,54.88,55.23,135146
20211209,54.88,55.02,54.46,54.46,141616
20211210,54.82,54.88,54.001,54.5,169271
20211213,54.48,54.48,53.5,53.65,166974
20211214,53.4,54.05,53.24,53.335,278333
20211215,53.41,54.0499,52.6823,53.96,248829
20211216,54.32,54.419,53.04,53.26,265466
20211217,52.93,53.81,52.63,53.2,243436
20211220,52.44,52.53,51.6019,52.41,361604
20211221,53.01,53.94,53.01,53.91,202919
20211222,53.92,54.46,53.81,54.45,103501
20211223,54.62,54.98,54.59,54.83,116634
20211227,54.85,55.53,54.655,55.53,174204
20211228,55.6,55.86,55.3857,55.51,154664
20211229,55.48,55.76,55.35,55.69,143910
20211230,55.71,56.1899,55.51,55.56,126715
20211231,55.55,55.87,55.4385,55.61,139869
20220103,55.82,56.449,55.7,56,160708
20220104,56.32,56.7,56.32,56.49,137946
20220105,56.56,56.79,55.2725,55.31,151504
20220106,55.55,55.945,55.19,55.68,149386
20220107,55.74,55.9399,55.2395,55.28,237836
20220110,55.03,55.04,54.29,55,433145
20220111,55.16,55.56,54.5701,55.48,546998
20220112,55.82,55.9,55.0999,55.36,242741
20220113,55.62,56.0291,55.22,55.36,162354
20220114,54.97,55.37,54.5977,55.32,179929
20220118,54.98,54.98,54.17,54.26,231510
20220119,54.53,54.53,53.41,53.45,268080
20220120,53.66,54.22,52.31,52.39,217035
20220121,52.17,52.87,51.59,51.62,912796
20220124,50.76,52.61,50.27,52.49,1001898
20220125,51.73,52.57,50.88,51.97,313774
20220126,52.6,52.919,50.75,51.24,269284
20220127,51.71,52.2135,50.27,50.55,252315
20220128,50.51,51.27,49.7413,51.27,632368
20220131,51.09,52.28,50.9601,52.27,212803
20220201,52.46,52.8577,51.7,52.81,287834
20220202,52.91,52.92,52.24,52.6,208780
20220203,52.09,52.66,51.811,51.89,196868
20220204,51.91,52.26,51.145,51.91,176367
20220207,51.98,52.37,51.74,52.01,172372
20220208,52.08,52.91,52.08,52.83,212550
20220209,53.33,53.5934,53.31,53.57,206508
20220210,52.89,54.0399,52.615,52.85,217347
20220211,52.99,53.47,52.14,52.48,229641
20220214,52.58,52.91,51.98,52.31,416205
20220215,52.79,53.5599,52.79,53.5,187210
20220216,53.37,53.88,53.27,53.705,179419
20220217,53.32,53.41,52.63,52.74,150742
20220218,52.66,53.09,52.27,52.43,179828
