Date,Open,High,Low,Close,Volume
20130815,20.31,22.06,20.11,20.28,32984
20130816,20.36,20.64,20.35,20.41,30581
20130819,20.39,20.39,20.18,20.18,16222
20130820,20.15,20.18,20.08,20.16,18959
20130821,20.26,20.26,19.942,20.02,22890
20130822,20.11,20.36,20.1,20.17,8610
20130823,20.25,20.39,20.18,20.35,62088
20130826,20.2,20.21,20.15,20.21,19469
20130827,19.942,19.983,19.741,19.763,19353
20130828,19.741,19.878,19.716,19.791,33380
20130829,19.773,19.854,19.716,19.724,29409
20130830,19.708,19.821,19.547,19.547,10035
20130903,20.02,20.02,19.886,19.92,21399
20130904,19.926,20.15,19.926,20.05,24725
20130905,20.12,20.23,20.08,20.08,29339
20130906,20.47,20.47,20.18,20.18,23846
20130909,20.37,20.51,20.37,20.49,32580
20130910,20.71,20.73,20.66,20.73,19717
20130911,20.73,20.98,20.7,20.77,25937
20130912,20.8,20.82,20.71,20.72,21068
20130913,21.01,21.01,20.73,20.77,50761
20130916,21.09,21.09,20.99,21.01,14148
20130917,21.78,21.78,20.95,20.99,16065
20130918,21.02,21.8,20.95,21.67,120981
20130919,21.85,21.85,21.44,21.52,38982
20130920,21.54,21.55,21.31,21.31,25135
20130923,21.25,21.29,21.17,21.29,13557
20130924,21.39,21.39,21.23,21.28,33356
20130925,21.4,21.4,21.24,21.33,17159
20130926,21.45,21.84,21.28,21.43,44150
20130927,21.29,21.38,21.25,21.37,15797
20130930,21.57,21.57,21.11,21.18,7012
20131001,21.31,21.36,21.22,21.35,66632
20131002,21.25,21.36,21.19,21.36,37824
20131003,21.37,21.37,21.19,21.28,35581
20131004,21.19,21.31,21.15,21.31,13094
20131007,21.02,21.23,21.02,21.16,16920
20131008,21.25,21.25,20.97,20.98,18726
20131009,21.14,21.14,20.94,21.07,23017
20131010,21.37,21.54,21.31,21.52,76130
20131011,21.55,21.55,21.41,21.53,24978
20131014,21.58,21.64,21.46,21.61,23088
20131015,21.9,21.9,21.54,21.54,23249
20131016,21.78,21.78,21.62,21.75,67635
20131017,21.88,22.02,21.82,22.02,65221
20131018,22.39,22.39,22.01,22.12,49432
20131021,22.55,22.55,22.04,22.11,80767
20131022,22.27,22.34,22.19,22.31,25855
20131023,22.15,22.15,22.02,22.07,73737
20131024,22.15,22.26,22.15,22.25,21879
20131025,22.23,22.23,22.1,22.14,38715
20131028,22.2,22.2,22,22.07,37870
20131029,22.33,22.33,22.16,22.2,32432
20131030,22.38,22.38,22.11,22.15,17769
20131031,22.12,22.12,21.94,22.03,14594
20131101,21.99,21.99,21.8,21.88,12968
20131104,21.98,22.03,21.93,22.03,19942
20131105,21.82,21.87,21.77,21.86,33296
20131106,22.09,22.09,22.01,22.06,128472
20131107,22.02,22.02,21.66,21.67,22009
20131108,21.65,21.8,21.61,21.8,52745
20131111,21.84,21.88,21.82,21.86,26903
20131112,21.83,21.83,21.73,21.74,39570
20131113,21.63,21.91,21.6,21.91,27879
20131114,21.9,21.98,21.86,21.98,23242
20131115,22.11,22.11,22.04,22.11,13478
20131118,22.3,22.31,22.13,22.14,28043
20131119,22.12,22.13,22,22.06,22299
20131120,22.1,22.1,21.83,21.88,14333
20131121,22.07,22.08,21.94,22.08,27253
20131122,22.12,22.2,22.04,22.19,18304
20131125,22.23,22.23,22.08,22.08,13699
20131126,22.07,22.11,22.02,22.09,26427
20131127,22.24,22.24,22.13,22.13,18935
20131129,22.29,22.36,22.22,22.22,26120
20131202,22.15,22.15,22.03,22.03,29858
20131203,21.94,21.94,21.84,21.86,20510
20131204,21.77,21.78,21.58,21.77,35676
20131205,21.67,21.69,21.6,21.6,28468
20131206,21.86,21.9,21.76,21.9,20021
20131209,21.88,21.9,21.83,21.9,22862
20131210,21.9,21.9,21.81,21.86,21228
20131211,21.87,21.87,21.65,21.66,22565
20131212,21.57,21.57,21.45,21.5,31904
20131213,21.43,21.57,21.37,21.46,19075
20131216,21.65,21.67,21.61,21.65,25131
20131217,21.54,21.57,21.49,21.54,49889
20131218,21.67,22.36,21.62,21.92,29215
20131219,21.8,21.9,21.74,21.9,23367
20131220,21.9,22,21.9,21.99,31469
20131223,22.15,22.26,22.1,22.25,77048
20131224,22.19,22.28,22.14,22.28,17290
20131226,22.33,22.39,22.31,22.39,13204
20131227,22.57,22.57,22.45,22.49,14671
20131230,22.62,22.62,22.52,22.61,27807
20131231,22.6,22.75,22.6,22.68,47928
20140102,22.41,22.41,22.14,22.15,145172
20140103,22.29,22.31,22.23,22.27,36096
20140106,22.31,22.33,22.23,22.3,37860
20140107,22.38,22.48,22.38,22.46,42933
20140108,22.45,22.5,22.4,22.43,82502
20140109,22.44,22.51,22.35,22.44,34773
20140110,22.51,22.65,22.49,22.65,20354
20140113,22.62,22.62,22.43,22.48,37252
20140114,22.6,22.69,22.53,22.66,28545
20140115,22.66,22.82,22.66,22.8,31755
20140116,22.86,22.86,22.69,22.79,24741
20140117,22.73,22.77,22.71,22.71,30718
20140121,22.85,22.85,22.7,22.79,47559
20140122,22.77,22.79,22.7,22.78,30464
20140123,22.76,22.76,22.59,22.64,18720
20140124,22.36,22.36,22.09,22.09,28371
20140127,22.03,22.08,21.83,21.96,48535
20140128,22,22.14,22,22.1,59699
20140129,21.88,22.03,21.83,21.84,30980
20140130,22.01,22.01,21.76,21.92,67503
20140131,21.58,21.74,21.49,21.66,30799
20140203,21.62,21.62,21.25,21.28,97463
20140204,21.34,21.44,21.3,21.41,26778
20140205,21.44,21.5,21.38,21.49,33443
20140206,21.66,21.88,21.63,21.87,41633
20140207,22.01,22.19,21.98,22.18,23836
20140210,22.09,22.1,22.06,22.1,39582
20140211,22.17,22.47,22.17,22.42,37327
20140212,22.48,22.51,22.41,22.48,19532
20140213,22.28,22.61,22.28,22.57,69777
20140214,22.53,22.67,22.53,22.67,26668
20140218,22.79,22.91,22.79,22.87,64144
20140219,22.82,22.89,22.73,22.73,26374
20140220,22.82,22.82,22.7,22.82,13857
20140221,23.03,23.03,22.88,22.9,23951
20140224,22.95,23.2,22.95,23.12,44055
20140225,23.11,23.17,22.98,23.06,31522
20140226,23.04,23.04,22.87,22.95,43010
20140227,22.8,23,22.8,22.97,21388
20140228,23,23.19,23,23.05,25117
20140303,22.88,22.88,22.54,22.57,24002
20140304,23.04,23.05,22.98,23.04,60578
20140305,23.12,23.12,23.01,23.06,21546
20140306,23.29,23.33,23.24,23.27,32771
20140307,23.33,23.33,23.08,23.13,37911
20140310,23.07,23.08,22.91,23.01,320223
20140311,23.01,23.04,22.88,22.91,48290
20140312,22.82,22.89,22.66,22.89,203911
20140313,22.94,23.06,22.39,22.41,18612
20140314,22.34,22.48,22.23,22.35,32456
20140317,22.61,22.65,22.54,22.64,30135
20140318,22.76,22.81,22.67,22.79,18561
20140319,22.78,22.78,22.42,22.52,43140
20140320,22.39,22.5,22.27,22.47,31978
20140321,22.58,22.58,22.38,22.38,15822
20140324,22.54,22.54,22.27,22.44,35747
20140325,22.62,22.67,22.51,22.65,29419
20140326,22.87,22.87,22.66,22.66,36637
20140327,22.76,22.76,22.65,22.73,23868
20140328,22.91,22.99,22.91,22.96,26569
20140331,23.17,23.17,23.06,23.1,35783
20140401,23.27,23.27,23.14,23.19,25959
20140402,23.28,23.28,23.17,23.25,24403
20140403,23.25,23.25,23.11,23.21,23539
20140404,23.33,23.33,23.1,23.13,34752
20140407,23.03,23.12,23,23.05,100075
20140408,23.05,23.07,22.93,23.05,27079
20140409,23.25,23.3,23.11,23.3,31096
20140410,23.25,23.25,22.81,22.82,48669
20140411,22.78,22.86,22.7,22.72,20369
20140414,22.86,22.87,22.74,22.84,21784
20140415,22.83,22.83,22.56,22.74,31809
20140416,22.9,23,22.87,22.99,46988
20140417,23.06,23.15,23.06,23.13,16642
20140421,23.26,23.26,23.15,23.22,76720
20140422,23.32,23.32,23.26,23.3,23586
20140423,23.12,23.26,23.12,23.26,58850
20140424,23.31,23.31,23.12,23.25,32638
20140425,23.21,23.21,23.11,23.16,33882
20140428,23.27,23.27,23.12,23.26,45625
20140429,23.43,23.47,23.35,23.43,65477
20140430,23.45,23.64,23.38,23.57,24883
20140501,23.63,23.63,23.54,23.56,17028
20140502,23.63,23.63,23.51,23.57,22952
20140505,23.55,23.55,23.32,23.54,31782
20140506,23.59,23.59,23.45,23.5,10080
20140507,23.57,23.57,23.43,23.56,33798
20140508,23.6,23.7,23.5,23.54,94169
20140509,23.57,23.57,23.4,23.46,40019
20140512,23.5,23.63,23.46,23.62,24935
20140513,23.68,23.68,23.57,23.62,15135
20140514,23.61,23.65,23.55,23.59,37274
20140515,23.56,23.56,23.33,23.43,36341
20140516,23.47,23.47,23.39,23.45,20333
20140519,23.41,23.46,23.34,23.46,17916
20140520,23.35,23.36,23.24,23.3,27606
20140521,23.41,23.5,23.39,23.49,16435
20140522,23.52,23.53,23.48,23.51,28134
20140523,23.53,23.6,23.5,23.58,21973
20140527,23.69,23.77,23.69,23.76,22412
20140528,23.71,23.71,23.63,23.67,22095
20140529,23.75,23.8,23.72,23.79,47778
20140530,23.81,23.81,23.76,23.81,47950
20140602,23.9,23.9,23.79,23.87,29771
20140603,23.78,23.8,23.75,23.79,36171
20140604,23.78,23.78,23.69,23.77,23326
20140605,23.88,23.99,23.82,23.98,74131
20140606,24.07,24.12,24.02,24.12,36281
20140609,24.05,24.12,24.02,24.11,29172
20140610,24.02,24.07,23.98,24.06,30454
20140611,24.01,24.01,23.9,23.93,20546
20140612,24.03,24.03,23.91,23.96,36320
20140613,24,24.02,23.95,23.96,25380
20140616,23.96,23.99,23.92,23.98,21421
20140617,23.87,23.95,23.87,23.95,34475
20140618,24.02,24.2,23.98,24.2,17278
20140619,24.37,24.37,24.3,24.33,108758
20140620,24.33,24.33,24.22,24.27,56513
20140623,24.24,24.24,24.12,24.21,55521
20140624,24.27,24.27,24.05,24.07,101832
20140625,23.99,24.07,23.95,24.06,35894
20140626,24.07,24.07,23.9,24.07,24417
20140627,24.03,24.09,23.97,24.09,20759
20140630,24.1,24.12,24.03,24.1,25435
20140701,24.23,24.34,24.23,24.3,45405
20140702,24.36,24.36,24.25,24.33,33806
20140703,24.4,24.41,24.34,24.4,17924
20140707,24.29,24.29,24.13,24.14,24828
20140708,24.07,24.07,23.84,23.91,38917
20140709,23.87,24.03,23.87,23.99,64904
20140710,23.65,23.73,23.54,23.73,29311
20140711,23.73,23.74,23.68,23.74,22486
20140714,23.98,23.98,23.88,23.9,35185
20140715,23.98,23.98,23.7,23.82,26470
20140716,24.01,24.03,23.97,24.01,25721
20140717,23.9,23.92,23.69,23.7,12098
20140718,23.73,23.9,23.73,23.9,75074
20140721,23.69,23.8,23.68,23.79,22662
20140722,23.86,23.93,23.86,23.9,19363
20140723,23.99,23.99,23.92,23.93,31774
20140724,24.03,24.03,23.97,24.01,23207
20140725,24.02,24.02,23.86,23.92,24848
20140728,23.93,23.95,23.78,23.92,15906
20140729,24.03,24.03,23.83,23.85,56387
20140730,23.86,23.89,23.69,23.8,36251
20140731,23.62,23.62,23.4,23.41,65558
20140801,23.34,23.38,23.19,23.25,55615
20140804,23.37,23.38,23.22,23.37,27242
20140805,23.27,23.27,22.99,23.04,26866
20140806,22.9,23.03,22.83,22.98,34223
20140807,23.05,23.05,22.71,22.75,21644
20140808,22.78,22.92,22.71,22.92,31700
20140811,23.05,23.05,22.95,22.98,65094
20140812,22.92,22.95,22.9,22.94,42890
20140813,23.04,23.06,23,23.04,25404
20140814,23.21,23.21,23.09,23.14,28954
20140815,23.27,23.3,22.99,23.16,44266
20140818,23.23,23.3,23.23,23.28,43512
20140819,23.35,23.35,23.29,23.34,23718
20140820,23.29,23.3,23.2,23.27,55387
20140821,23.4,23.42,23.34,23.39,35342
20140822,23.42,23.42,23.21,23.25,45040
20140825,23.4,23.47,23.33,23.42,124588
20140826,23.53,23.54,23.45,23.49,180508
20140827,23.6,23.6,23.5,23.51,24248
20140828,23.43,23.43,23.34,23.42,24470
20140829,23.43,23.43,23.31,23.38,28982
20140902,23.48,23.48,23.34,23.39,38445
20140903,23.64,23.64,23.54,23.56,47002
20140904,23.56,23.61,23.41,23.44,16088
20140905,23.46,23.47,23.38,23.47,12006
20140908,23.38,23.41,23.19,23.23,33153
20140909,23.23,23.23,23.11,23.14,21669
20140910,23.22,23.3,23.13,23.29,28225
20140911,23.19,23.19,23.11,23.14,38728
20140912,23.14,23.14,23.07,23.1,12045
20140915,23.13,23.13,23.04,23.07,21818
20140916,23,23.21,22.99,23.19,15893
20140917,23.17,23.17,23.03,23.03,16609
20140918,23.18,23.24,23.16,23.21,19413
20140919,23.25,23.25,23.07,23.1,19012
20140922,23.11,23.11,22.94,22.99,29943
20140923,22.88,22.88,22.77,22.8,30950
20140924,22.8,22.92,22.75,22.92,54287
20140925,22.82,22.82,22.55,22.59,35048
20140926,22.59,22.7,22.54,22.65,15503
20140929,22.48,22.51,22.39,22.48,21008
20140930,22.47,22.49,22.34,22.42,66363
20141001,22.32,22.32,22.11,22.17,44710
20141002,22.1,22.1,21.69,21.89,71638
20141003,21.93,21.93,21.76,21.87,47630
20141006,21.93,22.01,21.86,21.97,27968
20141007,21.91,21.91,21.65,21.65,699524
20141008,21.69,21.98,21.57,21.97,31226
20141009,21.78,21.78,21.26,21.34,81149
20141010,21.24,21.27,21.02,21.02,70313
20141013,21.13,21.23,20.95,20.95,58458
20141014,21.07,21.15,20.92,20.97,123412
20141015,20.85,20.86,20.46,20.82,96488
20141016,20.36,20.8,20.36,20.65,106366
20141017,21.01,21.06,20.93,21.02,82731
20141020,20.93,21.19,20.93,21.17,77507
20141021,21.22,21.45,21.22,21.41,135993
20141022,21.45,21.45,21.21,21.21,70481
20141023,21.37,21.57,21.37,21.48,66462
20141024,21.54,21.57,21.47,21.55,60256
20141027,21.45,21.55,21.34,21.49,58529
20141028,21.6,21.79,21.6,21.79,45395
20141029,21.88,21.91,21.58,21.67,67264
20141030,21.57,21.81,21.55,21.75,12088
20141031,22.14,22.15,22.01,22.14,89655
20141103,22.08,22.08,21.9,21.96,155639
20141104,21.78,21.78,21.58,21.74,85746
20141105,21.84,21.87,21.75,21.82,82496
20141106,21.84,21.85,21.67,21.72,53189
20141107,21.7,21.77,21.61,21.77,62762
20141110,21.89,21.89,21.8,21.85,43742
20141111,21.91,22,21.86,21.97,41824
20141112,21.8,21.88,21.76,21.82,41977
20141113,21.84,21.89,21.77,21.84,43783
20141114,21.75,21.91,21.74,21.9,59013
20141117,21.82,21.89,21.76,21.85,99000
20141118,22.03,22.15,22.02,22.13,103699
20141119,22.1,22.12,21.97,22.07,31379
20141120,21.95,21.98,21.85,21.94,144011
20141121,22.28,22.28,22.12,22.18,102820
20141124,22.26,22.27,22.2,22.26,46571
20141125,22.31,22.33,22.25,22.3,75638
20141126,22.32,22.36,22.31,22.36,46018
20141128,22.21,22.21,22.09,22.09,103609
20141201,22.13,22.14,22.02,22.06,688092
20141202,22.14,22.14,22.06,22.13,43348
20141203,22.06,22.15,22.06,22.11,155531
20141204,22.08,22.09,21.94,22.03,59931
20141205,22.04,22.14,22.02,22.07,85264
20141208,21.99,21.99,21.8,21.83,59789
20141209,21.7,21.72,21.56,21.67,77683
20141210,21.66,21.66,21.34,21.39,133086
20141211,21.47,21.52,21.35,21.36,158207
20141212,21.31,21.31,20.92,20.92,225204
20141215,21.02,21.02,20.54,20.58,126029
20141216,20.64,21,20.62,20.81,534181
20141217,20.87,21.17,20.82,21.04,275658
20141218,21.43,21.46,21.24,21.44,164797
20141219,21.35,21.53,21.31,21.47,131552
20141222,21.63,21.63,21.45,21.5,323771
20141223,21.5,21.59,21.46,21.52,166294
20141224,21.5,21.68,21.48,21.64,192264
20141226,21.7,21.72,21.66,21.67,80582
20141229,21.53,21.59,21.5,21.54,190988
20141230,21.47,21.47,21.34,21.35,136970
20141231,21.36,21.4,21.2,21.21,80391
20150102,21.22,21.3,21.13,21.18,33730
20150105,20.84,20.84,20.5,20.58,178912
20150106,20.55,20.64,20.29,20.36,162266
20150107,20.56,20.6,20.4,20.52,272309
20150108,20.73,20.9,20.69,20.83,96207
20150109,20.86,20.86,20.59,20.66,71465
20150112,20.74,20.74,20.5,20.62,90971
20150113,20.84,20.88,20.55,20.7,142211
20150114,20.6,20.62,20.43,20.61,872878
20150115,20.79,20.81,20.62,20.69,194700
20150116,20.66,21,20.66,20.97,136043
20150120,21.18,21.18,20.99,21.08,99151
20150121,21.14,21.26,21.06,21.26,63050
20150122,21.31,21.43,21.21,21.4,104246
20150123,21.37,21.39,21.24,21.24,93277
20150126,21.43,21.57,21.36,21.55,54786
20150127,21.49,21.61,21.46,21.56,59516
20150128,21.6,21.69,21.24,21.26,60632
20150129,21.28,21.49,21.28,21.46,76718
20150130,21.27,21.33,21.16,21.16,77507
20150202,21.36,21.47,21.29,21.42,101301
20150203,21.64,21.91,21.64,21.89,52436
20150204,21.82,21.82,21.69,21.8,40891
20150205,21.83,21.96,21.79,21.96,57142
20150206,21.79,21.81,21.6,21.6,75271
20150209,21.6,21.67,21.48,21.6,47105
20150210,21.78,21.78,21.63,21.77,81500
20150211,21.68,21.69,21.55,21.65,43036
20150212,21.88,22.01,21.87,22.01,26846
20150213,22.16,22.21,22.13,22.21,66728
20150217,22.21,22.31,22.1,22.26,110086
20150218,22.35,22.4,22.24,22.37,72776
20150219,22.36,22.4,22.27,22.34,55067
20150220,22.33,22.61,22.23,22.54,61574
20150223,22.48,22.48,22.36,22.42,91654
20150224,22.5,22.6,22.45,22.57,75481
20150225,22.59,22.6,22.53,22.6,91161
20150226,22.59,22.59,22.49,22.53,67363
20150227,22.57,22.61,22.53,22.53,73883
20150302,22.58,22.58,22.46,22.53,71886
20150303,22.5,22.5,22.35,22.36,53797
20150304,22.32,22.32,22.17,22.3,289216
20150305,22.4,22.42,22.32,22.35,158188
20150306,22.26,22.26,21.98,22.01,140077
20150309,22.1,22.1,21.99,22.04,100036
20150310,21.78,21.78,21.5,21.55,241401
20150311,21.65,21.65,21.46,21.54,328498
20150312,21.83,21.83,21.73,21.76,219132
20150313,21.64,21.64,21.47,21.61,300849
20150316,21.75,21.83,21.74,21.81,322038
20150317,21.74,21.81,21.67,21.79,359747
20150318,21.84,22.27,21.77,22.24,488797
20150319,22.03,22.03,21.91,21.96,285129
20150320,22.28,22.52,22.27,22.47,1033400
20150323,22.51,22.63,22.51,22.6,287024
20150324,22.69,22.69,22.59,22.6,81268
20150325,22.72,22.72,22.49,22.5,276384
20150326,22.4,22.4,22.2,22.31,239404
20150327,22.31,22.31,22.21,22.29,67375
20150330,22.35,22.35,22.29,22.3,193846
20150331,21.97,22.07,21.95,21.97,264905
20150401,22.11,22.13,22.02,22.13,313708
20150402,22.27,22.35,22.25,22.34,274110
20150406,22.5,22.7,22.42,22.58,241619
20150407,22.69,22.75,22.62,22.63,295641
20150408,22.83,22.83,22.59,22.64,260253
20150409,22.64,22.64,22.54,22.64,380725
20150410,22.64,22.69,22.59,22.69,126951
20150413,22.59,22.66,22.51,22.55,134076
20150414,22.75,22.77,22.7,22.77,126966
20150415,22.88,22.97,22.8,22.94,316811
20150416,23.01,23.05,22.86,22.96,116305
20150417,22.77,22.77,22.64,22.73,87670
20150420,22.77,22.83,22.73,22.78,276227
20150421,22.95,22.95,22.86,22.9,108850
20150422,22.89,22.92,22.78,22.9,207691
20150423,22.83,23.06,22.8,23.02,169175
20150424,23.15,23.21,23.03,23.15,212228
20150427,23.35,23.39,23.27,23.3,247597
20150428,23.27,23.35,23.21,23.31,92024
20150429,23.21,23.23,23.09,23.19,251094
20150430,23.04,23.06,22.91,22.94,215083
20150501,23.11,23.14,22.97,23.14,217442
20150504,23.13,23.18,22.96,23.16,311378
20150505,23.11,23.11,22.78,22.82,458563
20150506,22.89,23,22.78,22.91,88043
20150507,22.83,22.83,22.68,22.81,214661
20150508,23.2,23.33,23.17,23.32,86631
20150511,23.19,23.24,23.11,23.12,340206
20150512,23.15,23.18,23.06,23.13,186214
20150513,23.33,23.4,23.24,23.27,316777
20150514,23.5,23.53,23.42,23.52,102843
20150515,23.45,23.56,23.38,23.51,269943
20150518,23.46,23.47,23.32,23.43,328944
20150519,23.27,23.39,23.26,23.3,82112
20150520,23.34,23.44,23.24,23.35,401912
20150521,23.34,23.52,23.34,23.46,409842
20150522,23.4,23.4,23.25,23.3,369953
20150526,23.12,23.12,22.81,22.91,236489
20150527,22.93,23.09,22.9,23.08,695896
20150528,22.98,23.06,22.84,23.03,209618
20150529,22.97,22.97,22.68,22.83,373891
20150601,22.83,22.83,22.61,22.73,313966
20150602,22.83,23.03,22.83,22.92,210642
20150603,23.04,23.16,23.02,23.08,174430
20150604,22.91,23.03,22.69,22.74,214915
20150605,22.4,22.63,22.38,22.5,335402
20150608,22.42,22.48,22.36,22.47,195175
20150609,22.4,22.42,22.26,22.37,181327
20150610,22.66,22.89,22.66,22.84,181806
20150611,22.95,22.95,22.78,22.9,160897
20150612,22.63,22.73,22.6,22.7,59724
20150615,22.39,22.55,22.39,22.54,238017
20150616,22.43,22.55,22.38,22.54,295330
20150617,22.45,22.54,22.27,22.47,175415
20150618,22.59,22.88,22.53,22.67,196984
20150619,22.69,22.69,22.57,22.61,148476
20150622,22.96,23.16,22.96,23.01,433495
20150623,23.07,23.12,23.04,23.1,263108
20150624,22.98,23.04,22.91,22.91,68593
20150625,23.07,23.07,22.92,22.93,195278
20150626,22.97,23,22.81,22.89,264575
20150629,22.5,22.54,22.16,22.17,173725
20150630,22.38,22.38,22.03,22.12,241542
20150701,22.37,22.37,22.11,22.19,343401
20150702,22.26,22.27,22.18,22.26,41732
20150706,21.83,21.94,21.7,21.76,531104
20150707,21.6,21.78,21.28,21.74,792414
20150708,21.4,21.45,21.17,21.21,416661
20150709,21.61,21.68,21.46,21.49,248347
20150710,22.21,22.21,22.05,22.17,183042
20150713,22.32,22.32,22.21,22.25,191308
20150714,22.35,22.48,22.28,22.43,769661
20150715,22.46,22.46,22.31,22.35,237058
20150716,22.6,22.6,22.5,22.54,274069
20150717,22.56,22.56,22.43,22.49,218344
20150720,22.59,22.59,22.45,22.5,376650
20150721,22.46,22.5,22.42,22.45,353334
20150722,22.22,22.31,22.16,22.28,235664
20150723,22.27,22.31,22.18,22.2,201667
20150724,22.2,22.2,21.9,21.96,195940
20150727,21.85,21.92,21.76,21.81,298966
20150728,22,22.05,21.84,22.04,201368
20150729,22.07,22.21,22.02,22.15,191825
20150730,22.19,22.19,22.03,22.16,233890
20150731,22.41,22.41,22.25,22.3,186108
20150803,22.23,22.31,22.15,22.25,165217
20150804,22.32,22.34,22.18,22.25,168802
20150805,22.35,22.47,22.35,22.37,212564
20150806,22.38,22.38,22.27,22.33,158870
20150807,22.26,22.31,22.22,22.31,164275
20150810,22.37,22.6,22.33,22.56,142911
20150811,22.33,22.33,22.16,22.23,189479
20150812,22.04,22.18,21.91,22.16,182326
20150813,22.07,22.15,22.04,22.07,160142
20150814,22.02,22.1,21.98,22.06,133945
20150817,21.95,22.05,21.89,22.02,237452
20150818,21.87,21.93,21.82,21.86,169611
20150819,21.63,21.77,21.53,21.7,266597
20150820,21.48,21.48,21.18,21.18,326682
20150821,21.13,21.21,20.54,20.59,873589
20150824,20.26,20.35,19.51,19.86,1811198
20150825,20.75,20.76,20.03,20.04,368550
20150826,20.5,20.53,20.07,20.53,268000
20150827,20.57,20.88,20.57,20.83,191958
20150828,20.76,20.88,20.74,20.83,257528
20150831,20.71,20.76,20.6,20.72,269924
20150901,20.31,20.31,19.975,20.01,282635
20150902,20.27,20.33,20.04,20.28,240762
20150903,20.31,20.49,20.28,20.33,171460
20150904,19.959,19.967,19.785,19.86,315275
20150908,20.28,20.46,20.28,20.42,151274
20150909,20.67,20.78,20.34,20.35,121468
20150910,20.32,20.55,20.32,20.47,150542
20150911,20.28,20.41,20.24,20.41,142627
20150914,20.25,20.3,20.17,20.26,303437
20150915,20.26,20.44,20.25,20.42,160645
20150916,20.54,20.74,20.49,20.74,151284
20150917,20.69,21.01,20.61,20.78,159934
20150918,20.37,20.41,20.18,20.22,164616
20150921,20.26,20.26,20.08,20.19,374693
20150922,19.709,19.761,19.568,19.709,611814
20150923,19.67,19.711,19.48,19.562,243856
20150924,19.356,19.571,19.281,19.529,922243
20150925,19.774,19.818,19.592,19.642,200501
20150928,19.48,19.48,19.198,19.227,663224
20150929,19.232,19.298,19.162,19.257,363467
20150930,19.521,19.637,19.422,19.612,203491
20151001,19.761,19.835,19.546,19.703,161029
20151002,19.637,20.05,19.584,20.03,211920
20151005,20.36,20.52,20.36,20.49,207123
20151006,20.47,20.68,20.47,20.61,210512
20151007,20.98,21.07,20.82,20.96,177097
20151008,20.89,21.19,20.86,21.16,161422
20151009,21.26,21.33,21.21,21.28,110181
20151012,21.26,21.26,21.18,21.21,141053
20151013,20.86,21.07,20.86,20.9,163879
20151014,20.98,21.07,20.92,21,167700
20151015,21.12,21.32,21.12,21.3,163754
20151016,21.25,21.31,21.2,21.3,131069
20151019,21.15,21.17,21.09,21.17,148032
20151020,21.07,21.13,21.01,21.11,149903
20151021,21.26,21.26,21.07,21.07,282703
20151022,21.21,21.42,21.2,21.33,164082
20151023,21.5,21.53,21.4,21.5,173639
20151026,21.47,21.47,21.34,21.4,177078
20151027,21.21,21.21,21.09,21.11,133578
20151028,21.16,21.4,21.1,21.27,155956
20151029,21.07,21.13,21,21.12,200813
20151030,21.15,21.23,21.06,21.07,200711
20151102,21.14,21.28,21.09,21.27,190239
20151103,21.19,21.37,21.17,21.33,255466
20151104,21.34,21.34,21.13,21.2,168728
20151105,21.2,21.22,21.08,21.14,208941
20151106,21.01,21.03,20.88,20.98,285136
20151109,20.9,20.93,20.69,20.79,243776
20151110,20.72,20.78,20.65,20.75,192716
20151111,20.93,20.93,20.76,20.78,167672
20151112,20.6,20.62,20.47,20.49,239309
20151113,20.39,20.39,20.24,20.28,307070
20151116,20.34,20.58,20.34,20.58,157037
20151117,20.64,20.74,20.59,20.65,188774
20151118,20.69,20.83,20.67,20.81,202788
20151119,20.89,20.99,20.89,20.94,548626
20151120,20.96,20.99,20.79,20.79,170993
20151123,20.73,20.82,20.66,20.69,220003
20151124,20.57,20.79,20.51,20.74,228309
20151125,20.76,20.83,20.69,20.79,177809
20151127,20.74,20.81,20.74,20.78,82180
20151130,20.78,20.82,20.72,20.76,148785
20151201,20.9,20.96,20.85,20.96,210812
20151202,20.84,20.9,20.69,20.74,334788
20151203,20.85,20.85,20.5,20.6,250563
20151204,20.5,20.74,20.5,20.71,248170
20151207,20.55,20.55,20.41,20.49,236019
20151208,20.16,20.23,20.08,20.17,314826
20151209,20.17,20.41,20.03,20.16,330535
20151210,20.2,20.26,20.13,20.13,203469
20151211,19.845,19.885,19.705,19.746,437602
20151214,19.744,19.802,19.529,19.744,534500
20151215,19.81,19.918,19.785,19.856,334769
20151216,20.07,20.28,19.967,20.24,263285
20151217,20.17,20.2,19.926,19.963,252251
20151218,19.837,19.901,19.754,19.766,353569
20151221,19.984,20.009,19.722,19.815,547998
20151222,19.849,20.03,19.841,20.009,404894
20151223,20.23,20.41,20.23,20.4,326850
20151224,20.34,20.45,20.34,20.41,175558
20151228,20.29,20.39,20.25,20.29,377952
20151229,20.41,20.55,20.4,20.47,728799
20151230,20.41,20.43,20.33,20.34,372684
20151231,20.22,20.25,20.09,20.09,286729
20160104,19.79,19.815,19.592,19.798,802783
20160105,19.773,19.773,19.621,19.731,373851
20160106,19.334,19.427,19.275,19.368,1023748
20160107,19.017,19.191,18.949,18.949,1751528
20160108,19.107,19.107,18.719,18.724,1151618
20160111,18.984,18.989,18.621,18.773,690969
20160112,18.921,18.955,18.651,18.854,407290
20160113,18.958,19.031,18.507,18.553,349404
20160114,18.668,18.93,18.516,18.854,1005470
20160115,18.187,18.322,18.044,18.17,1043478
20160119,18.44,18.44,18.168,18.28,481686
20160120,17.841,17.917,17.479,17.816,784129
20160121,17.732,18.137,17.648,18.036,362401
20160122,18.55,18.66,18.474,18.624,324348
20160125,18.466,18.482,18.263,18.263,245474
20160126,18.457,18.685,18.421,18.685,198099
20160127,18.634,18.862,18.529,18.601,232591
20160128,18.812,18.82,18.609,18.744,283424
20160129,18.803,19.056,18.803,19.056,289861
20160201,18.879,19.064,18.788,18.989,317159
20160202,18.634,18.634,18.416,18.474,237414
20160203,18.634,18.71,18.289,18.693,260271
20160204,18.685,18.921,18.685,18.837,169792
20160205,18.775,18.82,18.554,18.59,675076
20160208,18.331,18.373,18.153,18.297,1100735
20160209,17.884,18.111,17.879,18.018,554979
20160210,18.037,18.153,17.885,17.91,866701
20160211,17.679,17.715,17.518,17.67,1582142
20160212,17.774,18.061,17.706,18.052,1385135
20160216,18.347,18.432,18.196,18.381,667989
20160217,18.533,18.828,18.503,18.799,290945
20160218,18.871,18.93,18.702,18.736,159007
20160219,18.541,18.651,18.483,18.643,158960
20160222,18.804,18.93,18.804,18.888,417616
20160223,18.75,18.778,18.497,18.514,332648
20160224,18.204,18.474,18.103,18.474,446593
20160225,18.567,18.685,18.466,18.668,146890
20160226,18.795,18.803,18.63,18.677,138633
20160229,18.66,18.752,18.592,18.601,235937
20160301,18.892,19.098,18.832,19.069,394941
20160302,19.056,19.25,19.006,19.242,184649
20160303,19.318,19.512,19.318,19.512,203119
20160304,19.63,19.807,19.63,19.723,191530
20160307,19.503,19.773,19.503,19.739,168708
20160308,19.63,19.63,19.419,19.436,317756
20160309,19.535,19.596,19.468,19.535,138305
20160310,19.668,19.798,19.306,19.482,231733
20160311,19.841,20.02,19.841,20.01,135035
20160314,19.967,19.992,19.894,19.976,236339
20160315,19.716,19.739,19.651,19.724,234950
20160316,19.631,19.976,19.631,19.96,181476
20160317,20.01,20.23,19.963,20.19,164837
20160318,20.18,20.26,20.12,20.15,161767
20160321,20.09,20.12,20,20.1,386256
20160322,19.908,20.08,19.908,20.03,146271
20160323,19.967,19.967,19.742,19.773,137035
20160324,19.469,19.621,19.469,19.621,184759
20160328,19.749,19.824,19.69,19.732,139795
20160329,19.647,19.933,19.566,19.9,165104
20160330,20.11,20.24,20.09,20.09,188745
20160331,20.05,20.09,19.943,19.956,222425
20160401,19.495,19.697,19.48,19.689,174035
20160404,19.722,19.722,19.571,19.613,151357
20160405,19.208,19.25,19.15,19.183,224239
20160406,19.216,19.461,19.2,19.453,431083
20160407,19.296,19.343,19.119,19.182,200334
20160408,19.604,19.689,19.579,19.621,195350
20160411,19.809,19.908,19.7,19.7,165080
20160412,19.866,20.09,19.758,20.03,201744
20160413,20.33,20.41,20.27,20.36,199854
20160414,20.45,20.5,20.4,20.42,185854
20160415,20.43,20.44,20.36,20.38,169375
20160418,20.33,20.57,20.3,20.57,201369
20160419,20.84,20.99,20.84,20.94,219221
20160420,20.95,21.12,20.95,21.01,231489
20160421,21.03,21.06,20.88,20.93,122940
20160422,20.88,20.98,20.85,20.93,212783
20160425,20.83,20.83,20.7,20.78,250793
20160426,20.91,20.93,20.84,20.88,155357
20160427,20.84,21.02,20.84,20.97,241009
20160428,20.77,20.95,20.74,20.75,169018
20160429,20.75,20.79,20.59,20.67,148784
20160502,20.79,20.84,20.71,20.81,147470
20160503,20.59,20.59,20.36,20.38,166619
20160504,20.21,20.21,20.03,20.09,185359
20160505,20.1,20.18,20.01,20.08,225721
20160506,19.925,20.15,19.925,20.12,179680
20160509,20.09,20.09,19.95,19.967,130824
20160510,20.1,20.29,20.1,20.27,155930
20160511,20.14,20.26,20.12,20.13,214657
20160512,20.37,20.37,20.03,20.14,130545
20160513,19.95,20.07,19.866,19.908,126398
20160516,20.03,20.19,20.03,20.18,244347
20160517,20.18,20.24,20.05,20.08,154669
20160518,20.09,20.26,20.01,20.07,161706
20160519,19.916,19.925,19.79,19.883,162871
20160520,20.07,20.08,19.984,20.04,131582
20160523,19.95,20.01,19.891,19.933,130885
20160524,20.1,20.24,20.06,20.23,177767
20160525,20.4,20.52,20.38,20.48,185368
20160526,20.6,20.61,20.48,20.54,149601
20160527,20.51,20.51,20.43,20.46,135514
20160531,20.51,20.58,20.3,20.37,275731
20160601,20.21,20.33,20.16,20.31,228963
20160602,20.22,20.31,20.17,20.3,161448
20160603,20.42,20.46,20.32,20.44,211636
20160606,20.55,20.68,20.55,20.64,125107
20160607,20.79,20.88,20.79,20.84,174784
20160608,20.96,21,20.91,20.94,159609
20160609,20.66,20.71,20.57,20.65,139941
20160610,20.23,20.24,19.982,20.05,140843
20160613,19.782,19.959,19.712,19.739,174343
20160614,19.537,19.604,19.341,19.461,309788
20160615,19.579,19.697,19.553,19.588,160078
20160616,19.309,19.63,19.171,19.628,388041
20160617,19.75,19.9,19.682,19.885,68501
20160620,20.47,20.49,20.36,20.36,140396
20160621,20.5,20.67,20.42,20.51,145834
20160622,20.63,20.65,20.48,20.5,157032
20160623,20.92,21.09,20.82,21.09,102727
20160624,19.226,19.697,19.202,19.226,713741
20160627,18.946,18.98,18.592,18.845,839603
20160628,19.242,19.326,19.107,19.318,410105
20160629,19.655,19.798,19.604,19.739,263165
20160630,19.79,20.04,19.708,20.03,724071
20160701,20.07,20.13,20.03,20.08,236560
20160705,19.874,19.874,19.638,19.68,197582
20160706,19.478,19.647,19.319,19.638,256821
20160707,19.689,19.773,19.473,19.545,170839
20160708,19.801,19.883,19.75,19.868,157426
20160711,20.14,20.22,20.1,20.15,152263
20160712,20.45,20.56,20.44,20.46,181551
20160713,20.57,20.6,20.44,20.46,170020
20160714,20.66,20.72,20.63,20.65,140328
20160715,20.58,20.64,20.49,20.53,98611
20160718,20.48,20.61,20.44,20.53,182858
20160719,20.36,20.4,20.3,20.36,220578
20160720,20.42,20.5,20.37,20.47,187140
20160721,20.42,20.55,20.39,20.43,697894
20160722,20.51,20.51,20.41,20.45,785644
20160725,20.44,20.45,20.33,20.37,387439
20160726,20.4,20.49,20.36,20.42,194276
20160727,20.57,20.62,20.41,20.53,153012
20160728,20.49,20.56,20.42,20.51,318355
20160729,20.63,20.76,20.6,20.73,160950
20160801,20.65,20.65,20.49,20.51,214705
20160802,20.46,20.5,20.3,20.38,230156
20160803,20.25,20.36,20.23,20.36,154965
20160804,20.44,20.52,20.44,20.5,207946
20160805,20.5,20.63,20.5,20.6,215846
20160808,20.68,20.74,20.68,20.72,172192
20160809,20.82,20.95,20.82,20.89,215399
20160810,21.02,21.02,20.91,20.92,161581
20160811,21.01,21.16,21.01,21.12,257415
20160812,21.15,21.15,21.03,21.05,433509
20160815,21.13,21.17,21.11,21.13,202246
20160816,21.13,21.18,21.12,21.13,235619
20160817,21.06,21.18,20.98,21.15,180196
20160818,21.14,21.25,21.12,21.25,192433
20160819,21.03,21.11,20.99,21.11,162422
20160822,20.99,21.11,20.97,21.08,207221
20160823,21.22,21.28,21.19,21.2,330885
20160824,21.23,21.23,21.12,21.12,192142
20160825,21.06,21.11,21.03,21.04,243108
20160826,21.14,21.3,20.87,20.93,215085
20160829,20.91,21.03,20.91,21.02,256458
20160830,21.04,21.08,20.95,20.99,221797
20160831,20.96,21,20.84,20.91,162031
20160901,20.99,21.06,20.92,21.05,183050
20160902,21.25,21.34,21.24,21.32,175873
20160906,21.39,21.51,21.37,21.48,194387
20160907,21.58,21.59,21.48,21.51,221994
20160908,21.51,21.57,21.46,21.5,215275
20160909,21.3,21.3,21.04,21.04,192267
20160912,20.89,21.21,20.84,21.19,293629
20160913,20.9,20.9,20.62,20.68,284537
20160914,20.63,20.74,20.6,20.66,138908
20160915,20.63,20.88,20.6,20.84,49768
20160916,20.59,20.59,20.46,20.52,177797
20160919,20.78,20.79,20.63,20.66,172634
20160920,20.84,20.84,20.73,20.74,240359
20160921,20.95,21.17,20.9,21.14,183151
20160922,21.48,21.54,21.38,21.4,281264
20160923,21.24,21.29,21.2,21.21,174233
20160926,21.04,21.06,20.97,21,161544
20160927,20.91,21.06,20.88,21.04,269660
20160928,21.15,21.28,21.03,21.28,203623
20160929,21.32,21.37,21.06,21.14,143404
20160930,21.19,21.33,21.13,21.27,170276
20161003,21.25,21.27,21.16,21.22,191452
20161004,21.31,21.36,21.14,21.19,230113
20161005,21.34,21.4,21.31,21.36,204217
20161006,21.29,21.29,21.21,21.27,166824
20161007,21.23,21.23,21.02,21.16,178861
20161010,21.26,21.34,21.26,21.29,173709
20161011,21.23,21.23,20.95,21,194639
20161012,20.98,21.02,20.92,20.98,200577
20161013,20.71,20.92,20.66,20.86,220249
20161014,21.07,21.12,20.93,20.93,171615
20161017,20.91,20.96,20.86,20.89,168228
20161018,21.17,21.18,21.09,21.13,248891
20161019,21.19,21.27,21.16,21.23,212234
20161020,21.21,21.29,21.17,21.24,212546
20161021,21.12,21.22,21.09,21.22,148027
20161024,21.3,21.33,21.16,21.24,398029
20161025,21.24,21.27,21.18,21.23,474712
20161026,21.14,21.21,21.1,21.14,187177
20161027,21.23,21.23,21.12,21.15,199857
20161028,21.15,21.22,21.11,21.17,198564
20161031,21.16,21.19,21.07,21.16,595843
20161101,21.26,21.26,20.97,21.06,364107
20161102,21.02,21.04,20.86,20.88,396657
20161103,20.96,20.98,20.86,20.9,225920
20161104,20.73,20.79,20.65,20.66,266553
20161107,20.9,20.99,20.9,20.99,656607
20161108,20.91,21.14,20.91,21.08,228163
20161109,20.85,21.17,20.85,21.11,416237
20161110,21.14,21.2,20.99,21.07,271215
20161111,21,21,20.83,20.92,200944
20161114,20.77,20.84,20.73,20.83,221859
20161115,20.81,20.98,20.78,20.97,318816
20161116,20.75,20.84,20.73,20.76,248033
20161117,20.84,20.91,20.82,20.88,451444
20161118,20.7,20.71,20.6,20.64,305371
20161121,20.79,20.89,20.78,20.89,439175
20161122,20.92,20.99,20.9,20.99,299744
20161123,20.74,20.93,20.73,20.91,247136
20161125,20.99,20.99,20.92,20.95,161636
20161128,20.91,20.91,20.82,20.82,323694
20161129,20.81,20.97,20.78,20.93,290793
20161130,21.02,21.03,20.95,20.98,220150
20161201,21.03,21.08,20.97,20.99,353352
20161202,20.97,21.1,20.96,21.05,299622
20161205,21.2,21.33,21.16,21.28,258289
20161206,21.35,21.49,21.32,21.48,430253
20161207,21.55,21.86,21.55,21.81,451766
20161208,21.86,21.9,21.8,21.86,590049
20161209,21.87,21.91,21.82,21.89,402683
20161212,21.89,21.97,21.84,21.87,324402
20161213,22.02,22.13,22.01,22.07,329201
20161214,22.04,22.04,21.67,21.71,261900
20161215,21.64,21.7,21.59,21.68,460463
20161216,21.69,21.76,21.65,21.67,355829
20161219,21.7,21.71,21.61,21.62,409061
20161220,21.71,21.74,21.66,21.73,480157
20161221,21.74,21.74,21.69,21.71,433390
20161222,21.73,21.73,21.66,21.67,806852
20161223,21.7,21.7,21.64,21.69,419609
20161227,21.7,21.7,21.65,21.67,839256
20161228,21.68,21.68,21.54,21.58,436851
20161229,21.64,21.67,21.6,21.64,434203
20161230,21.8,21.8,21.64,21.69,524284
20170103,21.83,21.86,21.77,21.85,471257
20170104,21.98,22.12,21.97,22.11,341415
20170105,22.18,22.31,22.18,22.3,403196
20170106,22.2,22.22,22.15,22.19,350859
20170109,22.11,22.14,22.03,22.13,570432
20170110,22.17,22.21,22.12,22.14,689608
20170111,22.16,22.34,22.11,22.33,394817
20170112,22.41,22.41,22.26,22.34,356026
20170113,22.41,22.45,22.35,22.45,328201
20170117,22.42,22.43,22.34,22.38,959977
20170118,22.34,22.36,22.24,22.29,501625
20170119,22.3,22.3,22.18,22.25,680498
20170120,22.35,22.39,22.31,22.39,366381
20170123,22.35,22.42,22.29,22.41,322674
20170124,22.4,22.55,22.4,22.53,372956
20170125,22.7,22.79,22.68,22.78,352400
20170126,22.68,22.72,22.61,22.66,482259
20170127,22.64,22.64,22.55,22.58,510112
20170130,22.39,22.39,22.27,22.38,456353
20170131,22.4,22.43,22.29,22.4,441031
20170201,22.51,22.53,22.4,22.49,389517
20170202,22.5,22.53,22.43,22.49,644863
20170203,22.51,22.57,22.46,22.54,383161
20170206,22.33,22.35,22.27,22.35,483044
20170207,22.29,22.3,22.24,22.28,552912
20170208,22.27,22.34,22.19,22.32,465058
20170209,22.38,22.43,22.32,22.39,345872
20170210,22.43,22.52,22.42,22.5,304549
20170213,22.66,22.67,22.6,22.64,363796
20170214,22.63,22.64,22.49,22.63,381218
20170215,22.55,22.7,22.53,22.7,391172
20170216,22.74,22.74,22.68,22.74,356226
20170217,22.55,22.61,22.51,22.6,478579
20170221,22.64,22.72,22.59,22.69,428373
20170222,22.6,22.7,22.56,22.67,408807
20170223,22.79,22.79,22.65,22.69,293785
20170224,22.45,22.51,22.41,22.48,387060
20170227,22.45,22.51,22.4,22.49,514514
20170228,22.49,22.53,22.43,22.46,356287
20170301,22.64,22.77,22.64,22.72,497404
20170302,22.66,22.67,22.55,22.57,550878
20170303,22.65,22.76,22.59,22.74,299697
20170306,22.65,22.65,22.57,22.64,364706
20170307,22.54,22.59,22.51,22.56,330660
20170308,22.54,22.57,22.43,22.44,291519
20170309,22.49,22.53,22.44,22.52,477174
20170310,22.69,22.71,22.62,22.7,347985
20170313,22.75,22.79,22.73,22.79,415066
20170314,22.65,22.65,22.53,22.59,626211
20170315,22.63,22.94,22.63,22.93,384823
20170316,23.09,23.1,23.03,23.08,316581
20170317,23.13,23.14,23.04,23.08,285052
20170320,23.09,23.11,22.99,23.04,311892
20170321,23.22,23.25,22.89,22.89,405830
20170322,22.81,22.92,22.8,22.91,361472
20170323,22.88,23.03,22.87,22.97,455286
20170324,23.01,23.05,22.97,23.02,524366
20170327,23,23.1,22.94,23.08,442554
20170328,23.14,23.23,23.11,23.21,282007
20170329,23.1,23.23,23.1,23.22,250064
20170330,23.2,23.26,23.16,23.17,260644
20170331,23.08,23.18,23.06,23.15,287411
20170403,23.12,23.13,22.88,23.04,570001
20170404,22.98,23.04,22.92,23.03,569079
20170405,23.06,23.1,22.92,22.93,518087
20170406,22.95,22.98,22.91,22.95,410493
20170407,22.91,22.95,22.9,22.91,527180
20170410,22.89,22.94,22.87,22.91,276843
20170411,23.03,23.03,22.84,23.03,514165
20170412,22.96,22.97,22.87,22.96,294179
20170413,22.82,22.83,22.73,22.73,289736
20170417,22.88,22.94,22.84,22.94,386107
20170418,22.72,22.76,22.63,22.74,487760
20170419,22.79,22.8,22.64,22.67,381507
20170420,22.82,22.88,22.81,22.82,300074
20170421,22.84,22.85,22.78,22.84,466316
20170424,23.41,23.46,23.37,23.43,415522
20170425,23.54,23.61,23.52,23.59,381825
20170426,23.52,23.6,23.51,23.52,482296
20170427,23.5,23.5,23.38,23.45,385204
20170428,23.44,23.47,23.42,23.44,291543
20170501,23.54,23.55,23.47,23.52,325461
20170502,23.57,23.63,23.54,23.63,459011
20170503,23.52,23.55,23.48,23.52,341401
20170504,23.61,23.7,23.56,23.7,275196
20170505,23.77,24.03,23.76,24.03,370460
20170508,23.86,23.86,23.79,23.84,310830
20170509,23.82,23.83,23.72,23.76,999448
20170510,23.84,23.85,23.8,23.85,2102620
20170511,23.74,23.76,23.66,23.76,637972
20170512,23.74,23.85,23.74,23.84,394495
20170515,23.99,24.03,23.96,24.03,617466
20170516,24.19,24.21,24.16,24.19,526539
20170517,24.08,24.08,23.89,23.89,386189
20170518,23.8,23.94,23.77,23.92,303329
20170519,24.11,24.24,24.11,24.23,251825
20170522,24.31,24.32,24.24,24.29,283457
20170523,24.35,24.35,24.25,24.27,308635
20170524,24.22,24.29,24.18,24.28,248246
20170525,24.3,24.31,24.21,24.24,293421
20170526,24.11,24.17,24.11,24.17,351191
20170530,24.08,24.13,24.08,24.11,278181
20170531,24.23,24.24,24.11,24.14,426778
20170601,24.19,24.29,24.17,24.28,435864
20170602,24.45,24.5,24.37,24.49,322687
20170605,24.37,24.37,24.3,24.35,256015
20170606,24.26,24.31,24.24,24.31,317263
20170607,24.34,24.39,24.2,24.29,282631
20170608,24.23,24.3,24.19,24.3,288767
20170609,24.16,24.29,24.12,24.23,287721
20170612,24.2,24.23,24.1,24.19,261532
20170613,24.36,24.37,24.3,24.37,299075
20170614,24.5,24.5,24.2,24.28,301005
20170615,23.89,24,23.85,24,1042271
20170616,24.11,24.19,24.05,24.19,242957
20170619,24.27,24.32,24.25,24.27,249382
20170620,24.18,24.18,23.97,24.02,423487
20170621,24,24.04,23.94,23.97,140052
20170622,23.99,24.05,23.95,24,290233
20170623,24,24.08,23.96,24.05,215507
20170626,24.23,24.23,24.08,24.08,507908
20170627,24.12,24.2,24.08,24.13,262269
20170628,24.23,24.42,24.23,24.4,302966
20170629,24.33,24.33,24.1,24.19,288460
20170630,24.25,24.25,24.07,24.18,232659
20170703,24.22,24.29,24.22,24.25,239428
20170705,24.21,24.24,24.11,24.24,282340
20170706,24.11,24.18,24.07,24.13,394378
20170707,24.08,24.16,24.03,24.16,222069
20170710,24.11,24.21,24.1,24.19,207967
20170711,24.18,24.28,24.11,24.27,257048
20170712,24.4,24.5,24.4,24.46,283294
20170713,24.5,24.56,24.47,24.55,336047
20170714,24.65,24.73,24.62,24.72,251449
20170717,24.69,24.7,24.63,24.66,288206
20170718,24.66,24.69,24.62,24.69,290334
20170719,24.73,24.81,24.72,24.79,245747
20170720,24.88,24.9,24.81,24.88,225984
20170721,24.78,24.78,24.66,24.75,284222
20170724,24.7,24.71,24.6,24.7,470334
20170725,24.87,24.87,24.76,24.78,234963
20170726,24.84,24.97,24.82,24.94,499561
20170727,24.98,24.98,24.77,24.87,284799
20170728,24.83,24.92,24.81,24.91,245321
20170731,24.99,25.03,24.91,25.01,233137
20170801,25.17,25.23,25.14,25.14,390305
20170802,25.16,25.18,25.08,25.14,354525
20170803,25.16,25.21,25.13,25.15,340608
20170804,25.2,25.23,25.12,25.2,320097
20170807,25.2,25.25,25.18,25.25,298366
20170808,25.21,25.22,25.1,25.13,307061
20170809,25,25.07,24.94,25.07,305340
20170810,24.94,24.94,24.68,24.72,303370
20170811,24.69,24.73,24.63,24.68,263118
20170814,24.81,24.91,24.81,24.83,282486
20170815,24.77,24.81,24.72,24.8,286224
20170816,24.9,24.99,24.89,24.96,356123
20170817,24.88,24.88,24.69,24.69,316166
20170818,24.69,24.8,24.67,24.73,540104
20170821,24.74,24.77,24.69,24.75,241705
20170822,24.81,24.88,24.81,24.88,413258
20170823,24.81,24.9,24.81,24.89,210710
20170824,24.92,24.94,24.84,24.85,225768
20170825,24.96,25.06,24.93,25.01,263164
20170828,25.07,25.07,24.98,25,261545
20170829,24.84,24.94,24.81,24.91,496579
20170830,24.86,24.88,24.82,24.86,254704
20170831,24.94,25.07,24.94,25.06,240513
20170901,25.17,25.17,25.08,25.13,230716
20170905,25.08,25.09,24.87,24.97,272128
20170906,25.07,25.2,25.07,25.16,289053
20170907,25.37,25.37,25.29,25.35,205016
20170908,25.36,25.39,25.31,25.32,303776
20170911,25.48,25.56,25.47,25.53,248900
20170912,25.6,25.62,25.57,25.61,281546
20170913,25.56,25.57,25.45,25.49,293246
20170914,25.44,25.54,25.44,25.54,216124
20170915,25.57,25.57,25.48,25.55,308135
20170918,25.62,25.64,25.53,25.59,280444
20170919,25.71,25.73,25.65,25.73,269637
20170920,25.76,25.82,25.58,25.7,412690
20170921,25.66,25.71,25.62,25.7,295322
20170922,25.76,25.8,25.73,25.76,265419
20170925,25.7,25.73,25.58,25.65,320806
20170926,25.61,25.62,25.52,25.59,283924
20170927,25.54,25.65,25.54,25.62,382663
20170928,25.59,25.7,25.59,25.68,238301
20170929,25.73,25.83,25.7,25.81,364486
20171002,25.71,25.79,25.7,25.78,324509
20171003,25.79,25.86,25.78,25.86,347016
20171004,25.78,25.79,25.75,25.77,592428
20171005,25.75,25.79,25.74,25.77,232379
20171006,25.68,25.75,25.64,25.75,431625
20171009,25.79,25.79,25.71,25.72,272692
20171010,25.89,25.96,25.85,25.95,210283
20171011,26,26.05,25.96,26.04,267045
20171012,25.98,26.05,25.95,26.01,274053
20171013,26.16,26.18,26.12,26.14,302787
20171016,26.16,26.16,26.1,26.14,283658
20171017,26.08,26.08,26.02,26.08,480532
20171018,26.11,26.15,26.08,26.14,323565
20171019,26.02,26.11,26.02,26.1,222579
20171020,26.1,26.11,26.05,26.09,254246
20171023,26.1,26.12,26.02,26.02,386419
20171024,26.09,26.15,26.05,26.11,331262
20171025,26.1,26.1,25.88,25.99,473985
20171026,26.05,26.05,25.97,25.97,266250
20171027,25.94,26.01,25.85,26.01,486687
20171030,26.06,26.1,26.05,26.1,367428
20171031,26.16,26.22,26.1,26.19,378616
20171101,26.34,26.38,26.26,26.29,413121
20171102,26.29,26.38,26.27,26.38,294575
20171103,26.34,26.34,26.2,26.3,590881
20171106,26.26,26.39,26.25,26.39,284307
20171107,26.34,26.37,26.23,26.3,405395
20171108,26.35,26.41,26.3,26.39,296446
20171109,26.21,26.26,26.1,26.25,282774
20171110,26.13,26.16,26.07,26.14,276401
20171113,25.89,26.02,25.86,26.01,367177
20171114,25.94,25.98,25.87,25.97,355799
20171115,25.7,25.85,25.69,25.81,387863
20171116,25.96,26.01,25.92,25.99,312643
20171117,25.89,25.93,25.85,25.9,443274
20171120,25.97,26,25.93,25.94,305365
20171121,26.12,26.15,26.09,26.1,342958
20171122,26.23,26.27,26.14,26.21,315801
20171124,26.4,26.45,26.39,26.42,335268
20171127,26.4,26.4,26.25,26.25,310469
20171128,26.34,26.4,26.28,26.39,440986
20171129,26.44,26.47,26.31,26.36,294097
20171130,26.49,26.52,26.38,26.42,237142
20171201,26.35,26.4,26.23,26.37,769332
20171204,26.42,26.42,26.28,26.28,381151
20171205,26.3,26.32,26.21,26.22,326078
20171206,26.14,26.2,26.09,26.14,528881
20171207,26.14,26.26,26.11,26.21,318211
20171208,26.33,26.34,26.26,26.34,295454
20171211,26.38,26.41,26.35,26.4,339478
20171212,26.41,26.5,26.39,26.47,582451
20171213,26.5,26.57,26.45,26.53,316247
20171214,26.51,26.52,26.38,26.39,247858
20171215,26.37,26.4,26.31,26.35,321354
20171218,26.63,26.72,26.54,26.65,422247
20171219,26.6,26.62,26.52,26.59,382043
20171220,26.63,26.63,26.54,26.56,386526
20171221,26.62,26.75,26.61,26.72,291840
20171222,26.7,26.76,26.67,26.75,475559
20171226,26.72,26.79,26.72,26.77,633402
20171227,26.82,26.86,26.79,26.82,342911
20171228,26.9,26.92,26.83,26.87,311293
20171229,26.99,26.99,26.85,26.86,359088
20180102,27,27.11,26.94,27.11,434576
20180103,27.12,27.27,27.12,27.26,539708
20180104,27.51,27.59,27.49,27.56,555620
20180105,27.66,27.72,27.61,27.71,486320
20180108,27.68,27.69,27.65,27.69,488840
20180109,27.72,27.74,27.64,27.73,524497
20180110,27.75,27.77,27.67,27.7,485923
20180111,27.77,27.9,27.77,27.9,539131
20180112,28.04,28.21,28.01,28.19,489268
20180116,28.29,28.3,28.11,28.14,567429
20180117,28.17,28.36,28.11,28.27,783780
20180118,28.15,28.23,28.11,28.19,553167
20180119,28.3,28.32,28.22,28.29,476300
20180122,28.37,28.51,28.34,28.51,450900
20180123,28.5,28.56,28.45,28.55,508813
20180124,28.73,28.74,28.53,28.65,577733
20180125,28.78,28.78,28.47,28.54,555437
20180126,28.66,28.75,28.63,28.74,472253
20180129,28.53,28.55,28.44,28.5,550611
20180130,28.37,28.37,28.2,28.22,514680
20180131,28.3,28.3,28.12,28.18,443046
20180201,28.12,28.28,28.11,28.26,410158
20180202,27.97,27.97,27.6,27.62,590902
20180205,27.3,27.39,26.4,26.49,797417
20180206,26.42,27.07,26.38,27.04,1283314
20180207,26.77,26.98,26.65,26.7,583450
20180208,26.76,26.76,26.02,26.03,523999
20180209,26.2,26.23,25.46,26.12,1536551
20180212,26.3,26.54,26.23,26.52,681900
20180213,26.31,26.46,26.29,26.44,459969
20180214,26.26,26.92,26.22,26.91,400034
20180215,27.06,27.07,26.8,27.06,345843
20180216,27.05,27.24,27.05,27.13,346058
20180220,26.96,27.05,26.81,26.88,407609
20180221,26.94,27.1,26.75,26.75,423838
20180222,26.86,27.02,26.8,26.85,414345
20180223,27.01,27.16,26.95,27.16,324997
20180226,27.27,27.38,27.14,27.38,314194
20180227,27.23,27.25,26.99,26.99,372827
20180228,27.05,27.05,26.7,26.7,319471
20180301,26.51,26.61,26.13,26.31,400208
20180302,26.16,26.37,26.03,26.37,464668
20180305,26.14,26.52,26.14,26.51,475949
20180306,26.73,26.75,26.59,26.67,309252
20180307,26.51,26.66,26.45,26.64,276019
20180308,26.68,26.71,26.58,26.67,309138
20180309,26.68,26.83,26.66,26.81,331837
20180312,26.86,26.94,26.83,26.87,526991
20180313,26.97,26.98,26.65,26.7,337369
20180314,26.88,26.88,26.67,26.75,240464
20180315,26.74,26.82,26.68,26.71,222720
20180316,26.68,26.78,26.68,26.71,320307
20180319,26.61,26.65,26.36,26.5,294872
20180320,26.46,26.56,26.45,26.52,477600
20180321,26.49,26.68,26.47,26.6,289296
20180322,26.32,26.34,26.1,26.1,388369
20180323,26.14,26.16,25.77,25.77,463229
20180326,26.22,26.29,25.97,26.29,465528
20180327,26.39,26.44,26,26.06,341399
20180328,26.22,26.4,26.14,26.24,316750
20180329,26.42,26.59,26.35,26.5,322414
20180402,26.39,26.45,25.94,26.06,515257
20180403,26.26,26.34,26.12,26.29,469450
20180404,26,26.42,25.99,26.41,286292
20180405,26.53,26.69,26.46,26.64,313790
20180406,26.59,26.69,26.35,26.41,290746
20180409,26.67,26.79,26.57,26.64,253317
20180410,26.9,27.01,26.87,26.96,738607
20180411,26.91,27.05,26.91,26.91,258029
20180412,26.93,27.02,26.91,26.98,236446
20180413,27.09,27.14,26.95,27.06,311108
20180416,27.12,27.14,27.03,27.1,260558
20180417,27.16,27.26,27.14,27.22,345636
20180418,27.35,27.42,27.28,27.38,283721
20180419,27.41,27.44,27.27,27.33,278450
20180420,27.27,27.31,27.2,27.24,321679
20180423,27.24,27.29,27.19,27.26,292620
20180424,27.31,27.36,27.08,27.13,325221
20180425,27.03,27.14,26.98,27.09,369269
20180426,27.25,27.29,27.15,27.21,225561
20180427,27.22,27.27,27.1,27.22,279263
20180430,27.18,27.29,27.14,27.15,214192
20180501,27.12,27.21,26.93,27.04,314576
20180502,27.15,27.22,27.03,27.06,258775
20180503,27.09,27.15,26.88,27.1,615136
20180504,26.91,27.23,26.91,27.18,344450
20180507,27.24,27.32,27.19,27.24,273917
20180508,27.1,27.19,27.05,27.17,316950
20180509,27.17,27.33,27.15,27.29,248319
20180510,27.39,27.49,27.33,27.47,231449
20180511,27.56,27.6,27.53,27.56,346521
20180514,27.67,27.67,27.58,27.61,293150
20180515,27.38,27.48,27.32,27.41,289219
20180516,27.42,27.5,27.38,27.47,336253
20180517,27.49,27.59,27.46,27.52,257290
20180518,27.43,27.45,27.39,27.41,221740
20180521,27.52,27.57,27.5,27.54,226713
20180522,27.63,27.64,27.49,27.51,418241
20180523,27.18,27.22,27.08,27.21,309798
20180524,27.1,27.1,26.93,27.04,282648
20180525,26.8,26.84,26.73,26.76,252253
20180529,26.34,26.44,26.14,26.24,513038
20180530,26.51,26.68,26.41,26.66,443164
20180531,26.56,26.6,26.41,26.51,366180
20180601,26.75,26.75,26.66,26.68,251824
20180604,26.88,26.95,26.79,26.79,343986
20180605,26.76,26.77,26.69,26.73,348535
20180606,26.87,27,26.81,26.99,270531
20180607,27.05,27.09,26.86,26.91,347234
20180608,26.89,26.93,26.81,26.91,311708
20180611,26.98,27.14,26.98,27.1,253104
20180612,27.02,27.06,26.87,26.93,392869
20180613,26.99,27.01,26.86,26.94,394654
20180614,26.96,27.03,26.91,26.91,314765
20180615,26.77,26.77,26.61,26.72,301389
20180618,26.44,26.54,26.41,26.52,390732
20180619,26.18,26.34,26.15,26.34,464927
20180620,26.39,26.39,26.27,26.3,309323
20180621,26.22,26.22,26.07,26.09,315536
20180622,26.45,26.53,26.36,26.44,448085
20180625,26.23,26.25,25.98,26.04,400381
20180626,26.12,26.17,26.02,26.08,642311
20180627,26.13,26.24,25.92,25.92,686455
20180628,25.9,26.03,25.87,25.98,885675
20180629,26.17,26.27,26.12,26.14,438122
20180702,25.79,25.91,25.77,25.9,539498
20180703,26.13,26.19,25.98,25.98,288741
20180705,26.27,26.3,26.21,26.28,231340
20180706,26.31,26.47,26.28,26.43,318151
20180709,26.6,26.65,26.55,26.64,281160
20180710,26.6,26.69,26.6,26.66,318362
20180711,26.34,26.4,26.11,26.15,304105
20180712,26.27,26.37,26.24,26.33,217692
20180713,26.37,26.42,26.3,26.42,235202
20180716,26.38,26.4,26.31,26.34,256763
20180717,26.3,26.42,26.29,26.4,352345
20180718,26.39,26.47,26.35,26.44,227068
20180719,26.28,26.43,26.27,26.32,298518
20180720,26.34,26.48,26.34,26.45,708363
20180723,26.45,26.48,26.41,26.44,239514
20180724,26.67,26.75,26.57,26.59,328370
20180725,26.59,26.83,26.49,26.79,365808
20180726,26.72,26.8,26.68,26.7,389322
20180727,26.83,26.9,26.74,26.76,334314
20180730,26.88,26.92,26.81,26.84,380996
20180731,26.94,26.97,26.86,26.88,305253
20180801,26.85,26.85,26.71,26.76,423656
20180802,26.44,26.54,26.4,26.54,423406
20180803,26.41,26.56,26.41,26.55,264230
20180806,26.39,26.5,26.34,26.46,265262
20180807,26.72,26.75,26.63,26.65,367327
20180808,26.61,26.69,26.56,26.66,622941
20180809,26.61,26.67,26.53,26.53,322200
20180810,26.06,26.15,25.96,26.04,417506
20180813,25.97,26.03,25.84,25.88,384135
20180814,25.92,25.97,25.86,25.9,340686
20180815,25.58,25.58,25.34,25.51,1464485
20180816,25.68,25.76,25.67,25.69,301630
20180817,25.66,25.91,25.65,25.84,294331
20180820,25.92,25.99,25.88,25.96,630056
20180821,26.14,26.21,26.07,26.15,308516
20180822,26.27,26.29,26.23,26.27,297405
20180823,26.11,26.15,26.01,26.01,527030
20180824,26.16,26.25,26.14,26.22,250878
20180827,26.39,26.56,26.37,26.52,324794
20180828,26.6,26.62,26.48,26.49,372063
20180829,26.49,26.61,26.45,26.58,304115
20180830,26.39,26.4,26.3,26.36,312352
20180831,26.15,26.23,26.02,26.08,322852
20180904,25.76,25.83,25.71,25.82,355509
20180905,25.73,25.73,25.58,25.64,3731681
20180906,25.63,25.7,25.5,25.59,570259
20180907,25.38,25.46,25.33,25.4,1564316
20180910,25.61,25.62,25.53,25.55,386156
20180911,25.43,25.6,25.41,25.56,416659
20180912,25.61,25.75,25.61,25.68,360249
20180913,25.93,25.96,25.84,25.9,280537
20180914,25.92,25.98,25.85,25.89,4860951
20180917,26.06,26.13,25.98,25.99,317127
20180918,26.19,26.32,26.19,26.31,522864
20180919,26.35,26.45,26.34,26.41,331326
20180920,26.68,26.74,26.6,26.73,312000
20180921,26.72,26.8,26.68,26.76,368464
20180924,26.78,26.82,26.67,26.67,424595
20180925,26.86,26.91,26.8,26.81,401889
20180926,26.76,26.92,26.76,26.78,425378
20180927,26.73,26.85,26.71,26.73,424027
20180928,26.48,26.6,26.47,26.51,334593
20181001,26.59,26.66,26.52,26.56,376909
20181002,26.4,26.47,26.31,26.43,378269
20181003,26.47,26.52,26.37,26.4,416951
20181004,26.29,26.31,26.05,26.18,357826
20181005,26.12,26.14,25.92,26.03,353842
20181008,25.79,25.94,25.73,25.94,375211
20181009,25.69,25.91,25.65,25.84,348656
20181010,25.85,25.85,25.35,25.35,556330
20181011,25.31,25.35,24.85,24.99,3092817
20181012,25.15,25.15,24.78,25.06,3169095
20181015,25,25.16,24.94,25.06,1318319
20181016,25.31,25.49,25.3,25.45,383924
20181017,25.32,25.36,25.14,25.24,347654
20181018,25.17,25.2,24.78,24.88,594136
20181019,24.99,25.15,24.95,25.02,407838
20181022,24.98,25,24.79,24.85,1326924
20181023,24.46,24.72,24.33,24.63,3878403
20181024,24.47,24.52,23.95,23.95,717238
20181025,24.14,24.34,24.06,24.22,858087
20181026,23.91,24.22,23.75,24.06,975646
20181029,24.35,24.39,23.82,24.04,662433
20181030,24.06,24.28,24.01,24.26,842010
20181031,24.48,24.59,24.41,24.43,447514
20181101,24.63,24.74,24.56,24.71,373337
20181102,24.89,24.92,24.58,24.67,360980
20181105,24.76,24.82,24.67,24.75,590099
20181106,24.77,24.87,24.73,24.84,275861
20181107,25.08,25.15,24.99,25.15,398820
20181108,25.06,25.13,24.87,24.92,362935
20181109,24.75,24.78,24.64,24.76,458299
20181112,24.6,24.62,24.34,24.36,1576418
20181113,24.39,24.59,24.35,24.39,959105
20181114,24.6,24.62,24.31,24.43,340256
20181115,24.27,24.56,24.18,24.51,2054036
20181116,24.41,24.59,24.41,24.55,347033
20181119,24.53,24.57,24.33,24.38,434767
20181120,24.09,24.16,23.91,23.96,3063367
20181121,24.21,24.38,24.19,24.28,505619
20181123,24.02,24.1,24.02,24.04,1143644
20181126,24.34,24.46,24.33,24.39,477642
20181127,24.28,24.34,24.2,24.31,857345
20181128,24.33,24.65,24.23,24.63,461288
20181129,24.47,24.6,24.44,24.53,432442
20181130,24.38,24.45,24.33,24.45,513020
20181203,24.76,24.8,24.64,24.74,506139
20181204,24.62,24.62,24.07,24.11,634376
20181206,23.7,23.9,23.45,23.88,4410911
20181207,23.9,24.03,23.61,23.65,607295
20181210,23.53,23.56,23.21,23.44,2528248
20181211,23.66,23.69,23.35,23.47,730985
20181212,23.83,23.98,23.79,23.82,1917762
20181213,23.87,23.93,23.78,23.8,1753808
20181214,23.55,23.65,23.49,23.5,2051920
20181217,23.5,23.53,23.22,23.3,3263367
20181218,23.42,23.5,23.26,23.33,5388184
20181219,23.41,23.58,23.03,23.12,950909
20181220,23.12,23.2,22.92,23.01,3536367
20181221,22.84,22.96,22.56,22.57,5126765
20181224,22.58,22.65,22.3,22.33,2250546
20181226,22.4,22.88,22.27,22.87,1946143
20181227,22.58,22.88,22.41,22.88,2342376
20181228,23.14,23.14,22.96,23.05,2991850
20181231,23.15,23.17,22.98,23.07,1681332
20190102,22.78,23.07,22.78,23.07,603989
20190103,23.02,23.05,22.85,22.94,540418
20190104,23.29,23.7,23.29,23.66,370927
20190107,23.65,23.85,23.6,23.75,753217
20190108,23.94,23.98,23.81,23.89,534140
20190109,24.09,24.19,24.02,24.15,480447
20190110,24.09,24.26,24.06,24.25,374622
20190111,24.07,24.16,24.02,24.12,541194
20190114,23.93,24.11,23.93,24.02,529262
20190115,24.05,24.17,24.03,24.13,320757
20190116,24.12,24.22,24.12,24.18,415415
20190117,24.04,24.32,24.04,24.27,798290
20190118,24.5,24.56,24.44,24.53,660018
20190122,24.25,24.28,24.1,24.15,771916
20190123,24.3,24.34,24.13,24.2,505706
20190124,24.24,24.32,24.19,24.28,419509
20190125,24.52,24.6,24.51,24.57,308799
20190128,24.37,24.44,24.32,24.43,412125
20190129,24.55,24.62,24.48,24.48,513621
20190130,24.58,24.83,24.52,24.75,355417
20190131,24.71,24.79,24.65,24.71,1643773
20190201,24.69,24.75,24.64,24.67,749983
20190204,24.61,24.73,24.58,24.73,400552
20190205,24.9,24.95,24.88,24.92,446842
20190206,24.85,24.9,24.79,24.79,686692
20190207,24.59,24.63,24.41,24.48,423881
20190208,24.28,24.35,24.19,24.34,485102
20190211,24.32,24.33,24.24,24.3,987767
20190212,24.52,24.59,24.5,24.57,795815
20190213,24.64,24.69,24.56,24.56,459588
20190214,24.54,24.64,24.5,24.54,372697
20190215,24.79,24.94,24.78,24.92,417629
20190219,24.85,25.09,24.85,25.04,472428
20190220,25.07,25.23,25.07,25.14,500543
20190221,25.11,25.11,25,25.05,325779
20190222,25.15,25.21,25.11,25.15,330172
20190225,25.28,25.32,25.2,25.21,399230
20190226,25.25,25.39,25.23,25.34,414238
20190227,25.31,25.33,25.23,25.28,408611
20190228,25.23,25.27,25.18,25.2,402007
20190301,25.31,25.35,25.21,25.29,613379
20190304,25.28,25.3,25.07,25.19,454980
20190305,25.18,25.24,25.13,25.2,355020
20190306,25.22,25.22,25.11,25.12,285593
20190307,25,25.01,24.79,24.79,388610
20190308,24.61,24.77,24.59,24.77,510260
20190311,24.79,25.01,24.79,25.01,501246
20190312,24.99,25.04,24.98,25.01,1193246
20190313,25.08,25.25,25.08,25.22,376739
20190314,25.21,25.24,25.17,25.18,329047
20190315,25.32,25.45,25.32,25.44,484476
20190318,25.47,25.57,25.47,25.54,388893
20190319,25.71,25.75,25.57,25.61,377963
20190320,25.52,25.73,25.44,25.6,696882
20190321,25.48,25.64,25.48,25.62,487883
20190322,25.33,25.37,25.12,25.14,344101
20190325,25.11,25.17,25.05,25.14,379270
20190326,25.29,25.32,25.18,25.24,371903
20190327,25.29,25.3,25.07,25.22,286929
20190328,25.15,25.19,25.06,25.15,368306
20190329,25.23,25.25,25.14,25.21,314100
20190401,25.5,25.6,25.48,25.57,521989
20190402,25.55,25.62,25.5,25.6,549869
20190403,25.81,25.87,25.76,25.79,437925
20190404,25.75,25.78,25.73,25.75,687224
20190405,25.77,25.82,25.74,25.8,334671
20190408,25.81,25.83,25.76,25.83,325857
20190409,25.75,25.75,25.66,25.68,403039
20190410,25.7,25.8,25.69,25.77,497690
20190411,25.76,25.79,25.68,25.73,353754
20190412,25.94,25.96,25.91,25.94,338853
20190415,25.96,25.99,25.91,25.95,398753
20190416,26.05,26.06,25.97,25.97,491020
20190417,26.14,26.14,26.06,26.12,413015
20190418,26.07,26.09,26.02,26.07,272744
20190422,25.97,26.06,25.97,26.05,419656
20190423,25.96,26.07,25.95,26.07,666659
20190424,25.83,25.83,25.68,25.71,468613
20190425,25.64,25.71,25.61,25.7,403479
20190426,25.75,25.78,25.69,25.78,323398
20190429,25.77,25.89,25.77,25.88,736802
20190430,25.91,25.95,25.8,25.92,409161
20190501,25.94,25.97,25.71,25.73,388107
20190502,25.76,25.76,25.62,25.65,379745
20190503,25.76,25.91,25.76,25.9,292162
20190506,25.37,25.66,25.35,25.62,506973
20190507,25.39,25.4,25.12,25.18,557884
20190508,25.19,25.26,25.12,25.17,374320
20190509,24.85,25.01,24.78,24.97,647366
20190510,24.96,25.15,24.83,25.12,345437
20190513,24.67,24.7,24.5,24.54,702674
20190514,24.7,24.84,24.69,24.77,454550
20190515,24.58,24.89,24.58,24.86,461138
20190516,24.93,25.08,24.88,24.97,320117
20190517,24.79,24.95,24.79,24.81,371981
20190520,24.73,24.82,24.69,24.78,318164
20190521,24.86,24.95,24.84,24.94,434878
20190522,24.79,24.84,24.77,24.79,330378
20190523,24.5,24.54,24.41,24.49,572250
20190524,24.73,24.76,24.66,24.75,319579
20190528,24.76,24.8,24.55,24.55,314773
20190529,24.36,24.39,24.28,24.37,533084
20190530,24.43,24.47,24.4,24.46,445081
20190531,24.14,24.26,24.12,24.25,562325
20190603,24.3,24.43,24.27,24.39,403245
20190604,24.61,24.79,24.57,24.78,509888
20190605,24.84,24.84,24.67,24.7,463302
20190606,24.77,24.86,24.73,24.81,374855
20190607,25,25.15,25,25.08,350959
20190610,25.16,25.21,25.13,25.16,348025
20190611,25.38,25.4,25.27,25.3,303106
20190612,25.18,25.21,25.09,25.09,363611
20190613,25.12,25.13,25.04,25.07,344804
20190614,24.94,24.94,24.89,24.91,322787
20190617,24.89,24.95,24.88,24.9,392329
20190618,25.1,25.26,25.1,25.24,393489
20190619,25.32,25.43,25.28,25.4,419286
20190620,25.68,25.7,25.56,25.65,597436
20190621,25.54,25.64,25.54,25.57,423586
20190624,25.58,25.63,25.57,25.58,314829
20190625,25.59,25.59,25.42,25.42,402986
20190626,25.55,25.59,25.49,25.51,339854
20190627,25.6,25.63,25.59,25.59,318024
20190628,25.67,25.73,25.67,25.73,387045
20190701,25.95,25.95,25.76,25.82,705665
20190702,25.84,25.89,25.82,25.88,560204
20190703,25.95,25.98,25.92,25.97,237645
20190705,25.81,25.84,25.67,25.84,310783
20190708,25.67,25.72,25.64,25.66,288932
20190709,25.47,25.55,25.46,25.54,339760
20190710,25.67,25.72,25.6,25.64,331920
20190711,25.68,25.72,25.6,25.64,265852
20190712,25.66,25.72,25.63,25.71,352742
20190715,25.74,25.74,25.68,25.71,419554
20190716,25.61,25.68,25.57,25.58,636201
20190717,25.58,25.6,25.49,25.5,340803
20190718,25.38,25.55,25.36,25.53,354202
20190719,25.52,25.56,25.47,25.47,357208
20190722,25.52,25.55,25.48,25.52,534211
20190723,25.69,25.72,25.65,25.69,347141
20190724,25.64,25.72,25.64,25.72,476735
20190725,25.64,25.64,25.43,25.46,371399
20190726,25.5,25.53,25.48,25.48,328834
20190729,25.52,25.52,25.47,25.48,340783
20190730,25.22,25.24,25.17,25.21,382800
20190731,25.21,25.24,24.85,25.02,458063
20190801,24.99,25.19,24.78,24.86,362139
20190802,24.71,24.74,24.52,24.63,1131899
20190805,24.25,24.26,23.94,24.05,2355338
20190806,24.21,24.24,24,24.17,1134145
20190807,23.99,24.25,23.94,24.22,1313695
20190808,24.27,24.48,24.26,24.44,678260
20190809,24.31,24.35,24.19,24.26,404184
20190812,24.16,24.2,24.02,24.04,760822
20190813,23.99,24.34,23.98,24.29,476765
20190814,23.84,23.85,23.61,23.61,3817546
20190815,23.68,23.72,23.58,23.69,1439117
20190816,23.83,23.99,23.8,23.96,560939
20190819,24.18,24.19,24.12,24.12,514605
20190820,24.08,24.09,23.97,24,410690
20190821,24.24,24.25,24.18,24.18,504904
20190822,24.18,24.23,24.05,24.14,335195
20190823,24.06,24.21,23.77,23.77,576463
20190826,24.07,24.08,23.94,24.01,392978
20190827,24.14,24.16,24,24.02,421460
20190828,23.94,24.11,23.91,24.06,365675
20190829,24.27,24.3,24.19,24.25,462494
20190830,24.42,24.43,24.28,24.37,426248
20190903,24.23,24.32,24.22,24.32,442972
20190904,24.55,24.64,24.53,24.64,529875
20190905,24.85,24.92,24.83,24.84,311478
20190906,24.92,24.97,24.9,24.92,333444
20190909,25.04,25.08,25.02,25.05,349803
20190910,25.15,25.28,25.13,25.26,354554
20190911,25.36,25.42,25.34,25.41,495182
20190912,25.44,25.61,25.41,25.56,408023
20190913,25.73,25.82,25.72,25.74,321699
20190916,25.63,25.66,25.59,25.6,427597
20190917,25.47,25.64,25.47,25.61,298737
20190918,25.54,25.6,25.42,25.56,318253
20190919,25.7,25.76,25.66,25.66,366980
20190920,25.71,25.75,25.61,25.62,375259
20190923,25.47,25.56,25.44,25.53,297578
20190924,25.58,25.6,25.4,25.43,398084
20190925,25.3,25.4,25.2,25.39,389062
20190926,25.46,25.48,25.4,25.42,457143
20190927,25.41,25.45,25.28,25.32,401264
20190930,25.31,25.43,25.31,25.4,548953
20191001,25.38,25.38,25.13,25.17,472369
20191002,24.83,24.83,24.56,24.65,716158
20191003,24.62,24.77,24.51,24.77,804968
20191004,24.79,24.96,24.77,24.96,352807
20191007,24.89,25.01,24.89,24.94,359947
20191008,24.77,24.8,24.66,24.68,406828
20191009,24.85,24.91,24.8,24.87,440817
20191010,24.9,25.11,24.9,25.08,415688
20191011,25.52,25.69,25.52,25.56,290155
20191014,25.45,25.52,25.44,25.47,255271
20191015,25.58,25.86,25.58,25.8,253816
20191016,25.77,25.88,25.77,25.84,428393
20191017,25.95,25.99,25.84,25.9,284215
20191018,25.85,25.93,25.8,25.91,245510
20191021,26.1,26.13,26.08,26.1,282459
20191022,26.12,26.22,26.06,26.07,268837
20191023,26.15,26.22,26.11,26.22,349524
20191024,26.32,26.32,26.19,26.25,226123
20191025,26.17,26.29,26.16,26.29,346421
20191028,26.31,26.37,26.31,26.35,269856
20191029,26.25,26.35,26.25,26.32,434256
20191030,26.29,26.37,26.15,26.36,497465
20191031,26.24,26.24,26.13,26.23,263376
20191101,26.41,26.49,26.41,26.48,397789
20191104,26.72,26.74,26.65,26.69,338169
20191105,26.74,26.76,26.68,26.73,461553
20191106,26.76,26.78,26.68,26.73,455911
20191107,26.9,26.93,26.84,26.87,272946
20191108,26.76,26.84,26.71,26.84,352552
20191111,26.69,26.81,26.69,26.8,293789
20191112,26.81,26.87,26.76,26.79,241444
20191113,26.57,26.69,26.56,26.67,375795
20191114,26.54,26.59,26.5,26.59,287468
20191115,26.7,26.78,26.68,26.78,330567
20191118,26.69,26.77,26.64,26.74,302354
20191119,26.81,26.81,26.64,26.68,421286
20191120,26.49,26.55,26.4,26.47,340308
20191121,26.47,26.48,26.39,26.47,486518
20191122,26.54,26.56,26.46,26.5,280613
20191125,26.63,26.71,26.63,26.7,316072
20191126,26.67,26.7,26.63,26.69,325727
20191127,26.69,26.74,26.68,26.73,305471
20191129,26.54,26.54,26.48,26.51,192645
20191202,26.49,26.49,26.26,26.37,400592
20191203,26.12,26.25,26.02,26.23,580550
20191204,26.39,26.48,26.37,26.46,301077
20191205,26.48,26.49,26.38,26.44,353299
20191206,26.65,26.69,26.63,26.68,312810
20191209,26.65,26.71,26.57,26.57,305141
20191210,26.55,26.65,26.49,26.59,526841
20191211,26.65,26.78,26.59,26.76,323762
20191212,26.82,27.03,26.76,27.01,410183
20191213,27.15,27.32,27.09,27.16,307393
20191216,27.43,27.48,27.41,27.45,364018
20191217,27.34,27.39,27.34,27.34,484276
20191218,27.3,27.32,27.28,27.31,1759613
20191219,27.25,27.32,27.23,27.3,336092
20191220,27.32,27.37,27.3,27.31,437261
20191223,27.26,27.31,27.24,27.31,499736
20191224,27.26,27.27,27.21,27.25,314233
20191226,27.29,27.39,27.28,27.37,292596
20191227,27.5,27.5,27.39,27.41,322754
20191230,27.45,27.45,27.22,27.24,433234
20191231,27.25,27.37,27.17,27.37,390791
20200102,27.58,27.6,27.5,27.6,555786
20200103,27.22,27.38,27.21,27.26,443494
20200106,27.19,27.37,27.19,27.37,524661
20200107,27.32,27.33,27.24,27.25,495404
20200108,27.23,27.4,27.23,27.32,406418
20200109,27.35,27.36,27.29,27.35,821110
20200110,27.32,27.35,27.21,27.22,540241
20200113,27.23,27.38,27.19,27.38,559075
20200114,27.28,27.4,27.28,27.39,577980
20200115,27.28,27.34,27.27,27.3,471797
20200116,27.38,27.44,27.32,27.44,395424
20200117,27.48,27.49,27.43,27.49,553570
20200121,27.4,27.42,27.28,27.28,2029363
20200122,27.37,27.37,27.27,27.3,712814
20200123,27.16,27.24,27.03,27.22,409199
20200124,27.27,27.27,27,27.05,459600
20200127,26.47,26.63,26.46,26.49,851570
20200128,26.59,26.74,26.55,26.73,559887
20200129,26.75,26.79,26.66,26.67,535045
20200130,26.49,26.66,26.39,26.65,601844
20200131,26.33,26.33,26.04,26.13,644835
20200203,26.15,26.29,26.15,26.18,387409
20200204,26.56,26.65,26.56,26.62,526980
20200205,26.86,26.92,26.8,26.89,387212
20200206,27.03,27.04,26.96,27.01,361391
20200207,26.84,26.84,26.74,26.74,758502
20200210,26.7,26.77,26.69,26.76,444368
20200211,26.96,27.03,26.91,26.97,447007
20200212,27.11,27.13,27.06,27.12,422893
20200213,26.87,26.97,26.84,26.9,370282
20200214,26.9,26.93,26.8,26.87,354573
20200218,26.66,26.75,26.64,26.7,490387
20200219,26.76,26.78,26.72,26.74,499816
20200220,26.63,26.67,26.44,26.56,488283
20200221,26.46,26.46,26.34,26.4,502592
20200224,25.36,25.5,25.32,25.35,1785941
20200225,25.43,25.47,24.86,24.9,1332792
20200226,25.11,25.28,24.93,24.95,1563467
20200227,24.51,24.78,24.16,24.16,2999157
20200228,23.62,24,23.41,23.97,12223188
20200302,23.91,24.31,23.72,24.28,2616309
20200303,24.38,24.69,23.82,23.98,1026559
20200304,24.42,24.71,24.24,24.69,763466
20200305,24.07,24.22,23.87,23.97,754124
20200306,23.51,23.73,23.34,23.55,1448782
20200309,21.69,22.35,21.48,21.52,9227591
20200310,22.34,22.39,21.57,22.25,1495929
20200311,21.67,21.76,21.02,21.15,2240867
20200312,19.511,19.567,18.434,18.679,2849310
20200313,19.851,19.917,18.66,19.747,2062359
20200316,17.404,18.292,16.988,17.583,10894975
20200317,17.914,18.556,17.621,18.462,2001587
20200318,17.282,17.791,16.809,17.272,1376008
20200319,17.243,17.876,17.092,17.517,2015416
20200320,17.98,18.273,17.366,17.422,1610894
20200323,17.446,17.574,17.021,17.229,3568027
20200324,18.5,18.887,18.339,18.821,1415357
20200325,19.057,19.87,18.789,19.482,1358621
20200326,19.567,20.43,19.566,20.37,1485102
20200327,19.505,19.974,19.358,19.652,1303879
20200330,19.624,20.002,19.492,19.992,2078436
20200331,19.678,20.02,19.611,19.885,883737
20200401,19.227,19.388,18.944,18.953,1143918
20200402,19.019,19.492,18.991,19.407,833773
20200403,19.045,19.142,18.766,18.875,3173673
20200406,19.624,20.002,19.558,19.936,811460
20200407,20.68,20.74,20.05,20.12,849907
20200408,20.1,20.28,19.936,20.24,1884440
20200409,20.49,20.74,20.43,20.64,1556885
20200413,20.54,20.58,20.25,20.46,5733744
20200414,20.71,20.89,20.62,20.72,1470725
20200415,20.07,20.15,19.856,19.917,1551821
20200416,19.943,19.964,19.716,19.895,10106731
20200417,20.35,20.46,20.23,20.45,2585973
20200420,20.13,20.41,20.05,20.05,2434672
20200421,19.729,19.898,19.559,19.654,751867
20200422,19.992,20.03,19.865,19.974,641422
20200423,20.08,20.38,19.983,20,2741998
20200424,20.14,20.23,19.974,20.18,1034125
20200427,20.33,20.59,20.33,20.53,921804
20200428,20.96,20.99,20.72,20.76,537663
20200429,21.27,21.49,21.25,21.45,2677327
20200430,21.07,21.1,20.8,20.91,3751733
20200501,20.52,20.58,20.29,20.38,3505095
20200504,20.17,20.37,20.1,20.37,703347
20200505,20.53,20.63,20.34,20.4,619056
20200506,20.51,20.52,20.19,20.2,520857
20200507,20.42,20.55,20.37,20.45,762525
20200508,20.72,20.83,20.69,20.82,449281
20200511,20.68,20.85,20.65,20.78,532618
20200512,20.81,20.85,20.48,20.49,622417
20200513,20.57,20.57,20.13,20.24,888424
20200514,19.747,20.09,19.577,20.07,4169228
20200515,20.02,20.18,19.941,20.08,460241
20200518,20.62,21.02,20.6,20.98,908336
20200519,20.84,20.93,20.69,20.69,663391
20200520,21.02,21.19,20.98,21.07,699657
20200521,21,21.09,20.79,20.87,1191576
20200522,20.77,20.79,20.63,20.78,698565
20200526,21.47,21.61,21.45,21.48,519385
20200527,21.91,21.95,21.7,21.93,614348
20200528,22.16,22.3,22.04,22.05,542579
20200529,21.9,21.95,21.66,21.9,505365
20200601,22.06,22.41,22.06,22.41,810038
20200602,22.62,22.77,22.59,22.73,630998
20200603,23.09,23.44,23.09,23.36,800112
20200604,23.22,23.38,23.14,23.22,580823
20200605,23.87,24.06,23.82,23.87,878199
20200608,24.15,24.34,23.97,24.34,1077115
20200609,23.81,23.98,23.77,23.89,808239
20200610,23.88,23.98,23.7,23.74,642444
20200611,22.92,23.01,22.21,22.24,1727543
20200612,22.82,22.93,22.38,22.7,988558
20200615,22.09,22.74,22.05,22.68,728146
20200616,23.22,23.3,22.79,23.04,510006
20200617,23.17,23.17,22.96,23.02,361001
20200618,22.82,22.98,22.8,22.89,3396635
20200619,23.1,23.1,22.7,22.74,526871
20200622,22.84,23.01,22.75,22.97,4919235
20200623,23.27,23.31,23.1,23.12,589928
20200624,22.83,22.88,22.43,22.51,2379179
20200625,22.46,22.8,22.37,22.78,1238873
20200626,22.69,22.74,22.35,22.38,1128177
20200629,22.52,22.64,22.4,22.64,701481
20200630,22.44,22.68,22.39,22.61,737524
20200701,22.52,22.69,22.52,22.62,384943
20200702,22.95,23.12,22.82,22.87,463044
20200706,23.2,23.33,23.14,23.26,428019
20200707,23.01,23.06,22.83,22.83,407067
20200708,22.81,22.99,22.76,22.98,408753
20200709,22.91,22.92,22.49,22.64,460938
20200710,22.7,22.94,22.66,22.93,777199
20200713,23.1,23.23,22.79,22.83,628999
20200714,22.92,23.29,22.91,23.26,382523
20200715,23.59,23.7,23.47,23.53,580952
20200716,23.42,23.57,23.4,23.45,358449
20200717,23.48,23.57,23.42,23.54,395294
20200720,23.53,23.64,23.48,23.63,442117
20200721,23.69,23.81,23.66,23.68,399093
20200722,23.64,23.75,23.62,23.71,309716
20200723,23.62,23.73,23.45,23.51,422555
20200724,23.42,23.53,23.38,23.43,508987
20200727,23.61,23.76,23.6,23.73,367107
20200728,23.59,23.69,23.56,23.58,395398
20200729,23.64,23.83,23.6,23.8,394100
20200730,23.17,23.39,22.97,23.37,410529
20200731,23.18,23.18,22.68,22.83,721003
20200803,23.02,23.23,22.97,23.22,366791
20200804,23.25,23.52,23.25,23.5,363733
20200805,23.72,23.84,23.65,23.68,396711
20200806,23.58,23.76,23.55,23.71,430020
20200807,23.44,23.6,23.42,23.6,421762
20200810,23.68,23.84,23.68,23.83,729156
20200811,24.34,24.39,24.04,24.06,405933
20200812,24.57,24.69,24.52,24.57,395107
20200813,24.47,24.54,24.29,24.35,403027
20200814,24.12,24.24,24.11,24.2,374184
20200817,24.31,24.38,24.29,24.33,380717
20200818,24.35,24.37,24.17,24.23,451392
20200819,24.33,24.38,24.12,24.15,458641
20200820,23.84,24.03,23.82,24,312861
20200821,23.7,23.83,23.68,23.82,450015
20200824,24.17,24.18,24.09,24.18,351625
20200825,24.36,24.38,24.1,24.24,354366
20200826,24.21,24.38,24.21,24.36,441437
20200827,24.32,24.33,24.01,24.09,415497
20200828,24.29,24.34,24.19,24.34,508427
20200831,24.25,24.28,24.09,24.11,385443
20200901,24.05,24.14,23.96,24.09,388349
20200902,24.17,24.33,24.12,24.32,610488
20200903,24.28,24.35,23.77,23.84,567187
20200904,24.06,24.16,23.64,24.04,593468
20200908,23.76,23.94,23.67,23.74,720690
20200909,24.07,24.25,24.07,24.14,439279
20200910,24.3,24.35,23.91,23.94,913718
20200911,24.11,24.22,24.01,24.16,704812
20200914,24.35,24.38,24.28,24.32,824842
20200915,24.49,24.52,24.38,24.44,794536
20200916,24.41,24.58,24.36,24.4,838858
20200917,24.18,24.42,24.18,24.41,836882
20200918,24.25,24.27,24.04,24.1,396310
20200921,23.53,23.53,23.2,23.46,1278603
20200922,23.47,23.54,23.25,23.48,905756
20200923,23.55,23.59,23.15,23.16,1072699
20200924,23.11,23.34,22.99,23.18,1345982
20200925,22.96,23.2,22.86,23.2,921268
20200928,23.53,23.63,23.53,23.62,980434
20200929,23.57,23.59,23.41,23.5,970634
20200930,23.45,23.61,23.37,23.43,1094066
20201001,23.5,23.52,23.35,23.51,451705
20201002,23.18,23.54,23.15,23.5,1346291
20201005,23.76,23.96,23.76,23.96,303821
20201006,24.06,24.1,23.74,23.79,455529
20201007,23.98,24.11,23.97,24.07,324988
20201008,24.16,24.24,24.12,24.23,436428
20201009,24.33,24.37,24.25,24.33,393903
20201012,24.34,24.41,24.3,24.39,408290
20201013,24.17,24.18,24.03,24.08,384812
20201014,24.11,24.17,23.97,24.01,481613
20201015,23.54,23.78,23.5,23.77,961088
20201016,23.8,23.93,23.78,23.87,359186
20201019,23.96,24.02,23.74,23.77,441610
20201020,23.91,24.05,23.88,23.93,506753
20201021,23.96,24.07,23.91,23.93,535837
20201022,23.85,23.99,23.77,23.96,505526
20201023,24.18,24.18,24.03,24.17,464075
20201026,23.9,23.94,23.63,23.78,896105
20201027,23.66,23.66,23.45,23.48,967049
20201028,22.9,22.95,22.66,22.67,1546472
20201029,22.67,22.88,22.56,22.82,1230562
20201030,22.72,22.77,22.57,22.77,993477
20201102,23.05,23.15,22.98,23.15,1082449
20201103,23.6,23.83,23.58,23.76,322109
20201104,23.69,24,23.57,23.8,372417
20201105,24.23,24.35,24.14,24.29,670163
20201106,24.38,24.45,24.32,24.34,776420
20201109,25.77,25.83,25.42,25.46,1090247
20201110,25.82,26.07,25.78,25.96,540845
20201111,26.1,26.11,25.97,26.06,501585
20201112,25.78,25.88,25.55,25.61,716305
20201113,25.81,26.08,25.8,26.05,330201
20201116,26.52,26.57,26.39,26.57,411163
20201117,26.5,26.7,26.41,26.63,1417581
20201118,26.67,26.79,26.48,26.48,345746
20201119,26.41,26.61,26.34,26.61,372742
20201120,26.6,26.72,26.58,26.69,386265
20201123,26.89,26.96,26.75,26.86,356878
20201124,27.23,27.53,27.21,27.52,373709
20201125,27.29,27.5,27.19,27.44,5631455
20201127,27.4,27.51,27.4,27.51,284972
20201130,27.25,27.27,26.67,26.78,1274645
20201201,27.24,27.47,27.23,27.43,599295
20201202,27.42,27.64,27.39,27.59,518270
20201203,27.76,27.88,27.72,27.76,543598
20201204,28.03,28.16,28.03,28.13,654518
20201207,27.96,28.01,27.84,27.87,459641
20201208,27.77,27.94,27.75,27.9,582557
20201209,28.15,28.19,27.86,28.07,307002
20201210,27.91,28.16,27.88,28.09,432156
20201211,27.87,27.94,27.76,27.93,570219
20201214,28.21,28.25,27.93,27.94,402313
20201215,28.13,28.35,28.06,28.34,1203093
20201216,28.38,28.44,28.26,28.39,589561
20201217,28.57,28.58,28.48,28.5,505242
20201218,28.46,28.49,28.29,28.36,409608
20201221,27.55,27.93,27.43,27.84,609656
20201222,27.77,27.8,27.67,27.73,539171
20201223,27.94,28.18,27.94,28.13,508524
20201224,28.15,28.21,28.11,28.19,179997
20201228,28.42,28.51,28.34,28.39,341515
20201229,28.62,28.66,28.45,28.49,451305
20201230,28.63,28.74,28.53,28.54,670386
20201231,28.49,28.5,28.28,28.34,382956
20210104,28.94,28.94,28.35,28.51,584125
20210105,28.63,29.02,28.63,28.95,486712
20210106,29.21,29.7,29.19,29.55,615994
20210107,29.59,29.77,29.59,29.74,677115
20210108,29.97,30,29.68,29.97,597839
20210111,29.41,29.71,29.36,29.62,464187
20210112,29.63,29.87,29.56,29.85,585170
20210113,29.79,29.86,29.71,29.79,728446
20210114,29.88,30.13,29.88,30.06,432082
20210115,29.62,29.67,29.28,29.49,541752
20210119,29.68,29.71,29.54,29.63,558438
20210120,29.81,29.94,29.72,29.93,620959
20210121,29.96,29.97,29.74,29.95,489347
20210122,29.57,29.68,29.52,29.64,411634
20210125,29.35,29.51,29.16,29.51,945175
20210126,29.59,29.64,29.45,29.56,387257
20210127,29,29.1,28.74,28.79,369491
20210128,28.92,29.27,28.92,29.11,580769
20210129,28.75,28.79,28.28,28.45,481809
20210201,28.79,28.81,28.62,28.79,831275
20210202,28.97,29.09,28.86,29.07,424853
20210203,29.14,29.32,29.13,29.3,361836
20210204,29.23,29.36,29.2,29.36,360386
20210205,29.63,29.67,29.47,29.64,319460
20210208,29.83,29.94,29.76,29.87,494668
20210209,29.86,30,29.81,29.96,374031
20210210,30.09,30.12,29.8,29.96,511829
20210211,30.07,30.11,29.93,30.06,559004
20210212,29.97,30.25,29.96,30.25,388767
20210216,30.53,30.62,30.46,30.51,2263967
20210217,30.36,30.5,30.27,30.46,424190
20210218,30.18,30.23,29.97,30.19,484920
20210219,30.35,30.54,30.35,30.43,332986
20210222,30.31,30.65,30.31,30.49,583016
20210223,30.46,30.68,30.2,30.58,482414
20210224,30.48,30.91,30.44,30.9,548204
20210225,31.01,31.1,30.32,30.4,1084751
20210226,30.26,30.26,29.87,29.93,831677
20210301,30.28,30.55,30.28,30.51,459605
20210302,30.46,30.6,30.37,30.5,524104
20210303,30.56,30.77,30.49,30.54,552577
20210304,30.62,30.8,30.11,30.29,954065
20210305,30.62,30.75,30.24,30.71,558502
20210308,30.61,30.93,30.57,30.72,906459
20210309,31,31.1,30.86,31,604586
20210310,31.04,31.18,30.91,31.16,585543
20210311,31.21,31.32,31.12,31.27,816261
20210312,31.14,31.44,31.14,31.43,466147
20210315,31.42,31.46,31.16,31.42,676705
20210316,31.47,31.47,31.31,31.39,443940
20210317,31.27,31.66,31.24,31.61,497374
20210318,31.52,31.73,31.33,31.34,481709
20210319,31.35,31.45,31.12,31.4,490264
20210322,31.37,31.42,31.27,31.33,641775
20210323,31,31.05,30.71,30.75,818161
20210324,30.67,30.9,30.65,30.68,479145
20210325,30.62,30.93,30.48,30.9,501861
20210326,31.06,31.35,31.03,31.34,445273
20210329,31.1,31.2,30.99,31.16,600212
20210330,31.06,31.25,31.04,31.22,486516
20210331,31.07,31.18,31.02,31.06,536463
20210401,31.14,31.37,31.06,31.32,557091
20210405,31.58,31.82,31.55,31.81,1307771
20210406,31.48,31.56,31.41,31.49,555312
20210407,31.56,31.65,31.52,31.59,481294
20210408,31.59,31.63,31.46,31.59,900152
20210409,31.5,31.61,31.48,31.6,870734
20210412,31.58,31.59,31.44,31.51,405063
20210413,31.55,31.63,31.48,31.63,620342
20210414,31.63,31.85,31.62,31.73,633330
20210415,31.94,31.94,31.85,31.94,444849
20210416,32.06,32.14,31.98,32.13,538789
20210419,32.19,32.21,31.99,32.06,846249
20210420,31.71,31.71,31.34,31.42,1365109
20210421,31.25,31.67,31.2,31.65,705036
20210422,31.66,31.66,31.39,31.43,1337375
20210423,31.56,31.85,31.55,31.76,707299
20210426,31.84,31.96,31.84,31.93,2362413
20210427,31.79,31.9,31.78,31.87,1376235
20210428,31.93,32.12,31.91,32.04,738156
20210429,32.12,32.12,31.82,32.04,760289
20210430,31.88,31.9,31.56,31.66,559367
20210503,31.91,32.06,31.85,32.05,604563
20210504,31.79,31.89,31.52,31.72,1291729
20210505,32.01,32.24,32,32.21,448163
20210506,32.35,32.61,32.23,32.61,533013
20210507,32.66,33.01,32.61,33.01,828509
20210510,33.18,33.26,32.95,32.98,905641
20210511,32.44,32.67,32.35,32.58,855272
20210512,32.33,32.45,31.96,32.03,1016377
20210513,32.01,32.31,31.98,32.24,885069
20210514,32.55,32.8,32.55,32.77,508353
20210517,32.57,32.74,32.51,32.73,714063
20210518,33.02,33.05,32.82,32.83,737024
20210519,32.38,32.6,32.16,32.46,712970
20210520,32.58,32.78,32.49,32.75,472706
20210521,32.82,32.85,32.64,32.76,735514
20210524,32.87,33.03,32.83,32.98,709981
20210525,33.04,33.07,32.82,32.86,618261
20210526,32.78,32.89,32.74,32.88,753258
20210527,32.97,33.07,32.91,33,862989
20210528,33.12,33.2,33.09,33.1,507196
20210601,33.41,33.47,33.32,33.35,1345222
20210602,33.48,33.59,33.42,33.56,751818
20210603,33.37,33.47,33.31,33.44,616325
20210604,33.69,33.73,33.6,33.72,568220
20210607,33.78,33.78,33.71,33.78,577336
20210608,33.72,33.74,33.59,33.69,568039
20210609,33.64,33.64,33.49,33.51,733818
20210610,33.58,33.69,33.51,33.56,592996
20210611,33.62,33.65,33.53,33.65,825785
20210614,33.61,33.67,33.53,33.63,623747
20210615,33.62,33.66,33.55,33.65,499531
20210616,33.65,33.66,33.27,33.36,730982
20210617,33.25,33.32,32.9,33.05,670576
20210618,32.37,32.42,32.22,32.23,815560
20210621,32.37,32.74,32.35,32.73,1094311
20210622,32.65,32.85,32.57,32.75,539788
20210623,32.77,32.79,32.55,32.6,644237
20210624,32.84,32.91,32.79,32.91,823340
20210625,33.01,33.04,32.95,33.03,702500
20210628,32.9,32.91,32.63,32.68,775164
20210629,32.7,32.71,32.58,32.62,817482
20210630,32.38,32.5,32.3,32.43,536828
20210701,32.51,32.58,32.42,32.58,1021652
20210702,32.63,32.66,32.46,32.66,452659
20210706,32.66,32.66,32.16,32.3,970968
20210707,32.31,32.38,32.15,32.29,596429
20210708,31.73,31.9,31.62,31.82,992562
20210709,32.26,32.51,32.24,32.51,473013
20210712,32.38,32.55,32.32,32.52,866487
20210713,32.44,32.49,32.25,32.28,1753558
20210714,32.47,32.48,32.28,32.32,657744
20210715,32.03,32.12,31.94,32.06,649108
20210716,32.05,32.05,31.64,31.69,2235277
20210719,31.14,31.15,30.79,30.96,2067589
20210720,30.89,31.32,30.83,31.26,1001020
20210721,31.48,31.82,31.48,31.82,1051498
20210722,31.9,31.92,31.66,31.75,1030852
20210723,31.96,31.97,31.84,31.92,679637
20210726,31.9,32.11,31.9,32.11,571774
20210727,31.93,32.04,31.85,32,552926
20210728,32.05,32.22,31.94,32.17,673399
20210729,32.46,32.49,32.41,32.42,431813
20210730,32.22,32.31,32.06,32.13,493470
20210802,32.41,32.51,32.2,32.25,689239
20210803,32.47,32.6,32.28,32.6,648741
20210804,32.55,32.59,32.41,32.42,781079
20210805,32.51,32.61,32.48,32.58,567438
20210806,32.54,32.61,32.5,32.55,496803
20210809,32.53,32.57,32.44,32.51,330874
20210810,32.47,32.62,32.44,32.62,356444
20210811,32.83,32.92,32.78,32.92,718955
20210812,32.86,32.86,32.76,32.86,501191
20210813,32.89,32.95,32.84,32.94,379484
20210816,32.64,32.72,32.5,32.7,427020
20210817,32.34,32.43,32.16,32.31,835956
20210818,32.27,32.42,32.16,32.16,903289
20210819,31.67,31.73,31.53,31.65,541481
20210820,31.46,31.7,31.45,31.68,431965
20210823,31.88,32.06,31.88,32.02,325796
20210824,32.06,32.27,32.05,32.22,371867
20210825,32.2,32.32,32.15,32.29,439673
20210826,32.18,32.21,32.03,32.07,696242
20210827,32.06,32.43,32.06,32.41,517319
20210830,32.39,32.42,32.33,32.36,412035
20210831,32.38,32.44,32.32,32.36,479810
20210901,32.58,32.68,32.57,32.59,443259
20210902,32.66,32.77,32.63,32.71,540855
20210903,32.77,32.94,32.77,32.9,327035
20210907,32.86,32.91,32.83,32.83,763391
20210908,32.73,32.81,32.53,32.59,801295
20210909,32.59,32.71,32.51,32.56,430893
20210910,32.75,32.75,32.42,32.43,395226
20210913,32.8,32.87,32.74,32.85,493402
20210914,32.99,32.99,32.63,32.66,473228
20210915,32.69,32.89,32.69,32.89,658695
20210916,32.76,32.81,32.61,32.77,595038
20210917,32.56,32.6,32.23,32.32,841709
20210920,31.62,31.75,31.39,31.66,753049
20210921,32.03,32.1,31.85,31.9,555825
20210922,32.12,32.41,32.12,32.16,407682
20210923,32.41,32.62,32.41,32.57,375596
20210924,32.33,32.44,32.32,32.36,452813
20210927,32.54,32.73,32.54,32.68,642034
20210928,32.45,32.46,32.09,32.19,674866
20210929,32.27,32.33,32.15,32.17,538330
20210930,32.16,32.22,31.94,31.99,932566
20211001,32,32.17,31.8,32.08,532691
20211004,32.07,32.19,31.79,31.92,697099
20211005,32.02,32.28,31.97,32.17,467169
20211006,31.7,31.92,31.54,31.91,767218
20211007,32.04,32.23,32.04,32.14,482672
20211008,32.23,32.28,32.15,32.22,411744
20211011,32.4,32.5,32.21,32.21,489845
20211012,32.25,32.34,32.14,32.21,414381
20211013,32.28,32.4,32.13,32.37,465759
20211014,32.67,32.7,32.59,32.68,441850
20211015,32.87,32.97,32.85,32.94,551249
20211018,32.74,32.85,32.69,32.79,915674
20211019,32.88,32.98,32.87,32.95,647212
20211020,32.9,33.08,32.86,33.05,610687
20211021,32.83,32.88,32.71,32.75,664397
20211022,32.88,32.99,32.76,32.9,514840
20211025,32.91,33,32.86,32.96,414746
20211026,33.13,33.17,32.96,33.01,642592
20211027,32.93,32.99,32.8,32.81,642121
20211028,32.91,33.03,32.87,33.01,559495
20211029,32.76,32.8,32.67,32.75,827553
20211101,33,33.14,32.95,33.14,452511
20211102,32.94,33,32.91,32.94,584760
20211103,32.88,33.15,32.83,33.11,509386
20211104,33.1,33.1,32.9,33.02,502781
20211105,33.11,33.15,33.01,33.14,554021
20211108,33.18,33.24,33.13,33.18,783182
20211109,33.17,33.17,32.94,33.06,532000
20211110,33.04,33.09,32.69,32.73,583542
20211111,32.86,32.88,32.76,32.81,379415
20211112,32.88,32.96,32.84,32.96,323729
20211115,33.02,33.03,32.86,32.89,729566
20211116,32.9,32.92,32.78,32.79,798171
20211117,32.68,32.71,32.62,32.68,531204
20211118,32.59,32.66,32.45,32.66,531261
20211119,32.37,32.39,32.22,32.24,1006770
20211122,32.34,32.5,32.31,32.33,664006
20211123,32.34,32.5,32.31,32.5,723358
20211124,32.11,32.3,32,32.29,554364
20211126,31.39,31.44,30.98,31.08,2803294
20211129,31.36,31.38,31.06,31.18,743921
20211130,31.03,31.11,30.59,30.86,982553
20211201,31.43,31.58,30.81,30.82,750601
20211202,31.1,31.48,31.08,31.41,736870
20211203,31.52,31.53,31.14,31.32,584012
20211206,31.62,31.8,31.51,31.73,870077
20211207,32.09,32.32,32.09,32.31,741814
20211208,32.28,32.325,32.21,32.29,477378
20211209,32.07,32.0958,31.97,32.02,495589
20211210,32.12,32.16,32,32.11,635142
20211213,31.92,31.9469,31.695,31.715,651489
20211214,31.64,31.86,31.61,31.71,3065228
20211215,31.76,31.98,31.5841,31.98,1294299
20211216,32.17,32.25,32.0201,32.11,664252
20211217,31.98,31.99,31.72,31.73,738139
20211220,31.51,31.59,31.3573,31.56,1228429
20211221,31.77,31.98,31.77,31.96,943921
20211222,31.94,32.26,31.86,32.24,614062
20211223,32.28,32.5005,32.28,32.46,811169
20211227,32.47,32.67,32.41,32.66,537663
20211228,32.7,32.77,32.67,32.68,624505
20211229,32.63,32.7,32.5797,32.63,609061
20211230,32.58,32.65,32.45,32.48,703524
20211231,32.49,32.59,32.43,32.495,462878
20220103,32.67,32.7692,32.588,32.7495,572320
20220104,33.04,33.2694,33.04,33.19,819286
20220105,33.38,33.49,33.05,33.055,1003412
20220106,33.14,33.2501,33.03,33.11,809003
20220107,33.16,33.4101,33.11,33.4,516438
20220110,33.18,33.27,32.98,33.26,1118847
20220111,33.35,33.7,33.26,33.7,1059521
20220112,33.9,34.1,33.89,34.06,1910903
20220113,34.23,34.29,33.99,34.05,960603
20220114,33.96,34.125,33.9026,34.095,815328
20220118,33.79,33.86,33.59,33.71,878572
20220119,33.83,33.85,33.5858,33.62,985654
20220120,33.6,33.75,33.26,33.28,774242
20220121,33.22,33.23,32.865,32.89,1184674
20220124,32.32,32.565,31.76,32.55,2219259
20220125,32.32,32.845,32.0859,32.665,1432426
20220126,33.03,33.03,32.3598,32.53,1260981
20220127,32.7,32.85,32.34,32.445,836579
20220128,32.3,32.51,32.08,32.5,1250516
20220131,32.48,32.87,32.44,32.85,925674
20220201,33.0162,33.22,32.86,33.19,969689
20220202,33.45,33.5,33.29,33.48,1272443
20220203,33.37,33.44,33.23,33.25,1598845
20220204,33.18,33.46,33.08,33.31,821888
20220207,33.35,33.59,33.335,33.43,866388
20220208,33.53,33.73,33.43,33.67,990969
20220209,34.04,34.135,34.02,34.11,973169
20220210,33.76,34.25,33.74,33.82,1361387
20220211,33.87,34.059,33.47,33.55,1075511
20220214,33.42,33.42,33.07,33.28,994332
20220215,33.56,33.73,33.46,33.71,814460
20220216,33.63,33.955,33.6159,33.86,901358
20220217,33.67,33.6999,33.4275,33.47,914158
20220218,33.48,33.55,33.24,33.31,1083305
