Date,Open,High,Low,Close,Volume
20160310,23.91,23.91,23.64,23.64,7949
20160311,24.03,24.21,24.03,24.21,2348
20160314,24.21,24.21,24.16,24.19,918
20160315,24.04,24.04,24.04,24.04,267
20160316,24.12,24.43,24.12,24.43,1355
20160317,24.36,24.36,24.25,24.27,3650
20160318,24.64,24.64,24.39,24.42,1200
20160321,24.65,24.65,24.31,24.34,1104
20160322,24.53,24.53,24.53,24.53,160
20160323,24.3,24.3,24.25,24.25,320
20160324,24.24,24.24,24.24,24.24,107
20160328,24.97,24.97,24.3,24.34,2180
20160329,24.52,24.86,24.52,24.86,1067
20160330,25.09,25.28,25.09,25.19,1424
20160331,25.1,25.1,25.1,25.1,163
20160401,24.77,24.92,24.72,24.92,1484
20160404,25.19,25.19,24.81,24.81,2381
20160405,24.76,24.76,24.58,24.64,965
20160406,24.59,24.75,24.58,24.75,1419
20160407,24.88,24.88,24.57,24.59,811
20160408,24.99,25.02,24.99,24.99,535
20160411,25.4,25.4,24.91,24.91,1807
20160412,25.05,25.22,24.99,25.22,2589
20160413,25.63,25.74,25.57,25.73,2591
20160414,26.79,26.79,25.6,25.62,428
20160415,25.64,25.64,25.59,25.6,1859
20160418,25.58,25.93,25.58,25.93,639
20160419,26.01,26.01,26.01,26.01,640
20160420,27,27,25.88,25.88,2970
20160421,26.18,26.18,25.62,25.68,1614
20160422,25.55,25.61,25.42,25.61,2537
20160425,25.43,25.43,25.3,25.34,1540
20160426,25.3,25.34,25.3,25.34,694
20160427,25.14,25.14,25.09,25.1,748
20160428,24.94,24.94,24.79,24.79,2082
20160429,24.59,24.61,24.58,24.58,1153
20160502,24.83,25,24.74,24.98,661
20160504,24.34,24.34,24.33,24.33,214
20160505,24.51,24.6,24.46,24.46,1097
20160506,24.5,24.76,24.5,24.76,291
20160509,24.74,24.74,24.72,24.74,747
20160510,24.69,24.79,24.69,24.79,2134
20160512,25.05,25.1,25.03,25.08,640
20160513,25.29,25.31,25.29,25.31,2137
20160516,24.94,25.7,24.94,25.7,458
20160517,25.62,25.62,25.49,25.49,1388
20160518,25.55,25.55,25.55,25.55,1601
20160519,25.49,25.49,25.38,25.38,5663
20160520,25.83,25.83,25.76,25.79,1683
20160524,26.05,26.24,26.03,26.24,8003
20160525,26.3,26.3,26.27,26.27,320
20160526,26.38,26.38,26.36,26.36,1174
20160527,26.68,26.68,26.57,26.57,1538
20160531,26.77,27.8,26.65,26.77,4030
20160601,26.7,26.7,26.69,26.69,326
20160602,26.51,26.66,26.51,26.66,944
20160603,26.62,26.7,26.62,26.66,1601
20160606,26.94,26.94,26.78,26.78,3971
20160607,27.15,27.15,27.09,27.1,1092
20160608,27.09,27.15,27.09,27.13,1728
20160610,26.79,26.79,26.54,26.54,2576
20160613,26.63,26.63,26.19,26.19,287
20160614,26.44,26.44,26.04,26.05,1281
20160615,26.42,26.42,26.4,26.4,1260
20160616,26.02,26.2,25.93,26.2,4499
20160617,26.08,26.11,25.97,26.09,7323
20160620,25.74,26.58,25.73,26.57,16892
20160621,26.71,26.71,26.54,26.67,640
20160622,26.47,26.55,26.47,26.55,426
20160623,26.61,26.61,26.6,26.6,2793
20160624,25.4,26.23,25.4,25.98,2745
20160627,25.98,25.98,25.3,25.47,824
20160628,24.2,25.72,24.2,25.6,321
20160629,26.21,26.28,26.15,26.26,795
20160630,26.26,26.6,26.26,26.6,468
20160705,26.88,26.88,26.66,26.66,588
20160706,26.72,26.88,26.72,26.87,640
20160707,27.13,27.16,27.13,27.16,480
20160708,27.5,27.57,27.5,27.57,320
20160711,27.91,28.32,27.91,28.28,6291
20160712,28.61,28.61,28.36,28.5,8046
20160713,28.51,28.51,28.04,28.09,4202
20160714,28.13,28.26,28.13,28.22,2513
20160715,28.29,28.29,27.84,27.97,8367
20160718,28.14,28.51,28.04,28.51,22942
20160719,28.47,29.02,28.47,28.78,32356
20160720,28.95,28.95,28.62,28.79,7242
20160721,28.74,28.74,28.47,28.54,3937
20160722,28.53,28.93,28.08,28.51,58362
20160725,28.26,28.26,27.85,28.06,8383
20160726,28.09,28.42,28.09,28.21,6084
20160727,28.22,28.28,28.22,28.22,534
20160728,28.21,28.21,28.12,28.12,1038
20160729,27.94,28.3,27.94,28.3,320
20160801,28.21,28.21,28.21,28.21,534
20160802,28.2,28.2,27.93,27.93,1500
20160803,27.81,28.04,27.8,27.99,1403
20160804,28.19,28.19,28.19,28.19,107
20160805,28.22,28.22,28.11,28.16,1013
20160808,28.25,28.25,28.06,28.13,1551
20160809,28.31,28.63,28.31,28.55,2146
20160810,28.71,28.77,28.71,28.75,3904
20160811,28.85,28.88,28.8,28.87,2028
20160812,28.69,28.77,28.69,28.77,2362
20160815,28.84,28.96,28.75,28.96,4526
20160816,28.9,28.9,28.67,28.67,2044
20160817,28.61,28.61,28.27,28.46,798
20160818,28.41,28.68,28.41,28.68,4268
20160819,28.58,28.71,28.55,28.56,3229
20160822,28.76,28.79,28.67,28.67,3472
20160823,28.76,28.83,28.76,28.83,961
20160824,28.78,28.78,28.78,28.78,1707
20160825,28.84,28.89,28.81,28.89,780
20160826,28.81,29.04,28.73,28.8,2014
20160829,29.03,29.03,28.94,29.01,2092
20160830,29.03,29.22,28.97,29.04,2423
20160831,29.11,29.11,28.82,29.04,921
20160901,29.1,29.18,28.87,28.96,887
20160902,29.3,29.43,29.3,29.4,3465
20160906,29.58,29.99,29.58,29.99,4886
20160907,30.18,30.22,29.87,30.22,21617
20160908,30.36,30.36,29.96,30.22,7141
20160909,29.89,29.91,29.61,29.63,9452
20160912,29.67,30.06,29.57,30.06,2858
20160913,29.77,29.77,29.7,29.7,362
20160914,29.9,29.9,29.73,29.75,835
20160915,30.03,30.34,30.03,30.34,1297
20160916,30.44,30.44,30.11,30.34,3649
20160919,30.57,30.68,30.33,30.44,2758
20160920,30.64,30.74,30.43,30.55,4342
20160921,30.75,30.96,30.55,30.96,8615
20160922,31.16,31.23,31.01,31.04,3684
20160923,31,31.04,30.81,30.91,3067
20160926,30.9,30.9,30.69,30.77,7428
20160927,30.83,31.1,30.75,31.01,1377
20160928,31.3,31.3,31.15,31.22,5941
20160929,31.15,31.15,30.86,30.94,13661
20160930,30.85,31.16,30.83,31.14,1877
20161003,31.29,31.29,31.07,31.07,4987
20161004,31.1,31.18,30.71,30.71,1886
20161005,31.24,31.24,30.93,31.19,5683
20161006,31.09,31.09,30.64,30.86,7058
20161007,30.92,30.92,30.65,30.68,1252
20161010,30.89,30.96,30.86,30.86,666
20161011,30.54,30.54,30.01,30.08,6137
20161012,30.02,30.04,29.7,29.98,1491
20161013,29.99,29.99,29.75,29.8,3715
20161014,30.54,30.54,30.06,30.15,1468
20161017,30,30.02,29.91,29.91,1944
20161018,29.97,30.34,29.97,30.34,2481
20161019,30.36,30.36,30.14,30.14,969
20161020,30.21,30.21,30.21,30.21,107
20161021,29.94,30.02,29.81,30.02,1467
20161024,30.02,30.2,30.02,30.2,1640
20161025,30.48,30.48,30.22,30.29,2004
20161026,30.19,30.31,30,30,3784
20161027,30.18,30.18,29.95,29.95,1757
20161028,29.99,29.99,29.99,29.99,107
20161031,29.75,29.97,29.52,29.71,2970
20161101,29.8,29.82,29.7,29.7,939
20161102,29.66,29.7,29.4,29.44,1839
20161103,29.81,29.81,29.81,29.81,918
20161104,29.47,29.62,29.4,29.62,1601
20161107,29.73,29.86,29.71,29.86,3863
20161108,29.91,30.01,29.91,30.01,1765
20161109,29.05,29.66,29.05,29.41,2155
20161110,29.36,29.36,28.81,29,8408
20161111,28.58,29.06,27.88,28.92,4331
20161114,28.9,29.02,28.9,29.01,762
20161115,28.86,29.36,28.86,29.1,1538
20161116,29.07,29.07,29.07,29.07,107
20161117,29.13,29.77,29.13,29.58,4050
20161118,29.4,29.4,29.34,29.34,641
20161123,29.65,29.65,29.65,29.65,224
20161125,29.61,29.66,29.47,29.49,1169
20161128,29.4,29.52,29.4,29.52,640
20161129,29.34,29.51,29.34,29.48,766
20161130,29.72,29.72,29.13,29.13,1291
20161201,29.05,29.05,28.38,28.39,2165
20161202,28.34,28.48,28.34,28.46,758
20161205,28.32,28.77,28.32,28.71,2196
20161206,28.6,28.72,28.51,28.72,818
20161207,28.78,29.09,28.78,29.09,4449
20161208,28.98,29.1,28.98,29.1,428
20161209,29.33,29.33,29.33,29.33,107
20161212,29.66,29.66,29.32,29.32,641
20161213,29.31,29.48,29.31,29.48,278
20161214,29.35,29.35,28.81,28.81,746
20161215,29.06,29.13,28.89,28.94,2595
20161216,29.08,29.08,28.78,28.78,1468
20161219,28.62,28.62,28.54,28.54,214
20161220,28.81,28.92,28.81,28.92,1987
20161222,28.63,28.63,28.58,28.61,320
20161223,28.63,28.63,28.63,28.63,145
20161227,28.35,28.88,28.35,28.87,1672
20161228,29.22,29.22,28.85,28.9,1498
20161229,28.78,28.9,28.78,28.8,837
20161230,28.65,28.74,28.65,28.69,1676
20170103,28.85,28.85,28.68,28.7,1111
20170104,28.92,29.28,28.92,29.28,1981
20170105,29.28,29.38,29.28,29.38,299
20170106,29.52,29.54,29.36,29.46,2202
20170109,29.3,29.43,29.3,29.37,568
20170110,29.46,29.57,29.46,29.57,2429
20170111,29.57,29.58,29.57,29.58,849
20170112,29.44,29.46,29.44,29.46,209
20170113,29.46,29.59,29.46,29.59,850
20170117,29.31,29.48,29.31,29.47,888
20170118,29.47,29.53,29.47,29.49,1348
20170119,29.6,29.6,29.6,29.6,419
20170120,29.75,29.76,29.75,29.76,628
20170123,29.91,29.91,29.84,29.84,410
20170124,29.82,29.98,29.68,29.98,4744
20170125,30.07,30.2,30.06,30.2,1138
20170126,30.19,30.23,30.07,30.15,2772
20170127,30.05,30.05,29.92,29.94,545
20170130,29.72,29.72,29.64,29.64,1466
20170131,29.79,29.79,29.71,29.71,1485
20170201,30.05,30.06,30.05,30.06,215
20170202,29.98,30.23,29.98,30.23,707
20170203,30.4,30.5,30.4,30.45,3094
20170206,30.36,30.64,30.36,30.64,3029
20170207,30.46,30.46,30.44,30.44,367
20170208,30.36,30.36,30.36,30.36,645
20170209,30.31,30.39,30.25,30.39,764
20170210,30.55,31.1,30.55,31.1,10587
20170213,31.13,31.41,31.11,31.23,3039
20170214,31.19,31.21,31.18,31.18,662
20170215,31.11,31.19,30.87,31.19,934
20170216,31.42,31.42,31.17,31.17,2530
20170217,31.28,31.33,31.28,31.33,1222
20170221,31.48,31.73,31.48,31.73,1572
20170222,31.83,31.92,31.79,31.92,1780
20170223,31.68,31.84,31.68,31.8,1718
20170224,31.46,31.8,31.46,31.8,922
20170227,31.57,31.66,31.57,31.66,367
20170228,31.51,31.68,31.3,31.3,4490
20170301,31.6,31.6,31.6,31.6,192
20170302,31.68,31.7,31.54,31.54,2234
20170303,31.43,31.48,31.43,31.47,882
20170306,31.43,31.47,31.34,31.44,962
20170307,31.34,31.5,31.34,31.47,1037
20170309,31.61,31.74,31.61,31.7,1571
20170310,32.03,32.25,32.03,32.25,2115
20170313,32.4,32.4,32.37,32.39,1897
20170314,32.34,32.35,32.17,32.17,1313
20170315,32.13,32.32,32.13,32.32,2409
20170316,32.52,32.52,32.49,32.49,262
20170317,32.54,32.54,32.54,32.54,1124
20170320,32.85,32.94,32.55,32.59,2223
20170321,32.44,32.47,32.36,32.37,3498
20170322,32.49,32.49,32.46,32.47,723
20170323,32.33,32.38,32.19,32.38,1675
20170324,32.37,32.37,32.36,32.36,471
20170327,32.17,32.33,32.17,32.33,565
20170328,32.43,32.52,32.43,32.52,1182
20170329,32.64,32.64,32.64,32.64,322
20170331,32.61,32.61,32.54,32.54,407
20170403,32.61,32.61,32.61,32.61,814
20170404,32.37,32.37,32.22,32.22,881
20170405,32.51,32.51,32.01,32.41,1689
20170406,32.45,32.45,32.3,32.3,845
20170407,32.41,32.41,32.34,32.39,1875
20170410,32.49,32.49,32.26,32.26,1189
20170411,32.04,32.24,32.04,32.24,544
20170412,32.4,32.4,32.23,32.24,733
20170413,32.36,32.52,32.3,32.35,1424
20170417,32.67,32.88,32.67,32.88,2005
20170418,32.82,32.84,32.82,32.84,487
20170419,33.11,33.26,33.04,33.04,1147
20170420,33.37,33.37,33.26,33.37,2816
20170421,33.27,33.33,33.05,33.33,761
20170424,33.59,33.68,33.41,33.68,2455
20170425,33.96,34.12,33.96,34.12,1465
20170426,34.19,34.24,34.16,34.16,2093
20170427,34.27,34.43,34.27,34.3,4505
20170428,34.45,34.46,34.28,34.46,908
20170501,34.74,34.75,34.62,34.75,793
20170502,34.76,34.81,34.76,34.81,764
20170503,34.74,34.76,34.61,34.76,886
20170504,34.94,35,34.88,34.9,6092
20170505,35.08,35.42,35.06,35.42,4407
20170508,35.35,35.5,35.35,35.48,3433
20170509,35.71,35.72,35.55,35.58,14307
20170510,35.91,36.76,35.91,36.31,9339
20170511,36.46,36.53,36.17,36.53,11160
20170512,36.45,36.45,36.31,36.38,9976
20170515,36.59,36.97,36.59,36.96,22917
20170516,36.92,37.25,36.91,37.25,16962
20170517,37.28,37.28,36.55,36.66,18249
20170518,36.68,37.39,36.52,37.34,19490
20170519,37.33,37.76,37.33,37.71,5873
20170522,37.86,38.02,37.81,38.01,18209
20170523,38.09,38.33,37.9,38.01,11006
20170524,37.81,38.21,37.71,38.21,17308
20170525,38.45,38.81,38.32,38.44,14503
20170526,38.6,38.6,38.43,38.58,22475
20170530,38.84,38.84,38.59,38.78,33498
20170531,38.8,38.85,38.52,38.64,12528
20170601,38.9,39.04,38.84,39.04,15498
20170602,39.21,39.24,38.95,39.22,22742
20170605,39.3,39.77,39.3,39.55,138939
20170606,39.71,39.85,39.62,39.71,52158
20170607,40.09,40.25,39.98,40.08,56458
20170608,40.24,40.39,39.91,40.13,51549
20170609,40.14,40.38,39.14,39.48,59207
20170612,39.41,39.41,38.76,39.14,20920
20170613,39.54,39.65,39.15,39.5,28810
20170614,39.72,39.84,39.36,39.51,20930
20170615,39.34,39.61,38.97,39.54,18335
20170616,39.6,39.94,39.35,39.48,6947
20170619,39.87,40.57,39.83,40.57,43203
20170620,40.77,41.2,39.8,39.98,23024
20170621,40.11,40.22,40.11,40.18,6826
20170622,39.96,40.22,39.91,40.16,17357
20170623,40.31,40.55,40.31,40.54,10851
20170626,40.86,41.01,40.55,40.67,15529
20170627,40.36,40.41,39.98,40.02,7749
20170628,39.52,39.71,39.09,39.69,19108
20170629,39.49,39.59,39.17,39.3,12978
20170630,39.29,39.43,39.18,39.25,2858
20170703,39.7,39.7,38.64,38.65,8092
20170705,38.47,38.65,38.26,38.65,21462
20170706,38.53,38.56,38.2,38.23,10020
20170707,38.43,38.63,38.34,38.53,9735
20170710,38.74,38.99,38.74,38.97,4194
20170711,39.07,39.17,38.99,39.05,8313
20170712,39.44,39.77,39.39,39.69,6524
20170713,39.7,40.13,39.49,39.59,4468
20170714,39.69,40.02,39.69,39.9,8622
20170717,39.76,39.77,39.53,39.6,92553
20170718,39.62,39.88,39.51,39.8,4759
20170719,40.2,40.55,40.2,40.38,10177
20170720,40.47,40.63,40.34,40.48,9037
20170721,40.25,40.32,40.25,40.31,4936
20170724,40.45,40.6,40.41,40.41,8175
20170725,40.62,40.73,40.46,40.6,16051
20170726,40.51,40.7,40.45,40.69,8312
20170727,40.75,41.08,40.57,40.87,18787
20170728,40.31,40.5,39.72,40.5,19930
20170731,40.57,40.6,40.36,40.51,10834
20170801,40.53,40.53,40.33,40.45,6208
20170802,40.35,40.57,40.25,40.32,10282
20170803,40.49,40.71,40.36,40.63,12072
20170804,40.63,40.64,40.38,40.48,11138
20170807,40.74,41.01,40.74,40.91,16550
20170808,41.11,41.52,41.11,41.36,16460
20170809,40.89,40.94,40.49,40.92,8887
20170810,40.81,40.81,39.9,39.9,17024
20170811,39.83,40.03,39.67,39.91,7779
20170814,40.5,40.82,40.5,40.74,12944
20170815,40.69,40.73,40.61,40.69,2699
20170816,40.81,41.08,40.77,40.96,10751
20170817,41.2,41.43,40.96,40.96,11701
20170818,40.86,41.23,40.86,41.22,7574
20170821,41.09,41.19,40.93,41.01,7185
20170822,41.22,41.63,41.1,41.63,19747
20170823,41.62,41.75,41.55,41.71,21302
20170824,41.71,41.88,41.6,41.7,19407
20170825,41.76,41.79,41.41,41.59,4502
20170828,41.65,41.79,41.43,41.58,3666
20170829,41.12,41.49,41.08,41.36,8313
20170830,41.3,41.64,41.3,41.61,6119
20170831,41.93,42.17,41.75,42.17,14149
20170901,42.51,42.69,42.41,42.59,17896
20170905,42.08,42.1,41.42,41.74,16562
20170906,41.98,42.19,41.89,42.04,4649
20170907,42.15,42.43,42.15,42.37,4960
20170908,42.22,42.26,42.08,42.08,2153
20170911,42.5,42.63,42.35,42.55,51772
20170912,42.64,42.75,42.55,42.58,9016
20170913,42.4,42.58,42.13,42.47,8557
20170914,42.27,42.7,42.26,42.58,9668
20170915,42.64,42.77,42.64,42.76,4766
20170918,42.92,43.12,42.82,43,18221
20170919,42.96,43.12,42.88,43.11,7109
20170920,43.02,43.13,42.71,43.13,12903
20170921,42.85,44.01,42.28,42.28,15538
20170922,42.28,42.36,42.1,42.21,8056
20170925,42.14,42.14,41.42,41.5,24723
20170926,41.5,41.64,41.14,41.23,23695
20170927,41.4,41.82,41.4,41.73,4881
20170928,41.93,42.24,41.93,42.14,59413
20170929,42.52,42.65,42.27,42.49,12638
20171002,42.65,42.77,42.52,42.68,12190
20171003,42.76,42.95,42.76,42.9,9736
20171004,42.67,42.69,42.52,42.68,12016
20171005,42.68,42.84,42.66,42.76,6905
20171006,42.77,43.1,42.77,42.98,15813
20171009,42.94,42.97,42.81,42.84,3666
20171010,42.91,42.97,42.7,42.8,3966
20171011,42.82,43.05,42.82,42.99,4577
20171012,43.24,43.57,43.24,43.39,5940
20171013,43.41,43.76,43.41,43.65,12170
20171016,43.85,43.97,43.77,43.9,12867
20171017,43.75,44.01,43.65,43.88,9652
20171018,43.85,43.85,43.55,43.67,8421
20171019,43.24,43.67,42.68,43.27,10360
20171020,43.43,43.69,43.43,43.57,5141
20171023,43.52,43.52,43.11,43.12,5780
20171024,43.45,43.68,43.45,43.57,25071
20171025,43.48,43.53,42.79,43.17,21230
20171026,43.1,43.13,42.65,42.66,20021
20171027,42.73,43.33,42.69,43.32,10117
20171030,43.21,43.44,43.07,43.32,7046
20171031,43.62,43.93,43.62,43.89,10613
20171101,44.23,44.23,43.9,44.01,10565
20171102,43.89,43.9,43.7,43.88,6860
20171103,43.99,43.99,43.63,43.81,8409
20171106,44.01,44.29,44.01,44.06,22921
20171107,44.33,44.33,43.99,44.05,13873
20171108,44.51,45.31,44.51,45.07,39549
20171109,44.46,44.67,44.24,44.66,25997
20171110,44.68,44.68,44.32,44.36,22396
20171113,44.42,44.9,44.37,44.86,20248
20171114,44.58,44.8,44.52,44.76,20633
20171115,44.23,44.48,43.85,44.24,12620
20171116,44.64,45.3,44.58,45.12,21231
20171117,45.32,45.63,44.86,44.89,23467
20171120,44.92,45.4,44.92,45.21,26040
20171121,45.44,45.79,45.44,45.62,20276
20171122,45.7,45.78,45.63,45.76,12168
20171124,45.92,46.01,45.67,45.67,17901
20171127,45.63,45.72,45.34,45.5,41976
20171128,45.85,45.85,45.23,45.44,18862
20171129,45.61,45.61,44.67,44.8,23026
20171130,44.69,44.8,44.43,44.54,21417
20171201,44.69,44.69,43.82,44.36,20664
20171204,44.46,44.46,43.44,43.51,34551
20171205,43.24,43.58,42.8,43.26,13631
20171206,43.27,43.61,43.07,43.54,13312
20171207,43.45,43.87,43.45,43.68,14585
20171208,44.11,44.3,44.01,44.06,21810
20171211,44.53,46.1,44.53,45.33,29205
20171212,45.38,45.55,45.17,45.27,15046
20171213,45.41,45.7,45.41,45.64,11182
20171214,45.66,45.81,45.41,45.41,9836
20171215,45.62,45.93,45.61,45.91,11019
20171218,46.38,46.38,45.8,45.9,56329
20171219,45.8,45.91,45.44,45.46,8998
20171220,45.44,45.46,45.12,45.28,7211
20171221,45.26,45.49,45.26,45.41,4780
20171222,45.58,45.61,45.32,45.61,9481
20171226,45.44,45.57,45.33,45.34,23488
20171227,45.56,45.95,45.56,45.74,16923
20171228,46.03,46.03,45.78,45.89,19174
20171229,46.17,46.5,45.97,45.98,15016
20180102,46.28,46.85,46.28,46.85,23180
20180103,47.09,47.45,47.09,47.42,31467
20180104,47.65,47.9,47.43,47.72,29827
20180105,47.57,47.92,47.55,47.82,90385
20180108,48.12,48.24,47.92,48.22,32302
20180109,48.44,48.53,47.92,48.08,21216
20180110,47.93,48.08,47.69,48.05,80025
20180111,48.07,48.59,48.07,48.45,87460
20180112,48.39,48.54,48.18,48.44,52499
20180116,48.61,48.62,47.74,47.78,46130
20180117,47.97,48.62,47.97,48.24,27462
20180118,48.26,48.26,47.99,48.17,26184
20180119,48.22,48.74,48.21,48.63,40270
20180122,48.73,48.91,48.58,48.82,34788
20180123,49.1,49.16,49.02,49.15,23389
20180124,49.66,49.78,49.16,49.41,27668
20180125,49.5,49.76,49.02,49.05,62319
20180126,49.52,49.75,49.39,49.75,175287
20180129,49.77,49.81,49.3,49.51,60545
20180130,48.98,48.98,48.6,48.81,22589
20180131,49.5,49.67,49.33,49.45,40858
20180201,49.45,49.48,49.09,49.16,26922
20180202,48.73,48.75,47.75,47.86,89587
20180205,47.42,47.54,45.53,45.58,76170
20180206,44.82,47.01,44.11,46.82,50006
20180207,46.47,46.69,46.14,46.17,21145
20180208,46.48,46.7,44.5,44.5,35689
20180209,44.54,45.1,43.45,45.06,37311
20180212,45.31,45.99,45.31,45.8,23148
20180213,45.87,46.04,45.78,46.04,12123
20180214,45.94,47.19,45.94,47.18,21649
20180215,47.63,47.77,47.3,47.76,23124
20180216,48.07,48.07,47.45,47.67,12869
20180220,47.39,47.67,47.19,47.36,21544
20180221,47.8,48.33,47.66,47.66,17463
20180222,47.13,47.29,46.73,46.91,26568
20180223,47.58,47.79,47.49,47.78,11958
20180226,48.01,48.2,47.82,48.2,18079
20180227,48.29,48.29,47.32,47.33,11284
20180228,47.23,47.55,47.08,47.13,25804
20180301,47.17,47.18,46.3,46.53,9607
20180302,46.05,47.05,45.68,47.05,22229
20180305,46.75,47.39,46.56,47.23,12271
20180306,47.84,48.1,47.56,47.91,12545
20180307,47.9,48.26,47.78,48.11,11329
20180308,48.59,48.63,48.19,48.61,34496
20180309,48.78,48.95,48.5,48.95,21667
20180312,49.09,49.26,48.8,48.88,40102
20180313,49.39,49.39,48.29,48.68,26746
20180314,48.89,48.89,48.26,48.4,17289
20180315,48.82,48.82,48.38,48.45,10186
20180316,48.36,48.52,48.36,48.44,2481
20180319,48.44,48.44,47.39,47.73,18973
20180320,47.9,48.15,47.73,48.07,81249
20180321,48.11,48.23,48.07,48.08,9717
20180322,47.76,47.93,47.23,47.28,18683
20180323,47.1,47.28,46.38,46.39,7439
20180326,47.27,47.28,46.7,47.27,17887
20180327,47.63,47.63,46.23,46.33,22335
20180328,46.52,46.52,45.83,46.17,9193
20180329,46.17,46.8,46.14,46.6,12109
20180402,46.98,46.98,45.37,45.75,21201
20180403,45.96,46.07,45.63,46.07,3899
20180404,45.21,46.04,44.94,45.99,11534
20180405,46.36,46.36,45.97,46.06,8163
20180406,45.61,46.06,44.95,45.27,5902
20180409,45.43,45.98,45.28,45.5,10853
20180410,45.82,45.93,45.66,45.84,7910
20180411,45.52,45.83,45.52,45.6,8726
20180412,45.65,45.8,45.58,45.76,8289
20180413,46,46,45.44,45.56,2579
20180416,45.72,45.84,45.36,45.65,30611
20180417,46.03,46.51,46.01,46.39,8065
20180418,46.6,46.62,46.41,46.41,34053
20180419,46.37,46.37,45.88,45.99,2434
20180420,46.03,46.03,45.58,45.67,11597
20180423,45.63,45.81,45.45,45.57,4551
20180424,45.7,45.96,45.04,45.22,5542
20180425,44.94,45,44.38,44.82,30239
20180426,44.96,45.4,44.96,45.29,140923
20180427,45.79,45.79,45.35,45.38,7881
20180430,45.67,45.74,45.28,45.41,10891
20180501,45.12,45.61,45.12,45.59,20855
20180502,45.82,46.09,45.82,45.9,11674
20180503,46.04,46.22,45.53,45.78,33914
20180504,45.88,46.56,45.88,46.44,9482
20180507,46.64,46.97,46.64,46.81,13064
20180508,46.8,46.99,46.65,46.86,8384
20180509,47.29,47.71,47.29,47.7,9961
20180510,47.98,48.31,47.98,48.16,16257
20180511,48.34,48.52,48.13,48.26,39610
20180514,48.62,48.92,48.62,48.85,20063
20180515,48.52,48.57,48.32,48.57,10023
20180516,48.68,48.73,48.4,48.66,13681
20180517,48.77,49.41,48.77,49.27,10326
20180518,49.32,49.78,49.32,49.77,161464
20180521,50.12,50.36,49.69,50.08,20673
20180522,49.97,50.23,49.6,49.6,41854
20180523,49.62,50.08,49.62,50.02,11527
20180524,50.27,50.29,49.75,50.26,7265
20180525,50,50.17,49.92,50.06,25731
20180529,49.88,50.08,49.52,49.97,134584
20180530,49.89,50.78,49.89,50.7,8463
20180531,50.84,51.55,50.66,50.97,20295
20180601,51.12,51.66,51.02,51.56,10165
20180604,51.52,51.52,51.3,51.49,13393
20180605,51.77,52.05,51.32,52.05,36354
20180606,51.97,51.97,51.57,51.79,10278
20180607,51.94,52.43,51.39,51.62,18479
20180608,51.64,51.9,51.49,51.87,5059
20180611,51.88,52.76,51.81,51.88,58948
20180612,51.25,52.04,50.83,51.11,61324
20180613,51.03,51.03,50.38,50.7,32883
20180614,50.71,50.92,50.62,50.69,18672
20180615,50.43,50.61,50.12,50.3,23583
20180618,49.34,50.46,49.01,50.14,31882
20180619,49.18,49.74,48.69,49.15,22117
20180620,49.35,49.9,49.26,49.31,19415
20180621,49.43,49.43,48.84,48.84,16334
20180622,49.5,49.5,48.98,49.19,10182
20180625,48.78,48.78,47.77,48,24270
20180626,48.08,48.16,47.85,48.03,16264
20180627,48.1,48.47,47.15,47.15,17767
20180628,46.91,47.75,46.48,47.32,94404
20180629,47.76,47.76,47.48,47.55,17782
20180702,46.86,47.59,46.46,47.51,18998
20180703,47.29,47.32,46.89,46.95,8967
20180705,47.08,47.08,46.71,46.85,32522
20180706,47.24,47.82,46.9,47.72,29945
20180709,48.29,48.29,48,48.2,20251
20180710,48.66,48.66,48.1,48.17,30592
20180711,47.93,49.16,47.35,47.35,41454
20180712,48.47,48.57,48.21,48.53,47377
20180713,48.49,48.66,48.37,48.6,17435
20180716,48.48,48.48,47.97,48.2,47122
20180717,48.46,48.6,48.23,48.56,33836
20180718,48.58,48.58,48.25,48.51,20630
20180719,48,48.37,47.55,47.95,53656
20180720,48.09,48.26,47.98,48.16,12898
20180723,48.31,48.31,47.44,47.72,15765
20180724,48.48,48.48,47.87,47.91,30825
20180725,48.1,48.29,47.85,48.29,30030
20180726,48.29,48.3,47.98,48.03,38702
20180727,48.22,48.3,47.35,47.5,24557
20180730,47.36,47.36,46.23,46.33,41851
20180731,46.55,46.55,46.14,46.23,22637
20180801,46.24,46.59,46.14,46.17,15043
20180802,46.09,46.38,46.06,46.26,18525
20180803,46.6,46.77,46.28,46.43,16353
20180806,46.34,46.34,46.15,46.23,13799
20180807,46.45,46.61,46.28,46.38,11641
20180808,46.44,46.44,46.04,46.42,23206
20180809,46.46,46.46,46.05,46.05,9362
20180810,45.8,45.8,45.41,45.52,24681
20180813,45.23,45.34,44.83,44.88,36389
20180814,44.82,44.88,44.4,44.52,26218
20180815,43.9,43.91,43.29,43.5,30039
20180816,43.78,43.96,43.56,43.76,132003
20180817,43.64,44.14,43.64,44.14,46456
20180820,44.27,44.49,43.96,44.42,15390
20180821,44.31,45.04,44.31,44.81,22885
20180822,45.01,45.28,44.97,45.27,20734
20180823,45.24,45.54,45.24,45.35,14788
20180824,45.54,46.05,45.54,45.95,108563
20180827,46.33,46.57,46.33,46.46,39304
20180828,46.34,46.34,46,46.08,23564
20180829,45.97,46.33,45.97,46.28,47915
20180830,46.29,46.3,45.9,45.94,30020
20180831,45.83,45.97,45.7,45.94,41486
20180904,45.89,46.13,45.6,45.96,45351
20180905,45.66,45.66,45.08,45.3,13956
20180906,45.21,45.23,44.83,45.15,18060
20180907,44.74,45.29,44.7,44.87,9967
20180910,44.98,45,44.7,44.8,10239
20180911,44.58,45.07,44.58,45.07,10807
20180912,44.98,45.3,44.69,45.27,16267
20180913,45.48,45.77,45.43,45.53,16305
20180914,45.53,45.69,45.51,45.55,9473
20180917,45.53,45.65,45.27,45.27,5826
20180918,45.45,45.63,45.45,45.55,5940
20180919,45.54,45.75,45.47,45.59,9313
20180920,45.6,45.86,45.52,45.69,12793
20180921,45.88,46.04,45.74,45.8,8019
20180924,45.6,45.7,45.41,45.43,13560
20180925,45.98,46.24,45.72,46.24,14914
20180926,46.09,46.35,46.09,46.15,12324
20180927,46,46.21,45.88,46.01,46013
20180928,45.89,46.13,45.79,45.81,11565
20181001,46.17,46.34,46,46.03,12303
20181002,45.64,45.81,45.27,45.53,26818
20181003,45.41,45.58,45.05,45.24,21809
20181004,44.82,45.04,43.99,44.04,11689
20181005,43.97,44.18,43.42,43.7,10476
20181008,43.23,43.58,42.7,43.22,26517
20181009,42.75,43.35,42.61,43.09,30884
20181010,42.62,42.83,41.46,41.57,42214
20181011,41.18,41.77,40.69,41.39,21460
20181012,42.01,42.35,41.71,42.27,17331
20181015,41.79,42.15,41.39,42.15,7280
20181016,42.26,42.81,42.26,42.78,31940
20181017,42.5,42.56,42.05,42.26,9374
20181018,41.98,41.98,41.04,41.35,45785
20181019,41.62,41.86,41.06,41.14,13534
20181022,41.33,41.48,41.16,41.42,23002
20181023,40.48,40.97,40.16,40.82,38822
20181024,40.55,40.68,39.3,39.3,15015
20181025,39.4,39.94,39.19,39.74,23698
20181026,38.75,39.31,38.33,38.89,55271
20181029,39.01,39.35,37.44,38.01,31532
20181030,38.09,38.63,38.09,38.58,31139
20181031,39.28,39.77,39.28,39.68,12356
20181101,40.09,40.75,40,40.64,16832
20181102,41.49,41.67,40.84,41.11,28993
20181105,41.1,41.1,40.6,40.92,6976
20181106,40.69,41.1,40.69,41.06,6026
20181107,41.32,41.99,41.32,41.87,19609
20181108,41.49,41.49,41.16,41.26,8976
20181109,40.49,40.63,40.06,40.41,9199
20181112,39.92,39.92,38.86,38.88,15247
20181113,39.09,39.58,38.97,39.16,12039
20181114,39.3,39.55,38.94,39.06,9734
20181115,39.01,39.89,39.01,39.72,14558
20181116,39.22,39.71,39.06,39.58,12608
20181119,39.58,39.63,38.74,38.86,15029
20181120,37.81,38.28,37.37,37.95,20144
20181121,38.37,38.77,38.37,38.62,8583
20181123,38.19,38.38,38.12,38.3,3720
20181126,38.91,39.18,38.9,39.1,10955
20181127,38.93,39.22,38.65,39.02,16538
20181128,39.52,40.3,39.36,40.25,32932
20181129,40.16,40.57,40.09,40.25,8718
20181130,39.98,40.17,39.97,40.14,4424
20181203,40.67,40.84,40.24,40.66,16755
20181204,40.42,40.44,39.22,39.33,14758
20181206,37.87,38.87,37.57,38.85,32531
20181207,38.93,39.35,38.34,38.46,14954
20181210,38.05,38.43,37.69,38.29,26683
20181211,38.5,38.82,38.4,38.58,18107
20181212,39.23,39.6,39.19,39.29,14723
20181213,39.4,39.6,39.17,39.19,9549
20181214,38.34,38.74,38.34,38.51,6560
20181217,38.25,38.53,37.63,37.74,34300
20181218,37.81,38.26,37.61,37.84,30720
20181219,37.96,38.45,37.29,37.43,24819
20181220,37.31,37.72,36.83,37.17,52322
20181221,37.48,37.77,36.59,36.78,25745
20181224,36.6,36.85,35.97,36.37,43311
20181226,36.49,37.5,36.24,37.5,44837
20181227,36.99,37.74,36.61,37.66,28467
20181228,37.88,38.11,37.65,37.79,19905
20181231,38,38.03,37.69,37.79,15904
20190102,37.59,38.13,37.24,38.05,11358
20190103,37.58,37.59,36.97,37.1,9499
20190104,37.8,39,37.61,38.8,27155
20190107,39.15,39.82,39.15,39.7,9150
20190108,40.11,40.11,39.67,40.05,19029
20190109,40.47,40.71,40.47,40.56,5355
20190110,40.36,40.68,40.11,40.65,5246
20190111,40.18,40.32,40.08,40.31,7594
20190114,39.84,39.9,38.83,39.83,5229
20190115,39.91,40.29,39.91,40.2,6470
20190116,40.35,40.62,40.32,40.51,8138
20190117,40.4,40.8,40.35,40.75,8949
20190118,41.3,41.68,41.18,41.55,13178
20190122,40.8,40.8,40.23,40.33,10619
20190123,40.75,40.83,40.31,40.31,3340
20190124,40.55,40.82,40.55,40.77,9424
20190125,41.29,41.44,41.16,41.37,27426
20190128,40.93,40.95,40.66,40.95,7934
20190129,40.84,40.84,40.49,40.55,6956
20190130,40.75,41.36,40.7,41.12,9300
20190131,41.01,41.53,40.9,41.43,19974
20190201,41.26,41.27,41.04,41.16,4072
20190204,41.32,41.77,41.32,41.71,24930
20190205,41.51,41.77,41.44,41.6,9894
20190206,41.18,41.23,40.76,40.77,14030
20190207,40.37,40.47,39.87,40.18,30479
20190208,40.27,40.52,40.27,40.52,6139
20190211,40.5,40.64,40.22,40.23,8993
20190212,40.43,40.69,40.42,40.59,8541
20190213,40.93,41.23,40.93,41.11,13738
20190214,40.83,41.35,40.83,41.24,16807
20190215,41.3,41.3,40.99,41.15,5808
20190219,40.83,41.42,40.83,41.32,20100
20190220,41.27,41.38,40.89,40.94,16642
20190221,40.93,40.93,40.65,40.85,5435
20190222,40.99,41.09,40.89,41.03,5621
20190225,41.56,41.69,41.08,41.37,13187
20190226,41.28,41.41,41.04,41.35,18530
20190227,41.31,41.45,41.26,41.29,3975
20190228,41.22,41.3,40.99,41.04,8837
20190301,41.5,41.67,41.3,41.65,18841
20190304,41.66,41.77,41.1,41.44,23357
20190305,41.44,41.77,41.42,41.67,18276
20190306,41.77,41.98,41.66,41.66,3503
20190307,41.2,41.2,40.58,40.61,11070
20190308,40.33,40.64,40.28,40.59,26333
20190311,40.94,41.49,40.94,41.38,77175
20190312,41.77,41.77,41.66,41.73,8209
20190313,41.89,42.24,41.89,42.13,3933
20190314,41.84,41.95,41.64,41.95,8305
20190315,42.12,42.45,42.12,42.37,5670
20190318,42.67,42.8,42.57,42.72,7977
20190319,42.73,42.91,42.67,42.73,8076
20190320,42.82,43.26,42.54,42.68,7855
20190321,42.63,43.45,42.61,43.45,37885
20190322,43.31,43.31,42.56,42.7,34959
20190325,42.52,42.83,42.37,42.73,16814
20190326,42.9,43.15,42.64,42.66,8412
20190327,43.46,43.46,42.47,42.69,23392
20190328,42.94,43.02,42.82,42.99,4058
20190329,43.18,43.4,43.1,43.35,11631
20190401,43.54,43.63,43.37,43.63,7499
20190402,43.6,43.63,43.46,43.49,8707
20190403,44.05,44.65,44.05,44.18,14046
20190404,44.39,44.4,44.2,44.21,5175
20190405,44.39,44.55,44.24,44.49,2298
20190408,44.07,44.24,43.85,44.16,7315
20190409,44.14,44.14,43.84,43.93,20290
20190410,44.14,44.46,44.05,44.46,14592
20190411,44.31,44.32,44.08,44.1,5113
20190412,44.53,44.64,44.43,44.62,5439
20190415,44.56,44.56,44.15,44.2,6281
20190416,44.41,44.41,44.04,44.25,6223
20190417,44.34,44.62,44.05,44.09,10265
20190418,43.89,44.06,43.75,43.99,6033
20190422,43.73,44.1,43.65,44.1,13100
20190423,43.88,44.14,43.87,44.14,9066
20190424,44.15,44.15,43.94,44.06,14481
20190425,43.66,43.68,43.35,43.46,19060
20190426,43.49,43.72,43.46,43.63,6304
20190429,43.69,43.99,43.66,43.93,5426
20190430,43.88,43.92,43.76,43.92,4691
20190501,44.15,44.33,43.92,43.92,6164
20190502,43.81,43.98,43.47,43.64,4110
20190503,43.88,44.3,43.88,44.23,8470
20190506,42.92,43.7,42.92,43.66,8073
20190507,43.16,43.32,42.41,42.5,22536
20190508,43.01,43.2,42.85,43.01,4027
20190509,42.09,42.51,41.8,42.28,10412
20190510,42.43,42.78,42.05,42.65,7341
20190513,41.89,42.07,41.45,41.55,9619
20190514,41.65,42,41.65,41.91,18725
20190515,41.79,42.51,41.79,42.47,15621
20190516,42.46,42.8,42.46,42.63,7868
20190517,42.38,42.59,42.18,42.36,5828
20190520,41.62,41.62,41.23,41.41,14251
20190521,41.54,41.72,41.28,41.72,8100
20190522,41.65,41.73,41.35,41.56,4406
20190523,41.01,41.01,40.8,40.97,7926
20190524,41.27,41.27,41.08,41.1,1106
20190528,41.27,41.5,41.01,41.1,13859
20190529,40.85,40.97,40.85,40.87,2760
20190530,41.09,41.17,40.94,41.05,13839
20190531,40.83,41.14,40.83,40.99,14497
20190603,41.2,41.27,40.69,40.89,22194
20190604,40.83,41.25,40.82,41.25,13788
20190605,41.3,41.3,40.9,41.07,26346
20190606,41.02,41.24,40.88,40.97,39298
20190607,41.32,41.83,41.32,41.6,17083
20190610,42.01,42.29,42.01,42.19,4134
20190611,42.1,42.43,41.99,42,3840
20190612,41.71,41.71,41.43,41.48,7733
20190613,41.65,41.66,41.52,41.57,1949
20190614,41.33,41.4,41.15,41.34,1471
20190617,41.04,41.22,40.96,41.09,3218
20190618,41.25,41.76,41.25,41.62,6836
20190619,41.59,41.74,41.44,41.74,3034
20190620,42.48,42.72,42.24,42.44,4807
20190621,42.45,42.45,41.88,42.23,28814
20190624,42.06,42.06,41.83,41.9,14108
20190625,41.77,41.79,41.38,41.38,4861
20190626,41.47,41.63,41.35,41.42,28568
20190627,41.79,41.88,41.76,41.81,3242
20190628,42,42.02,41.83,41.94,7125
20190701,42.16,42.16,41.83,41.85,23117
20190702,41.86,42.07,41.86,42.03,7556
20190703,41.93,41.97,41.8,41.81,6020
20190705,41.48,41.71,41.24,41.46,6911
20190708,41.15,41.16,40.89,41.02,9136
20190709,40.78,41.08,40.78,41.07,7141
20190710,41.42,41.57,41.34,41.5,8921
20190711,41.5,41.59,41.34,41.5,11370
20190712,41.33,41.46,41.13,41.39,9222
20190715,41.36,41.48,41.21,41.35,7680
20190716,41.03,41.18,40.94,40.95,5343
20190717,40.91,40.91,40.68,40.68,2283
20190718,40.36,40.62,40.33,40.58,11053
20190719,40.7,40.79,40.57,40.69,10844
20190722,40.46,40.58,40.33,40.36,15784
20190723,40.45,40.6,40.33,40.43,12905
20190724,40.42,40.66,40.42,40.65,10810
20190725,40.49,40.49,40.33,40.33,7180
20190726,40.44,40.66,40.4,40.66,32529
20190729,40.48,40.6,40.19,40.6,8899
20190730,40.3,40.35,40.2,40.28,5118
20190731,40.37,40.65,39.7,40.01,11987
20190801,40.21,40.73,39.85,39.91,17900
20190802,39.67,39.75,38.99,39.26,8480
20190805,38.34,38.34,37.52,37.72,21985
20190806,38.01,38.28,37.83,38,9622
20190807,37.96,38.66,37.89,38.66,7635
20190808,38.93,39.39,38.93,39.31,5770
20190809,39.01,39.01,38.58,38.91,6189
20190812,38.47,38.53,38.18,38.18,6200
20190813,38.06,38.98,38.04,38.64,10159
20190814,38.04,38.09,37.65,37.74,12208
20190815,37.93,38.24,37.61,37.94,14957
20190816,38.11,38.53,38.06,38.42,6969
20190819,38.99,39.2,38.98,39.06,4752
20190820,39.17,39.2,39.02,39.14,56321
20190821,39.79,40.02,39.79,39.85,4122
20190822,39.92,39.92,39.71,39.72,4020
20190823,39.63,39.89,39.03,39.06,7897
20190826,39.31,39.31,39.15,39.28,2069
20190827,39.59,39.72,39.34,39.56,2895
20190828,39.36,39.57,39.23,39.48,5019
20190829,39.55,39.8,39.55,39.8,5980
20190830,39.93,39.93,39.48,39.67,9583
20190903,39.42,39.64,39.42,39.56,3023
20190904,39.91,40.29,39.91,40.26,12376
20190905,40.47,40.72,40.47,40.63,5733
20190906,40.68,40.94,40.6,40.84,14315
20190909,40.99,41.39,40.99,41.18,7751
20190910,40.75,41.09,40.6,40.96,8697
20190911,40.97,41.14,40.93,41.08,2911
20190912,41.31,41.56,41.31,41.43,6237
20190913,41.54,41.67,41.46,41.67,6263
20190916,41.17,41.44,40.84,41.26,6802
20190917,41.09,41.28,40.88,41.23,34646
20190918,41.19,41.28,40.92,41.13,5980
20190919,41.29,41.41,41.2,41.31,4034
20190920,41.38,41.57,41.07,41.17,6541
20190923,40.93,41.08,40.89,41.04,15670
20190924,41.2,41.31,40.73,40.91,5452
20190925,40.54,40.99,40.41,40.96,6342
20190926,40.94,41.02,40.88,41,5536
20190927,40.99,40.99,40.33,40.45,5277
20190930,40.73,40.86,40.61,40.72,5491
20191001,40.66,40.67,40.21,40.23,11929
20191002,40.03,40.11,39.7,39.85,10356
20191003,40.07,40.52,39.95,40.52,7035
20191004,40.4,40.85,40.4,40.71,8543
20191007,40.46,40.59,40.33,40.34,16097
20191008,40.21,40.21,39.98,40.12,2454
20191009,40.28,40.42,40.13,40.42,9812
20191010,40.12,40.39,40.12,40.24,6335
20191011,40.45,40.95,40.45,40.82,7252
20191014,40.59,40.67,40.53,40.59,5586
20191015,40.63,41.1,40.63,40.99,8486
20191016,40.76,40.92,40.76,40.88,5397
20191017,41.12,41.12,40.9,40.94,16029
20191018,40.85,40.85,40.47,40.73,3313
20191021,40.83,40.9,40.78,40.82,4152
20191022,40.89,40.95,40.87,40.92,2947
20191023,40.53,40.94,40.53,40.94,1684
20191024,40.99,41.13,40.94,40.94,26206
20191025,40.88,41.25,40.88,41.25,2555
20191028,41.31,41.46,41.22,41.46,5729
20191029,41.19,41.19,40.85,40.92,5333
20191030,40.93,41.11,40.63,41.09,8456
20191031,40.98,40.98,40.7,40.72,4009
20191101,41.39,41.79,41.39,41.79,7442
20191104,41.94,42.24,41.94,42.12,37642
20191105,41.95,42.15,41.69,41.69,18214
20191106,41.69,41.74,41.52,41.6,13401
20191107,41.81,42.05,41.49,41.88,8762
20191108,41.6,41.8,41.59,41.8,4106
20191111,41.55,41.69,41.4,41.63,17218
20191112,41.75,41.8,41.6,41.65,4772
20191113,41.39,41.79,41.39,41.56,13087
20191114,41.48,41.56,41.21,41.51,5565
20191115,41.7,41.78,41.6,41.63,5156
20191118,41.64,41.71,41.56,41.59,9740
20191119,41.52,41.66,41.49,41.61,19580
20191120,41.58,41.78,41.35,41.47,22873
20191121,41.52,41.6,41.33,41.4,7011
20191122,41.57,41.57,41.26,41.34,28783
20191125,41.59,41.98,41.59,41.93,6754
20191126,41.88,42.06,41.76,42.02,39055
20191127,42,42.14,41.89,42.14,5034
20191129,41.89,42.14,41.89,41.98,3119
20191202,41.97,41.97,41.67,41.8,2949
20191203,41.55,41.9,41.55,41.89,8033
20191204,42.2,42.36,42.19,42.31,3637
20191205,42.36,42.62,42.3,42.33,5089
20191206,42.65,42.79,42.62,42.79,7540
20191209,42.62,42.77,42.46,42.5,6988
20191210,42.57,42.74,42.56,42.57,4975
20191211,42.43,42.59,42.32,42.59,29208
20191212,42.6,43.28,42.6,43.25,11086
20191213,43.02,43.21,42.88,43.16,8783
20191216,43.17,43.51,43.12,43.5,22353
20191217,43.52,43.68,43.42,43.65,8440
20191218,43.49,43.55,43.32,43.47,6175
20191219,43.44,43.58,43.44,43.52,3410
20191220,43.58,43.77,43.51,43.77,9330
20191223,43.8,43.93,43.54,43.85,101635
20191224,43.83,43.85,43.69,43.71,3250
20191226,43.95,44.17,43.94,44.11,35549
20191227,44.13,44.22,44.05,44.05,12608
20191230,44.2,44.36,43.93,43.97,5679
20191231,43.88,44.1,43.88,44.1,8153
20200102,44.45,44.91,44.45,44.9,12862
20200103,44.34,44.77,44.34,44.62,7192
20200106,44.12,44.59,44.12,44.59,9254
20200107,44.61,44.72,44.61,44.7,4202
20200108,44.55,44.91,44.48,44.87,6214
20200109,44.76,45.44,43.64,45.05,37399
20200110,45.57,45.85,45.22,45.27,6422
20200113,45.78,46.25,45.76,46.25,9649
20200114,46.01,46.25,45.89,46.15,7034
20200115,46.2,46.4,46.19,46.3,4690
20200116,46.53,46.64,46.46,46.54,3091
20200117,46.4,46.46,46.23,46.42,10746
20200121,46.05,46.39,45.78,45.97,12404
20200122,46.49,46.57,46.25,46.25,5331
20200123,46.14,46.28,46.03,46.16,5590
20200124,46.43,46.51,45.81,45.92,4125
20200127,44.63,45.09,44.21,45.06,14124
20200128,45.09,45.38,44.89,45.29,30652
20200129,45.63,45.63,45.4,45.47,4838
20200130,44.7,44.95,44.54,44.91,15696
20200131,44.52,44.52,43.94,43.94,4292
20200203,44.44,44.75,44.32,44.59,5044
20200204,45.64,45.99,45.58,45.89,11750
20200205,46.35,46.35,45.94,46.17,29711
20200206,46.18,46.99,46.18,46.97,12169
20200207,46.95,46.95,46.59,46.62,13234
20200210,46.62,46.77,46.59,46.71,3957
20200211,47.03,47.21,46.97,47,4884
20200212,47.35,47.52,47.3,47.41,6765
20200213,46.99,47.34,46.99,47.18,3228
20200214,47.42,47.56,47.24,47.34,7084
20200218,47.11,47.11,46.81,46.94,4035
20200219,47.57,47.74,47.45,47.63,14618
20200220,47.29,47.47,46.77,47.15,10868
20200221,47.05,47.21,46.75,46.77,3744
20200224,45.14,45.69,45.14,45.51,11751
20200225,45.81,45.87,44.67,44.73,33207
20200226,45.26,45.76,45.08,45.2,5626
20200227,44.16,44.51,43.63,43.89,13884
20200228,42.4,43.36,42.1,43.36,21344
20200302,43.96,44.81,43.63,44.79,24142
20200303,44.91,45.38,44.06,44.5,10979
20200304,45.21,46.11,44.92,46.05,17850
20200305,45.03,45.78,45.03,45.43,65769
20200306,44.52,44.81,43.97,44.45,8431
20200309,41.76,42.63,40.74,41.54,64864
20200310,43.3,43.44,42.06,43.34,15523
20200311,42.03,42.24,41.43,41.77,9017
20200312,38.67,38.67,36.46,37.76,25869
20200313,39.75,39.89,38.17,39.89,25335
20200316,35.05,37.79,35.05,36.4,22070
20200317,37.15,38.93,36.38,38.38,25921
20200318,36.08,37.39,35.48,36.38,16817
20200319,36.36,37.52,36.07,36.97,16865
20200320,38.03,38.48,36.85,36.85,12200
20200323,36.77,37.42,36.39,37.22,27263
20200324,39.74,40.3,38.96,39.38,29520
20200325,39.62,40.29,39.03,39.51,13255
20200326,40.11,41.51,40.11,41.51,17399
20200327,40.15,40.9,39.93,40.34,4949
20200330,40.97,41.78,40.97,41.78,6983
20200331,42.04,42.52,41.76,41.76,60026
20200401,40.94,41.61,40.87,40.87,3580
20200402,41.29,41.9,41.29,41.85,7440
20200403,41.8,42.19,41.15,41.33,14199
20200406,42.8,43.5,42.7,43.35,18776
20200407,44.42,44.42,43.03,43.08,16820
20200408,42.94,43.19,42.55,43.04,3680
20200409,43.35,43.83,43.06,43.11,11320
20200413,42.98,43.61,42.82,43.53,13031
20200414,44.37,44.98,44.37,44.87,13012
20200415,44.24,44.83,44.2,44.63,6354
20200416,45.2,45.66,45.13,45.58,31407
20200417,46.36,46.36,45.71,46.23,26881
20200420,45.88,46.4,45.88,45.91,32130
20200421,45.19,45.64,44.67,45.02,13173
20200422,45.89,45.99,45.59,45.99,9666
20200423,46.23,46.25,45.55,45.75,25080
20200424,45.91,46.31,45.81,46.25,14084
20200427,46.62,46.83,46.47,46.77,12377
20200428,47.4,47.4,46.4,46.46,11241
20200429,46.88,47.35,46.88,47.35,31412
20200430,46.54,46.75,46.21,46.32,5747
20200501,45.56,45.76,45.3,45.51,25645
20200504,45.68,46.09,45.46,46.07,47508
20200505,46.49,46.9,46.49,46.62,7673
20200506,46.87,47.36,46.78,47.02,40010
20200507,48.01,48.24,47.77,48.15,23191
20200508,48.58,48.99,48.52,48.87,12108
20200511,48.76,49.36,48.76,49.26,70858
20200512,49.86,50.31,49.24,49.24,73941
20200513,49.63,49.9,48.76,49.26,21802
20200514,48.75,49.43,48.43,49.41,16865
20200515,49.21,49.67,49.21,49.61,5183
20200518,50.7,50.83,50.17,50.75,24461
20200519,50.38,51.07,50.38,50.56,12401
20200520,51.58,51.97,51.12,51.56,19686
20200521,51.41,51.68,51.08,51.08,12159
20200522,51.08,51.52,50.84,51.33,5257
20200526,52.14,52.21,51.26,51.28,13605
20200527,50.96,50.96,49.78,50.47,26359
20200528,50.45,50.68,50.17,50.24,5821
20200529,50.82,51.67,50.82,51.67,8549
20200601,52.12,52.88,52.06,52.7,15865
20200602,52.88,53.03,52.48,52.95,16525
20200603,53.12,53.12,52.79,53.03,7422
20200604,52.74,52.96,52.36,52.57,14077
20200605,53.11,53.17,52.89,53.15,11048
20200608,52.69,53.31,52.47,53.24,11996
20200609,52.92,53.46,52.83,53.39,9067
20200610,53.81,54.29,53.75,54.02,16431
20200611,53.38,53.66,52.08,52.24,37167
20200612,53.48,53.48,52.12,52.84,31328
20200615,51.91,53.75,51.91,53.51,22726
20200616,54.53,54.56,53.92,54.21,32628
20200617,54.85,55.68,54.59,55.35,17256
20200618,55.35,55.47,55.14,55.29,8677
20200619,55.78,55.91,55.33,55.37,5943
20200622,56.07,56.18,55.74,56.11,12031
20200623,56.78,57.29,56.48,56.87,17187
20200624,56.92,57.29,55.88,56.26,26774
20200625,56.2,56.62,55.95,56.62,14485
20200626,56.65,56.71,56.02,56.17,7317
20200629,56.31,56.31,55.6,56.14,24254
20200630,56.9,56.97,56.5,56.68,44586
20200701,57.06,57.49,56.8,57.49,39715
20200702,58.83,59.02,58.48,58.61,26815
20200706,59.96,60.19,59.57,59.72,31851
20200707,59.63,60.09,59.49,59.56,22928
20200708,60.04,60.34,59.77,60.3,26348
20200709,61.1,61.22,60.43,61.01,24436
20200710,60.97,61.01,60.76,60.95,8666
20200713,61.26,61.63,59.89,60.02,25588
20200714,59.96,60.3,59.01,60.3,19866
20200715,60.77,60.87,59.75,60.06,27901
20200716,59.2,59.2,58.68,59.02,12984
20200717,59.27,59.27,58.98,59.14,32325
20200720,59.27,60.17,59.27,60.16,73569
20200721,60.48,60.9,60.26,60.41,47270
20200722,60.67,60.67,59.91,60.06,17986
20200723,60.16,60.16,59.06,59.27,28371
20200724,58.51,59.14,58.42,58.95,18832
20200727,59.68,60.1,59.68,60.07,11207
20200728,60.15,60.15,59.61,59.64,17966
20200729,60.16,60.73,60.16,60.73,14310
20200730,60.04,60.84,60.01,60.77,3403
20200731,61.23,61.23,60.66,60.9,4389
20200803,62.82,63.52,62.82,63.51,27529
20200804,63.81,64.51,63.72,64.51,16269
20200805,65.52,65.58,64.92,65.09,22084
20200806,66.31,66.35,65.8,66.25,17137
20200807,66.17,66.33,65.66,66.09,5746
20200810,66.56,66.56,65.18,65.59,16277
20200811,65.09,65.09,63.91,63.94,16762
20200812,64.33,64.85,64.3,64.71,11454
20200813,65.4,65.71,65.2,65.36,12856
20200814,65.45,65.94,65.3,65.4,13215
20200817,65.95,66.37,65.78,66.3,17680
20200818,66.46,66.46,65.95,66.27,15417
20200819,66.67,66.67,66.03,66.04,11219
20200820,65.21,65.6,64.63,65.55,12970
20200821,65.2,65.9,64.91,65.27,6703
20200824,66.34,67.05,65.92,66.2,13267
20200825,66.15,66.39,65.65,66.22,4778
20200826,66.37,67.02,66.31,66.8,25737
20200827,67.17,67.66,66.05,66.56,12807
20200828,66.18,66.35,65.86,66.28,20667
20200831,66.52,67.17,66.36,66.79,23218
20200901,67.38,67.85,67.17,67.83,10897
20200902,69.12,69.77,68.27,68.79,27546
20200903,68.64,69.13,66.25,66.57,44157
20200904,66.91,67.2,65.39,66.92,37479
20200908,64.89,65.64,64.21,64.86,27998
20200909,65.91,66.41,65.61,66.2,20544
20200910,66.45,66.88,65.16,65.16,9670
20200911,65.98,66.43,65.3,65.77,9521
20200914,66.51,66.96,66.48,66.78,10383
20200915,67.36,67.59,66.95,67.5,22823
20200916,68.03,68.14,67.34,67.41,12337
20200917,66.55,67.17,66.07,67.17,16354
20200918,67.43,67.64,66.83,67.27,5922
20200921,65.86,66.74,65.63,66.74,24726
20200922,66.79,66.79,66.12,66.73,6384
20200923,66.96,66.96,65.77,65.77,7065
20200924,64.92,65.48,64.55,65.1,28884
20200925,64.77,65.53,64.64,65.41,10323
20200928,66.39,66.4,65.98,66.39,20300
20200929,67.02,67.21,66.75,67.01,27361
20200930,67.08,67.87,67.08,67.32,18684
20201001,67.88,67.99,67.58,67.71,12591
20201002,66.66,67.29,66.39,66.83,5641
20201005,66.97,67.46,66.91,67.46,14777
20201006,67.41,67.53,66.64,66.81,21053
20201007,67.35,67.58,67.35,67.47,17745
20201008,67.83,67.84,67.43,67.66,9093
20201009,67.99,68.62,67.99,68.39,15959
20201012,68.76,68.91,68.51,68.7,17926
20201013,68.41,68.62,68.16,68.5,16603
20201014,68.61,68.61,67.87,68.17,9194
20201015,66.89,67.37,66.89,67.25,9700
20201016,67.6,67.8,67.35,67.35,4432
20201019,67.67,68.04,66.76,66.83,7720
20201020,67.54,67.98,67.35,67.57,9168
20201021,67.77,68.2,67.77,68.01,8508
20201022,68.1,68.13,67.36,68.06,4577
20201023,67.9,67.99,67.55,67.99,10952
20201026,67.06,67.54,66.38,66.87,17544
20201027,67.62,67.89,67.36,67.8,14820
20201028,67.25,67.35,66.53,66.56,22108
20201029,67.26,67.77,67.23,67.56,29252
20201030,66.54,66.56,65.3,65.4,22309
20201102,66.08,66.39,65.4,65.66,28421
20201103,66.37,67.03,66.33,66.91,16187
20201104,67.66,69.07,67.66,68.91,14493
20201105,70.53,70.56,70.03,70.33,26091
20201106,70.46,71.02,69.97,70.96,13163
20201109,71.56,71.56,68.95,68.95,49748
20201110,67.9,67.9,66.63,67,42100
20201111,66.95,67.53,66.5,67.53,19932
20201112,67.82,68.29,67.32,67.51,8491
20201113,68.4,69.21,68.4,69.13,14844
20201116,68.96,69.31,68.82,69.31,14306
20201117,68.78,69.22,68.77,69.11,4310
20201118,69.63,69.79,69.22,69.22,4238
20201119,69.35,70.72,69.35,70.72,5670
20201120,71.02,71.94,71.02,71.67,6396
20201123,71.96,72.32,71.81,72.13,11391
20201124,72.2,72.74,71.95,72.74,13361
20201125,71.98,72.25,71.64,72.06,12286
20201127,73.36,73.85,73.35,73.66,4953
20201130,74.33,74.5,73.03,73.88,14672
20201201,75.25,75.25,74.2,74.35,15539
20201202,73.56,73.62,73.22,73.4,7102
20201203,74.5,75.1,74.5,74.64,10278
20201204,74.84,75.46,74.84,75.33,6298
20201207,74.9,75.29,74.9,75.1,27964
20201208,75.18,75.85,75.18,75.78,18810
20201209,75.65,75.65,74.02,74.37,20281
20201210,73.79,74.86,73.51,74.84,17608
20201211,74.62,74.73,74.27,74.63,5305
20201214,75.17,75.6,75.17,75.4,22398
20201215,75.79,76.1,75.4,76.1,9134
20201216,76.57,77.07,76.41,77.03,9557
20201217,77.79,78.28,77.79,78.24,14028
20201218,78.34,78.73,78.34,78.65,8984
20201221,78.4,78.4,77.1,78.05,15279
20201222,78.3,78.3,77.35,77.4,10433
20201223,78.04,78.1,77.6,77.95,17197
20201224,78.43,78.44,77.86,77.89,9466
20201228,78.66,78.8,77.86,77.9,24099
20201229,78.74,78.79,78.16,78.36,11314
20201230,79.11,79.48,79.11,79.28,11690
20201231,79.49,79.49,78.57,78.74,15531
20210104,79.64,79.74,78.55,78.79,25308
20210105,79.2,80.33,79.2,80.33,9680
20210106,79.31,80.2,79.16,79.49,13755
20210107,78.99,79.76,78.99,79.76,22891
20210108,80.3,80.63,79.87,80.43,27724
20210111,79.81,80.13,79.61,79.8,8846
20210112,80.03,80.5,79.94,80.36,8755
20210113,80.57,82.47,80.57,81.79,37105
20210114,82.95,83.68,82.78,83.26,24301
20210115,82.36,82.4,81.44,81.44,22010
20210119,82.8,82.99,82.43,82.66,21959
20210120,83.24,83.91,83.22,83.78,20608
20210121,83.66,84.42,83.31,84.42,19225
20210122,84.33,87.76,84.33,87.19,39660
20210125,91.31,96.85,85.51,88.97,86394
20210126,89.93,95.3,89.07,94.53,49339
20210127,97.75,114.36,97.75,109.72,396907
20210128,101.41,120.45,87.87,97.49,347304
20210129,110.72,114.57,100.04,106.8,100639
20210201,105.61,107.42,97.94,99.91,251746
20210202,92.75,94.52,87.77,89.31,124452
20210203,91.21,92.53,89.94,91,49171
20210204,91.03,91.19,87.77,87.82,30164
20210205,88.5,91.63,88.31,89.75,44801
20210208,91.29,91.34,90.08,90.67,19218
20210209,90.66,91.26,89.89,90.78,19554
20210210,91.52,92.49,90.76,91.6,13283
20210211,92.48,93.04,92.44,92.88,14081
20210212,92.59,93.55,92.14,93.33,6012
20210216,93.42,93.52,92.03,92.12,14839
20210217,91.18,91.52,90.27,90.53,6069
20210218,89.77,90,88.75,89.23,5813
20210219,89.88,90.48,89.57,89.57,6193
20210222,88.55,88.72,87.44,87.73,11364
20210223,85.29,86.21,83.09,86.03,26196
20210224,84.32,89.89,83.97,89.69,16316
20210225,95.41,95.41,88.47,89.25,40018
20210226,89.69,91.24,86.49,87.29,19687
20210301,88.65,92.3,88.6,91.32,17596
20210302,91.06,91.79,90.07,90.38,27268
20210303,90.86,91.18,88.82,89.53,4138
20210304,89.09,89.15,86.79,87.74,9021
20210305,87.86,88.38,86.66,88.21,26218
20210308,88.55,92.47,88.35,90.58,18650
20210309,95.22,98.65,94.5,98.52,49364
20210310,99.84,105.73,89.77,98.04,111758
20210311,98.79,101.53,98.04,100.48,13846
20210312,100.23,102.21,100.23,101.03,12523
20210315,101.49,102.11,96.1,96.79,22914
20210316,96.25,97.33,94.46,97.17,12462
20210317,94.84,96.61,94.84,95.82,4461
20210318,95.5,95.62,93.61,93.61,8575
20210319,94.25,96.12,93.73,94.93,27995
20210322,93.78,96.37,92.52,94.91,17164
20210323,95.95,95.96,94.5,94.51,9927
20210324,94.25,94.33,92.85,92.85,15050
20210325,92.39,93.62,92.29,93.62,6681
20210326,93.83,95.49,93.83,95.16,8374
20210329,95.73,95.84,94.93,95.47,17071
20210330,95.45,96.24,95.45,96.1,4178
20210331,96.27,97.02,95.79,96.91,32653
20210401,98.23,98.74,97.7,97.91,4677
20210405,98.45,99.55,97.92,99.12,14033
20210406,99.42,99.97,99.22,99.34,24617
20210407,99.28,99.41,98.69,99.08,9782
20210408,100.36,100.4,99.83,99.83,10667
20210409,100.17,100.83,99.58,100.57,6962
20210412,99.58,99.82,99,99.46,12679
20210413,100,100.8,99.99,100.8,4115
20210414,100.95,101.11,100.18,100.19,7388
20210415,101.13,101.58,100.76,101.58,3882
20210416,102.22,102.22,101.09,101.53,10359
20210419,101.56,102.38,100.58,100.9,12343
20210420,100.35,100.43,99.26,99.54,11325
20210421,98.96,99.98,98.18,99.98,14540
20210422,100.07,100.38,99.59,99.68,3686
20210423,100.12,100.98,100.12,100.98,4516
20210426,100.88,101.64,100.71,101.33,14773
20210427,101.34,101.34,100.78,100.78,4213
20210428,100.54,100.59,99.21,100.14,8328
20210429,100.95,100.95,99.33,99.82,7969
20210430,99.05,99.3,98.04,98.11,15377
20210503,98.35,98.51,97.5,97.57,13412
20210504,96.58,96.58,94.89,95.56,7763
20210505,96.09,96.76,95.89,96.16,6005
20210506,94.99,94.99,93.64,94.92,4689
20210507,96.36,96.78,96.19,96.77,6833
20210510,96.16,96.16,94.39,94.46,8284
20210511,91.94,93.91,90.96,93.38,11518
20210512,92.24,92.64,90.73,90.73,13580
20210513,90.99,91.19,89.76,90.46,11886
20210514,90.89,92.31,90.89,92.06,6722
20210517,90.94,91.8,90.94,91.8,1697
20210518,92.9,93.63,92.9,93.07,5896
20210519,91.49,93.09,91.49,93.08,676
20210520,93.69,94.89,93.69,94.49,3807
20210521,94.74,95.17,94.4,94.66,2371
20210524,94.72,95.52,94.35,95.15,5779
20210525,95.53,96.24,95.53,96.01,14433
20210526,96.37,97.07,96.37,96.74,3590
20210527,97.08,97.39,96.92,97.34,3796
20210528,97.71,97.71,97.37,97.54,2048
20210601,97.63,98.25,97.6,97.94,3432
20210602,97.44,97.44,97.06,97.2,3574
20210603,96.58,96.58,95.92,96.09,3815
20210604,96.66,97.51,96.66,97.37,5498
20210607,97.27,97.68,97.27,97.68,18445
20210608,98.06,98.28,97.42,97.97,11446
20210609,98.49,98.49,97.84,97.84,1060
20210610,97.84,98.2,97.74,97.74,1917
20210611,97.72,97.94,97.5,97.94,2426
20210614,98.63,98.63,97.56,98.14,283238
20210615,98.31,98.46,97.56,97.74,1986
20210616,97.03,97.03,95.75,96.25,10042
20210617,95.42,96.28,95.06,95.62,37621
20210618,95.13,95.73,94.86,94.86,3475
20210621,94.77,95.29,93.3,93.61,87841
20210622,93.59,93.84,93.41,93.76,193720
20210623,93.6,94.33,93.45,93.63,3492
20210624,94.08,94.85,94.08,94.63,3235
20210625,94.75,94.91,94.32,94.54,9243
20210628,95.04,95.57,94.48,95.47,74912
20210629,95.86,96.05,95.59,96.05,25658
20210630,95.78,95.78,95.11,95.54,13824
20210701,94.94,95.25,94.01,94.13,11674
20210702,94.85,95.22,94.43,95.1,15836
20210706,95.05,95.05,94.04,94.28,98896
20210707,94.24,94.24,93.01,93.26,2363
20210708,91.74,92.33,90.81,92.33,3183
20210709,92.76,93.37,92.16,93.19,7549
20210712,93.3,93.52,92.88,93.51,398908
20210713,93.52,94.09,93.52,93.52,2976
20210714,93.6,93.6,92.72,92.72,2818
20210715,92.55,92.79,91.97,91.99,6484
20210716,92.57,92.66,91.95,91.95,10493
20210719,91.17,91.38,90.36,90.79,109688
20210720,90.96,91.57,90.29,91.55,12143
20210721,91.36,92.01,91.36,91.89,3368
20210722,92.97,92.97,92.23,92.73,4957
20210723,92.14,92.17,91.79,91.95,2403
20210726,91.3,91.74,91.02,91.28,107563
20210727,90.46,90.46,88.96,89.7,2420
20210728,89.85,91.27,89.65,91.12,7009
20210729,91.29,91.91,91.12,91.23,5579
20210730,90.18,90.51,90.13,90.34,3238
20210802,90.38,90.81,90.08,90.21,302325
20210803,88.6,88.72,87.37,87.98,9297
20210804,88.09,88.59,88.09,88.22,2852
20210805,88.32,88.36,87.65,87.99,7281
20210806,87.23,87.95,86.86,87.29,6833
20210809,87.46,88.38,87.46,88.15,65456
20210810,87.6,87.73,86.81,87,5128
20210811,87.18,87.18,86.28,86.82,7679
20210812,86.82,87.09,86.36,86.86,6929
20210813,86.34,86.54,86.17,86.31,2324
20210816,85.85,85.94,84.94,85.3,3929
20210817,84.12,84.45,83.38,84.27,7976
20210818,84.15,84.99,84.15,84.24,1697
20210819,83.78,84.2,83.57,83.57,2157
20210820,83.45,84.59,83.45,84.37,4489
20210823,85.01,86.39,85.01,86.39,6889
20210824,87.27,88.08,87.27,88.08,2313
20210825,87.66,88.93,87.66,87.78,5401
20210826,88.24,88.24,87.72,88.07,6038
20210827,87.66,88.46,87.66,88.18,1838
20210830,88.53,88.83,88.26,88.83,1449
20210831,89.05,89.74,89.05,89.47,3941
20210901,90.38,91.01,90.38,90.62,3248
20210902,91.13,91.5,91.13,91.31,4671
20210903,91.43,91.49,91.37,91.49,1046
20210907,91.34,91.61,91.25,91.6,1603
20210908,90.85,90.85,89.59,90.35,4771
20210909,89.21,89.91,89.21,89.69,2676
20210910,89.84,90.34,89.53,89.74,1370
20210913,89.74,89.74,89,89.37,6788
20210914,89.57,89.57,88.88,88.98,798
20210915,88.7,88.99,88.06,88.99,9110
20210916,87.89,88.24,87.89,88.24,3012
20210917,88.22,88.22,87.37,87.44,1240
20210920,85.16,85.65,83.89,84.22,2065
20210921,85.58,85.58,84.65,85.1376,630
20210922,85.62,86.13,85.26,85.9,15064
20210923,86.55,87.01,86.55,86.8731,4991
20210924,86.41,86.49,85.97,86.145,4454
20210927,86.12,86.12,85.0211,85.67,2917
20210928,84.66,84.78,83.49,83.72,4559
20210929,84.11,84.14,82.321,82.49,7300
20210930,83.4,83.848,83.4,83.84,3085
20211001,83.41,83.79,82.79,83.4901,2138
20211004,82.7,82.93,81.31,81.56,3613
20211005,82,82.97,82,82.73,1836
20211006,81.24,82.43,81.24,82.34,5364
20211007,83.49,84.81,83.49,84.69,2144
20211008,84.47,84.6552,83.98,84.06,4363
20211011,84.04,84.74,84.04,84.06,3356
20211012,83.81,83.94,83.43,83.43,1489
20211013,84.52,85.36,84.52,85.27,36902
20211014,86.24,86.99,86.2,86.85,14216
20211015,86.36,86.92,86.36,86.92,2459
20211018,86.77,87.715,86.77,87.67,3613
20211019,88.54,89.46,88.54,89.2601,4263
20211020,89.29,89.5,88.92,88.92,5926
20211021,89.04,89.89,89.04,89.73,2108
20211022,90.28,90.62,89.9,89.93,2904
20211025,90,90.13,89.58,90.13,1791
20211026,90.72,91.34,90.13,90.3001,5122
20211027,90.39,91.14,90.39,90.47,4956
20211028,89.72,90.1,89.7,90.09,3037
20211029,90.51,90.85,90.27,90.45,1717
20211101,91.38,92.95,91.38,92.73,8321
20211102,92.47,92.47,91.77,92.14,7682
20211103,92.01,92.55,91.913,92.55,1498
20211104,91.55,91.57,91.1758,91.1758,996
20211105,92.07,92.07,91.5,91.7666,7307
20211108,92.85,93.51,92.85,93.08,6701
20211109,95.07,95.78,94.76,95.55,2844
20211110,95.08,96.37,94.47,94.8001,19238
20211111,96.38,97.27,96.2,96.93,9379
20211112,97.38,98.37,97.38,98.08,3279
20211115,98.68,98.68,97.47,97.63,4324
20211116,98.77,99.66,98.77,99.335,21259
20211117,99.44,99.44,99.15,99.15,350
20211118,99.32,99.699,98.75,99.0801,2696
20211119,98.35,99.14,98.35,98.59,4493
20211122,97.76,97.76,95.78,95.82,8438
20211123,94.24,94.42,92.73,93.33,25176
20211124,92.96,93.95,92.96,93.95,2392
20211126,92.81,92.81,92.24,92.4264,2839
20211129,93.49,93.58,92.9401,93.39,6105
20211130,92.88,93.3,91.9,92.0301,1085
20211201,93.2,93.2,90.18,90.29,3647
20211202,89.18,89.64,88.45,89.24,10511
20211203,89.93,89.93,88.11,88.32,1768
20211206,87.71,88.5,86.9,88.4483,6870
20211207,89.84,90.495,89.81,90.2401,2221
20211208,90.85,91.93,90.85,91.63,5853
20211209,92.14,92.14,90.57,90.57,5910
20211210,90.65,90.84,89.99,90.08,2428
20211213,88.94,88.94,87.87,88.19,1422
20211214,87.1,87.51,86.61,87.085,4218
20211215,86.66,86.69,86.05,86.42,2215
20211216,88.73,88.76,87.1,87.31,24134
20211217,87.24,88,87.22,87.56,3568
20211220,86.95,87.4,86.93,87.3572,3893
20211221,88.67,89.61,88.59,89.17,10406
20211222,90.01,90.52,89.8,90.16,8901
20211223,89.6,89.89,89.17,89.89,1711
20211227,89.78,90.25,89.78,90.0003,1828
20211228,88.09,88.275,87.42,87.54,2525
20211229,87.17,88.22,86.64,86.87,7779
20211230,87.4,88.455,87.4,88.399,4002
20211231,88.4903,88.7,87.87,87.87,13659
20220103,89.04,89.04,87.8401,88.62,6365
20220104,87.98,87.98,86.1701,86.54,6751
20220105,85.93,85.93,83.73,83.73,4340
20220106,82.86,83.41,81.9,82.49,3999
20220107,82.79,83.03,82.215,82.63,2794
20220110,82.35,82.48,81.45,82.39,8485
20220111,81.93,83.52,81.93,83.41,3201
20220112,84.43,84.89,84.22,84.35,2360
20220113,83.86,83.86,82,82,2504
20220114,81.83,82.36,81.365,81.7,1588
20220118,82.22,82.444,81.4303,81.57,16787
20220119,82.22,82.82,82.15,82.38,5024
20220120,83.64,84.662,82.7888,82.7888,3734
20220121,82.42,82.42,81.41,81.49,4242
20220124,79.07,79.64,76.584,79.64,20825
20220125,77.94,79,77.74,78.33,8283
20220126,79.39,79.74,78.14,78.14,2320
20220127,76.91,77.45,76.31,76.57,10701
20220128,75.53,76.3,74.93,76.225,7080
20220131,77.81,79.77,77.75,79.77,3992
20220201,80.23,80.5,79.9,80.14,10687
20220202,81.15,81.15,80.3335,80.3335,4770
20220203,79.46,79.46,78.499,78.57,7417
20220204,79.1,79.1,79.1,79.1,300
20220207,81.44,81.52,80.73,80.9545,10317
20220208,80.07,80.8721,79.51,80.8721,5420
20220209,82.08,82.71,82.08,82.71,4393
20220210,81.23,82.2977,81.23,81.5701,1100
20220211,80.64,81.01,79.34,79.34,2162
20220214,79.27,79.62,78.68,79.48,7030
20220215,80.6,80.96,80.3,80.96,4006
20220216,80.6,80.91,80.15,80.9,5465
20220217,79.46,79.759,78.9031,78.9031,2273
20220218,78.54,78.54,77.795,77.96,8500
