Date,Open,High,Low,Close,Volume
20171214,35.6,35.6,35.6,35.6,226
20171218,35.73,39.17,35.72,35.72,6427
20171219,35.62,35.62,35.62,35.62,226
20171220,35.59,35.59,35.51,35.51,1241
20171221,35.42,35.42,35.42,35.42,113
20171222,35.51,35.54,35.51,35.54,2370
20171227,35.65,35.65,35.65,35.65,339
20171228,35.62,35.62,35.62,35.62,226
20180102,35.63,35.63,35.63,35.63,226
20180103,35.77,35.77,35.77,35.77,113
20180108,35.73,35.73,35.73,35.73,113
20180110,35.63,35.64,35.63,35.64,1016
20180112,35.51,35.52,35.51,35.52,226
20180117,35.62,35.62,35.62,35.62,226
20180119,35.61,35.61,35.61,35.61,423
20180123,35.67,35.67,35.67,35.67,146
20180124,35.66,35.67,35.66,35.67,1801
20180125,35.77,35.77,35.74,35.77,338
20180126,35.66,35.66,35.48,35.48,1689
20180129,35.46,35.46,35.46,35.46,281
20180131,35.42,35.42,35.42,35.42,450
20180201,35.3,35.35,35.3,35.3,394
20180202,35.22,35.23,35.22,35.23,339
20180206,35.24,35.24,35.24,35.24,146
20180207,35.26,35.26,35.26,35.26,113
20180214,35.16,35.16,35.14,35.14,2252
20180215,35.15,35.16,35.15,35.16,675
20180216,35.18,35.19,35.18,35.19,1239
20180221,35.19,35.22,35.19,35.22,788
20180307,35.33,37.79,35.22,35.22,1348
20180309,35.25,35.25,35.22,35.22,450
20180314,35.24,35.24,35.24,35.24,225
20180315,35.25,35.25,35.23,35.23,1124
20180320,35.29,35.29,35.29,35.29,228
20180321,35.24,35.26,35.24,35.26,3661
20180322,35.24,35.24,35.24,35.24,112
20180328,35.34,35.34,35.34,35.34,112
20180420,35.4,35.42,35.4,35.42,1806
20180424,35.35,35.35,35.35,35.35,190
20180425,35.37,35.37,35.37,35.37,112
20180426,35.41,35.41,35.39,35.41,902
20180502,35.33,35.33,35.33,35.33,224
20180508,35.51,35.51,35.51,35.51,112
20180515,35.48,35.49,35.45,35.49,952
20180521,35.37,35.37,35.37,35.37,615
20180525,35.4,35.47,35.39,35.47,7823
20180529,35.54,35.54,35.54,35.54,782
20180530,35.52,35.52,35.5,35.5,224
20180601,35.49,35.49,35.46,35.46,3241
20180607,35.48,35.49,35.48,35.49,2235
20180627,35.55,35.55,35.55,35.55,1115
20180723,35.71,35.71,35.69,35.69,2783
20180809,35.66,35.66,35.66,35.66,223
20180815,35.73,35.73,35.73,35.73,219
20180817,35.75,35.75,35.75,35.75,111
20180821,35.69,35.69,35.69,35.69,111
20180907,35.67,35.67,35.67,35.67,1111
20180913,35.66,35.66,35.64,35.65,3194
20180914,35.64,35.64,35.63,35.63,1222
20180917,35.61,35.62,35.61,35.62,3800
20180918,35.59,35.59,35.59,35.59,278
20180919,35.57,35.57,35.57,35.57,1443
20180920,35.54,35.54,35.54,35.54,111
20180921,35.55,35.55,35.55,35.55,191
20180924,35.54,35.55,35.54,35.55,278
20180926,35.5,35.5,35.5,35.5,188
20180928,35.57,35.57,35.57,35.57,111
20181002,35.58,35.59,35.58,35.59,277374
20181003,35.54,35.54,35.54,35.54,587
20181010,35.35,35.35,35.35,35.35,332620
20181011,35.32,35.34,35.26,35.33,4789
20181016,35.35,35.35,35.35,35.35,498931
20181023,35.39,35.46,35.39,35.46,723192
20181024,35.48,35.48,35.42,35.42,360
20181030,35.43,35.43,35.4,35.4,709013
20181102,35.3,35.3,35.28,35.28,2216
20181108,35.29,35.29,35.28,35.29,11341
20181112,35.44,35.44,35.44,35.44,1108
20181115,35.45,35.45,35.45,35.45,1108
20181116,35.5,35.5,35.5,35.5,332
20181123,35.61,35.61,35.61,35.61,221
20181129,35.65,35.65,35.65,35.65,996
20181204,35.78,35.8,35.78,35.8,2433
20181210,35.8,35.8,35.8,35.8,33
20181211,35.8,35.8,35.8,35.8,10509
20181212,35.97,35.97,35.97,35.97,33
20181213,35.97,35.97,35.97,35.97,33
20181214,35.9,35.92,35.9,35.92,1691
20181217,35.92,35.92,35.92,35.92,33
20181218,35.92,35.92,35.92,35.92,33
20181219,36.03,36.05,36.03,36.05,1691
20181220,35.97,35.97,35.97,35.97,71675
20181221,36.07,36.07,36.07,36.07,33
20181224,36.07,36.07,36.07,36.07,33
20181226,36.1,36.1,36.1,36.1,4199
20181227,36.15,36.15,36.15,36.15,33
20181228,36.13,36.13,36.13,36.13,4409
20181231,36.2,36.2,36.2,36.2,316
20190102,36.24,36.24,36.24,36.24,4119
20190103,36.3,36.34,36.3,36.34,3254
20190104,36.3,36.3,36.25,36.26,1906
20190107,36.31,36.31,36.31,36.31,33
20190108,36.31,36.31,36.31,36.31,33
20190109,36.31,36.33,36.28,36.32,3560
20190110,36.3,36.3,36.3,36.3,281
20190111,36.3,36.3,36.3,36.3,13689
20190114,36.3,36.35,36.3,36.35,8524
20190115,36.4,36.4,36.33,36.35,12222
20190116,36.34,36.34,36.34,36.34,2237
20190117,36.35,36.35,36.35,36.35,33
20190118,36.35,36.35,36.35,36.35,33
20190122,36.35,36.35,36.35,36.35,33
20190123,36.37,36.37,36.36,36.37,853
20190124,36.45,36.45,36.32,36.32,831
20190125,36.33,36.45,36.33,36.33,13138
20190128,36.34,36.34,36.34,36.34,15870
20190129,36.34,36.39,36.34,36.39,16552
20190130,36.38,36.4,36.38,36.4,2197
20190131,36.39,36.41,36.39,36.41,1466
20190201,36.46,36.46,36.46,36.46,883
20190204,36.5,36.51,36.48,36.5,15792
20190205,36.48,36.48,36.43,36.43,6552
20190206,36.46,36.46,36.46,36.46,33
20190207,36.51,36.51,36.51,36.51,147
20190208,36.57,36.58,36.57,36.58,2059
20190211,36.61,36.65,36.61,36.65,13875
20190212,36.61,36.61,36.61,36.61,33
20190213,36.59,36.62,36.59,36.62,2013
20190214,36.76,36.76,36.55,36.68,25676
20190215,36.66,36.67,36.65,36.65,5862
20190219,36.67,36.67,36.67,36.67,33
20190220,36.72,36.73,36.71,36.73,7219
20190221,36.73,36.73,36.69,36.69,1904
20190222,36.73,36.73,36.73,36.73,1143
20190225,36.72,36.72,36.72,36.72,33
20190226,36.87,36.87,36.71,36.73,178214
20190227,36.75,36.75,36.75,36.75,199
20190228,36.75,36.78,36.75,36.76,1115
20190301,36.82,36.82,36.71,36.71,385
20190304,36.68,36.75,36.68,36.75,2694
20190305,36.71,36.79,36.71,36.79,4978
20190306,36.76,36.76,36.74,36.74,1006
20190307,36.79,36.79,36.79,36.79,700
20190308,36.85,36.86,36.84,36.84,12009
20190311,36.88,36.88,36.88,36.88,1118
20190312,36.88,36.88,36.88,36.88,33
20190313,36.91,36.91,36.89,36.89,1658
20190314,36.93,36.94,36.86,36.94,1008
20190315,36.9,36.93,36.86,36.93,6404
20190318,36.94,36.94,36.94,36.94,2515
20190319,37.06,37.06,36.95,36.97,538
20190320,36.97,36.99,36.97,36.99,412
20190321,37.02,37.02,37,37,848
20190322,37.1,37.26,37.1,37.26,17564
20190325,37.29,37.29,37.18,37.18,402
20190326,37.21,37.21,37.18,37.21,2114
20190327,37.24,37.24,37.24,37.24,168
20190328,37.38,37.38,37.24,37.24,8902
20190329,37.28,37.28,37.28,37.28,33
20190401,37.28,37.32,37.28,37.32,2662
20190402,37.2,37.2,37.2,37.2,9092
20190403,37.24,37.24,37.24,37.24,33
20190404,37.18,37.23,37.18,37.21,3017
20190405,37.23,37.23,37.21,37.21,882
20190408,37.18,37.21,37.18,37.21,1128
20190409,37.25,37.26,37.2,37.26,4058
20190410,37.37,37.37,37.26,37.29,15106
20190411,37.28,37.28,37.25,37.28,422
20190412,37.22,37.26,37.22,37.26,410
20190415,37.25,37.25,37.25,37.25,33
20190416,37.26,37.29,37.26,37.27,507
20190417,37.28,37.37,37.28,37.28,10353
20190418,37.26,37.26,37.26,37.26,1515
20190422,37.28,37.29,37.25,37.26,2456
20190423,37.23,37.42,37.22,37.34,20318
20190424,37.31,37.34,37.3,37.3,5900
20190425,37.36,37.5,37.36,37.48,15207
20190426,37.38,37.52,37.32,37.44,24917
20190429,37.41,37.51,37.41,37.47,17763
20190430,37.48,37.53,37.48,37.52,7429
20190501,37.55,37.56,37.46,37.46,20929
20190502,37.52,37.52,37.46,37.5,7217
20190503,37.54,37.54,37.5,37.52,10051
20190506,37.56,37.65,37.53,37.53,5871
20190507,37.64,37.64,37.54,37.54,10265
20190508,37.66,37.66,37.58,37.61,7861
20190509,37.71,37.71,37.61,37.65,12111
20190510,37.7,37.71,37.67,37.7,9737
20190513,37.78,37.79,37.73,37.73,11487
20190514,37.76,37.8,37.72,37.77,8008
20190515,37.79,37.86,37.79,37.82,10805
20190516,37.82,37.84,37.8,37.84,66384
20190517,37.83,37.84,37.83,37.84,983
20190520,37.85,37.88,37.8,37.87,17574
20190521,37.86,37.86,37.81,37.81,8530
20190522,37.82,37.84,37.79,37.83,26138
20190523,37.87,37.92,37.87,37.91,12308
20190524,37.9,37.91,37.86,37.9,15452
20190528,37.88,37.94,37.88,37.93,15980
20190529,38.01,38.01,37.92,37.95,19792
20190530,38,38,37.88,37.98,19720
20190531,37.98,38.05,37.93,38.05,38784
20190603,38.02,38.05,38.02,38.04,725
20190604,38.07,38.1,38,38.05,3198
20190605,38.1,38.1,38.02,38.1,13257
20190606,38.1,38.12,38.03,38.04,9617
20190607,38.19,38.19,38.13,38.13,4601
20190610,38.1,38.13,38.06,38.06,27081
20190611,38.11,38.11,38.07,38.1,3416
20190612,38.13,38.13,38.09,38.1,14044
20190613,38.06,38.12,38.04,38.1,5713
20190614,38.08,38.1,38.05,38.1,8649
20190617,38.1,38.1,38.1,38.1,568
20190618,38.14,38.14,38.08,38.14,11900
20190619,38.1,38.16,38.1,38.15,8644
20190620,38.21,38.21,38.1,38.17,3277
20190621,38.18,38.18,38.12,38.12,1130
20190624,38.16,38.2,38.16,38.2,4074
20190625,38.23,38.23,38.18,38.18,4985
20190626,38.15,38.16,38.15,38.16,894
20190627,38.22,38.22,38.12,38.17,2375
20190628,38.11,38.11,38.11,38.11,720
20190701,38.18,38.23,38.12,38.17,10502
20190702,38.28,38.28,38.13,38.16,1126
20190703,38.09,38.2,38.09,38.2,1485
20190705,38.07,38.24,38.07,38.21,2320
20190708,38.22,38.27,38.19,38.19,10059
20190709,38.22,38.22,38.19,38.19,2090
20190710,38.25,38.31,38.24,38.26,12086
20190711,38.27,38.27,38.25,38.26,3738
20190712,38.26,38.32,38.26,38.31,3871
20190715,38.24,38.33,38.24,38.26,8117
20190716,38.34,38.34,38.24,38.24,9681
20190717,38.31,38.34,38.3,38.33,5884
20190718,38.37,38.38,38.34,38.34,4833
20190719,38.39,38.4,38.36,38.4,8723
20190722,38.39,38.42,38.37,38.41,7519
20190723,38.43,38.43,38.4,38.4,7516
20190724,38.42,38.43,38.4,38.41,3735
20190725,38.43,38.45,38.42,38.45,9504
20190726,38.45,38.47,38.33,38.46,15641
20190729,38.45,38.47,38.44,38.47,1382
20190730,38.56,38.56,38.45,38.45,7475
20190731,38.53,38.53,38.37,38.44,4716
20190801,38.46,38.61,38.46,38.58,4123
20190802,38.63,38.64,38.61,38.63,23869
20190805,38.78,38.78,38.69,38.74,3182
20190806,38.74,38.76,38.74,38.76,3775
20190807,38.86,38.95,38.81,38.9,16672
20190808,38.86,38.87,38.83,38.86,7282
20190809,38.85,38.87,38.76,38.85,2779
20190812,39,39,38.9,38.93,16518
20190813,38.97,38.97,38.92,38.93,5103
20190814,38.99,39.05,38.97,39.02,5959
20190815,39.16,39.16,39.04,39.04,5192
20190816,39.04,39.06,39.04,39.06,911
20190819,41,41,39.03,39.07,3888
20190820,38.98,39.08,38.98,39.06,4634
20190821,39.04,39.06,39.01,39.05,1466
20190822,39,39.02,38.97,39.01,19191
20190823,39.01,39.01,39.01,39.01,347
20190826,39.03,39.08,38.98,39.06,3507
20190827,39.05,39.09,39.05,39.09,907
20190828,39.13,39.15,39.12,39.15,19775
20190829,39.13,39.13,39.05,39.12,4014
20190830,39.05,39.05,39.01,39.01,1017
20190903,39.05,39.09,39.05,39.09,5928
20190904,37.19,39.09,37.19,39.09,500
20190905,39.09,39.09,38.99,38.99,3666
20190906,38.92,39.02,38.92,38.98,4611
20190909,38.95,38.98,38.92,38.92,8125
20190910,38.93,38.93,38.84,38.86,5317
20190911,38.83,38.83,38.69,38.79,10644
20190912,38.66,38.78,38.66,38.72,2486
20190913,38.72,38.72,38.6,38.6,4036
20190916,38.6,38.6,38.54,38.54,2328
20190917,38.48,38.52,38.48,38.51,1618
20190918,38.52,38.58,38.52,38.58,6937
20190919,38.64,38.64,38.58,38.64,8724
20190920,38.65,38.68,38.65,38.68,1350
20190923,38.71,38.81,38.71,38.81,2947
20190924,38.83,38.83,38.83,38.83,33
20190925,38.87,38.87,38.83,38.84,5008
20190926,38.8,38.81,38.75,38.8,3328
20190927,38.84,38.86,38.79,38.79,1897
20190930,38.78,38.78,38.73,38.73,352
20191001,38.75,38.81,38.75,38.81,1022
20191002,38.84,38.86,38.82,38.84,9418
20191003,38.88,38.98,38.86,38.95,3491
20191004,38.98,38.98,38.98,38.98,695
20191007,39.02,39.03,38.96,38.96,5491
20191008,39.35,39.35,39.04,39.04,1048
20191009,39.07,39.07,39.05,39.05,1539
20191010,39.07,39.07,38.99,39.06,10482
20191011,38.98,38.98,38.88,38.93,3463
20191014,38.86,38.95,38.79,38.79,8672
20191015,38.81,38.9,38.81,38.86,7038
20191016,38.87,38.9,38.81,38.82,2412
20191017,38.84,38.87,38.76,38.76,5901
20191018,38.83,38.84,38.82,38.84,14912
20191021,38.81,38.81,38.78,38.81,3075
20191022,38.8,38.8,38.75,38.78,193304
20191023,38.79,38.8,38.74,38.74,3993
20191024,38.77,38.79,38.75,38.76,45752
20191025,38.79,38.81,38.76,38.76,3890
20191028,38.77,38.81,38.72,38.75,9966
20191029,38.71,38.77,38.71,38.72,4034
20191030,38.75,38.82,38.75,38.8,6616
20191031,38.91,38.91,38.83,38.86,2947
20191101,38.86,38.88,38.83,38.86,1919
20191104,38.85,38.85,38.81,38.82,5789
20191105,38.77,38.77,38.75,38.75,6658
20191106,38.75,38.78,38.74,38.78,3241
20191107,38.73,38.73,38.65,38.65,10444
20191108,38.62,38.63,38.62,38.63,4698
20191111,38.74,38.74,38.64,38.65,929
20191112,38.64,38.65,38.64,38.65,5911
20191113,38.68,38.7,38.65,38.7,7269
20191114,38.72,38.74,38.7,38.73,2105
20191115,38.82,38.82,38.74,38.77,6671
20191118,38.75,38.79,38.75,38.77,14791
20191119,38.79,38.79,38.76,38.78,2237
20191120,38.81,38.85,38.8,38.8,6230
20191121,38.86,38.89,38.81,38.89,154749
20191122,38.89,38.91,38.85,38.88,18036
20191125,38.89,38.89,38.88,38.88,1261
20191126,38.92,38.98,38.92,38.96,12248
20191127,38.96,38.96,38.92,38.93,21327
20191129,38.96,38.96,38.88,38.93,3099
20191202,38.9,38.91,38.85,38.9,7808
20191203,38.92,39.01,38.89,38.94,18065
20191204,39,39,38.94,38.95,20003
20191205,38.96,38.98,38.95,38.96,11314
20191206,39,39,38.93,38.96,4697
20191209,38.98,39.01,38.94,39.01,10507
20191210,38.98,39,38.97,38.98,8937
20191211,39,39.04,38.99,39.02,17470
20191212,39.04,39.05,38.99,39.02,9629
20191213,39.01,39.09,38.99,39.09,11332
20191216,39.11,39.11,39,39.02,15474
20191217,39.01,39.05,38.97,39.01,11432
20191218,39.11,39.11,38.97,39.03,8296
20191219,39.07,39.07,38.95,38.98,9120
20191220,38.98,39.02,38.98,38.98,13768
20191223,39.01,39.05,38.98,38.98,7881
20191224,39.06,39.06,39.03,39.03,1884
20191226,39.05,39.05,38.98,38.98,5143
20191227,39.04,39.07,39.02,39.07,8753
20191230,39.14,39.14,39.08,39.08,9491
20191231,39.15,39.15,38.96,38.99,7884
20200102,39.14,39.14,39.03,39.07,8935
20200103,39.13,39.17,39.13,39.14,2902
20200106,39.29,39.29,39.17,39.19,3792
20200107,39.21,39.24,39.2,39.22,3460
20200108,39.25,39.28,39.23,39.28,9242
20200109,39.26,39.27,39.22,39.27,15509
20200110,39.28,39.29,39.28,39.28,4643
20200113,39.29,39.3,39.24,39.3,403511
20200114,39.34,39.34,39.29,39.32,4499
20200115,39.36,39.37,39.35,39.36,5539
20200116,39.37,39.4,39.37,39.39,9606
20200117,39.39,39.41,39.38,39.4,8369
20200121,39.41,39.45,39.41,39.44,53642
20200122,39.44,39.47,39.44,39.46,10765
20200123,39.5,39.56,39.48,39.55,7436
20200124,39.53,39.81,39.5,39.56,24027
20200127,39.68,39.68,39.58,39.65,13055
20200128,39.49,39.63,39.49,39.63,10564
20200129,39.65,39.7,39.63,39.7,9770
20200130,39.64,39.65,39.61,39.61,12630
20200131,39.63,39.65,39.61,39.65,4875
20200203,39.62,39.68,39.61,39.67,20346
20200204,39.62,39.62,39.57,39.58,60510
20200205,39.57,39.57,39.53,39.54,11104
20200206,39.52,39.54,39.52,39.52,16118
20200207,39.57,39.58,39.56,39.57,13186
20200210,39.58,39.6,39.58,39.58,6986
20200211,39.63,39.63,39.57,39.6,16882
20200212,39.6,39.6,39.57,39.6,27195
20200213,39.58,39.61,39.56,39.57,54956
20200214,39.63,39.64,39.61,39.63,12186
20200218,39.69,39.72,39.64,39.68,14612
20200219,39.68,39.7,39.67,39.7,3040
20200220,39.71,39.77,39.67,39.67,60698
20200221,39.78,39.88,39.78,39.88,9767
20200224,39.93,40.01,39.93,39.93,10490
20200225,39.91,40.08,39.91,40.07,9571
20200226,40.04,40.09,39.97,39.99,13616
20200227,40.13,40.13,40.06,40.1,3531
20200228,40.13,40.21,40.06,40.09,19162
20200302,40.07,40.17,40.07,40.1,8257
20200303,40.19,40.19,40.08,40.11,12452
20200304,40.16,40.16,40.05,40.11,23185
20200305,40.18,40.18,40.09,40.1,7307
20200306,40.33,40.33,40.13,40.16,11101
20200309,40.39,40.47,40.11,40.24,13440
20200310,40.05,40.07,39.88,39.88,8670
20200311,40.01,40.01,39.06,39.42,32913
20200312,38.22,38.23,37.46,37.76,42043
20200313,37.75,38.07,37.75,38.06,7737
20200316,37.57,37.97,37.57,37.66,20685
20200317,37.5,38.09,37.5,38,45260
20200318,36.73,37.75,36.71,37.19,30189
20200319,36.8,37.12,36.09,36.09,43179
20200320,35.48,35.83,35.46,35.65,15101
20200323,35.88,35.88,35.55,35.69,36908
20200324,35.89,36.29,35.71,35.99,51095
20200325,37.42,37.63,36.66,37.63,10350
20200326,38.63,38.95,37.78,38.4,49682
20200327,38.87,38.87,38.35,38.75,28226
20200330,38.8,38.8,38.65,38.71,17664
20200331,38.46,38.61,38.31,38.54,24625
20200401,38.17,38.17,37.51,37.65,10962
20200402,37.33,37.52,37.33,37.49,19202
20200403,37.57,37.79,37.57,37.7,11763
20200406,37.89,37.91,37.66,37.78,937414
20200407,37.95,37.95,37.84,37.84,811
20200408,37.84,38.02,37.84,38.02,5382
20200409,38.06,38.43,38.06,38.31,82412
20200413,38.26,38.65,38.26,38.39,25961
20200414,38.24,38.47,38.24,38.46,14633
20200415,38.31,38.56,38.31,38.53,9991
20200416,38.32,38.47,38.32,38.47,8283
20200417,38.48,38.48,38.43,38.46,2666
20200420,38.42,38.45,38.38,38.43,10096
20200421,38.37,38.37,38.24,38.3,9868
20200422,38.23,38.23,38.1,38.11,5536
20200423,38.17,38.17,38.03,38.03,8001
20200424,37.95,37.98,37.82,37.89,8523
20200427,37.89,37.95,37.83,37.83,10235
20200428,37.91,37.91,37.78,37.88,13779
20200429,37.79,37.79,37.67,37.76,1951
20200430,37.69,37.7,37.65,37.66,3442
20200501,37.74,37.91,37.63,37.84,18922
20200504,37.85,37.95,37.85,37.95,4262
20200505,37.97,38.08,37.91,37.97,18507
20200506,37.89,38.05,37.89,38.05,27810
20200507,38.03,38.12,38.01,38.08,17642
20200508,38.08,38.12,38.07,38.12,9203
20200511,38.11,38.17,38.11,38.14,5470
20200512,38.17,38.18,38.08,38.18,12890
20200513,38.25,38.27,38.15,38.25,12098
20200514,38.35,38.35,38.24,38.26,10687
20200515,38.32,38.37,38.29,38.37,18309
20200518,38.4,38.4,38.33,38.34,5453
20200519,38.42,38.46,38.38,38.41,18295
20200520,38.48,38.55,38.46,38.55,6907
20200521,38.51,38.65,38.51,38.63,16750
20200522,38.65,38.74,38.62,38.74,9975
20200526,38.61,38.77,38.61,38.76,5200
20200527,38.78,38.81,38.75,38.79,11715
20200528,38.79,38.83,38.75,38.83,7093
20200529,38.9,38.9,38.76,38.8,22802
20200601,38.89,38.89,38.84,38.86,11614
20200602,38.92,38.95,38.86,38.95,5787
20200603,38.95,38.98,38.91,38.93,37636
20200604,38.98,39.03,38.98,39.03,11615
20200605,39.1,39.12,39.08,39.08,4190
20200608,39.15,39.15,39.07,39.08,4426
20200609,39.16,39.24,39.15,39.23,9815
20200610,39.25,39.27,39.21,39.25,14168
20200611,39.26,39.36,39.26,39.32,12674
20200612,39.35,39.37,39.28,39.37,6591
20200615,39.33,39.39,39.29,39.36,1258949
20200616,39.34,39.38,39.32,39.35,2010
20200617,39.28,39.39,39.28,39.35,9553
20200618,39.37,39.41,39.35,39.37,4832
20200619,39.44,39.49,39.41,39.45,4315
20200622,39.49,39.51,39.41,39.41,22175
20200623,39.5,39.51,39.42,39.5,10123
20200624,39.46,39.47,39.44,39.47,8510
20200625,39.45,39.53,39.45,39.45,6075
20200626,39.53,39.53,39.46,39.52,4294
20200629,39.49,39.56,39.46,39.53,8456
20200630,39.57,39.57,39.45,39.49,7339
20200701,39.61,39.61,39.48,39.5,3701
20200702,39.52,39.62,39.52,39.62,11059
20200706,39.62,39.63,39.56,39.63,6041
20200707,39.62,39.67,39.57,39.63,20654
20200708,39.63,39.67,39.63,39.64,1276
20200709,39.66,39.7,39.63,39.7,6487
20200710,39.77,39.81,39.69,39.81,5305
20200713,39.81,39.83,39.77,39.81,11031
20200714,39.84,39.88,39.82,39.84,5213
20200715,39.79,39.89,39.79,39.89,2227
20200716,39.92,39.94,39.88,39.94,3515
20200717,39.97,39.99,39.9,39.91,6327
20200720,40.01,40.04,39.96,40,7030
20200721,40.03,40.05,39.97,39.98,2607
20200722,40,40.08,40,40.08,4074
20200723,40.02,40.11,40.02,40.1,14698
20200724,40.12,40.21,40.07,40.09,30606
20200727,40.14,40.16,40.11,40.15,9696
20200728,40.18,40.18,40.11,40.17,9125
20200729,40.19,40.21,40.13,40.17,6290
20200730,40.22,40.26,40.19,40.26,20901
20200731,40.17,40.28,40.17,40.28,12603
20200803,40.28,40.3,40.24,40.29,12931
20200804,40.31,40.35,40.23,40.34,20720
20200805,40.31,40.36,40.3,40.35,12918
20200806,40.38,40.45,40.32,40.38,15644
20200807,40.42,40.46,40.41,40.43,8216
20200810,40.4,40.48,40.4,40.48,2623
20200811,40.46,40.46,40.38,40.39,1579
20200812,40.4,40.43,40.27,40.37,11547
20200813,40.38,40.42,40.34,40.38,6431
20200814,40.39,40.41,40.31,40.31,22101
20200817,40.35,40.38,40.35,40.36,3931
20200818,40.35,40.37,40.29,40.33,12493
20200819,40.33,40.36,40.27,40.27,16202
20200820,40.34,40.35,40.24,40.24,17631
20200821,40.27,40.33,40.25,40.31,8021
20200824,40.34,40.35,40.31,40.32,12559
20200825,40.27,40.33,40.24,40.3,6110
20200826,40.27,40.31,40.25,40.25,14723
20200827,40.25,40.25,40.21,40.23,6263
20200828,40.22,40.22,40.19,40.21,5986
20200831,40.21,40.23,40.19,40.23,3795
20200901,40.22,40.24,40.2,40.23,6165
20200902,40.29,40.29,40.18,40.2,1985
20200903,40.23,40.24,40.22,40.24,1511
20200904,40.26,40.26,40.18,40.25,5480
20200908,40.28,40.28,40.18,40.26,44326
20200909,40.26,40.27,40.21,40.27,4824
20200910,40.28,40.34,40.23,40.33,42693
20200911,40.3,40.32,40.26,40.3,12147
20200914,40.38,40.38,40.25,40.32,23978
20200915,40.3,40.3,40.23,40.26,9690
20200916,40.3,40.3,40.22,40.29,4314
20200917,40.31,40.31,40.22,40.26,3517
20200918,40.3,40.31,40.28,40.28,11493
20200921,40.31,40.32,40.25,40.29,4469
20200922,40.33,40.33,40.23,40.28,5301
20200923,40.23,40.32,40.23,40.29,11719
20200924,40.32,40.32,40.27,40.3,4827
20200925,40.3,40.32,40.3,40.3,3993
20200928,40.3,40.31,40.25,40.27,15213
20200929,40.27,40.29,40.23,40.25,5451
20200930,40.25,40.25,40.18,40.2,5399
20201001,40.24,40.25,40.21,40.22,7334
20201002,40.23,40.27,40.18,40.25,11835
20201005,40.25,40.25,40.12,40.15,6417
20201006,40.16,40.18,40.1,40.11,25096
20201007,40.14,40.14,40.08,40.11,16362
20201008,40.12,40.14,40.06,40.08,8462
20201009,40.16,40.16,40.06,40.08,9343
20201012,40.13,40.14,40.07,40.14,5608
20201013,40.16,40.17,40.08,40.11,8565
20201014,40.15,40.17,40.12,40.14,18236
20201015,40.12,40.16,40.12,40.14,17225
20201016,40.16,40.18,40.11,40.17,10512
20201019,40.12,40.16,40.12,40.16,4410
20201020,40.1,40.14,40.06,40.08,5094
20201021,40.09,40.1,40.07,40.1,240935
20201022,40.12,40.12,40.07,40.12,4059
20201023,40.05,40.12,40.05,40.12,6089
20201026,40.16,40.16,40.07,40.13,8891
20201027,40.14,40.15,40.09,40.13,4171
20201028,40.13,40.14,40.11,40.14,2893
20201029,40.15,40.18,40.13,40.16,12623
20201030,40.15,40.15,40.06,40.13,2932
20201102,40.13,40.15,40.09,40.12,15829
20201103,40.13,40.15,40.07,40.11,8009
20201104,40.32,40.41,40.31,40.35,11564
20201105,40.37,40.38,40.24,40.36,6355
20201106,40.42,40.42,40.27,40.36,9724
20201109,40.35,40.35,40.24,40.27,14810
20201110,40.34,40.39,40.27,40.32,7256
20201111,40.38,40.39,40.27,40.34,8153
20201112,40.35,40.41,40.3,40.37,7716
20201113,40.49,40.49,40.35,40.4,6771
20201116,40.51,40.51,40.38,40.43,21013
20201117,40.49,40.49,40.44,40.47,8288
20201118,40.51,40.56,40.45,40.56,10828
20201119,40.56,40.62,40.56,40.62,3949
20201120,40.57,40.68,40.57,40.68,4043
20201123,40.68,40.69,40.63,40.67,31029
20201124,40.66,40.66,40.59,40.65,22610
20201125,40.54,40.66,40.54,40.66,4993
20201127,40.68,40.7,40.67,40.7,7013
20201130,40.58,40.68,40.58,40.68,6726
20201201,40.67,40.71,40.67,40.69,8118
20201202,40.69,40.74,40.48,40.71,35334
20201203,40.74,40.77,40.67,40.75,9822
20201204,40.77,40.8,40.76,40.78,5466
20201207,40.84,40.84,40.67,40.81,6433
20201208,40.84,40.85,40.78,40.85,19480
20201209,40.79,40.88,40.79,40.87,11634
20201210,40.9,40.92,40.88,40.9,18514
20201211,40.9,40.95,40.88,40.93,10383
20201214,40.92,40.96,40.9,40.95,36509
20201215,40.94,40.95,40.87,40.93,11565
20201216,40.98,41,40.95,41,13878
20201217,41,41.02,40.98,41.01,12320
20201218,41,41.03,41,41.02,17201
20201221,41.05,41.05,41.02,41.03,44214
20201222,41.03,41.06,41.02,41.04,16212
20201223,41.05,41.05,41.02,41.04,15789
20201224,41.06,41.06,41.03,41.04,5483
20201228,41.02,41.07,41.02,41.06,12027
20201229,41.06,41.08,41.02,41.06,25765
20201230,41.05,41.08,41.02,41.07,20615
20201231,41.08,41.1,41.04,41.04,67652
20210104,41.07,41.08,41.03,41.03,13486
20210105,41.08,41.11,41.03,41.1,10034
20210106,41.1,41.11,41.07,41.08,8639
20210107,41.13,41.14,41.08,41.12,9031
20210108,41.14,41.14,41.07,41.09,12947
20210111,41.11,41.11,41.06,41.08,14064
20210112,41.08,41.13,41.06,41.08,14585
20210113,41.11,41.12,41.09,41.11,6374
20210114,41.13,41.16,41.11,41.14,6573
20210115,41.04,41.18,41.04,41.14,9931
20210119,41.18,41.2,41.15,41.16,8317
20210120,41.19,41.2,41.13,41.2,18360
20210121,41.21,41.23,41.2,41.23,7177
20210122,41.22,41.27,41.22,41.24,47807
20210125,41.26,41.28,41.23,41.25,8393
20210126,41.27,41.33,41.25,41.33,10810
20210127,41.36,41.42,41.35,41.41,21910
20210128,41.43,41.43,41.37,41.42,18206
20210129,41.35,41.4,41.35,41.4,18498
20210201,41.47,41.47,41.39,41.41,4457
20210202,41.34,41.43,41.34,41.42,15489
20210203,41.42,41.43,41.4,41.43,4435
20210204,41.44,41.45,41.42,41.44,14208
20210205,41.44,41.46,41.39,41.44,15237
20210208,41.48,41.48,41.44,41.47,5451
20210209,41.47,41.5,41.46,41.49,19905
20210210,41.52,41.55,41.48,41.52,14660
20210211,41.61,41.8,41.52,41.58,61742
20210212,41.53,41.64,41.53,41.57,44545
20210216,41.57,41.6,41.55,41.57,19646
20210217,41.56,41.56,41.44,41.48,17540
20210218,41.44,41.44,41.39,41.39,14927
20210219,41.39,41.4,41.22,41.22,25143
20210222,41.29,41.31,41.11,41.17,21920
20210223,41.07,41.08,40.97,41.05,25802
20210224,40.92,40.94,40.87,40.9,15926
20210225,40.82,40.85,40.76,40.78,16589
20210226,40.74,40.84,40.7,40.84,12892
20210301,40.83,40.98,40.77,40.83,13928
20210302,40.84,40.89,40.79,40.82,36537
20210303,40.8,40.82,40.73,40.79,49544
20210304,40.86,40.9,40.81,40.84,19375
20210305,40.91,40.98,40.82,40.96,26073
20210308,40.94,40.95,40.86,40.95,36881
20210309,40.98,41.06,40.88,41.01,38958
20210310,41,41.1,40.9,41.03,35953
20210311,41.02,41.1,41.01,41.08,37855
20210312,41.08,41.08,40.96,41,19412
20210315,41.06,41.11,40.97,40.99,19869
20210316,41.05,41.1,41.02,41.02,18460
20210317,40.97,41.07,40.97,41.03,10932
20210318,40.89,40.92,40.85,40.86,21888
20210319,40.88,40.95,40.88,40.9,8912
20210322,40.87,41.07,40.78,40.96,95119
20210323,40.96,41.03,40.88,40.94,58931
20210324,40.95,41.06,40.88,40.99,27064
20210325,40.99,41.05,40.95,40.97,32281
20210326,41.03,41.03,40.9,40.99,20142
20210329,41.02,41.05,40.96,40.96,18809
20210330,41.04,41.04,40.77,40.99,112169
20210331,40.96,41.08,40.96,41.05,30640
20210401,41.1,41.1,41.05,41.1,23140
20210405,41.14,41.14,41.03,41.08,14827
20210406,41.13,41.17,41.09,41.14,45614
20210407,41.13,41.16,41.12,41.15,22813
20210408,41.1,41.25,41.1,41.22,17438
20210409,41.18,41.26,41.16,41.22,23645
20210412,41.21,41.29,41.16,41.21,20268
20210413,41.27,41.32,41.22,41.3,19462
20210414,41.31,41.37,41.22,41.3,9596
20210415,41.37,41.45,41.37,41.44,7363
20210416,41.48,41.48,41.35,41.41,17847
20210419,41.44,41.46,41.4,41.41,11967
20210420,41.41,41.51,41.41,41.46,69697
20210421,41.44,41.51,41.4,41.46,13711
20210422,41.48,41.56,41.41,41.49,11644
20210423,41.49,41.51,41.33,41.45,51700
20210426,41.4,41.54,41.4,41.49,31683
20210427,41.47,41.49,41.45,41.48,14710
20210428,41.46,41.53,41.38,41.49,18955
20210429,41.41,41.44,41.35,41.39,16210
20210430,41.4,41.44,41.34,41.43,21196
20210503,41.43,41.46,41.38,41.4,15550
20210504,41.41,41.44,41.37,41.37,17890
20210505,41.38,41.44,41.36,41.42,19096
20210506,41.43,41.48,41.43,41.44,10398
20210507,41.44,41.5,41.4,41.48,11668
20210510,41.48,41.51,41.44,41.45,20777
20210511,41.47,41.49,41.39,41.48,35343
20210512,41.43,41.44,41.31,41.4,51516
20210513,41.42,41.48,41.42,41.43,17917
20210514,41.26,41.51,41.26,41.41,13231
20210517,41.4,41.47,41.35,41.35,18604
20210518,41.39,41.48,41.38,41.43,15017
20210519,41.36,41.49,41.36,41.38,28582
20210520,41.48,41.5,41.3,41.4,29294
20210521,41.41,41.56,41.41,41.53,32224
20210524,41.56,41.57,41.26,41.44,100014
20210525,41.47,41.56,41.46,41.48,28683
20210526,41.48,41.7,41.44,41.52,22155
20210527,41.48,41.57,41.48,41.53,37447
20210528,41.57,41.6,41.55,41.59,24297
20210601,42.07,42.07,41.55,41.58,15170
20210602,41.59,41.62,41.57,41.59,7568
20210603,41.7,41.7,41.57,41.58,23501
20210604,41.57,41.66,41.57,41.64,9179
20210607,41.64,41.68,41.61,41.65,29895
20210608,41.75,41.75,41.67,41.71,235573
20210609,41.72,41.84,41.72,41.82,375709
20210610,41.76,41.83,41.76,41.83,21978
20210611,41.8,41.81,41.77,41.78,33983
20210614,41.82,41.83,41.76,41.77,36734
20210615,41.83,41.83,41.74,41.81,29288
20210616,41.78,41.82,41.73,41.74,16800
20210617,41.8,41.8,41.72,41.73,49471
20210618,41.79,41.79,41.72,41.78,49007
20210621,41.79,41.79,41.68,41.72,31615
20210622,41.72,41.75,41.71,41.75,21438
20210623,41.73,41.73,41.65,41.67,28795
20210624,41.69,41.71,41.66,41.71,22667
20210625,41.64,41.7,41.62,41.67,30582
20210628,41.68,41.74,41.68,41.74,49714
20210629,41.75,41.75,41.65,41.67,111380
20210630,41.73,41.74,41.69,41.73,6247
20210701,41.83,41.83,41.69,41.72,22255
20210702,41.72,41.76,41.72,41.73,5989
20210706,41.78,41.82,41.77,41.8,16796
20210707,41.89,41.9,41.82,41.88,25516
20210708,42.04,42.04,41.87,41.93,19192
20210709,41.92,41.92,41.86,41.87,31706
20210712,41.97,41.97,41.9,41.91,17888
20210713,41.73,41.98,41.73,41.89,17688
20210714,41.92,41.94,41.9,41.91,18243
20210715,41.93,41.96,41.91,41.93,11380
20210716,41.92,41.99,41.92,41.96,22899
20210719,42.08,42.08,42.01,42.03,25169
20210720,42.01,42.01,41.95,41.96,6679
20210721,41.98,41.98,41.95,41.96,28314
20210722,42.01,42.02,41.96,41.96,5835
20210723,42,42,41.94,42,6699
20210726,42.01,42.03,41.97,42.02,10600
20210727,42.02,42.05,41.98,42.03,20878
20210728,42.06,42.06,41.99,42,8853
20210729,42.03,42.03,41.98,42.02,16121
20210730,41.99,42.02,41.98,41.99,9031
20210802,42.02,42.04,42.01,42.02,19332
20210803,41.99,42.08,41.96,41.96,48785
20210804,41.99,42.02,41.97,41.99,4516
20210805,42.02,42.02,41.97,41.99,27327
20210806,41.97,41.98,41.91,41.91,16011
20210809,41.99,41.99,41.92,41.92,18565
20210810,41.9,41.99,41.9,41.94,13727
20210811,41.93,41.95,41.87,41.91,8189
20210812,41.92,41.94,41.87,41.88,11001
20210813,41.92,41.92,41.9,41.92,8563
20210816,41.91,41.94,41.88,41.88,9388
20210817,41.86,41.91,41.86,41.9,8360
20210818,41.9,41.93,41.87,41.9,9555
20210819,41.9,41.92,41.88,41.88,15913
20210820,41.92,41.92,41.89,41.9,6171
20210823,41.94,41.94,41.89,41.91,12044
20210824,41.85,41.92,41.85,41.86,9322
20210825,41.88,41.88,41.85,41.86,15094
20210826,41.87,41.89,41.85,41.85,7133
20210827,41.87,41.89,41.86,41.89,6633
20210830,41.86,41.9,41.86,41.89,7450
20210831,41.9,41.91,41.86,41.89,14464
20210901,41.89,41.89,41.85,41.88,22663
20210902,41.86,41.94,41.85,41.86,9660
20210903,41.85,41.87,41.81,41.84,12505
20210907,41.85,41.85,41.74,41.75,18939
20210908,41.81,41.86,41.76,41.83,8942
20210909,41.81,41.88,41.81,41.85,8098
20210910,41.81,41.86,41.81,41.84,7734
20210913,41.87,41.91,41.84,41.86,14416
20210914,41.85,41.88,41.85,41.87,3886
20210915,41.88,41.88,41.83,41.84,23949
20210916,41.89,41.89,41.75,41.8,35395
20210917,41.83,41.84,41.78,41.83,19239
20210920,41.88,41.89,41.83,41.87,17012
20210921,41.81,41.85,41.81,41.85,13277
20210922,41.86,41.86,41.81,41.82,42031
20210923,41.76,41.81,41.76,41.77,22771
20210924,41.76,41.76,41.73,41.74,9982
20210927,41.73,41.75,41.7,41.71,24678
20210928,41.62,41.66,41.58,41.64,56038
20210929,41.61,41.61,41.55,41.57,15318
20210930,41.59,41.6,41.54,41.58,62567
20211001,41.56,41.62,41.56,41.62,131559
20211004,41.57,41.6,41.57,41.59,13453
20211005,41.58,41.6,41.57,41.57,17171
20211006,41.53,41.62,41.53,41.55,25652
20211007,41.6,41.6,41.53,41.53,18936
20211008,41.51,41.55,41.47,41.53,12974
20211011,41.48,41.48,41.44,41.44,1951
20211012,41.52,41.56,41.46,41.52,6940
20211013,41.5,41.54,41.48,41.48,96650
20211014,41.47,41.52,41.47,41.51,8827
20211015,41.51,41.51,41.46,41.49,20756
20211018,41.51,41.54,41.47,41.5,21713
20211019,41.56,41.56,41.46,41.5,21834
20211020,41.48,41.56,41.48,41.55,16176
20211021,41.48,41.49,41.33,41.36,34095
20211022,41.37,41.44,41.37,41.44,37660
20211025,41.74,41.74,41.37,41.39,3506
20211026,41.42,41.42,41.34,41.38,5308
20211027,41.41,41.43,41.36,41.43,19022
20211028,41.47,41.47,41.36,41.4,20004
20211029,41.44,41.44,41.35,41.44,12755
20211101,41.38,41.46,41.35,41.43,18649
20211102,41.45,41.49,41.43,41.43,23998
20211103,41.49,41.49,41.44,41.46,21848
20211104,41.49,41.53,41.49,41.51,34014
20211105,41.58,41.64,41.58,41.6,16596
20211108,41.55,41.61,41.55,41.58,28252
20211109,41.68,41.73,41.64,41.73,19325
20211110,41.74,41.74,41.65,41.65,20899
20211111,41.73,41.75,41.63,41.66,6001
20211112,41.68,41.75,41.61,41.61,31651
20211115,41.66,41.66,41.6,41.64,11736
20211116,41.6,41.65,41.59,41.62,19691
20211117,41.61,41.64,41.54,41.62,32313
20211118,41.56,41.66,41.56,41.65,16479
20211119,41.65,41.71,41.64,41.64,12868
20211122,41.67,41.68,41.6,41.6,19941
20211123,41.64,41.64,41.6,41.62,14357
20211124,41.61,41.67,41.6,41.6,7541
20211126,41.73,41.74,41.69,41.72,18698
20211129,41.69,41.72,41.67,41.71,13257
20211130,41.76,41.81,41.67,41.76,87357
20211201,41.74,41.81,41.73,41.8,16770
20211202,41.72,41.83,41.72,41.83,5906
20211203,41.81,41.85,41.77,41.8,69976
20211206,41.8,41.8,41.72,41.74,30877
20211207,41.76,41.81,41.71,41.71,5063
20211208,41.74,41.75,41.68,41.74,17594
20211209,41.74,41.78,41.73,41.77,19160
20211210,41.78,41.8,41.66,41.77,12313
20211213,41.79,41.84,41.66,41.83,13615
20211214,41.8,41.85,41.7,41.84,17593
20211215,41.82,41.82,41.71,41.76,11443
20211216,41.8,41.85,41.75,41.85,32304
20211217,41.84,41.85,41.69,41.84,18588
20211220,41.85,41.9,41.81,41.83,16930
20211221,41.83,41.88,41.75,41.81,23061
20211222,41.84,41.86,41.8,41.84,21378
20211223,41.83,41.85,41.82,41.82,22991
20211227,43.87,43.87,41.81,41.83,60941
20211228,41.86,41.86,41.8,41.81,20890
20211229,41.84,41.84,41.81,41.82,59825
20211230,41.89,41.89,41.8,41.84,24177
20211231,41.69,41.84,41.69,41.82,21135
20220103,41.79,41.83,41.75,41.76,11950
20220104,41.77,41.84,41.76,41.79,38931
20220105,41.79,41.8,41.73,41.76,33953
20220106,41.69,41.8,41.69,41.72,25413
20220107,41.76,41.76,41.59,41.63,46532
20220110,41.6,41.73,41.56,41.56,19023
20220111,41.52,41.53,41.47,41.47,15823
20220112,41.55,41.55,41.5,41.51,15712
20220113,41.51,41.53,41.49,41.51,12832
20220114,41.5,41.57,41.42,41.42,66970
20220118,41.41,41.53,41.4,41.44,118357
20220119,41.46,41.46,41.36,41.4,51291
20220120,41.45,41.45,41.33,41.35,17081
20220121,41.3,41.41,41.28,41.28,43351
20220124,41.28,41.31,41.25,41.25,16045
20220125,41.23,41.23,41.12,41.13,22475
20220126,41.08,41.16,40.97,40.99,24494
20220127,40.99,41.04,40.93,40.94,103749
20220128,40.87,40.9399,40.79,40.79,25938
20220131,40.74,40.8,40.74,40.792,22695
20220201,40.82,40.92,40.82,40.87,60996
20220202,40.92,40.98,40.9016,40.97,14194
20220203,40.9,41.06,40.9,41.0141,58429
20220204,40.9,40.96,40.89,40.9,138224
20220207,40.95,40.96,40.9001,40.9001,15345
20220208,40.87,40.93,40.8401,40.8895,16446
20220209,40.79,40.85,40.79,40.81,34505
20220210,40.75,40.77,40.67,40.675,33356
20220211,40.68,40.72,40.59,40.6,106103
20220214,40.54,40.56,40.47,40.48,46326
20220215,40.48,40.48,40.4,40.41,23515
20220216,40.4,40.413,40.36,40.38,32457
20220217,40.42,40.4699,40.4,40.44,73694
20220218,40.45,40.52,40.45,40.49,66592
