Date,Open,High,Low,Close,Volume
20150625,18.03,18.03,17.951,17.951,17592
20150626,17.951,17.966,17.937,17.951,14465
20150629,17.901,17.901,17.714,17.714,14049
20150630,17.743,17.764,17.707,17.736,15440
20150701,18.167,18.167,17.764,17.793,16413
20150702,17.815,17.815,17.772,17.774,19752
20150706,17.736,17.786,17.714,17.743,11406
20150707,17.692,17.815,17.656,17.803,13214
20150708,17.721,17.728,17.635,17.635,31433
20150709,17.728,17.728,17.685,17.707,9736
20150710,17.793,17.958,17.764,17.838,9111
20150713,17.93,17.994,17.915,17.987,8484
20150714,17.951,18.009,17.951,18.009,6954
20150715,18.009,18.016,17.973,17.973,6954
20150716,18.052,18.066,18.045,18.066,9180
20150717,18.066,18.088,18.059,18.088,8346
20150720,18.059,18.124,18.059,18.088,27403
20150721,18.095,18.095,18.045,18.052,10084
20150722,18.038,18.045,18.016,18.038,7372
20150723,18.016,18.038,17.908,17.958,26227
20150724,17.94,17.958,17.865,17.865,7234
20150727,17.865,17.865,17.76,17.779,11868
20150728,17.793,17.922,17.793,17.922,7094
20150729,17.966,18.002,17.951,17.973,21976
20150730,17.966,17.98,17.966,17.98,12937
20150731,17.98,17.987,17.966,17.966,14466
20150803,17.958,17.958,17.908,17.908,14396
20150804,17.937,17.944,17.922,17.922,6805
20150805,17.973,17.98,17.937,17.958,19891
20150806,17.937,17.937,17.879,17.901,14188
20150807,17.872,17.879,17.843,17.843,15162
20150810,17.987,17.987,17.937,17.966,20656
20150811,17.908,17.915,17.872,17.872,14744
20150812,17.829,17.901,17.829,17.901,14188
20150813,17.894,17.922,17.894,17.922,13772
20150814,17.894,17.966,17.894,17.966,11128
20150817,17.901,17.951,17.89,17.951,20053
20150818,17.951,17.951,17.937,17.937,13806
20150819,17.901,17.93,17.901,17.915,16581
20150820,17.901,17.901,17.807,17.822,31978
20150821,17.779,17.814,17.743,17.75,29277
20150824,17.628,17.829,17.628,17.671,18359
20150825,17.677,17.707,17.606,17.606,24966
20150826,17.7,17.7,17.603,17.692,8484
20150827,17.721,17.764,17.7,17.764,7092
20150828,17.815,17.815,17.743,17.75,7760
20150831,17.736,17.757,17.721,17.736,13869
20150901,17.714,17.714,17.613,17.621,17899
20150902,17.664,17.685,17.631,17.685,12204
20150903,17.764,17.764,17.692,17.7,13415
20150904,17.671,17.678,17.66,17.671,10709
20150908,17.7,17.707,17.691,17.707,7094
20150909,18.325,18.325,17.714,17.714,21336
20150910,17.692,17.707,17.692,17.707,8081
20150911,17.714,17.714,17.708,17.714,14245
20150914,17.772,17.772,17.704,17.707,15514
20150915,17.829,17.829,17.7,17.714,31077
20150916,17.807,17.807,17.692,17.743,25992
20150917,17.772,17.772,17.692,17.707,42639
20150918,17.764,17.858,17.7,17.707,19910
20150921,17.779,17.779,17.707,17.721,35107
20150922,17.721,17.721,17.671,17.692,50349
20150923,17.721,17.721,17.672,17.679,21919
20150924,17.7,17.7,17.649,17.678,27630
20150925,17.728,17.728,17.656,17.678,20377
20150928,17.707,17.707,17.628,17.635,29007
20150929,17.678,17.678,17.606,17.628,54880
20150930,17.678,17.7,17.661,17.7,23358
20151001,17.721,17.728,17.692,17.692,39189
20151002,17.736,17.736,17.635,17.642,130981
20151005,17.649,17.649,17.562,17.585,13972
20151006,17.57,17.592,17.569,17.585,7788
20151007,17.613,17.613,17.556,17.556,55596
20151008,17.556,17.556,17.518,17.52,35968
20151009,17.563,17.563,17.484,17.52,5977
20151012,17.513,17.52,17.499,17.506,14382
20151013,17.494,17.506,17.491,17.502,12484
20151014,17.506,17.506,17.503,17.503,4311
20151015,17.57,17.57,17.518,17.535,17108
20151016,17.542,17.57,17.542,17.564,9332
20151019,17.649,17.649,17.549,17.549,8236
20151020,17.577,17.577,17.556,17.556,7496
20151021,17.57,17.57,17.549,17.556,7397
20151022,17.599,17.62,17.599,17.599,4399
20151023,17.649,17.649,17.642,17.649,5671
20151026,17.613,17.642,17.613,17.642,7635
20151027,17.616,17.635,17.613,17.635,38195
20151028,17.692,17.692,17.638,17.656,6684
20151029,17.714,17.714,17.665,17.671,6432
20151030,17.671,17.685,17.656,17.656,13366
20151102,17.707,17.714,17.664,17.707,8693
20151103,17.714,17.736,17.695,17.728,5870
20151104,17.779,17.779,17.719,17.721,5577
20151105,17.757,17.757,17.7,17.721,13686
20151106,17.7,17.743,17.7,17.721,34894
20151109,17.757,17.764,17.737,17.75,30513
20151110,17.779,17.779,17.743,17.75,55036
20151111,17.736,17.75,17.735,17.741,4491
20151112,17.757,17.815,17.757,17.815,6599
20151113,17.879,17.879,17.829,17.865,7717
20151116,17.894,17.894,17.836,17.836,4312
20151117,17.8,17.807,17.793,17.797,6239
20151118,17.822,17.822,17.806,17.807,7304
20151119,17.793,17.807,17.764,17.807,13847
20151120,17.757,17.786,17.75,17.786,6748
20151123,17.807,17.807,17.757,17.807,10292
20151124,17.743,17.793,17.743,17.772,15691
20151125,17.765,17.765,17.728,17.736,23120
20151127,17.714,17.739,17.714,17.739,838
20151130,17.7,17.779,17.7,17.779,7371
20151201,17.75,17.757,17.737,17.743,14207
20151202,17.75,17.798,17.743,17.798,4867
20151203,17.813,17.822,17.807,17.815,46456
20151204,17.815,17.815,17.779,17.781,3775
20151207,17.75,17.894,17.75,17.894,18214
20151208,17.879,17.901,17.865,17.865,29878
20151209,17.889,17.963,17.829,17.937,5381
20151210,17.922,17.922,17.879,17.882,2127
20151211,17.968,18.023,17.958,18.023,8223
20151214,18.045,18.045,18.023,18.034,6259
20151215,17.973,17.976,17.944,17.976,6919
20151216,17.937,17.977,17.937,17.958,11022
20151217,17.966,18.009,17.966,18.002,9420
20151218,18.045,18.102,18.045,18.102,12725
20151221,18.111,18.124,18.109,18.116,1800
20151222,18.138,18.138,18.059,18.076,22545
20151223,18.023,18.023,17.973,18,7102
20151224,17.973,18.002,17.973,17.987,5146
20151228,18.03,18.03,18.009,18.009,3666
20151229,17.958,17.966,17.937,17.937,12243
20151230,17.958,17.98,17.937,17.98,44551
20151231,18.025,18.025,17.995,18.009,13421
20160104,18.086,18.117,18.081,18.081,6640
20160105,18.059,18.088,18.059,18.059,26034
20160106,18.066,18.088,18.055,18.081,24327
20160107,18.08,18.086,18.056,18.086,5423
20160108,18.088,18.095,18.078,18.078,14945
20160111,18.196,18.196,18.052,18.066,18046
20160112,18.038,18.081,18.038,18.073,22941
20160113,18.153,18.153,18.057,18.095,6570
20160114,18.562,18.562,18.064,18.095,31785
20160115,18.095,18.095,17.987,18.031,56867
20160119,18.03,18.095,18.03,18.052,22289
20160120,18.048,18.138,18.048,18.102,89169
20160121,18.138,18.138,18.059,18.095,67374
20160122,18.117,18.117,18.052,18.085,142045
20160125,18.07,18.081,18.036,18.063,32359
20160126,18.095,18.102,18.066,18.099,6946
20160127,18.038,18.153,18.035,18.035,24903
20160128,18.131,18.131,18.016,18.048,26002
20160129,18.124,18.25,18.123,18.246,38679
20160201,18.289,18.311,18.145,18.289,64349
20160202,18.289,18.289,18.038,18.059,53684
20160203,18.131,18.153,17.865,18.115,33876
20160204,18.149,18.224,18.095,18.102,8042
20160205,18.031,18.079,17.88,17.908,21512
20160208,17.865,17.865,17.549,17.685,38918
20160209,17.613,17.757,17.549,17.757,4724
20160210,17.743,17.872,17.685,17.685,7232
20160211,17.606,17.606,17.369,17.56,75647
20160212,17.656,17.8,17.599,17.8,10197
20160216,17.901,18.066,17.901,18.059,9567
20160217,18.131,18.311,18.095,18.282,23667
20160218,18.307,18.307,18.239,18.268,8571
20160219,18.153,18.253,18.153,18.24,11849
20160222,18.354,18.404,18.354,18.397,8623
20160223,18.419,18.512,18.368,18.368,21247
20160224,18.059,18.332,18.03,18.322,8921
20160225,18.318,18.398,18.318,18.398,5727
20160226,18.498,18.5,18.467,18.481,13091
20160229,18.45,18.49,18.448,18.454,22882
20160301,18.473,18.541,18.472,18.534,47485
20160302,18.62,18.62,18.53,18.534,33674
20160303,18.535,18.548,18.534,18.548,10579
20160304,18.548,18.562,18.541,18.562,32350
20160307,18.605,18.605,18.526,18.573,23936
20160308,18.634,18.634,18.555,18.561,8323
20160309,18.634,18.634,18.541,18.555,53607
20160310,18.548,18.555,18.541,18.548,8685
20160311,18.649,18.649,18.526,18.526,34964
20160314,18.577,18.577,18.513,18.513,20954
20160315,18.512,18.526,18.512,18.512,11926
20160316,18.512,18.534,18.512,18.534,21535
20160317,18.577,18.577,18.521,18.526,16567
20160318,18.562,18.562,18.483,18.499,25868
20160321,18.517,18.519,18.505,18.519,18991
20160322,18.562,18.562,18.499,18.512,37290
20160323,18.534,18.534,18.498,18.498,17991
20160324,18.519,18.548,18.505,18.526,11336
20160328,18.519,18.534,18.512,18.519,19123
20160329,18.518,18.519,18.505,18.519,9180
20160330,18.541,18.541,18.512,18.526,36438
20160331,18.526,18.541,18.49,18.512,41982
20160401,18.526,18.526,18.483,18.519,10881
20160404,18.526,18.541,18.512,18.541,15938
20160405,18.534,18.548,18.526,18.548,10257
20160406,18.548,18.548,18.526,18.541,5231
20160407,18.483,18.562,18.483,18.526,7350
20160408,18.526,18.561,18.526,18.548,28652
20160411,18.584,18.584,18.545,18.555,10703
20160412,18.555,18.562,18.519,18.559,17239
20160413,18.541,18.555,18.541,18.548,20033
20160414,18.555,18.555,18.527,18.548,31232
20160415,18.55,18.552,18.526,18.548,6189
20160418,18.519,18.529,18.512,18.512,9479
20160419,18.505,18.512,18.498,18.498,12657
20160420,18.512,18.512,18.498,18.512,3032
20160421,18.5,18.534,18.5,18.512,8306
20160422,18.542,18.548,18.536,18.548,4255
20160425,18.598,18.598,18.521,18.54,12546
20160426,18.584,18.584,18.534,18.534,2643
20160427,18.562,18.562,18.548,18.555,1349
20160428,18.555,18.562,18.527,18.534,8397
20160429,18.516,18.547,18.497,18.541,21045
20160502,18.534,18.562,18.512,18.553,16256
20160503,18.577,18.584,18.565,18.573,10653
20160504,18.584,18.584,18.555,18.555,5752
20160505,18.62,18.62,18.548,18.566,14452
20160506,18.534,18.577,18.534,18.577,667
20160509,18.569,18.735,18.541,18.549,32309
20160510,18.548,18.57,18.541,18.569,12386
20160511,18.567,18.58,18.552,18.577,33038
20160512,18.552,18.605,18.552,18.598,13657
20160513,18.559,18.641,18.559,18.623,13979
20160516,18.613,18.649,18.613,18.649,13666
20160517,18.692,18.706,18.627,18.649,28215
20160518,18.663,18.692,18.649,18.659,146973
20160519,18.663,18.663,18.634,18.656,19778
20160520,18.653,18.66,18.647,18.655,5817
20160523,18.656,18.728,18.649,18.677,28360
20160524,18.644,18.692,18.644,18.674,85656
20160525,18.663,18.699,18.663,18.699,18417
20160526,18.735,18.735,18.704,18.709,13432
20160527,18.686,18.699,18.686,18.699,10949
20160531,18.771,18.771,18.699,18.72,204000
20160601,18.735,18.742,18.699,18.719,128363
20160602,18.72,18.728,18.706,18.713,28366
20160603,18.764,18.764,18.692,18.699,109613
20160606,18.705,18.706,18.685,18.692,97404
20160607,18.728,18.728,18.634,18.677,32816
20160608,18.627,18.685,18.627,18.67,22807
20160609,18.685,18.692,18.656,18.677,86857
20160610,18.699,18.706,18.685,18.699,25850
20160613,18.713,18.764,18.692,18.764,47433
20160614,18.792,18.792,18.742,18.751,61896
20160615,18.749,18.774,18.742,18.742,42600
20160616,18.741,18.764,18.735,18.735,43233
20160617,18.742,18.742,18.713,18.728,12018
20160620,18.692,18.756,18.692,18.735,51910
20160621,18.735,18.742,18.728,18.735,35201
20160622,18.771,18.771,18.728,18.735,12563
20160623,18.705,18.749,18.705,18.749,25190
20160624,18.764,18.864,18.764,18.835,62456
20160627,18.907,18.907,18.685,18.721,175519
20160628,18.792,18.879,18.728,18.879,101253
20160629,19.022,19.022,18.879,18.943,82638
20160630,18.943,18.965,18.929,18.958,41251
20160701,18.979,18.986,18.951,18.965,203030
20160705,19.015,19.015,18.969,18.979,76300
20160706,19.001,19.001,18.943,18.965,50205
20160707,18.965,18.972,18.943,18.972,21286
20160708,18.943,18.943,18.893,18.9,33125
20160711,18.864,18.907,18.864,18.893,118951
20160712,18.864,18.879,18.843,18.871,120687
20160713,18.864,18.871,18.836,18.857,76578
20160714,18.922,18.922,18.814,18.821,101649
20160715,18.785,18.85,18.785,18.834,56104
20160718,18.843,18.843,18.821,18.828,19439
20160719,18.836,18.843,18.807,18.828,57614
20160720,18.821,18.821,18.785,18.814,54452
20160721,18.795,18.828,18.795,18.821,13000
20160722,18.811,18.821,18.8,18.803,12391
20160725,18.871,18.871,18.8,18.821,12706
20160726,18.807,18.821,18.8,18.808,21194
20160727,18.807,18.821,18.801,18.821,11275
20160728,18.807,18.814,18.8,18.807,14933
20160729,18.814,18.828,18.792,18.805,29927
20160801,18.792,18.814,18.785,18.814,8872
20160802,18.8,18.807,18.792,18.806,12809
20160803,18.795,18.802,18.795,18.802,9888
20160804,18.81,18.81,18.792,18.792,46043
20160805,18.867,18.867,18.735,18.745,49654
20160808,18.745,18.766,18.731,18.759,16798
20160809,18.748,18.749,18.716,18.731,19681
20160810,18.738,18.752,18.738,18.752,2976
20160811,18.731,18.745,18.731,18.731,5002
20160812,18.73,18.754,18.73,18.752,12270
20160815,18.738,18.738,18.709,18.716,36082
20160816,18.695,18.759,18.695,18.735,25466
20160817,18.709,18.774,18.709,18.745,30869
20160818,18.731,18.745,18.723,18.738,3629
20160819,18.709,18.73,18.709,18.73,2710
20160822,18.702,18.738,18.702,18.715,27475
20160823,18.723,18.752,18.716,18.717,38543
20160824,18.738,18.745,18.716,18.729,20648
20160825,18.709,18.731,18.709,18.731,19803
20160826,18.716,18.731,18.709,18.73,8925
20160829,18.702,18.749,18.702,18.731,6613
20160830,18.729,18.752,18.723,18.745,29393
20160831,18.752,18.759,18.738,18.752,43432
20160901,18.754,18.754,18.745,18.752,5730
20160902,18.759,18.759,18.749,18.749,5126
20160906,18.738,18.757,18.73,18.752,69873
20160907,18.759,18.759,18.753,18.759,5737
20160908,18.759,18.764,18.745,18.752,14592
20160909,18.781,18.81,18.773,18.81,26289
20160912,18.797,18.817,18.786,18.817,4765
20160913,18.817,18.817,18.754,18.788,26107
20160914,18.795,18.795,18.738,18.774,3350
20160915,18.768,18.81,18.756,18.791,6997
20160916,18.831,18.831,18.781,18.81,24746
20160919,18.781,18.81,18.781,18.795,11270
20160920,18.803,18.846,18.791,18.803,21440
20160921,18.831,18.896,18.802,18.896,43260
20160922,18.896,18.896,18.878,18.889,4672
20160923,18.91,18.91,18.874,18.888,13572
20160926,18.896,18.896,18.835,18.838,2156
20160927,18.838,18.874,18.831,18.874,1782
20160928,18.882,18.91,18.84,18.91,39514
20160929,18.906,18.91,18.899,18.899,3575
20160930,18.91,18.925,18.867,18.91,29718
20161003,18.905,18.91,18.897,18.91,10939
20161004,18.91,18.923,18.885,18.896,29497
20161005,18.889,18.925,18.884,18.925,8880
20161006,18.903,18.925,18.897,18.925,7917
20161007,18.917,18.932,18.917,18.925,15908
20161010,18.953,18.953,18.882,18.903,24898
20161011,18.896,18.917,18.889,18.91,15366
20161012,18.925,18.925,18.886,18.91,17012
20161013,18.896,18.91,18.889,18.91,4052
20161014,18.932,18.939,18.896,18.918,18339
20161017,18.917,18.917,18.889,18.903,11754
20161018,18.925,18.961,18.925,18.939,15390
20161019,18.932,18.946,18.931,18.939,37733
20161020,18.932,18.938,18.931,18.932,5671
20161021,18.953,18.953,18.917,18.932,18711
20161024,18.931,18.932,18.926,18.926,2851
20161025,18.939,18.953,18.922,18.939,25423
20161026,18.953,18.953,18.921,18.939,18119
20161027,18.939,18.946,18.896,18.939,18270
20161028,18.939,18.951,18.86,18.906,26178
20161031,18.932,18.932,18.902,18.903,10728
20161101,18.946,18.946,18.687,18.795,55977
20161102,18.766,18.766,18.68,18.723,30449
20161103,18.687,18.745,18.63,18.63,29452
20161104,18.673,18.697,18.644,18.658,20910
20161107,18.85,18.924,18.85,18.911,75244
20161108,18.89,19.025,18.89,18.997,85567
20161109,18.673,19.169,18.673,19.128,34267
20161110,19.176,19.225,19.112,19.191,43237
20161111,19.184,19.184,19.09,19.137,24546
20161114,19.198,19.198,19.112,19.148,91848
20161115,19.157,19.198,19.148,19.184,34933
20161116,19.212,19.212,19.162,19.191,9092
20161117,19.212,19.219,19.192,19.216,10928
20161118,19.169,19.215,19.169,19.213,21402
20161121,19.204,19.241,19.204,19.227,17860
20161122,19.37,19.37,19.227,19.255,32312
20161123,19.212,19.248,19.212,19.238,14433
20161125,19.255,19.27,19.227,19.259,21418
20161128,19.255,19.291,19.244,19.284,9983
20161129,19.313,19.313,19.248,19.255,29714
20161130,19.248,19.277,19.241,19.248,17180
20161201,19.239,19.255,19.22,19.227,14767
20161202,19.229,19.237,19.212,19.227,8239
20161205,19.306,19.32,19.241,19.298,14249
20161206,19.284,19.32,19.263,19.32,19165
20161207,19.32,19.399,19.32,19.399,29543
20161208,19.399,19.421,19.385,19.414,63704
20161209,19.45,19.45,19.398,19.45,51177
20161212,19.45,19.464,19.416,19.457,87610
20161213,19.421,19.565,19.421,19.543,78664
20161214,19.507,19.521,19.414,19.428,131116
20161215,19.428,19.464,19.421,19.447,32746
20161216,19.421,19.442,19.421,19.421,14328
20161219,19.428,19.471,19.421,19.442,21897
20161220,19.667,19.667,19.445,19.452,117838
20161221,19.467,19.467,19.437,19.445,33978
20161222,19.43,19.445,19.4,19.441,26214
20161223,19.445,19.452,19.437,19.452,25258
20161227,19.504,19.504,19.436,19.459,27164
20161228,19.482,19.482,19.452,19.467,174272
20161229,19.467,19.467,19.43,19.452,22545
20161230,19.482,19.482,19.282,19.319,250165
20170103,19.378,19.504,19.378,19.456,84467
20170104,19.467,19.511,19.467,19.511,57115
20170105,19.485,19.51,19.467,19.496,10535
20170106,19.489,19.585,19.436,19.545,56985
20170109,19.504,19.548,19.482,19.532,14402
20170110,19.57,19.57,19.482,19.525,34060
20170111,19.4,19.541,19.4,19.541,46397
20170112,19.496,19.511,19.467,19.504,10054
20170113,19.482,19.533,19.482,19.513,10359
20170117,19.504,19.526,19.488,19.519,32881
20170118,19.495,19.533,19.495,19.525,1780
20170119,19.519,19.533,19.46,19.491,8478
20170120,19.437,19.541,19.437,19.496,11054
20170123,19.489,19.489,19.462,19.462,3878
20170124,19.459,19.548,19.459,19.504,17046
20170125,19.556,19.587,19.556,19.581,2959
20170126,19.563,19.607,19.563,19.574,12156
20170127,19.587,19.6,19.572,19.572,3562
20170130,19.519,19.563,19.467,19.482,17573
20170131,19.48,19.519,19.422,19.467,19144
20170201,19.556,19.585,19.482,19.519,15182
20170202,19.499,19.524,19.475,19.515,9947
20170203,19.459,19.607,19.459,19.586,31057
20170206,19.615,19.615,19.563,19.563,17147
20170207,19.6,19.606,19.556,19.556,38365
20170208,19.519,19.6,19.519,19.6,4981
20170209,19.548,19.63,19.548,19.603,25110
20170210,19.637,19.644,19.6,19.607,15831
20170213,19.63,19.647,19.608,19.63,15279
20170214,19.652,19.688,19.611,19.652,17560
20170215,19.689,19.713,19.659,19.681,19037
20170216,19.652,19.718,19.652,19.718,27204
20170217,19.733,19.733,19.677,19.698,26375
20170221,19.711,19.778,19.711,19.752,19299
20170222,19.748,19.748,19.712,19.733,13929
20170223,19.728,19.755,19.691,19.741,11136
20170224,19.689,19.733,19.689,19.733,9279
20170227,19.704,19.785,19.696,19.775,25039
20170228,19.718,19.763,19.711,19.741,25873
20170301,19.696,19.941,19.696,19.915,17058
20170302,19.955,19.955,19.8,19.835,38135
20170303,19.822,19.844,19.793,19.822,11336
20170306,19.852,19.852,19.739,19.8,4217
20170307,19.763,19.771,19.74,19.748,2126
20170308,19.775,19.775,19.726,19.726,18955
20170309,19.73,19.755,19.681,19.711,23311
20170310,19.792,19.829,19.75,19.807,12760
20170313,19.778,19.805,19.763,19.8,28155
20170314,19.741,19.755,19.719,19.738,14328
20170315,19.785,19.896,19.768,19.884,53479
20170316,19.918,19.926,19.889,19.911,15705
20170317,19.881,19.918,19.881,19.911,16621
20170320,19.881,19.896,19.866,19.881,7424
20170321,19.918,19.918,19.704,19.711,46379
20170322,19.652,19.741,19.615,19.741,52543
20170323,19.681,19.778,19.681,19.698,13716
20170324,19.696,19.767,19.627,19.726,15053
20170327,19.563,19.689,19.499,19.673,22153
20170328,19.693,19.838,19.652,19.822,22127
20170329,19.822,19.859,19.785,19.852,15215
20170330,19.859,19.889,19.848,19.889,9448
20170331,19.859,19.889,19.844,19.889,9642
20170403,19.837,19.881,19.741,19.837,15154
20170404,19.811,19.852,19.748,19.852,16618
20170405,19.901,19.933,19.778,19.807,38052
20170406,19.813,19.844,19.785,19.844,5311
20170407,19.807,19.844,19.807,19.844,2475
20170410,19.755,19.874,19.755,19.852,11030
20170411,19.778,19.807,19.696,19.777,23743
20170412,19.778,19.8,19.711,19.778,21289
20170413,19.733,19.785,19.674,19.674,4235
20170417,19.733,19.792,19.659,19.792,15625
20170418,19.748,19.792,19.731,19.755,12596
20170419,19.711,19.8,19.711,19.77,6034
20170420,19.8,19.844,19.752,19.844,6765
20170421,19.863,19.863,19.8,19.815,9004
20170424,19.84,19.911,19.84,19.91,23416
20170425,19.922,19.948,19.874,19.933,20622
20170426,19.945,19.955,19.911,19.955,6418
20170427,19.946,19.948,19.881,19.896,50702
20170428,19.933,19.933,19.903,19.911,6928
20170501,19.882,19.929,19.882,19.923,2129
20170502,19.896,19.926,19.896,19.923,3463
20170503,19.926,19.926,19.879,19.889,10164
20170504,19.859,19.926,19.859,19.91,22189
20170505,19.926,19.963,19.917,19.963,20300
20170508,19.985,19.985,19.912,19.948,5523
20170509,19.948,19.985,19.913,19.942,25603
20170510,19.943,19.978,19.943,19.963,5984
20170511,19.948,19.962,19.913,19.913,5889
20170512,19.97,19.97,19.9,19.944,1949
20170515,19.918,19.992,19.911,19.978,8914
20170516,19.955,19.97,19.941,19.955,6515
20170517,19.903,19.903,19.785,19.808,10169
20170518,19.866,19.926,19.725,19.89,16696
20170519,19.933,19.978,19.904,19.963,6408
20170522,20.02,20.02,19.93,20.02,6282
20170523,19.963,20.03,19.955,19.97,7293
20170524,19.941,20.05,19.941,20.05,6450
20170525,20.03,20.08,20,20.07,5228
20170526,20.06,20.06,20.03,20.03,10293
20170530,20.04,20.06,20.02,20.03,6141
20170531,20.01,20.1,19.985,20,18391
20170601,20.01,20.08,20.01,20.08,9462
20170602,20.11,20.15,20.11,20.15,25136
20170605,20.13,20.21,20.12,20.13,10014
20170606,20.1,20.19,20.1,20.12,19109
20170607,20.11,20.18,19.98,20.17,17831
20170608,20.1,20.18,20.1,20.12,8061
20170609,20.18,20.19,20.11,20.13,10549
20170612,20.07,20.12,20.07,20.11,8242
20170613,20.1,20.21,20.1,20.18,30185
20170614,20.19,20.21,20.16,20.2,8370
20170615,20.21,20.22,20.16,20.21,32953
20170616,20.23,20.23,20.17,20.2,6938
20170619,20.14,20.24,20.14,20.24,6646
20170620,20.29,20.29,20.2,20.21,18022
20170621,20.28,20.28,20.18,20.22,9119
20170622,20.15,20.24,20.15,20.24,12467
20170623,20.21,20.22,20.21,20.21,6515
20170626,20.19,20.22,20.19,20.21,11918
20170627,20.24,20.24,20.18,20.18,7851
20170628,20.19,20.28,20.19,20.27,11395
20170629,20.27,20.27,20.15,20.19,24968
20170630,20.22,20.24,20.19,20.22,6194
20170703,20.24,20.27,20.23,20.23,9000
20170705,20.21,20.27,20.21,20.26,20292
20170706,20.19,20.25,20.19,20.2,20955
20170707,20.24,20.3,20.22,20.28,19358
20170710,20.27,20.29,20.27,20.28,3449
20170711,20.27,20.29,20.27,20.29,7409
20170712,20.33,20.33,20.26,20.28,31630
20170713,20.27,20.28,20.27,20.28,18209
20170714,20.21,20.29,20.21,20.28,10512
20170717,20.3,20.3,20.26,20.29,20152
20170718,20.28,20.29,20.26,20.26,39680
20170719,20.28,20.3,20.28,20.3,609224
20170720,20.28,20.32,20.28,20.31,6130
20170721,20.29,20.3,20.26,20.26,7773
20170724,20.32,20.32,20.29,20.29,16101
20170725,20.32,20.35,20.3,20.34,12651
20170726,20.33,20.33,20.32,20.32,5659
20170727,20.37,20.37,20.27,20.27,13772
20170728,20.32,20.32,20.24,20.25,149002
20170731,20.24,20.3,20.24,20.3,16060
20170801,20.29,20.31,20.29,20.31,21582
20170802,20.27,20.33,20.26,20.33,42755
20170803,20.41,20.41,20.26,20.3,18375
20170804,20.29,20.35,20.29,20.32,9053
20170807,20.3,20.37,20.25,20.31,39531
20170808,20.31,20.42,20.3,20.31,16725
20170809,20.26,20.32,20.24,20.31,62559
20170810,20.22,20.26,20.08,20.08,48373
20170811,20.08,20.13,20.05,20.09,15538
20170814,20.07,20.29,20.07,20.29,11304
20170815,20.25,20.32,20.24,20.29,14817
20170816,20.27,20.32,20.24,20.31,29285
20170817,20.26,20.29,19.987,20.024,18485
20170818,20.07,20.07,19.897,19.942,35309
20170821,19.986,19.986,19.882,19.957,17359
20170822,20.02,20.14,20.02,20.14,40466
20170823,20.13,20.14,20.11,20.14,20685
20170824,20.14,20.14,20.07,20.08,35497
20170825,20.14,20.16,20.09,20.14,17336
20170828,20.11,20.14,20.09,20.09,2868
20170829,19.986,20.11,19.986,20.11,28517
20170830,20.13,20.2,20.13,20.2,18608
20170831,20.14,20.3,20.14,20.3,36339
20170901,20.32,20.34,20.32,20.34,15960
20170905,20.29,20.32,20.17,20.2,8977
20170906,20.27,20.27,20.25,20.27,5090
20170907,20.26,20.27,20.26,20.27,7097
20170908,20.23,20.29,20.23,20.25,44690
20170911,20.26,20.37,20.26,20.36,30579
20170912,20.35,20.41,20.35,20.4,19905
20170913,20.42,20.43,20.4,20.43,4697
20170914,20.39,20.43,20.39,20.43,47944
20170915,20.41,20.43,20.41,20.43,3950
20170918,20.49,20.49,20.45,20.48,15400
20170919,20.45,20.48,20.45,20.47,3925
20170920,20.49,20.52,20.44,20.52,27900
20170921,20.44,20.48,20.44,20.48,5600
20170922,20.45,20.47,20.42,20.47,6074
20170925,20.4,20.4,20.37,20.38,34153
20170926,20.44,20.46,20.4,20.42,13235
20170927,20.48,20.5,20.42,20.46,22631
20170928,20.48,20.52,20.48,20.52,14430
20170929,20.49,20.58,20.49,20.57,43497
20171002,20.53,20.64,20.53,20.64,6647
20171003,20.62,20.68,20.62,20.68,12386
20171004,20.67,20.7,20.67,20.7,6146
20171005,20.69,20.76,20.69,20.74,15053
20171006,20.7,20.76,20.7,20.76,3863
20171009,20.75,20.78,20.73,20.73,9609
20171010,20.75,20.77,20.73,20.77,9362
20171011,20.73,20.81,20.73,20.79,8478
20171012,20.78,20.82,20.78,20.8,15966
20171013,20.79,20.83,20.79,20.79,14596
20171016,20.79,20.83,20.79,20.82,12598
20171017,20.82,20.85,20.81,20.84,4153
20171018,20.9,20.9,20.85,20.89,24730
20171019,20.79,20.88,20.78,20.88,28181
20171020,20.96,20.98,20.94,20.98,4559
20171023,21.02,21.02,20.93,20.93,10124
20171024,20.94,20.97,20.92,20.92,41485
20171025,20.92,20.92,20.78,20.88,29168
20171026,20.88,20.92,20.88,20.88,12951
20171027,20.91,21.05,20.91,21.03,11844
20171030,21,21.02,20.94,21,73390
20171031,21.04,21.04,20.98,21.02,8373
20171101,21.15,21.15,21.03,21.1,74380
20171102,21.08,21.08,20.98,21.07,18232
20171103,21.04,21.15,21.04,21.15,10572
20171106,21.11,21.17,21.11,21.17,16286
20171107,21.17,21.17,21.09,21.1,11506
20171108,21.07,21.17,21.07,21.17,7195
20171109,21.17,21.17,20.99,21.09,12118
20171110,21.09,21.11,21.04,21.11,10549
20171113,21.11,21.14,21.05,21.14,9505
20171114,21.08,21.08,21.01,21.02,34056
20171115,20.99,21.05,20.97,21.05,3549
20171116,20.99,21.14,20.99,21.11,18221
20171117,21.06,21.09,21.05,21.06,7294
20171120,21.07,21.11,21.07,21.11,15628
20171121,21.15,21.15,21.14,21.15,10479
20171122,21.08,21.17,21.08,21.17,11046
20171124,21.14,21.16,21.14,21.16,1339
20171127,21.16,21.17,21.14,21.14,4864
20171128,21.16,21.35,21.16,21.33,18053
20171129,21.41,21.41,21.29,21.34,16759
20171130,21.43,21.55,21.41,21.47,28939
20171201,21.41,21.47,21.32,21.42,10714
20171204,21.52,21.57,21.42,21.42,7618
20171205,21.42,21.49,21.36,21.36,10653
20171206,21.47,21.47,21.33,21.35,31135
20171207,21.35,21.44,21.35,21.41,8234
20171208,21.41,21.51,21.41,21.5,16119
20171211,21.53,21.56,21.51,21.55,10277
20171212,21.58,21.65,21.58,21.61,14263
20171213,21.61,21.65,21.61,21.61,11404
20171214,21.58,21.64,21.52,21.54,2039
20171215,21.66,21.73,21.64,21.72,26028
20171218,21.88,21.88,21.82,21.87,13079
20171219,21.72,21.83,21.72,21.79,3131
20171220,21.76,21.78,21.74,21.76,20374
20171221,21.78,21.82,21.78,21.81,18427
20171222,21.78,21.79,21.76,21.79,20943
20171226,22.96,22.96,21.62,21.72,69744
20171227,21.93,21.93,21.75,21.82,24840
20171228,21.75,21.97,21.75,21.77,36737
20171229,21.91,21.96,21.77,21.77,35695
20180102,21.81,21.91,21.78,21.87,63597
20180103,21.89,22.04,21.89,22.04,52880
20180104,22.04,22.2,22.04,22.11,24674
20180105,22.19,22.25,22.18,22.25,26635
20180108,22.28,22.28,22.22,22.27,18783
20180109,22.29,22.31,22.27,22.29,18066
20180110,22.27,22.29,22.24,22.29,18177
20180111,22.37,22.38,22.3,22.38,29921
20180112,22.45,22.45,22.41,22.45,15177
20180116,22.54,22.54,22.4,22.41,19536
20180117,22.44,22.55,22.44,22.55,5435
20180118,22.54,22.54,22.5,22.53,21747
20180119,22.56,22.57,22.52,22.56,29873
20180122,22.51,22.61,22.51,22.6,17027
20180123,22.61,22.64,22.61,22.63,11093
20180124,22.63,22.65,22.6,22.63,19749
20180125,22.71,22.71,22.62,22.62,6933
20180126,22.65,22.82,22.65,22.8,15325
20180129,22.9,22.9,22.7,22.72,50266
20180130,22.5,22.61,22.35,22.42,70944
20180131,22.46,22.48,22.25,22.4,43613
20180201,22.32,22.48,22.32,22.37,39091
20180202,22.37,22.37,21.79,21.79,91581
20180205,21.65,21.75,20.29,20.47,171873
20180206,19.944,20.81,19.86,20.76,160524
20180207,20.83,21.3,20.83,21.08,51450
20180208,20.78,20.8,19.86,19.96,89957
20180209,19.976,20.19,19.278,20.19,111248
20180212,20.24,20.7,20.22,20.5,172129
20180213,20.55,20.64,20.43,20.63,117316
20180214,20.31,20.95,20.31,20.9,23704
20180215,21.12,21.29,20.95,21.29,33476
20180216,21.28,21.41,21.23,21.34,70678
20180220,21.1,21.24,21.1,21.16,33764
20180221,21.22,21.36,21.06,21.06,26641
20180222,21.08,21.22,21.08,21.15,27407
20180223,20.83,21.36,20.83,21.36,21770
20180226,21.38,21.54,21.38,21.51,57540
20180227,21.5,21.51,21.4,21.44,9811
20180228,21.37,21.51,21.2,21.2,34635
20180301,21.14,21.18,20.87,20.87,9735
20180302,20.67,21.01,20.67,21.01,31637
20180305,20.85,21.27,20.85,21.27,15763
20180306,21.21,21.32,21.19,21.31,18196
20180307,21.2,21.32,21.18,21.25,17571
20180308,21.25,21.32,21.24,21.28,56275
20180309,21.36,21.48,21.35,21.48,37847
20180312,21.36,21.46,21.36,21.42,43004
20180313,21.42,21.42,21.35,21.37,1491
20180314,21.32,21.39,21.3,21.34,16847
20180315,21.3,21.34,21.28,21.32,15591
20180316,21.38,21.38,21.32,21.33,5063
20180319,21.23,21.28,21.09,21.14,12801
20180320,21.1,21.22,21.1,21.16,41087
20180321,21.2,21.31,21.2,21.26,20111
20180322,21.01,21.01,20.87,20.87,5672
20180323,20.85,20.85,20.45,20.45,33698
20180326,20.67,20.98,20.52,20.98,77718
20180327,21.06,21.14,20.57,20.58,20826
20180328,20.65,20.69,20.55,20.67,37421
20180329,20.65,20.91,20.63,20.8,34421
20180402,20.71,20.77,20.34,20.35,18045
20180403,20.47,20.77,20.45,20.72,12088
20180404,20.63,20.92,20.58,20.92,29602
20180405,21,21.08,21,21.07,6236
20180406,21.01,21.01,20.82,20.85,7776
20180409,20.87,21.1,20.87,20.96,11588
20180410,21.1,21.12,21.02,21.08,40442
20180411,21.09,21.09,21.06,21.06,3268
20180412,21.11,21.12,21.08,21.12,3746
20180413,21.08,21.08,21.06,21.08,5861
20180416,21.13,21.19,21.13,21.16,19776
20180417,21.2,21.27,21.2,21.24,34719
20180418,21.23,21.28,21.23,21.27,7325
20180419,21.24,21.24,21.2,21.2,5179
20180420,21.22,21.22,21.22,21.22,1767
20180423,21.21,21.21,21.12,21.16,18692
20180424,21.22,21.22,21.01,21.03,11670
20180425,21,21.1,21,21.1,4081
20180426,21.17,21.19,21.14,21.18,2196
20180427,21.14,21.2,21.12,21.17,5712
20180430,21.16,21.24,21.11,21.11,11869
20180501,21.11,21.2,21.03,21.2,4167
20180502,21.17,21.17,21.08,21.08,7250
20180503,20.99,21.02,20.93,21.02,875
20180504,21.11,21.19,21.11,21.17,4237
20180507,21.25,21.32,21.23,21.32,17687
20180508,21.2,21.3,21.2,21.24,14233
20180509,21.31,21.45,21.31,21.41,59903
20180510,21.49,21.64,21.49,21.64,38476
20180511,21.65,21.68,21.63,21.64,20430
20180514,21.73,21.75,21.68,21.68,2476
20180515,21.55,21.59,21.49,21.49,23428
20180516,21.57,21.69,21.57,21.65,84159
20180517,21.63,21.69,21.57,21.64,21868
20180518,21.6,21.61,21.56,21.6,11008
20180521,21.71,21.72,21.67,21.7,11784
20180522,21.72,21.72,21.67,21.67,2460
20180523,21.61,21.68,21.6,21.68,8623
20180524,21.67,21.68,21.56,21.68,16305
20180525,21.72,21.72,21.61,21.61,1247
20180529,21.57,21.57,21.43,21.43,4725
20180530,21.41,21.61,21.41,21.6,7162
20180531,21.68,21.68,21.5,21.51,7233
20180601,21.69,21.69,21.6,21.6,2519
20180604,21.69,21.77,21.66,21.76,4698
20180605,21.77,21.77,21.75,21.76,14091
20180606,21.87,21.97,21.86,21.97,2711
20180607,21.98,21.98,21.93,21.97,2524
20180608,21.93,21.99,21.83,21.99,12095
20180611,22.02,22.09,22.01,22.09,13075
20180612,22.09,22.09,22.01,22.03,11110
20180613,22.11,22.11,22.11,22.11,200
20180614,22.05,22.06,22.04,22.04,1451
20180615,21.87,21.98,21.87,21.95,4092
20180618,22.02,22.06,21.94,22.03,18973
20180619,21.85,21.91,21.85,21.91,2268
20180620,21.93,22,21.91,21.94,2230
20180621,21.88,21.92,21.85,21.87,3179
20180622,21.89,21.89,21.86,21.86,4993
20180625,21.67,21.7,21.58,21.64,4995
20180627,21.73,21.73,21.53,21.54,8140
20180628,21.51,21.66,21.51,21.63,3225
20180629,21.66,21.8,21.66,21.74,25959
20180702,21.62,21.65,21.6,21.65,4361
20180703,21.78,21.78,21.72,21.72,1092
20180705,21.72,21.75,21.65,21.75,12355
20180706,21.81,21.94,21.81,21.94,12581
20180709,21.93,22.05,21.93,21.96,25654
20180710,21.97,22.05,21.96,22.05,7148
20180711,21.85,21.99,21.85,21.98,3823
20180712,22.05,22.05,21.98,22.02,15293
20180713,22,22.04,21.97,21.97,4847
20180716,22.01,22.01,21.99,21.99,1503
20180717,22.02,22.05,22.02,22.05,542
20180718,22.06,22.1,22.02,22.1,1208
20180719,22.07,22.08,22.05,22.06,5674
20180720,22.06,22.08,22.03,22.03,3649
20180723,22.03,22.08,21.97,22.08,10360
20180724,22.1,22.11,22.07,22.08,1621
20180725,22.05,22.09,22.05,22.05,2597
20180726,22.05,22.07,22.05,22.07,1897
20180727,22.01,22.05,22.01,22.05,2411
20180730,22.05,22.05,22,22.03,1343
20180731,22.04,22.04,22.04,22.04,2110
20180801,22.04,22.07,22.01,22.03,9947
20180802,22.04,22.06,22.03,22.04,3375
20180803,22.05,22.06,22.05,22.05,2744
20180806,22.13,22.13,22.11,22.11,873
20180807,22.09,22.17,22.09,22.17,10309
20180808,22.17,22.22,22.14,22.14,18495
20180809,22.14,22.16,22.13,22.14,4156
20180810,22.1,22.11,22.05,22.05,11842
20180813,22.04,22.1,22.04,22.05,4543
20180814,22.14,22.15,22.12,22.13,4455
20180815,22.15,22.15,21.95,22,4613
20180816,22.06,22.25,22.06,22.19,9201
20180817,22.19,22.19,22.18,22.18,1920
20180820,22.13,22.24,22.13,22.21,804
20180821,22.26,22.28,22.24,22.28,21176
20180822,22.22,22.28,22.18,22.27,24494
20180823,22.11,22.27,22.11,22.25,7243
20180824,22.28,22.28,22.27,22.27,69528
20180827,22.28,22.38,22.28,22.34,23263
20180828,22.36,22.39,22.36,22.39,248
20180829,22.39,22.45,22.39,22.45,4442
20180830,22.4,22.41,22.35,22.35,7345
20180831,22.21,22.35,22.21,22.35,1818
20180904,22.33,22.38,22.32,22.38,5530
20180905,22.28,22.29,22.27,22.29,2841
20180906,22.29,22.29,22.25,22.26,6446
20180907,22.3,22.3,22.25,22.25,1688
20180910,22.29,25.45,22.27,22.33,15089
20180911,22.35,22.35,22.34,22.34,2970
20180912,22.33,22.34,22.33,22.34,1237
20180913,22.36,22.38,22.27,22.38,11049
20180914,22.35,22.37,22.35,22.37,3221
20180917,22.36,22.36,22.35,22.35,3124
20180918,22.39,22.39,22.39,22.39,674
20180919,22.42,22.42,22.38,22.39,6242
20180920,22.42,22.43,22.34,22.43,4088
20180921,22.43,22.44,22.34,22.44,3071
20180924,22.42,22.43,22.32,22.32,4613
20180925,22.41,22.42,22.39,22.39,2138
20180926,22.42,22.46,22.4,22.4,21906
20180927,22.42,22.49,22.39,22.49,12908
20180928,22.39,22.39,22.37,22.37,1979
20181001,22.36,22.44,22.36,22.39,8234
20181002,22.4,22.42,22.35,22.42,6749
20181003,22.38,22.47,22.36,22.36,3319
20181004,22.33,22.33,22.28,22.3,4443
20181005,22.28,22.31,22.24,22.31,495
20181008,22.18,22.18,22.14,22.18,1304
20181009,22.22,22.32,22.17,22.21,6710
20181010,22.02,22.02,21.91,21.91,1424
20181011,21.52,21.57,21.33,21.33,3164
20181012,21.59,21.64,21.5,21.62,7801
20181015,21.62,21.62,21.54,21.59,1845
20181016,21.66,21.9,21.66,21.85,17767
20181019,21.75,21.77,21.72,21.72,4300
20181022,21.67,21.67,21.65,21.67,9165
20181023,21.24,21.44,21.24,21.44,1355
20181024,21.42,21.45,21.2,21.3,5954
20181025,21.01,21.44,21.01,21.44,5815
20181026,21.06,21.08,20.07,20.91,18939
20181029,21.13,21.13,20.65,20.65,7101
20181030,20.83,21.23,20.83,21.23,64962
20181031,21.54,21.67,21.54,21.62,15345
20181101,21.63,21.66,21.63,21.66,469
20181102,21.71,21.71,21.61,21.61,386
20181105,21.71,21.71,21.7,21.7,494
20181106,21.73,21.73,21.65,21.69,3893
20181107,21.74,21.74,21.71,21.73,1976
20181108,21.7,21.7,21.67,21.67,1238
20181109,21.51,21.68,21.51,21.68,2869
20181112,21.64,21.64,21.64,21.64,1726
20181113,21.62,21.62,21.56,21.56,6151
20181114,21.61,21.61,21.54,21.6,1850
20181115,21.5,21.66,21.5,21.6,8881
20181116,21.62,21.68,21.62,21.66,1096
20181119,21.71,21.71,21.71,21.71,124
20181121,21.54,21.64,21.5,21.64,40392
20181123,21.56,21.56,21.52,21.52,848
20181126,21.53,21.59,21.53,21.59,588
20181127,21.61,21.66,21.59,21.63,6443
20181128,21.8,21.98,21.8,21.98,2837
20181129,22.02,22.02,22.02,22.02,2227
20181130,22.02,22.06,22.01,22.06,5318
20181203,22.17,22.17,22.17,22.17,1115
20181204,22.26,22.26,22.11,22.11,837
20181206,21.6,21.76,21.6,21.76,1340
20181207,21.76,21.76,21.58,21.58,1213
20181210,21.47,21.68,21.23,21.68,7668
20181211,21.6,21.65,21.58,21.65,1716
20181212,21.88,21.9,21.79,21.79,11756
20181213,21.74,21.81,21.63,21.64,5122
20181214,21.46,21.46,21.24,21.24,68406
20181217,21.16,21.24,20.66,20.67,49167
20181218,20.78,21.04,20.65,20.7,29583
20181219,20.56,21.03,20.1,20.25,45924
20181220,19.742,20.07,19.669,19.725,21018
20181221,19.75,20.17,19.337,19.337,20729
20181224,19.135,19.33,18.469,18.469,80534
20181226,18.309,19.632,18.238,19.632,23552
20181227,19.537,20.032,18.935,20.023,131468
20181228,19.988,20.43,19.792,20.094,30013
20181231,20.07,20.35,19.961,20.22,20397
20190102,20.19,20.4,19.994,20.3,29925
20190103,20.35,20.35,19.979,20.03,7911
20190104,20.23,20.48,20.23,20.45,55780
20190107,20.52,20.67,20.51,20.66,53419
20190108,20.74,20.76,20.63,20.76,5187
20190109,20.72,20.82,20.7,20.74,4442
20190110,20.72,20.85,20.72,20.85,2792
20190111,20.83,20.83,20.74,20.74,371
20190114,20.71,20.74,20.71,20.74,1744
20190115,20.82,20.87,20.77,20.77,1038
20190116,20.92,20.92,20.92,20.92,1271
20190117,20.83,21.03,20.83,21.03,2668
20190118,21.11,21.2,21.06,21.17,1394
20190122,20.96,20.96,20.9,20.94,1021
20190123,21.06,21.06,20.85,20.85,8581
20190124,20.88,21.04,20.88,20.99,2066
20190125,21.06,21.2,21.05,21.05,12415
20190128,21.02,21.02,20.9,20.9,1664
20190129,20.96,20.96,20.96,20.96,483
20190130,20.99,21.28,20.99,21.28,12745
20190131,21.23,21.43,21.22,21.43,12352
20190201,21.29,21.46,21.25,21.26,31768
20190204,21.35,21.37,21.32,21.37,1517
20190205,21.68,21.68,21.4,21.4,3071
20190206,21.36,21.52,21.35,21.51,9660
20190207,21.5,21.5,21.5,21.5,2380
20190208,21.45,21.45,21.45,21.45,1136
20190211,21.46,21.46,21.38,21.42,14525
20190212,21.5,21.5,21.44,21.46,4610
20190213,21.5,21.5,21.38,21.44,8688
20190214,21.47,21.47,21.38,21.38,7149
20190215,21.37,21.39,21.37,21.39,5282
20190219,21.39,21.39,21.37,21.37,1601
20190220,21.39,21.39,21.37,21.37,821
20190221,21.39,21.52,21.37,21.51,329771
20190222,21.47,21.52,21.47,21.51,2590
20190225,21.54,21.54,21.49,21.53,5683
20190226,21.54,21.54,21.48,21.48,2213
20190227,21.47,21.51,21.47,21.51,596
20190228,21.53,21.54,21.47,21.47,1792
20190301,21.43,21.52,21.43,21.52,5556
20190304,21.54,21.55,21.44,21.54,10107
20190305,21.47,21.48,21.47,21.48,6843
20190306,21.44,21.47,21.41,21.42,18326
20190307,21.39,21.39,21.35,21.38,411
20190308,21.2,21.36,21.2,21.34,713
20190311,21.46,21.48,21.46,21.47,3193
20190312,21.49,21.55,21.49,21.54,2622
20190313,21.53,21.59,21.53,21.56,2270
20190314,21.56,21.56,21.56,21.56,33
20190315,21.5,21.57,21.5,21.53,11138
20190318,21.59,21.61,21.59,21.61,3297
20190319,21.67,21.67,21.56,21.56,2449
20190320,21.58,21.6,21.58,21.6,1819
20190321,21.6,21.67,21.6,21.67,3957
20190322,21.67,21.67,21.54,21.56,708
20190325,21.53,21.53,21.53,21.53,596
20190326,21.63,21.63,21.56,21.56,6439
20190327,21.56,21.56,21.47,21.51,6790
20190328,21.59,21.59,21.54,21.57,10269
20190329,21.65,21.65,21.62,21.65,7294
20190401,21.67,21.81,21.67,21.79,13972
20190402,21.82,21.82,21.78,21.82,5879
20190403,21.85,21.89,21.85,21.89,1947
20190404,21.83,21.84,21.83,21.84,1691
20190405,21.87,21.9,21.87,21.9,843
20190408,21.78,21.88,21.78,21.88,2295
20190409,21.9,21.93,21.84,21.84,1839
20190410,21.87,21.91,21.87,21.87,2418
20190411,21.88,21.88,21.88,21.88,8035
20190412,21.98,21.98,21.91,21.91,4598
20190415,21.91,21.94,21.91,21.94,1159
20190416,21.94,21.94,21.92,21.94,4029
20190417,21.94,21.94,21.91,21.91,2180
20190418,21.9,21.9,21.84,21.84,13654
20190422,21.88,21.88,21.86,21.86,590
20190423,21.94,21.94,21.88,21.88,16424
20190424,21.9,21.94,21.88,21.94,3433
20190425,21.94,21.94,20.99,21.59,19882
20190426,21.8,21.92,21.8,21.91,6632
20190429,21.94,21.96,21.93,21.96,6435
20190430,22,22,21.92,21.95,2397
20190501,21.95,21.98,21.9,21.94,16086
20190502,21.81,21.81,21.81,21.81,262
20190503,21.84,21.94,21.84,21.94,1534
20190506,21.52,21.86,21.52,21.86,4290
20190507,21.56,21.68,21.52,21.68,12358
20190508,21.57,21.58,21.49,21.49,6112
20190509,21.28,21.46,21.25,21.46,2116
20190510,21.29,21.4,21.2,21.4,5265
20190513,21.09,21.09,21.04,21.04,1047
20190514,21.06,21.22,21.06,21.22,16274
20190515,21.23,21.36,21.23,21.31,1334
20190516,21.39,21.58,21.39,21.42,8805
20190517,21.37,21.57,21.37,21.57,384
20190520,21.3,21.36,21.12,21.31,12728
20190521,21.42,21.43,21.41,21.42,2369
20190522,21.42,21.42,21.41,21.42,1823
20190523,21.19,21.19,21.12,21.12,1327
20190524,21.23,21.23,21.12,21.2,911
20190528,21.15,21.16,21.04,21.04,14028
20190529,20.88,20.88,20.73,20.73,6507
20190530,20.75,20.85,20.75,20.85,5341
20190531,20.67,20.72,20.58,20.58,11825
20190603,20.46,20.56,20.36,20.4,5438
20190604,20.66,20.97,20.62,20.97,27319
20190605,21.06,21.12,21.06,21.12,4777
20190606,21.26,21.36,21.19,21.36,1610
20190607,21.32,21.6,21.32,21.6,6647
20190610,21.64,21.73,21.64,21.69,12148
20190611,21.76,21.78,21.63,21.65,5555
20190612,21.56,21.65,21.56,21.62,75411
20190613,21.74,21.75,21.68,21.68,2557
20190614,21.68,21.72,21.67,21.72,4198
20190617,21.7,21.76,21.7,21.76,4777
20190618,21.85,21.99,21.85,21.92,16022
20190619,21.93,21.99,21.89,21.94,1724
20190620,22.13,22.22,22.1,22.22,43221
20190621,22.18,22.22,22.18,22.19,1425
20190624,22.14,22.14,22.14,22.14,371
20190625,22.1,22.1,21.92,21.92,10090
20190626,21.95,21.96,21.89,21.9,2889
20190627,21.93,21.97,21.93,21.94,5103
20190628,22.04,22.04,22.04,22.04,596
20190701,22.24,22.31,22.15,22.23,8070
20190702,22.22,22.28,22.22,22.28,1517
20190703,22.39,22.44,22.39,22.44,484
20190705,22.36,22.44,22.36,22.44,933
20190708,22.33,22.4,22.33,22.33,12742
20190709,22.29,22.34,22.29,22.34,5801
20190710,22.51,22.51,22.44,22.47,6964
20190711,22.52,22.53,22.48,22.51,1722
20190712,22.54,22.64,22.54,22.64,4230
20190715,22.66,22.66,22.64,22.64,630
20190716,22.6,22.66,22.56,22.57,9204
20190717,22.52,22.52,22.52,22.52,202
20190718,22.36,22.44,22.36,22.44,9697
20190719,22.46,22.56,22.46,22.48,3856
20190722,22.43,22.44,22.36,22.4,14391
20190723,22.48,22.58,22.48,22.58,14700
20190724,22.66,22.68,22.66,22.67,1237
20190725,22.56,22.58,22.56,22.58,776
20190726,22.71,22.76,22.7,22.76,4050
20190729,22.74,22.75,22.72,22.73,4042
20190730,22.69,22.69,22.65,22.69,2163
20190731,22.8,22.8,22.28,22.41,19115
20190801,22.55,22.66,22.19,22.19,11931
20190802,21.99,22,21.88,21.95,15084
20190805,21.61,21.61,21.19,21.25,23899
20190806,21.36,21.55,21.34,21.55,11685
20190807,21.36,21.48,21.3,21.48,1104
20190808,21.92,22.01,21.92,22.01,12530
20190809,21.82,21.98,21.82,21.98,4987
20190812,21.6,21.79,21.6,21.64,5768
20190813,21.46,21.98,21.46,21.96,6759
20190814,21.76,21.76,21.39,21.39,7115
20190815,21.38,21.49,21.33,21.49,32808
20190816,21.42,21.83,21.42,21.76,5899
20190819,22.07,22.14,22.07,22.12,6472
20190820,22.06,22.1,22.06,22.1,5099
20190821,22.12,22.12,22.12,22.12,33
20190822,22.05,22.24,22.05,22.16,5205
20190823,22.05,22.07,21.71,21.72,936
20190826,21.66,21.75,21.63,21.73,5583
20190827,21.76,21.78,21.68,21.69,19789
20190828,21.8,21.85,21.8,21.85,597
20190829,22.11,22.22,22.09,22.19,6731
20190830,22.25,22.25,22.25,22.25,33
20190903,21.89,22.08,19.56,21.99,13327
20190904,22.17,22.24,22.15,22.19,11671
20190905,22.54,22.59,22.52,22.55,7513
20190906,22.68,22.71,22.68,22.69,4536
20190909,22.64,22.64,22.64,22.64,670
20190910,22.56,22.61,22.56,22.6,47790
20190911,22.63,22.78,22.63,22.78,437
20190912,22.89,22.89,22.89,22.89,247
20190913,22.89,22.92,22.89,22.92,2101
20190916,22.79,22.79,22.79,22.79,33
20190917,22.79,22.81,22.79,22.8,2605
20190918,22.78,22.78,22.78,22.78,146
20190919,22.92,22.92,22.92,22.92,146
20190920,22.83,22.84,22.73,22.8,2268
20190923,22.73,22.76,22.73,22.75,714
20190924,22.79,22.79,22.56,22.58,2853
20190925,22.62,22.77,22.58,22.77,11892
20190926,22.7,22.71,22.7,22.71,596
20190927,22.68,22.71,22.56,22.57,4479
20190930,22.65,22.76,22.65,22.72,7220
20191001,22.59,22.6,22.49,22.49,849
20191002,22,22.04,22,22.03,1721
20191003,21.98,22.17,21.98,22.13,26638
20191004,22.49,22.49,22.49,22.49,33
20191007,22.38,22.47,22.38,22.47,414
20191008,22.22,22.34,22.22,22.34,257
20191009,22.22,22.26,22.22,22.26,259
20191010,22.45,22.53,22.42,22.46,3750
20191011,22.72,22.81,22.71,22.81,70773
20191014,22.68,22.68,22.68,22.68,33
20191015,22.88,22.91,22.88,22.91,344
20191016,22.83,22.84,22.83,22.84,4864
20191017,22.9,22.9,22.9,22.9,33
20191018,22.86,22.86,22.86,22.86,1127
20191021,22.93,22.93,22.93,22.93,33
20191022,22.89,22.89,22.89,22.89,33
20191023,22.85,22.85,22.85,22.85,759
20191024,22.95,22.95,22.91,22.91,926
20191025,23.01,23.09,23.01,23.09,1369
20191028,23.17,23.17,23.17,23.17,33
20191029,23.13,23.16,21.41,23.11,19994
20191030,23.12,23.14,23.12,23.12,1112
20191031,23.01,23.13,23.01,23.13,1834
20191101,23.27,23.33,23.27,23.33,1295
20191104,23.45,23.47,23.43,23.44,2510
20191105,23.44,23.46,23.44,23.46,6340
20191106,23.41,23.42,23.41,23.42,1068
20191107,23.47,23.48,23.47,23.47,2523
20191108,23.54,23.54,23.45,23.45,484
20191111,23.46,23.46,23.46,23.46,33
20191112,23.48,23.48,23.47,23.47,1834
20191113,23.47,23.49,23.47,23.48,978
20191114,23.47,23.47,23.46,23.46,484
20191115,23.5,23.53,23.5,23.52,8679
20191118,23.51,23.55,23.51,23.55,692
20191119,23.52,23.59,23.52,23.59,764
20191120,23.48,23.48,23.48,23.48,33
20191121,23.44,23.51,23.44,23.51,3085
20191122,23.51,23.51,23.5,23.5,1195
20191125,23.6,23.63,23.6,23.63,1081
20191126,23.65,23.65,23.65,23.65,1099
20191127,23.63,23.7,23.63,23.7,983
20191129,23.6,23.67,23.6,23.67,7113
20191202,23.56,23.59,23.52,23.59,9016
20191203,23.37,23.37,23.37,23.37,258
20191204,23.43,23.56,23.43,23.54,4912
20191205,23.56,23.56,23.56,23.56,258
20191206,23.7,23.7,23.68,23.69,5605
20191209,23.67,23.67,23.62,23.62,13710
20191210,23.63,23.64,23.61,23.61,1829
20191211,23.65,23.67,23.65,23.67,2960
20191212,23.75,23.78,23.75,23.75,595
20191213,23.68,23.81,23.68,23.76,19566
20191216,23.84,23.84,23.84,23.84,33
20191217,23.84,23.88,22.49,23.78,80594
20191218,23.83,23.84,23.83,23.84,483
20191219,23.86,23.88,23.86,23.87,3185
20191220,23.99,23.99,23.91,23.91,6326
20191223,23.88,23.93,23.88,23.93,26090
20191224,23.92,23.95,23.92,23.92,1448
20191226,23.97,24,23.94,24,6150
20191227,24.01,24.03,24,24.03,4050
20191230,23.99,24,23.95,23.95,4317
20191231,23.97,23.97,23.97,23.97,1815
20200102,24.02,24.18,23.97,24.16,96601
20200103,24.03,24.14,24.03,24.13,9591
20200106,24.2,24.2,24.08,24.11,846
20200107,24.13,24.16,24.12,24.15,6428
20200108,24.05,24.21,24.05,24.17,8324
20200109,24.21,24.23,24.2,24.23,1293
20200110,24.22,24.22,24.22,24.22,33
20200113,24.18,24.2,24.18,24.2,703
20200114,24.24,24.24,24.22,24.22,1818
20200115,24.23,24.26,24.21,24.21,2152
20200116,24.26,24.26,24.24,24.24,556
20200117,24.29,24.31,24.28,24.3,5866
20200121,24.15,24.32,24.15,24.27,6748
20200122,24.28,24.33,24.28,24.33,542
20200123,24.29,24.29,24.29,24.29,2149
20200124,24.28,24.28,24.28,24.28,33
20200127,24.18,24.22,24.17,24.22,1374
20200128,24.31,24.32,24.29,24.3,1799
20200129,24.31,24.31,24.31,24.31,298
20200130,24.24,24.28,24.23,24.28,6345
20200131,24.19,24.19,24.15,24.18,2865
20200203,24.25,24.25,24.21,24.21,385
20200204,24.34,24.36,24.33,24.34,8429
20200205,24.39,24.48,24.37,24.48,7635
20200206,24.45,24.51,24.42,24.48,6611
20200207,24.32,24.51,24.32,24.48,3560
20200210,24.47,24.49,24.47,24.49,1494
20200211,24.61,24.61,24.61,24.61,2751
20200212,24.64,24.64,24.64,24.64,33
20200213,24.63,24.63,24.63,24.63,145
20200214,24.6,24.6,24.6,24.6,145
20200218,24.66,24.66,24.53,24.57,34080
20200219,24.55,24.56,24.25,24.51,17820
20200220,24.65,24.65,24.62,24.63,3703
20200221,24.61,24.63,24.54,24.58,4623
20200224,24.14,24.14,24.14,24.14,33
20200225,24.17,24.25,23.26,23.49,11232
20200226,23.78,23.89,23.31,23.45,6775
20200227,22.88,22.88,22.46,22.48,3616
20200228,22.15,22.15,21.45,21.88,1515
20200302,22.13,23.09,21.57,22.93,71143
20200303,23.13,23.58,21.97,21.97,46780
20200304,22.55,23.51,22.44,22.94,47567
20200305,22.65,22.86,22.4,22.86,113037
20200306,22.41,22.46,21.8,22.3,22230
20200309,21.23,21.44,16.79,20.85,12006
20200310,20.62,21.6,20.48,20.53,16407
20200311,21.07,21.11,20.41,20.41,6515
20200312,19.012,19.012,18.362,18.514,11354
20200313,18.497,18.977,17.923,18.977,171970
20200316,17.08,17.815,15.654,16.183,33306
20200317,14.811,15.811,13.664,14.085,5276
20200318,13.673,15.466,12.937,12.937,8735
20200319,12.256,17.151,12.256,16.838,27754
20200320,16.99,16.99,15.34,15.753,8685
20200323,14.991,15.75,13.494,15.287,4440
20200324,16.084,16.084,15.833,15.833,368
20200325,16.927,17.062,16.927,17.062,703
20200326,16.999,17.465,16.309,16.309,925
20200327,17.314,17.904,17.314,17.904,5614
20200330,18.371,18.451,18.371,18.416,481
20200331,18.245,18.389,18.012,18.362,2183
20200401,17.474,17.474,17.474,17.474,33
20200402,17.59,17.59,17.516,17.519,575
20200403,17.869,17.896,17.474,17.537,1820
20200406,18.272,18.272,18.07,18.191,6270
20200407,18.711,18.711,16.434,18.254,4660
20200408,18.424,18.424,18.353,18.353,368
20200409,18.613,18.756,17.402,18.46,9631
20200413,17.797,18.371,17.295,18.12,3690
20200414,19.635,19.823,19.101,19.823,16988
20200415,18.218,19.366,18.218,19.357,4016
20200416,19.097,19.097,18.954,19.007,1595
20200417,19.85,19.958,18.72,19.473,14373
20200420,18.774,19.473,18.774,19.438,1684
20200421,18.828,19.24,18.747,19.24,2014
20200422,18.918,18.918,18.918,18.918,2548
20200423,18.882,19.366,18.882,18.954,535
20200424,19.279,19.279,19.279,19.279,33
20200427,19.483,19.823,19.07,19.496,4440
20200428,19.249,19.345,19.124,19.124,3428
20200429,17.259,19.958,17.259,19.814,855
20200430,19.608,19.931,19.528,19.572,2881
20200501,17.897,19.495,17.897,19.45,473
20200504,18.278,19.494,18.278,19.467,1920
20200505,19.617,19.704,19.608,19.644,4863
20200506,19.375,19.76,18.765,19.16,13152
20200507,19.348,19.411,19.339,19.366,2380
20200508,19.505,19.509,19.412,19.491,4871
20200511,19.482,19.958,19.456,19.958,4159
20200512,19.667,19.667,19.667,19.667,33
20200513,19.542,19.542,19.542,19.542,33
20200514,19.638,19.638,19.638,19.638,33
20200515,19.666,19.666,19.666,19.666,33
20200518,18.918,19.825,18.918,19.825,1818
20200519,19.949,19.949,19.949,19.949,2543
20200520,19.955,19.955,19.955,19.955,1141
20200521,19.895,19.958,18.828,19.778,11768
20200522,19.814,19.814,19.814,19.814,301
20200526,19.949,19.949,19.949,19.949,368
20200527,20.38,20.38,20.38,20.38,33
20200528,20.85,20.85,20.1,20.1,2438
20200529,20.12,20.12,20.12,20.12,33
20200601,20.44,21.17,20.41,21.16,4984
20200602,21.25,21.28,21.25,21.28,300
20200603,21.32,21.34,20.62,21.2,4671
20200604,21.28,21.31,21.17,21.23,7370
20200605,21.32,21.35,21.2,21.2,2822
20200608,19.905,21.51,19.905,21.51,915
20200609,21.44,22.14,21.44,22.03,3164
20200610,21.94,21.94,21.75,21.77,1151
20200611,21.11,21.11,20.88,20.88,1039
20200612,20.83,20.85,20.63,20.63,481
20200615,20.71,20.71,20.52,20.69,2311
20200616,21.12,21.21,20.94,21.21,3082
20200617,21.05,21.05,21,21,477
20200618,20.87,21.52,20.86,21.51,1150
20200619,21.7,21.71,21.16,21.16,4725
20200622,21.23,21.23,21.23,21.23,33
20200623,21.58,21.58,21.58,21.58,33
20200624,20.99,20.99,20.99,20.99,145
20200625,20.81,20.87,20.41,20.56,11719
20200626,20.57,20.57,20.26,20.45,12548
20200629,20.65,20.65,20.62,20.62,911
20200630,20.77,21.08,20.72,21.02,4215
20200701,20.92,21.28,20.74,21.11,5889
20200702,21.54,21.62,21.53,21.53,2819
20200706,21.5,21.6,21.5,21.6,368
20200707,21.61,21.69,21.39,21.39,4885
20200708,21.52,21.52,21.39,21.39,369
20200709,21.74,21.74,21.74,21.74,33
20200710,21.36,21.36,21.36,21.36,145
20200713,22.06,22.32,21.46,22.32,7243
20200714,21.98,21.98,21.98,21.98,33
20200715,22,22,22,22,33
20200716,21.66,22.28,21.66,22.28,3655
20200717,22.03,22.03,22.03,22.03,33
20200720,21.87,21.87,21.76,21.81,2713
20200721,21.89,22.47,21.64,22.34,5366
20200722,22.02,22.65,21.89,22.5,13402
20200723,22.58,22.58,21.94,22.32,751
20200724,22.15,22.15,22.15,22.15,33
20200727,22.67,22.82,22.41,22.75,4265
20200728,22.81,22.81,22.77,22.77,591
20200729,22.8,23.01,22.71,23.01,3354
20200730,22.87,22.87,22.87,22.87,33
20200731,23,23.17,23,23.11,11411
20200803,23.2,23.2,23.18,23.19,1260
20200804,23.2,23.2,23.2,23.2,33
20200805,23.2,23.22,23.2,23.22,1371
20200806,22.66,23.28,22.66,23.21,1584
20200807,23.34,23.34,23.34,23.34,33
20200810,23.32,23.32,23.32,23.32,145
20200811,23.33,23.33,23.14,23.14,480
20200812,23.18,23.18,23.13,23.13,814
20200813,23.09,23.2,23,23.01,3594
20200814,23.36,23.36,23.36,23.36,145
20200817,23.07,23.1,23.06,23.09,1148
20200818,23.22,23.22,23.22,23.22,33
20200819,22.83,23.16,22.83,23.01,6405
20200820,23.29,23.31,23.13,23.3,1034
20200821,23.27,23.36,23.27,23.3,5310
20200824,23.26,23.29,22.9,23.22,1285
20200825,23.29,23.5,23.22,23.5,2975
20200826,23.4,23.76,23.36,23.72,5971
20200827,23.76,24.46,23.63,24.1,3163
20200828,24.03,24.11,24.02,24.11,1037
20200831,24.14,24.14,24.14,24.14,200
20200901,24.18,24.18,24.18,24.18,591
20200902,24.38,24.38,24.38,24.38,33
20200903,24.26,24.3,23.9,23.9,592
20200904,23.76,23.76,23.76,23.76,1148
20200908,23.34,23.34,23.34,23.34,33
20200909,23.62,23.81,22.98,23.76,2106
20200910,23.68,23.68,23.68,23.68,33
20200911,23.82,23.82,23.66,23.66,2295
20200914,23.8,23.8,23.73,23.73,2654
20200915,23.87,23.87,23.84,23.84,368
20200916,24.08,24.08,23.97,23.97,3271
20200917,23.74,23.74,23.68,23.68,705
20200918,23.79,23.79,22.98,23.22,6622
20200921,23.33,23.33,23.29,23.29,257
20200922,23.6,23.6,23.53,23.55,699
20200923,23.62,23.62,23.27,23.27,481
20200924,23.42,23.58,23.28,23.28,1106
20200925,23.73,23.73,23.72,23.72,257
20200928,23.64,23.88,23.12,23.72,9789
20200929,23.58,23.58,23.58,23.58,33
20200930,24,24.13,23.8,23.8,3943
20201001,24.03,24.13,24.03,24.09,1035
20201002,23.88,23.96,23.83,23.83,1368
20201005,24.07,24.19,24.07,24.19,481
20201006,24.31,24.31,24.24,24.24,257
20201007,24.39,24.39,24.39,24.39,33
20201008,24.64,24.64,24.57,24.58,815
20201009,24.79,24.79,24.79,24.79,145
20201012,24.96,24.96,24.96,24.96,145
20201013,24.78,24.95,24.78,24.95,4048
20201014,24.94,24.94,24.94,24.94,1144
20201015,24.43,24.43,24.43,24.43,259
20201016,24.42,24.45,24.42,24.45,2108
20201019,24.71,24.71,24.71,24.71,33
20201020,24.64,24.67,24.64,24.66,592
20201021,24.76,24.76,24.76,24.76,33
20201022,24.65,24.65,24.65,24.65,33
20201023,24.72,24.72,24.72,24.72,33
20201026,24.47,24.47,24.47,24.47,33
20201027,24.79,24.79,24.48,24.48,1818
20201028,24.14,24.14,23.99,23.99,257
20201029,24.27,24.27,24.27,24.27,145
20201030,23.9,23.9,23.9,23.9,33
20201102,24.24,24.24,24.24,24.24,33
20201103,24.23,24.58,24.06,24.15,5956
20201104,24.66,24.67,24.66,24.67,1595
20201105,25.29,25.29,24.84,24.84,647
20201106,25.14,25.14,25.14,25.14,33
20201109,24.4,25.91,24.4,25.7,2205
20201110,25.43,25.43,25.43,25.43,145
20201111,25.55,25.77,25.55,25.77,368
20201112,25.51,25.51,24.73,25.37,2934
20201113,25.03,25.03,25.03,25.03,145
20201116,25.59,25.78,25.59,25.7,1040
20201117,25.64,25.78,25.64,25.78,480
20201118,25.28,26,25.28,25.73,992
20201119,25.68,25.68,25.38,25.47,1983
20201120,25.54,25.54,25.54,25.54,33
20201123,25.56,25.56,25.56,25.56,33
20201124,25.97,25.97,25.97,25.97,243
20201125,25.79,25.79,25.7,25.7,1598
20201127,25.6,25.73,23.9,25.72,1036
20201130,25.05,25.66,25.05,25.66,340
20201201,25.75,25.75,25.75,25.75,2931
20201202,25.74,25.74,25.74,25.74,144
20201203,25.99,25.99,25.98,25.98,256
20201204,25.99,25.99,25.97,25.97,257
20201207,25.82,25.82,25.8,25.8,629
20201208,25.79,25.82,25.7,25.82,1659
20201209,25.77,25.82,25.77,25.82,257
20201210,25.71,25.71,25.71,25.71,33
20201211,25.71,25.71,25.53,25.63,1534
20201214,25.66,25.66,25.66,25.66,33
20201215,25.82,26.37,25.78,26.37,16591
20201216,26.47,26.5,26.43,26.5,2721
20201217,26.54,26.54,26.54,26.54,33
20201218,26.62,26.62,26.51,26.51,1633
20201221,26.21,26.38,26.14,26.38,2509
20201222,26.29,26.35,26.29,26.35,317
20201223,26.52,26.52,26.52,26.52,702
20201224,26.44,26.44,26.44,26.44,317
20201228,26.77,26.92,26.73,26.77,4862
20201229,26.78,26.78,26.66,26.7,1435
20201230,26.93,26.93,26.58,26.58,7562
20201231,27.25,27.25,26.68,26.88,1652
20210104,27.53,27.53,26.61,26.62,1667
20210105,26.01,26.77,26.01,26.77,1561
20210106,26.73,26.89,26.72,26.76,998
20210107,26.96,26.96,26.9,26.9,956
20210108,27,27.08,26.9,26.9,1587
20210111,26.92,27.01,26.82,26.82,622
20210112,26.72,27.13,26.72,26.84,2086
20210113,27.16,27.16,27.16,27.16,33
20210114,27.17,27.22,26.82,26.83,998
20210115,26.92,26.97,26.88,26.97,677
20210119,27.07,27.07,26.78,26.78,568
20210120,27.23,27.26,27.08,27.09,970
20210121,27.38,27.39,27.29,27.29,1073
20210122,27.33,27.33,27.08,27.08,783
20210125,27.35,27.52,27.23,27.4,2527
20210126,27.37,27.4,27.09,27.1,1654
20210127,27.09,27.09,26.48,26.49,2287
20210128,26.86,26.99,25.28,26.68,2286
20210129,26.45,26.45,26.36,26.36,414
20210201,26.51,26.59,26.51,26.59,355
20210202,27.09,27.09,26.88,26.88,1853
20210203,27.19,27.19,27.19,27.19,33
20210204,27.22,27.26,27.21,27.26,889
20210205,27.45,27.45,27.45,27.45,33
20210208,27.5,27.51,27.43,27.51,1514
20210209,27.5,27.53,27.36,27.36,1791
20210210,27.51,27.51,26.93,27.34,1320
20210211,27.49,27.49,27.49,27.49,228
20210212,27.36,27.36,27.36,27.36,33
20210216,27.46,27.46,27.11,27.11,2599
20210217,27.27,27.27,27.06,27.1,988
20210218,26.96,28.33,26.96,27.03,2441
20210219,27.23,27.77,27.22,27.69,6553
20210222,27.68,27.7,27.61,27.61,1429
20210223,27.48,27.7,27.43,27.56,4584
20210224,27.83,27.83,27.76,27.77,677
20210225,27.5,27.57,27.43,27.43,2067
20210226,27.28,27.28,27.25,27.25,377
20210301,27.27,27.66,27.27,27.58,4164
20210302,27.66,27.79,27.62,27.79,2524
20210303,27.36,27.36,27.36,27.36,33
20210304,27.29,27.33,26.86,26.9,3231
20210305,27.05,27.36,27.05,27.36,719
20210308,27.59,27.61,27.33,27.33,1300
20210309,27.66,27.72,27.61,27.61,1970
20210310,27.76,27.76,27.76,27.76,677
20210311,28.04,28.18,27.93,28.18,1966
20210312,28.03,28.03,28.02,28.02,355
20210315,28.1,28.12,28.09,28.12,2395
20210316,28.26,28.32,28.18,28.18,1186
20210317,28.23,28.23,28.23,28.23,677
20210318,28.22,28.26,28.22,28.24,1446
20210319,28.09,28.09,28.09,28.09,33
20210322,28.19,28.19,28.11,28.11,892
20210323,28.17,28.17,27.9,27.9,429
20210324,27.89,27.89,27.89,27.89,33
20210325,27.67,27.89,27.63,27.89,1965
20210326,28.17,28.26,28.14,28.14,640
20210329,28.32,28.36,28.26,28.36,2180
20210330,28.18,28.33,28.18,28.33,247
20210331,28.3,28.3,28.3,28.3,462
20210401,28.5,28.52,28.49,28.52,408
20210405,28.88,28.88,28.87,28.87,355
20210406,28.98,28.98,28.98,28.98,33
20210407,29,29,28.96,28.96,1751
20210408,28.97,29.1,28.97,29.09,892
20210409,29.32,29.32,29.32,29.32,33
20210412,29.35,29.35,29.35,29.35,33
20210413,29.46,29.46,29.46,29.46,33
20210414,29.36,29.36,29.36,29.36,462
20210415,29.56,29.56,29.56,29.56,33
20210416,29.63,29.68,29.63,29.68,706
20210419,29.81,29.81,29.68,29.68,1031
20210420,29.47,29.47,29.47,29.47,33
20210421,29.47,29.59,29.47,29.56,885
20210422,29.83,29.83,29.83,29.83,355
20210423,29.53,29.58,29.53,29.54,2666
20210426,29.8,29.8,29.7,29.7,247
20210427,29.75,29.78,29.74,29.78,784
20210428,29.81,29.81,29.81,29.81,140
20210429,29.93,29.93,29.93,29.93,33
20210430,29.72,29.72,29.72,29.72,140
20210503,29.97,29.97,29.81,29.81,516
20210504,29.89,29.9,29.69,29.69,892
20210505,29.64,29.64,29.64,29.64,33
20210506,29.82,29.82,29.82,29.82,33
20210507,30.06,30.06,30.06,30.06,33
20210510,30.7,30.7,29.87,29.87,2825
20210511,29.7,29.7,29.7,29.7,522
20210512,29.22,29.22,29.22,29.22,269
20210513,28.91,29.14,28.91,29.14,1794
20210514,29.6,29.6,29.6,29.6,140
20210517,29.63,29.63,29.63,29.63,352
20210518,29.65,29.65,29.65,29.65,694
20210519,29.22,29.22,29.22,29.22,33
20210520,29.43,29.63,29.43,29.58,9432
20210521,29.86,29.88,29.67,29.69,1205
20210524,29.81,29.81,29.81,29.81,33
20210525,29.95,29.98,29.95,29.98,247
20210526,29.93,29.93,29.93,29.93,33
20210527,30.11,30.11,30.11,30.11,33
20210528,30.24,30.24,30.24,30.24,33
20210601,30.22,30.32,30.22,30.32,247
20210602,30.27,30.27,30.27,30.27,33
20210603,30.17,30.17,30.17,30.17,33
20210604,30.29,30.29,30.29,30.29,140
20210607,30.39,30.39,30.39,30.39,33
20210608,30.28,30.28,30.23,30.23,247
20210609,30.33,30.33,30.33,30.33,33
20210610,30.4,30.4,30.4,30.4,33
20210611,30.56,30.56,30.56,30.56,33
20210614,30.55,30.55,30.55,30.55,299
20210615,30.46,30.48,30.42,30.42,393
20210616,30.69,30.69,30.59,30.59,576
20210617,30.3,30.49,30.3,30.49,798
20210618,30.28,30.28,30,30,1542
20210621,30.15,30.22,30.15,30.22,2889
20210622,30.5,30.5,30.5,30.5,33
20210623,30.58,30.58,30.58,30.58,423
20210624,30.58,30.58,30.58,30.58,33
20210625,30.67,30.67,30.67,30.67,33
20210628,30.6,30.6,30.6,30.6,140
20210629,30.76,30.76,30.76,30.76,33
20210630,30.77,30.77,30.77,30.77,33
20210701,30.56,30.97,30.56,30.97,1164
20210702,30.76,30.76,30.76,30.76,140
20210706,30.95,31.01,30.95,31.01,355
20210707,31,31,31,31,140
20210708,30.86,30.86,30.82,30.84,542
20210709,30.99,30.99,30.99,30.99,33
20210712,31.22,31.22,31.22,31.22,33
20210713,31.22,31.22,31.22,31.22,203
20210714,31.25,31.25,31.25,31.25,33
20210715,31.27,31.27,31.14,31.14,1295
20210716,31.16,31.16,31.16,31.16,242
20210719,30.66,30.66,30.66,30.66,162
20210720,30.85,30.85,30.85,30.85,33
20210721,31,31,30.94,30.94,312
20210722,31.13,31.19,31.13,31.19,635
20210723,31.21,31.21,31.06,31.17,9905
20210726,31.51,31.51,31.51,31.51,33
20210727,31.22,31.32,31.16,31.32,413
20210728,31.38,31.38,31.38,31.38,194
20210729,31.3,31.3,31.3,31.3,33
20210730,31.24,31.24,31.24,31.24,140
20210802,31.28,31.28,31.22,31.22,462
20210803,31.23,31.23,31.23,31.23,33
20210804,31.16,31.16,31.16,31.16,33
20210805,31.38,31.45,31.38,31.45,972
20210806,31.39,31.39,31.39,31.39,355
20210809,31.57,31.94,31.51,31.52,3560
20210810,31.56,31.58,31.56,31.57,1751
20210811,31.71,31.71,31.71,31.71,33
20210812,31.47,31.88,31.47,31.88,2180
20210813,31.89,32,31.88,32,1125
20210816,33.6,33.6,31.9,31.9,615
20210817,31.75,31.92,31.71,31.92,2468
20210818,33.58,33.58,31.72,31.72,2609
20210819,31.6,31.6,31.21,31.21,6697
20210820,31.32,31.5,31.32,31.5,1543
20210823,33.07,33.07,31.57,31.66,1429
20210824,32.53,32.53,31.79,31.79,893
20210825,31.76,31.76,31.76,31.76,33
20210826,31.71,31.75,31.7,31.7,1472
20210827,31.77,31.77,31.77,31.77,33
20210830,32.17,32.17,31.93,32,1642
20210831,31.92,31.92,31.92,31.92,232
20210901,31.9,31.9,31.9,31.9,33
20210902,31.94,31.94,31.94,31.94,265
20210903,32.04,32.04,32.04,32.04,33
20210907,32.02,32.02,32.02,32.02,365
20210908,31.86,31.86,31.86,31.86,33
20210909,32.21,32.21,31.89,31.92,918
20210910,31.71,31.73,31.68,31.69,889
20210913,31.65,31.65,31.22,31.29,6015
20210914,31.61,31.61,31.09,31.17,1774
20210915,31.47,31.75,31.47,31.74,2125
20210916,31.74,31.74,31.62,31.62,1102
20210917,31.45,31.45,31.33,31.33,1476
20210920,31.71,31.71,30.74,31.08,10743
20210921,30.97,31.07,30.88,30.88,4059
20210922,30.97,31.26,30.95,31.22,13451
20210923,31.26,31.58,31.26,31.55,3807
20210924,31.55,31.55,31.55,31.55,423
20210927,32.07,32.72,31.59,31.59,9560
20210928,31.3,31.3,30.92,30.92,5697
20210929,30.97,30.97,30.97,30.97,461
20210930,30.93,30.93,30.76,30.78,3238
20211001,31.3,31.3,30.6,30.95,888
20211004,31.6,31.6,30.53,30.62,2582
20211005,31.16,31.16,30.76,30.88,1422
20211006,30.73,30.97,30.73,30.97,247
20211007,31.31,31.4,31.22,31.22,5966
20211008,31.22,31.35,31.22,31.34,1289
20211011,31.09,31.09,31.09,31.09,33
20211012,31.01,31.01,30.85,30.85,2292
20211013,30.88,31.11,30.88,31.11,1233
20211014,31.45,31.51,31.38,31.5,6092
20211015,31.62,31.72,31.62,31.72,567
20211018,31.8,31.8,31.8,31.8,241
20211019,31.81,31.99,31.76,31.99,5083
20211020,32.04,32.04,31.99,31.99,674
20211021,32.11,32.22,32.11,32.22,1638
20211022,32.22,32.22,32.22,32.22,33
20211025,32.16,32.26,32.16,32.26,407
20211026,32.46,34.57,32.41,32.44,6897
20211027,32.44,32.52,32.33,32.33,5081
20211028,32.34,32.47,30.88,32.21,10947
20211029,32.38,32.41,32.38,32.41,327
20211101,32.48,32.53,32.48,32.5,3323
20211102,32.68,32.68,32.68,32.68,247
20211103,32.71,32.78,32.71,32.78,674
20211104,32.95,32.99,32.95,32.95,1863
20211105,33.25,33.25,33.22,33.22,450
20211108,33.06,33.06,33.04,33.04,1316
20211109,33.03,33.03,32.9,33,1648
20211110,32.77,32.77,32.76,32.77,674
20211111,32.77,32.77,32.71,32.71,1368
20211112,31.16,32.97,31.16,32.97,4471
20211115,32.99,32.99,32.95,32.95,461
20211116,33.01,33.02,33.01,33.02,386
20211117,32.99,32.99,32.99,32.99,664
20211118,32.98,32.98,32.96,32.96,354
20211119,32.95,32.95,32.95,32.95,140
20211122,33.04,33.04,32.97,32.97,461
20211123,32.91,32.91,32.85,32.91,1641
20211124,32.76,32.83,32.74,32.83,4706
20211126,32.6,32.6,32.49,32.49,1424
20211129,32.32,32.92,32.32,32.82,3532
20211130,32.73,32.73,32.54,32.55,4319
20211201,32.6,32.75,32.04,32.04,3957
20211202,31.99,33.4,31.99,32.35,7482
20211203,32.71,32.71,31.96,32.04,6187
20211206,32.12,33.45,31.43,32.49,11602
20211207,32.92,32.97,32.91,32.97,1102
20211208,33.06,33.14,33.02,33.14,1103
20211209,33.15,33.15,32.99,32.99,26960
20211210,33.03,33.03,33.02,33.02,247
20211213,33.15,33.15,33.06,33.07,1092
20211214,32.72,32.76,31.38,31.89,5910
20211215,32.85,32.85,32.53,32.53,3725
20211216,33.36,33.51,33.23,33.23,2278
20211217,33.69,33.69,33.03,33.03,354
20211220,31.89,31.89,31.89,31.89,270
20211221,32.44,32.68,32.44,32.68,1209
20211222,32.98,32.98,32.98,32.98,33
20211223,33.09,33.09,33.09,33.09,33
20211228,34.5099,34.5099,33.5996,33.62,1330
20211229,33.1908,33.1908,33.1908,33.1908,30
20211230,33.83,34.86,32.71,33.09,6903
20211231,34.58,36.29,33.69,33.6901,1906
20220103,34.57,34.57,33.63,33.86,5177
20220104,33.14,33.65,32.75,32.87,8860
20220105,33.2,33.72,33.2,33.39,4994
20220106,32.51,33.37,32.33,33.17,2443
20220107,31.96,31.96,31.96,31.96,100
20220110,31.41,32.61,31.41,31.94,2587
20220111,31.0001,33.98,31.0001,32.82,600
20220112,33.09,33.09,33.09,33.09,100
20220113,32.92,32.92,32.92,32.92,100
20220114,32.57,32.69,32.57,32.69,322
20220118,32.69,32.83,32.52,32.53,3051
20220119,31.001,33.25,31.001,32.36,950
20220120,31.9337,32.22,31.91,31.91,1792
20220121,31.58,31.58,31.36,31.45,900
20220124,31,31.2,30.845,31.2,2900
20220126,28.71,31.025,28.71,31.025,700
20220127,30.57,30.595,30.38,30.45,1197
20220128,30.19,30.5,29.44,30.4999,1809
20220131,29.34,31.45,29.34,31.33,2100
20220202,31.78,32.1314,31.26,31.52,1300
20220203,31.558,32.05,31.558,31.95,700
20220204,31.79,31.84,31.7888,31.84,600
20220207,30.58,31.32,30.56,31.32,1598
20220208,31.64,31.64,30.89,31.14,770
20220209,32.06,32.06,32.06,32.06,230
20220210,32.4,32.42,32.11,32.11,700
20220211,31.77,31.77,31.49,31.49,900
20220214,30.57,31.16,30.57,31,400
20220215,31.34,31.34,31.2599,31.2599,1100
20220216,31.63,31.63,31.6099,31.6099,200
20220217,31.59,31.59,31.32,31.32,1100
20220218,30.73,30.9899,30.42,30.43,1727
