Date,Open,High,Low,Close,Volume
20140227,23.38,23.53,23.38,23.52,3128
20140228,23.69,23.69,23.69,23.69,142
20140303,23.34,23.34,23.24,23.25,1206
20140304,23.86,23.86,23.68,23.7,3634
20140305,23.77,23.77,23.74,23.76,2262
20140306,24,24.01,24,24.01,668
20140307,23.82,23.9,23.82,23.88,1797
20140310,23.87,23.87,23.71,23.82,1353
20140312,23.45,23.51,23.45,23.51,2112
20140313,23.26,23.26,23.14,23.18,1594
20140314,23.08,23.18,23.08,23.08,3878
20140317,23.37,23.38,23.34,23.38,3198
20140318,23.52,23.6,23.52,23.55,9574
20140319,23.55,23.55,23.27,23.27,1823
20140320,23.16,23.16,23.16,23.16,1585
20140321,23.24,23.24,23.08,23.12,10287
20140324,23.08,23.17,22.99,23.17,5212
20140325,23.21,23.34,23.21,23.33,2853
20140326,23.35,23.35,23.34,23.34,1585
20140327,23.39,23.48,23.39,23.48,2959
20140328,23.51,23.56,23.49,23.56,3772
20140331,23.65,23.68,23.64,23.68,2674
20140401,23.76,23.8,23.73,23.8,1313
20140403,23.63,23.67,23.62,23.62,97513
20140404,23.74,23.75,23.61,23.63,52214
20140407,23.55,23.61,23.51,23.61,7952
20140408,23.43,23.47,23.42,23.42,8293
20140409,23.63,23.86,23.63,23.81,4215
20140410,23.65,23.67,23.43,23.49,2006
20140411,23.29,23.29,23.23,23.27,430
20140414,23.13,23.13,23.09,23.09,624
20140415,23.14,23.14,23,23,1036
20140416,23.32,23.32,23.32,23.32,16067
20140417,23.59,23.59,23.45,23.52,1554
20140421,23.51,23.57,23.51,23.57,2310
20140422,23.52,23.53,23.49,23.51,1465
20140423,23.66,23.66,23.5,23.55,2429
20140424,23.54,23.63,23.54,23.57,11536
20140425,23.58,23.62,23.58,23.62,4959
20140428,23.5,23.56,23.5,23.56,11127
20140429,23.75,23.75,23.73,23.74,981
20140430,23.83,23.92,23.83,23.92,3956
20140501,23.9,23.9,23.84,23.86,1380
20140502,23.92,23.92,23.92,23.92,623
20140505,23.93,23.93,23.93,23.93,211
20140506,24.02,24.02,24.02,24.02,558
20140507,23.91,23.91,23.89,23.89,1080
20140508,23.92,23.96,23.87,23.9,6859
20140512,23.88,23.9,23.83,23.9,2412
20140513,23.8,23.8,23.79,23.8,1463
20140514,23.81,23.81,23.75,23.75,3094
20140515,23.57,23.61,23.54,23.61,2043
20140516,23.61,23.61,23.46,23.53,34640
20140519,23.43,23.49,23.43,23.49,2230
20140520,23.55,23.55,23.31,23.33,1839
20140521,23.45,23.51,23.42,23.5,2006
20140522,23.52,23.57,23.52,23.54,846
20140523,23.6,23.67,23.6,23.64,19631
20140527,23.76,23.76,23.75,23.75,317
20140528,23.81,23.84,23.78,23.84,1984
20140529,23.91,23.96,23.91,23.96,8460
20140530,23.99,24,23.96,24,3351
20140602,23.83,24.01,23.83,24.01,2132
20140603,23.93,23.94,23.93,23.94,1101
20140604,23.9,23.95,23.9,23.95,1201
20140605,23.95,24.12,23.95,24.12,6362
20140606,24.19,24.32,24.19,24.32,4724
20140609,24.46,24.46,24.24,24.31,7003
20140610,24.16,24.19,24.16,24.19,934
20140611,24.07,24.07,24.07,24.07,317
20140613,24.06,24.08,24.05,24.08,27072
20140616,24.03,24.03,24.01,24.01,3289
20140617,23.95,23.97,23.95,23.96,1479
20140618,24.1,24.18,24.02,24.18,638
20140619,24.26,24.26,24.24,24.24,1000
20140620,24.27,24.31,24.25,24.26,19979
20140623,24.21,24.21,24.2,24.21,1162
20140624,24.22,24.23,24.14,24.15,7915
20140625,24.15,24.15,24.01,24.11,2501
20140626,24.03,24.17,24.03,24.17,3578
20140627,24.11,24.11,24.11,24.11,226
20140630,24.28,24.34,24.28,24.34,1388
20140701,24.46,24.51,24.46,24.51,1079
20140702,24.52,24.54,24.52,24.54,1596
20140703,24.58,24.61,24.58,24.61,1046
20140707,24.62,24.62,24.42,24.43,2375
20140708,24.43,24.43,24.2,24.21,2278
20140709,24.23,24.23,24.23,24.23,1927
20140710,23.8,23.95,23.79,23.95,4076
20140711,23.94,23.94,23.88,23.88,1193
20140714,24.08,24.08,24.08,24.08,11034
20140715,23.98,23.98,23.93,23.93,315
20140716,24.05,24.08,24.05,24.08,9675
20140717,24.04,24.04,23.88,23.89,2909
20140718,24.13,24.13,23.88,24.04,9430
20140721,23.89,23.95,23.84,23.95,6537
20140722,23.99,24.03,23.99,24,3331
20140723,24.1,24.12,24.1,24.12,6726
20140724,24.11,24.13,24.11,24.13,2601
20140725,24.07,24.07,24.07,24.07,730
20140728,24.17,24.17,24.12,24.13,6297
20140729,24.11,24.11,24.11,24.11,2683
20140730,23.93,23.94,23.92,23.94,2617
20140731,23.69,23.69,23.63,23.68,942
20140801,23.46,24.04,23.39,23.43,5136
20140804,23.25,23.54,23.25,23.54,5996
20140805,23.36,23.38,23.24,23.24,17574
20140806,23.09,23.2,23.09,23.2,11303
20140807,23.18,23.18,22.98,23.04,7631
20140808,23.08,23.08,23.03,23.07,1081
20140811,23.23,23.29,23.22,23.29,15091
20140812,23.28,23.31,23.24,23.31,23842
20140813,23.35,23.39,23.35,23.35,851
20140814,23.46,23.47,23.46,23.47,10311
20140815,23.43,23.5,23.39,23.5,14612
20140818,23.63,23.63,23.63,23.63,1361
20140819,23.74,23.78,23.72,23.74,628
20140820,23.7,23.72,23.7,23.72,314
20140821,23.82,23.89,23.82,23.89,18429
20140822,23.78,23.78,23.74,23.77,1017
20140826,23.8,23.8,23.8,23.8,209
20140827,23.9,23.9,23.87,23.87,1193
20140829,23.79,23.8,23.77,23.77,2162
20140902,23.66,23.66,23.65,23.65,9766
20140903,24.01,24.01,23.64,23.64,8554
20140904,23.63,23.63,23.57,23.57,997
20140905,23.46,23.49,23.46,23.49,1232
20140908,23.51,23.51,23.22,23.22,1215
20140909,23.13,23.17,23.13,23.16,2155
20140910,23.19,23.2,23.18,23.18,493
20140911,23.24,23.24,23.24,23.24,183
20140915,23.12,23.12,22.94,22.97,8221
20140916,23.07,23.1,23.07,23.1,1094
20140917,22.98,23.03,22.93,23,90216
20140919,22.92,22.92,22.92,22.92,105
20140922,22.7,22.73,22.7,22.72,11863
20140924,22.57,22.58,22.57,22.58,2719
20140925,22.41,22.42,22.33,22.34,2694
20140926,22.39,22.4,22.39,22.4,1679
20140929,22.18,22.18,22.18,22.18,666
20141002,21.96,21.96,21.64,21.69,3566
20141003,21.73,21.77,21.73,21.77,628
20141006,21.73,21.73,21.73,21.73,523
20141007,21.72,21.72,21.63,21.63,3472
20141008,21.45,21.75,21.45,21.75,1507
20141009,21.47,21.47,21.22,21.22,1360
20141010,21.18,21.18,20.97,20.97,5691
20141013,21.14,21.14,20.87,20.87,4320
20141014,20.88,20.88,20.88,20.88,450
20141015,20.71,20.77,20.47,20.59,3221
20141016,20.44,20.67,20.44,20.67,604
20141017,21.04,21.04,20.98,21.02,3452
20141021,21.23,21.47,21.23,21.45,3056
20141022,21.77,21.77,21.54,21.54,4736
20141023,21.76,21.76,21.63,21.63,496
20141024,21.64,21.67,21.62,21.63,977
20141027,21.59,21.64,21.55,21.63,2763
20141028,21.69,21.77,21.69,21.77,2935
20141029,21.86,21.87,21.74,21.76,2315
20141030,21.68,21.79,21.68,21.79,4961
20141031,21.89,22,21.89,22,2198
20141103,22.06,22.06,21.82,21.92,2240
20141104,21.74,21.74,21.54,21.6,2198
20141105,21.48,21.52,21.46,21.52,5318
20141106,21.39,21.43,21.38,21.42,9617
20141107,21.32,21.37,21.32,21.37,2568
20141110,21.56,21.6,21.56,21.58,3259
20141111,21.58,21.63,21.58,21.62,1115
20141112,21.36,21.46,21.36,21.42,11263
20141113,21.44,21.44,21.39,21.44,1782
20141114,21.39,21.42,21.39,21.42,3058
20141117,21.34,21.34,21.3,21.3,2155
20141118,21.51,21.51,21.51,21.51,1047
20141119,21.38,21.42,21.31,21.39,3758
20141120,21.33,21.37,21.32,21.34,1806
20141121,21.52,21.52,21.52,21.52,889
20141124,21.55,21.56,21.51,21.51,3663
20141125,21.56,21.61,21.56,21.61,2793
20141126,21.64,21.68,21.64,21.68,1363
20141128,21.54,21.54,21.4,21.4,4403
20141201,21.3,21.3,21.25,21.3,538
20141202,21.4,21.43,21.37,21.43,2939
20141203,21.6,21.6,21.45,21.51,2674
20141204,21.57,21.57,21.57,21.57,523
20141205,21.43,21.5,21.43,21.47,1235
20141208,21.35,21.35,21.24,21.24,2135
20141209,21.22,21.22,21.22,21.22,2823
20141210,21.13,21.15,21.13,21.15,3036
20141211,21.17,21.18,21.03,21.03,1940
20141212,21.02,21.02,20.92,20.95,1916
20141215,21.01,21.01,20.58,20.63,5087
20141216,20.81,20.81,20.69,20.71,3713
20141217,20.91,20.91,20.9,20.9,2169
20141218,21.06,21.19,21.06,21.19,1456
20141219,21.18,21.23,21.15,21.23,413
20141222,21.46,21.46,21.26,21.32,1891
20141223,21.26,21.32,21.25,21.27,2035
20141224,21.36,21.38,21.35,21.38,2931
20141226,21.31,21.44,21.31,21.41,1281
20141229,21.37,21.37,21.25,21.32,76342
20141230,21.25,21.28,21.15,21.15,16902
20141231,21.3,21.3,21.12,21.15,15684
20150102,21.31,21.31,21.15,21.15,15143
20150105,21.1,21.1,20.93,20.97,1501
20150106,20.96,20.96,20.81,20.88,1068
20150107,20.89,21.03,20.88,21.03,2595
20150108,21.07,21.12,21.07,21.12,845
20150109,21.07,21.14,21.01,21.14,11758
20150112,20.97,20.99,20.91,20.95,3353
20150113,21.16,21.16,20.88,20.93,5552
20150114,20.89,20.89,20.89,20.89,249
20150116,20.96,21.12,20.96,21.09,2376
20150121,21.06,21.12,21.03,21.12,5199
20150122,21.03,21.04,21.02,21.04,2957
20150123,20.95,20.97,20.91,20.91,3322
20150126,21.16,21.17,21.08,21.17,3915
20150127,21.13,21.13,21.11,21.11,4969
20150128,21.22,21.22,21.22,21.22,1864
20150129,21.12,21.24,21.12,21.2,2528
20150130,21.27,21.27,21.1,21.1,4005
20150202,21.31,21.34,21.25,21.29,12903
20150203,21.51,21.63,21.51,21.61,3473
20150204,21.54,21.54,21.54,21.54,1165
20150205,21.78,21.87,21.78,21.87,18381
20150206,21.5,21.5,21.5,21.5,103
20150209,21.65,21.65,21.53,21.55,10062
20150210,21.61,21.71,21.61,21.69,1955
20150211,21.56,21.57,21.56,21.57,1040
20150213,21.94,21.94,21.91,21.91,2169
20150217,22.15,22.18,22.15,22.18,3049
20150218,22.21,22.32,22.18,22.32,4212
20150219,22.3,22.31,22.28,22.31,2209
20150220,22.34,22.52,22.34,22.52,3012
20150223,22.41,22.41,22.34,22.39,5323
20150224,22.39,22.45,22.39,22.44,4540
20150225,22.5,22.53,22.49,22.51,3036
20150226,22.49,22.49,22.44,22.45,1056
20150227,22.51,22.54,22.51,22.51,2000
20150302,22.49,22.53,22.46,22.53,1090
20150303,22.5,22.5,22.42,22.49,5901
20150304,22.29,22.29,22.27,22.27,3196
20150305,22.37,22.39,22.37,22.39,2190
20150306,22.23,22.23,22.1,22.1,6559
20150309,22.09,22.16,22.09,22.14,2193
20150310,21.87,21.87,21.73,21.73,2304
20150311,21.72,21.74,21.67,21.71,2053
20150312,21.9,21.9,21.85,21.85,533
20150313,21.74,21.84,21.74,21.84,2529
20150316,21.98,22,21.98,21.98,3195
20150317,21.82,21.83,21.82,21.83,1370
20150318,22.2,22.2,22.16,22.19,1127
20150319,21.93,21.93,21.92,21.92,960
20150320,22.21,22.33,22.21,22.28,4200
20150323,22.55,22.57,22.47,22.57,2714
20150324,22.59,22.59,22.57,22.58,1638
20150325,22.56,22.56,22.56,22.56,699
20150326,22.25,22.27,22.25,22.27,1147
20150327,22.18,22.22,22.18,22.22,2509
20150330,22.22,22.24,22.22,22.24,2702
20150331,22.08,22.12,22.08,22.11,4326
20150401,22.17,22.17,22.07,22.11,5799
20150402,22.17,22.32,22.17,22.31,3020
20150406,22.66,22.66,22.61,22.62,4422
20150407,22.58,22.6,22.55,22.55,9047
20150408,22.65,22.82,22.62,22.69,4954
20150409,22.56,22.6,22.55,22.6,3177
20150410,22.6,22.61,22.6,22.61,723
20150413,22.54,22.54,22.48,22.5,3698
20150414,22.72,22.74,22.71,22.74,1708
20150415,22.74,22.87,22.74,22.87,310
20150416,22.94,23.08,22.94,23.04,3618
20150417,22.84,22.84,22.76,22.82,4934
20150420,22.66,22.76,22.66,22.75,4549
20150421,22.84,22.84,22.81,22.81,665
20150422,22.84,22.86,22.83,22.84,1074
20150423,23.13,23.13,23.1,23.1,568
20150424,23.29,23.3,23.23,23.26,5623
20150427,23.39,23.41,23.31,23.31,2475
20150428,23.47,23.47,23.47,23.47,207
20150429,23.31,23.38,23.31,23.33,2052
20150430,23.32,23.32,23.32,23.32,103
20150501,23.32,23.32,23.32,23.32,1446
20150504,23.39,23.42,23.38,23.42,2301
20150505,23.22,23.22,23.21,23.22,1234
20150506,23.33,23.33,23.22,23.23,13570
20150507,23.23,23.23,23.23,23.23,279
20150511,23.68,23.68,23.66,23.67,4139
20150512,23.67,23.7,23.65,23.65,1307
20150513,23.89,23.94,23.89,23.89,4003
20150514,24.07,24.11,24.07,24.11,939
20150515,24.07,24.19,24.06,24.19,5417
20150518,24.12,24.12,24.02,24.06,5515
20150519,23.91,23.91,23.83,23.84,4097
20150520,23.77,23.77,23.77,23.77,210
20150521,23.92,23.94,23.88,23.92,4022
20150522,23.81,23.83,23.81,23.82,1945
20150526,23.66,23.66,23.48,23.48,398
20150527,23.53,23.6,23.53,23.58,619
20150528,23.46,23.6,23.44,23.56,1875
20150529,23.46,23.47,23.46,23.47,1184
20150601,23.52,23.52,23.4,23.43,653
20150603,23.83,23.89,23.83,23.87,5402
20150604,23.64,23.64,23.53,23.6,11477
20150605,23.47,23.47,23.47,23.47,413
20150608,23.39,23.42,23.38,23.42,1527
20150609,23.4,23.42,23.39,23.41,4298
20150610,23.65,23.83,23.65,23.83,2066
20150611,23.85,23.85,23.8,23.83,1134
20150612,23.75,23.75,23.64,23.71,9302
20150615,23.53,23.56,23.51,23.56,3935
20150616,23.49,23.49,23.49,23.49,472
20150617,23.43,23.52,23.42,23.52,1090
20150618,23.79,23.82,23.6,23.6,3519
20150619,23.68,23.72,23.63,23.68,4712
20150622,23.89,23.89,23.84,23.84,455
20150623,23.83,23.86,23.81,23.82,2095
20150624,23.71,23.71,23.69,23.69,402
20150625,23.74,23.76,23.68,23.7,2695
20150626,23.66,23.69,23.64,23.68,2081
20150629,23.38,23.39,23.17,23.18,2613
20150630,23.28,23.28,23.19,23.22,876
20150701,23.45,23.45,23.29,23.29,765
20150702,23.2,23.21,23.2,23.21,1199
20150706,22.82,22.82,22.7,22.7,1752
20150707,22.55,22.65,22.42,22.59,13448
20150708,22.46,22.46,22.28,22.32,1296
20150710,22.8,22.92,22.8,22.89,5793
20150713,23,23,23,23,274
20150714,23.13,23.28,23.13,23.25,11841
20150715,23.17,23.19,23.17,23.17,1266
20150716,23.28,23.3,23.25,23.27,11713
20150717,23.17,23.18,23.16,23.17,3133
20150720,23.17,23.17,23.12,23.15,5594
20150721,23.16,23.18,23.14,23.15,4911
20150722,23.06,23.09,23.06,23.09,1296
20150723,23.15,23.17,23.02,23.05,12486
20150724,23.01,23.01,22.87,22.87,749
20150727,22.71,22.74,22.62,22.67,1499
20150728,22.79,22.94,22.78,22.92,6696
20150729,23.06,23.06,22.98,22.99,2640
20150730,22.8,22.92,22.8,22.89,4681
20150731,22.95,22.95,22.95,22.95,409
20150803,23.06,23.06,22.93,22.93,3264
20150804,22.9,22.9,22.83,22.85,2227
20150805,22.87,22.91,22.86,22.88,11508
20150806,22.83,22.83,22.8,22.83,306
20150807,22.65,22.74,22.65,22.74,628
20150810,23.04,23.04,23.04,23.04,204
20150811,22.88,22.9,22.8,22.9,4212
20150812,22.6,22.72,22.54,22.72,9192
20150813,22.74,22.8,22.66,22.77,4881
20150814,22.72,22.72,22.72,22.72,171
20150817,22.77,22.8,22.77,22.8,2378
20150819,22.54,22.54,22.54,22.54,216
20150820,22.13,22.17,22.13,22.14,3613
20150821,22.12,22.12,21.69,21.69,1695
20150824,20.68,21.4,20.68,20.98,26245
20150825,21.81,21.81,21.17,21.17,7783
20150826,21.6,21.6,21.49,21.49,1539
20150827,21.78,21.82,21.78,21.82,519
20150828,22,22.02,21.99,22.02,12803
20150831,22.03,22.03,21.95,21.96,1709
20150901,21.42,21.48,21.32,21.37,2105
20150902,21.7,21.7,21.55,21.58,1143
20150904,21.25,21.26,21.21,21.26,3116
20150908,21.74,21.74,21.63,21.73,5726
20150909,21.84,21.84,21.64,21.64,2288
20150910,21.71,21.88,21.71,21.88,393
20150911,21.83,21.83,21.83,21.83,1058
20150914,21.66,21.71,21.66,21.71,2476
20150915,21.72,21.89,21.72,21.89,4059
20150916,21.95,22.02,21.95,22.02,1116
20150917,22.07,22.07,22.07,22.07,835
20150921,21.9,21.9,21.79,21.81,1283
20150922,21.45,21.47,21.38,21.47,3232
20150923,21.39,21.39,21.34,21.35,1657
20150924,21.15,21.28,21.11,21.28,589
20150928,21.3,21.3,21.27,21.27,2768
20150930,21.32,21.36,21.32,21.36,5796
20151001,21.38,21.48,21.38,21.48,664
20151005,22.07,22.07,22.07,22.07,263
20151007,22.42,22.42,22.38,22.38,6201
20151008,22.38,22.62,22.37,22.62,3467
20151009,22.61,22.61,22.61,22.61,102
20151014,22.6,22.6,22.6,22.6,2633
20151015,23.07,23.08,23.07,23.08,1412
20151016,23.07,23.07,22.87,22.88,2509
20151019,22.76,22.82,22.71,22.77,8438
20151020,22.83,22.85,22.83,22.85,1922
20151021,23.13,23.13,22.89,22.9,2983
20151022,23.06,23.06,23.06,23.06,102
20151026,22.98,22.98,22.97,22.97,534
20151027,22.76,22.76,22.72,22.75,1777
20151028,22.94,22.94,22.68,22.82,1500
20151029,22.7,22.76,22.68,22.75,988
20151030,22.77,22.77,22.73,22.73,2494
20151102,22.88,22.92,22.88,22.92,981
20151103,22.94,23,22.94,23,394
20151104,22.99,22.99,22.93,22.97,3757
20151105,22.99,23.04,22.98,23.04,8824
20151106,22.82,22.83,22.78,22.83,7832
20151109,22.74,22.74,22.58,22.62,7093
20151111,22.7,22.7,22.68,22.68,2600
20151112,22.54,22.54,22.45,22.45,441
20151113,22.31,22.44,22.31,22.44,2150
20151116,22.54,22.57,22.54,22.57,588
20151117,22.61,22.66,22.57,22.61,1271
20151118,22.63,22.73,22.52,22.73,3479
20151119,22.86,22.86,22.76,22.8,2677
20151120,22.87,22.87,22.81,22.81,1359
20151123,22.81,22.81,22.7,22.7,659
20151124,22.56,22.66,22.56,22.66,6824
20151125,22.6,22.69,22.59,22.68,4551
20151127,22.57,22.6,22.57,22.59,408
20151130,22.67,22.71,22.65,22.68,3010
20151201,22.98,22.98,22.98,22.98,2241
20151202,22.98,22.98,22.76,22.76,7345
20151203,22.99,23,22.87,22.88,1732
20151204,23.03,23.17,23.03,23.17,3704
20151207,22.86,22.89,22.76,22.81,11078
20151208,22.65,22.65,22.59,22.64,2533
20151209,22.58,22.58,22.44,22.48,1234
20151210,22.63,22.63,22.63,22.63,2531
20151211,22.19,22.19,22.19,22.19,746
20151214,22.16,22.36,22.16,22.31,5301
20151215,22.51,22.51,22.51,22.51,1609
20151216,22.53,22.71,22.48,22.71,2057
20151217,22.4,22.41,22.4,22.41,1360
20151218,22.25,22.32,22.25,22.31,2327
20151221,22.26,22.3,22.23,22.3,4802
20151222,22.5,22.52,22.41,22.5,2829
20151223,22.7,22.7,22.7,22.7,620
20151224,22.64,22.68,22.6,22.67,4324
20151228,22.59,22.62,22.59,22.62,6088
20151229,22.83,22.89,22.83,22.89,1463
20151230,22.71,22.75,22.71,22.75,4771
20151231,22.5,22.56,22.46,22.53,5583
20160104,22.26,22.28,22.19,22.28,1646
20160105,22.27,22.34,22.26,22.33,2198
20160106,21.79,21.94,21.79,21.91,5263
20160107,21.7,21.7,21.44,21.47,32841
20160108,21.56,21.57,21.28,21.28,5888
20160111,21.28,21.29,21.28,21.29,3566
20160112,21.29,21.37,21.29,21.37,1328
20160113,21.36,21.36,21.36,21.36,146
20160114,20.95,21.14,20.92,21.03,11572
20160115,20.6,20.66,20.4,20.48,13768
20160119,20.63,20.68,20.48,20.51,10748
20160121,20.29,20.34,20.29,20.33,2234
20160122,20.62,20.84,20.62,20.78,12011
20160125,20.81,20.81,20.81,20.81,264
20160126,21.04,21.07,21.04,21.07,1672
20160127,21.08,21.17,21.07,21.07,2007
20160128,21.07,21.07,21.07,21.07,223
20160129,21.19,21.33,21.17,21.32,4261
20160201,21.27,21.46,21.27,21.46,2417
20160202,21.23,21.23,21.07,21.07,3128
20160203,21.29,21.4,21.29,21.4,7489
20160204,21.29,21.37,21.29,21.37,4428
20160205,21.15,21.15,21.15,21.15,280
20160208,20.81,20.81,20.6,20.77,1892
20160209,20.39,20.56,20.39,20.56,3916
20160210,20.62,20.62,20.51,20.51,957
20160211,20.33,20.38,20.33,20.36,3161
20160212,20.4,20.58,20.4,20.56,9888
20160216,20.65,20.65,20.65,20.65,202
20160217,21.1,21.1,21.1,21.1,1898
20160218,21.29,21.29,21.26,21.26,1009
20160219,21.1,21.17,21.1,21.16,5580
20160222,21.38,21.4,21.35,21.36,4330
20160223,21.22,21.22,21.09,21.11,4030
20160224,20.97,21.18,20.97,21.18,5724
20160225,21.34,21.44,21.3,21.44,1316
20160229,21.41,21.46,21.38,21.38,629
20160301,21.82,21.85,21.82,21.85,1021
20160302,21.71,21.74,21.69,21.74,2740
20160304,22.49,22.49,22.43,22.43,713
20160307,22.33,22.33,22.33,22.33,962
20160308,22.29,22.29,22.21,22.21,5744
20160309,22.25,22.25,22.24,22.24,263
20160310,22.18,22.26,22.18,22.26,2754
20160311,22.71,22.71,22.71,22.71,109
20160314,22.68,22.68,22.68,22.68,301
20160315,22.5,22.5,22.45,22.5,1276
20160316,22.52,22.84,22.52,22.84,621
20160317,22.94,23,22.94,22.98,782
20160318,23.01,23.01,23.01,23.01,139
20160321,23.05,23.05,23.04,23.04,884
20160322,23.01,23.01,23.01,23.01,808
20160323,22.68,22.68,22.68,22.68,516
20160324,22.49,22.52,22.49,22.52,698
20160328,22.65,22.65,22.58,22.6,3567
20160329,22.59,22.83,22.59,22.83,840
20160330,23.05,23.05,23.05,23.05,839
20160331,22.99,22.99,22.87,22.91,8092
20160401,22.72,22.72,22.7,22.7,587
20160404,22.78,22.78,22.69,22.69,517
20160405,22.25,22.25,22.25,22.25,104
20160406,22.34,22.39,22.34,22.39,582
20160407,22.49,22.49,22.37,22.37,2273
20160408,22.77,22.8,22.76,22.76,1512
20160411,22.76,22.92,22.76,22.89,7426
20160412,23.1,23.1,23.1,23.1,393
20160414,23.25,23.25,23.23,23.23,497
20160415,23.22,23.22,23.16,23.16,658
20160418,23.3,23.3,23.3,23.3,433
20160420,23.88,23.88,23.81,23.81,955
20160421,23.75,23.75,23.51,23.65,118698
20160422,23.71,23.71,23.66,23.71,1040
20160425,23.57,23.57,23.53,23.53,1111
20160426,23.56,23.57,23.56,23.57,1073
20160427,23.66,23.78,23.66,23.78,3957
20160429,23.51,23.51,23.51,23.51,843
20160502,23.8,23.83,23.79,23.83,680
20160503,23.7,23.7,23.53,23.55,1887
20160504,23.37,23.37,23.37,23.37,106
20160505,23.31,23.31,23.31,23.31,607
20160506,23.51,23.51,23.51,23.51,619
20160509,23.53,23.53,23.44,23.47,1930
20160510,23.58,23.65,23.58,23.65,1241
20160511,23.68,23.71,23.68,23.71,202
20160512,23.68,23.68,23.68,23.68,505
20160513,23.55,23.55,23.5,23.5,1049
20160516,23.59,23.67,23.58,23.67,1707
20160517,23.67,23.67,23.57,23.6,4009
20160518,23.51,23.61,23.45,23.48,2913
20160519,23.3,23.32,23.3,23.3,404
20160520,23.56,23.56,23.51,23.51,274
20160523,23.71,23.71,23.71,23.71,101
20160524,23.81,23.83,23.78,23.78,1163
20160525,23.96,23.96,23.95,23.95,2749
20160526,24.11,24.12,23.98,24.04,10999
20160531,23.93,23.95,23.89,23.89,2790
20160601,23.9,23.9,23.9,23.9,246
20160602,23.95,23.97,23.95,23.95,1334
20160603,24.27,24.29,24.27,24.29,1162
20160606,24.37,24.47,24.37,24.46,936
20160607,24.64,24.68,24.64,24.68,891
20160608,24.81,24.81,24.76,24.78,1277
20160609,24.71,24.73,24.71,24.73,605
20160610,24.14,24.14,23.96,23.96,749
20160613,23.68,23.69,23.65,23.65,1190
20160614,23.3,23.3,23.16,23.16,481
20160615,23.34,23.47,23.33,23.34,2476
20160616,23.15,23.15,23.12,23.12,729
20160617,23.29,23.44,23.29,23.44,932
20160620,23.92,24,23.85,23.87,3714
20160621,23.85,23.8999,23.85,23.8999,1100
20160622,23.7452,23.7452,23.69,23.69,364
20160623,24.14,24.2,24.12,24.13,825
20160624,22.77,23.1499,22.77,22.844,7086
20160627,22.47,22.47,22.21,22.21,4619
20160628,22.736,22.736,22.5811,22.686,2535
20160629,23.05,23.05,23.01,23.01,251
20160630,23.2299,23.2299,23.2299,23.2299,714
20160701,23.39,23.47,23.39,23.47,325
20160705,23.084,23.084,23.084,23.084,1342
20160706,23.13,23.1688,23.1,23.1688,3207
20160708,23.3501,23.46,23.34,23.419,3779
20160711,23.722,23.7678,23.722,23.76,4891
20160712,23.89,23.9199,23.75,23.8601,3852
20160718,23.75,23.785,23.75,23.785,3392
20160719,23.7052,23.7279,23.4501,23.5108,160918
20160720,23.7456,23.7456,23.7456,23.7456,861
20160721,23.56,23.57,23.5499,23.5499,432
20160722,23.53,23.54,23.53,23.53,400
20160725,23.58,23.58,23.58,23.58,517
20160726,23.72,23.72,23.72,23.72,688
20160727,23.78,23.84,23.78,23.84,400
20160728,23.968,23.968,23.968,23.968,958
20160729,24.348,24.39,24.3401,24.39,2580
20160801,24.28,24.28,24.205,24.2233,9001
20160802,24.1953,24.1953,24.1953,24.1953,400
20160803,24.03,24.05,23.99,24.05,1429
20160804,24.176,24.176,24.176,24.176,100
20160805,24.19,24.21,24.19,24.21,982
20160808,24.1523,24.1523,24.05,24.08,25420
20160809,24.24,24.33,24.24,24.3,76443
20160810,24.47,24.48,24.42,24.421,11648
20160811,24.54,24.599,24.54,24.59,5121
20160812,24.65,24.6501,24.58,24.609,4316
20160815,24.6453,24.6453,24.61,24.614,3264
20160816,24.655,24.655,24.61,24.62,16814
20160817,24.42,24.5932,24.42,24.54,1428
20160818,24.62,24.64,24.46,24.515,41300
20160819,24.68,24.6952,24.67,24.67,212318
20160822,24.66,24.66,24.59,24.59,5203
20160823,24.6201,24.65,24.58,24.58,10964
