Date,Open,High,Low,Close,Volume
20110329,40.01,40.2,40.01,40.16,14500
20110330,40.31,40.31,40.1,40.1,19920
20110331,40,40.11,40,40.104,33840
20110401,40.14,40.21,40.05,40.05,22200
20110404,39.82,39.91,39.8,39.82,31200
20110405,39.94,39.94,39.79,39.79,6400
20110406,39.97,39.99,39.95,39.99,640
20110408,40.09,40.15,39.91,39.97,43100
20110411,40.12,40.15,39.98,40.05,21200
20110413,39.94,39.99,39.74,39.82,24800
20110414,39.81,39.92,39.81,39.81,37160
20110415,39.91,39.91,39.72,39.72,470
20110418,39.77,39.82,39.61,39.69,27600
20110420,39.59,39.61,39.5,39.56,13000
20110421,39.49,39.62,39.49,39.62,5200
20110425,39.56,39.56,39.39,39.41,15800
20110426,39.4,39.42,39.4,39.42,640
20110427,39.37,39.4,39.37,39.4,4000
20110428,39.32,39.35,39.15,39.15,11800
20110429,39.12,39.22,39.12,39.22,38200
20110504,39.09,39.09,38.98,38.99,1360
20110505,38.89,38.89,38.89,38.89,100
20110506,38.92,38.92,38.79,38.79,230
20110509,38.82,38.82,38.82,38.82,100
20110510,38.86,38.86,38.86,38.86,100
20110511,38.9,38.97,38.9,38.97,400
20110512,39,39,39,39,200
20110513,38.79,38.79,38.79,38.79,200
20110516,38.76,38.76,38.75,38.75,200
20110519,38.74,38.783,38.74,38.778,400
20110520,38.76,38.76,38.76,38.76,100
20110524,38.72,38.72,38.71,38.71,200
20110527,38.58,38.58,38.58,38.58,350
20110606,38.51,38.51,38.51,38.51,800
20110608,38.64,38.64,38.5,38.5,8520
20110609,38.5,38.66,38.5,38.66,400
20110610,38.7,38.7,38.5,38.55,3600
20110615,38.55,38.55,38.55,38.55,200
20110630,38.98,38.98,38.98,38.98,200
20110706,38.66,38.66,38.66,38.66,600
20110729,38.07,38.11,37.71,37.71,11500
20110802,37.5,37.5,37.4,37.4,300
20110804,37.29,37.31,37.29,37.31,600
20110808,37.87,37.94,37.78,37.894,1870
20110809,37.87,37.87,37.6,37.6,850
20110811,38,38,37.99,37.99,400
20110812,37.6,37.6,37.6,37.6,100
20110816,37.68,37.68,37.48,37.49,820
20110818,36.02,36.98,36.02,36.98,10000
20110819,36.97,37.19,36.97,37.19,400
20110822,37.22,37.22,37.22,37.22,100
20110823,37.65,37.65,37.65,37.65,130
20110824,37.92,38.27,37.92,38.25,450
20110825,38.17,38.17,37.9,37.99,800
20110826,37.97,37.98,37.97,37.98,2000
20110830,37.59,37.59,37.59,37.59,290
20110901,37.36,37.36,37.36,37.36,100
20110902,37.24,37.24,37.24,37.24,500
20110906,37.09,37.09,36.82,36.82,600
20110908,37.15,37.15,37.08,37.08,710
20110909,36.89,36.89,36.89,36.89,100
20110912,37.15,37.2,37.09,37.09,600
20110913,37.36,37.36,37.24,37.36,700
20110914,37.1,37.16,37.1,37.16,600
20110915,37.22,37.22,37.22,37.22,200
20110916,37.25,37.25,37.25,37.25,6500
20110920,37,37.06,37,37.05,8100
20110922,36.88,36.88,36.88,36.88,10000
20110923,36.88,36.88,36.88,36.88,100
20110930,37.36,37.37,37.3583,37.3583,1500
20111003,37.31,37.45,37.29,37.4284,3000
20111004,37.41,37.81,37.3866,37.8,8000
20111007,37.6,37.61,37.6,37.61,1520
20111010,37.83,37.94,37.8,37.8,6300
20111012,37.55,37.55,37.55,37.55,2000
20111025,36.68,36.68,36.68,36.68,1000
20111027,36.4,36.53,36.4,36.52,1200
20111107,38.25,38.25,36.18,36.18,200
20111111,36.89,36.89,36.89,36.89,110
20111114,36.72,36.78,36.72,36.78,460
20111116,36.74,36.74,36.74,36.74,100
20111117,37.14,37.26,37.14,37.26,2900
20111118,37.23,37.31,37.12,37.12,500
20111121,37.29,37.42,37.29,37.39,3200
20111122,37.4478,37.4567,37.23,37.23,2500
20111123,38.33,38.33,37.28,37.68,5030
20111125,37.75,37.9,37.75,37.9,2520
20111128,37.9,37.96,37.7,37.7,2950
20111129,37.59,37.84,37.59,37.79,5300
20111130,37.59,37.65,37.59,37.65,300
20111201,37.46,37.56,37.46,37.56,200
20111206,37.09,37.17,37.02,37.125,30320
20111207,36.89,36.89,36.84,36.84,1600
20111209,37.06,37.06,37.018,37.018,550
20111212,37.06,37.06,37.06,37.06,330
20111213,36.96,36.96,36.7,36.7,210
20111215,36.66,36.66,36.66,36.66,1470
20111216,36.48,36.48,36.44,36.44,1550
20111219,36.35,36.5,36.35,36.42,1480
20111220,36.43,36.43,36.43,36.43,460
20111221,36.56,36.56,36.5599,36.56,400
20111222,36.52,36.52,36.25,36.28,6500
20111227,36.58,36.58,36.58,36.58,800
20111228,36.64,36.64,36.308,36.44,450
20120103,36.1,36.1,36.09,36.09,740
20120105,36.29,36.29,36.29,36.29,250
20120109,36.14,36.14,36.14,36.14,440
20120112,35.87,35.9,35.87,35.9,200
20120113,35.9,35.9,35.9,35.9,100
20120118,35.69,35.69,35.69,35.69,100
20120119,35.85,35.85,35.77,35.77,400
20120120,35.91,35.91,35.91,35.91,100
20120123,35.99,35.99,35.99,35.99,100
20120126,35.48,35.49,35.48,35.49,15650
20120203,35.08,35.19,35.08,35.14,400
20120206,34.85,35.07,34.33,34.62,11100
20120209,35.24,35.24,35.24,35.24,100
20120224,34.85,34.8568,34.58,34.72,2950
20120228,34.63,34.69,34.54,34.69,750
20120229,34.73,34.73,34.73,34.73,100
20120301,34.73,34.85,34.73,34.85,12800
20120306,34.86,34.91,34.86,34.89,400
20120308,34.91,34.93,34.91,34.93,300
20120312,34.9,34.9,34.9,34.9,150
20120313,34.95,35.07,34.95,35.07,500
20120314,35.13,35.44,35.13,35.44,1500
20120315,35.46,35.53,35.46,35.53,300
20120316,35.59,35.62,35.47,35.47,620
20120319,35.49,35.6,35.45,35.6,1760
20120320,35.64,35.66,35.64,35.66,200
20120323,35.35,35.35,35.35,35.35,100
20120328,35.08,35.2,35.08,35.2,200
20120403,35.19,35.43,35.19,35.43,1600
20120404,35.21,35.21,35.21,35.21,150
20120409,35.09,35.09,35.01,35.01,200
20120410,35.04,35.04,35.04,35.04,100
20120411,35.25,35.25,34.94,34.98,600
20120412,34.93,34.93,34.93,34.93,200
20120413,34.81,34.8101,34.7973,34.7973,1360
20120425,34.96,34.96,34.79,34.79,250
20120501,34.59,34.59,34.59,34.59,200
20120510,34.46,34.46,34.46,34.46,100
20120517,34.54,34.5499,34.5399,34.5399,970
20120518,34.67,34.76,34.67,34.672,1100
20120521,34.92,34.92,34.92,34.92,100
20120529,34.55,34.64,34.47,34.64,4100
20120530,34.4,34.4,34.4,34.4,4200
20120601,34.28,34.28,34.25,34.25,3000
20120604,34.29,34.42,34.29,34.42,2000
20120605,34.54,34.54,34.4925,34.4925,200
20120606,34.55,34.63,34.44,34.44,560
20120607,34.58,34.58,34.42,34.42,1350
20120618,34.23,34.23,34.23,34.23,300
20120620,34.16,34.16,34.16,34.16,520
20120628,34,34.17,34,34.01,5200
20120706,33.52,33.61,33.52,33.61,400
20120712,33.44,33.44,33.44,33.44,300
20120719,33.05,33.05,33,33.04,2200
20120723,33.03,33.03,33.03,33.03,300
20120727,33.18,33.18,33.14,33.14,200
20120802,32.62,32.64,32.62,32.64,1880
20120803,33.07,33.18,33.07,33.18,300
20120808,33.15,33.15,33.15,33.15,100
20120809,33.2,33.23,33.2,33.23,1200
20120814,33.28,33.69,33.28,33.38,2100
20120815,33.35,33.49,33.35,33.49,2200
20120816,33.54,33.72,33.54,33.72,1700
20120820,33.37,33.37,33.37,33.37,200
20120831,32.9,33.24,32.9,33.13,1800
20120905,33.04,33.1,33.02,33.1,18340
20120906,33.16,33.46,33.14,33.16,7380
20120907,33.12,33.12,33.12,33.12,1000
20120913,33.01,33.08,32.99,33.06,4150
20120914,33.32,33.34,32.9,32.91,7600
20120919,32.65,32.7,32.59,32.61,4470
20120920,32.65,32.68,32.62,32.62,2300
20120921,32.73,32.73,32.63,32.63,4320
20120924,32.63,32.63,32.56,32.63,1340
20120925,32.6,32.6,32.6,32.6,200
20120926,32.51,32.51,32.43,32.43,3600
20120927,32.4,32.4,32.3,32.3,200
20120928,32.94,32.94,32.94,32.94,100
20121001,32.31,32.3101,32.31,32.3101,600
20121002,32.15,32.15,32.07,32.15,1800
20121010,32.36,32.39,32.36,32.39,1000
20121011,31.91,31.91,31.89,31.89,2000
20121015,31.77,31.77,31.73,31.73,1050
20121016,31.97,31.97,31.97,31.97,100
20121018,32.07,32.07,32.07,32.07,200
20121022,31.85,32.11,31.85,32.11,1500
20121024,32.02,32.14,32.02,32.14,500
20121025,32.22,32.22,32.17,32.2,300
20121026,32.11,32.11,32.11,32.11,300
20121031,31.65,31.65,31.65,31.65,4840
20121101,31.73,31.73,31.66,31.66,700
20121102,31.95,31.95,31.95,31.95,100
20121106,31.99,31.99,31.99,31.99,100
20121107,32.01,32.06,32.01,32.06,500
20121108,32.09,32.12,32.09,32.12,200
20121109,32.16,32.18,32.16,32.18,200
20121113,32.14,32.14,32.14,32.14,100
20121115,32.16,32.16,32.02,32.14,1040
20121127,31.86,31.86,31.8599,31.8599,1000
20121129,31.99,31.99,31.99,31.99,160
20121205,31.73,31.73,31.73,31.73,770
20121210,31.94,31.94,31.94,31.94,100
20121211,31.97,32.04,31.97,32.04,600
20121212,32.04,32.11,32.04,32.11,2100
20121213,32.14,32.18,32.1399,32.18,8400
20121214,32.0199,32.0602,31.98,32.0601,7700
20121218,32.24,32.25,32.23,32.25,3900
20121219,32.15,32.15,32.15,32.15,9000
20121224,32.51,32.51,32.14,32.14,200
20121226,31.95,31.96,31.95,31.96,2700
20121231,31.98,31.98,31.85,31.9,2200
20130102,32.02,32.02,32,32,830
20130103,32.08,32.19,32.08,32.19,600
20130104,32.21,32.24,32.09,32.18,1400
20130107,32.1,32.14,32.05,32.05,840
20130109,31.98,32.07,31.98,32.07,200
20130110,31.96,31.96,31.96,31.96,860
20130111,32,32,32,32,1000
20130114,32.05,32.05,31.85,31.97,300
20130117,32.18,32.21,32.17,32.19,1450
20130118,31.89,31.8935,31.89,31.8935,250
20130124,31.9,31.91,31.9,31.91,600
20130125,32.03,32.12,32.03,32.12,1570
20130128,32.28,32.28,32.2,32.2,500
20130130,32.43,32.52,32.36,32.36,2700
20130131,32.19,32.4,32.19,32.3588,1210
20130201,32.37,32.6,32.37,32.57,5100
20130204,32.47,32.48,32.47,32.48,1400
20130205,32.54,32.54,32.54,32.54,100
20130206,32.5,32.5,32.33,32.33,880
20130208,32.43,32.81,32.32,32.8,2310
20130211,32.33,32.33,32.32,32.32,350
20130212,32.3,32.3,32.1,32.1,1560
20130213,32.21,32.57,32.21,32.55,500
20130215,32.21,32.22,32.17,32.17,3850
20130219,32.15,32.16,32.15,32.16,1700
20130220,32.2201,32.2201,32.176,32.2199,1600
20130221,32.03,32.03,31.87,31.87,3970
20130222,32,32,31.99,31.99,1000
20130225,32.24,32.24,31.85,31.85,2190
20130226,31.86,31.86,31.86,31.86,200
20130227,31.93,31.94,31.8,31.94,940
20130306,32.03,32.03,31.93,31.93,400
20130307,32.07,32.07,32.07,32.07,200
20130308,32.12,32.26,32.12,32.17,4200
20130311,32.24,32.24,32.11,32.11,600
20130312,32.15,32.15,32.15,32.15,100
20130315,32.19,32.19,32.1,32.15,1250
20130318,32,32,32,32,5000
20130319,31.98,31.98,31.98,31.98,270
20130320,31.93,32,31.93,31.992,2580
20130321,32,32,32,32,2500
20130325,31.95,31.95,31.92,31.93,540
20130326,32.07,32.07,32.07,32.07,1300
20130328,31.84,31.903,31.78,31.78,640
20130401,31.82,31.82,31.82,31.82,2400
20130402,31.96,31.96,31.96,31.96,100
20130403,31.8,31.85,31.8,31.85,700
20130404,31.69,31.69,31.5301,31.55,5140
20130409,31.29,31.35,31.29,31.35,400
20130410,31.41,31.4299,31.41,31.4299,450
20130411,31.39,31.54,31.29,31.54,2270
20130419,31.36,31.36,31.328,31.35,1000
20130425,30.98,30.9801,30.98,30.9801,500
20130503,31.02,31.02,31.02,31.02,150
20130506,31.14,31.14,31.14,31.14,100
20130508,31.2,31.2,31.19,31.19,9300
20130509,31.16,31.23,31.11,31.19,39800
20130510,31.49,31.49,31.49,31.49,300
20130514,31.49,31.49,31.49,31.49,350
20130515,31.55,31.55,31.55,31.55,500
20130516,31.32,31.39,31.32,31.39,880
20130520,31.57,31.57,31.57,31.57,170
20130521,31.27,31.27,31.27,31.27,100
20130522,31.3601,31.6499,31.36,31.6499,1040
20130523,31.67,31.76,31.53,31.71,770
20130528,31.76,31.86,31.76,31.86,820
20130529,32.03,32.03,31.9,32.01,1490
20130530,31.99,31.99,31.99,31.99,100
20130531,32.02,32.02,32.02,32.02,200
20130603,32.05,32.3,32.05,32.28,2820
20130604,32.35,32.35,32.3,32.34,1580
20130605,32.38,32.38,32.36,32.36,1150
20130606,32.48,32.49,32.35,32.36,7080
20130607,32.26,32.52,32.26,32.52,610
20130610,34.71,35.02,32.55,32.69,10890
20130611,32.89,32.98,32.65,32.65,8730
20130612,32.84,32.95,32.71,32.95,4350
20130613,32.89,32.89,32.6,32.77,2610
20130614,33.05,33.47,32.3,32.31,8850
20130617,32.2501,32.381,32.2501,32.38,3020
20130618,32.46,32.46,32.46,32.46,400
20130619,32.5,33.01,32.49,33.01,3360
20130620,33.75,33.75,33.18,33.48,9450
20130621,33.35,33.94,33.35,33.86,4100
20130624,34.3,34.48,33.9,33.9,13660
20130625,33.49,33.6,33,33.53,3050
20130626,33.17,33.66,33.1,33.66,8320
20130627,32.95,33.35,32.9,32.913,6200
20130628,33.47,33.53,33.02,33.02,1850
20130701,32.8,33.32,32.74,33.31,4600
20130702,33.14,33.18,33.14,33.18,470
20130703,32.83,32.83,32.83,32.83,250
20130705,33.78,33.81,33.5,33.72,25350
20130708,33.64,33.64,33.64,33.64,200
20130709,33.38,33.38,32.99,32.99,1340
20130710,32.47,32.47,32.47,32.47,110
20130711,32.86,32.86,32.28,32.28,630
20130712,33.13,33.3,32.31,32.68,2000
20130715,32.63,32.63,32.63,32.63,510
20130717,32.78,32.78,32.78,32.78,100
20130722,32.27,32.3018,32.22,32.3018,1790
20130723,32.5,32.65,32.5,32.65,920
20130724,32.76,32.76,32.76,32.76,480
20130725,32.88,32.88,32.88,32.88,870
20130726,32.81,32.81,32.81,32.81,270
20130729,32.84,32.87,32.84,32.87,900
20130730,33.12,33.12,32.79,32.79,200
20130731,32.86,32.86,32.86,32.86,100
20130801,32.86,33.1,32.86,33.05,1060
20130802,32.86,32.99,32.86,32.99,850
20130805,32.99,32.99,32.79,32.79,350
20130806,33.06,33.06,33.06,33.06,100
20130808,32.91,32.91,32.91,32.91,300
20130809,32.93,33,32.77,33,2030
20130812,32.82,32.85,32.82,32.85,900
20130813,33.16,33.16,33.16,33.16,900
20130816,33.24,33.49,33.24,33.49,600
20130819,33.66,33.76,33.66,33.75,9330
20130820,33.66,33.66,33.36,33.53,6700
20130821,33.53,33.53,33.37,33.42,2880
20130822,33.389,33.771,33.3166,33.3212,1540
20130823,33.46,33.46,33.46,33.46,450
20130826,33.9,34,33.26,33.26,2770
20130827,33.31,33.31,33.16,33.16,660
20130828,33.27,33.27,33.13,33.14,1440
20130829,32.99,32.99,32.94,32.94,22140
20130830,33.08,33.1926,33.08,33.082,1470
20130903,33.28,33.46,33.28,33.46,1200
20130904,33.25,33.25,33.07,33.19,15000
20130905,33.4,33.68,33.33,33.68,2100
20130906,33.52,33.53,33.35,33.42,19200
20130909,33.52,33.52,33.28,33.45,3630
20130910,33.66,33.66,33.44,33.51,16100
20130911,33.64,33.65,33.25,33.25,16320
20130912,33.45,33.54,33.45,33.51,1100
20130913,33.35,33.58,33.33,33.35,17600
20130916,33.55,33.55,33.3,33.3,700
20130917,33.5,33.55,33.24,33.32,15300
20130918,33.36,33.4,32.45,32.48,34340
20130919,32.68,32.78,32.68,32.77,8440
20130923,33.02,33.02,32.91,32.91,7190
20130924,32.92,32.92,32.68,32.68,2600
20130925,32.56,32.56,32.56,32.56,340
20130926,32.56,32.56,32.56,32.56,450
20131001,32.99,32.991,32.95,32.97,1650
20131002,32.8,32.8,32.7688,32.7688,760
20131003,32.56,32.8,32.48,32.48,23700
20131004,32.6,32.85,32.52,32.52,55450
20131007,32.4,32.66,32.2,32.45,17960
20131008,32.52,32.69,32.45,32.45,3900
20131009,32.5,32.65,32.49,32.49,1510
20131010,32.7,32.82,32.49,32.49,1600
20131011,32.5,32.61,32.4,32.43,5420
20131015,32.59,32.59,32.32,32.42,18200
20131016,32.48,32.63,32.47,32.47,3700
20131017,32.25,32.25,32,32.01,4070
20131018,32,32.004,31.98,31.98,500
20131021,32.03,32.064,32.03,32.06,950
20131022,31.9,32.05,31.81,31.83,11000
20131023,31.8,31.98,31.78,31.81,11050
20131024,32.04,32.04,31.83,31.85,17900
20131025,32.08,32.08,31.84,31.84,3900
20131028,31.85,32.14,31.79,31.79,36890
20131029,32.07,32.07,31.77,31.77,5050
20131030,32.06,32.06,31.57,31.9,9700
20131031,32.12,32.12,32.12,32.12,2190
20131101,32.09,32.09,32.09,32.09,500
20131105,32.1,32.29,32.08,32.15,1170
20131107,32.15,32.19,32.07,32.19,1260
20131108,32.29,32.47,32.27,32.47,1600
20131111,32.67,32.73,32.62,32.64,2200
20131112,32.77,32.77,32.52,32.64,1990
20131113,32.65,32.65,32.33,32.33,2100
20131114,32.16,32.18,32.12,32.18,1610
20131115,32.39,32.39,32.05,32.05,3100
20131118,32.18,32.19,31.95,32.01,3880
20131119,32.01,32.19,32.01,32.11,700
20131120,32.15,32.32,32.15,32.32,390
20131121,32.46,32.46,32.46,32.46,100
20131126,32.1,32.1,32.1,32.1,390
20131127,32.14,32.14,32.07,32.07,900
20131129,32.2,32.2,32.2,32.2,150
20131203,32.09,32.09,31.99,32.03,22900
20131204,32.1,32.25,32.05,32.21,28600
20131205,32.26,32.3,32.16,32.3,9400
20131206,32.24,32.24,32.02,32.02,9000
20131209,32.22,32.22,31.97,31.97,51400
20131210,32.08,32.2,31.82,31.82,8200
20131211,32.06,32.07,31.96,31.98,5100
20131212,32.12,32.12,32.01,32.01,7600
20131213,32.14,32.14,31.88,31.91,8060
20131216,32.02,32.9,31.83,31.89,34100
20131217,32.01,32.01,31.91,31.95,13200
20131218,31.96,32.02,31.75,31.8,7700
20131219,31.94,32.03,31.91,31.96,5100
20131220,31.95,31.955,31.72,31.81,33800
20131223,32.37,32.37,32.37,32.37,600
20131224,31.74,31.87,31.71,31.82,500
20131226,31.89,31.89,31.78,31.8,3500
20131227,31.78,31.78,31.78,31.78,380
20131230,31.78,31.78,31.78,31.78,270
20131231,32.03,32.03,32.03,32.03,470
20140102,31.73,31.73,31.7,31.7,690
20140103,31.64,31.64,31.64,31.64,100
20140107,31.59,31.59,31.49,31.49,260
20140110,31.61,31.61,31.45,31.45,3600
20140113,31.31,31.359,31.31,31.31,1800
20140115,31.62,31.62,31.55,31.55,500
20140116,31.45,31.45,31.39,31.402,2200
20140117,31.57,31.57,31.57,31.57,4100
20140121,31.48,31.48,31.41,31.41,1720
20140122,31.54,31.54,31.54,31.54,250
20140124,31.5,31.5,31.5,31.5,400
20140127,31.38,31.38,31.38,31.38,350
20140129,31.3,31.3,31.3,31.3,1000
20140130,31.28,31.28,31.28,31.28,100
20140206,31.22,31.26,31.2,31.26,1650
20140210,31.13,31.13,31.13,31.13,110
20140211,31.08,31.08,31.08,31.08,200
20140218,30.91,30.91,30.9,30.9,380
20140221,30.98,30.9801,30.98,30.9801,300
20140225,30.84,30.84,30.84,30.84,160
20140226,30.92,30.92,30.74,30.74,2580
20140303,30.5896,30.63,30.589,30.63,1000
20140304,30.64,30.7,30.64,30.7,1100
20140305,30.95,31,30.94,31,1520
20140306,30.79,30.79,30.79,30.79,200
20140310,31,31,31,31,100
20140311,31,31.25,30.98,31,8950
20140312,30.85,30.86,30.82,30.836,810
20140313,30.9,30.9,30.7,30.7,720
20140317,30.85,31.21,30.71,30.95,52510
20140318,30.7,31.1,30.34,30.7,25990
20140319,30.67,31.04,30.63,31.04,11400
20140321,30.57,30.57,30.57,30.57,900
20140327,30.54,30.617,30.54,30.57,1800
20140328,30.39,30.69,30.39,30.54,27700
20140331,30.63,30.68,30.55,30.63,2420
20140401,30.57,30.57,30.54,30.54,400
20140407,30.62,30.62,30.52,30.52,250
20140409,30.51,30.51,30.29,30.5,4530
20140411,30.3,30.58,30.3,30.47,5460
20140414,30.23,30.29,30.2,30.29,600
20140417,30.42,30.5,30.42,30.5,1190
20140421,30.42,30.42,30.418,30.418,300
20140424,30.36,30.36,30.25,30.26,600
20140425,30.12,30.12,30.12,30.12,250
20140428,30.24,30.34,30.23,30.28,2500
20140505,30.1,30.1,30.1,30.1,100
20140506,29.9601,29.9601,29.9601,29.9601,443
20140509,29.98,29.9801,29.98,29.9801,400
20140513,29.98,30.07,29.98,30.07,683
20140514,29.97,29.97,29.75,29.9116,1582
20140515,29.819,29.819,29.819,29.819,300
20140522,29.9599,29.97,29.83,29.83,3107
20140604,29.84,29.84,29.84,29.84,100
20140609,29.82,29.82,29.82,29.82,295
20140611,29.862,29.862,29.862,29.862,400
20140613,29.9299,29.93,29.9299,29.93,436
20140617,29.98,29.98,29.9696,29.9696,835
20140618,29.8,29.84,29.7301,29.78,2200
20140619,29.84,29.85,29.68,29.75,1835
20140626,29.79,29.79,29.68,29.73,700
20140630,29.6765,29.7299,29.6765,29.7,1200
20140701,29.82,29.8867,29.82,29.8867,400
20140707,29.95,30.02,29.95,29.96,500
20140708,29.6899,29.89,29.6899,29.81,8018
20140709,29.78,29.8334,29.78,29.8179,1400
20140711,29.5701,29.65,29.5701,29.65,550
20140714,29.57,29.61,29.57,29.61,725
20140715,29.68,29.68,29.68,29.68,200
20140716,29.81,29.81,29.642,29.642,450
20140717,29.6,29.601,29.6,29.601,2200
20140718,29.56,29.58,29.48,29.48,1200
20140721,29.47,29.47,29.47,29.47,400
20140724,29.5999,29.62,29.5999,29.62,426
20140725,29.54,29.54,29.5036,29.5072,2450
20140728,29.52,29.56,29.51,29.55,1700
20140729,29.54,29.54,29.54,29.54,350
20140731,29.77,29.7899,29.69,29.69,735
20140801,29.79,29.79,29.79,29.79,300
20140804,29.6,29.97,29.56,29.6,700
20140805,29.6,29.62,29.6,29.62,324
20140807,29.5,29.5,29.5,29.5,100
20140808,29.3701,29.45,29.3701,29.45,300
20140813,29.383,29.383,29.383,29.383,1000
20140815,29.34,29.35,29.291,29.35,500
20140818,29.33,29.33,29.2801,29.2801,520
20140821,29.36,29.36,29.36,29.36,100
20140822,29.36,29.36,29.36,29.36,700
20140825,29.208,29.208,29.208,29.208,263
20140827,29.17,29.17,29.13,29.13,799
20140828,29.15,29.15,29.15,29.15,100
20140903,29.16,29.16,29.16,29.16,100
20140904,29.25,29.27,29.25,29.27,200
20140905,29.27,29.27,29.27,29.27,200
20140909,29.35,29.501,29.35,29.501,700
20140910,29.5,30.0199,29.5,30.0007,2600
20140911,29.98,29.98,29.98,29.98,1000
20140912,30.16,30.16,29.46,29.46,650
20140917,29.68,29.75,29.68,29.75,775
20140918,29.73,29.83,29.73,29.78,2100
20140919,29.53,29.77,29.5,29.51,1749
20140923,29.6,29.6,29.6,29.6,170
20140924,29.57,29.57,29.57,29.57,600
20140925,29.5,29.57,29.5,29.57,977
20140926,30.08,30.11,30.03,30.03,1700
20140929,29.68,29.68,29.68,29.68,200
20140930,29.66,29.678,29.55,29.6485,2300
20141002,29.3,29.31,29.3,29.31,1556
20141003,29.31,29.61,29.27,29.61,1553
20141007,29.53,29.53,29.53,29.53,100
20141008,29.28,29.28,29.28,29.28,600
20141009,29.33,29.57,29.13,29.57,2500
20141010,29.59,29.66,29.1201,29.17,1495
20141013,29.01,29.334,29.01,29.334,985
20141014,29.08,29.29,29.05,29.29,900
20141016,29.5499,29.5499,29.5499,29.5499,374
20141017,29.58,29.77,29.58,29.68,1945
20141023,29.1301,29.518,29.1301,29.276,1891
20141024,29.76,29.82,29.71,29.82,610
20141030,29.82,29.82,29.2,29.2,200
20141031,29.526,29.94,29.526,29.94,250
20141105,29.9999,29.9999,29.9999,29.9999,440
20141110,29.68,29.68,29.36,29.36,475
20141111,29.33,29.3301,29.33,29.33,740
20141113,30.06,30.06,30.05,30.05,200
20141119,30.25,30.25,30.25,30.25,175
20141120,29.3701,29.6001,29.3701,29.55,1400
20141121,30.05,30.05,30.03,30.03,300
20141124,29.27,29.91,29.05,29.051,6981
20141125,28.9301,28.9301,28.9301,28.9301,700
20141128,29.45,29.6399,29.4,29.6399,703
20141201,30.28,30.28,30.28,30.28,315
20141202,29.97,29.97,29.97,29.97,100
20141205,28.95,29.9199,28.95,29.9199,1120
20141210,28.9,29.06,28.85,28.85,5485
20141211,28.89,29.3799,28.89,29.3799,1685
20141212,28.78,28.78,28.76,28.76,990
20141215,30.03,30.499,28.7901,29.33,3352
20141231,28.819,29.13,28.62,28.62,1776
20150102,28.55,28.57,28.42,28.42,2500
20150105,28.39,28.902,28.37,28.902,700
20150107,28.989,28.989,28.22,28.23,4500
20150108,28.55,28.9,28.55,28.9,600
20150109,28.64,28.64,28.64,28.64,400
20150120,28.453,28.656,28.13,28.521,3630
20150122,28.101,28.101,28.04,28.045,1680
20150126,27.85,27.993,27.81,27.81,1180
20150127,27.78,27.78,27.78,27.78,300
20150129,27.68,27.68,27.68,27.68,250
20150202,27.47,27.58,27.47,27.58,630
20150203,27.58,27.58,27.58,27.58,200
20150206,27.93,27.94,27.93,27.94,325
20150209,28.42,28.42,28.42,28.42,500
20150210,28.6399,28.6399,28.07,28.07,950
20150211,28.6399,28.6399,28.6399,28.6399,160
20150224,28.2,28.2,28.2,28.2,100
20150225,28.07,28.07,28.07,28.07,600
20150226,28.01,28.01,28.01,28.01,288
20150309,28.16,28.2,28.15,28.2,1500
20150310,28.12,28.2,28.12,28.124,300
20150316,28.2,28.2101,28.2,28.2101,200
20150317,28.11,28.25,28.05,28.25,27395
20150319,27.91,27.91,27.91,27.91,100
20150323,27.9,27.9,27.9,27.9,500
20150326,28.3,28.3,28.3,28.3,1000
20150330,27.95,27.96,27.95,27.96,1448
20150331,27.8,27.8,27.8,27.8,297
20150401,27.76,27.79,27.76,27.78,4975
20150407,27.71,27.83,27.7,27.7,2550
20150413,27.87,27.87,27.87,27.87,400
20150414,27.73,27.73,27.69,27.69,400
20150417,27.69,27.69,27.69,27.69,100
20150427,28.82,28.82,27.67,27.67,1423
20150428,28.244,28.244,28.244,28.244,155
20150429,28.152,28.23,28.152,28.21,558
20150430,28.12,28.12,28.12,28.12,300
20150505,28.4696,28.4696,28.4582,28.4582,880
20150506,28.498,28.498,28.498,28.498,250
20150507,28.4721,28.4721,28.4721,28.4721,200
20150508,28.26,28.26,28.26,28.26,200
20150512,28.62,28.6399,28.59,28.59,700
20150513,28.51,28.51,28.51,28.51,150
20150514,28.54,28.57,28.54,28.57,328
20150515,28.35,28.35,28.3499,28.35,680
20150519,28.66,28.73,28.66,28.73,1550
20150520,28.67,28.73,28.61,28.69,2317
20150521,28.63,28.63,28.56,28.56,1138
20150522,28.89,28.89,28.65,28.75,800
20150527,28.4,28.4,28.4,28.4,500
20150529,27.73,28.36,27.73,28.36,738
20150601,28.45,28.6,28.45,28.6,500
20150602,28.586,28.586,28.586,28.586,117
20150603,28.737,28.9199,28.737,28.9199,1170
20150604,28.7645,28.7645,28.7645,28.7645,200
20150605,28.9,28.9,28.87,28.87,1098
20150609,29.01,29.01,29.0099,29.0099,700
20150610,29.14,29.21,29,29.19,2604
20150611,29.03,29.03,28.95,28.95,1240
20150612,28.9,28.9,28.85,28.85,400
20150615,28.8,28.8,28.8,28.8,300
20150619,28.8,28.8,28.8,28.8,200
20150622,28.8,28.8,28.8,28.8,800
20150623,28.85,28.85,28.85,28.85,500
20150624,28.87,28.87,28.87,28.87,5000
20150625,29.0048,29.03,29.0048,29.03,400
20150626,29.1899,29.25,29.1,29.2499,2960
20150629,29.1299,29.1299,28.75,28.75,1296
20150630,28.8,28.8,28.8,28.8,500
20150701,29.0499,29.0499,29.0499,29.0499,567
20150707,28.75,28.75,28.6,28.6,975
20150710,28.7736,28.7736,28.7736,28.7736,3000
20150713,28.9,29.1099,28.9,29.1099,800
20150714,29.09,29.09,29.09,29.09,400
20150715,28.87,29.1,28.75,28.75,10314
20150716,29.02,29.02,29.02,29.02,100
20150717,28.79,28.79,28.79,28.79,100
20150720,28.8,28.8,28.8,28.8,100
20150721,28.8,28.8,28.8,28.8,500
20150723,28.792,28.792,28.792,28.792,800
20150724,28.7952,28.7952,28.7952,28.7952,2172
20150727,28.78,28.97,28.78,28.96,7416
20150803,28.62,28.62,28.4001,28.4001,1191
20150807,28.502,28.502,28.502,28.502,200
20150810,28.582,28.582,28.582,28.582,250
20150811,28.51,28.6399,28.51,28.6399,750
20150818,28.54,28.5819,28.54,28.5819,1581
20150821,28.61,28.61,28.61,28.61,250
20150824,28.6484,28.649,28.6484,28.649,827
20150825,28.7876,28.7876,28.7876,28.7876,123
20150826,28.75,28.75,28.75,28.75,100
20150831,28.5601,28.8477,28.5601,28.8477,643
20150902,28.664,28.664,28.664,28.664,100
20150909,28.4301,28.4301,28.4301,28.4301,100
20150911,28.5198,28.5198,28.5198,28.5198,400
20150916,28.6089,28.6089,28.6089,28.6089,100
20150917,28.5542,28.5542,28.55,28.55,300
20150918,28.5,28.5,28.5,28.5,300
20150922,28.35,28.35,28.35,28.35,360
20150929,28.342,28.342,28.342,28.342,152
20150930,28.49,28.49,28.49,28.49,100
20151002,28.3,28.3,28.25,28.25,500
20151012,28.1664,28.1664,28.1501,28.1501,200
20151014,28.15,28.15,28.15,28.15,200
20151015,28.1,28.1,28,28,900
20151016,28.1968,28.2,28.19,28.2,1194
20151021,27.99,27.99,27.99,27.99,300
20151023,27.9644,27.9644,27.9644,27.9644,313
20151029,28.06,28.06,28.06,28.06,200
20151109,28.42,28.42,28.4,28.4,9730
20151111,28.591,28.61,28.591,28.61,900
20151112,28.81,28.81,28.81,28.81,100
20151116,28.28,28.3968,28.2717,28.3968,1000
20151117,28.359,28.359,28.359,28.359,349
20151118,28.3,28.3,28.25,28.25,200
20151119,28.25,28.26,28.25,28.26,1100
20151120,28.27,28.27,28.27,28.27,300
20151123,28.2408,28.2408,28.2408,28.2408,200
20151125,28.133,28.133,28.133,28.133,325
20151201,28.1,28.1,28.1,28.1,355
20151203,28.31,28.3101,28.31,28.3101,400
20151204,28.2,28.2,28.18,28.18,1500
20151208,28.1353,28.1353,28.13,28.13,1700
20151210,28.2,28.2,28.2,28.2,500
20151211,28.69,28.69,28.209,28.224,987
20151217,28.32,28.3201,28.32,28.3201,430
20151218,28.51,28.51,28.34,28.34,1735
20151221,28.31,28.31,28.31,28.31,100
20151222,28.29,28.37,28.28,28.31,2309
20151223,28.1,28.32,28.1,28.27,2600
20151228,28.248,28.248,28.248,28.248,100
20151229,28.2929,28.2929,28.2929,28.2929,425
20160104,28.338,28.338,28.338,28.338,400
20160107,28.1716,28.1716,28.1716,28.1716,350
20160108,28.1,28.16,28.09,28.16,1165
20160111,28.2616,28.2616,28.2616,28.2616,175
20160112,28.13,28.2,28.1101,28.2,975
20160113,28.09,28.104,28.0499,28.104,1425
20160114,28.7599,28.7599,28.7599,28.7599,330
20160119,27.81,28.1442,27.81,28.11,900
20160120,28.37,28.37,28.37,28.37,300
20160122,28.36,28.36,28.36,28.36,100
20160126,28.513,28.513,28.513,28.513,500
20160127,28.38,28.38,28.38,28.38,200
20160128,28.38,28.38,28.38,28.38,100
20160202,28.295,28.31,28.28,28.285,1000
20160203,28.2201,28.2201,28.2201,28.2201,400
20160204,28.3209,28.3209,28.28,28.28,600
20160205,28.2,28.2,28.2,28.2,100
20160208,28.163,28.163,28.163,28.163,180
20160210,28.195,28.39,28.195,28.39,700
20160211,28.119,28.119,28.1,28.1,400
20160224,28.16,28.16,28.16,28.16,200
20160225,27.975,27.975,27.975,27.975,100
20160229,27.94,27.94,27.94,27.94,100
20160304,27.91,27.925,27.91,27.925,300
20160309,27.8785,27.8785,27.8785,27.8785,100
20160311,27.8,27.8,27.685,27.685,200
20160314,27.71,27.71,27.6699,27.6699,205
20160316,27.294,27.294,27.2932,27.2932,325
20160321,27.29,27.29,27.29,27.29,300
20160323,27.4968,27.4968,26.66,26.66,5700
20160328,27.58,27.58,27.58,27.58,100
20160404,26.86,26.86,26.49,26.5,4216
20160405,26.9524,26.9524,26.86,26.86,600
20160411,26.5,27.28,26.5,26.83,3500
20160412,26.96,26.96,26.96,26.96,100
20160413,26.99,26.99,26.9,26.9,600
20160419,26.595,26.595,26.59,26.59,200
20160420,26.53,26.53,26.53,26.53,200
20160421,26.79,26.79,26.6,26.6,1272
20160428,26.5,26.509,26.5,26.509,400
20160502,26.577,26.59,26.577,26.59,2400
20160505,26.4693,26.526,26.4693,26.4905,1986
20160506,26.47,26.47,26.47,26.47,100
20160509,26.31,26.31,26.31,26.31,1448
20160510,26.471,26.472,26.47,26.47,500
20160512,26.6299,26.6299,26.6299,26.6299,100
20160518,26.77,26.77,26.77,26.77,389
20160525,26.6301,26.6301,26.6301,26.6301,100
20160527,26.58,26.58,26.54,26.54,200
20160531,27.24,27.24,26.555,26.7,5937
20160601,26.64,26.64,26.64,26.64,100
20160602,26.41,26.582,26.41,26.582,800
20160603,26.49,26.49,26.27,26.27,775
20160606,26.41,26.41,26.41,26.41,500
20160608,26.4,26.4,26.1901,26.3643,825
20160610,26.2399,26.2399,26.0601,26.0601,481
20160613,26.3101,27.35,26.27,26.27,602
20160614,26.35,26.35,26.12,26.3499,3907
20160616,26.15,26.15,26.15,26.15,250
20160617,26.1301,26.1301,26.1301,26.1301,164
20160620,26.2,26.2,26.2,26.2,100
20160623,26.2668,26.2668,26.248,26.248,800
20160624,26.11,26.11,26.11,26.11,1100
20160627,26.11,26.11,25.89,25.8901,1574
20160628,26.1,26.1,25.85,25.85,700
20160705,25.85,25.85,25.85,25.85,115
20160706,26.36,26.36,26.16,26.16,300
20160707,26,26.04,25.85,25.85,1222
20160708,25.85,26.7499,25.69,25.84,5250
20160712,26.24,26.24,25.86,25.9,3224
20160713,25.67,25.67,25.37,25.37,1950
20160714,25.42,25.42,25.42,25.42,200
20160715,25.75,25.75,25.7377,25.7377,7898
20160718,25.7799,25.7799,25.7799,25.7799,547
20160719,25.7599,25.7599,25.5492,25.625,1312
20160720,25.779,25.779,25.49,25.49,700
20160721,25.57,25.6,25.51,25.51,400
20160725,25.73,25.73,25.73,25.73,300
20160726,25.73,25.73,25.73,25.73,100
20160727,25.6876,25.6876,25.25,25.25,2700
20160728,25.6975,25.6975,25.44,25.44,300
20160729,25.4992,25.4992,25.4992,25.4992,500
20160801,25.6299,25.6299,25.56,25.56,200
20160802,25.575,25.65,25.57,25.65,9460
20160808,25.84,25.84,25.74,25.74,300
20160809,25.6675,25.6675,25.6675,25.6675,500
20160810,25.42,25.42,25.42,25.42,400
20160812,25.42,25.42,25.42,25.42,700
20160818,25.42,25.42,25.42,25.42,100
20160822,25.383,25.383,25.3009,25.3009,200
20160823,25.3692,25.3692,25.3692,25.3692,100
20160824,25.3491,25.3491,25.3491,25.3491,249
20160825,25.29,25.29,25.29,25.29,500
