Date,Open,High,Low,Close,Volume
20100312,40.47,40.53,40.47,40.53,1500
20100317,38.77,38.77,38.77,38.77,1000
20100330,38.16,38.16,38.16,38.16,100
20100401,36.84,36.84,36.64,36.64,800
20100405,35.1,35.1,34.89,34.89,400
20100406,34.9,34.91,34.9,34.91,400
20100407,35.8,35.8,35.8,35.8,200
20100408,36.29,36.29,36.29,36.29,100
20100409,35.2,35.2,35.17,35.17,200
20100412,36,36,36,36,200
20100413,35.9,36.24,35.9,36.24,1200
20100414,35.39,35.45,35.22,35.22,1000
20100416,36.78,37.79,36.78,37.79,1600
20100419,37.53,37.53,37.44,37.44,1000
20100427,37.11,37.12,37.11,37.12,3500
20100430,36.92,36.92,36.92,36.92,100
20100503,36.73,36.73,36.73,36.73,1000
20100504,39.17,39.61,39.17,39.61,200
20100505,40.07,40.19,39.94,39.94,1300
20100506,40.33,46.93,40.33,43.19,2020
20100507,42.19,43.85,41.48,42.67,8800
20100510,38.54,38.54,37.24,37.67,660
20100511,38.43,38.52,37.94,38.52,700
20100513,38.48,38.48,38.48,38.48,600
20100514,40.76,40.76,40.76,40.76,1100
20100517,40.61,42.2,40.6,41.673,7360
20100518,40.02,41.95,40.02,41.95,900
20100519,43.97,44.54,43.41,43.76,6180
20100520,46.12,46.49,45.9,46.49,4700
20100521,47.04,47.04,43.84,45.07,3190
20100525,47.48,47.48,45.86,46.04,1420
20100526,45.23,45.23,45.23,45.23,200
20100527,43.1,43.1,43.1,43.1,400
20100601,42.1,43.34,42.1,43.34,220
20100602,41.99,41.99,41.13,41.13,300
20100603,39.69,40.02,39.69,40.02,220
20100607,41.62,42.04,41.62,42.04,1600
20100609,41.68,41.6899,41.68,41.6899,200
20100610,39.33,39.33,39.17,39.17,200
20100614,37.91,38.05,37.8,38.05,1300
20100615,37.54,37.54,36.49,36.49,710
20100616,36.79,36.79,36.79,36.79,500
20100617,36.88,36.88,36.84,36.84,550
20100618,36.3,36.43,36.3,36.43,5800
20100621,34.8,35.31,34.8,35.31,1400
20100622,35.39,36.55,35.39,36.55,11400
20100623,35.93,35.93,35.93,35.93,100
20100624,36.47,36.47,36.08,36.08,4200
20100625,35.19,35.19,35.1601,35.1601,300
20100628,34.65,34.65,34.2,34.2,900
20100630,35.14,35.14,34.46,34.53,1700
20100701,35.48,35.95,35.42,35.58,15010
20100702,35.5,35.85,35.5,35.64,7660
20100706,35.24,36.05,35.19,36.05,800
20100707,36.09,36.09,35.2,35.2,600
20100708,35.48,35.48,35.1,35.13,11000
20100713,34,34,34,34,200
20100714,34.8,35.01,34.58,34.99,4510
20100715,35,35,35,35,300
20100716,35.98,36.18,35.75,36.18,8300
20100719,35.74,35.9,35.48,35.48,1640
20100720,36.1,36.1,35.87,35.87,500
20100721,35.12,36.19,35.109,36.19,800
20100722,35.04,35.04,35.04,35.04,340
20100723,34.6,34.92,34.6,34.8,700
20100726,34.51,34.51,34.51,34.51,100
20100727,34.09,34.09,34.09,34.09,100
20100728,34.82,35.29,34.82,35.13,1900
20100730,35,35,34.24,34.24,400
20100802,33.9,33.9,33.34,33.34,520
20100804,33.1,33.1,33.1,33.1,100
20100805,33.25,33.62,33.25,33.62,200
20100806,34.23,34.23,33.97,33.97,1100
20100809,33.48,33.48,33.16,33.25,300
20100811,35.12,35.49,35.06,35.49,1240
20100812,34.84,34.84,34.84,34.84,100
20100813,34.58,34.58,34.58,34.58,100
20100817,34.58,34.58,34.58,34.58,1100
20100820,33.78,33.78,33.78,33.78,300
20100823,33.58,33.72,33.58,33.72,400
20100825,35.35,35.37,35.23,35.37,1670
20100826,34.93,35.15,34.93,35.07,1470
20100827,35.6,35.6,34.77,34.83,4800
20100830,35.04,35.63,35.04,35.63,1070
20100901,34.3,34.3,33.33,33.33,1500
20100902,33.89,33.89,33.57,33.6,1500
20100903,33.06,33.14,32.94,32.94,3300
20100907,32.91,32.91,32.91,32.91,100
20100908,32.01,32.01,31.87,31.87,2600
20100909,31.54,31.54,31.52,31.52,370
20100910,31.45,31.45,31.23,31.29,850
20100913,30.31,30.55,30.01,30.01,2190
20100914,29.9,29.9,29.45,29.45,3810
20100916,29.66,29.66,29.35,29.35,3050
20100917,28.77,29.05,28.73,28.83,10600
20100920,28.27,28.27,27.2,27.2,2460
20100921,27.09,27.42,27.09,27.32,12600
20100922,27.3986,27.574,27.33,27.57,10010
20100923,27.96,27.96,27.52,27.84,3250
20100924,26.5,26.5,26.1,26.1,6260
20100927,26.26,26.26,26.26,26.26,100
20100928,26.1,26.2,26.06,26.09,850
20100929,26.5,26.5,26.34,26.48,7360
20100930,26.74,26.74,26.48,26.56,980
20101001,25.3,25.3,24.77,24.81,25500
20101004,24.77,25.1,24.77,24.91,2850
20101005,24.85,24.85,24.25,24.29,4010
20101006,24.42,24.44,24.31,24.38,2710
20101007,24.35,24.85,24.35,24.85,8580
20101008,24.81,24.92,24.5,24.52,10070
20101011,24.77,24.77,24.73,24.75,1210
20101012,25.22,25.52,25.1548,25.17,2100
20101013,24.28,24.28,23.9,23.9,10260
20101014,24.33,24.48,24.33,24.48,950
20101015,25.19,25.27,25.07,25.16,1240
20101018,25.07,25.07,24.9,24.9,880
20101019,26.12,26.33,25.85,26.22,3940
20101020,26,26,25.92,25.92,300
20101021,24.94,25.37,24.83,25.37,4180
20101022,25.28,25.28,25.21,25.27,600
20101025,25.08,25.09,25.04,25.04,500
20101026,25.54,25.54,25.5,25.5,350
20101027,26.44,26.5,26.11,26.11,2710
20101028,26.17,26.34,26.17,26.34,350
20101029,26.27,26.27,26.01,26.01,910
20101101,25.48,25.65,25.34,25.6,7340
20101102,25.22,25.22,25.16,25.16,400
20101103,25.5,25.54,25.05,25.05,300
20101104,23.94,24.02,23.65,23.76,6670
20101105,23.85,23.85,23.1,23.55,2200
20101108,24.21,24.3,24.04,24.11,2490
20101109,23.96,24.56,23.95,24.56,3100
20101110,24.45,24.45,24.07,24.12,3330
20101111,24.83,25.01,24.83,25,3300
20101112,25.99,26.7,25.78,26.56,7550
20101115,26.51,26.62,26.37,26.61,8480
20101116,28.02,28.65,27.64,28.54,17200
20101117,28.47,28.47,28.01,28.01,6870
20101118,27.2,27.46,27.07,27.12,9110
20101119,28.5,28.63,28.4,28.4001,6010
20101122,28.02,28.16,27.64,27.64,3500
20101123,28.6,29.17,28.59,29.12,3310
20101124,28.82,29.04,28.56,28.64,1750
20101126,30.21,30.53,30.08,30.26,4770
20101129,30.3,30.53,29.78,29.78,4480
20101130,30.03,30.03,29.26,29.26,2360
20101201,27.34,27.45,27.17,27.17,9270
20101202,27.04,27.04,26.5,26.5,1400
20101203,26.6,26.62,26.6,26.61,500
20101206,26.28,26.63,26.28,26.46,1390
20101207,25.99,26.35,25.99,26.35,3190
20101208,26.85,27.15,26.85,26.87,3340
20101209,28.15,28.7,28.12,28.68,11180
20101210,27.82,27.92,27.6,27.6,2280
20101213,26.96,27.12,26.85,27.03,2130
20101214,26.72,26.72,26.35,26.47,1550
20101215,27.11,27.42,27.09,27.42,1950
20101216,26.81,26.81,26.66,26.66,2050
20101217,26.43,27.12,26.43,26.47,15050
20101220,26.87,26.98,26.79,26.79,3180
20101221,26.16,26.16,25.94,25.94,5190
20101222,26.1,26.1,26.03,26.03,500
20101223,26.07,26.09,25.86,25.86,6650
20101228,26.06,26.21,26.06,26.21,1810
20101229,25.38,25.47,25.29,25.29,2290
20101230,24.96,24.96,24.96,24.96,400
20101231,24.7,24.7,24.44,24.44,1350
20110103,24.19,24.19,23.91,23.91,4900
20110104,24.34,24.67,24.34,24.43,2700
20110105,25.05,25.05,24.73,24.73,1750
20110106,25.7,25.7,25.7,25.7,100
20110107,26.81,27.01,26.81,27.01,800
20110110,27.87,28.13,27.86,28,13670
20110111,27.67,27.87,27.44,27.85,4480
20110112,26.69,26.76,26.66,26.66,3600
20110113,27.62,27.81,27.61,27.81,450
20110114,28.8,28.81,28.57,28.59,6640
20110118,28.32,28.42,28.15,28.1501,3360
20110119,28.47,29.0342,28.43,28.995,3070
20110120,28.86,28.94,28.8,28.8,2150
20110121,28.71,29.04,28.65,28.8,2300
20110124,28.66,28.66,28.21,28.2101,4430
20110125,28.86,29.27,28.78,29.27,1340
20110126,28.87,29.02,28.77,29.02,2900
20110127,29.81,30.08,29.67,29.7,10390
20110128,30.64,31.76,30.64,31.749,7090
20110131,31.17,31.28,30.91,31.03,20750
20110201,31.85,31.85,30.85,30.88,15760
20110202,31.01,31.39,31,31.32,7760
20110203,30.44,30.87,30.32,30.59,4870
20110204,31.38,32.04,31.38,31.75,7320
20110207,31.42,31.48,31.02,31.12,6300
20110208,31.81,32.09,31.69,31.69,7580
20110209,32.68,33.46,32.68,33.32,41070
20110210,33.78,34.12,33.4,33.62,24740
20110211,33.23,33.23,32.01,32.07,23340
20110214,31.28,31.57,31.0301,31.43,14220
20110215,31.26,31.29,30.86,31.01,8280
20110216,30.96,31.09,30.74,31,20910
20110217,30.54,30.54,30.13,30.21,28080
20110218,30.88,30.97,30.68,30.7,8960
20110222,30.49,31.63,30.49,31.52,23870
20110223,30.83,31.87,30.82,31.54,21960
20110224,32.76,33.1,32.43,32.48,44140
20110225,32.48,32.48,32.16,32.3,11200
20110228,31.89,32.01,31.69,31.72,11240
20110301,29.86,31,29.78,30.85,21910
20110302,30.67,30.71,30.31,30.49,15840
20110303,29.82,29.82,29.33,29.44,26050
20110304,29.72,30.26,29.72,30.01,7220
20110307,30.6,31.18,30.31,31.06,21370
20110308,29.98,30.1,29.34,29.41,10760
20110309,29.45,29.61,29.3894,29.5696,10340
20110310,30.65,31.05,30.65,30.9,5300
20110311,30.68,30.69,27.49,30.07,10000
20110314,29.82,30,29.44,29.44,13900
20110315,30.52,30.86,29.91,30.05,11020
20110316,29.89,31.11,29.89,30.65,4970
20110317,29.63,30.46,29.63,30.36,4810
20110318,30.51,31.05,30.5,30.99,8620
20110321,30.81,30.81,30.56,30.58,5100
20110322,30.23,30.54,30.23,30.38,14070
20110323,30.09,30.09,29.13,29.16,16210
20110324,28.98,29.04,28.41,28.42,11800
20110325,28.02,28.15,27.64,28.12,20160
20110328,28.12,28.31,27.77,28.31,25640
20110329,27.35,27.35,26.71,26.71,21120
20110330,26.67,26.7,26.32,26.56,25640
20110331,26.11,26.12,25.88,26.03,11220
20110401,25.59,25.77,25.53,25.6,8570
20110404,25.1,25.2,24.76,24.86,6570
20110405,25.15,25.16,24.75,25.06,10490
20110406,24.81,25.05,24.81,25,5850
20110407,25.17,25.47,24.92,25.16,14430
20110408,25.19,25.74,25.15,25.64,17110
20110411,26.05,26.5,25.97,26.5,14690
20110412,26.75,27.05,26.62,26.94,16100
20110413,25.28,25.77,25.1,25.57,15450
20110414,25.63,25.7,25.27,25.29,5860
20110415,26.18,26.27,25.98,26.27,10920
20110418,26.69,27.35,26.56,26.94,8660
20110419,26.63,26.63,26.3,26.3,2950
20110420,25.46,25.46,25.17,25.17,9920
20110421,25.15,25.27,25,25.27,5580
20110425,25.64,25.64,25.45,25.51,6600
20110426,25.45,25.45,25.06,25.06,9440
20110427,25.61,25.7,25.18,25.18,11250
20110428,25.73,25.87,25.61,25.75,11900
20110429,25.8,25.92,25.66,25.66,2660
20110502,26.17,26.43,26.17,26.35,5760
20110503,27.37,28.06,27.37,27.7,82550
20110504,27.52,28.2,27.49,28.1,10000
20110505,28.51,29.05,28.44,28.8,14440
20110506,27.84,27.84,27.5,27.83,6340
20110509,27.63,27.75,27.47,27.59,5170
20110510,27.51,27.56,27.35,27.38,5000
20110511,27.67,28.3,27.59,28,7170
20110512,28.4,28.72,28.03,28.1,6020
20110513,27.9,28.38,27.9,28.38,600
20110516,28.33,28.66,28.3,28.66,1580
20110517,29.2,29.64,29.19,29.26,92440
20110518,29.3,29.6,29,29.06,23130
20110519,29.17,29.37,29.03,29.25,5100
20110520,29.3,29.35,29.11,29.29,4900
20110523,30.15,30.5,30.15,30.39,8690
20110524,30.29,30.37,30.16,30.18,2300
20110525,30.73,30.89,30.51,30.64,25540
20110526,30.09,30.15,29.43,29.57,5820
20110527,28.97,28.97,28.61,28.64,7870
20110531,27.85,28.18,27.74,27.76,16980
20110601,27.36,28.17,27.36,28.16,7660
20110602,27.58,27.83,27.5,27.52,11000
20110603,28.29,28.29,27.67,28.1,7080
20110606,27.73,28.17,27.72,28.15,8130
20110607,27.31,27.6,27.21,27.6,6160
20110608,27.5,27.76,27.4999,27.76,3900
20110609,27.49,27.5,27.25,27.27,7240
20110610,27.95,28.43,27.93,28.43,9250
20110613,27.9,28.36,27.7,28.22,27870
20110614,27.74,27.74,27.27,27.38,34780
20110615,28.23,28.8,28.09,28.66,17770
20110616,28.52,29.17,28.52,28.91,10000
20110617,28.58,29.03,28.58,28.96,3040
20110620,30.17,30.32,30.03,30.16,7240
20110621,29.96,29.96,29.32,29.32,6450
20110622,29.9,29.99,29.62,29.99,5550
20110623,30.12,30.31,29.29,29.29,15930
20110624,28.09,28.6,28.09,28.46,7380
20110627,27.64,27.7,27.15,27.21,18230
20110628,27.05,27.37,26.75,26.75,9710
20110629,26.75,26.78,26.46,26.53,5990
20110630,26.3,26.3,25.87,25.921,3140
20110701,26.22,26.29,25.72,25.76,7600
20110705,25.93,26.31,25.93,26.14,7920
20110706,26.39,26.67,26.39,26.54,5670
20110707,25.3,25.4,24.85,24.95,16100
20110708,25.97,26.19,25.72,25.74,6490
20110711,26.45,26.78,26.4,26.56,6540
20110712,27,27.25,26.65,27.25,5990
20110713,26.62,27.05,26.47,26.68,18710
20110714,26.31,26.94,26.28,26.88,5320
20110715,26.58,26.88,26.56,26.56,5100
20110718,26.89,27.24,26.84,27,7120
20110719,26.22,26.22,25.64,25.66,7010
20110720,26.29,26.5,26.29,26.38,3060
20110721,26.29,26.37,25.99,26.09,9210
20110722,25.98,26,25.96,25.98,3400
20110725,25.59,25.6,25.5,25.57,3680
20110726,25.94,26.06,25.91,25.99,2100
20110727,26.11,26.74,26.11,26.74,1300
20110728,26.71,26.8,26.7,26.8,1700
20110729,26.93,26.93,26.59,26.68,3660
20110801,26.5,27.06,26.43,27.06,980
20110802,27.08,27.83,26.89,27.83,4790
20110803,27.37,28.17,27.37,27.75,1870
20110804,28.59,30.07,28.51,30.07,3480
20110805,28.96,31,28.3,29.91,9400
20110808,31.17,33.78,31.12,33.4,5470
20110809,30.99,31.66,30.21,30.21,2840
20110810,31.45,31.71,31,31.71,3690
20110811,31.08,31.08,29.38,29.38,4240
20110812,30.74,30.82,30.39,30.74,2780
20110815,30.27,30.41,30.27,30.28,540
20110816,32.06,32.39,31.91,31.93,61850
20110817,31.42,31.62,31.15,31.47,2280
20110818,33.31,34.55,33.31,34.13,2300
20110819,34.44,34.86,33.28,34.5,2740
20110822,33.19,33.75,33.19,33.32,1700
20110823,32.76,32.95,32.2,32.2,2980
20110824,33.07,33.68,33,33.11,8320
20110825,33.45,34.59,33.45,34.56,2710
20110826,35.77,36.58,34.76,34.9,7060
20110829,33.07,33.07,32.42,32.42,1200
20110830,32.16,32.19,32.02,32.02,1190
20110831,31.27,31.45,30.94,31.12,21150
20110901,31.23,31.63,31.16,31.63,4060
20110902,31.94,32.43,31.8,32.24,4430
20110906,32.29,32.45,31.93,32.19,2200
20110907,30.92,31.1,30.41,30.57,28460
20110908,31.17,31.47,30.92,31.18,53740
20110909,32.26,33.41,32.26,33.19,5510
20110912,34.36,34.6,33.75,33.75,3240
20110913,34.31,34.31,33.76,33.76,2500
20110915,32.36,32.82,32.2,32.2,4370
20110916,32.31,32.32,32.1199,32.14,1150
20110919,33.69,33.69,33.44,33.6,940
20110920,32.15,32.4,32.15,32.25,1190
20110921,33.16,34.26,33.04,34.26,5950
20110922,37.85,38.87,35.75,38.52,9310
20110923,38.09,38.24,37.03,37.03,2160
20110926,37.68,37.8,37.5,37.5,3220
20110927,35.23,35.23,33.91,34.94,2940
20110928,35.33,36.26,35.33,36.26,1270
20110929,35.6,35.67,35.4,35.4,510
20110930,36.66,37.03,36.54,36.84,3070
20111003,37.01,40.45,36.47,37.77,12200
20111004,38.59,39.7,37.33,37.33,12940
20111005,38.03,38.03,36.84,36.84,3570
20111006,36.62,36.62,35.84,35.92,4170
20111007,35.87,36.09,35.77,35.87,2140
20111010,34.55,34.77,33.79,33.82,5010
20111011,34.62,34.79,34.58,34.79,15850
20111012,32.98,32.98,31.95,32,3140
20111013,33.79,33.79,33.59,33.59,700
20111014,32.46,32.4601,32.43,32.43,330
20111017,33.5,34.02,33.4872,34.02,600
20111018,34.2,34.78,33.45,33.45,1000
20111019,32.99,33.11,32.75,33.11,400
20111020,35.1,35.1001,35.1,35.1001,400
20111021,33.71,34.13,33.7,34.13,1850
20111024,32.79,32.79,32.79,32.79,150
20111025,32.31,32.6,32.2639,32.268,1750
20111026,32.1,32.17,32.1,32.17,330
20111027,28.97,28.97,28.19,28.19,1280
20111028,28.89,28.89,28.65,28.69,1420
20111031,30.13,30.3,29.71,30.3,480
20111101,31.5,31.84,31.33,31.33,1190
20111102,30.04,30.67,30.04,30.13,1500
20111103,29.73,30.02,29.44,29.44,600
20111104,30.51,30.51,30.51,30.51,100
20111107,30,30,30,30,600
20111108,30.09,30.23,30.09,30.1,15020
20111109,31.8,32.69,31.8,32.69,2170
20111110,32.77,32.77,32.77,32.77,500
20111111,31.67,31.67,31.58,31.67,1050
20111115,34.16,34.16,33.3,33.34,3120
20111116,34.72,35.1,34.72,35.1,250
20111117,36.23,37.09,35.6,37,7090
20111118,36.45,36.98,36.45,36.98,900
20111121,39.57,40.44,39.57,40.33,4260
20111122,39.88,40.32,39.62,40.32,870
20111123,41.43,41.98,41.35,41.7,2340
20111125,41.08,41.08,40.46,41,2060
20111128,37.25,38.16,37.25,37.73,8250
20111129,38.98,39.15,38.3,39.06,8760
20111130,36.42,36.47,35.07,35.07,5240
20111201,35.82,36.42,35.82,36.42,890
20111202,33.4,33.8,32.89,33.54,7640
20111205,33.52,33.79,33.23,33.79,3930
20111206,34.58,34.61,34.28,34.61,3570
20111207,35.31,35.31,34.8,34.8,1670
20111208,37.51,39.61,37.24,39.529,5380
20111209,38.81,38.81,37.11,37.11,6990
20111212,42.57,43.7,42.57,42.87,11650
20111213,41.48,43.46,41.08,43.19,7000
20111214,44.98,51.66,44.71,46.57,19970
20111215,42.92,44.24,42.63,43.95,9580
20111216,44.23,44.91,43.95,44.16,3460
20111219,45.24,47.34,45.07,47.34,20710
20111220,45.82,45.82,43,43.01,10140
20111221,41.29,42.7,41.24,41.58,4150
20111222,40.83,40.83,39.35,39.35,4380
20111223,40.78,40.92,40.59,40.74,600
20111227,41.02,41.22,40.78,41.15,2200
20111228,42,43.5,42,43.5,2990
20111229,43.5,43.75,42.58,42.58,3370
20111230,43.6,43.72,43.28,43.68,4300
20120103,43.94,43.94,38.21,38.21,19090
20120104,39.69,39.69,38.84,38.84,1600
20120105,39.79,39.79,38.62,38.81,3200
20120106,38.9,39.03,38.55,38.55,2300
20120109,38.06,38.48,37.78,37.78,5590
20120110,34.04,34.04,33.35,33.35,8240
20120111,34.61,34.61,33.61,33.75,10380
20120112,34.45,34.5,34.1,34.25,3500
20120113,34.5,34.81,34.11,34.32,6830
20120117,30.89,31.19,30.2,30.59,16640
20120118,30.21,30.21,29.1,29.1,9610
20120119,28.46,28.48,28.05,28.1,7720
20120120,28.15,28.27,28,28.01,8600
20120123,27.66,27.66,27.35,27.52,8210
20120124,27.76,27.76,26.6,26.6,6350
20120125,26.59,26.95,25.25,25.43,10690
20120126,25.13,25.3,24.62,25.26,16180
20120127,25.13,25.26,24.8,24.99,8460
20120130,27.04,27.04,26.09,26.4,13710
20120131,24.85,25.58,24.62,25.02,17950
20120201,23.83,23.94,23.16,23.44,17470
20120202,23.43,23.43,22.89,22.94,5090
20120203,21.52,21.68,21.09,21.14,17210
20120206,21.79,22.02,21.65,21.65,8890
20120207,22.76,22.97,22.28,22.35,12470
20120208,22.31,22.47,22.03,22.17,27340
20120209,21.61,21.96,21.61,21.88,15220
20120210,22.76,23.08,22.74,22.97,12380
20120213,22,22.16,21.56,21.82,13480
20120214,22.19,22.24,22,22,6980
20120215,20.75,21.26,20.71,21,38610
20120216,21.23,21.23,20.22,20.22,19620
20120217,20.06,20.22,19.97,20.09,11090
20120221,19.68,19.81,19.39,19.53,23070
20120222,20.55,20.75,20.2,20.4,19150
20120223,20.77,20.91,20.43,20.43,13590
20120224,20.6876,20.7965,20.332,20.44,13320
20120227,22.63,22.87,22.11,22.42,28450
20120228,21.62,21.7,21.33,21.33,18740
20120229,21.09,21.75,20.75,21.75,7080
20120301,21.8,21.8,21.18,21.24,4130
20120302,21.93,22.02,21.79,22,17300
20120305,22.86,23.34,22.86,23.3,13820
20120306,25.19,25.95,25.12,25.87,41230
20120307,25.41,25.41,24.45,24.49,19710
20120308,23.37,23.61,23.18,23.18,8800
20120309,21.91,22.25,21.58,22.11,36320
20120312,22.58,23.18,22.58,22.84,12000
20120313,21.86,22.12,20.8,20.8,20190
20120314,21.4,21.83,21.3,21.7,8140
20120315,22.59,23.04,22.41,22.51,16990
20120316,23.49,23.65,23.4,23.65,10280
20120319,24.74,24.74,24.1,24.35,10120
20120320,24.86,25.15,24.77,24.88,8450
20120321,23.82,24.18,23.79,23.94,12660
20120322,26.08,26.62,26.05,26.33,31020
20120323,25.89,26.04,25.44,25.44,27310
20120326,26.2,26.2,25.7,25.7004,12870
20120327,25.19,25.52,25.19,25.34,7060
20120328,26.64,27.29,26.4401,26.73,15550
20120329,27.23,27.75,26.88,26.88,15190
20120330,24.74,25.17,24.65,24.7,13090
20120402,24.11,24.41,23.29,23.54,17080
20120403,23.2,23.95,23.19,23.6,11860
20120404,24.35,25.09,24.2,24.75,24600
20120405,24.99,25.01,24.44,24.56,10540
20120409,25.99,26.05,25.69,25.97,7620
20120410,26.1,27.32,26.1,27.14,9320
20120411,26.29,26.45,26.07,26.28,3470
20120412,25.43,25.43,24.4,24.4,5460
20120413,26.39,27.19,26.39,27.09,11460
20120416,26.53,27.41,26.45,27.06,8610
20120417,25.09,25.35,24.35,24.47,28220
20120418,25.4501,25.5,25.15,25.4999,16220
20120419,25.61,26.07,25.19,25.87,8910
20120420,25.53,25.85,25.4,25.85,4700
20120423,28.2,28.7,27.8,28.07,23620
20120424,27.85,27.9,27.34,27.86,12320
20120425,27.8,28,27.659,27.67,11500
20120426,28.12,28.3,27.65,27.65,4750
20120427,28.06,28.06,27.87,28.04,3530
20120430,27.61,27.86,27.52,27.68,9100
20120501,27.74,27.74,27.01,27.33,15350
20120502,28.59,28.73,28.4,28.73,10880
20120503,29.01,30.16,28.95,30.16,11440
20120504,31.18,31.8,31.11,31.47,14640
20120507,29.67,29.67,29.02,29.2,15020
20120508,30.91,32.42,30.9,31.7,20110
20120509,33.43,33.96,32.64,33.02,17790
20120510,31.89,32.11,31.5,31.93,14900
20120511,33.46,33.46,32.5,33.46,10930
20120514,34.73,35.44,34.34,35.44,28640
20120515,34.37,35.0444,33.93,34.817,5110
20120516,35.636,36.58,35.4,36.504,10610
20120517,36.62,37.375,36.332,37.33,12260
20120518,35.77,36.55,35.28,36.42,26790
20120521,36.65,36.66,34.64,34.73,18540
20120522,36.79,37.6772,35.9,37.5,14770
20120523,39.65,40.7,38.78,38.95,33690
20120524,37.21,37.9,36.35,37.04,28970
20120525,36.88,36.88,36.33,36.77,2850
20120529,34.82,35.91,34.21,35.256,17070
20120530,37.04,38.5086,37.04,38.09,16150
20120531,37.59,38.15,37.01,37.15,7940
20120601,38.69,38.69,37.668,38.53,10860
20120604,37.25,37.62,36.77,37.04,15490
20120605,37.43,37.43,36.69,36.83,2170
20120606,34.99,34.99,30,32.5,27080
20120607,30.75,32.28,30.42,31.9,6400
20120608,32.92,33.129,32.2886,32.6,9440
20120611,33.5,35.78,33.455,35.78,16040
20120612,32.75,33.23,31.76,31.84,36980
20120613,32.05,32.36,31.35,32.35,22320
20120614,33.52,33.84,32.65,32.72,11360
20120615,31.55,31.61,30.02,30.02,16240
20120618,31.99,33.39,31.99,32.47,14710
20120619,31.53,31.53,31,31.34,6160
20120620,31.89,32.61,31.56,32.07,5640
20120621,32.2331,33.76,32.23,33.76,7610
20120622,33.25,33.74,32.89,33.74,5090
20120625,34.41,34.65,33.98,34.11,3730
20120626,33.5,33.81,33.13,33.13,2130
20120627,32.72,32.76,31.77,32.26,3400
20120628,33.17,33.39,32.69,32.81,2470
20120629,32.31,32.31,27.55,27.55,31700
20120702,27.35,27.35,26.71,26.98,9690
20120703,25.52,25.53,24.69,24.72,13030
20120705,26.12,26.69,26.12,26.57,11990
20120706,27.56,27.74,27.36,27.67,22450
20120709,28.13,28.26,26.76,27.73,19630
20120710,26.26,27.37,26.26,27.27,8070
20120711,27.1,27.4,26.65,27.4,5210
20120712,28.88,29.42,28.75,28.83,10990
20120713,28.72,28.73,28.0603,28.3,23220
20120716,27.73,28.06,27.59,27.85,6100
20120717,28.2,28.76,27.9,27.9,4750
20120718,28.15,28.15,27.94,28.14,1360
20120719,27.38,27.43,27.14,27.17,5310
20120720,28.5,28.7,28.5,28.7,4070
20120723,30.18,31.29,30.18,30.75,5330
20120724,30.51,31.19,30.5,30.6,3840
20120725,30.84,31.12,30.52,30.7,6280
20120726,30.1,30.52,30,30.1,3850
20120727,30,30,29,29.0864,7350
20120730,29.18,29.18,28.32,28.53,1800
20120731,28.67,28.99,28.67,28.97,9970
20120801,28.91,29.07,28.6,28.86,7150
20120802,29.66,30.06,29.3,29.99,7510
20120803,28.5,28.5,27.1,27.19,19440
20120806,26.98,26.98,26.37,26.6,11420
20120807,26.05,26.05,25.29,25.78,8250
20120808,26.29,26.29,25.59,25.89,9650
20120809,26.24,26.59,26.2,26.57,6300
20120810,26.65,26.65,26.09,26.09,5500
20120813,26,26.4,26,26.39,5800
20120814,26.15,26.19,26.06,26.16,4700
20120815,26.17,26.23,25.98,26.18,6360
20120816,26.06,26.38,25.75,25.84,16850
20120817,26.26,26.3,26.18,26.22,6700
20120820,26.25,26.27,25.67,25.6701,6080
20120821,24.45,24.95,24.45,24.95,15680
20120822,25,25.1,24.3,24.3,15260
20120823,24.57,25.22,24.57,25.14,6030
20120824,25.04,25.04,24.8,25,2010
20120827,25.33,25.96,25.33,25.94,14850
20120828,26.18,26.18,25.8,26.1,10560
20120829,26.37,26.77,26.37,26.67,18540
20120830,26.6,26.77,26.38,26.48,16130
20120831,26.18,27.05,26.18,26.51,8400
20120904,26.55,27.05,26.55,26.56,8772
20120905,27.49,27.71,27.34,27.54,3080
