Date,Open,High,Low,Close,Volume
20131016,19.067,20.4,19.02,19.305,878908
20131017,19.257,19.466,19.219,19.428,241898
20131018,19.637,19.732,19.542,19.656,167311
20131021,20.53,20.53,19.514,19.614,158882
20131022,19.761,20.065,19.466,19.647,120709
20131023,19.685,19.685,19.418,19.495,250625
20131024,19.637,19.732,19.542,19.732,63241
20131025,19.856,19.856,19.571,19.666,37648
20131028,19.732,19.732,19.352,19.447,49807
20131029,19.552,19.552,19.304,19.372,174095
20131030,19.361,19.456,19.257,19.342,84517
20131031,19.304,19.399,19.067,19.304,42090
20131101,19.264,19.371,19.123,19.169,26004
20131104,19.304,19.38,19.209,19.38,36488
20131105,19.334,19.504,19.258,19.48,84274
20131106,19.59,19.609,19.352,19.437,106618
20131107,19.495,19.495,18.895,18.905,75128
20131108,18.933,19.171,18.933,19.11,35940
20131111,19.219,19.219,19.124,19.162,11129
20131112,19.116,19.219,19.105,19.171,18130
20131113,19.076,19.418,19.076,19.418,25325
20131114,19.447,19.59,19.447,19.59,23400
20131115,19.59,19.77,19.59,19.77,34014
20131118,19.799,19.799,19.32,19.342,47467
20131119,19.329,19.399,19.12,19.197,35430
20131120,19.219,19.304,19.076,19.152,20457
20131121,19.27,19.428,19.242,19.394,20606
20131122,19.457,19.618,19.457,19.599,43661
20131125,19.599,19.599,19.371,19.447,50612
20131126,19.495,19.732,19.495,19.656,18639
20131127,19.688,19.78,19.688,19.774,19753
20131129,19.776,19.818,19.776,19.776,6801
20131202,19.732,19.789,19.647,19.648,10341
20131203,19.656,19.656,19.475,19.485,19798
20131204,19.485,19.628,19.39,19.59,11469
20131205,19.567,19.732,19.548,19.671,18787
20131206,19.694,19.77,19.609,19.656,19663
20131209,19.698,19.78,19.669,19.774,12881
20131210,19.77,19.97,19.77,19.947,22177
20131211,19.97,19.97,19.561,19.599,50099
20131212,19.647,19.818,19.599,19.8,24691
20131213,19.865,19.999,19.818,19.999,48582
20131216,20.06,20.13,20.04,20.09,13386
20131217,20.15,20.23,20.02,20.18,6726
20131218,20.19,20.45,20.04,20.45,20979
20131219,20.27,20.39,20.24,20.29,53958
20131220,20.32,20.41,20.3,20.41,47470
20131223,20.59,20.74,20.54,20.74,14890
20131224,20.87,20.87,20.67,20.8,9198
20131226,20.93,20.93,20.8,20.91,8195
20131227,20.84,20.88,20.73,20.73,16908
20131230,20.62,20.69,20.56,20.61,24349
20131231,20.72,20.8,20.7,20.8,7844
20140102,20.84,20.84,20.61,20.71,11818
20140103,20.79,20.85,20.7,20.8,11013
20140106,20.8,20.83,20.75,20.83,15060
20140107,20.79,21.05,20.79,20.97,28981
20140108,21.03,21.03,20.87,20.89,9439
20140109,21,21.03,20.75,20.82,9879
20140110,20.97,21.01,20.84,20.99,19354
20140113,20.98,20.98,20.53,20.59,19930
20140114,20.67,20.93,20.66,20.93,3956
20140115,21.03,21.1,20.96,21.08,22322
20140116,21.12,21.24,21.05,21.2,20146
20140117,21.27,21.28,20.99,21.01,12645
20140121,21.08,21.16,20.98,21.09,11582
20140122,21.05,21.19,21.05,21.15,7176
20140123,21.12,21.12,20.9,21.01,17732
20140124,20.9,20.9,20.49,20.5,31738
20140127,20.47,20.57,20.04,20.3,27163
20140128,20.28,20.57,20.28,20.57,14711
20140129,20.38,20.48,20.19,20.22,22680
20140130,20.48,20.99,20.48,20.86,10491
20140131,20.68,20.92,20.62,20.83,17934
20140203,20.9,20.9,20.29,20.4,57265
20140204,20.56,20.64,20.56,20.63,4172
20140205,20.6,20.62,20.31,20.53,34124
20140206,20.46,20.6,20.46,20.58,6520
20140207,20.83,20.97,20.74,20.97,8343
20140210,21.05,21.05,20.9,20.99,17970
20140211,21,21.15,20.9,21.1,11368
20140212,21.19,21.25,21.15,21.19,11728
20140213,21.17,21.56,21.13,21.54,11259
20140214,21.61,21.65,21.51,21.65,11834
20140218,21.69,21.8,21.68,21.76,37637
20140219,21.74,21.77,21.61,21.66,17103
20140220,21.58,21.84,21.53,21.81,29470
20140221,21.9,21.9,21.72,21.82,19505
20140224,21.97,22.17,21.96,22.08,38679
20140225,22.1,22.11,21.95,22.01,34687
20140226,22.14,22.28,22.07,22.15,19358
20140227,22.31,22.5,22.28,22.48,30169
20140228,22.6,22.64,22.17,22.42,82739
20140303,22.46,22.46,22.04,22.19,29288
20140304,22.51,22.56,22.4,22.48,43148
20140305,22.55,22.55,22.48,22.54,23553
20140306,22.58,22.66,22.47,22.52,28643
20140307,22.55,22.55,22.29,22.35,13476
20140310,22.41,22.41,22.17,22.3,12094
20140311,22.45,22.49,22.12,22.13,32874
20140312,22.14,22.19,21.92,22.19,13828
20140313,22.33,22.33,21.79,21.84,19315
20140314,21.81,21.93,21.77,21.87,14946
20140317,21.98,22.06,21.9,22.01,27083
20140318,22.11,22.26,22.05,22.26,24168
20140319,22.32,22.32,21.97,22.05,25746
20140320,21.99,22.1,21.9,22,59302
20140321,22.13,22.13,21.78,21.83,61220
20140324,21.96,22.09,21.21,21.39,60882
20140325,21.66,21.66,21.29,21.43,28519
20140326,21.61,21.61,21.03,21.03,89327
20140327,20.99,21.11,20.79,21.02,48778
20140328,21.12,21.3,21.08,21.11,8832
20140331,21.2,21.27,21.18,21.23,9015
20140401,21.34,21.66,21.34,21.66,6748
20140402,21.78,21.78,21.47,21.58,10298
20140403,21.48,21.48,20.99,21.03,20553
20140404,21.18,21.2,20.52,20.58,54027
20140407,20.49,20.6,20.03,20.19,43105
20140408,20.22,20.46,20.17,20.36,21433
20140409,20.51,20.89,20.49,20.85,9236
20140410,20.85,20.87,20.07,20.18,16203
20140411,19.993,20.17,19.82,19.85,33679
20140414,19.799,20.18,19.799,19.989,14278
20140415,20.02,20.21,19.592,20.15,25472
20140416,20.29,20.4,20.21,20.38,10870
20140417,20.36,20.56,20.36,20.53,4323
20140421,20.53,20.6,20.4,20.58,9457
20140422,20.75,21.02,20.75,20.93,6251
20140423,21,21,20.64,20.67,6312
20140424,20.63,20.63,20.32,20.51,11440
20140425,20.36,20.38,20.02,20.1,21175
20140428,20.17,20.19,19.601,19.919,13859
20140429,19.903,20.19,19.903,20.19,3359
20140430,20.04,20.2,19.971,20.2,11821
20140501,20.33,20.51,20.33,20.36,7613
20140502,20.36,20.49,20.36,20.41,23899
20140505,20.29,20.39,20.21,20.38,11032
20140506,20.27,20.37,20.08,20.08,14525
20140507,20.08,20.08,19.486,19.705,25374
20140508,19.686,19.982,19.582,19.601,11503
20140509,19.715,19.715,19.506,19.572,6532
20140512,19.724,20.11,19.724,20.1,16398
20140513,20.05,20.13,19.972,19.972,11756
20140514,19.982,19.982,19.829,19.877,4281
20140515,19.531,19.686,19.435,19.673,12663
20140516,19.649,19.82,19.592,19.811,8050
20140519,19.904,19.991,19.884,19.972,6558
20140520,19.877,19.972,19.856,19.862,4727
20140521,19.972,19.982,19.877,19.982,14810
20140522,19.918,20.15,19.918,20.08,13444
20140523,20.08,20.19,20.08,20.19,7951
20140527,20.27,20.42,20.27,20.42,9672
20140528,20.47,20.48,20.33,20.47,7800
20140529,20.55,20.59,20.43,20.47,3934
20140530,20.45,20.46,20.27,20.32,2444
20140602,20.35,20.35,20.18,20.29,8229
20140603,20.16,20.34,20.16,20.34,5297
20140604,20.26,20.51,20.25,20.51,4188
20140605,20.6,20.76,20.5,20.68,5048
20140606,20.73,20.8,20.73,20.79,14147
20140609,20.79,21,20.79,20.89,11702
20140610,20.88,21.02,20.87,21.01,6619
20140611,20.94,21.02,20.94,21.02,10934
20140612,21.08,21.12,20.99,20.99,6317
20140613,20.99,21.11,20.9,21.07,11558
20140616,21.09,21.19,21.09,21.19,9662
20140617,21.2,21.41,21.2,21.38,7031
20140618,21.35,21.53,21.34,21.53,13850
20140619,21.61,21.61,21.42,21.47,6450
20140620,21.43,21.5,21.39,21.5,5534
20140623,21.49,21.65,21.49,21.64,15945
20140624,21.69,21.7,21.38,21.44,18912
20140625,21.47,21.6,21.43,21.58,5886
20140626,21.74,21.74,21.51,21.74,8529
20140627,21.77,21.78,21.71,21.71,8233
20140630,21.65,21.88,21.65,21.83,5014
20140701,21.9,22.11,21.9,22.01,10196
20140702,22.13,22.13,21.92,21.92,4901
20140703,21.99,22,21.87,21.94,10605
20140707,21.85,21.85,21.59,21.6,24639
20140708,21.54,21.54,20.99,21.11,20121
20140709,21.26,21.26,21.1,21.2,7765
20140710,20.97,21.17,20.73,21.11,5562
20140711,21.1,21.11,21.07,21.11,6902
20140714,21.18,21.29,21.18,21.2,5201
20140715,21.29,21.29,20.95,20.98,2729
20140716,21,21.1,21,21.05,3674
20140717,21.03,21.04,20.76,20.76,6586
20140718,20.79,21.04,20.79,21.03,5575
20140721,20.95,21.19,20.95,21.17,21057
20140722,21.23,21.38,21.23,21.28,9384
20140723,21.29,21.35,21.26,21.29,16156
20140724,21.42,21.49,21.38,21.46,11701
20140725,21.41,21.44,21.31,21.34,8121
20140728,21.26,21.28,21.12,21.26,22304
20140729,21.32,21.37,21.27,21.28,6051
20140730,21.76,21.85,21.68,21.72,24391
20140731,21.42,21.47,21.24,21.3,13080
20140801,21.38,21.38,20.94,21.05,11886
20140804,21.09,21.26,21.08,21.26,2950
20140805,21.16,21.21,20.97,21,4840
20140806,20.86,21,20.86,20.92,2807
20140807,21.03,21.09,20.88,20.88,9155
20140808,21.03,21.03,20.93,21.01,1323
20140811,21.22,21.26,21.13,21.2,3411
20140812,21.23,21.27,21.11,21.16,2052
20140813,21.16,21.28,21.16,21.27,2578
20140814,21.3,21.43,21.3,21.39,2655
20140815,21.52,21.56,21.35,21.44,3284
20140818,21.59,21.62,21.57,21.6,4048
20140819,21.73,21.76,21.73,21.76,2529
20140820,21.73,21.85,21.73,21.85,5320
20140821,21.91,21.91,21.76,21.81,6106
20140822,21.77,21.93,21.76,21.93,11485
20140825,21.96,21.98,21.91,21.96,9910
20140826,22.02,22.2,22.02,22.16,7056
20140827,22.18,22.25,22.13,22.21,10385
20140828,22.21,22.25,22.09,22.2,19692
20140829,22.39,22.43,22.25,22.4,7256
20140902,22.49,22.55,22.42,22.53,8551
20140903,22.67,22.67,22.37,22.39,9854
20140904,22.47,22.54,22.22,22.27,4628
20140905,22.24,22.47,22.21,22.47,6401
20140908,22.53,22.7,22.51,22.65,52265
20140909,22.71,22.71,22.41,22.46,24506
20140910,22.52,22.66,22.45,22.64,11106
20140911,22.61,22.73,22.58,22.69,126349
20140912,22.76,22.76,22.48,22.52,27745
20140915,22.59,22.59,21.98,22.05,33672
20140916,21.98,22.3,21.97,22.27,85586
20140917,22.39,22.47,22.3,22.36,41970
20140918,22.55,22.55,22.33,22.39,135145
20140919,22.55,22.69,22.25,22.47,109100
20140922,22.48,22.48,22.02,22.08,31907
20140923,22.08,22.14,21.9,21.95,39279
20140924,21.86,22.15,21.86,22.1,86997
20140925,22.07,22.07,21.75,21.75,19166
20140926,21.91,21.93,21.79,21.91,11774
20140929,21.79,22.04,21.79,22.01,14702
20140930,21.97,22.02,21.85,21.91,13630
20141001,21.84,22.17,21.4,21.42,22225
20141002,21.43,21.69,21.29,21.66,94832
20141003,21.81,22,21.81,21.9,16416
20141006,21.92,22.03,21.71,21.79,7721
20141007,21.67,21.82,21.52,21.52,20402
20141008,21.47,21.76,21.21,21.76,21514
20141009,21.71,21.78,21.37,21.41,5988
20141010,21.35,21.35,20.73,20.73,33411
20141013,20.72,20.72,20.19,20.2,22012
20141014,20.31,20.48,20.07,20.25,12241
20141015,20.01,20.37,19.666,20.35,31027
20141016,19.871,20.79,19.871,20.59,24559
20141017,20.91,21.06,20.79,20.86,8997
20141020,20.82,21.11,20.82,21.11,4652
20141021,21.33,21.61,21.33,21.57,5321
20141022,21.62,21.71,21.25,21.25,8778
20141023,21.52,21.74,21.5,21.63,6195
20141024,21.74,21.74,21.6,21.74,6584
20141027,21.52,21.72,21.17,21.68,4384
20141028,21.62,21.84,21.43,21.83,144647
20141029,21.84,21.84,21.6,21.6,8516
20141030,21.67,21.81,21.56,21.8,8118
20141031,21.96,21.96,21.85,21.92,14168
20141103,21.87,22.2,21.87,22,40577
20141104,21.98,22.07,21.92,22.04,5414
20141105,22.22,22.22,22.04,22.04,2076
20141106,22,22.31,22,22.31,11877
20141107,22.41,22.5,22.32,22.43,12980
20141110,22.5,22.58,22.45,22.47,9230
20141111,22.38,22.59,22.33,22.59,21294
20141112,22.43,22.8,22.43,22.76,12705
20141113,22.83,22.87,22.5,22.5,19053
20141114,22.56,22.71,22.55,22.71,2812
20141117,22.79,22.79,22.54,22.63,5083
20141118,22.54,22.75,22.54,22.67,8019
20141119,22.48,22.55,22.35,22.43,9912
20141120,22.36,22.66,22.35,22.59,15037
20141121,22.81,22.86,22.74,22.74,6392
20141124,22.78,22.91,22.78,22.91,12878
20141125,23.02,23.02,22.74,22.76,7014
20141126,22.79,22.88,22.78,22.87,2895
20141128,22.78,22.79,22.68,22.68,1619
20141201,22.63,22.63,22.14,22.17,10575
20141202,22.17,22.38,22.17,22.37,4932
20141203,22.43,22.51,22.43,22.51,2006
20141204,22.51,22.51,22.28,22.28,16335
20141205,22.5,22.5,22.27,22.27,7317
20141208,22.2,22.2,21.86,21.98,6541
20141209,21.69,22.16,21.68,22.16,5749
20141210,21.99,22.11,21.73,21.74,8620
20141211,21.81,22.16,21.81,21.84,7845
20141212,21.83,21.85,21.73,21.77,15283
20141215,21.77,21.82,21.51,21.52,6138
20141216,21.34,21.71,21.26,21.36,25498
20141217,21.34,21.86,21.34,21.86,4929
20141218,22.15,22.27,22.15,22.27,9615
20141219,23.09,23.09,21.51,22.55,7756
20141222,22.56,22.7,22.48,22.7,5915
20141223,22.67,22.77,22.58,22.62,17490
20141224,22.69,22.8,22.64,22.73,5865
20141226,22.67,22.81,22.67,22.73,4706
20141229,22.74,22.74,22.6,22.65,5967
20141230,22.61,22.62,22.39,22.44,5508
20141231,22.62,22.62,22.33,22.33,34636
20150102,22.58,22.58,22.18,22.23,5483
20150105,21.97,22.26,21.92,21.92,13898
20150106,21.92,22.1,21.71,22.04,7031
20150107,22.19,22.19,22.08,22.08,4982
20150108,21.89,22.54,21.89,22.54,11763
20150109,22.5,22.6,22.37,22.57,4516
20150112,22.55,22.55,22.24,22.24,2944
20150113,22.41,22.5,22.03,22.19,9337
20150114,21.78,22.12,21.78,22.11,7713
20150115,22.11,22.11,21.6,21.61,13568
20150116,21.54,21.85,21.54,21.85,20521
20150120,21.91,21.95,21.75,21.93,11780
20150121,21.95,22.17,21.95,22.03,16978
20150122,22.17,22.42,22.05,22.38,29592
20150123,22.32,22.47,22.32,22.39,5518
20150126,22.43,22.64,22.43,22.64,5977
20150127,22.42,22.51,22.27,22.51,3855
20150128,22.43,22.45,22.1,22.1,2506
20150129,21.97,21.97,21.61,21.91,10448
20150130,21.76,21.89,21.59,21.69,16398
20150202,21.79,21.84,21.55,21.65,2553
20150203,21.99,22.34,21.99,22.33,7847
20150204,22.37,22.43,22.3,22.38,15516
20150205,22.48,22.62,22.48,22.57,8080
20150206,22.76,22.97,22.76,22.77,12401
20150209,22.71,22.78,22.67,22.67,19955
20150210,22.74,22.89,22.7,22.89,2165
20150211,23.06,23.15,23.06,23.1,2773
20150212,23.26,23.42,23.25,23.4,7604
20150213,23.45,23.52,23.4,23.48,10280
20150217,23.57,23.57,23.49,23.52,4733
20150218,23.52,23.64,23.52,23.6,7464
20150219,23.59,23.71,23.59,23.71,1072
20150220,23.56,23.81,23.56,23.77,7363
20150223,23.7,23.76,23.6,23.6,11009
20150224,23.66,23.67,23.54,23.58,11498
20150225,23.56,23.69,23.56,23.65,6821
20150226,23.66,23.79,23.66,23.74,14301
20150227,23.74,23.74,23.58,23.58,3945
20150302,23.58,23.68,23.52,23.68,14297
20150303,23.63,23.71,23.57,23.62,4807
20150304,23.51,23.7,23.46,23.66,6310
20150305,23.72,23.79,23.72,23.72,2184
20150306,23.54,23.7,23.42,23.42,1576
20150309,23.44,23.5,23.44,23.5,6864
20150310,23.4,23.4,23.16,23.22,15984
20150311,23.2,23.31,23.2,23.26,5235
20150312,23.37,23.54,23.37,23.54,1419
20150313,23.55,23.55,23.34,23.34,2237
20150316,23.52,23.63,23.52,23.63,5996
20150317,23.67,23.73,23.65,23.73,924
20150318,23.63,24.07,23.63,24,2831
20150319,24.03,24.07,23.99,24.06,11303
20150320,24.19,24.22,24.12,24.12,9451
20150323,24.09,24.14,24.05,24.05,2114
20150324,23.88,24.17,23.88,24.17,5534
20150325,24,24,23.72,23.79,2553
20150326,23.65,23.77,23.64,23.72,5435
20150327,23.8,23.87,23.77,23.86,5056
20150330,23.97,24.02,23.85,23.97,8508
20150331,23.94,24.04,23.91,23.91,2720
20150401,23.85,23.87,23.71,23.71,2321
20150402,23.76,23.83,23.76,23.8,2147
20150406,23.77,24,23.77,23.95,6669
20150407,23.88,24.2,23.88,24.08,10289
20150408,24.36,24.38,24.29,24.38,1559
20150409,24.47,24.48,24.28,24.37,5291
20150410,24.36,24.37,24.32,24.37,1916
20150413,24.5,24.51,24.35,24.37,3470
20150414,24.33,24.33,24.21,24.3,730
20150415,24.53,24.59,24.47,24.54,8225
20150416,24.59,24.6,24.48,24.59,8275
20150417,24.49,24.49,24.15,24.15,7850
20150420,24.38,24.38,24.23,24.3,8383
20150421,24.44,24.44,24.4,24.41,1592
20150422,24.35,24.5,24.35,24.46,9140
20150423,24.41,24.59,24.41,24.55,2535
20150424,24.52,24.67,24.52,24.59,1093
20150427,24.57,24.84,24.51,24.51,5166
20150428,24.73,24.73,24.08,24.15,12754
20150429,24.05,24.05,23.73,23.74,30495
20150430,23.88,23.88,23.42,23.57,6004
20150501,23.57,23.65,23.57,23.65,867
20150504,23.74,23.74,23.68,23.69,5009
20150505,23.64,23.64,23.33,23.33,2925
20150506,23.38,23.38,23.29,23.34,7620
20150507,23.53,23.62,23.47,23.62,7367
20150508,23.83,23.97,23.83,23.9,11868
20150511,23.89,23.99,23.86,23.87,7578
20150512,23.9,23.9,23.68,23.85,5051
20150513,23.91,23.94,23.83,23.9,3008
20150514,24.21,24.21,23.92,24.03,2945
20150515,24,24.04,23.96,24.04,5504
20150518,24.02,24.05,23.98,24.03,3486
20150519,23.99,24.16,23.99,24.15,2761
20150520,24.27,24.27,24.09,24.22,3972
20150521,24.24,24.37,24.24,24.34,2609
20150522,24.36,24.43,24.36,24.42,5394
20150526,24.39,24.39,24.18,24.19,3082
20150527,24.2,24.22,24.19,24.22,1123
20150528,24.21,24.25,24.18,24.23,2547
20150529,24.19,24.19,24.11,24.12,1788
20150601,24.21,24.29,24.09,24.29,4132
20150602,24.3,24.32,24.21,24.23,1054
20150603,24.28,24.41,24.28,24.39,5508
20150604,24.43,24.43,24.2,24.2,2490
20150605,24.33,24.4,24.33,24.37,1298
20150608,24.44,24.44,24.17,24.17,4674
20150609,23.99,24.16,23.99,24.16,6371
20150610,24.27,24.3,24.18,24.26,16387
20150611,24.36,24.36,24.27,24.27,1533
20150612,24.28,24.33,24.28,24.29,5842
20150615,24.23,24.23,24.04,24.18,2640
20150616,24.09,24.27,24.09,24.27,1752
20150617,24.36,24.4,24.22,24.3,4648
20150618,24.46,24.51,24.41,24.45,7795
20150619,24.51,24.51,24.39,24.44,24046
20150622,24.46,24.48,24.38,24.38,11257
20150623,24.36,24.49,24.33,24.33,28764
20150624,24.29,24.38,24.14,24.14,6296
20150625,24.2,24.2,24.13,24.17,10389
20150626,24.13,24.13,23.92,23.93,8063
20150629,23.68,23.69,23.38,23.38,4409
20150630,23.61,23.64,23.58,23.64,2757
20150701,23.83,23.83,23.59,23.66,7857
20150702,23.7,23.72,23.55,23.55,6750
20150706,23.43,23.53,23.25,23.32,11954
20150707,23.25,23.38,22.78,23.38,4685
20150708,23.17,23.2,22.94,22.94,2880
20150709,23.34,23.44,23.28,23.28,1215
20150710,23.47,23.52,23.4,23.48,5370
20150713,23.66,23.83,23.66,23.82,3023
20150714,23.99,24.01,23.97,24.01,1251
20150715,24.04,24.04,23.81,23.82,3390
20150716,23.88,24.04,23.88,23.99,6383
20150717,24.01,24.1,24.01,24.03,1684
20150720,24.16,24.16,23.95,24.04,2241
20150721,24.1,24.1,23.94,24.01,1024
20150722,23.9,24.11,23.9,24.05,3578
20150723,24.08,24.18,23.97,23.97,5227
20150724,24.11,24.11,23.66,23.7,4083
20150727,23.5,23.5,23.2,23.2,3212
20150728,23.31,23.6,23.16,23.56,8308
20150729,23.51,23.58,23.38,23.56,2685
20150730,23.44,23.55,23.44,23.55,5413
20150731,23.37,23.62,23.37,23.54,3500
20150803,23.5,23.52,23.3,23.3,7234
20150804,23.15,23.36,23.15,23.3,432
20150805,23.49,23.58,23.29,23.29,1374
20150806,23.22,23.22,22.81,22.9,4426
20150807,22.93,22.93,22.63,22.75,5509
20150810,22.88,23.11,22.88,23.09,6516
20150811,22.87,22.87,22.48,22.61,2202
20150812,22.32,22.46,22.03,22.42,11305
20150813,22.48,22.57,22.44,22.44,1524
20150814,22.38,22.53,22.37,22.53,6631
20150817,22.54,22.74,22.54,22.7,2991
20150818,22.62,22.66,22.59,22.59,3004
20150819,22.37,22.37,22.18,22.31,2471
20150820,22.11,22.11,21.54,21.54,17324
20150821,21.33,21.47,21.04,21.1,11784
20150824,20.07,20.89,11.604,20.42,27311
20150825,20.69,21.05,20.38,20.38,8497
20150826,20.49,20.84,20.3,20.82,11254
20150827,21.2,21.55,21.15,21.37,5491
20150828,21.44,21.53,21.41,21.47,2634
20150831,21.43,21.53,21.31,21.35,1428
20150901,20.84,21.05,20.61,20.69,11033
20150902,20.86,20.86,20.65,20.85,1795
20150903,20.98,21.19,20.94,21.01,5716
20150904,20.69,20.7,20.53,20.58,919
20150908,20.88,21.03,20.76,20.83,5343
20150909,21.04,21.04,20.82,20.82,1020
20150910,20.64,20.75,20.64,20.67,4094
20150911,20.5,20.66,20.42,20.66,3039
20150914,20.72,20.72,20.55,20.6,6126
20150915,20.61,20.78,20.61,20.78,1430
20150916,20.87,21.11,20.87,21.05,1741
20150917,21.17,21.42,21.17,21.27,2711
20150918,21.06,21.06,20.85,20.88,8365
20150921,20.98,20.98,20.69,20.69,1736
20150922,20.36,20.38,20.15,20.15,1582
20150923,20.18,20.28,20.07,20.07,7658
20150924,19.972,19.982,19.718,19.982,2248
20150925,20.12,20.12,19.625,19.669,4292
20150928,19.458,19.473,18.953,18.953,3064
20150929,18.98,19.13,18.871,18.921,2332
20150930,19.318,19.483,19.306,19.483,7391
20151001,19.326,19.444,19.326,19.414,2347
20151002,19.258,20.06,19.258,20.06,13780
20151005,20.2,20.45,20.2,20.42,4238
20151006,20.36,20.41,20.19,20.19,1740
20151007,20.43,20.65,20.29,20.65,7263
20151008,20.59,20.78,20.57,20.78,2326
20151009,20.86,21.01,20.86,20.95,4284
20151012,21.05,21.05,20.84,20.9,7973
20151013,20.75,20.9,20.68,20.7,23756
20151014,20.47,20.6,20.46,20.6,893
20151015,20.6,20.92,20.59,20.92,5464
20151016,21.04,21.04,20.95,21.02,2692
20151019,21.05,21.12,21.05,21.12,613
20151020,20.96,21.04,20.95,20.96,1327
20151021,20.95,20.95,20.6,20.6,5618
20151022,20.64,20.87,20.64,20.64,8007
20151023,20.9,21.11,20.9,21.08,7042
20151026,21.05,21.16,21.05,21.06,3416
20151027,21.2,21.24,21.01,21.11,1534
20151028,20.99,21.43,20.99,21.43,1129
20151029,21.05,21.07,21.03,21.03,612
20151030,20.99,21.1,20.99,21.02,5558
20151102,20.99,21.32,20.99,21.32,16779
20151103,21.32,21.5,21.31,21.46,1929
20151104,21.49,21.69,21.49,21.52,17582
20151105,21.23,21.33,21.23,21.3,1557
20151106,21.45,21.45,21.25,21.32,1429
20151109,21.07,21.34,20.92,21.14,7758
20151110,20.88,21.11,20.88,21.1,1580
20151111,21.13,21.13,20.89,20.9,6164
20151112,20.77,20.88,20.66,20.69,3265
20151113,20.5,20.51,20.37,20.38,3857
20151116,20.28,20.55,20.28,20.51,5484
20151117,20.46,20.62,20.43,20.46,3984
20151118,20.56,20.73,20.51,20.71,3948
20151119,20.72,20.77,20.7,20.71,1300
20151120,20.76,20.91,20.76,20.81,4615
20151123,20.84,20.98,20.84,20.94,11541
20151124,20.85,20.96,20.75,20.96,2083
20151125,21.04,21.12,21.04,21.09,1173
20151127,20.98,21.06,20.97,21.05,23133
20151130,21.12,21.12,21.01,21.08,9303
20151201,21.07,21.24,21.07,21.23,2461
20151202,21.19,21.23,21.18,21.18,718
20151203,21.08,21.08,20.7,20.7,1235
20151204,20.83,20.89,20.76,20.89,7214
20151207,20.76,20.8,20.61,20.69,11384
20151208,20.4,20.7,20.4,20.69,3421
20151209,20.58,20.78,20.41,20.44,2691
20151210,20.37,20.69,20.37,20.62,1064
20151211,20.36,20.36,19.99,19.992,13533
20151214,20.03,20.03,19.767,19.933,2004
20151215,19.982,20.21,19.982,20.21,2186
20151216,20.41,20.56,20.29,20.56,3853
20151217,20.72,20.72,20.29,20.32,5849
20151218,20.16,20.16,20.03,20.03,1224
20151221,20.1,20.1,19.974,20.06,5845
20151222,20.09,20.25,20.08,20.25,14384
20151223,20.38,20.57,20.37,20.57,4625
20151224,20.53,20.6,20.53,20.6,204
20151228,20.44,20.44,20.27,20.36,23081
20151229,20.41,20.62,20.41,20.62,2591
20151230,20.49,20.49,20.39,20.39,6478
20151231,20.33,20.51,20.29,20.47,15208
20160104,20.18,20.18,19.76,19.866,3898
20160105,19.866,19.866,19.788,19.817,3806
20160106,19.565,19.651,19.415,19.419,2349
20160107,19.249,19.249,18.818,18.859,4256
20160108,19.004,19.004,18.622,18.622,1671
20160111,18.622,18.622,18.132,18.331,7492
20160112,18.661,18.701,18.26,18.403,8833
20160113,18.358,18.358,17.878,17.907,3238
20160114,17.848,18.113,17.427,18.034,9476
20160115,17.505,17.613,17.398,17.613,9595
20160119,17.78,17.829,17.251,17.466,6646
20160120,16.919,17.358,16.624,17.339,16520
20160121,17.388,17.407,17.33,17.37,1148
20160122,17.702,17.917,17.595,17.755,1816
20160125,17.701,17.701,17.496,17.515,7059
20160126,17.466,17.584,17.368,17.525,982
20160127,17.481,17.633,17.148,17.148,1410
20160128,17.114,17.114,17.073,17.073,449
20160129,17.212,17.231,17.212,17.231,204
20160201,17.3,17.309,17.055,17.309,2479
20160202,17.104,17.104,16.999,16.999,397
20160203,16.461,16.526,16.455,16.526,306
20160204,16.722,16.986,16.722,16.986,5269
20160205,16.898,16.898,16.477,16.477,6265
20160208,15.997,15.997,15.732,15.762,2034
20160209,15.899,15.899,15.651,15.798,7840
20160210,16.001,16.056,15.98,16.035,1539
20160211,15.605,15.605,15.536,15.558,714
20160212,15.802,15.928,15.698,15.928,1122
20160216,16.203,16.653,16.203,16.625,7273
20160217,16.935,17.133,16.935,17.133,735
20160218,17.212,17.212,16.968,16.996,3573
20160219,16.918,17.143,16.918,17.143,1429
20160222,17.358,17.456,17.358,17.456,2992
20160223,17.309,17.309,17.145,17.145,2567
20160224,16.898,17.045,16.751,17.045,1362
20160225,17.084,17.261,17.084,17.204,663
20160226,17.358,17.515,17.358,17.515,683
20160229,17.662,17.662,17.564,17.623,2389
20160301,17.623,17.897,17.623,17.889,4004
20160302,17.946,18.191,17.946,18.191,918
20160303,18.172,18.172,18.172,18.172,102
20160304,18.264,18.456,18.264,18.387,561
20160307,18.24,18.544,18.24,18.442,1989
20160308,18.23,18.23,18.034,18.034,4062
20160309,18.092,18.103,17.94,18.103,8190
20160310,18.191,18.191,18.054,18.054,405
20160311,18.406,18.534,18.406,18.534,1275
20160314,18.367,18.465,18.333,18.413,2245
20160315,18.078,18.123,18.078,18.123,612
20160316,18.185,18.318,18.162,18.289,1058
20160317,18.289,18.456,18.23,18.456,6649
20160318,18.629,18.647,18.594,18.594,561
20160321,18.765,18.794,18.667,18.706,4753
20160322,18.594,18.775,18.594,18.775,852
20160323,18.814,18.814,18.431,18.431,2428
20160324,18.294,18.294,18.294,18.294,102
20160328,18.412,18.431,18.339,18.402,2113
20160329,18.461,18.716,18.333,18.716,4960
20160330,18.838,18.863,18.799,18.799,3756
20160331,18.951,18.951,18.922,18.922,611
20160401,18.88,19.04,18.88,19.04,1937
20160404,19.04,19.138,19.01,19.01,1936
20160405,18.824,18.824,18.706,18.706,510
20160406,18.791,19.089,18.791,19.036,4394
20160407,18.991,18.991,18.834,18.834,958
20160408,18.942,18.942,18.863,18.863,1339
20160411,19.059,19.059,18.971,19.002,4107
20160412,18.912,19.089,18.912,19.089,382
20160413,19.226,19.511,19.226,19.511,2454
20160414,19.599,19.599,19.56,19.581,5767
20160415,19.579,19.579,19.579,19.579,1019
20160418,19.398,19.638,19.398,19.638,2135
20160419,19.776,19.776,19.652,19.717,3906
20160420,19.766,19.982,19.745,19.903,2458
20160421,19.913,20,19.835,19.835,14265
20160422,19.839,19.884,19.82,19.884,1429
20160425,19.933,19.933,19.707,19.721,1653
20160426,19.786,19.786,19.727,19.732,894
20160427,19.786,19.844,19.673,19.844,468
20160428,19.879,19.913,19.879,19.913,3112
20160429,19.53,19.599,19.462,19.599,1836
20160502,19.64,19.668,19.64,19.668,1989
20160503,19.501,19.501,19.246,19.305,4432
20160504,19.187,19.187,19,19.079,4382
20160505,19.157,19.157,18.992,19.079,4258
20160506,19.054,19.056,19.054,19.056,357
20160509,18.942,19.03,18.873,19.03,26644
20160510,19.028,19.256,19.028,19.256,815
20160511,19.216,19.216,19.119,19.119,357
20160512,19.157,19.157,18.863,18.863,5655
20160513,18.886,18.932,18.807,18.807,8884
20160516,18.976,19.079,18.976,19.059,7594
20160517,19.148,19.148,18.961,18.967,2579
20160518,19.03,19.03,19.03,19.03,408
20160519,18.854,19,18.854,19,611
20160520,19.183,19.236,19.164,19.236,357
20160523,19.262,19.295,19.256,19.295,1120
20160524,19.463,19.54,19.463,19.511,1122
20160525,19.491,19.491,19.406,19.426,1896
20160526,19.48,19.484,19.479,19.484,1019
20160527,19.629,19.687,19.629,19.687,408
20160531,19.732,19.825,19.732,19.82,3844
20160601,19.786,19.786,19.786,19.786,102
20160602,19.786,19.786,19.786,19.786,204
20160603,19.687,19.687,19.668,19.668,306
20160606,19.673,19.913,19.673,19.913,5850
20160607,19.778,19.933,19.778,19.891,1115
20160608,19.815,19.923,19.815,19.865,823
20160609,19.717,19.717,19.673,19.685,663
20160610,19.442,19.442,19.251,19.251,1020
20160613,19.099,19.236,19.069,19.081,2059
20160614,18.681,18.706,18.564,18.706,1630
20160615,18.843,18.902,18.745,18.745,1019
20160616,18.432,18.627,18.431,18.627,1116
20160617,18.668,18.717,18.668,18.687,923
20160620,19.051,19.051,19.051,19.051,102
20160621,18.924,19.031,18.918,19.031,2627
20160622,18.953,18.953,18.884,18.903,715
20160623,19.147,19.208,19.139,19.208,1323
20160624,18.268,18.717,18.268,18.448,2365
20160627,18.029,18.078,17.617,17.774,2750
20160628,17.759,18,17.759,17.996,613
20160629,18.296,18.609,18.296,18.609,5801
20160630,18.884,18.884,18.884,18.884,102
20160701,19.077,19.1,18.935,18.935,3717
20160705,18.766,18.766,18.668,18.737,2379
20160706,18.558,18.746,18.558,18.726,5449
20160707,18.835,18.848,18.835,18.848,2097
20160708,18.992,19.208,18.992,19.159,9115
20160711,19.189,19.513,19.189,19.493,2559
20160712,19.601,19.614,19.601,19.614,713
20160713,19.66,19.66,19.474,19.523,1725
20160714,19.758,19.758,19.621,19.621,714
20160715,19.768,19.768,19.562,19.572,2238
20160718,19.682,19.729,19.682,19.709,815
20160719,19.621,19.64,19.615,19.64,713
20160720,19.739,19.876,19.739,19.847,4653
20160721,19.896,19.896,19.798,19.821,3686
20160722,19.894,19.906,19.894,19.904,408
20160725,19.843,19.847,19.788,19.828,657
20160726,19.785,19.857,19.785,19.849,670
20160727,19.807,19.916,19.807,19.916,357
20160728,19.827,19.906,19.827,19.906,1069
20160729,19.807,19.906,19.807,19.896,4171
20160801,19.965,19.965,19.827,19.827,1528
20160802,19.748,19.748,19.611,19.611,2242
20160803,19.562,19.827,19.562,19.807,2344
20160804,19.974,19.974,19.974,19.974,102
20160805,19.998,20.1,19.998,20.1,2107
20160808,20.09,20.21,20.09,20.21,2605
20160809,20.17,20.2,20.17,20.18,611
20160810,20.03,20.03,20.03,20.03,102
20160811,20.18,20.25,20.18,20.22,611
20160812,20.24,20.39,20.24,20.39,5195
20160815,20.38,20.65,20.38,20.65,17079
20160816,20.4,20.4,20.39,20.39,254
20160817,20.22,20.22,20.22,20.22,142
20160818,20.33,20.41,20.32,20.37,16636
20160819,20.34,20.39,20.34,20.39,581
20160822,20.27,20.39,20.27,20.38,1731
20160823,20.4,20.67,20.4,20.6,5380
20160824,20.62,20.63,20.44,20.44,3391
20160825,20.29,20.36,20.29,20.34,2443
20160826,20.45,20.46,20.28,20.37,1129
20160829,20.38,20.49,20.38,20.46,1176
20160830,20.46,20.51,20.46,20.51,3678
20160831,20.42,20.55,20.42,20.55,321
20160901,20.55,20.55,20.48,20.48,358
20160902,20.74,20.76,20.71,20.72,4336
20160906,20.75,20.77,20.74,20.76,914
20160907,20.86,20.87,20.76,20.87,2138
20160908,20.87,20.87,20.84,20.84,1370
20160912,20.24,20.49,20.16,20.48,11552
20160913,20.17,20.17,19.984,20.07,3974
20160914,20.15,20.21,20.13,20.13,724
20160915,20.21,20.36,20.21,20.34,2424
20160916,20.43,20.43,20.39,20.39,2846
20160920,20.44,20.44,20.34,20.34,509
20160921,20.32,20.6,20.32,20.56,356
20160922,20.94,20.95,20.88,20.93,4268
20160923,20.9,20.94,20.88,20.93,1425
20160926,20.8,20.8,20.7,20.7,2186
20160927,20.8,20.92,20.8,20.9,1729
20160928,20.93,20.93,20.79,20.93,2895
20160929,20.82,20.82,20.65,20.65,814
20160930,20.77,20.85,20.77,20.83,4339
20161003,20.66,20.71,20.63,20.71,7837
20161004,20.78,20.78,20.67,20.67,2552
20161005,20.83,20.86,20.8,20.82,2746
20161006,20.87,20.87,20.7,20.77,5497
20161007,20.77,20.77,20.52,20.58,3660
20161010,20.84,20.84,20.73,20.73,1575
20161011,20.41,20.41,20.33,20.33,1119
20161012,20.4,20.45,20.28,20.28,865
20161013,19.992,20.19,19.992,20.19,1191
20161014,20.23,20.23,20.23,20.23,457
20161017,20.16,20.16,20.16,20.16,646
20161018,20.28,20.37,20.28,20.35,1661
20161019,20.36,20.43,20.36,20.43,1635
20161020,20.48,20.48,20.48,20.48,152
20161021,20.51,20.55,20.51,20.55,508
20161024,20.67,20.74,20.67,20.68,915
20161025,20.59,20.59,20.53,20.53,565
20161026,20.39,20.39,20.3,20.3,3175
20161027,20.16,20.16,20.16,20.16,254
20161028,20.04,20.06,19.923,19.923,3697
20161101,19.918,19.972,19.81,19.81,2448
20161102,19.893,19.893,19.578,19.687,6966
20161103,19.51,19.51,19.244,19.244,3943
20161104,19.402,19.441,19.401,19.401,1137
20161107,19.78,19.834,19.78,19.8,8947
20161108,19.675,19.805,19.675,19.775,1775
20161109,19.471,20,19.471,19.972,1949
20161110,20.2,20.25,20.1,20.1,888
20161111,20.12,20.12,20.12,20.12,203
20161114,20.16,20.19,20.15,20.16,813
20161115,20.13,20.4,20.12,20.4,1289
20161116,20.37,20.39,20.37,20.39,2135
20161117,20.47,20.5,20.47,20.5,8878
20161118,20.64,20.64,20.5,20.55,5754
20161121,20.54,20.7,20.54,20.66,9760
20161123,20.48,20.61,20.48,20.6,1931
20161125,20.65,20.68,20.65,20.68,762
20161128,20.57,20.58,20.51,20.51,1225
20161129,20.39,20.47,20.39,20.47,1524
20161130,20.66,20.66,20.47,20.48,775
20161201,20.48,20.48,20.34,20.34,2950
20161202,20.11,20.15,20.11,20.15,509
20161205,20.23,20.3,20.23,20.24,2161
20161206,20.28,20.42,20.28,20.42,514
20161207,20.41,20.56,20.4,20.56,3175
20161208,20.72,20.82,20.61,20.82,4893
20161209,20.8,20.8,20.77,20.8,2496
20161212,20.68,20.84,20.61,20.61,5068
20161213,20.48,20.55,20.48,20.54,1802
20161214,20.4,20.4,20.4,20.4,102
20161215,20.37,20.37,20.37,20.37,610
20161216,20.29,20.48,20.29,20.42,2034
20161219,20.32,20.48,20.32,20.48,2145
20161220,20.5,20.54,20.47,20.54,2338
20161221,20.55,20.55,20.52,20.54,1677
20161222,20.48,20.48,20.39,20.39,2379
20161223,20.39,20.46,20.39,20.46,1497
20161227,20.63,20.66,20.63,20.66,407
20161228,20.47,20.47,20.47,20.47,203
20161229,20.44,20.44,20.39,20.41,2098
20161230,20.42,20.42,20.34,20.34,4406
20170103,20.48,20.66,20.47,20.48,2214
20170104,20.6,20.86,20.6,20.86,458
20170105,20.95,20.95,20.81,20.93,4764
20170106,21.06,21.06,20.9,21.01,5413
20170109,21.08,21.17,21.01,21.09,6871
20170110,21.05,21.18,21,21,8221
20170111,21.1,21.1,21.1,21.1,985
20170112,20.89,21.02,20.89,21.01,2934
20170113,21.13,21.2,21.13,21.17,2928
20170117,21.15,21.17,21.08,21.08,2538
20170118,21.22,21.22,21.16,21.18,1643
20170119,21.25,21.28,21.2,21.2,542
20170120,21.34,21.35,21.34,21.35,1017
20170123,21.35,21.35,21.22,21.22,1645
20170124,21.17,21.52,21.17,21.5,627
20170125,21.6,21.63,21.59,21.61,5176
20170126,21.7,21.7,21.4,21.4,2486
20170127,21.39,21.39,21.31,21.35,1188
20170130,21.29,21.29,20.98,21.04,4271
20170131,21.12,21.12,21.06,21.07,987
20170201,21.08,21.08,21.06,21.08,393
20170202,21.09,21.3,21.09,21.23,2471
20170203,21.44,21.45,21.34,21.45,2086
20170206,21.38,21.38,21.28,21.29,1678
20170207,21.27,21.29,21.27,21.29,413
20170208,21.21,21.21,21.14,21.14,711
20170209,21.55,21.55,21.55,21.55,508
20170210,21.69,21.69,21.62,21.69,1811
20170213,21.82,21.86,21.82,21.85,4851
20170214,21.91,22.05,21.91,22.04,3213
20170215,22.11,22.3,22.11,22.3,2490
20170216,22.3,22.3,22.11,22.15,4972
20170217,22.18,22.24,22.14,22.24,3550
20170221,22.33,22.44,22.33,22.44,3320
20170222,22.45,22.46,22.39,22.41,7889
20170223,22.41,22.44,22.37,22.44,1067
20170224,22.31,22.4,22.31,22.36,1749
20170227,22.43,22.45,22.36,22.45,3964
20170228,22.3,22.3,22.23,22.23,254
20170301,22.45,22.47,22.39,22.47,8837
20170302,22.49,22.49,22.23,22.23,23051
20170303,22.33,22.33,22.19,22.31,3502
20170306,22.15,22.16,22.02,22.12,6105
20170307,22.26,22.26,22,22,3700
20170308,21.98,22.07,21.98,22.04,2623
20170309,22.04,22.04,21.84,21.96,8006
20170310,22.03,22.12,22.03,22.09,2805
20170313,22.1,22.14,22.1,22.12,409
20170314,21.94,21.96,21.94,21.96,508
20170315,21.97,22.11,21.97,22.05,2796
20170316,22.32,22.32,22.21,22.21,1935
20170317,22.27,22.34,22.27,22.31,2216
20170320,22.29,22.29,22.2,22.2,2093
20170321,22.02,22.02,21.87,21.87,3418
20170322,21.93,22,21.89,22,3224
20170323,22.08,22.24,22.08,22.23,1350
20170324,22.28,22.31,22.27,22.31,1726
20170327,22.12,22.45,22.11,22.42,4916
20170328,22.4,22.65,22.3,22.59,5566
20170329,22.65,22.7,22.65,22.7,915
20170330,22.68,22.71,22.68,22.71,812
20170331,22.7,22.77,22.67,22.77,2438
20170403,22.76,22.79,22.46,22.57,11788
20170404,22.58,22.59,22.58,22.59,224
20170405,22.54,22.54,22.3,22.3,534
20170406,22.32,22.39,22.23,22.37,2345
20170407,22.25,22.41,22.25,22.41,489
20170410,22.54,22.54,22.48,22.48,4249
20170411,22.36,22.44,22.36,22.41,1422
20170413,22.42,22.42,22.27,22.27,2538
20170417,22.28,22.45,22.27,22.45,3307
20170418,22.51,22.54,22.41,22.48,1237
20170419,22.65,22.75,22.65,22.69,2539
20170420,22.83,22.92,22.83,22.91,4081
20170421,22.92,22.92,22.88,22.88,1929
20170424,23.14,23.14,23.03,23.14,3658
20170425,23.07,23.35,23.07,23.29,2645
20170426,23.27,23.39,23.27,23.38,1414
20170427,23.46,23.52,23.4,23.45,2664
20170428,23.39,23.46,23.39,23.44,1878
20170501,23.5,23.64,23.44,23.61,16984
20170502,23.69,23.78,23.65,23.78,4976
20170503,23.75,23.75,23.42,23.52,6221
20170504,23.83,23.88,23.79,23.88,2267
20170505,23.96,24.21,23.96,24.21,4465
20170508,24.49,24.49,24.19,24.27,5258
20170509,24.48,24.48,24.35,24.38,2271
20170510,24.45,24.57,24.36,24.55,8113
20170511,24.39,24.39,24.03,24.22,4785
20170512,24.2,24.34,24.2,24.28,3733
20170515,24.62,24.73,24.58,24.66,9614
20170516,24.67,24.67,24.56,24.64,5244
20170517,24.3,24.3,24.09,24.1,4268
20170518,23.91,24.17,23.79,24.17,5618
20170519,24.26,24.34,24.24,24.27,4977
20170522,24.36,24.46,24.36,24.46,926
20170523,24.46,24.52,24.46,24.48,661
20170524,24.6,24.69,24.56,24.69,5195
20170525,24.6,24.78,24.6,24.77,2236
20170526,24.77,24.87,24.77,24.81,9160
20170530,24.98,24.98,24.72,24.73,5879
20170531,24.62,24.79,24.62,24.79,1019
20170601,25.08,25.28,24.98,25.28,4948
20170602,25.43,25.45,25.43,25.45,204
20170605,25.4,25.4,25.27,25.36,7613
20170606,25.34,25.46,25.34,25.42,2766
20170607,25.36,25.42,25.31,25.34,1148
20170608,25.34,25.38,25.3,25.38,2082
20170609,25.5,25.57,24.95,25.05,3461
20170612,24.78,24.78,24.75,24.75,1422
20170613,24.94,25,24.83,24.94,9144
20170614,25.13,25.13,24.89,24.89,3250
20170615,24.53,24.78,24.45,24.78,7681
20170616,24.67,24.7,24.58,24.7,2183
20170619,25.03,25.12,25.03,25.12,4047
20170620,24.99,25.06,24.81,24.81,7385
20170621,24.8,24.8,24.77,24.77,480
20170622,24.83,24.93,24.83,24.93,505
20170623,24.79,24.93,24.79,24.93,5571
20170626,25.12,25.12,24.9,24.95,6121
20170627,25.11,25.11,24.7,24.7,15451
20170628,24.84,25.01,24.72,25.01,12517
20170629,25.01,25.01,24.55,24.64,8794
20170630,24.88,24.88,24.72,24.75,3932
20170703,24.7,24.7,24.58,24.58,728
20170705,24.47,24.67,24.47,24.65,5464
20170706,24.42,24.6,24.37,24.42,1644
20170707,24.3,24.62,24.3,24.62,4372
20170710,24.61,24.68,24.61,24.63,2731
20170711,24.61,24.76,24.59,24.76,2196
20170712,24.98,25.08,24.91,25.02,7200
20170713,25.15,25.15,24.98,24.98,3952
20170714,25.19,25.27,25.14,25.23,7447
20170717,25.3,25.3,25.2,25.27,6700
20170718,25.14,25.27,25.14,25.23,2366
20170719,25.37,25.54,25.37,25.52,5609
20170720,25.65,25.65,25.52,25.52,1616
20170721,25.38,25.52,25.38,25.43,2265
20170724,25.4,25.62,25.4,25.56,3743
20170725,25.49,25.81,25.49,25.81,3604
20170726,25.85,25.85,25.8,25.84,956
20170727,25.74,25.8,25.52,25.54,1415
20170728,25.5,25.52,25.49,25.51,2023
20170731,25.45,25.49,25.41,25.45,3227
20170801,25.66,25.66,25.55,25.65,2930
20170802,25.49,25.49,25.14,25.19,1722
20170803,25.22,25.34,25.22,25.33,3253
20170807,25.41,25.5,25.41,25.47,3006
20170808,25.5,25.5,25.41,25.41,606
20170809,25.2,25.35,25.2,25.35,1816
20170810,25.18,25.18,24.9,24.95,2267
20170811,24.81,25.06,24.53,25.06,3514
20170814,25.33,25.34,25.25,25.29,4063
20170815,25.27,25.27,25.14,25.15,911
20170816,25.35,25.35,25.25,25.25,1547
20170817,25.17,25.17,25.17,25.17,253
20170818,24.97,25.1,24.97,25.1,223
20170821,25.1,25.1,24.93,24.99,4727
20170822,25.21,25.26,25.21,25.26,613
20170823,25.35,25.35,25.35,25.35,135
20170824,25.44,25.59,25.43,25.43,1532
20170825,25.44,25.58,25.44,25.49,735
20170828,25.49,25.52,25.41,25.52,1026
20170829,25.46,25.51,25.46,25.51,506
20170830,25.59,25.69,25.59,25.69,4940
20170831,25.79,25.85,25.79,25.79,1051
20170901,25.86,26,25.86,26,2313
20170905,26,26,25.69,25.81,4186
20170906,25.85,26,25.85,26,202
20170907,25.79,25.89,25.79,25.89,576
20170908,25.69,25.69,25.69,25.69,1898
20170911,26.04,26.05,26.04,26.05,414
20170912,26.06,26.1,25.97,26.1,3477
20170913,26.05,26.05,25.89,25.92,1358
20170914,25.96,25.99,25.79,25.99,5518
20170915,26.1,26.1,25.81,25.91,8371
20170918,26.16,26.16,26.02,26.11,8470
20170919,26.13,26.28,26.13,26.27,2197
20170920,26.18,26.18,26.02,26.05,1952
20170921,26.11,26.11,26.04,26.08,3580
20170922,26.2,26.22,26.17,26.17,1604
20170925,26.25,26.25,25.84,25.84,1809
20170926,25.81,26.06,25.81,25.92,1996
20170927,26.17,26.24,26.07,26.21,1831
20170928,26.2,26.2,26.08,26.08,1130
20170929,26.3,26.3,26.3,26.3,101
20171002,26.66,26.66,26.4,26.48,497
20171003,26.57,26.61,26.52,26.57,807
20171004,26.5,26.58,26.43,26.58,8565
20171005,26.65,26.82,26.64,26.82,709
20171006,26.87,26.87,26.69,26.79,5215
20171009,26.85,26.95,26.75,26.83,7148
20171010,27.55,27.55,26.99,27.02,3043
20171011,27.55,27.55,27.1,27.2,9022
20171012,27.2,27.26,27.2,27.2,5824
20171013,27.59,27.59,27.12,27.15,3798
20171016,27.26,27.26,27.18,27.22,2017
20171017,27.16,27.16,26.74,27.06,3003
20171018,27.07,27.16,27.07,27.13,1169
20171019,27.04,27.04,26.7,26.92,1080
20171020,27.28,27.51,27.28,27.5,3229
20171023,27.62,27.62,27.23,27.23,4857
20171024,27.22,27.39,27.22,27.39,1184
20171025,27.41,27.41,26.98,27.19,2550
20171026,27.37,27.41,27.28,27.28,961
20171027,27.3,27.45,27.29,27.42,860
20171030,27.5,27.5,27.44,27.49,1364
20171031,27.49,27.73,27.48,27.73,5422
20171101,27.88,27.88,27.71,27.71,2821
20171102,27.71,27.71,27.28,27.31,14135
20171103,27.28,27.48,27.28,27.47,11669
20171106,27.6,27.68,27.48,27.63,9059
20171107,27.55,27.56,27.22,27.22,2681
20171108,27.12,27.19,27.07,27.12,5604
20171109,26.87,27.03,26.72,27.03,12317
20171110,27.11,27.23,27.11,27.2,12430
20171113,27.09,27.09,27.05,27.05,620
20171114,26.98,27.01,26.89,26.9,1263
20171115,26.83,27.03,26.8,26.91,1135
20171116,26.96,27.44,26.96,27.36,3301
20171117,27.48,27.68,27.48,27.63,3365
20171120,28.14,28.14,27.81,27.84,8501
20171121,28.03,28.19,28.01,28.12,6215
20171122,28.26,28.38,28.18,28.36,8731
20171124,28.51,28.59,28.49,28.54,7972
20171127,28.7,28.7,27.73,27.78,14171
20171128,28.08,28.08,27.73,27.92,9783
20171129,27.88,27.88,27.22,27.31,6693
20171130,27.76,27.76,27.42,27.48,4428
20171201,27.4,27.4,26.96,27.29,2694
20171204,27.88,27.88,27.13,27.13,7763
20171205,27.42,27.42,27.18,27.18,632
20171206,27.25,27.25,27.15,27.19,505
20171207,27.06,27.57,26.92,27.43,1311
20171208,27.55,27.78,27.55,27.55,1874
20171211,28.11,28.11,27.75,27.77,2861
20171212,27.87,27.87,27.7,27.72,429
20171213,27.74,27.74,27.59,27.59,1019
20171214,27.63,27.64,27.43,27.47,626
20171215,27.55,27.6,27.55,27.59,624
20171218,27.8,27.85,27.76,27.8,3716
20171219,27.88,27.88,27.6,27.64,2153
20171220,27.6,27.67,27.59,27.67,1847
20171221,27.71,27.91,27.7,27.88,15616
20171222,27.89,27.92,27.87,27.91,1343
20171226,27.68,27.96,27.68,27.95,2328
20171227,28.12,28.12,27.89,27.89,5135
20171228,27.96,27.98,27.93,27.98,4100
20171229,27.98,27.98,27.87,27.89,3202
20180102,28.05,28.21,27.97,28.09,7043
20180103,28.26,28.26,28.2,28.23,2673
20180104,28.45,28.45,28.13,28.16,4846
20180105,28.38,28.38,28.15,28.2,6847
20180108,28.27,28.27,27.94,28.1,4295
20180109,28.22,28.28,28.16,28.16,1212
20180110,28.15,28.15,27.93,28.12,3098
20180111,28.13,28.38,28.13,28.38,7639
20180112,28.48,28.48,28.28,28.33,6551
20180116,28.2,28.38,28,28,8422
20180117,28.13,28.27,27.99,28.24,5880
20180118,28.26,28.33,28.26,28.33,246
20180119,28.41,28.46,28.31,28.43,4613
20180122,28.34,28.54,28.32,28.54,6581
20180123,28.65,28.85,28.65,28.85,4529
20180124,28.98,29.02,28.78,28.81,13275
20180125,28.86,28.86,28.54,28.6,3271
20180126,28.58,28.58,28.48,28.51,1470
20180129,28.48,28.48,28.38,28.39,2076
20180130,28.23,28.23,27.88,27.99,6445
20180131,28.04,28.2,28.02,28.02,1575
20180201,28.18,28.32,28.09,28.2,26154
20180202,28.29,28.29,27.58,27.67,14081
20180205,27.49,27.53,26.75,26.82,15583
20180206,25.96,26.97,25.96,26.9,20911
20180207,27.78,28.2,27.78,28.08,26844
20180208,27.91,27.91,27.3,27.31,3668
20180209,27.19,27.25,26.38,26.97,18558
20180212,27.48,27.49,27.16,27.44,9313
20180213,27.44,27.44,27.3,27.43,3438
20180214,26.99,28.07,26.99,28.01,1676
20180215,28.73,28.73,28.16,28.55,2589
20180216,28.82,28.87,28.82,28.82,1406
20180220,28.74,28.74,28.51,28.51,782
20180221,28.31,28.6,28.31,28.54,2555
20180222,28.36,28.38,28.2,28.2,809
20180223,28.19,28.42,28.19,28.42,3187
20180226,28.42,28.52,28.42,28.5,1315
20180227,28.15,28.15,28.15,28.15,506
20180228,28.13,28.3,28.08,28.08,5067
20180301,27.8,27.89,27.7,27.89,3437
20180302,28.15,28.34,28.15,28.34,1916
20180305,28.48,28.75,28.48,28.71,2186
20180306,29.12,29.12,28.82,29.09,2703
20180307,29.12,29.14,29.09,29.14,1523
20180308,29.3,29.66,29.27,29.39,1520
20180309,29.58,29.58,29.42,29.47,2399
20180312,29.63,29.82,29.63,29.72,8986
20180313,30.27,30.27,29.52,29.52,2187
20180314,29.7,29.7,29.44,29.52,2958
20180315,29.64,29.64,29.06,29.25,1795
20180316,29.27,29.27,29.2,29.26,1829
20180319,29.2,29.2,28.74,28.89,1670
20180320,28.85,28.93,28.85,28.93,2728
20180321,29.43,29.43,28.98,29.23,8180
20180322,28.88,29.29,28.79,28.79,9288
20180323,28.65,28.74,28.26,28.26,9695
20180326,28.63,28.67,28.24,28.67,12771
20180327,28.7,28.7,28.34,28.34,4632
20180328,28.07,28.07,27.97,28.07,1600
20180329,27.65,28.46,27.65,28.41,1162
20180402,28.4,28.4,27.72,27.77,10440
20180403,27.79,27.9,27.61,27.9,3582
20180404,27.31,27.97,27.31,27.97,2374
20180405,28.36,28.36,28.07,28.15,2128
20180406,27.91,27.92,27.86,27.92,556
20180409,27.83,27.89,27.68,27.72,10117
20180410,27.87,28.11,27.87,28.11,3079
20180411,28.15,28.15,28,28,706
20180412,28.21,28.26,28.19,28.25,3848
20180413,28.08,28.22,28.02,28.14,3583
20180416,28.15,28.24,28.15,28.24,303
20180417,28.28,28.59,28.28,28.58,5105
20180418,28.75,28.9,28.75,28.88,1251
20180419,29.19,29.19,28.65,28.69,431
20180420,28.58,28.73,28.58,28.61,1566
20180423,28.69,28.86,28.67,28.71,1320
20180424,28.68,28.68,28.24,28.24,595
20180425,28.31,28.31,28.06,28.06,1453
20180426,28.32,28.38,28.32,28.38,1431
20180427,28.43,28.48,28.25,28.3,1029
20180430,28.33,28.33,28.33,28.33,447
20180501,28.11,28.4,28.09,28.4,4145
20180502,28.25,28.25,28.13,28.13,1196
20180503,27.58,27.78,27.58,27.78,1512
20180504,27.62,27.89,27.62,27.88,970
20180507,27.73,27.96,27.73,27.96,3601
20180508,27.75,27.76,27.75,27.76,5253
20180509,28.15,28.18,28.1,28.15,3954
20180510,28.39,28.62,28.39,28.6,3487
20180511,28.68,28.68,28.45,28.55,1601
20180514,28.72,28.73,28.44,28.44,699
20180515,28.32,28.32,28.32,28.32,217
20180516,28.38,28.51,28.36,28.51,20541
20180517,28.55,28.55,28.55,28.55,1104
20180521,28.87,28.87,28.58,28.58,1314
20180522,28.65,28.72,28.65,28.7,1776
20180523,28.46,28.52,28.46,28.5,404
20180524,28.64,28.64,28.64,28.64,106
20180525,28.57,28.71,28.57,28.7,766
20180529,28.7,28.7,28.46,28.46,1681
20180530,28.61,28.93,28.61,28.91,2539
20180531,29,29.09,28.88,28.9,1307
20180601,29.11,29.33,29.11,29.33,1735
20180604,29.59,29.6,29.59,29.6,2324
20180605,29.83,29.86,29.83,29.86,392
20180606,29.96,30.04,29.96,30.04,2121
20180607,30.05,30.14,29.74,29.74,2151
20180608,29.73,29.73,29.73,29.73,252
20180611,30.37,30.37,30.37,30.37,135
20180612,30.58,30.69,30.53,30.53,10856
20180613,30.78,30.82,30.62,30.62,5111
20180614,30.85,31.11,30.8,31.11,5720
20180615,30.88,31.19,30.88,31.16,7009
20180618,31.19,31.41,31.05,31.36,10457
20180619,31.12,31.12,30.4,30.78,8832
20180620,30.82,30.98,30.82,30.97,8713
20180621,30.97,30.97,30.41,30.41,5751
20180622,30.88,30.88,30.25,30.31,2700
20180625,30.13,30.13,29.27,29.45,3627
20180626,29.83,29.88,29.61,29.88,3225
20180627,30.2,30.2,29.14,29.14,4399
20180628,29.3,29.46,29.05,29.46,4047
20180629,29.87,29.87,29.51,29.52,10840
20180702,29.25,29.41,29.21,29.33,5703
20180703,30.5,30.5,29.66,29.66,610
20180705,29.42,29.74,29.42,29.74,12335
20180706,29.86,30.08,29.86,30.06,1789
20180709,30.33,30.33,30.07,30.31,1024
20180710,30.41,30.42,30.17,30.22,4022
20180711,29.95,30.1,29.95,30.04,2876
20180712,30.29,30.63,30.29,30.61,2909
20180713,30.54,30.54,30.49,30.5,2914
20180716,30.61,30.61,30.43,30.43,1943
20180717,30.49,30.78,30.49,30.77,46817
20180718,30.8,31.16,30.7,30.75,3020
20180719,30.96,30.96,30.57,30.57,5136
20180720,30.67,30.67,30.56,30.58,1416
20180723,30.62,30.66,30.6,30.62,1695
20180724,30.95,30.95,30.12,30.16,60774
20180725,30.11,30.44,30.11,30.43,2962
20180726,30.69,30.69,30.54,30.59,6936
20180727,30.86,30.86,30.45,30.45,458
20180730,30.16,30.16,29.15,29.19,29321
20180731,29.21,29.56,29.17,29.3,3163
20180801,29.58,29.58,29.36,29.48,1514
20180802,29.12,29.49,29.12,29.49,6332
20180803,29.56,29.64,29.4,29.4,1763
20180806,29.63,29.88,29.63,29.88,211
20180807,29.95,30.06,29.95,30,2067
20180808,29.9,30.2,29.74,29.74,5522
20180809,30.2,30.5,30.05,30.46,3707
20180810,30.37,30.37,30.19,30.26,2779
20180813,30.21,30.3,29.96,29.96,5462
20180814,29.96,30,29.81,30,2048
20180815,29.87,29.87,29.25,29.44,1252
20180816,29.79,29.91,29.77,29.77,3274
20180817,29.86,29.86,29.54,29.75,3468
20180820,29.76,29.76,29.76,29.76,202
20180821,30.09,30.15,30.09,30.15,1312
20180822,30.13,30.19,30.03,30.07,1235
20180823,30.19,30.25,30.11,30.11,2583
20180824,30.35,30.4,30.35,30.4,605
20180827,30.49,30.84,30.49,30.8,1427
20180828,30.85,30.96,30.69,30.71,5514
20180829,30.75,30.84,30.74,30.74,1414
20180830,30.75,30.75,30.41,30.42,716
20180831,30.48,30.5,30.48,30.48,1193
20180904,30.25,30.36,30.22,30.27,5013
20180905,30.73,30.73,29.61,29.9,2030
20180906,29.37,29.62,29.36,29.62,505
20180907,29.5,30.17,29.5,29.88,2944
20180910,29.89,30.13,29.89,30.06,4035
20180911,30.19,30.19,30.19,30.19,202
20180912,29.84,30.19,29.84,30.19,609
20180913,30.5,30.5,30.5,30.5,397
20180914,30.57,30.57,30.33,30.48,617
20180917,30.19,30.19,29.83,29.83,3225
20180918,30.12,30.16,30.04,30.15,907
20180919,29.92,30.05,29.92,30.01,2058
20180920,30.21,30.49,30.09,30.49,3553
20180921,30.53,30.63,30.4,30.45,2574
20180924,30.16,30.16,29.96,30,2596
20180925,30.14,30.18,30.11,30.11,643
20180926,30.11,30.18,30.09,30.09,1396
20180927,29.92,30.24,29.92,30.02,2380
20180928,30.03,30.09,30,30.05,4092
20181001,30.29,30.29,29.83,29.83,1708
20181002,29.61,29.61,29.14,29.14,15560
20181003,29.41,29.47,29.4,29.41,13910
20181004,28.99,28.99,28.62,28.77,3074
20181005,28.93,28.93,28.28,28.31,4850
20181008,28.07,28.33,27.89,28.17,4418
20181009,28.1,28.2,27.96,28.04,5540
20181010,27.78,27.84,26.64,26.64,14525
20181011,26.63,26.91,26.35,26.41,11185
20181012,26.95,27.09,26.71,27.09,4272
20181015,27,27.29,27,27.27,5744
20181016,27.45,27.74,27.32,27.74,3308
20181017,28.1,28.11,27.44,27.55,1414
20181018,27.42,27.43,26.89,26.91,11135
20181019,26.99,26.99,26.4,26.4,4521
20181022,26.63,26.65,26.48,26.49,4248
20181023,25.98,26.4,25.79,26.4,4016
20181024,26.01,26.08,25.22,25.22,4838
20181025,25.44,25.83,25.44,25.75,3968
20181026,25.14,25.62,24.93,25.24,4993
20181029,25.79,25.79,24.62,24.62,1714
20181030,25,25.51,25,25.47,2882
20181031,26.08,26.29,26,26.24,2845
20181101,26.34,26.68,26.34,26.62,2120
20181102,26.74,26.92,26.22,26.42,2210
20181105,26.22,26.29,26.22,26.29,502
20181106,26.4,26.55,26.4,26.48,1311
20181107,27.07,27.27,27.03,27.27,1858
20181108,27.24,27.29,27.15,27.15,906
20181109,26.78,26.78,26.66,26.66,202
20181112,26.38,26.38,25.81,25.81,1992
20181113,25.77,25.84,25.77,25.84,373
20181114,25.83,26.03,25.61,25.8,1325
20181115,25.7,26.23,25.7,26.15,853
20181116,25.99,26.04,25.85,26.04,2824
20181119,25.56,25.56,25.01,25.01,1522
20181120,24.39,24.65,24.24,24.6,2077
20181121,25.17,25.36,25.17,25.31,1839
20181126,25.47,25.6,25.47,25.6,707
20181127,25.47,25.51,25.37,25.51,1070
20181128,25.75,25.75,25.54,25.54,505
20181129,26.03,26.28,25.97,26.28,5543
20181130,26.03,26.13,25.94,26.13,4403
20181203,26.66,26.73,26.31,26.39,2659
20181204,26.55,26.55,25.54,25.56,2056
20181206,24.81,25.55,24.49,25.55,4461
20181207,25.72,25.72,24.78,24.92,5493
20181210,25.01,25.01,24.61,24.74,3055
20181211,25.11,25.14,24.61,24.76,2752
20181212,24.95,25.31,24.95,24.97,5461
20181213,24.97,24.97,24.74,24.81,771
20181214,24.31,24.74,24.31,24.33,4381
20181217,24,24.14,23.48,23.53,2409
20181218,23.51,23.82,23.51,23.6,1818
20181219,23.63,23.86,23.18,23.18,1307
20181220,23.05,23.12,22.32,22.65,15670
20181221,22.34,22.63,21.81,21.81,2655
20181224,21.5,21.71,21.47,21.57,8578
20181226,21.58,22.71,21.52,22.71,3706
20181227,22.26,22.83,22.02,22.83,7750
20181228,22.87,23.12,22.63,22.82,1910
20181231,22.97,23.08,22.82,23.08,18372
20190102,22.83,23.24,22.83,23.11,1948
20190103,22.71,22.78,22.71,22.78,636
20190104,23.41,23.82,23.41,23.63,1140
20190107,24.12,24.37,24.12,24.37,331
20190108,24.67,24.75,24.33,24.75,2561
20190109,24.76,25.06,24.73,25.02,3314
20190110,24.76,25.15,24.76,25.14,8599
20190111,25.11,25.22,25,25.12,7211
20190114,25.04,25.07,24.91,25.01,5644
20190115,25.12,25.3,25.11,25.24,5216
20190116,25.39,25.46,25.3,25.33,1237
20190117,25.5,25.94,25.5,25.83,3872
20190118,26.04,26.33,26,26.32,3593
20190122,26.13,26.13,25.78,25.78,1905
20190123,26.1,26.14,25.66,25.81,7352
20190124,26.01,26.09,25.99,26.08,1384
20190125,26.5,26.78,26.48,26.78,9876
20190128,26.53,26.56,26.52,26.56,333
20190129,26.6,26.61,26.46,26.52,2434
20190130,26.66,26.8,26.5,26.8,7507
20190131,26.83,27.28,26.83,27.15,5830
20190201,27.19,27.3,27.19,27.23,5126
20190204,27.3,27.69,27.3,27.62,19456
20190205,27.75,27.97,27.64,27.9,22824
20190206,28.04,28.04,27.73,27.85,10478
20190207,27.71,27.71,27.18,27.58,3957
20190208,27.14,27.76,27.14,27.76,3602
20190211,27.79,27.89,27.77,27.79,1770
20190212,28.06,28.34,28.06,28.28,29473
20190213,28.46,28.63,28.42,28.61,7790
20190214,28.57,28.78,28.37,28.78,4606
20190215,28.83,28.9,28.68,28.68,2683
20190219,28.62,29.35,28.62,29.13,6751
20190220,29.04,29.48,29.04,29.48,12713
20190221,29.44,29.44,28.93,29,16278
20190222,29.12,29.74,29.12,29.69,14627
20190225,30.06,30.18,29.83,29.83,17181
20190226,29.79,29.99,29.76,29.79,7355
20190227,29.86,30.43,29.86,30.43,3660
20190228,30.18,30.22,29.8,30.22,7182
20190301,30.33,30.6,30.33,30.6,14316
20190304,30.62,30.66,29.73,30.15,21207
20190305,30.08,30.45,29.98,30.34,12012
20190306,30.3,30.32,29.7,29.79,83135
20190307,29.92,29.92,29.13,29.41,17753
20190308,28.98,29.25,28.76,29.12,19413
20190311,29.44,30.19,29.44,30.07,19227
20190312,29.91,30.26,29.91,30.08,10637
20190313,30.13,30.51,30.02,30.02,26835
20190314,30.18,30.39,30.18,30.31,9816
20190315,30.39,30.55,30.31,30.35,9539
20190318,30.63,30.78,30.2,30.41,35557
20190319,30.83,31.03,30.83,30.89,23394
20190320,30.94,31,30.33,30.73,44616
20190321,30.84,31.33,30.73,31.25,66546
20190322,31.04,31.2,30.05,30.17,72348
20190325,30.2,30.39,29.59,30.13,72609
20190326,30.44,30.59,30.14,30.29,103960
20190327,30.35,30.57,29.64,29.97,80899
20190328,30.09,30.23,29.88,30.21,70896
20190329,30.62,30.62,30.21,30.33,101281
20190401,30.7,31.17,30.45,30.83,44282
20190402,30.75,30.95,30.53,30.88,22542
20190403,30.99,31.3,30.97,31.02,35444
20190404,31.27,31.27,30.23,30.59,22981
20190405,30.79,30.82,30.61,30.73,20001
20190408,30.83,30.83,30.27,30.57,24548
20190409,30.59,30.62,30.39,30.5,90703
20190410,30.57,30.77,30.53,30.68,16735
20190411,30.81,30.86,30.63,30.66,8894
20190412,30.83,30.9,30.71,30.83,16703
20190415,30.91,30.91,30.55,30.65,29947
20190416,30.74,30.83,30.43,30.48,59481
20190417,30.75,30.75,30.04,30.1,99876
20190418,30.13,30.13,29.51,29.86,57799
20190422,29.91,30.09,29.78,30.08,16893
20190423,30.32,30.66,30.23,30.62,36440
20190424,30.63,30.67,30.51,30.62,14441
20190425,30.67,30.71,30.41,30.57,22457
20190426,30.57,30.87,30.52,30.83,27061
20190429,31.09,31.28,31,31.23,27238
20190430,31.33,31.33,30.94,31.17,24733
20190501,31.28,31.28,30.88,30.88,21103
20190502,30.88,31,30.49,30.8,17826
20190503,31.17,31.52,31.12,31.5,24138
20190506,30.81,31.51,30.71,31.47,22019
20190507,31.41,31.41,30.44,30.68,37670
20190508,30.74,30.77,30.57,30.66,28871
20190509,30.44,30.8,30.06,30.78,17620
20190510,30.83,31,30.26,30.89,29981
20190513,30.16,30.45,29.5,29.57,23610
20190514,29.7,30.27,29.69,30.16,7276
20190515,30.03,30.6,29.88,30.59,20350
20190516,30.73,31.3,30.73,31.04,23102
20190517,30.83,31.07,30.58,30.66,13182
20190520,30.58,30.58,30.02,30.26,14813
20190521,30.63,30.75,30.6,30.66,8778
20190522,30.59,30.7,30.49,30.55,5663
20190523,30.16,30.16,29.8,29.98,118534
20190524,30.24,30.39,30.07,30.33,61536
20190528,30.25,30.56,30.18,30.22,145742
20190529,30.08,30.08,29.61,29.82,13522
20190530,29.89,30.18,29.77,29.91,24527
20190531,29.94,29.94,29.5,29.56,7718
20190603,29.55,29.58,29,29.17,10785
20190604,29.94,30.05,29.41,30.04,69511
20190605,30.25,30.3,29.87,30.29,25462
20190606,30.12,30.51,29.96,30.46,22381
20190607,30.61,30.94,30.6,30.78,203472
20190610,31.24,31.42,31.01,31.02,235177
20190611,31.26,31.32,30.52,30.78,226646
20190612,30.88,31.02,30.72,30.97,10918
20190613,31.24,31.33,31.09,31.33,39097
20190614,31.55,31.55,30.95,31.07,51744
20190617,31.44,31.46,31.08,31.32,65101
20190618,31.64,31.97,31.64,31.79,103827
20190619,32.34,32.34,31.76,32.11,93212
20190620,32.62,32.72,32.09,32.26,107582
20190621,32.45,32.45,31.91,32.04,51775
20190624,32.08,32.08,31.58,31.58,44742
20190625,31.52,31.53,30.76,30.84,58794
20190626,30.9,31.21,30.67,30.67,12662
20190627,30.84,31.26,30.84,31.19,111266
20190628,31.35,31.44,31.19,31.42,28615
20190701,31.94,31.95,31.35,31.49,58008
20190702,31.46,31.65,31.27,31.65,24080
20190703,31.8,31.93,31.72,31.87,16586
20190705,31.87,32.01,31.63,31.99,27764
20190708,31.98,31.98,31.7,31.85,24345
20190709,31.94,32.2,31.77,32.2,69319
20190710,32.32,32.56,32.17,32.29,34244
20190711,32.46,32.52,32.21,32.52,31520
20190712,32.6,32.6,32.24,32.46,22997
20190715,32.61,32.75,32.44,32.72,78719
20190716,32.74,32.86,32.6,32.62,70856
20190717,32.51,32.69,32.47,32.47,48885
20190718,32.44,32.44,32.14,32.41,28850
20190719,32.54,32.64,32.17,32.17,27825
20190722,32.33,32.44,32.23,32.38,57274
20190723,32.61,32.61,32.33,32.43,20695
20190724,32.41,32.88,32.41,32.88,31757
20190725,32.97,32.97,32.65,32.74,16892
20190726,32.84,33.38,32.84,33.31,53690
20190729,33.4,33.43,32.45,32.73,58822
20190730,32.42,32.65,32.37,32.58,18336
20190731,32.57,32.66,31.86,32.23,179599
20190801,32.22,32.56,31.59,31.69,50410
20190802,31.59,31.73,31.12,31.56,91512
20190805,30.87,30.96,29.94,30.35,82201
20190806,30.44,30.93,30.24,30.53,39774
20190807,30.24,30.76,30.15,30.71,28750
20190808,31.16,31.93,31.16,31.89,79150
20190809,31.57,31.57,31.07,31.2,47111
20190812,31.02,31.03,30.58,30.68,18784
20190813,30.62,31.27,30.62,31.07,28031
20190814,30.54,30.54,29.68,29.91,64412
20190815,30.06,30.06,29.64,29.89,28968
20190816,30.1,30.58,30.1,30.46,116208
20190819,31.08,31.08,30.51,30.62,80364
20190820,30.59,30.59,30.33,30.33,30132
20190821,30.62,30.93,30.59,30.79,40864
20190822,30.96,30.96,30.41,30.73,6959
20190823,30.67,30.89,29.95,29.95,117676
20190826,30.31,30.33,30.13,30.28,12071
20190827,30.5,30.55,29.9,30.06,13804
20190828,29.98,30.06,29.75,29.99,31534
20190829,30.21,30.69,30.21,30.61,19500
20190830,30.84,30.84,30.28,30.47,44883
20190903,30.2,30.4,30.02,30.09,11255
20190904,30.4,30.79,30.4,30.75,11958
20190905,30.9,30.91,30.56,30.82,12693
20190906,30.98,31.09,30.81,30.83,14963
20190909,31.02,31.02,30.09,30.28,32807
20190910,29.97,30.28,29.79,30.04,14671
20190911,29.98,30.49,29.92,30.49,52726
20190912,30.55,30.84,30.46,30.47,32034
20190913,30.44,30.52,30.22,30.25,14704
20190916,30.03,30.52,30.03,30.41,13279
20190917,30.4,30.77,30.4,30.76,8083
20190918,30.72,30.72,29.96,30.27,10967
20190919,30.19,30.54,30.19,30.3,15304
20190920,30.26,30.3,29.68,29.86,108125
20190923,29.79,29.81,29.54,29.57,19372
20190924,29.65,29.65,28.52,28.63,52406
20190925,28.59,28.84,28.23,28.8,369543
20190926,28.8,28.85,28.47,28.57,44284
20190927,28.57,28.57,27.65,27.76,34114
20190930,27.85,28.17,27.63,28.05,18751
20191001,28.08,28.2,27.75,27.75,125392
20191002,27.44,27.5,27.21,27.46,49019
20191003,27.42,28.14,27.21,28.14,21852
20191004,28.3,28.36,27.97,28.35,11172
20191007,28.28,28.51,28.23,28.44,16680
20191008,28.16,28.16,27.8,27.84,18317
20191009,28,28.25,28,28.13,13805
20191010,28.06,28.23,27.91,27.97,6946
20191011,28.24,28.67,28.24,28.47,28416
20191014,28.32,28.49,28.26,28.44,7709
20191015,28.3,28.74,28.26,28.66,13580
20191016,28.56,28.59,28.21,28.29,7383
20191017,28.31,28.51,28.3,28.42,8867
20191018,28.3,28.3,27.37,27.8,9499
20191021,28,28.33,27.94,28.25,23505
20191022,28.28,28.42,27.77,27.85,18066
20191023,27.82,28.18,27.82,28.02,7111
20191024,28.06,28.59,28.06,28.59,11003
20191025,28.46,28.96,28.38,28.9,23976
20191028,29.11,29.7,29.11,29.68,33697
20191029,29.6,29.6,29.36,29.37,9403
20191030,29.44,29.9,29.43,29.85,24593
20191031,29.68,29.86,29.34,29.49,13037
20191101,29.5,29.76,29.39,29.73,69491
20191104,29.9,30.02,29.76,29.85,23628
20191105,29.71,29.76,29.36,29.41,13934
20191106,29.35,29.36,29.18,29.2,4836
20191107,29.2,29.35,28.92,28.99,48556
20191108,28.86,29.2,28.86,29.2,7211
20191111,28.97,29.31,28.94,29.2,3091
20191112,29.27,29.48,29.22,29.46,10106
20191113,29.33,29.64,29.25,29.64,7008
20191114,29.59,29.75,29.58,29.75,5194
20191115,29.85,30.32,29.81,30.27,11334
20191118,30.29,30.4,30.05,30.2,24332
20191119,30.18,30.31,29.95,30.23,9444
20191120,29.97,30.3,29.85,30.19,8540
20191121,30.52,30.53,30.19,30.25,7670
20191122,30.32,30.65,30.26,30.65,6435
20191125,30.7,31.11,30.7,31.06,17939
20191126,31.03,31.28,31.03,31.27,10433
20191127,31.35,31.38,31.28,31.38,16205
20191129,31.3,31.39,31.2,31.24,2906
20191202,31.04,31.04,30.11,30.38,12124
20191203,29.7,30.57,29.7,30.57,7140
20191204,30.63,30.67,30.55,30.67,5708
20191205,30.82,30.82,30.35,30.45,3214
20191206,30.7,30.71,30.56,30.56,14123
20191209,30.5,30.6,30.35,30.37,7655
20191210,30.39,30.39,30.17,30.18,3261
20191211,30.18,30.18,30.01,30.15,14345
20191212,30.18,30.34,29.97,30.09,16303
20191213,30.13,30.3,30.01,30.06,6008
20191216,30.15,30.64,30.15,30.56,21367
20191217,30.54,30.61,30.45,30.56,15630
20191218,30.46,30.66,30.46,30.55,17839
20191219,30.6,30.91,30.54,30.82,17242
20191220,30.83,30.94,30.83,30.94,67044
20191223,30.89,31,30.76,30.86,19586
20191224,30.86,31.13,30.86,31.06,17886
20191226,31.14,31.27,30.99,31.26,10477
20191227,31.16,31.2,30.98,31.07,16886
20191230,31.09,31.11,30.7,30.87,9453
20191231,30.84,31.07,30.72,31.03,33117
20200102,31.22,31.65,31.22,31.65,17416
20200103,31.16,31.66,31.16,31.59,14054
20200106,31.33,31.79,31.33,31.73,10736
20200107,31.74,32.01,31.74,31.96,8314
20200108,31.93,32.41,31.93,32.26,15995
20200109,32.49,32.52,32.26,32.44,11776
20200110,32.55,32.71,32.43,32.49,9808
20200113,32.58,32.78,32.47,32.65,22768
20200114,32.77,33.05,32.58,32.89,14866
20200115,32.97,33.45,32.97,33.04,9648
20200116,33.3,33.45,33.24,33.26,74613
20200117,33.54,33.55,33.24,33.27,30838
20200121,33.19,33.88,33.1,33.82,34142
20200122,34.2,34.34,33.73,33.79,91268
20200123,33.81,33.85,33.42,33.73,18310
20200124,34.13,34.13,32.91,33.19,47462
20200127,32.41,32.85,31.92,32.65,19419
20200128,32.83,33.19,32.81,33.18,11949
20200129,33.51,33.51,33.07,33.09,9552
20200130,32.95,33.24,32.77,33.24,9187
20200131,33.07,33.07,32.41,32.61,20847
20200203,32.9,33.31,32.84,33.31,74132
20200204,33.67,34.28,33.67,34.1,21233
20200205,34.44,34.44,33.46,33.51,14839
20200206,33.65,33.73,33.28,33.66,22514
20200207,33.74,34.21,33.74,34.09,16942
20200210,34.18,34.47,34.18,34.4,33972
20200211,34.66,34.81,34.5,34.65,18491
20200212,34.58,34.71,34.36,34.71,11580
20200213,34.73,34.82,34.51,34.57,15040
20200214,34.75,34.79,34.42,34.63,10935
20200218,34.61,34.72,34.5,34.68,6981
20200219,34.89,35.12,34.82,35.04,7176
20200220,35.1,35.23,34.34,34.99,12063
20200221,34.9,34.9,34.34,34.61,7148
20200224,33.58,33.65,32.93,33.48,24726
20200225,33.91,34.14,32.57,32.68,36827
20200226,32.86,33.3,32.52,32.62,6387
20200227,31.79,32.46,30.99,31.42,53687
20200228,30.24,31.57,30.01,31.57,44121
20200302,31.89,32.08,31,32.08,8581
20200303,32.07,32.21,31.13,31.43,16870
20200304,32.24,32.43,31.72,32.43,19238
20200305,31.83,32.24,31.44,31.55,8882
20200306,30.73,31.01,29.9,30.29,26474
20200309,27.64,28.93,27.24,27.54,48482
20200310,28.63,28.76,27.24,28.76,17705
20200311,27.97,28.01,26.52,26.85,10880
20200312,23.97,25.07,23.7,24.14,27407
20200313,24.99,25.46,23.57,25.46,26389
20200316,21.96,23.48,21.54,22.36,21179
20200317,22.71,23.62,21.45,23.03,33199
20200318,21.49,22.26,20.31,21.56,23610
20200319,21.42,23.65,21.42,23.32,11087
20200320,23.48,24.67,23.18,23.24,15486
20200323,23.25,23.69,22.5,23.39,28137
20200324,24.46,25.453,24.46,25.4,12410
20200325,25.73,26.77,25.55,25.65,7188
20200326,26.3955,27.059,26.3955,27.03,19136
20200327,26.18,26.68,25.7651,26.32,13778
20200330,26.3,26.76,26.2535,26.64,11394
20200331,26.63,27.12,26.2,26.34,4580
20200401,25.18,25.9302,25.07,25.23,6466
20200402,24.94,25.2692,24.2,24.495,8610
20200403,24.42,24.65,23.6812,23.96,5273
20200406,24.8158,25.9,24.8158,25.87,16776
20200407,26.61,26.7099,25.8105,25.96,7451
20200408,26.28,26.75,25.8437,26.7,11104
20200409,26.99,27.77,26.99,27.22,12584
20200413,27.17,27.442,26.765,27.415,7962
20200414,28.22,28.3774,28.01,28.33,6957
20200415,27.99,28.45,27.421,28.45,3497
20200416,28.53,28.76,28.225,28.44,5502
20200417,29.1,29.29,28.89,29.29,9290
20200420,28.66,30.31,28.66,29.97,4760
20200421,29.51,29.51,28.4,29.02,2946
20200422,29.55,29.705,29.32,29.6736,6140
20200423,29.6756,29.9999,29.491,29.57,5386
20200424,29.8,30.11,29.68,30.11,3405
20200427,30.33,30.9,30.33,30.6701,21328
20200428,31.3,31.45,30.1749,30.4,4378
20200429,31.02,31.5821,30.77,31.4012,7299
20200430,31.05,31.3,30.87,30.87,2800
20200501,30.4465,30.4465,29.6339,29.8883,2759
20200504,29.59,30.2699,29.59,30.0017,5762
20200505,30.77,30.94,30.4868,30.4868,11853
20200506,30.94,31.26,30.85,30.95,7048
20200507,31.69,32.57,31.69,32.19,29157
20200508,32.85,33.33,32.6799,33.24,37445
20200511,32.95,34.0375,32.95,33.94,18673
20200512,33.93,34.445,33.28,33.43,11398
20200513,33.43,33.7687,32.2,32.88,27526
20200514,32.55,33.28,32.33,33.28,7145
20200515,33.03,33.836,33.03,33.825,3814
20200518,34.8,35.5,34.6571,34.83,41896
20200519,34.61,35.43,34.61,34.9391,28853
20200520,35.43,35.82,35.17,35.49,12282
20200521,35.67,35.67,34.93,35.46,28672
20200522,35.53,36.07,35.506,36.07,43983
20200526,37,37,35.46,35.54,37645
20200527,35.48,35.48,33.78,35.36,34690
20200528,35.41,35.92,34.951,35.13,9281
20200529,35.26,36.73,35.26,36.73,7612
20200601,36.83,37.66,36.57,37.5,33809
20200602,37.74,37.91,36.88,37.91,22200
20200603,38.32,38.719,38.12,38.58,55337
20200604,38.36,38.42,37.38,37.76,41822
20200605,37.96,38.18,37.42,37.86,25010
20200608,38.04,38.79,37.71,38.78,41126
20200609,38.68,38.68,38.055,38.389,23784
20200610,38.7,38.86,38.2,38.5316,31039
20200611,37.32,37.9999,36.22,36.6,46140
20200612,37.86,37.97,36.71,37.4,30870
20200615,37.38,39.03,37,39.02,64920
20200616,40.43,40.66,38.75,39.61,78613
20200617,40.01,40.49,39.77,40.046,93699
20200618,40.37,41.0199,40.3,40.93,86487
20200619,41.93,41.99,41.0601,41.315,148583
20200622,41.46,41.7,40.75,41.32,126912
20200623,41.94,42.22,41.46,41.725,124235
20200624,41.27,42.01,39.912,40.59,71221
20200625,40.54,41.1099,40.15,41.09,54709
20200626,40.97,41.04,39.7202,40.1,61179
20200629,40.2,40.2,38.643,39.76,88468
20200630,39.87,40.7,39.87,40.6,56785
20200701,40.31,40.925,40.31,40.84,35242
20200702,41.21,41.69,41.2,41.43,68092
20200706,42.64,42.9692,41.8,42.04,86017
20200707,42,42.99,42,42.76,81355
20200708,43.32,44.07,43.2001,44,186682
20200709,44.57,44.73,43.12,44.59,310340
20200710,44.61,44.7471,44,44.25,96072
20200713,45.19,45.19,42.4,42.6,188909
20200714,42.38,42.89,40.58,42.65,248260
20200715,43.59,43.7,42.37,43.18,74705
20200716,42.75,42.75,41.91,42.36,72971
20200717,42.7,42.99,42.17,42.86,57748
20200720,42.88,44.29,42.5,44.16,83331
20200721,44.83,44.83,43.51,43.57,52932
20200722,43.37,43.9284,43.035,43.45,49082
20200723,43.39,43.79,41.8,42.31,65675
20200724,41.41,41.86,40.49,41.58,82332
20200727,41.93,42.65,41.8,42.48,38546
20200728,42.66,43.1377,42.53,42.54,40125
20200729,43.12,43.3799,42.865,43.216,38960
20200730,43.01,43.55,42.6528,43.26,37721
20200731,44.2,44.4,43.61,44.3167,70680
20200803,45,46,44.797,45.97,87517
20200804,46.12,46.2699,45.5501,46.12,50969
20200805,46.26,46.57,46.01,46.46,73504
20200806,46.77,46.77,45.5747,46.28,58516
20200807,45.63,45.64,43.83,44.48,85014
20200810,44.92,44.99,43.027,43.59,65714
20200811,43.63,43.7566,42.52,42.68,86196
20200812,43.32,43.4799,43,43.1,38738
20200813,43.21,43.915,43.16,43.45,64810
20200814,43.53,43.745,43.01,43.13,23402
20200817,43.73,44.26,43.43,44.17,57877
20200818,44.53,44.92,44.09,44.8329,41519
20200819,44.95,45.25,44.71,44.9,42907
20200820,44.75,45.98,44.695,45.935,46488
20200821,45.57,45.65,45.2,45.29,46355
20200824,46.04,46.04,44.44,44.95,80450
20200825,45.05,45.95,44.6001,45.949,130193
20200826,46.58,47.49,46.44,47.24,276728
20200827,47.64,47.64,46.535,47.25,88573
20200828,47.36,47.9,47.36,47.645,85338
20200831,47.9,48.41,47.45,48.36,221496
20200901,50.91,51.8589,50.17,51.65,310827
20200902,52.35,52.52,49.52,50.85,345882
20200903,49.6,49.98,47.15,47.8,258426
20200904,47.6,48.23,44.42,47.1599,209454
20200908,45.42,47.17,45.01,46.09,103909
20200909,47,48.1699,46.7,47.9,130483
20200910,48.57,49.31,47.3401,47.4,228071
20200911,48.45,48.57,46.71,47.35,112460
20200914,48.27,49.06,48.12,48.99,219096
20200915,49.58,49.8183,48.95,49.45,359817
20200916,49.74,50.155,49.36,49.545,398597
20200917,48.14,49.32,48,49.22,137920
20200918,49.9,49.9,48.6103,49.845,150152
20200921,48.92,50.47,48.5,50.36,126496
20200922,50.72,51.3801,50.031,51.35,138116
20200923,51.34,52.1992,50.25,50.55,315602
20200924,49.89,50.36,48.8363,49.36,143776
20200925,49.81,51.4599,49.79,51.38,171577
20200928,52.26,52.62,51.38,51.69,323747
20200929,51.9,52.1999,51.6537,51.76,228005
20200930,51.92,52.74,51.7038,52.25,247076
20201001,52.8,53.44,52.5446,53.38,222615
20201002,51.57,53.6799,51.5,52.7255,271503
20201005,53.41,53.69,53.0201,53.58,126791
20201006,53.82,54.44,53.02,53.52,151589
20201007,53.86,54.955,53.86,54.65,186256
20201008,55.24,55.3399,54.695,54.77,143608
20201009,55.44,56,55.21,55.86,175038
20201012,56.61,56.77,56.11,56.335,215455
20201013,56.52,57.4,56.35,57.32,200708
20201014,57.61,57.6409,55.91,56.53,304130
20201015,55,56.0112,54.54,55.89,276845
20201016,56.78,56.91,55.85,55.94,132725
20201019,56.52,56.805,55.5928,55.8,160962
20201020,56.25,56.48,55.4101,55.46,216184
20201021,55.5,55.86,53.9,53.96,424364
20201022,54.46,54.8899,53.3593,54.51,463498
20201023,54.78,54.78,53.7,54.47,189363
20201026,54.19,55,52.4,53.29,207464
20201027,53.8,54.09,53.401,54.03,117504
20201028,53.28,53.28,52.0501,52.13,339062
20201029,53.46,53.7599,52.66,52.66,222838
20201030,52.39,52.47,50.3301,50.681,421186
20201102,51.33,51.67,49.95,50.66,254906
20201103,51.17,51.8499,50.68,51.54,231845
20201104,53.64,54.7,53.0653,54.68,210584
20201105,55.89,56.1888,55.16,56.13,209255
20201106,56.25,57.25,55.65,56.9,161971
20201109,57.7,57.7,54.29,54.4056,249896
20201110,54,54,51.16,52.66,316465
20201111,53.52,54.45,53.11,54.44,104935
20201112,54.7,55.73,54.7,55.42,91389
20201113,56.06,56.06,54.805,55.38,106572
20201116,55.83,56.2899,55.184,56.0323,123923
20201117,56.08,56.47,55.64,56.24,86331
20201118,56.6,56.66,55.75,56.21,73985
20201119,56.5,57.4999,56.355,57.0299,303689
20201120,57.43,58.29,57.23,57.85,141842
20201123,58.3,58.8,57.5401,58.6,273297
20201124,58.86,59.2,57.75,58.31,247632
20201125,58.6,60.4185,58.41,60.39,176312
20201127,61.19,63.75,61.05,62.6,420757
20201130,64.1,64.5,61.9134,64.34,460443
20201201,65.3,65.3858,61.6193,62.3,366705
20201202,61.51,62.4429,60.25,62.29,252473
20201203,63.18,64.4,63.17,64.19,282016
20201204,64.49,65.21,64.1,64.89,216367
20201207,65.5,65.9699,65.22,65.67,878583
20201208,65.89,67.0599,65.801,66.85,865837
20201209,67.66,67.74,64.0024,64.69,996373
20201210,64.02,66.41,63.76,66.2,612543
20201211,66.38,66.5954,64.8301,65.66,380935
20201214,66.57,66.6,65.11,65.2621,410961
20201215,66.06,66.15,64.83,65.25,335388
20201216,65.26,65.43,64.34,65.34,349733
20201217,65.82,66.6,65.7739,66.5299,317954
20201218,66.99,67.5,66.5,67.29,273835
20201221,66.81,68.14,66.4011,68.1399,620010
20201222,69.08,69.899,68.41,69.84,442485
20201223,70.3,70.35,68.25,69.08,495545
20201224,69.26,69.5742,68.11,68.44,296500
20201228,69.03,69.07,65.25,65.2835,856801
20201229,65.68,65.99,64.1683,64.93,443257
20201230,65.62,65.86,65,65.57,229750
20201231,65.69,65.69,64.37,64.46,313050
20210104,65.21,65.21,62.46,63.6002,485493
20210105,63.49,64.98,63.31,64.98,249496
20210106,64.1,64.29,62.99,63.3,538865
20210107,64.53,66.5,64.41,66.48,683399
20210108,67.09,67.71,65.77,66.92,525577
20210111,66.52,67.73,65.6497,66.92,297814
20210112,67.23,69.19,66.992,69.03,283328
20210113,69.32,70.47,68.72,69.5804,394568
20210114,70.3,70.88,69.365,69.52,387008
20210115,70.14,70.5,68.01,68.11,305422
20210119,69.2,69.25,68.1501,69.05,330047
20210120,70.06,70.438,68.76,69.7,451025
20210121,70.17,70.2,68.9813,69.89,186617
20210122,69.81,70.84,69.52,70.74,554795
20210125,72,72.8355,68.69,71.08,505401
20210126,72.01,72.01,69.175,69.3,412097
20210127,68.38,70.14,66.84,67.75,667825
20210128,68.01,69.3683,67.1101,68.57,284243
20210129,68.61,68.91,66.6,68.01,248345
20210201,68.55,69.38,67.85,69.1285,226588
20210202,70.16,70.89,69.57,70.29,272759
20210203,71.1,71.52,70.32,70.98,170188
20210204,71.65,72.5,71.147,72.5,262739
20210205,73.21,74.18,72.6,74.1,340101
20210208,75.03,75.03,73.5,73.9199,302807
20210209,74,75.1,73.905,74.8,183684
20210210,76.18,76.67,73.75,75.73,373181
20210211,76.5,76.78,75.21,75.96,248679
20210212,75.62,76.28,74.82,76.1485,209713
20210216,76.98,77.05,74.7527,75.42,401435
20210217,75.16,75.16,72.2944,73.67,410348
20210218,72.62,72.975,71.3307,72.62,230002
20210219,73.52,74.22,73,73.38,196631
20210222,72.33,72.8,69.43,69.795,362263
20210223,67.0243,69.503,63.8,69.38,964629
20210224,69.22,69.7884,67.5935,69.04,254202
20210225,69.39,69.52,65.34,65.85,605515
20210226,66.42,67.31,64.7276,66.85,835720
20210301,67.9,69.44,67.6701,69.4,913996
20210302,70.18,70.28,67.71,67.77,465876
20210303,67.95,68.25,64.27,64.62,483157
20210304,64.12,65,60.01,61.96,648100
20210305,62.59,62.59,57.1,61.92,702443
20210308,61.73,63.0363,59.08,59.15,430223
20210309,61.47,63.4742,61.27,63.05,371043
20210310,64.27,64.9,62.43,62.86,281478
20210311,64.79,66.175,64.33,66,367898
20210312,64.6,65.57,63.51,65.57,230060
20210315,65.63,66.34,65.08,66.34,328647
20210316,66.68,67.19,64.3,64.99,345926
20210317,64,65.7905,63.29,65.32,161404
20210318,64.02,64.4,62.186,62.38,183223
20210319,62.32,64.23,61.92,64,586967
20210322,64.24,64.54,63.63,63.97,151038
20210323,63.83,64.16,62.85,63.06,275999
20210324,63.26,63.26,59.96,59.98,319328
20210325,58.78,60.635,58.55,60.34,257991
20210326,60.47,61.3,59.09,60.86,266197
20210329,60.46,61,59.32,59.66,599509
20210330,59.14,60.31,58.63,60.2,330387
20210331,60.8,62.64,60.78,62.2,97191
20210401,63.47,64.25,63.16,63.45,312711
20210405,64.07,64.13,62.6905,63.3,199056
20210406,63.26,65.03,63.19,64.63,96064
20210407,64.49,64.5,63.0601,63.2,282743
20210408,63.86,64.85,63.86,64.77,140177
20210409,64.27,64.33,63.5591,64.28,122958
20210412,63.5646,64.5404,63.5646,64.28,220428
20210413,64.54,66.33,64.52,66.29,345708
20210414,66.43,66.88,64.8002,64.88,311040
20210415,65.83,66.07,65.32,65.8203,137038
20210416,65.89,65.9,64.18,64.8,213548
20210419,64.17,64.979,62.894,63.41,372716
20210420,63.18,63.4346,61.33,62.09,226375
20210421,61.57,62.8396,61.07,62.7,279020
20210422,62.98,64.33,62.6,62.95,132708
20210423,63.25,64.405,63.25,64.3,167284
20210426,64.5,65.45,64.13,65.4,324182
20210427,65.62,65.8,64.87,65.1,203888
20210428,64.5,64.95,63.93,64.47,165578
20210429,64.79,64.79,62.045,62.94,348041
20210430,62.48,63.28,62.05,62.255,535549
20210503,62.83,62.87,61.19,61.2,388047
20210504,60.59,60.6265,58.34,59.57,286146
20210505,60.21,60.34,57.72,57.986,286015
20210506,57,57,54.6705,55.55,493992
20210507,56.71,57.5,55.84,56.24,546284
20210510,56.12,56.13,54.63,55.33,382014
20210511,53.17,56.8,53.15,56.69,501002
20210512,55.75,56.4563,54.36,54.81,398815
20210513,55.22,55.63,52.772,54.02,256614
20210514,54.91,56.64,54.53,56.52,109686
20210517,55.98,56.449,55.3665,56.3,116468
20210518,56.67,58.04,56.48,57.07,255668
20210519,55.2,56.94,54.92,56.91,112782
20210520,57.31,58.4499,57.25,58.37,119543
20210521,58.86,59.15,58.28,58.36,98282
20210524,58.72,59.74,58.56,59.43,77124
20210525,59.73,60,59.22,59.57,115057
20210526,59.69,60.94,59.64,60.71,196414
20210527,60.63,61.57,59.8,61.55,180932
20210528,61.81,62.45,61.48,61.48,320893
20210601,61.8,62.13,60.8,61.56,571495
20210602,61.58,62.24,61.29,62.09,135102
20210603,61.47,61.6608,60.36,60.39,95056
20210604,60.69,61.5449,60.69,61.17,104696
20210607,61.19,62.58,61.05,62.37,157351
20210608,62.3,62.9,61.605,62.35,117950
20210609,62.33,62.62,61.65,61.66,101816
20210610,61.76,62.77,61.56,62.68,74202
20210611,62.69,63.59,62.64,63.55,120009
20210614,63.77,64.475,63.57,64.11,118666
20210615,63.9,63.96,62.99,63.05,174920
20210616,62.72,63.6,62.23,63.07,187607
20210617,62.56,64.33,62.15,64.24,113395
20210618,64.07,64.84,64.0201,64.51,137014
20210621,64.14,64.7,62.9,64.415,245790
20210622,64.03,64.8,63.93,64.775,108144
20210623,64.93,65.82,64.93,65.57,84552
20210624,65.85,66.35,65.6,66.015,67486
20210625,66.12,66.35,65.37,65.99,157348
20210628,66.23,67.05,66.23,67.04,147283
20210629,67,67.27,66.5,66.92,324060
20210630,66.62,66.7,66.1,66.21,124222
20210701,66.23,66.51,64.8485,65.08,590286
20210702,65.38,65.86,64.61,64.91,443485
20210706,64.71,65.4669,64.325,64.93,250601
20210707,65.03,65.2864,63.55,64.29,433812
20210708,62.49,63.96,61.77,63.69,124475
20210709,64,64.89,63.4,64.86,90288
20210712,64.95,65.25,63.7338,64.28,145118
20210713,64.16,64.6102,63.5807,63.63,173667
20210714,63.84,64,61.41,61.43,257006
20210715,61.3,62.26,60.03,60.87,408236
20210716,61.07,61.25,60.19,60.68,817205
20210719,59.25,61.08,59.14,61,364415
20210720,61.27,62.87,60.48,62.58,92243
20210721,62.71,63.81,62.48,63.68,53478
20210722,63.72,63.98,63.291,63.6,22590
20210723,63.44,63.44,62.3806,63.22,103298
20210726,62.57,63.63,62.22,62.93,368417
20210727,62.45,62.65,59.915,61.41,180142
20210728,62,63.7161,61.98,63.47,184409
20210729,63.77,64.02,62.93,62.96,125227
20210730,62.39,63.66,62.39,62.76,204329
20210802,63.08,63.94,62.43,63.41,133408
20210803,63.35,63.62,62.77,63.61,128795
20210804,63.41,64.08,63.27,63.87,455488
20210805,63.96,65.0499,63.675,64.63,248518
20210806,64.33,64.525,63,63.73,363745
20210809,63.75,65.17,63.71,64.95,286575
20210810,65.17,65.45,63.97,64.23,184984
20210811,64.63,64.69,63.34,64.19,137428
20210812,64.29,65,63.83,64.8174,464542
20210813,64.48,65.01,64.05,64.94,251556
20210816,64.34,64.36,62.5,63.39,144536
20210817,62.24,63.48,62.1701,63.04,124126
20210818,62.89,64.35,62.5734,63.37,76519
20210819,62.33,63.29,62.12,62.27,202458
20210820,62.14,62.715,61.99,62.6,54345
20210823,62.87,63.9,62.75,63.87,77067
20210824,64.39,65.69,64.26,65.6,77337
20210825,65.52,65.8,65.24,65.68,80360
20210826,65.71,66.71,65.18,65.33,137470
20210827,65.4,66.37,65.13,66.2175,78965
20210830,66.4,66.72,65.43,66.48,157779
20210831,66.5,66.95,66.1684,66.87,87952
20210901,66.77,67.77,66.75,67.42,149889
20210902,67.69,68.68,67.69,68.49,168178
20210903,68.33,68.8952,68.1263,68.71,73831
20210907,68.87,69.4868,68.69,69.27,147792
20210908,68.58,68.685,67.37,68.23,132367
20210909,67.86,69.3,67.86,69.14,108329
20210910,69.45,70.01,68.8603,68.92,105071
20210913,68.91,68.91,66.78,67.92,91066
20210914,67.93,69.5686,67.5446,67.74,64731
20210915,67.46,68.28,67.13,68.22,92572
20210916,67.98,69.3782,67.98,69.25,97866
20210917,69.29,69.67,68.52,69.34,192607
20210920,66.89,68.21,66.37,67.27,278613
20210921,67.82,68.73,67.48,68.35,138226
20210922,68.39,69.4,68.39,69.09,106484
20210923,69.46,70.16,69.33,69.95,93347
20210924,69.39,69.5,68.73,68.99,135105
20210927,68.48,68.6025,67.3564,67.72,77788
20210928,66.76,66.76,64.45,64.71,156597
20210929,65.22,65.55,63.77,63.82,122481
20210930,64.14,64.87,64,64.35,124960
20211001,64.3,64.37,62.66,64.09,158482
20211004,63.11,63.16,61.38,61.93,278358
20211005,62.32,63.26,62.17,62.79,89414
20211006,61.96,63.4,61.87,63.09,183901
20211007,63.68,64.94,63.5837,64.39,67928
20211008,64.65,64.65,63.6385,63.67,148387
20211011,63.32,64.37,63.14,63.16,45117
20211012,63.52,64.19,63.29,63.938,120296
20211013,64.13,65.64,64.13,65.56,92919
20211014,66.46,66.92,66.26,66.58,36407
20211015,67.02,67.44,66.66,66.96,68356
20211018,66.56,67.98,66.56,67.92,173508
20211019,68.49,68.8196,68.09,68.33,76869
20211020,68.6,68.93,68.02,68.6,48476
20211021,68.42,69.84,68.42,69.46,46620
20211022,69.26,69.32,67.965,68.6,39971
20211025,68.43,69.87,68.43,69.69,41646
20211026,70.13,70.59,68.45,68.898,58765
20211027,68.57,69.2032,67.28,67.3,80165
20211028,67.46,68.39,67.33,68.38,74515
20211029,68.1,68.8204,68.1,68.58,24639
20211101,68.55,69.11,68.3499,69.09,73869
20211102,69.14,69.21,67.98,68.6,62551
20211103,68.87,69.27,68.3913,69.2,34250
20211104,68.63,69.03,68.05,68.48,56994
20211105,68.3,68.3,66.4,67.31,144676
20211108,67.39,68.5,67.29,68.17,46395
20211109,68.71,68.89,67.1,68.07,69512
20211110,67.12,68,65.45,66.07,210588
20211111,66.39,66.98,66.39,66.55,74780
20211112,66.95,68.43,66.95,68.43,77783
20211115,68.65,68.667,67.52,67.98,74764
20211116,67.72,69.15,67.591,69.06,94449
20211117,68.7,69.13,67.94,68.17,179462
20211118,68.3,68.39,67.13,67.6,120438
20211119,67.46,68.45,66.79,66.88,80029
20211122,67.12,67.15,63.23,64.03,134673
20211123,62.97,63.89,61.25,62.61,128980
20211124,61.84,63.6609,61.33,63.58,78441
20211126,63.71,65,63.71,64.41,42044
20211129,65.49,65.8273,63.86,64.79,155873
20211130,64.21,64.79,62,63.05,147931
20211201,63.51,63.51,58.6,58.74,128183
20211202,58.89,60.4025,58.1386,59.7,63528
20211203,59.76,59.76,55.89,57.41,130306
20211206,56.38,57.09,54.77,56.93,157534
20211207,58.37,59.8,58.37,59.506,145487
20211208,59.63,61.04,58.5,60.71,68530
20211209,60.48,60.99,58.12,58.33,84106
20211210,58.13,58.78,56.9,57.22,118882
20211213,56.93,57.85,55.83,56.72,98914
20211214,55.27,56.5406,55,56,150344
20211215,55.52,57.26,54.66,57.05,132952
20211216,57.34,57.52,54.3963,55.1,93899
20211217,54.39,57.17,53.62,56.91,147097
20211220,55.68,56.5305,55.34,55.8,246418
20211221,56.48,58.51,56.05,58.46,81100
20211222,58.1,59.02,57.886,58.51,63908
20211223,58.51,59.165,57.77,58.98,56937
20211227,58.86,59.6,58.86,59.08,98531
20211228,58.91,59.18,57.5428,57.65,199209
20211229,57.53,57.5537,56.33,57.19,140832
20211230,57.2,59.35,57.09,58.59,291397
20211231,58.23,59,57.83,57.85,151835
20220103,58.17,58.25,56.24,57.1,164598
20220104,57.06,57.06,53.495,54.82,220815
20220105,54.28,55.0087,51.77,51.9,136507
20220106,51.66,52.96,50.27,52.03,239831
20220107,51.82,53.1728,51.001,51.805,121190
20220110,50.79,52.06,49,52.06,157396
20220111,51.67,53.77,51.67,53.47,165593
20220112,54.11,54.7,52.5303,52.97,60279
20220113,53.24,53.24,50.27,50.39,101100
20220114,49.89,50.77,48.8,49.89,186067
20220118,48.84,49.73,47.67,47.77,218480
20220119,47.97,48.82,47.17,47.25,118400
20220120,47.93,49.41,46.81,46.89,136513
20220121,46.4,46.66,44.52,44.65,283985
20220124,42.93,45.5949,41.1101,45.49,290845
20220125,44.47,45.15,43.085,43.58,105473
20220126,44.86,45.57,42.52,42.7714,163948
20220127,43.61,43.7,41.31,41.48,148475
20220128,41.46,43.11,40.3632,43.09,120922
20220131,43.46,46.4962,43.46,46.47,138183
20220201,47.12,47.77,45.76,47.7,142653
20220202,47.56,47.56,45.3,45.86,150421
20220203,44.2,45.17,43.4801,43.65,162110
20220204,44.15,46.62,43.67,46.1,113620
20220207,46.51,48,46.29,46.51,72375
20220208,46.1,47.3966,45.74,47.28,103856
20220209,48.17,49.59,47.8572,49.59,189302
20220210,48.77,51.385,48.635,48.93,283030
20220211,48.95,49.51,46.37,46.87,475729
20220214,46.58,47.96,46.3,46.6795,265548
20220215,47.68,48.9899,47.3,48.89,118936
20220216,48.08,48.56,47.6189,48.27,189991
20220217,47.62,47.92,45.63,45.84,240467
20220218,45.96,46.36,44.12,44.46,308678
