Date,Open,High,Low,Close,Volume
20110919,18.7,18.94,18.63,18.74,5500
20110920,19.17,19.87,19.12,19.15,9250
20110921,18.9,19.09,18.18,18.18,24850
20110922,16.47,16.68,15.09,15.87,49840
20110923,15.75,16.07,15.29,15.54,65350
20110926,23.27,23.29,15.31,16.34,36600
20110927,17.5,17.84,16.62,16.89,53200
20110928,17.12,17.12,15.46,15.46,49370
20110929,16.43,16.43,14.76,15.13,44220
20110930,17.99,17.99,13.98,14.03,12950
20111003,13.75,13.81,12.42,12.47,13450
20111004,11.9,12.75,11.35,12.3,14250
20111005,14.35,15.39,14.31,15.34,8460
20111006,15.57,15.87,15.5,15.72,4070
20111007,16.32,16.42,15.17,15.89,64210
20111010,16.78,17.02,16.78,16.99,3000
20111011,16.91,17.67,16.91,17.5,8880
20111012,18.49,19.4,18.49,19.13,8670
20111013,18.57,18.85,18.55,18.85,8100
20111014,20.12,20.16,19.6798,19.6803,5010
20111017,20.22,20.22,18.9,18.9001,1660
20111018,18.09,19.27,17.6,19.26,3400
20111019,19.23,19.23,17.53,17.61,1180
20111020,17.42,17.42,17.3,17.3,1600
20111021,18.35,18.47,18.35,18.47,1170
20111024,19.46,19.46,19.46,19.46,100
20111025,19.74,19.74,18.98,19.37,4550
20111026,19.07,19.51,18.04,19.49,107380
20111027,21.96,22.34,21.44,22.04,21440
20111028,21.83,22.46,21.83,22.41,9050
20111031,21.36,21.68,21.28,21.36,7050
20111101,17.41,18.38,17.1,17.57,110670
20111102,18.47,18.6139,17.9,18.04,49350
20111103,18.28,19.46,18.28,19.46,11860
20111104,18.81,19.11,18.81,18.92,25520
20111107,18.69,18.95,18.38,18.95,19900
20111108,19.45,20.13,18.88,20.13,42260
20111109,18.72,18.79,16.35,16.42,156020
20111110,17.81,17.94,16.6,17.87,123160
20111111,18.84,18.87,18.72,18.77,27810
20111114,18.46,18.46,17.94,18.24,36960
20111115,18.3,18.67,17.84,18.51,32950
20111116,17.97,18.58,17.36,17.53,57380
20111117,17.36,17.45,16,16.39,136840
20111118,16.98,17.12,16.57,17.12,36650
20111121,15.97,17,15.93,16.93,87500
20111122,16.81,17.37,16.65,17.37,46840
20111123,16.84,16.87,16.42,16.42,30780
20111125,16.65,16.65,16.64,16.64,970
20111128,17.8,17.8,16.98,17.09,24690
20111129,17.3,17.74,17.28,17.7346,19430
20111130,19.09,19.67,19.06,19.64,36440
20111201,19.66,20.22,19.66,20.05,16950
20111202,20.5712,20.954,20.0987,20.0988,8260
20111205,20.97,20.97,20,20.17,9850
20111206,20.29,20.31,20.26,20.27,1100
20111207,19.742,19.77,19.24,19.738,2300
20111208,18.84,18.95,18.79,18.79,4500
20111209,19.38,19.77,19.34,19.77,1300
20111212,19.72,19.78,19.52,19.62,4040
20111213,20.94,20.94,19.87,20.14,33940
20111214,19.78,20.06,19.78,19.95,2500
20111215,21.05,21.05,20.7,20.83,1000
20111216,21.33,21.34,20.79,21.07,12940
20111219,21.12,21.12,21.12,21.12,200
20111220,22.19,22.33,22.19,22.33,650
20111221,22.32,23.48,22.32,23.48,4500
20111223,23.33,23.33,23.33,23.33,2000
20111227,23.33,23.33,23.14,23.3,1400
20111228,22.88,22.88,22.5,22.5,7920
20111230,22.89,22.89,22.74,22.74,760
20120103,23.55,23.58,23.37,23.56,9710
20120105,23.96,23.96,23.96,23.96,100
20120106,24.16,24.58,24.09,24.51,10250
20120109,24.6,24.7,24.51,24.57,89650
20120110,25.18,25.25,25.02,25.02,2400
20120111,24.75,24.75,24.74,24.74,3040
20120112,24.5,24.99,24.5,24.99,1000
20120113,24.53,24.61,24.53,24.61,700
20120117,25.13,25.2,25.05,25.09,500
20120118,24.9,25.27,24.9,25.27,1100
20120119,25.36,25.6,25.36,25.55,1840
20120120,25.72,26.02,25.6,26.02,2900
20120123,26.2,26.2,26.2,26.2,670
20120125,26.8,27.01,26.8,27.01,550
20120126,27,27,27,27,200
20120127,27.01,27.01,27.01,27.01,400
20120130,26.9,27,26.9,27,10100
20120131,26.87,26.87,26.84,26.84,350
20120201,27.25,27.25,27.25,27.25,100
20120202,27.49,27.49,27.49,27.49,290
20120203,28.22,28.2201,28.22,28.2201,1000
20120206,28.31,28.31,28.19,28.22,1800
20120207,28.29,28.3,28.29,28.3,650
20120208,28,28.04,28,28.04,770
20120210,26.8,26.8,25.91,25.91,4340
20120214,26.85,26.85,26.85,26.85,290
20120215,26.78,26.78,26.78,26.78,100
20120216,26.19,26.56,26.19,26.56,900
20120217,27.04,27.04,27.04,27.04,150
20120224,28.33,28.33,28.12,28.12,1300
20120227,27.26,27.64,27.26,27.64,2120
20120228,27.62,27.71,27.62,27.71,2000
20120229,27.97,28.07,27.815,28.07,1100
20120301,28.13,28.14,28.1295,28.1351,4400
20120305,28.02,28.02,28.02,28.02,1200
20120306,27.41,27.41,27.4099,27.41,1400
20120307,27.64,27.64,27.64,27.64,1000
20120308,28.19,28.29,28.19,28.29,1120
20120309,28.71,28.71,28.71,28.71,700
20120312,28.71,28.79,28.71,28.79,3020
20120313,29.37,29.37,29.37,29.37,300
20120314,29.55,29.55,29.33,29.33,200
20120315,29.24,29.24,29.24,29.24,100
20120319,29.53,30.07,29.53,30.07,500
20120321,30.56,31,30.56,31,400
20120322,30.66,30.88,30.66,30.88,450
20120323,30.96,30.96,30.96,30.96,500
20120326,31.92,32.28,31.92,32.28,4650
20120327,32.09,32.13,31.51,31.51,8700
20120328,31.25,31.36,30.99,31.35,2700
20120329,31.08,31.08,31.08,31.08,1000
20120330,31.55,31.55,31.55,31.55,500
20120402,31.87,31.87,31.8699,31.8699,200
20120404,31.19,31.25,31.05,31.05,2000
20120405,31.14,31.28,31.14,31.28,2000
20120409,30.67,30.73,30.67,30.73,2870
20120410,30.0095,30.0095,29.89,29.891,3600
20120411,30.42,30.42,30.24,30.24,1400
20120416,30.44,30.44,30.44,30.44,250
20120417,31.18,31.24,31.18,31.24,670
20120424,31.05,31.05,31.05,31.05,320
20120425,31.51,31.51,31.49,31.49,200
20120430,31.85,31.85,31.75,31.75,3500
20120502,31.6,31.6,31.6,31.6,100
20120504,31.36,31.36,31.36,31.36,100
20120507,31.67,31.67,31.67,31.67,100
20120510,31.51,31.51,31.51,31.51,300
20120515,30.83,30.83,30.83,30.83,100
20120517,29.75,29.75,29.75,29.75,100
20120518,29.73,29.73,29.11,29.18,3040
20120522,30.3,30.57,29.68,29.69,630
20120523,29.48,29.48,29.34,29.34,200
20120524,29.92,29.92,29.92,29.92,200
20120529,30.37,30.37,30.12,30.14,530
20120530,30.37,30.38,29.81,29.86,30840
20120606,29.97,29.97,29.97,29.97,200
20120608,30.2999,30.6902,30.2999,30.6901,11970
20120612,30.04,30.04,29.99,29.99,300
20120619,31.79,31.79,31.67,31.67,500
20120620,31.71,31.71,31.71,31.71,320
20120621,32.07,32.07,32.07,32.07,100
20120625,31.5,31.5,31.5,31.5,150
20120629,32.16,32.34,32,32.23,11460
20120702,32.59,32.74,32.59,32.67,1100
20120724,32.47,32.47,32.47,32.47,420
20120725,32.55,32.55,32.55,32.55,500
20120802,32.55,32.55,32.55,32.55,16750
20120807,33.83,33.83,33.83,33.83,100
20120814,34.29,34.31,34.29,34.29,900
20120817,34.24,34.24,34.2389,34.2389,700
20120828,34.14,34.14,34.14,34.14,150
20120830,33.9,33.9,33.9,33.9,150
20120904,34.19,34.19,34.16,34.16,200
20120907,35,35,35,35,100
20120911,35.02,35.02,35,35,3300
20120920,35.41,35.41,35.41,35.41,1200
20120924,35.45,35.59,35.45,35.59,2400
20120926,35.23,35.23,35.23,35.23,300
20120927,35.18,35.18,35.18,35.18,600
20120928,35.49,35.49,35.49,35.49,100
20121005,35.59,35.59,35.59,35.59,4040
20121026,35.35,35.35,35.16,35.16,300
20121102,35.55,35.66,35.45,35.66,710
20121105,35.42,35.42,35.32,35.4,450
20121108,35.31,35.31,35.2,35.23,1250
20121109,35.25,35.25,35.25,35.25,150
20121114,35.63,35.63,35.59,35.59,300
20121115,35.18,35.18,35.15,35.16,1130
20121119,35.77,35.77,35.77,35.77,650
20121121,35.95,35.95,35.95,35.95,100
20121123,36,36,36,36,200
20121211,36.22,36.22,36.22,36.22,100
20121212,36.18,36.18,36.14,36.14,380
20121218,36.29,36.29,36.29,36.29,410
20121221,35.55,35.65,35.55,35.65,400
20121224,35.72,35.8,35.72,35.73,3100
20121231,35.4,35.47,35.4,35.44,6000
20130104,36.36,36.37,36.36,36.36,1500
20130107,36.32,36.32,36.29,36.29,4500
20130115,36.56,36.56,36.56,36.56,500
20130118,36.74,36.78,36.74,36.78,9590
20130125,36.94,36.94,36.94,36.94,100
20130204,36.7,36.72,36.7,36.72,2070
20130205,36.64,36.64,36.62,36.62,600
20130207,36.7,36.7,36.7,36.7,150
20130214,36.87,36.87,36.87,36.87,100
20130312,37.02,37.02,37,37,990
20130319,36.95,36.96,36.94,36.96,510
20130325,37.03,37.03,37.03,37.03,100
20130405,37.03,37.03,37.03,37.03,230
20130523,37.22,37.26,37.22,37.25,2500
20130531,37.26,37.26,37.26,37.26,100
20130708,37.28,37.28,37.28,37.28,410
20130719,37.49,37.49,37.42,37.42,3000
20130802,37.72,37.72,37.72,37.72,100
20130819,37.63,37.63,37.63,37.63,1000
20130827,37.49,37.49,37.48,37.48,2500
20130930,37.68,37.68,37.68,37.68,100
20131014,37.73,37.73,37.61,37.63,300
20131021,37.81,37.81,37.81,37.81,100
20131025,37.88,37.88,37.88,37.88,100
20131203,37.99,37.99,37.99,37.99,100
20131209,37.99,37.99,37.99,37.99,100
20131230,38.04,38.04,38.04,38.04,1000
20131231,38.04,38.04,38.04,38.04,500
20140102,38.01,38.01,38.01,38.01,500
20140103,38.01,38.01,38.01,38.01,1000
20140106,38.03,38.03,38.02,38.02,2000
20140107,38.05,38.06,38.04,38.04,5750
20140116,38.14,38.14,38.07,38.07,1300
20140123,38.05,38.05,38.05,38.05,100
20140127,38.99,38.99,38.99,38.99,200
20140128,38.01,38.01,38.01,38.01,170
20140131,37.86,37.88,37.78,37.78,5000
20140204,37.73,37.741,37.71,37.71,400
20140221,37.71,37.71,37.71,37.71,12000
20140303,38,38,37.92,37.92,200
20140304,38.02,38.02,38.02,38.02,150
20140310,37.92,37.92,37.92,37.92,150
20140507,38.08,38.09,37.97,38.09,11800
20140508,38.09,38.13,37.99,38.06,4600
20140509,38.08,38.11,38.02,38.05,35900
20140512,38.12,38.14,38.04,38.09,16800
20140513,38.07,38.14,38.07,38.09,8200
20140514,38.15,38.15,38.08,38.08,11400
20140515,38.11,38.11,38.05,38.05,500
20140516,38.15,38.15,38.09,38.1,2900
20140519,38.16,38.16,38.09,38.11,9800
20140520,38.16,38.16,38.1,38.11,800
20140522,38.2,38.21,38.13,38.17,17100
20140523,38.2,38.22,38.14,38.14,14500
20140527,38.16,38.22,38.16,38.17,2900
20140528,38.23,38.23,38.17,38.2,6500
20140529,38.24,38.29,38.16,38.16,56600
20140530,38.21,38.24,38.19,38.22,5200
20140602,38.2,38.24,38.1899,38.2,20300
20140603,38.16,38.27,38.16,38.2,14900
20140604,38.2,38.28,38.12,38.16,54300
20140605,38.2,38.28,38.2,38.23,25000
20140606,38.24,38.3101,38.21,38.27,17100
20140609,38.29,38.34,38.26,38.26,10700
20140610,38.25,38.3101,38.25,38.31,2700
20140611,38.2699,38.32,38.2399,38.25,24700
20140612,38.24,38.25,38.19,38.23,1100
20140613,38.2099,38.4,38.2099,38.28,8100
20140616,38.23,38.2801,38.2199,38.26,15600
20140617,38.24,38.29,38.2399,38.25,7900
20140618,38.27,38.41,38.24,38.3,61208
20140619,38.31,38.39,38.29,38.29,25799
20140620,38.29,38.35,38.29,38.29,4600
20140623,38.29,38.33,38.27,38.31,4900
20140624,38.3,38.36,38.27,38.27,10499
20140625,38.28,38.32,38.2599,38.3,2300
20140626,38.28,38.3401,38.26,38.33,10500
20140627,38.31,38.343,38.29,38.3,3800
20140701,38.32,38.39,38.3,38.3,4300
20140702,38.39,38.4001,38.32,38.37,10000
20140703,38.42,38.42,38.33,38.35,4100
20140707,38.4,38.4,38.31,38.33,3200
20140708,38.28,38.372,38.28,38.32,15800
20140709,38.33,38.38,38.31,38.36,4500
20140710,38.29,38.3401,38.27,38.32,5100
20140711,38.31,38.31,38.29,38.3,1300
20140714,38.33,38.4,38.3299,38.382,5500
20140715,38.34,38.44,38.3199,38.34,14600
20140716,38.38,38.41,38.316,38.3305,10400
20140717,38.39,38.42,38.25,38.25,11000
20140718,38.3,38.4101,38.27,38.36,6900
20140721,38.3,38.3,38.2805,38.2805,700
20140722,38.35,38.44,38.2899,38.3,43301
20140723,38.35,38.42,38.265,38.31,45300
20140724,38.2799,38.43,38.2799,38.3,90000
20140725,38.32,38.3301,38.2699,38.315,14900
20140728,38.32,38.35,38.2699,38.32,32700
20140729,38.33,38.36,38.2699,38.28,40300
20140730,38.29,38.3601,38.25,38.26,13500
20140731,38.23,38.28,38.176,38.18,43900
20140801,38.21,38.24,38.1099,38.1801,12888
20140804,38.14,38.21,38.1299,38.16,6000
20140811,38.19,38.24,38.16,38.16,7000
20140815,38.2877,38.31,38.2877,38.31,700
20140820,38.28,38.32,38.27,38.32,2600
20140821,38.28,38.33,38.28,38.28,1500
20140825,38.28,38.33,38.27,38.27,6400
20140826,38.3,38.34,38.2799,38.34,10500
20140827,38.3,38.33,38.3,38.33,1000
20140828,38.27,38.34,38.27,38.34,1000
20140829,38.26,38.32,38.26,38.27,2200
20140902,38.32,38.32,38.2599,38.28,7700
20140903,38.32,38.32,38.26,38.26,4050
20140904,38.31,38.31,38.27,38.27,3800
20140905,38.31,38.3321,38.2799,38.3321,3400
20140909,38.26,38.31,38.26,38.29,2100
20140910,38.27,38.31,38.25,38.25,3701
20140912,38.2201,38.232,38.2101,38.2101,700
20140929,38.17,38.1899,38.17,38.1899,500
20141008,38.13,38.16,38.13,38.13,1300
20141016,37.865,37.865,37.865,37.865,150
20141105,38.1101,38.1101,38.1101,38.1101,100
20141113,38.18,38.18,38.18,38.18,300
20141209,38.2109,38.2109,38.2109,38.2109,8844
20141226,38.06,38.11,38.01,38.11,600
20141230,38.15,38.15,38.04,38.04,400
20150209,37.86,37.9,37.86,37.88,300
20150226,38.0101,38.0101,38.0101,38.0101,250
20150407,38.1001,38.1001,38.1001,38.1001,100
20150619,38.32,38.32,38.23,38.23,700
20150805,38.26,38.26,38.26,38.26,150
20150903,38.099,38.099,38.099,38.099,100
20150908,37.84,37.84,37.84,37.84,100
20160205,37.97,37.97,37.97,37.97,230
20160209,37.99,37.99,37.99,37.99,355
20160316,30.42,38.3,30.42,37.787,660
20160411,36.43,36.6628,36.43,36.6628,355
20160425,38.39,38.39,38.39,38.39,220
20160518,38.51,38.51,38.51,38.51,130
20160706,36.45,37.72,36.45,37.54,600
20160926,40.59,40.59,40.2927,40.2927,475
20160927,38.1713,38.175,37.51,37.9755,975
20161213,38.4103,38.4103,37.5403,37.5403,420
20161229,38.35,38.39,38.35,38.39,400
20161230,37.92,37.93,37.92,37.93,900
20170110,38.35,38.35,38.35,38.35,100
20170111,35.36,38.25,35.36,38.25,200
20170227,38.28,38.28,38.28,38.28,101
20170306,38.29,38.29,38.29,38.29,860
20170323,38.31,38.31,38.31,38.31,100
20170410,38.31,38.31,38.31,38.31,500
20170517,38.32,38.32,38.27,38.27,3000
20170518,38.3,38.3,38.3,38.3,500
20170721,38.34,38.34,38.34,38.34,500
20170724,38.3464,38.3464,38.3464,38.3464,5000
20170808,38.3678,38.38,38.34,38.34,2200
20170810,38.34,38.34,38.34,38.34,500
20170815,38.38,38.38,38.3799,38.3799,400
20170817,38.34,38.34,38.34,38.34,1500
20170821,38.33,38.33,38.33,38.33,1500
20170823,38.34,38.35,38.34,38.35,1000
20170824,38.34,38.34,38.34,38.34,1000
20170830,38.34,38.35,38.34,38.35,500
20170905,38.34,38.34,38.34,38.34,1500
20170907,38.34,38.34,38.34,38.34,500
20170914,38.34,38.34,38.34,38.34,500
20171003,38.34,38.34,38.34,38.34,400
20171013,38.3763,38.3763,38.3763,38.3763,9000
20180201,38.34,38.34,38.34,38.34,300
20180205,38.53,38.53,38.39,38.39,5100
20180206,38.43,38.43,38.43,38.43,1200
20180207,38.4328,38.4328,38.4328,38.4328,100
20180208,38.98,38.98,38.98,38.98,200
20180302,38.8867,38.8867,38.8867,38.8867,1000
20180307,38.1,38.44,37.63,38.2459,1776
20180308,39.0299,39.03,38.8,39.03,807
20180314,38.89,38.89,38.89,38.89,100
20180319,36.73,37.8433,36.7,37.8433,600
20180323,38,38,38,38,200
