Date,Open,High,Low,Close,Volume
20090623,215.25,215.25,215.25,215.25,20
20090701,187.65,187.65,187.65,187.65,20
20090706,208.7,209.5,208.7,209.1,340
20090708,218.25,219.4,218.25,219.4,80
20090709,209,209,209,209,40
20090710,214.95,214.95,214.95,214.95,160
20090714,199.25,199.25,199.25,199.25,20
20090715,181.15,181.15,178.9,178.9,80
20090716,178.75,178.75,174.8,174.8,60
20090721,168.7,168.7,168.7,168.7,100
20090722,165.5,165.5,165.5,165.5,20
20090723,159.15,159.15,157.75,157.75,40
20090728,157.3,157.3,157.3,157.3,20
20090803,138.9,138.9,138.9,138.9,20
20090804,140.4,140.4,139.85,139.85,160
20090807,142.3,142.3,142.3,142.3,20
20090810,146.35,146.35,145.6,145.6,80
20090812,139.35,139.35,139.35,139.35,20
20090813,135.65,135.82,135.65,135.82,40
20090817,148.7,148.7,148.7,148.7,20
20090818,142.5,142.55,142.15,142.2,3716
20090819,146.25,146.25,141.45,141.5,1320
20090820,140.65,140.65,140.2,140.2,2488
20090827,137.55,137.55,133.55,133.7,1227
20090831,135.65,135.65,135.65,135.65,60
20090901,133.5,133.5,132.25,132.5,1497
20090916,112.4,112.9,112.25,112.25,1230
20090922,112.95,112.95,112.95,112.95,40
20090924,116.8,116.8,116.8,116.8,40
20090928,111.85,111.85,111.85,111.85,20
20090929,111.4,111.9,111.4,111.9,192
20091001,115.75,117.7,115.75,117.7,648
20091002,120.85,120.85,120.85,120.85,140
20091005,119.6,119.6,116.72,116.72,140
20091006,111.85,113.05,111.85,112.9,140
20091007,110.6,110.6,110.6,110.6,20
20091012,103.85,103.85,102.95,103.15,220
20091014,99,99,99,99,40
20091015,98.75,98.75,98.75,98.75,140
20091019,96.2,96.2,96.2,96.2,20
20091020,96.65,97.6,96.65,96.95,526
20091021,95.2,95.25,94.9,95.25,6200
20091022,95.5,95.65,95.5,95.55,5006
20091023,96.75,96.75,96.75,96.75,80
20091028,108.15,110.95,108.15,110.65,1138
20091029,109.05,109.05,104.6,105,457
20091030,109,113.5,109,113.5,110
20091102,110.2,112.45,106.5,112.38,1235
20091103,113,113,111.45,111.45,140
20091104,106.75,108.1,106.75,108.1,420
20091106,105,105,105,105,36
20091110,100,100,100,100,29
20091111,95.3,95.3,95.3,95.3,60
20091113,97.5,97.5,97.5,97.5,60
20091117,95.85,95.85,95.85,95.85,187
20091119,97.6,99.5,97.6,99.25,220
20091120,101.5,101.5,100.85,101.15,200
20091123,94.9,95.75,94.9,95.45,6892
20091125,94.9,96,92.3,95.55,10225
20091127,104.85,105.7,102.6,102.6,700
20091130,100.1,100.6,100,100.35,1035
20091202,93.9,94.25,92.55,93.75,455
20091203,92.9,93.35,88.75,93.35,119
20091204,93.65,93.65,93.65,93.65,180
20091207,98.8,98.8,97.15,98.75,336
20091208,101.2,101.2,100.95,100.95,60
20091209,102.08,102.08,100.24,100.24,199
20091210,98.8,98.85,98.8,98.85,80
20091211,98.75,98.75,98.75,98.75,180
20091215,100.4,100.4,100.4,100.4,60
20091217,104.9,104.9,104.9,104.9,42
20091221,104.75,104.75,104,104,140
20091223,102.1,102.1,102.1,102.1,40
20091224,99.7,99.7,99.7,99.7,40
20091230,96.65,96.65,95.8,95.8,160
20100105,88.65,88.65,88.65,88.65,60
20100106,85.7,87.85,85.7,87.85,70
20100108,87.5,87.5,87.5,87.5,40
20100112,89.85,89.85,89.85,89.85,100
20100114,87.8,87.8,87.25,87.25,300
20100115,90.1,90.6,90.1,90.6,190
20100119,90.55,90.55,87.3,87.3,260
20100120,93.55,93.55,93.55,93.55,40
20100121,93.75,98.45,93.75,98.45,170
20100122,99.6,102.25,99.55,102.25,481
20100125,98.45,99.1,98.45,98.65,360
20100126,101.75,101.75,100.9,100.9,140
20100127,104.54,105.5,104.5,105.5,208
20100128,101.55,101.55,101.55,101.55,48
20100129,106,109.45,106,109.45,290
20100201,107.65,107.9,105.85,105.95,346
20100202,103.2,103.2,103.2,103.2,120
20100203,103.5,103.5,103.5,103.5,20
20100204,113.85,114.3,113.85,114.3,400
20100205,114.2,118.22,113.4,114.5,127136
20100208,113.05,114.9,112.25,114.9,6353
20100209,109.9,111.1,106.23,108.25,2267
20100210,108.8,108.8,108.8,108.8,40
20100211,106.8,107.7,103.5,103.5,1572
20100212,107.35,107.35,107.35,107.35,20
20100216,101.35,101.35,98.85,98.95,1993
20100217,96.65,97.95,96.65,97.7,791
20100218,96.45,96.45,96.05,96.05,141
20100222,95.55,96.5,95.5,96.12,1064
20100223,99.6,99.65,99.57,99.57,1120
20100225,103.85,103.85,101.05,101.05,760
20100226,98.75,98.75,98.75,98.75,90
20100301,96.1,96.1,94.4,94.4,140
20100302,92.7,92.8,92.7,92.8,120
20100304,93.25,93.25,93.25,93.25,20
20100308,88.2,88.2,88.05,88.05,140
20100309,87.3,87.3,87.3,87.3,34
20100310,86.85,86.9,86.2,86.2,1556
20100315,87.9,87.9,87.9,87.9,45
20100316,86.2,86.2,85.6,85.6,333
20100317,83.9,83.9,83.9,83.9,486
20100319,86,86,85.95,85.95,98
20100322,85.15,85.4,85.15,85.4,305
20100323,84.35,84.63,83.75,83.75,69291
20100324,85.35,85.85,85.3,85.85,3917
20100325,84.6,84.6,84.6,84.6,82
20100326,84.75,85.75,84.75,85.15,2618
20100329,83.45,83.45,82.75,82.75,319
20100330,81.95,82.9,81.95,82.9,200
20100331,84.65,85,84.4,84.4,399
20100401,81.85,81.95,81.45,81.55,426
20100405,80.3,80.35,80.3,80.35,124
20100408,81.9,81.9,81.9,81.9,100
20100409,79.2,79.2,79.2,79.2,100
20100414,77.65,77.65,77.1,77.1,80
20100416,80.8,81.26,80.75,80.8,403
20100419,82.7,82.7,81.4,81.4,464
20100420,79.85,79.85,79.55,79.55,685
20100422,83.55,83.55,81.2,81.25,204
20100423,82.85,82.85,81.5,81.5,545
20100427,83.5,87.2,83.3,87.2,617
20100428,84.8,84.8,84.2,84.75,838
20100430,86.05,86.45,86.05,86.45,102
20100503,84.85,84.9,84.6,84.7,322
20100504,89.85,92.5,89.85,92.35,1185
20100505,94.3,95.1,93.25,93.25,120
20100506,97.5,121.5,96.65,105,2801
20100507,101.45,107.39,99.4,103.75,2489
20100510,89.65,98.75,89.5,89.8,2539
20100511,94.75,94.75,91.05,93.31,289
20100512,92.94,92.94,92.05,92.05,165
20100513,91.85,93.05,91.25,93.05,409
20100514,96.5,99.53,96.5,99.29,1918
20100517,98.2,102.8,98.2,99.01,721
20100518,98.3,104.35,98.25,103.61,940
20100519,108.85,113.05,108.4,108.7,2263
20100520,117.35,122.75,113.7,120.95,8368
20100521,123.6,125,112.35,112.35,6302
20100524,111,111.45,109,111.22,1951
20100525,116.2,122.65,114.5,114.5,1547
20100526,113.25,115.6,110,115.6,1912
20100527,106.98,107.44,102,102,2055
20100528,102.3,105,102.3,104,175
20100601,109.55,109.65,105.7,105.7,588
20100602,107.6,107.6,104.25,104.25,583
20100603,101.05,103,100.77,102.6,504
20100604,107.85,111.7,107.15,111.7,679
20100607,111.25,114.1,111.25,114.1,952
20100608,109.85,110.29,107.3,107.3,241
20100609,105.5,108.05,104.1,108.05,407
20100610,100.35,100.35,98.7,100.05,1000
20100611,100.95,100.95,97.1,97.1,774
20100614,93.75,96.15,92.5,95.6,2471
20100615,95.05,95.05,90.87,90.87,548
20100616,93.7,93.7,91.3,91.3,330
20100617,92.9,93.7,92.36,92.36,554
20100621,87.65,90.2,86.6,89.6,3569
20100622,89.2,91,89.2,91,308
20100623,92.05,92.4,91,92.4,811
20100624,93.55,95.81,93.55,95.7,1099
20100625,95.7,96.6,94.25,94.25,200
20100628,95.25,95.25,95.15,95.15,1116
20100629,103.25,103.76,103.15,103.76,200
20100630,103.25,105.75,103,105.75,509
20100701,106.2,107.51,105.65,105.65,330
20100702,102.82,105.5,102.82,105.25,157
20100706,99.9,102.05,98.75,102.05,365
20100707,101.8,101.8,96.76,96.76,450
20100708,92.85,95.1,92.25,93.22,5250
20100709,93.65,93.7,91.96,92.05,418
20100712,93.15,93.15,92.25,92.65,500
20100713,91.45,91.54,91.41,91.54,160
20100715,90,92.4,89.95,89.95,697
20100716,93.8,95.65,93.8,95.65,1477
20100719,94.4,95.5,93.95,94.42,1975
20100720,93.9,93.9,88.9,89.07,666
20100721,90.35,93.35,90.35,93.35,180
20100722,88.45,88.45,87.32,87.36,516
20100723,87.2,87.2,84.9,84.95,1154
20100726,85.1,85.1,82.65,82.65,1245
20100727,82.25,83.85,82.25,83.85,450
20100729,82,84.25,82,83.15,320
20100730,82.8,82.8,82.5,82.5,500
20100802,79.55,79.72,77.9,77.9,911
20100803,79.25,79.25,79.15,79.15,450
20100804,78.8,78.8,78.8,78.8,20
20100805,79.65,79.65,79.15,79.15,160
20100806,80.8,80.8,80.8,80.8,400
20100809,77.75,77.85,77.75,77.85,212
20100810,81,81,80.05,80.05,1314
20100811,84.3,86.05,84.3,86.05,2360
20100812,87,87.08,85.75,85.75,360
20100813,84.3,84.85,84.3,84.85,160
20100816,85.15,85.15,85.15,85.15,20
20100817,81.8,81.8,81.8,81.8,70
20100818,82.45,83.5,82.45,83.5,90
20100819,83.85,86.1,83.85,85.15,1631
20100820,86.1,87.1,85.4,85.4,285
20100823,85.6,85.6,85.6,85.6,60
20100824,89.1,89.2,88.6,88.6,6940
20100825,90.95,90.95,88.95,88.95,343
20100826,87,87,86.56,86.56,80
20100827,87.05,87.05,83.56,83.84,182
20100830,84.15,84.15,83.3,83.7,204
20100901,79.85,79.85,76.9,77.1,1980
20100902,77.6,77.7,76.65,76.65,1072
20100903,75.15,76.15,73.55,75.7,1032
20100907,76.1,76.65,75.75,76.55,3734
20100908,75.4,75.4,74.7,75.3,673
20100909,72.65,73.4,72.4,73.35,1756
20100910,73.35,73.35,73.24,73.27,691
20100913,70.8,70.8,70.1,70.3,1167
20100914,70.6,70.65,69.08,69.45,575
20100915,70.4,70.4,69,69,702
20100916,70.85,70.9,70.15,70.15,249
20100917,70.15,70.6,70,70.1,1272
20100920,68.2,68.2,67.35,67.35,290
20100921,68,68,67.95,67.95,300
20100922,67.8,67.85,67.55,67.65,238
20100923,68.5,68.5,68.35,68.4,585
20100924,66.35,66.35,65.25,65.25,1623
20100927,65.25,65.25,65.25,65.25,80
20100928,63.95,63.95,63.88,63.88,68
20100930,65.7,65.7,65.7,65.7,110
20101001,64.8,65.1,64.7,64.7,240
20101004,64.55,65.6,64.15,65.6,180
20101005,64.5,64.5,62.47,62.7,717
20101006,61.9,62,61.8,62,340
20101007,62,62,62,62,20
20101011,60.65,60.65,60.65,60.65,20
20101013,60.6,60.6,60.05,60.1,327
20101014,59.5,60.15,59.5,59.95,397
20101018,59.55,59.55,59.55,59.55,20
20101020,60.65,60.65,60.65,60.65,170
20101022,61.5,61.5,61.5,61.5,400
20101025,58.35,58.6,58.35,58.6,40
20101026,60.4,60.43,60.4,60.43,40
20101027,63.05,63.75,62.9,63.75,70
20101028,61.05,62.1,61.05,62,193
20101029,62.05,62.07,61.86,62.07,540
20101101,60,60,59.75,59.75,404
20101102,58.2,58.34,57.9,57.9,460
20101103,57.65,58.85,57.65,58.45,220
20101104,53.4,53.55,53.4,53.5,2140
20101105,53.55,53.6,53.15,53.46,699
20101109,53.85,53.85,53.85,53.85,40
20101110,56.05,56.05,56.05,56.05,40
20101112,57.55,58.86,57.55,58.42,450
20101116,59.55,61.05,59.35,61.05,1002
20101117,61,61,60.85,60.85,70
20101118,58.55,58.55,57.85,57.86,660
20101119,59.55,59.84,59.55,59.84,228
20101122,59.9,60.6,59.9,60.25,184
20101123,62.9,68.52,62.9,63.6,79391
20101124,61.5,61.5,60.61,60.94,2586
20101126,63.6,63.6,63,63.25,792
20101129,63.75,64.1,62.75,62.75,1098
20101130,63.8,63.8,62.9,62.9,38566
20101201,60.65,60.9,57.8,59.97,519
20101202,59.85,59.85,57.7,58,4991
20101203,58,58,57.65,57.65,140
20101206,58.25,58.25,58.25,58.25,220
20101207,57.15,57.15,57.15,57.15,120
20101209,57.5,58.06,57.5,58.06,120
20101210,57.65,57.85,57.3,57.3,1454
20101213,56.45,56.45,55.85,56.28,262
20101215,57.48,57.7,57.48,57.7,220
20101216,57.8,57.8,57.4,57.4,580
20101217,57.7,57.7,57.55,57.55,40
20101220,57.65,57.65,57.65,57.65,180
20101221,56.5,56.5,56.35,56.35,1072
20101222,55.85,55.95,55.85,55.95,180
20101223,55.9,55.9,55.84,55.84,720
20101227,56.1,56.1,55.6,55.6,360
20101228,55.4,55.4,55.25,55.25,47
20101230,54.2,54.5,54.2,54.22,100
20101231,54.5,54.6,54.3,54.4,1497
20110103,53,53.2,52.65,53.2,1040
20110104,54.15,55.49,54.15,54.99,1118
20110105,55.4,55.44,54.75,54.75,500
20110106,55.25,55.9,55.15,55.9,540
20110107,56.05,56.5,53.25,56.29,560
20110110,56.85,56.85,56.38,56.38,1080
20110111,56.3,56.35,56.3,56.33,1100
20110112,55.55,55.62,54.97,54.97,740
20110113,54.1,54.64,54.09,54.64,580
20110114,55.25,55.25,54.55,54.55,90
20110119,53.2,54.25,53.2,54.25,152
20110120,55.8,55.8,55.72,55.72,220
20110121,55.35,56,55.35,56,144
20110124,55.75,55.75,54.5,54.6,200
20110125,55.8,55.8,55.55,55.75,490
20110126,54.3,54.49,54.1,54.3,370
20110127,54.6,54.74,54.52,54.6,90
20110131,56.15,56.15,55.4,55.45,140
20110201,54.65,54.65,53.2,53.6,380
20110202,53.6,53.75,53.6,53.75,340
20110203,53.35,53.35,53.15,53.15,269
20110204,52.05,52.25,52.05,52.05,254
20110207,52,52,51.82,52,336
20110208,52.2,52.2,52,52,835
20110209,52.85,53.19,52.85,53.19,120
20110210,53.75,53.85,53.75,53.85,102
20110211,54.35,54.35,53.75,53.75,652
20110214,53.6,53.6,53.26,53.26,520
20110215,53.8,53.8,53.7,53.7,460
20110216,53.25,53.25,53.25,53.25,20
20110218,52.5,52.5,52.05,52.3,680
20110222,54.5,56.15,54.5,56.1,655
20110223,55.2,56.35,55.2,55.68,320
20110224,55.75,56.25,55.75,56.25,70
20110225,53.76,53.76,53.18,53.22,1150
20110228,53.05,53.05,53.05,53.05,1000
20110301,54.38,54.38,54.3599,54.3599,612
20110302,53.34,53.34,53.3121,53.3121,200
20110304,52.72,53.54,52.72,53.0701,1820
20110308,52.75,52.75,52.7,52.7,200
20110310,56,56.014,56,56.014,350
20110311,57.49,57.49,55.45,55.45,3244
20110314,57.03,57.266,56.23,56.38,5653
20110315,61.68,61.72,58.97,59.37,9509
20110316,59.85,62.77,59.85,62.01,11881
20110317,60.61,61.13,60.4401,60.87,18445
20110318,58.43,58.8799,58.42,58.56,5226
20110321,56.05,56.19,55.78,56.02,3165
20110322,55.76,56,55.62,55.93,3770
20110323,55.88,55.92,54.49,54.78,5489
20110324,53.6,53.98,52.92,53.03,5567
20110325,53.01,53.17,52.4,52.75,5600
20110329,52.89,52.89,51.59,51.59,731
20110330,50.66,50.66,49.91,50.03,3350
20110331,50.37,50.37,49.5,49.78,3524
20110401,49.21,49.38,48.5,48.76,4307
20110404,48.65,48.74,48.38,48.38,3923
20110406,47.39,47.39,46.92,46.94,1045
20110407,46.58,47.4542,46.57,47.0995,1325
20110408,46.1,46.2601,46.06,46.2601,500
20110411,45.88,46.54,45.71,46.54,700
20110413,46.74,47.21,46.74,47.21,900
20110414,47.88,47.88,47.88,47.88,400
20110415,47.14,47.22,46.77,46.92,700
20110419,48.3,48.3,47.87,47.9099,625
20110420,45.78,45.78,45.72,45.72,700
20110429,44.9,44.98,44.83,44.83,538
20110504,47.97,48.3601,47.91,48.3601,1900
20110505,48.86,48.86,48.86,48.86,200
20110506,47.04,47.06,46.79,46.79,455
20110509,47.11,47.11,47.07,47.07,600
20110513,48.59,48.7,48.59,48.7,200
20110516,49.57,49.57,49.57,49.57,130
20110523,51.29,51.29,51.08,51.1,700
20110527,48.39,48.58,48.26,48.58,450
20110531,47.5,47.5,47.29,47.44,500
20110601,47.39,47.39,47.39,47.39,320
20110602,49.41,50.27,49.17,50.18,5510
20110606,50.15,50.15,50.15,50.15,200
20110608,51.39,51.39,51.39,51.39,206
20110609,50.61,50.61,50.15,50.21,612
20110614,49.85,49.91,49.85,49.9075,600
20110615,52.62,52.62,52.62,52.62,100
20110616,52.82,52.94,52.77,52.94,1800
20110617,52.1,52.4,52.1,52.16,1400
20110620,52.83,52.83,52.83,52.83,130
20110621,52.05,52.15,51.3,51.33,1030
20110624,52.94,52.94,52.94,52.94,1300
20110627,53.47,53.48,53.47,53.47,1000
20110628,52.06,52.06,52.06,52.06,136
20110629,49.9,49.9,49.9,49.9,200
20110630,47.85,47.85,47.85,47.85,200
20110701,47.79,47.79,47.15,47.15,800
20110705,48.44,48.45,48.44,48.45,300
20110706,49.04,49.04,49.03,49.03,300
20110711,50.55,50.55,50.55,50.55,200
20110712,51.6,51.66,51.26,51.64,1175
20110713,50.38,50.38,50.34,50.34,600
20110715,51.37,51.39,51.37,51.39,500
20110720,49.18,49.18,49.18,49.18,700
20110721,48.49,48.49,48.49,48.49,500
20110727,47.84,47.95,47.84,47.95,1100
20110801,47,48.57,47,48.57,200
20110802,50.42,50.42,50.42,50.42,120
20110803,52.6435,52.6435,52.6435,52.6435,100
20110804,55.53,55.6,55.53,55.6,2000
20110805,60.15,62.75,58.75,59.59,4999
20110808,63.8,68,63.8,68,3400
20110809,62.57,63.8101,59.664,59.664,905
20110810,60.95,62.8199,60.81,61.81,810
20110811,60.86,60.86,55.5,55.69,2555
20110812,55.35,56.09,55.35,56.09,260
20110815,53.24,53.24,52.83,52.83,600
20110816,53.8028,53.8028,53.57,53.57,325
20110817,51.98,51.98,51.98,51.98,200
20110818,55.65,56.879,55.65,56.7,2816
20110819,58.23,58.23,56.95,57.17,460
20110822,55.69,57,55.69,57,450
20110823,55.37,55.37,53.54,53.54,1940
20110824,54.24,54.24,54.15,54.15,300
20110825,54.76,54.76,54.74,54.74,426
20110826,55.25,55.6,53.1,53.1,1385
20110829,50.02,50.89,50.02,50.89,780
20110907,51.78,51.78,50.7,50.7,600
20110908,51.17,51.17,51.17,51.17,300
20110909,54.33,54.33,54.33,54.33,100
20110912,57.91,57.91,57.91,57.91,200
20110914,58.91,58.91,57.37,57.37,1500
20110915,56.46,56.46,55.87,55.87,1100
20110916,55.32,55.36,55.02,55.02,400
20110919,59.26,59.35,57.76,58.18,2095
20110921,62.99,63.03,62.99,63.03,300
20110922,70.3,70.3,70.17,70.17,1119
20110923,68.27,68.85,66.51,67.35,4300
20110926,67.27,67.844,66.67,67.312,1959
20110927,59.84,59.88,59.84,59.88,600
20110928,62.19,65.859,62.19,65.859,800
20110930,67.3565,67.3565,66.82,66.82,300
20111003,71.1,72.57,70.157,72.57,2100
20111004,76.81,76.81,73,73,1520
20111005,70.55,71.63,67.35,68.19,1200
20111006,65.61,65.61,63.1,63.1,311
20111007,59.83,62.37,59.37,62.35,3468
20111010,58.3,58.3,56.24,56.344,4024
20111011,57.51,57.58,56.94,57,2400
20111012,54.62,54.62,53.1,53.48,1130
20111013,55.39,55.39,55.04,55.04,400
20111014,52.89,52.89,52.08,52.1,1200
20111017,54.28,54.98,53.97,54.65,3100
20111018,55.61,55.61,55.61,55.61,200
20111019,53.86,55.35,53.65,55.26,1300
20111020,56,56,56,56,330
20111021,54.64,54.64,53.2801,53.5099,824
20111024,51.29,51.29,50.902,50.902,1121
20111027,45.01,45.01,45.01,45.01,400
20111028,44.79,45.104,44.79,45.104,300
20111031,47.76,47.76,47.642,47.642,500
20111102,49.58,49.58,49.58,49.58,200
20111103,50,50,50,50,200
20111104,50.05,50.05,50.05,50.05,200
20111107,48.36,48.36,48.36,48.36,100
20111108,48.82,48.82,48.47,48.47,300
20111109,51.7,51.7,51.7,51.7,100
20111111,48.36,48.36,48.36,48.36,100
20111114,49.56,50.3245,49.49,50.3245,763
20111117,52.26,52.26,52.26,52.26,200
20111121,56.28,57.59,56.28,57.38,4561
20111122,57.38,57.64,57.38,57.64,300
20111123,59.51,59.718,59.51,59.718,200
20111125,59.47,59.57,59.326,59.326,400
20111128,55.02,55.9,55.02,55.9,500
20111129,54.5,54.54,54.35,54.35,1400
20111130,49.54,49.6276,49.28,49.6276,1175
20111201,49.64,49.64,49.64,49.64,100
20111202,47.58,47.83,47.58,47.83,400
20111205,47.22,47.44,47.22,47.37,510
20111207,49.11,49.12,49.11,49.12,2000
20111208,50.84,51.05,50.84,51.0499,5560
20111209,49.34,49.34,49.25,49.25,3680
20111212,51.85,52.074,51.85,52.074,600
20111213,52.18,52.18,52.18,52.18,595
20111214,54.59,54.61,53.94,54.534,3000
20111215,54.74,54.74,54.74,54.74,125
20111219,54.62,55.99,54.62,55.874,2730
20111220,52.8,53.05,52.62,52.82,1400
20111221,53.45,53.48,52.96,53.347,2825
20111222,51.92,51.92,51.38,51.57,1400
20111223,51.69,51.82,51.09,51.28,2533
20111227,51.58,51.58,51.18,51.42,1000
20111229,53.36,53.41,52.8,52.824,805
20111230,52.48,52.48,52.11,52.11,300
20120103,49.74,49.74,48.85,48.9,1315
20120104,49.25,49.25,48.51,48.51,1200
20120105,50.58,50.58,50.58,50.58,100
20120106,51.04,51.04,50.57,50.65,1000
20120109,50.79,51.18,50.54,50.54,1100
20120110,48.4,48.64,48.22,48.61,1300
20120111,48.6,48.75,48.1,48.15,2000
20120112,48.57,48.57,47.75,47.75,330
20120117,47.06,47.06,46.73,46.77,2446
20120118,45.64,45.64,45.64,45.64,100
20120119,45.52,45.52,45.52,45.52,100
20120120,44.95,45.05,44.94,45.05,1033
20120123,44.35,44.35,44.35,44.35,200
20120125,44.7198,44.7199,42.96,42.96,900
20120126,42.9,42.91,42.9,42.91,560
20120130,43.67,43.77,43.67,43.76,300
20120201,41.4802,41.4802,41.4801,41.4801,400
20120202,41.78,42.13,41.78,42.13,700
20120203,41.11,41.11,40.762,40.762,300
20120206,41.55,41.64,41.17,41.17,350
20120208,40.516,40.7,40.516,40.7,200
20120209,40.47,40.47,40.47,40.47,100
20120210,42.51,42.7279,42.51,42.7279,800
20120213,41.19,41.28,41.19,41.28,300
20120214,41.69,42.27,41.69,42.24,400
20120217,41.48,41.48,41.48,41.48,109
20120221,40.53,40.58,40.43,40.43,801
20120227,40.92,40.92,40.92,40.92,200
20120229,39.27,39.27,39.27,39.27,129
20120301,39.4,39.4,39.4,39.4,200
20120302,40.02,40.02,40.02,40.02,200
20120306,43.04,43.86,43.04,43.86,22600
20120307,42.96,42.96,42.96,42.96,250
20120308,41.72,41.72,41.7199,41.7199,1000
20120309,41.62,41.64,41.62,41.64,400
20120313,41.083,41.083,41.083,41.083,100
20120314,40.67,40.67,40.67,40.67,100
20120315,40.54,40.54,40.54,40.54,800
20120316,40.05,40.05,39.76,39.76,1100
20120320,41.45,41.59,41.45,41.59,2700
20120322,42.44,42.44,42.44,42.44,200
20120323,41.72,41.72,41.72,41.72,100
20120326,40.79,40.79,40.45,40.45,805
20120402,40.55,40.55,40.55,40.55,100
20120405,42.87,42.87,42.87,42.87,100
20120409,42.49,42.49,42.49,42.49,100
20120410,42.81,43.51,42.81,43.5072,500
20120413,41.7,41.7,41.69,41.69,200
20120417,40.85,40.85,40.51,40.51,600
20120418,40.76,40.79,40.66,40.69,1000
20120420,39.93,40.13,39.93,40.13,1000
20120423,41.45,41.45,41.45,41.45,100
20120426,40.35,40.35,39.45,39.45,1750
20120427,39.68,39.68,39.68,39.68,200
20120430,39.65,39.65,39.65,39.65,100
20120501,38.91,38.91,38.91,38.91,100
20120502,39.57,39.85,39.57,39.85,750
20120509,44.3,44.3,44.3,44.3,300
20120510,42.55,42.89,42.324,42.89,2129
20120514,44.59,45.05,44.578,45.024,3650
20120515,44.91,45.03,44.91,45.03,1000
20120516,46.95,47.064,46.95,47.064,1200
20120517,47.81,47.91,47.81,47.9,1000
20120521,48.34,48.34,48.34,48.34,170
20120523,50.191,51.3,49.61,49.6101,600
20120525,51.1101,51.1101,51.1101,51.1101,100
20120530,50.73,50.73,50.73,50.73,100
20120601,51.26,51.26,50.68,50.68,3000
20120604,51.06,51.28,51.06,51.28,1200
20120607,45.85,45.85,45.85,45.85,600
20120608,47.92,47.92,47.92,47.92,100
20120611,47,47.52,47,47.52,268
20120615,46.84,46.84,46.84,46.84,300
20120618,45.85,45.85,45.18,45.18,450
20120619,46.94,46.94,43.36,43.36,3550
20120621,46.97,46.97,46.86,46.86,700
20120622,46.55,46.55,46.55,46.55,100
20120625,47.65,48.22,47.65,48.21,1340
20120627,45.56,45.56,45.4,45.4,450
20120702,42.64,42.64,42.41,42.47,700
20120703,42.52,42.52,41.8,41.8,400
20120705,41.82,41.82,41.48,41.48,850
20120710,42.4,42.4,42.4,42.4,100
20120711,42.8,42.8,42.54,42.54,1200
20120712,43.43,43.43,43.43,43.43,1200
20120713,43.36,43.36,42.63,42.63,500
20120716,42.61,42.66,42.4,42.63,4850
20120717,41.69,41.69,41.43,41.43,550
20120718,40.84,40.84,40.84,40.84,500
20120719,39.67,39.67,39.67,39.67,300
20120720,40.5,40.59,40.5,40.59,350
20120724,41.705,42.92,41.705,42.38,3237
20120725,42.31,42.31,41.43,41.43,495
20120726,40.47,40.47,40.14,40.33,1900
20120727,39.78,39.78,38.63,38.63,3020
20120730,38.53,38.53,38.42,38.42,400
20120731,38.17,38.17,38.17,38.17,200
20120801,37.84,38.58,37.84,38.5,700
20120802,39.03,39.03,38.764,38.772,1491
20120803,37.76,37.76,37.18,37.34,2389
20120806,37.43,37.43,37.31,37.31,216
20120807,36.95,36.95,36.6,36.94,1678
20120808,37.04,37.04,36.82,36.82,200
20120809,36.82,36.82,36.82,36.82,141
20120810,37.41,37.41,36.94,36.94,700
20120813,37.26,37.47,37.18,37.42,500
20120816,36.94,36.94,36.84,36.84,1500
20120817,36.8,36.8,36.8,36.8,250
20120820,36.6,36.6,36.6,36.6,300
20120821,35.61,35.61,35.61,35.61,200
20120827,36.98,36.98,36.82,36.82,371
20120828,37.18,37.18,36.9,36.99,300
20120829,36.87,37.1,36.87,37.1,411
20120831,37.56,37.56,37.56,37.56,100
20120904,38.16,38.53,38.12,38.2,400
20120905,38.73,38.73,38.67,38.67,400
20120906,38.44,38.44,36.97,36.97,600
20120907,36.6,36.6,36.17,36.19,1061
20120911,35.79,35.79,35.79,35.79,200
20120912,35.31,35.43,35.31,35.43,239
20120913,35.6,35.66,33.85,34.38,1000
20120914,33.91,33.91,33.26,33.73,895
20120917,33.99,34.38,33.82,34.34,2461
20120919,34.21,34.26,33.93,33.96,4160
20120920,34.41,34.41,34.41,34.41,100
20120921,34.06,34.07,34.06,34.07,200
20120924,34.61,34.61,34.61,34.61,500
20120925,34.77,35.62,34.77,35.62,700
20120927,34.53,34.53,34.27,34.27,2200
20121001,34.47,34.47,33.82,34.27,800
20121002,34.14,34.52,34.14,34.52,600
20121009,34.3,34.3,34.27,34.27,250
20121011,34.11,34.11,34.11,34.11,250
20121015,34.31,34.31,34.14,34.14,950
20121018,32.8,32.81,32.8,32.81,1150
20121024,33.27,33.27,33.23,33.23,705
20121025,32.82,32.83,32.79,32.79,800
20121031,33.4,33.4,33.4,33.4,700
20121101,33.45,33.45,32.99,32.99,200
20121102,33.02,33.02,32.86,32.86,200
20121105,33.39,33.39,33.19,33.19,650
20121106,32.61,32.61,32.61,32.61,100
20121108,33.02,33.408,32.86,33.21,2300
20121109,33.63,33.63,33.28,33.33,1499
20121112,33.02,33.14,32.93,32.93,7831
20121113,34.02,34.05,33.84,33.85,4319
20121114,33.83,34.45,33.83,34.44,5099
20121115,34.97,34.97,34.97,34.97,200
20121116,35.08,35.33,35.08,35.19,2750
20121119,34.14,34.14,33.93,33.93,1800
20121121,34.03,34.1,34.03,34.03,1100
20121127,32.46,32.69,32.46,32.69,700
20121203,31.62,31.62,31.62,31.62,970
20121205,31.51,31.51,31.51,31.51,600
20121219,30.19,30.19,30.03,30.05,3400
20121231,30.28,30.28,30.18,30.19,1232
20130102,29.04,29.04,28.62,28.73,1450
20130103,28.65,28.65,28.65,28.65,250
20130104,28.93,28.93,28.93,28.93,350
20130107,28.85,28.85,28.85,28.85,500
20130108,29.13,29.13,29.05,29.088,2200
20130109,28.91,28.91,28.91,28.91,200
20130110,28.44,28.44,28.32,28.32,250
20130111,28.65,28.65,28.6,28.6,600
20130114,28.52,28.52,28.52,28.52,136
20130115,28.6333,28.64,28.6333,28.64,275
20130118,28.22,28.22,27.91,27.91,1100
20130122,28.02,28.02,27.92,28,1400
20130123,27.8,27.8,27.8,27.8,100
20130125,27.75,27.75,27.75,27.75,250
20130129,27.34,27.34,27.34,27.34,200
20130130,27.06,27.06,26.99,26.99,200
20130131,27.3099,27.3099,27.3099,27.3099,200
20130204,27.49,27.49,27.41,27.45,1100
20130205,27.7299,27.7299,27.45,27.45,2900
20130213,26.82,26.82,26.61,26.61,400
20130214,26.45,26.45,26.45,26.45,100
20130215,26.37,26.55,26.23,26.55,2650
20130219,26.04,26.04,25.67,25.67,655
20130221,26.9,27.18,26.9,27.16,1550
20130222,26.85,26.85,26.44,26.548,1200
20130225,26.55,26.55,26.55,26.55,550
20130226,26.99,27.1999,26.99,27.1999,2500
20130227,26.3801,26.3801,26.08,26.08,1100
20130305,25.62,25.778,25.62,25.778,2100
20130313,25.95,25.95,25.9499,25.9499,400
20130315,25.75,25.75,25.75,25.75,100
20130318,26.13,26.13,26.13,26.13,100
20130319,26.49,27.0099,26.49,27.0099,850
20130320,26.68,26.68,26.49,26.49,200
20130325,26.24,26.24,26.24,26.24,500
20130402,25.74,25.75,25.74,25.75,750
20130404,26.46,26.46,26.46,26.46,100
20130405,27.34,27.34,27.34,27.34,400
20130409,26.34,26.34,26,26,332
20130423,26.08,26.08,25.8599,25.8599,966
20130426,24.98,24.98,24.81,24.8862,1116
20130429,24.35,24.36,24.35,24.36,600
20130430,24.11,24.11,24.07,24.07,566
20130501,24.16,24.76,24.16,24.76,1600
20130502,24.4,24.4,24.4,24.4,500
20130503,24.07,24.07,24.07,24.07,1500
20130509,24.02,24.32,24.02,24.32,900
20130513,24.63,24.63,24.63,24.63,1400
20130514,24.77,24.77,24.77,24.77,250
20130515,24.97,24.97,24.97,24.97,880
20130516,25.3,25.4,25.27,25.4,1480
20130517,25.66,25.66,25.66,25.66,600
20130521,25.46,25.46,25.36,25.42,4600
20130522,25.75,25.75,25.75,25.75,300
20130523,26.96,26.96,26.42,26.42,2450
20130524,27.72,28.0158,27.72,27.9,2000
20130528,27.49,27.82,27.49,27.82,1600
20130529,28.28,28.36,28.2,28.2,1725
20130530,28.0428,28.0428,28.0428,28.0428,200
20130531,28.58,29.34,28.58,29.34,4090
20130603,28.97,29.12,28.91,28.91,760
20130604,28.7,29.09,28.7,29.09,700
20130605,29.9,30.61,29.9,30.5365,1110
20130606,30.95,31.02,30.4,30.4,1327
20130607,30.75,30.75,30.49,30.63,3300
20130610,30.92,31.239,30.92,31.1294,1755
20130611,31.65,31.9499,31.65,31.9459,800
20130612,31.75,31.8199,31.75,31.7793,300
20130613,31.28,31.33,30.5,30.5,8022
20130614,30.396,30.674,30.396,30.674,1330
20130617,29.42,29.8,29,29.748,1250
20130618,30,30,29.5197,29.5197,1100
20130619,29.44,31,29.44,30.98,8293
20130620,32.52,34.228,32.52,34.228,1863
20130621,33.21,33.21,32.881,32.91,1250
20130624,34.3,34.579,34.3,34.45,1200
20130625,33.15,33.15,32.642,32.642,982
20130626,31.74,31.74,31.47,31.47,875
20130627,30.73,31,30.73,30.99,1037
20130628,31.7,31.7,31.644,31.644,200
20130702,32.151,32.184,32.151,32.184,400
20130703,32.8,32.85,32.8,32.85,820
20130705,32.15,32.2,29.07,32.2,626
20130708,32,32,31.71,31.71,400
20130711,29.53,29.53,29.4801,29.4801,870
20130715,29.6,29.67,29.594,29.594,1425
20130716,29.5,29.5,29.5,29.5,100
20130722,29,29,29,29,100
20130726,28.43,28.43,28.43,28.43,100
20130729,28.4501,28.46,28.4501,28.46,250
20130730,28.87,28.87,28.87,28.87,150
20130731,29.374,29.374,29.374,29.374,104
20130801,29.02,29.021,29.02,29.021,400
20130802,28.9399,28.9399,28.9399,28.9399,100
20130805,29,29.1,29,29.054,600
20130807,29.81,29.8399,29.81,29.8399,200
20130808,28.52,28.52,28.52,28.52,1400
20130809,28.09,28.09,28.09,28.09,100
20130812,27.82,27.82,27.72,27.72,350
20130814,27.364,27.364,27.364,27.364,200
20130815,27.87,27.87,27.87,27.87,100
20130816,27.87,27.87,27.87,27.87,500
20130819,27.82,28.0284,27.82,28.0284,326
20130820,28.72,28.81,28.71,28.79,932
20130821,29.37,29.37,29.37,29.37,100
20130826,28.85,28.89,28.85,28.89,1100
20130828,29.83,29.83,29.62,29.62,500
20130903,28.23,28.23,28.23,28.23,290
20130904,27.7,27.7,27.56,27.56,650
20130905,27.51,27.51,27.51,27.51,348
20130910,26.14,26.14,26.1,26.1,750
20130911,25.79,25.79,25.79,25.79,200
20130912,26.25,26.25,26.25,26.25,100
20130913,26.19,26.19,26.19,26.19,499
20130917,25.44,25.44,25.44,25.44,100
20130918,25.15,25.15,24.311,24.35,700
20130919,24.29,24.29,24.22,24.24,4400
20131003,25.07,25.07,25.07,25.07,200
20131008,25.45,25.65,25.45,25.49,3800
20131011,24.58,24.58,24.2,24.2,2280
20131015,24.35,24.35,24.08,24.08,400
20131016,24,24,23.83,23.83,500
20131017,23.55,23.6,23.42,23.422,30400
20131018,22.97,23.048,22.88,23.048,1700
20131022,22.68,22.68,22.37,22.37,1650
20131025,22.75,22.75,22.75,22.75,600
20131028,22.95,22.95,22.78,22.78,13800
20131029,23.07,23.07,22.98,22.98,200
20131030,22.94,22.95,22.94,22.95,400
20131031,23.17,23.19,23.1,23.19,400
20131106,22.78,22.78,22.78,22.78,544
20131108,23.4,23.4,23.37,23.37,200
20131111,23.61,23.61,23.6,23.6,200
20131115,23.454,23.454,23.454,23.454,100
20131118,23.41,23.41,23.41,23.41,100
20131122,24.3101,24.34,24.3101,24.34,200
20131127,24.53,24.55,24.48,24.48,12600
20131204,25.5635,25.5635,25.5635,25.5635,2700
20131205,25.82,25.82,25.794,25.8099,2400
20131210,26.115,26.12,26.004,26.004,700
20131211,26.8,26.81,26.77,26.81,600
20131212,27.11,27.55,27.11,27.541,1720
20131217,27.36,27.36,27.36,27.36,808
20131218,26.96,26.96,26.96,26.96,200
20131220,26.12,26.12,26,26,2000
20131223,25.75,25.75,25.4,25.4,1100
20131226,25.49,25.49,25.49,25.49,883
20131230,25.37,25.37,25.37,25.37,350
20140102,25.47,25.47,25.47,25.47,2850
20140106,25.55,25.55,25.55,25.55,100
20140116,26.03,26.05,25.99,25.99,1000
20140117,26.0785,26.0785,26.0785,26.0785,158
20140121,26.01,26.01,26,26,300
20140123,26.09,26.1,26.09,26.1,700
20140124,27.7599,28.0099,27.7599,28.0073,800
20140127,28,28.2408,27.72,28.0196,1701
20140128,27.415,27.572,27.415,27.572,600
20140129,27.84,28.14,27.84,28.14,602
20140130,27.67,27.67,27.18,27.18,2800
20140131,28.15,28.15,27.982,27.982,200
20140203,28.82,29.13,27.93,29.13,3275
20140204,28.39,28.39,27.8399,27.8399,1793
20140205,28.4,28.4,28.4,28.4,143
20140206,27.258,27.258,27.1,27.1,300
20140207,26.665,26.77,26.62,26.77,2500
20140210,26.36,26.79,26.36,26.74,342
20140211,25.99,25.99,25.54,25.54,480
20140212,25.34,25.34,25.11,25.11,1405
20140214,24.718,24.718,24.605,24.662,1236
20140218,24.74,24.74,24.49,24.49,300
20140221,24.3,24.3,24.3,24.3,800
20140224,24.12,24.12,24.12,24.12,600
20140225,24.0101,24.0101,24.0101,24.0101,150
20140228,24.06,24.06,24.06,24.06,100
20140310,24,24.1,24,24.1,1400
20140311,23.97,23.97,23.97,23.97,100
20140314,24.79,25.13,24.79,25.09,1400
20140320,25.36,25.37,25.27,25.27,4400
20140321,24.98,24.98,24.8,24.8,1700
20140325,23.82,23.82,23.82,23.82,1200
20140326,23.75,23.75,23.75,23.75,625
20140328,23.16,23.185,23.16,23.185,200
20140331,24.22,24.22,23.0999,23.0999,850
20140402,22.9,22.9,22.9,22.9,500
20140408,22.08,22.08,22.08,22.08,500
20140409,21.65,21.654,21.65,21.65,2100
20140411,21.41,21.64,21.41,21.64,725
20140415,22,22.11,22,22.11,1100
20140421,21.62,21.62,21.62,21.62,1000
20140423,21.6229,21.6229,21.6229,21.6229,100
20140428,22,22,21.71,21.71,900
20140430,21.8,21.8,21.8,21.8,200
20140502,21.63,21.95,21.63,21.88,8600
20140507,21.99,21.99,21.93,21.93,1000
20140508,20.75,21.79,20.75,21.75,2775
20140520,21.65,21.65,21.65,21.65,425
20140522,21.4311,21.4311,21.4311,21.4311,100
20140523,21.43,21.43,21.43,21.43,1300
20140527,21.1301,21.155,21.1301,21.155,600
20140528,21.12,21.158,21.12,21.158,1300
20140530,20.96,20.96,20.96,20.96,900
20140602,21.04,21.04,21.04,21.04,143
20140606,21.04,21.15,21,21.12,6600
20140609,20.97,20.97,20.76,20.77,9700
20140611,20.88,21.08,20.88,21.01,5550
20140619,21.01,21.01,21.01,21.01,1000
20140623,21.21,21.24,21.21,21.24,700
20140626,20.78,20.78,20.78,20.78,442
20140702,20.4,20.4,20.3,20.38,2700
20140708,20.54,20.54,20.54,20.54,200
20140724,19.52,19.52,19.51,19.51,1900
20140728,19.5,19.5,19.5,19.5,200
20140801,19.83,19.91,19.83,19.91,2000
20140807,20.47,20.47,20.47,20.47,200
20140808,20.555,20.555,20.555,20.555,200
20140811,20.38,20.38,20.38,20.38,200
20140815,19.9099,19.9099,19.9099,19.9099,200
20140818,19.5388,19.5388,19.52,19.52,500
20140819,19.38,19.38,19.369,19.369,1103
20140820,19.16,19.16,19.16,19.16,500
20140822,19.26,19.38,19.26,19.38,399
20140825,19.26,19.26,19.16,19.16,4500
20140826,19.23,19.23,19.23,19.23,100
20140902,19.08,19.08,19.08,19.08,100
20140903,18.96,18.98,18.96,18.98,2318
20140908,18.98,18.98,18.98,18.98,20
20140915,21.006,21.006,21.006,21.006,200
20140929,22.75,23.67,22.75,23.66,2500
20140930,23.7,23.7,23.6699,23.6699,975
20141001,23.6,23.6,23.6,23.6,100
20141003,23.73,23.73,23.61,23.61,287
20141007,23.58,23.6,23.58,23.6,1500
20141010,23.99,24.0008,23.9534,23.9534,500
20141013,23.65,23.65,23.65,23.65,100
20141014,23.6201,23.6201,23.6201,23.6201,200
20141015,23.62,24.2999,23.62,24.2999,1071
20141016,24.49,24.49,23.28,23.28,300
20141020,22.65,22.68,22.63,22.68,1600
20141021,22.2701,22.2701,22.2201,22.2201,465
20141022,22.0901,22.334,22.0901,22.334,400
20141023,22.12,22.12,22.12,22.12,600
20141028,21.81,21.81,21.81,21.81,1000
20141030,21.586,21.586,21.586,21.586,103
20141103,21.55,21.55,21.55,21.55,100
20141201,23.47,23.47,23.47,23.47,1000
20141203,23.2401,23.2401,23.2401,23.2401,100
20141204,23.1899,23.1899,23.1899,23.1899,100
20141209,24.19,24.294,24.136,24.136,2300
20141212,24.97,25.03,24.97,25.03,10194
20141216,25.6,25.6,25.6,25.6,100
20141217,26.35,26.37,25.26,25.26,1600
20141222,23.967,24.0375,23.967,24.0375,200
20141223,23.9,23.9,23.9,23.9,7000
20141231,23.7,23.7,23.7,23.7,3000
20150102,24.13,24.13,24.13,24.13,600
20150105,24.64,24.64,24.64,24.64,800
20150106,25.06,25.16,25.01,25.01,8494
20150126,23.6,23.6,23.362,23.362,225
20150202,23.04,23.06,22.84,22.84,2100
20150203,22.71,22.71,22.71,22.71,100
20150204,22.25,22.25,22.22,22.22,300
20150205,22.11,22.11,22.11,22.11,100
20150206,22.159,22.159,22.159,22.159,255
20150209,22.15,22.2,22.07,22.2,855
20150213,21.85,21.91,21.85,21.91,368
20150224,21.74,21.74,21.74,21.74,368
20150225,20.98,20.98,20.98,20.98,250
20150316,22.75,22.75,22.75,22.75,125
20150323,21.2,21.2,21.05,21.05,200
20150417,20.78,20.78,20.78,20.78,100
20150420,20.58,20.58,20.58,20.58,3000
20150501,20.07,20.07,20.07,20.07,100
20150507,21.0763,21.0763,21.05,21.05,450
20150514,20.01,20.01,19.97,19.97,446
20150515,20.04,20.04,20.04,20.04,197
20150521,20.52,20.52,20.52,20.52,100
20150622,21.14,21.14,21.14,21.14,100
20150629,22.87,23,22.87,23,258
20150713,23.25,23.25,23.25,23.25,275
20150728,23.3899,23.3899,23.2601,23.2601,600
20150803,23.54,23.6,23.54,23.6,5345
20150806,23.9601,24.059,23.92,24.059,6165
20150811,24.822,24.822,24.818,24.818,550
20150814,25.46,25.46,25.46,25.46,165
20150817,25.85,25.85,25.5242,25.5242,3820
20150818,26.2,26.2,26.1999,26.1999,2200
20150819,26.46,27.44,26.2,26.2,1543
20150820,27.31,27.37,27.1,27.37,6224
20150821,28.09,28.61,27.6125,28.61,1718
20150824,31.42,32.79,30.6901,32.264,7790
20150825,32.92,32.92,26.55,27.97,9179
20150826,28.99,29.91,28.68,28.77,3017
20150827,27.38,27.63,27.352,27.41,5051
20150828,27.63,27.72,27.63,27.72,2700
20150831,28.5,28.51,28.5,28.51,300
20150901,30.18,30.89,30.18,30.8699,9164
20150902,30.28,30.28,29.56,29.56,2626
20150903,29.783,29.8,29.5,29.595,2800
20150904,30.9,31.4,30.9,31.23,8330
20150908,28.61,28.9578,28.61,28.9199,1740
20150909,27.22,27.97,27.2101,27.97,1500
20150910,28.75,28.76,28.2,28.2,1000
20150914,28.35,28.4,28.2,28.4,1725
20150915,28.89,28.89,28.6,28.62,1240
20150916,27.11,27.21,27.05,27.0501,1000
20150917,27.473,27.52,26.55,26.55,1000
20150918,26.79,27.57,26.79,27.476,9500
20150923,29.5,29.59,29.5,29.554,2610
20150924,29.48,30,29.45,29.73,4200
20150925,29.0179,29.34,29.0179,29.33,3900
20150928,29.9799,30.514,29.82,30.4,2410
20150929,30.8,30.9369,30.6,30.9369,2474
20150930,29.9999,30.049,29.89,30.049,1586
20151001,28.75,29.658,28.733,29.658,2877
20151005,27.52,27.54,27.5199,27.54,7350
20151007,25.8201,26.23,25.72,26.23,1299
20151009,25.09,25.09,25.09,25.09,160
20151013,26.01,26.02,26.01,26.02,593
20151014,25.82,25.86,25.61,25.86,968
20151015,24.88,24.88,24.64,24.64,549
20151020,25.2555,25.299,25.2555,25.299,592
20151023,23.97,23.97,23.97,23.97,100
20151026,23.96,24.12,23.96,24.12,428
20151103,25.5135,25.517,25.5135,25.517,200
20151104,25.43,25.43,25.4299,25.43,2615
20151111,26.99,27,26.99,27,400
20151112,26.85,26.85,26.73,26.73,2000
20151113,27.42,27.6799,27.4,27.4,976
20151116,27.5133,27.57,27.2001,27.2001,7145
20151117,26.69,26.89,26.66,26.89,3656
20151119,25.4888,25.4888,25.29,25.35,1873
20151124,25.28,25.33,25.28,25.28,989
20151127,26.17,26.17,26.17,26.17,144
20151130,25.79,25.85,25.79,25.85,2555
20151201,24.848,24.848,24.848,24.848,500
20151202,25.25,25.25,25.25,25.25,3940
20151203,25.384,25.54,25.384,25.54,4040
20151211,27.23,27.75,27.23,27.75,8464
20151214,28.19,28.19,28.19,28.19,600
20151216,26.91,26.91,26.91,26.91,100
20151217,26.94,26.94,26.89,26.89,660
20151221,26.89,26.89,26.89,26.89,200
20151222,26.31,26.31,26.3,26.3,769
20151229,24.52,24.5201,24.38,24.38,2650
20160104,26.11,26.11,26.11,26.11,100
20160106,27.32,27.44,27.32,27.41,300
20160107,29.06,29.276,29.06,29.276,450
20160114,29.9701,29.9701,29.832,29.832,1600
20160115,31.59,32.681,31.59,32.25,1874
20160119,30.97,31.1915,30.7001,31.0099,2368
20160120,32.588,33.5883,32.588,33,4750
20160121,32.4115,32.4115,31.13,31.13,2816
20160122,30.0801,30.0801,30.0801,30.0801,1000
20160126,30.35,30.35,30.35,30.35,100
20160127,30.68,31.16,29.7642,31.16,650
20160129,29.29,29.309,29.02,29.02,1954
20160201,29.06,29.44,29.06,29.44,732
20160202,30.26,30.61,30.26,30.61,540
20160205,29.914,29.914,29.914,29.914,300
20160208,30.6658,30.6658,30.6658,30.6658,100
20160209,31.65,31.7,31.4138,31.4138,940
20160210,31.78,31.78,31.3188,31.3188,517
20160211,32.34,32.34,31.52,31.53,750
20160212,31.84,31.84,31.028,31.028,900
20160216,29.4955,29.5636,29.4955,29.5636,380
20160217,29.14,29.14,28.5,28.5,2300
20160223,27.9,27.9,27.79,27.79,474
20160229,28.35,28.35,28.35,28.35,392
20160307,24.409,24.409,24.409,24.409,102
20160311,23.1014,23.1014,23.1014,23.1014,500
20160314,23.05,23.05,23.05,23.05,200
20160317,22.654,22.654,22.654,22.654,300
20160328,23.2201,23.2201,23.2201,23.2201,100
20160330,23.05,23.05,22.5,22.74,1931
20160407,24.527,24.7,24.527,24.7,255
20160408,24.245,24.245,24.245,24.245,102
20160412,23.8199,23.8199,22.9001,22.9001,800
20160421,21.005,21.071,20.86,21,600
20160425,20.433,20.433,20.433,20.433,300
20160429,21.7,21.99,21.7,21.99,3329
20160502,21.6201,21.6201,21.6201,21.6201,100
20160506,23.1199,23.1199,23.006,23.006,615
20160512,22.7199,22.7199,22.6899,22.69,400
20160519,23.6499,23.6499,23.6499,23.6499,200
20160526,22.63,22.63,22.63,22.63,1300
20160531,22.72,22.78,22.72,22.78,700
20160601,22.9,22.9,22.753,22.753,1325
20160602,23.1401,23.1599,23.09,23.09,800
20160603,22.35,22.35,22.35,22.35,351
20160606,21.6899,21.7201,21.6899,21.7201,1000
20160609,21.66,21.72,21.6,21.72,1817
20160610,22.23,22.53,22.23,22.53,2325
20160613,22.74,22.74,22.74,22.74,100
20160616,24.29,24.47,24.2,24.2,3400
20160617,23.37,23.37,23.37,23.37,663
20160620,21.17,22.1245,21.16,22.1245,699
20160623,21.19,21.19,21.19,21.19,800
20160624,23.29,23.29,22.66,22.97,3000
20160627,23.79,23.9,23.79,23.9,1840
20160628,22.77,22.77,22.74,22.74,2200
20160629,22.11,22.18,22.11,22.18,900
20160701,21.1001,21.1001,21.1001,21.1001,840
20160712,19.7505,19.7505,19.7505,19.7505,100
20160713,19.7608,19.7608,19.7608,19.7608,100
20160721,19.41,19.42,19.41,19.42,300
20160727,19.12,19.12,19.12,19.12,300
20160804,19.12,19.12,19.12,19.12,360
20160809,18.3149,18.3149,18.3149,18.3149,100
20160817,18.52,18.52,18.52,18.52,100
20160819,18.57,18.84,18.57,18.84,300
20160822,18.85,18.8501,18.85,18.8501,300
20160825,18.6,18.6,18.59,18.59,1466
