Date,Open,High,Low,Close,Volume
20210909,25.17,25.17,24.97,24.9768,701
20210910,25.06,25.19,24.9856,24.9856,1960
20210913,25.2499,25.2499,25.1055,25.1055,1610
20210914,25.18,25.18,24.9764,24.9764,3301
20210915,25.392,25.392,25.392,25.392,16
20210916,25.16,25.16,24.9179,24.9771,3033
20210917,24.5,24.5,24.5,24.5,201
20210920,23.66,23.66,23.27,23.57,5345
20210921,23.64,23.64,23.64,23.64,618
20210922,23.76,24.23,23.76,24.04,3463
20210923,24.21,24.57,24.21,24.57,704
20210924,24.34,24.34,24.25,24.3,2459
20210927,24.51,24.52,24.46,24.52,1611
20210928,24.23,24.23,23.8733,23.97,1400
20210929,23.805,23.81,23.8,23.81,4400
20210930,23.845,23.85,23.71,23.71,3274
20211001,23.665,23.8419,23.665,23.8419,492
20211004,23.91,23.91,23.63,23.74,2101
20211005,23.82,23.82,23.82,23.82,200
20211006,23.4,23.48,23.26,23.4796,679
20211007,23.75,24.0399,23.75,23.9436,760
20211008,24,24,23.98,23.98,5100
20211011,24.19,24.25,24.19,24.25,683
20211012,24.38,24.48,24.38,24.48,601
20211013,24.78,24.985,24.78,24.971,666
20211014,25.38,25.57,25.38,25.4647,1202
20211015,25.6338,25.6338,25.6338,25.6338,3
20211018,25.68,25.72,25.6206,25.6206,7074
20211019,25.88,25.88,25.8342,25.8342,539
20211020,26.0383,26.0383,26.0383,26.0383,20
20211021,25.7385,25.7385,25.7385,25.7385,1
20211022,25.7083,25.7083,25.7083,25.7083,171
20211025,25.9037,25.9037,25.9037,25.9037,4
20211026,26,26,25.7929,25.7929,793
20211027,25.6,25.6,25.43,25.43,560
20211028,25.67,25.7568,25.67,25.7568,101
20211029,25.53,25.64,25.4935,25.5816,1566
20211101,25.77,25.88,25.77,25.7883,1726
20211102,25.58,25.58,25.2744,25.2744,141
20211103,25.4299,25.43,25.365,25.4006,1552
20211104,25.1727,25.1727,25.1727,25.1727,41
20211105,25.1162,25.1162,25.1162,25.1162,90
20211108,25.32,25.57,25.32,25.5205,1080
20211109,25.43,25.5166,25.43,25.5166,201
20211110,25.52,25.52,25.13,25.13,313
20211111,25.514,25.514,25.514,25.514,10
20211112,25.8156,25.9,25.8156,25.8586,4482
20211115,25.71,25.71,25.593,25.593,1165
20211116,25.55,25.62,25.485,25.485,708
20211117,25.29,25.2991,25.29,25.2991,202
20211118,25.2616,25.2616,25.2616,25.2616,10
20211119,25.0386,25.0386,25.0386,25.0386,15
20211122,25.18,25.18,25.18,25.18,106
20211123,25.09,25.19,25.09,25.1657,269
20211124,25.0568,25.0568,25.0568,25.0568,10
20211126,24.71,24.71,24.5506,24.5506,105
20211129,24.83,24.92,24.66,24.8591,4348
20211130,24.7905,24.7905,24.3899,24.3899,403
20211201,24.94,24.94,24.0649,24.0649,1401
20211202,24.03,24.2296,24.03,24.2296,150
20211203,23.85,23.85,23.8438,23.8438,117
20211206,24.0561,24.0561,24.0561,24.0561,28
20211207,24.7537,24.7537,24.7537,24.7537,29
20211208,24.87,25.05,24.85,24.9598,910
20211209,24.82,24.82,24.6898,24.6898,361
20211210,24.8199,24.8199,24.71,24.7388,1220
20211213,24.709,24.709,24.6676,24.6676,305
20211214,24.63,24.63,24.5519,24.5519,389
20211215,24.155,24.77,24.155,24.77,1007
20211216,24.88,24.8988,24.88,24.8988,542
20211217,25.23,25.23,24.7857,24.7857,178
20211220,24.29,24.29,24.1737,24.1737,119
20211221,24.72,24.7362,24.72,24.7362,2000
20211222,25.1207,25.1207,25.1207,25.1207,158
20211223,25.3001,25.4235,25.3001,25.4235,1530
20211227,25.56,25.7607,25.56,25.7607,504
20211228,25.7861,25.7861,25.7861,25.7861,39
20211229,25.844,25.844,25.844,25.844,87
20211230,25.99,25.99,25.8389,25.8389,842
20211231,25.88,25.98,25.88,25.9356,500
20220103,25.9723,25.9723,25.9723,25.9723,17
20220104,26.169,26.169,26.169,26.169,2
20220105,26.41,26.41,26.0174,26.0174,397
20220106,25.84,25.84,25.6456,25.6456,101
20220110,25.78,25.79,25.7699,25.7699,521
20220111,25.98,26.148,25.98,26.148,312
20220112,26.7917,26.7917,26.7917,26.7917,3
20220113,26.5921,26.5921,26.5921,26.5921,1
20220114,26.46,26.49,26.3433,26.49,820
20220118,26.23,26.3778,26.1788,26.1788,946
20220119,26.41,26.41,26.1829,26.1829,622
20220120,26.3,26.3,26.0113,26.0113,120
20220121,26,26,24.9661,24.9661,1257
20220124,24.5423,24.5423,24.5423,24.5423,25
20220125,24.3947,24.3947,24.3947,24.3947,107
20220126,24.45,24.45,24.45,24.45,200
20220128,24.2416,24.2416,24.2416,24.2416,3
20220131,24.81,24.81,24.81,24.81,302
20220202,25.53,25.5841,25.5,25.5841,707
20220203,25.33,25.33,25.0534,25.0534,111
20220204,25.2,25.2,25.2,25.2,302
20220207,25.33,25.33,25.2299,25.23,1252
20220208,25.6015,25.6015,25.6015,25.6015,2
20220209,26.222,26.222,26.222,26.222,3
20220210,26.53,26.53,26.1451,26.1451,300
20220211,26.2,26.32,25.9603,25.9603,39202
20220214,25.84,25.84,25.51,25.51,200
20220216,26.07,26.07,26.07,26.07,400
20220217,25.99,25.99,25.99,25.99,100
20220218,25.8,25.8,25.8,25.8,4150
