Date,Open,High,Low,Close,Volume
20201202,25.01,25.0903,25.01,25.0903,999500
20201208,25.23,25.23,25.23,25.23,20
20201209,25.5299,25.5299,25.43,25.43,392
20201214,25.47,25.48,25.3886,25.3886,414
20201217,25.6999,25.6999,25.6999,25.6999,1
20201218,25.5406,25.5406,25.5406,25.5406,1
20201224,25.705,25.705,25.705,25.705,9
20201229,26.09,26.14,26.09,26.14,299
20201230,26.519,26.519,26.475,26.475,261
20201231,26.45,26.45,26.4462,26.4462,226
20210104,26.3677,26.3677,26.3677,26.3677,186
20210105,26.895,26.895,26.895,26.895,22
20210106,26.65,26.7329,26.65,26.7329,136
20210107,26.47,26.47,26.47,26.47,64
20210108,26.405,26.405,26.405,26.405,61
20210111,25.965,25.965,25.965,25.965,1
20210112,26.605,26.6215,26.605,26.6215,100
20210113,26.4716,26.4716,26.4716,26.4716,2
20210114,26.97,26.975,26.9478,26.9478,347
20210115,26.44,26.44,26.44,26.44,41
20210119,26.6911,26.6911,26.6911,26.6911,3
20210120,26.84,26.85,26.7132,26.7132,300
20210121,26.8381,26.8381,26.8381,26.8381,4
20210125,26.5082,26.5082,26.5082,26.5082,4
20210126,26.805,26.805,26.805,26.805,1
20210127,26.71,26.71,26.5,26.5,205
20210128,26.69,26.69,26.4804,26.4804,231
20210129,26.62,26.62,26.5991,26.5991,300
20210201,26.405,26.405,26.405,26.405,2
20210202,26.4049,26.4049,26.4049,26.4049,98
20210205,26.6,26.69,26.6,26.69,436
20210208,27.02,27.02,26.975,26.975,100
20210209,27.17,27.17,27.17,27.17,12
20210210,27.0065,27.035,26.9962,27.035,221
20210211,27.04,27.04,27.035,27.035,375
20210212,27.14,27.1447,27.14,27.1447,151
20210216,27.4748,27.4748,27.4748,27.4748,132
20210217,27.3,27.3,27.285,27.285,433
20210218,27.56,27.56,27.545,27.545,121
20210219,27.875,27.875,27.7564,27.7564,1196
20210223,28.38,28.38,28.38,28.38,9
20210224,28.57,28.7644,28.55,28.7644,900
20210225,28.7,28.7337,28.68,28.7337,1056
20210226,28.285,28.3,28.13,28.145,2512
20210301,28,28,27.766,27.766,4232
20210302,27.88,27.89,27.8147,27.8147,1308
20210303,27.87,27.9202,27.87,27.9202,300
20210304,28.02,28.025,28.02,28.025,1000
20210308,28.095,28.095,28.095,28.095,59
20210309,27.96,27.96,27.87,27.87,3801
20210310,27.895,27.895,27.895,27.895,7
20210312,28.21,28.41,28.21,28.41,901
20210315,28.3498,28.3498,28.3498,28.3498,36
20210317,28.21,28.21,28.21,28.21,20
20210318,27.7657,27.7657,27.7657,27.7657,700
20210319,27.79,27.8515,27.79,27.8515,415
20210322,28.13,28.13,27.78,27.79,7412
20210323,27.55,27.55,27.3,27.3,323
20210325,27.53,27.53,27.06,27.06,901
20210326,27.38,27.38,27.3705,27.3705,208
20210329,27.6,27.7,27.57,27.7,1950
20210331,27.78,27.78,27.43,27.6007,5918
20210401,27.68,27.68,27.49,27.49,601
20210405,27.5,27.55,27.5,27.55,200
20210406,27.66,27.69,27.57,27.57,3400
20210407,27.46,27.5414,27.46,27.5414,208
20210408,27.39,27.43,27.39,27.43,681
20210409,28.76,28.76,27.625,27.625,1900
20210412,27.46,27.46,27.46,27.46,20
20210413,27.42,27.42,27.42,27.42,1620
20210419,27.9433,28.01,27.9433,27.96,551
20210420,28.12,28.12,28.12,28.12,94
20210422,28.38,28.38,28.38,28.38,2
20210423,28.5199,28.52,28.44,28.44,594
20210426,28.795,28.795,28.795,28.795,4
20210428,28.8676,28.8676,28.8676,28.8676,87
20210429,29.27,29.27,29.185,29.185,120
20210430,29.275,29.275,29.275,29.275,28
20210503,29.1,29.1,29.1,29.1,55
20210504,29.2901,29.2901,29.2901,29.2901,3
20210505,29.4319,29.4319,29.4319,29.4319,102
20210506,29.45,29.48,29.45,29.47,298
20210510,29.47,29.47,29.47,29.47,20
20210511,29.7373,29.8162,29.7373,29.8162,435
20210512,29.86,30.44,29.86,30.4186,2236
20210513,29.5076,29.5076,29.38,29.38,181
20210514,29.4003,29.4003,29.4003,29.4003,742
20210517,29.64,29.64,29.64,29.64,20
20210519,29.26,29.3525,29.26,29.3525,238
20210520,29.55,29.56,28.9196,28.9196,2832
20210521,29.1373,29.1373,29.1373,29.1373,20
20210525,28.91,28.91,28.91,28.91,11
20210526,29.26,29.26,29.2156,29.2156,728
20210528,29.03,29.2779,29.03,29.2779,1100
20210601,29.83,29.83,29.83,29.83,1
20210602,29.8,29.8,29.67,29.67,829
20210603,29.71,29.71,29.71,29.71,10
20210607,29.93,29.93,29.555,29.555,460
20210608,29.75,29.75,29.75,29.75,1
20210609,29.56,29.58,29.465,29.465,600
20210610,29.5,29.5,29.5,29.5,20
20210615,29.4475,29.4475,29.4475,29.4475,10
20210616,29.49,29.51,29.2955,29.2955,1017
20210618,28.06,28.2512,28.06,28.2512,970
20210621,28.325,28.325,28.325,28.325,2
20210623,28.51,28.51,28.505,28.505,408
20210702,29.2,29.22,29.12,29.12,730
20210706,28.55,28.55,28.55,28.55,71
20210707,27.88,28.97,27.88,28.2283,18908
20210708,28.31,28.31,28.31,28.31,35
20210712,28.385,28.385,28.385,28.385,81
20210714,28.235,28.235,28.235,28.235,192
20210715,28.295,28.295,28.295,28.295,2
20210719,27.67,27.67,27.51,27.6488,6917
20210720,27.915,27.915,27.915,27.915,1000
20210721,28.04,28.059,27.83,27.9444,400
20210722,28.5,28.529,28.42,28.42,298
20210723,28.66,28.67,28.435,28.435,880
20210726,28.67,28.68,28.5977,28.68,520
20210729,28.655,28.655,28.655,28.655,70
20210730,28.39,28.39,28.39,28.39,20
20210802,28.62,28.6497,28.62,28.6497,105
20210803,28.355,28.355,28.355,28.355,45
20210804,28.37,28.37,28.22,28.22,206
20210805,28.54,28.54,28.432,28.432,316
20210806,28.51,28.51,28.398,28.398,100
20210811,28.835,28.835,28.835,28.835,461
20210812,28.875,28.875,28.875,28.875,21
20210813,28.8149,28.8149,28.8149,28.8149,4
20210819,28.0951,28.0951,28.0951,28.0951,5
20210820,27.7824,27.7824,27.7349,27.7349,125
20210825,28.3425,28.4899,28.3425,28.4899,193
20210827,28.836,28.85,28.7218,28.7218,1292
20210830,28.5665,28.5665,28.5665,28.5665,34
20210831,28.11,28.2877,28.03,28.2877,4987
20210901,28.1,28.14,28.07,28.0849,5946
20210902,28.285,28.285,28.285,28.285,1
20210903,28.15,28.225,28.15,28.225,170
20210907,28.0601,28.0601,28.0601,28.0601,5
20210908,28.1288,28.1288,28.1288,28.1288,9
20210914,28.43,28.44,28.355,28.355,4602
20210916,28.56,28.56,28.56,28.56,650
20210917,28.509,28.509,28.435,28.435,150
20210921,28,28.12,28,28.12,176
20210922,28.385,28.385,28.385,28.385,1
20210927,28.9235,28.9235,28.9235,28.9235,2
20210928,29.17,29.21,28.84,28.84,3409
20210930,28.899,28.9899,28.85,28.9899,1365
20211001,28.87,29.02,28.87,28.9651,2349
20211004,29.4089,29.5,29.36,29.36,4811
20211005,29.51,29.57,29.501,29.57,500
20211006,29.425,29.425,29.425,29.425,144
20211007,29.3,30.115,29.3,29.45,2367
20211008,29.66,29.66,29.57,29.57,373
20211011,30,30.05,29.72,30.0459,2213
20211012,29.8,29.8,29.68,29.695,6052
20211013,29.45,29.4848,29.45,29.4848,1505
20211014,29.49,31.05,29.49,29.59,31823
20211015,29.92,29.93,29.88,29.93,2268
20211018,30.04,30.04,29.87,29.8799,3753
20211019,29.85,29.86,29.72,29.86,2548
20211020,29.5976,29.885,29.5976,29.885,2016
20211021,29.685,29.9181,29.62,29.9181,310
20211022,29.85,29.86,29.85,29.86,1297
20211025,29.98,30.01,29.96,29.96,6350
20211026,29.9,29.95,29.9,29.95,400
20211027,29.9,29.9,29.6,29.75,2850
20211028,29.76,29.76,29.46,29.5419,3238
20211029,30.04,30.0939,30.022,30.0939,1101
20211101,29.95,29.95,29.9082,29.9082,748
20211102,29.83,29.9,29.82,29.9,1745
20211103,29.75,29.79,29.4352,29.4352,1359
20211104,29.67,29.68,29.465,29.5048,375
20211105,29.45,29.45,29.2199,29.2199,201
20211108,29.44,29.4802,29.44,29.4802,3381
20211109,29.32,29.33,29.285,29.3093,1150
20211110,29.72,29.8355,29.72,29.8355,111
20211111,29.8572,29.8572,29.8572,29.8572,23
20211115,29.64,29.8175,29.64,29.8175,100
20211116,29.86,30.32,29.815,30.2716,3464
20211117,30.1,30.115,29.8049,29.8049,725
20211118,29.7101,29.7648,29.7101,29.7648,185
20211122,30.07,30.07,30.0019,30.0019,246
20211123,30.37,30.37,30.3365,30.3365,340
20211124,30.3882,30.3882,30.3882,30.3882,28
20211126,29.5,29.5,29.059,29.1625,1506
20211129,29.29,29.29,29.0846,29.0846,162
20211130,29.01,29.01,28.42,28.4815,1423
20211201,28.2488,28.2488,28.2488,28.2488,556
20211202,28.3654,28.4299,28.31,28.4299,273
20211203,28.41,28.41,28.3108,28.3108,281
20211206,28.4999,28.4999,28.4999,28.4999,73
20211207,28.43,28.7238,28.43,28.7198,824
20211209,28.8,28.81,28.6849,28.6849,800
20211213,28.7236,28.7236,28.7236,28.7236,1
20211214,28.7,28.7,28.7,28.7,204
20211215,28.45,28.4975,28.45,28.4975,1003
20211216,28.4598,28.4598,28.4598,28.4598,87
20211217,28.47,28.47,28.4576,28.4576,126050
20211220,28.32,28.44,27.67,28.3909,3126
20211221,28.5497,28.5901,28.5497,28.5901,360
20211222,28.561,28.64,28.561,28.64,151
20211223,28.571,28.6899,28.57,28.6899,605
20211227,28.7798,28.7798,28.7798,28.7798,50
20211228,28.78,28.78,28.78,28.78,300
20211229,26.87,26.95,26.821,26.8804,1376
20211230,26.95,26.95,26.7151,26.7151,8705
20211231,26.675,26.68,26.49,26.5,1177
20220103,26.739,26.74,26.65,26.69,3211
20220104,26.731,26.8081,26.71,26.8081,3221
20220106,26.89,26.89,26.89,26.89,65
20220107,26.85,26.85,26.8151,26.8151,202
20220110,26.7301,26.7301,26.7301,26.7301,66
20220111,26.75,26.81,26.75,26.81,330
20220112,26.67,26.7187,26.67,26.7187,2240
20220113,26.7,26.7,26.5544,26.5544,398
20220118,28.03,28.03,27.05,27.1671,3925
20220120,27.29,27.99,27.26,27.26,27345
20220121,27.17,27.19,27.1252,27.1252,2506
20220124,27.15,27.1926,27.0988,27.1926,873
20220125,27.34,27.34,27.34,27.34,1
20220126,27.635,27.7178,27.605,27.7178,598
20220127,27.8101,27.9676,27.8101,27.9676,237
20220128,28.12,28.13,27.9,27.96,812
20220131,27.865,27.88,27.8057,27.8354,2739
20220201,28.06,28.06,27.9101,27.9568,826
20220202,27.97,28.15,27.97,28.0601,5465
20220203,28.27,28.27,28.1875,28.1875,258
20220204,28.6787,28.75,28.529,28.5746,370
20220207,28.4,28.4499,28.27,28.3353,6031
20220208,28.48,28.48,28.417,28.417,179
20220209,28.2699,28.3501,28.1781,28.3501,2098
20220210,28.5812,28.5812,28.5812,28.5812,5
20220211,28.4401,28.5814,28.4401,28.5814,1615
20220214,28.97,28.97,28.87,28.87,3687
20220215,28.6641,28.76,28.6641,28.73,6406
20220216,28.76,28.76,28.705,28.705,700
20220217,28.7,28.7,28.4461,28.54,3181
20220218,28.77,28.77,28.63,28.63,2735
