Date,Open,High,Low,Close,Volume
20140123,83.96,83.99,83.96,83.99,6545
20140124,84.05,84.05,84,84,3932
20140127,83.99,83.99,83.99,83.99,6078
20140128,83.99,83.99,83.99,83.99,238
20140129,83.99,83.99,83.96,83.96,1197
20140131,84.12,84.12,84.12,84.12,596
20140204,84.1,84.1,84.1,84.1,119
20140206,84.14,84.14,84.14,84.14,216
20140207,84.41,84.41,84.2,84.2,1618
20140210,84.17,84.2,84.17,84.2,6967
20140212,84.11,84.2,84.11,84.2,6078
20140219,84.33,84.33,84.33,84.33,119
20140220,84.35,84.42,84.35,84.42,1405
20140221,84.46,84.47,84.34,84.35,2455
20140224,84.3,84.3,84.3,84.3,2086
20140226,84.36,84.36,84.36,84.36,119
20140227,84.36,84.41,84.36,84.41,2420
20140228,84.36,84.36,84.35,84.36,357
20140303,84.4,84.4,84.25,84.25,834
20140304,84.37,84.37,84.37,84.37,119
20140305,84.35,84.35,84.35,84.35,834
20140307,84.28,84.29,84.28,84.29,476
20140310,84.28,84.28,84.28,84.28,208
20140311,84.65,84.65,84.24,84.24,280
20140312,84.2,84.2,84.2,84.2,242
20140313,84.35,84.37,84.35,84.37,2501
20140314,84.35,84.35,84.35,84.35,120
20140317,84.33,84.33,84.33,84.33,119
20140319,84.31,84.34,84.31,84.34,5718
20140320,84.17,84.2,84.16,84.2,3725
20140321,84.17,84.22,84.17,84.21,1607
20140324,84.15,84.15,84.14,84.14,1191
20140325,84.32,84.32,84.22,84.29,3800
20140326,84.34,84.34,84.34,84.34,1910
20140327,84.34,84.35,84.29,84.29,1227
20140328,84.35,84.35,84.35,84.35,131
20140331,84.33,84.33,84.33,84.33,238
20140401,84.43,84.43,84.24,84.38,4286
20140402,84.24,84.24,84.24,84.24,119
20140404,84.4,84.4,84.4,84.4,357
20140407,84.44,84.44,84.4,84.4,952
20140408,84.58,84.58,84.58,84.58,2821
20140409,84.64,84.7,84.59,84.59,9338
20140410,84.7,84.7,84.7,84.7,1249
20140415,84.66,84.83,84.66,84.83,1769
20140422,84.6,84.71,84.6,84.7,1103
20140423,84.94,84.98,84.94,84.98,833
20140424,84.93,84.94,84.9,84.92,3917
20140425,84.92,84.92,84.91,84.91,595
20140428,84.92,84.92,84.87,84.87,1000
20140429,84.69,84.73,84.69,84.7,1143
20140430,85.01,85.05,84.84,84.84,764
20140501,84.99,84.99,84.99,84.99,847
20140505,84.88,84.9,84.86,84.9,595
20140506,85.03,85.07,85.03,85.07,655
20140509,85.38,85.38,85.38,85.38,119
20140512,85.07,85.07,85.07,85.07,494
20140514,85.33,85.33,85.33,85.33,714
20140519,85.16,85.16,85.16,85.16,238
20140520,85.24,85.24,85.24,85.24,341
20140522,85.23,85.26,85.22,85.22,1937
20140523,84.65,85.14,84.65,85.14,6435
20140527,84.92,85.18,84.92,85.1,12255
20140528,85.33,85.33,85.33,85.33,128
20140530,85.56,85.56,85.14,85.14,238
20140602,85.16,85.16,85.14,85.14,1666
20140603,85.19,85.19,85.14,85.14,1294
20140604,85.16,85.16,85.16,85.16,152
20140605,85.31,85.31,85.31,85.31,132
20140618,85.44,85.44,85.23,85.24,1397
20140619,85.18,85.18,85.14,85.14,1428
20140620,85.18,85.18,85.18,85.18,119
20140625,85.32,85.32,85.3,85.3,410
20140630,85.26,85.26,85.26,85.26,119
20140702,85.12,85.12,85.12,85.12,238
20140708,85.35,85.35,85.35,85.35,357
20140710,85.27,85.35,85.18,85.24,9226
20140714,85.23,85.23,85.23,85.23,1289
20140718,85.02,85.25,85.02,85.25,1449
20140721,85.35,85.35,85.35,85.35,704
20140722,85.25,85.28,85.23,85.28,2204
20140724,85.07,85.07,85.06,85.07,1229
20140725,85.28,85.32,85.28,85.32,18557
20140728,85.27,85.27,85.24,85.24,5459
20140731,84.87,84.87,84.87,84.87,235
20140801,85.3,85.3,85.3,85.3,372
20140804,85.08,85.4,85.08,85.39,4996
20140806,85.33,85.36,85.14,85.36,1639
20140807,85.37,85.37,85.37,85.37,586
20140808,85.4,85.4,85.11,85.11,2874
20140813,85.43,85.45,85.39,85.39,3946
20140814,85.88,85.88,85.41,85.45,7914
20140815,85.51,85.51,85.51,85.51,168
20140818,85.31,85.4,85.31,85.4,2594
20140819,85.4,85.4,85.4,85.4,185
20140820,85.41,85.46,85.41,85.46,1428
20140821,85.53,85.56,85.52,85.56,1457
20140822,85.52,85.53,85.52,85.53,4084
20140825,85.52,85.52,85.48,85.48,1831
20140826,85.58,85.6,85.58,85.59,4010
20140827,85.29,85.29,85.29,85.29,469
20140828,85.26,85.26,85.26,85.26,185
20140829,85.56,85.57,85.55,85.55,1718
20140902,90.71,90.71,85.32,85.51,2860
20140905,85.63,85.66,85.63,85.65,686
20140908,85.66,85.66,85.44,85.52,3818
20140909,85.11,85.43,81.12,85.43,1553
20140910,85.46,85.46,85.41,85.41,1090
20140912,85.48,85.48,85.44,85.44,419
20140915,85.53,85.53,85.53,85.53,594
20140917,85.57,85.58,85.52,85.52,621
20140918,85.51,85.51,85.51,85.51,626
20140919,85.56,85.56,85.56,85.56,594
20140922,85.52,85.52,85.52,85.52,119
20140924,85.72,85.72,85.47,85.53,1695
20140926,85.41,85.41,85.36,85.36,5675
20140929,85.36,85.36,85.36,85.36,594
20140930,85.25,85.25,85.25,85.25,15183
20141006,85.56,85.56,85.51,85.51,2118
20141007,85.54,85.54,85.54,85.54,119
20141008,85.51,85.56,85.51,85.56,885
20141013,85.73,85.83,85.73,85.83,2365
20141014,85.77,85.77,85.73,85.73,2208
20141015,85.67,85.67,85.67,85.67,284
20141020,85.75,85.75,85.75,85.75,808
20141021,85.67,85.67,85.67,85.67,141
20141023,85.52,85.55,85.45,85.46,6814
20141024,85.57,85.57,85.57,85.57,273
20141027,85.57,85.57,85.52,85.52,1851
20141028,85.58,85.58,85.58,85.58,256
20141030,85.68,85.68,85.68,85.68,178
20141031,85.38,85.38,85.26,85.26,615
20141104,85.61,85.63,85.51,85.53,10908
20141105,86.87,86.87,85.43,85.44,25975
20141106,85.45,85.45,85.39,85.44,576
20141107,85.68,85.68,85.68,85.68,119
20141110,85.51,85.51,85.51,85.51,162
20141111,85.56,85.62,85.56,85.62,1636
20141112,85.57,85.57,85.49,85.49,354
20141113,85.3,85.49,85.3,85.49,1758
20141114,85.57,85.57,85.57,85.57,419
20141117,85.53,85.53,85.53,85.53,517
20141119,85.5,85.5,85.4,85.4,4145
20141120,85.57,85.57,85.57,85.57,1186
20141124,85.67,85.67,85.59,85.6,1305
20141125,85.63,85.63,85.59,85.63,5133
20141126,85.65,85.65,85.52,85.52,2135
20141128,85.49,85.49,85.4,85.4,2000
20141202,85.39,85.39,85.36,85.36,3123
20141203,85.44,85.49,85.44,85.49,1740
20141204,85.48,85.48,85.48,85.48,1171
20141205,85.31,85.32,85.31,85.31,6099
20141208,85.5,85.5,85.49,85.49,237
20141212,85.47,85.47,85.47,85.47,146
20141217,85.37,85.37,85.31,85.31,1930
20141223,85.28,85.28,85.12,85.12,1110
20141224,85.04,85.04,85.04,85.04,118
20141231,85.3,85.45,85.3,85.45,469
20150102,85.34,85.48,85.34,85.48,352
20150105,85.14,85.41,85.14,85.14,1780
20150107,85.34,85.34,85.16,85.16,352
20150113,85.67,85.67,85.67,85.67,117
20150114,85.38,85.43,85.38,85.43,279
20150120,85.41,85.41,85.41,85.41,117
20150121,85.4,85.4,85.4,85.4,235
20150122,85.43,85.43,85.39,85.43,9740
20150126,85.34,85.68,85.3,85.67,36482
20150127,85.77,86.26,85.7,86.04,55095
20150128,86.04,86.21,86.04,86.21,85529
20150129,86.08,86.13,86.02,86.13,1486
20150130,86.02,86.26,85.91,86.24,16875
20150202,86.28,86.38,86.19,86.38,23335
20150203,86.31,86.33,85.42,86.17,4388
20150204,86.03,86.03,85.98,85.98,1985
20150205,85.83,85.97,85.68,85.97,876
20150206,85.67,85.67,85.66,85.66,234
20150209,86.19,86.19,86.01,86.01,884
20150210,85.9,85.97,85.71,85.97,479
20150211,86,86,86,86,213
20150212,85.84,85.84,85.84,85.84,229
20150213,86.04,86.04,85.75,85.75,245
20150217,86.29,86.29,86.02,86.28,1395
20150218,86.56,86.56,86.1,86.1,269
20150219,86.37,86.42,86.3,86.42,9344
20150220,86.42,86.42,86.42,86.42,3090
20150223,86.21,86.21,86.17,86.17,810
20150224,86.39,86.42,86.39,86.42,306
20150225,86.43,86.43,86.02,86.43,903
20150227,86.38,86.49,86.27,86.36,5096
20150302,86.33,86.41,86.29,86.41,4903
20150303,86.27,86.53,86.27,86.37,1555
20150304,86.48,86.48,86.48,86.48,117
20150305,86.43,86.75,86.43,86.45,4246
20150306,86.36,86.67,86.28,86.28,4011
20150309,86.44,86.44,86.4,86.4,357
20150310,86.55,86.64,86.52,86.52,2860
20150312,86.23,86.23,86.23,86.23,163
20150313,86.35,86.35,86.35,86.35,169
20150316,86.65,86.65,86.65,86.65,351
20150317,86.57,86.59,86.23,86.23,2520
20150318,86.54,86.54,86.54,86.54,298
20150319,86.23,86.27,86.23,86.27,1406
20150320,86.51,86.66,86.24,86.24,4080
20150323,86.23,86.23,86.23,86.23,128
20150324,86.71,86.71,86.23,86.66,570
20150325,86.79,86.79,86.23,86.57,479
20150326,86.66,86.66,86.27,86.27,1390
20150330,86.73,86.83,86.37,86.66,4738
20150331,86.89,86.93,86.24,86.91,2368
20150402,86.46,86.46,86.46,86.46,550
20150406,87.06,87.11,86.58,86.86,14865
20150407,86.55,86.56,86.54,86.54,3042
20150408,87.24,87.24,86.66,86.68,7274
20150409,86.65,86.84,86.63,86.63,8845
20150410,86.72,86.98,86.72,86.98,1470
20150413,87.11,87.11,87.11,87.11,131
20150414,87.15,87.22,87.15,87.22,2473
20150415,87.19,87.22,87.14,87.22,1106
20150416,87.19,87.19,87.13,87.13,1191
20150417,86.73,86.73,86.73,86.73,355
20150420,87.16,87.16,87.15,87.15,1431
20150421,87.21,87.25,87.21,87.25,790
20150422,87.03,87.03,86.92,87.03,352
20150423,86.95,87.14,86.95,87.07,1858
20150424,87.2,87.26,87.15,87.19,2950
20150427,87.19,87.2,87.09,87.09,999
20150428,87.1,87.1,87.07,87.07,819
20150429,87.01,87.01,86.96,87.01,1174
20150430,86.91,86.91,86.9,86.91,1824
20150501,86.93,86.93,86.93,86.93,342
20150504,86.97,86.98,86.73,86.98,4286
20150506,86.92,86.92,86.79,86.86,2754
20150507,86.8,86.92,86.72,86.72,3405
20150508,86.77,86.98,86.77,86.94,1108
20150511,87.09,87.09,86.89,86.99,1989
20150512,86.95,86.95,86.93,86.93,1639
20150513,86.91,86.91,86.86,86.86,1070
20150514,86.8,86.89,86.8,86.89,917
20150518,86.92,86.92,86.92,86.92,411
20150519,87.03,87.03,87.03,87.03,280
20150520,87.07,87.15,87.02,87.11,2888
20150521,87.16,87.16,87.07,87.16,1128
20150522,87.58,87.58,87.12,87.16,2191
20150526,87.19,87.27,87.19,87.27,4413
20150527,87.3,87.42,87.25,87.35,2423
20150528,87.27,87.34,87.21,87.34,792
20150529,87.36,87.36,87.22,87.22,637
20150601,87.25,87.25,87.25,87.25,117
20150602,87.24,87.29,87.12,87.29,4306
20150603,87.18,88.01,87.18,87.32,14264
20150604,87.22,87.29,87.19,87.2,11382
20150605,87.13,87.16,86.98,87.03,11016
20150608,87.07,87.07,86.91,87.04,3154
20150609,87.63,87.63,86.9,87.03,6064
20150610,87.43,89.37,86.88,86.97,5304
20150611,86.94,87,86.87,86.87,99428
20150612,87.04,87.04,86.94,87.04,4093
20150615,87.04,87.05,86.9,87.01,580
20150616,86.89,87.04,86.89,87.04,716
20150617,87.07,87.07,86.87,86.91,10211
20150618,86.92,86.93,86.87,86.92,1988
20150619,86.95,87.03,86.94,86.95,3344
20150622,87.06,87.06,86.92,86.93,3456
20150624,86.92,86.96,86.92,86.92,594
20150625,87,87.05,86.92,87.01,769
20150626,86.91,86.95,86.91,86.95,1955
20150629,87.04,87.04,86.96,86.96,855
20150630,86.99,86.99,86.92,86.95,7942
20150701,86.39,87.09,86.39,86.97,806
20150702,87.06,87.06,87,87.05,1243
20150706,87.16,87.16,87.16,87.16,350
20150707,87.16,87.16,87.16,87.16,200
20150708,87.46,87.46,87.11,87.23,829
20150709,87.09,87.19,87.08,87.08,4160
20150710,87.07,87.08,87.05,87.05,4972
20150713,87.13,87.13,87.13,87.13,917
20150714,87.19,87.19,87.18,87.18,409
20150715,87.07,87.24,87.05,87.24,5256
20150716,87.2,87.2,87.2,87.2,117
20150717,87.14,87.21,87.14,87.21,1563
20150720,87.2,87.21,87.2,87.2,740
20150721,87.19,87.22,87.12,87.13,2114
20150722,87.16,87.16,87.12,87.12,1087
20150723,87.13,87.13,87.12,87.13,1789
20150724,87.11,87.11,87.11,87.11,195
20150727,87.01,87.3,87.01,87.13,9074
20150728,87.62,87.62,87.04,87.09,867
20150729,87.06,87.1,87.01,87.05,6186
20150730,87.05,87.15,87.05,87.11,611
20150731,87.15,87.19,87.15,87.19,860
20150804,87.28,87.28,87.12,87.24,7891
20150805,86.95,87.27,86.95,87.26,14098
20150806,87.26,87.31,87.09,87.09,8546
20150807,87.18,87.18,87.13,87.18,2193
20150810,87.13,87.19,87.01,87.02,6028
20150811,86.99,87.14,86.99,87.06,1928
20150812,87.39,87.39,87.1,87.14,36707
20150813,87.11,87.11,86.91,86.94,11780
20150814,87.04,87.09,87.01,87.01,989
20150817,87.3,87.3,87.06,87.1,2018
20150818,87.11,87.13,87.01,87.07,9078
20150819,87.09,87.09,86.94,87.02,2122
20150820,87.08,87.09,86.92,87.01,45637
20150821,86.21,87.05,86.21,87.01,13924
20150824,86.53,87.01,86.53,87,1167
20150825,87.85,87.85,86.59,86.6,11178
20150826,87.01,87.01,86.64,86.77,4651
20150827,86.34,86.85,86.34,86.77,26231
20150828,86.8,86.8,86.68,86.69,618
20150831,86.94,86.96,86.9,86.95,2714
20150901,86.89,86.89,86.77,86.77,233
20150902,86.69,86.77,86.69,86.7,604
20150903,86.82,86.93,86.81,86.89,83460
20150904,86.83,86.83,86.83,86.83,183
20150908,86.83,86.83,86.83,86.83,394
20150909,86.94,86.94,86.92,86.92,811
20150910,86.87,86.97,86.87,86.96,2373
20150911,86.98,86.98,86.97,86.97,349
20150914,86.95,86.95,86.82,86.94,1214
20150915,86.78,86.79,86.78,86.79,359
20150916,86.91,86.92,86.91,86.92,783
20150918,86.97,87.01,86.97,87,534
20150921,86.86,86.87,86.86,86.87,987
20150922,86.88,86.91,86.88,86.88,7172
20150923,86.83,86.9,86.8,86.9,2180
20150924,86.85,86.85,86.76,86.78,5804
20150925,86.79,86.79,86.71,86.77,4514
20150928,86.74,86.74,86.74,86.74,116
20150929,86.64,86.66,86.55,86.6,4307
20150930,86.44,86.46,86.44,86.45,869
20151001,86.46,86.52,86.46,86.52,1301
20151002,86.64,86.64,86.64,86.64,164
20151005,86.6,86.68,86.6,86.68,4955
20151006,84.42,86.75,84.42,86.75,450
20151007,86.71,86.86,86.71,86.82,1441
20151008,86.68,86.83,86.68,86.83,1077
20151009,86.89,86.89,86.85,86.89,963
20151012,86.84,86.89,86.76,86.85,1133
20151013,86.78,86.82,86.76,86.77,2646
20151014,86.94,86.94,86.94,86.94,129
20151015,86.87,86.87,86.76,86.86,988
20151016,86.89,86.89,86.89,86.89,116
20151020,86.93,86.94,86.81,86.81,406
20151021,86.88,87.01,86.88,87.01,1007
20151022,87.03,87.03,86.91,86.93,43919
20151023,87.03,87.08,87.03,87.05,1263
20151026,87.18,87.2,87.17,87.2,3240
20151027,87.09,87.18,87.09,87.18,352
20151028,87.19,87.19,87.19,87.19,116
20151029,87.22,87.25,87.15,87.24,1133
20151030,87.12,87.27,87.11,87.22,3722
20151102,87.21,87.3,87.19,87.22,1663
20151103,87.19,87.5,87.12,87.31,58530
20151104,87.52,87.52,87.15,87.28,1141
20151105,87.47,87.47,87.08,87.36,2988
20151106,87.56,87.56,87.09,87.21,2634
20151109,87.07,87.28,87.06,87.28,5395
20151110,87.31,87.34,87.29,87.32,6433
20151111,87.45,87.47,87.37,87.47,7607
20151112,87.47,87.63,87.32,87.42,3038
20151113,87.52,87.52,87.52,87.52,182
20151116,87.43,87.44,87.43,87.44,1089
20151117,87.2,87.46,87.09,87.46,1141
20151118,87.39,87.39,87.39,87.39,660
20151119,87.63,87.63,87.12,87.25,1807
20151120,87.44,87.51,87.23,87.41,4240
20151123,86.97,87.37,86.97,87.07,2956
20151124,87.39,87.52,87.14,87.34,2194
20151125,87.57,87.6,87.36,87.47,5135
20151127,87.57,87.57,87.57,87.57,797
20151130,87.66,87.66,87.17,87.45,4790
20151201,87.49,87.5,87.27,87.39,2356
20151202,87.34,87.38,87.16,87.21,7482
20151203,87.21,87.53,87.13,87.2,3925
20151204,87.32,87.37,87.22,87.37,1193
20151207,87.12,87.46,87.12,87.15,4861
20151208,87.11,87.47,87.03,87.47,1177
20151209,87.39,87.43,87.25,87.39,753
20151210,87.32,87.39,87.32,87.35,1149
20151211,87.26,87.26,87.09,87.09,1194
20151214,87.22,87.22,86.77,87.03,4651
20151215,86.92,86.92,86.92,86.92,226
20151216,86.76,86.76,86.76,86.76,565
20151217,87,87.31,87,87.21,2182
20151218,87.09,87.43,87.09,87.26,1302
20151221,87.19,87.36,86.75,87.15,6228
20151222,86.96,87.12,86.82,87,35835
20151223,86.93,86.97,86.89,86.89,1458
20151224,87.26,87.26,86.95,87.01,2308
20151228,87.05,87.05,86.92,86.96,6392
20151229,86.96,87.22,86.75,86.75,6591
20151230,87.05,87.3,86.75,87.01,1973
20151231,87.13,87.34,87.13,87.34,812
20160104,87.24,87.54,87.24,87.39,76266
20160105,87.39,87.39,87.19,87.22,4838
20160106,87.21,87.21,87.05,87.06,24646
20160107,87.34,87.43,86.95,87.29,8470
20160108,87.24,87.4,87.24,87.4,947
20160111,86.94,87.26,86.93,87.16,1885
20160112,87.08,87.13,86.96,87.13,10156
20160113,86.97,86.97,86.79,86.79,2778
20160114,87.03,87.03,87.03,87.03,429
20160119,86.88,86.91,86.75,86.89,834
20160120,86.75,86.75,86.43,86.53,3196
20160121,86.76,86.76,86.43,86.44,90670
20160122,86.46,86.51,86.38,86.47,9702
20160125,86.87,86.91,86.66,86.91,1211
20160126,86.9,86.98,86.71,86.71,1575
20160127,86.75,86.92,86.58,86.92,2862
20160128,87.05,87.17,85.19,86.36,9402
20160129,86.79,87.2,86.54,86.98,8739
20160201,86.98,87.04,86.54,87.04,760
20160202,86.55,86.8,86.55,86.68,41052
20160203,86.78,86.78,86.78,86.78,150
20160204,86.57,86.79,86.45,86.79,1184
20160205,86.27,86.42,86.12,86.15,3772
20160208,86.44,86.44,86.31,86.31,788
20160209,85.97,86.04,85.97,86.01,1179
20160210,86.19,86.19,86.03,86.03,262
20160211,86.37,86.45,86.22,86.22,580
20160212,85.39,85.9,85.39,85.84,4045
20160216,85.83,86.39,85.52,86.39,23310
20160217,86.46,86.75,85.78,85.91,8404
20160218,86.52,86.66,85.95,86.66,1203
20160219,86.7,86.7,86.19,86.64,5142
20160222,86.65,87.16,86.5,86.7,14834
20160223,86.5,86.79,86.33,86.33,3136
20160224,86.72,86.78,86.5,86.77,2090
20160225,86.71,86.72,86.53,86.72,3277
20160226,86.53,86.6,86.53,86.6,522
20160229,86.6,86.9,86.6,86.9,3105
20160301,86.58,86.97,86.56,86.79,3912
20160302,86.97,86.98,86.97,86.98,620
20160303,86.98,86.99,86.58,86.68,78708
20160304,86.92,86.92,86.7,86.83,1721
20160307,86.67,87.07,86.65,86.65,2983
20160308,87.14,87.23,86.8,86.85,2115
20160309,86.89,86.93,86.85,86.86,914
20160310,86.89,87.22,86.74,86.74,7912
20160311,86.96,86.98,86.76,86.89,1722
20160314,87.29,87.29,86.79,87.13,1091
20160315,86.89,86.89,86.89,86.89,145
20160316,87.37,87.37,87.32,87.36,2000
20160317,86.89,87.39,86.89,87.03,8230
20160318,86.89,87.52,86.89,86.97,15902
20160321,87.49,87.49,87.17,87.17,3268
20160322,87.45,87.45,87.23,87.32,18140
20160323,87.66,87.66,87.33,87.46,11012
20160324,87.57,87.59,87.16,87.17,7609
20160328,87.13,87.13,87.13,87.13,115
20160329,87.37,87.49,87.26,87.32,8332
20160330,87.35,87.63,87.35,87.37,1905
20160331,87.16,87.66,87.16,87.66,650
20160401,87.51,87.57,87.17,87.3,2704
20160404,87.25,87.29,87.02,87.12,1640
20160405,87.28,87.63,87.2,87.22,2905
20160406,87.61,87.62,87.21,87.22,7389
20160407,87.2,87.32,87.2,87.3,508
20160408,87.63,87.63,87.08,87.54,1987
20160411,87.53,87.67,87.17,87.17,4881
20160412,87.39,87.48,87.17,87.29,6126
20160413,87.11,87.67,87.11,87.47,6425
20160414,87.47,87.52,87.4,87.41,2599
20160415,87.69,87.74,87.33,87.38,10212
20160418,87.27,87.7,87.24,87.37,2795
20160419,87.77,87.77,87.19,87.2,9952
20160420,87.78,87.78,87.51,87.51,306
20160421,87.35,87.81,87.34,87.81,5088
20160422,87.68,87.68,87.41,87.47,3830
20160425,87.48,87.7,87.48,87.7,9885
20160426,87.72,87.72,87.54,87.63,4283
20160427,87.78,87.8,87.3,87.65,23537
20160428,87.75,87.78,87.63,87.78,10910
20160429,87.64,87.85,87.64,87.85,7452
20160502,87.84,87.84,87.51,87.74,16257
20160503,87.77,87.85,87.41,87.85,27281
20160504,87.9,87.97,87.72,87.96,4620
20160505,88,88.05,87.95,88.04,1005
20160506,88,88.05,87.83,88.01,3127
20160509,87.7,88.14,87.7,88.1,1227
20160510,88.09,88.13,88.03,88.13,4366
20160511,88.18,88.18,87.95,88.1,13947
20160512,88.09,88.16,87.94,88.16,7312
20160513,88.2,88.22,88.03,88.03,967
20160516,88.04,88.2,87.95,88.2,1672
20160517,87.85,88.25,87.84,88.05,4253
20160518,88.19,88.19,88.02,88.13,7841
20160519,88.26,88.28,88.06,88.26,5054
20160520,88.91,88.91,88.13,88.18,3538
20160523,88.18,88.22,87.94,88.03,4780
20160524,88.09,88.21,87.93,87.93,5623
20160525,88.27,88.27,88.14,88.17,753
20160526,88.31,88.31,88.04,88.04,587
20160527,88.02,88.16,87.98,88.09,2856
20160531,88.27,88.3,88,88.2,2332
20160601,88.29,88.29,88.1,88.26,1208
20160602,88.26,88.35,88.05,88.05,2252
20160603,88.42,88.47,88.21,88.41,2225
20160606,88.33,88.36,88.09,88.36,3945
20160607,88.2,88.22,88.06,88.06,2819
20160608,88.02,88.25,88.02,88.11,2024
20160609,88.3,88.3,88,88.06,1354
20160610,88.23,88.3,88.2,88.2,907
20160613,88.29,88.29,88.1,88.17,6468
20160614,88.23,88.23,88.03,88.2,1165
20160615,88.3,88.3,88.11,88.19,1745
20160616,88.14,88.29,88.14,88.17,32647
20160617,88.17,88.21,88.07,88.12,5882
20160620,88.26,88.26,88.07,88.07,10914
20160621,88.2,88.23,88.06,88.14,3949
20160622,88.14,88.21,88.03,88.16,21387
20160623,88.23,88.23,88.08,88.08,4622
20160624,88.08,88.42,88.08,88.35,7181
20160627,88.14,88.41,88.14,88.37,5564
20160628,88.2,88.43,88.2,88.38,5147
20160629,88.36,88.37,88.25,88.28,1907
20160630,88.32,88.4,88.27,88.4,2867
20160701,88.55,88.55,88.34,88.34,3123
20160705,88.57,88.57,88.54,88.54,234
20160706,88.55,88.6,88.35,88.53,3208
20160707,88.61,88.62,88.48,88.61,5721
20160708,88.21,88.6,88.21,88.56,7906
20160711,88.44,88.73,88.44,88.51,14508
20160712,88.51,88.78,88.51,88.68,2261
20160713,88.61,88.78,88.61,88.71,918
20160714,88.68,88.87,88.68,88.84,1419
20160715,88.66,88.83,88.66,88.83,1050
20160718,88.74,89.11,88.74,88.87,3519
20160719,88.98,88.98,88.82,88.91,6667
20160720,89.09,89.09,88.88,88.95,2837
20160721,88.95,89.06,88.93,89.06,4101
20160722,89.05,89.06,88.9,88.93,1422
20160725,88.95,89.06,88.94,89.05,1660
20160726,89.01,89.1,89.01,89.04,1838
20160727,89.09,89.16,88.97,89.16,5780
20160728,89.14,89.16,89.06,89.11,5027
20160729,89.11,89.2,89.06,89.1,2912
20160801,89.11,89.25,88.9,88.95,10561
20160802,88.9,89.03,88.81,89.03,5451
20160803,89.02,89.02,88.86,88.92,1087
20160804,89,89.17,89,89.14,2878
20160805,89.08,89.08,88.97,88.99,2237
20160808,89.09,89.11,89.03,89.11,410
20160809,89.11,89.16,89.02,89.05,4832
20160810,89.2,89.2,89.04,89.04,600
20160811,89.11,89.11,88.99,88.99,350
20160812,89.18,89.18,89.11,89.14,60682
20160815,89.13,89.13,88.97,88.97,4553
20160816,89.06,89.09,89.03,89.05,1341
20160817,89.05,89.05,88.97,89.03,1161
20160818,89.12,89.12,89,89.09,473
20160819,89.06,89.07,88.99,89.03,3836
20160822,89.07,89.11,89.02,89.11,2657
20160823,89.11,89.12,89.08,89.08,1554
20160824,89.06,89.17,89.03,89.16,6161
20160825,89.15,89.16,89.02,89.02,1574
20160826,89.13,89.17,88.97,89.09,3857
20160829,89.06,89.26,89.06,89.19,1012
20160830,89.17,89.24,89.04,89.23,6571
20160831,89.28,89.29,89.15,89.26,3666
20160901,89.25,89.27,89.18,89.27,1361
20160902,89.41,89.47,89.15,89.15,1358
20160906,89.29,89.29,89.29,89.29,226
20160907,89.16,89.26,89.16,89.17,3118
20160908,89.26,89.26,89.09,89.18,4605
20160909,89.18,89.22,89.09,89.21,4163
20160912,89.16,89.29,89.16,89.21,5585
20160913,89.26,89.26,89.14,89.15,980
20160914,89.29,89.38,89.12,89.12,3166
20160915,89.13,89.35,89.13,89.34,3547
20160916,89.34,89.35,89.2,89.2,626
20160919,89.41,89.41,89.17,89.27,3495
20160920,89.28,89.29,89.19,89.22,10040
20160921,89.38,89.39,89.15,89.35,4514
20160922,89.28,89.41,89.2,89.2,2972
20160923,89.34,89.4,89.16,89.16,1968
20160926,89.27,89.46,89.2,89.3,35625
20160927,89.31,89.47,89.31,89.41,3643
20160928,89.46,89.47,89.36,89.4,2906
20160929,89.37,89.4,89.33,89.37,6152
20160930,89.34,89.41,89.34,89.41,523
20161003,89.41,89.41,89.2,89.2,2014
20161004,89.33,89.33,89.33,89.33,114
20161005,89.14,89.38,89.14,89.19,4491
20161006,89.3,89.39,89.19,89.28,1794
20161010,89.14,89.33,89.14,89.33,497
20161012,89.31,89.36,89.31,89.34,365
20161013,89.35,89.35,89.15,89.23,2923
20161014,89.35,89.53,89.24,89.24,24192
20161017,89.34,89.52,89.34,89.35,2543
20161018,89.51,89.57,89.37,89.43,9287
20161019,89.34,89.56,89.34,89.54,1117
20161020,89.54,89.54,89.32,89.33,8492
20161021,89.46,89.47,89.46,89.47,395
20161024,89.71,89.71,89.42,89.59,9874
20161025,89.41,89.62,89.39,89.39,6923
20161026,89.4,89.43,89.38,89.41,2596
20161027,89.51,89.51,89.51,89.51,296
20161028,89.36,89.54,89.34,89.49,3576
20161031,89.46,89.58,89.44,89.49,4072
20161101,89.75,89.75,89.31,89.31,9244
20161102,89.35,89.46,89.35,89.44,691
20161103,89.49,89.49,89.36,89.36,1260
20161104,89.38,89.49,89.38,89.44,3891
20161107,89.36,89.48,89.36,89.48,7467
20161108,89.29,89.5,89.29,89.5,2956
20161109,89.27,89.48,89.27,89.39,4880
20161110,89.27,89.51,89.27,89.35,3635
20161111,89.2,89.2,89.17,89.2,1168
20161114,89.21,89.21,88.97,89.16,15890
20161115,89.14,89.18,89,89.14,2724
20161116,89.01,89.2,89.01,89.1,2916
20161117,89.19,89.26,89.19,89.26,226
20161118,89.04,89.23,89.03,89.19,4216
20161121,89.25,89.25,88.99,89.13,2318
20161122,89.07,89.1,88.99,89.04,3902
20161123,89.21,89.3,89.12,89.17,1751
20161128,89.06,89.11,89.02,89.06,1764
20161129,89.29,89.29,88.97,88.97,1700
20161130,89.14,89.3,89,89.28,5067
20161201,88.93,89.15,88.93,89.06,619
20161202,88.78,89.15,88.78,89.08,1089
20161205,88.93,89.19,88.91,89.13,2578
20161206,89.25,89.25,88.96,88.97,5327
20161207,89.03,89.24,89.02,89.09,10530
20161208,89.23,89.23,89.08,89.08,9160
20161209,89.18,89.21,88.92,89.19,4631
20161212,89.16,89.16,89.06,89.07,1925
20161213,88.94,89.07,88.94,89.03,3944
20161214,89.11,89.11,88.96,89.06,2137
20161215,88.89,89.1,88.82,88.9,7008
20161216,88.84,89.08,88.84,89.01,3140
20161219,89.1,89.28,89.06,89.22,9097
20161220,88.95,89.27,88.95,88.99,1732
20161221,89.1,89.28,89.1,89.27,15946
20161222,89.29,89.36,89.05,89.29,23075
20161223,89.13,89.38,89.13,89.24,16977
20161227,89.33,89.33,88.95,89.11,9862
20161228,89.17,89.27,89.15,89.21,22846
20161229,89.2,89.32,89.03,89.28,2478
20161230,89.31,89.37,89.16,89.31,9140
20170103,89.46,91.65,89.2,89.25,3813
20170104,89.39,89.43,89.3,89.41,7463
20170105,89.12,89.41,89.01,89.34,67638
20170106,88.98,89.24,88.98,89.04,2273
20170109,89.17,89.29,89.03,89.03,1000
20170110,89.38,89.4,89.13,89.4,1582
20170111,89.29,89.46,89.27,89.27,1886
20170112,89.41,89.43,89.14,89.16,3619
20170113,89.45,89.45,89.37,89.37,625
20170117,89.28,89.56,89.13,89.45,3261
20170118,89.46,89.55,89.3,89.39,2960
20170119,89.14,89.32,89.14,89.31,857
20170120,89.08,89.6,89.06,89.29,39402
20170123,89.59,89.62,89.39,89.56,3526
20170124,89.55,89.63,89.34,89.6,28471
20170125,89.49,89.54,89.39,89.39,1364
20170126,89.52,89.53,89.36,89.47,2005
20170127,89.5,89.61,89.35,89.53,10661
20170130,89.36,89.63,89.36,89.62,5086
20170131,89.7,89.74,89.49,89.69,14060
20170201,89.57,89.57,89.48,89.48,920
20170202,89.62,89.64,89.42,89.55,5777
20170203,89.66,89.67,89.56,89.6,2067
20170206,89.65,89.8,89.61,89.79,6529
20170207,89.75,89.75,89.47,89.57,8230
20170208,89.71,89.81,89.64,89.75,6557
20170209,89.81,89.81,89.57,89.57,3841
20170210,89.8,89.8,89.51,89.7,11790
20170213,89.69,89.78,89.66,89.74,4198
20170214,89.78,89.78,89.41,89.77,27902
20170215,89.48,89.68,89.47,89.65,4633
20170216,89.64,89.84,89.59,89.84,6947
20170217,89.69,89.69,89.62,89.69,1511
20170221,89.54,89.78,89.54,89.74,5891
20170222,89.74,89.83,89.65,89.69,2131
20170223,89.81,89.93,89.7,89.76,3197
20170224,90,90.03,89.81,89.81,4973
20170227,89.89,89.94,89.81,89.93,8616
20170228,89.98,89.98,89.98,89.98,337
20170301,89.84,89.84,89.48,89.49,25754
20170302,89.53,89.66,89.53,89.63,10668
20170303,89.82,89.82,89.57,89.74,26557
20170306,89.75,89.92,89.75,89.92,5812
20170307,89.58,89.85,89.58,89.74,3240
20170308,89.66,89.92,89.66,89.92,22693
20170309,89.77,89.79,89.54,89.57,7967
20170310,89.73,89.78,89.51,89.51,36540
20170313,89.62,89.68,89.55,89.67,9300
20170314,89.61,89.71,89.6,89.68,3361
20170315,89.68,89.82,89.54,89.76,10939
20170316,89.57,89.8,89.55,89.55,6806
20170317,89.7,89.74,89.55,89.62,8148
20170320,89.61,89.74,89.55,89.74,11395
20170321,89.81,89.88,89.61,89.71,12717
20170322,89.87,89.87,89.7,89.74,11238
20170323,89.85,89.9,89.74,89.82,5179
20170324,89.74,89.79,89.74,89.78,8163
20170327,89.74,89.82,89.74,89.79,17511
20170328,89.85,89.85,89.8,89.8,4664
20170329,89.87,89.87,89.78,89.78,950
20170330,89.85,89.85,89.81,89.84,1468
20170331,89.86,89.99,89.77,89.97,1677
20170403,89.99,90.12,89.93,90.02,46469
20170404,90.04,90.04,89.86,89.96,23947
20170405,90.04,90.04,89.82,89.92,11848
20170406,90.04,90.12,89.84,90.1,7569
20170407,90.03,90.04,89.9,89.95,4093
20170410,89.91,90.04,89.9,89.91,23891
20170411,90.04,90.12,89.86,89.86,3401
20170412,89.95,89.99,89.87,89.95,10185
20170413,90.02,90.02,89.87,90,3690
20170417,90.02,90.02,89.93,89.98,1565
20170418,89.98,90.08,89.91,90.03,4961
20170419,89.86,90.09,89.86,90.05,7197
20170420,90.08,90.11,89.99,90.11,16049
20170421,90.07,90.1,90.07,90.08,3468
20170424,90.06,90.08,89.92,90.03,13809
20170425,90,90.1,90,90.05,3248
20170426,90.07,90.11,89.94,90.03,16301
20170427,89.96,90.05,89.88,90.02,9961
20170428,90.09,90.14,90.04,90.09,4826
20170501,90.17,90.17,90.03,90.17,4223
20170502,90.18,90.18,90.16,90.17,1195
20170503,90.18,90.18,90.07,90.12,17183
20170504,90.19,90.22,90.13,90.18,4294
20170505,90.16,90.22,90.04,90.04,8373
20170508,90.22,90.22,90.07,90.14,4863
20170509,90.13,90.22,90.08,90.08,2611
20170510,90.21,90.22,90.16,90.16,794
20170511,90.18,90.22,90.16,90.22,942
20170512,90.16,90.22,90.14,90.22,1781
20170515,90.21,90.21,90.21,90.21,448
20170516,90.21,90.31,90.04,90.21,5439
20170517,90.31,90.31,90.23,90.25,1526
20170518,90.3,90.31,90.11,90.16,1889
20170519,90.31,90.31,90.09,90.09,2054
20170522,90.18,90.47,90.11,90.44,7143
20170523,90.18,90.7,90.18,90.58,6438
20170524,90.47,90.75,90.44,90.53,4255
20170525,90.77,90.77,90.66,90.69,3923
20170526,90.21,90.58,90.13,90.35,7933
20170530,90.44,90.48,90.44,90.47,2538
20170531,90.48,90.55,90.22,90.38,5122
20170601,90.42,90.52,90.3,90.46,4073
20170602,90.37,90.53,90.37,90.51,9641
20170605,90.51,90.51,90.41,90.41,989
20170606,90.47,90.62,90.43,90.53,9310
20170607,90.52,90.58,90.47,90.47,3174
20170608,90.47,90.59,90.45,90.59,360
20170609,90.41,90.58,90.41,90.52,5209
20170612,90.53,90.58,90.41,90.53,6083
20170613,90.6,90.62,90.52,90.58,2445
20170614,90.6,90.6,90.53,90.57,4113
20170615,90.55,90.61,90.52,90.53,1411
20170616,90.58,90.62,90.52,90.6,3826
20170619,90.45,90.67,90.45,90.66,1920
20170620,90.62,90.65,90.38,90.47,6301
20170621,90.4,90.58,90.4,90.58,3110
20170622,90.43,90.75,90.43,90.53,6332
20170623,90.51,90.71,90.42,90.44,5622
20170626,90.68,90.74,90.51,90.74,2957
20170627,90.67,90.67,90.48,90.56,8509
20170628,90.77,90.77,90.53,90.65,38916
20170629,90.55,90.64,90.5,90.59,5157
20170630,90.58,90.71,90.58,90.71,8805
20170703,90.74,90.74,90.65,90.72,8032
20170705,90.93,90.93,90.66,90.83,9711
20170706,90.82,90.82,90.6,90.82,5483
20170707,90.79,90.82,90.74,90.75,5654
20170710,90.82,90.88,90.6,90.6,24977
20170711,90.85,90.85,90.61,90.65,3620
20170712,90.66,90.96,90.61,90.91,12615
20170713,90.86,90.93,90.64,90.74,18180
20170714,90.85,90.9,90.74,90.75,7754
20170717,90.81,90.84,90.75,90.79,8856
20170718,90.74,90.83,90.69,90.71,14583
20170719,90.75,90.81,90.64,90.76,6704
20170720,90.83,90.83,90.58,90.68,1558
20170721,90.58,90.83,90.58,90.81,6926
20170724,90.82,90.82,90.68,90.75,6805
20170725,90.79,90.83,90.51,90.55,9286
20170726,90.63,90.75,90.62,90.74,12511
20170727,90.62,90.74,90.56,90.7,8596
20170728,90.69,90.69,90.66,90.68,3252
20170731,90.65,90.74,90.52,90.54,35293
20170801,90.77,90.9,90.66,90.71,3501
20170802,90.73,90.81,90.73,90.81,12240
20170803,90.82,90.89,90.76,90.81,4923
20170804,90.85,90.9,90.69,90.85,38115
20170807,90.69,90.9,90.69,90.88,5488
20170808,90.9,90.97,90.72,90.72,20418
20170809,90.87,91,90.74,90.82,13072
20170810,90.88,90.99,90.74,90.92,7861
20170811,90.71,90.99,90.69,90.72,13803
20170814,90.98,90.98,90.66,90.72,9639
20170815,90.81,90.82,90.7,90.81,6810
20170816,90.72,90.89,90.7,90.87,1891
20170817,90.77,90.9,90.72,90.9,4387
20170818,90.94,90.94,90.79,90.9,2879
20170821,90.94,90.95,90.78,90.91,13348
20170822,90.87,90.87,90.79,90.84,18893
20170823,90.96,90.96,90.82,90.86,1295
20170824,90.87,90.93,90.82,90.84,5752
20170825,90.89,90.93,90.79,90.91,7935
20170828,90.82,90.9,90.82,90.87,3003
20170829,90.87,90.87,90.77,90.83,7603
20170830,90.85,90.96,90.85,90.92,3813
20170831,90.92,90.96,90.82,90.93,10231
20170901,90.93,90.96,90.83,90.87,15842
20170905,91.02,91.07,90.93,90.95,34225
20170906,90.84,90.96,90.83,90.83,9460
20170907,90.97,91.03,90.97,91,4643
20170908,90.93,90.95,90.82,90.83,1640
20170911,90.82,90.83,90.73,90.77,18230
20170912,90.85,90.85,90.64,90.75,25749
20170913,90.86,90.89,90.84,90.84,1403
20170914,90.86,90.86,90.65,90.77,12653
20170915,90.73,90.82,90.73,90.74,4678
20170918,90.88,90.88,90.65,90.86,11339
20170919,90.88,90.89,90.77,90.79,3065
20170920,90.92,90.92,90.78,90.8,3305
20170921,90.88,90.96,90.84,90.96,499
20170922,90.87,90.95,90.82,90.89,2280
20170925,90.81,91.11,90.81,90.99,2751
20170926,90.94,91.05,90.85,90.92,8425
20170927,90.83,91,90.83,90.98,4811
20170928,90.93,91.07,90.88,91.05,150643
20170929,91.07,91.11,90.93,91.09,6619
20171002,91.19,91.19,91.06,91.13,7189
20171003,91.03,91.2,91.03,91.1,2484
20171004,91.19,91.19,91.18,91.18,22945
20171005,91.23,91.23,91.14,91.17,3960
20171006,91.12,91.17,91.09,91.14,7171
20171009,91.05,91.22,91.05,91.22,1888
20171010,91.23,91.23,91.04,91.22,1228
20171011,91.17,91.23,91.13,91.23,5906
20171012,91.12,91.22,91.12,91.22,2921
20171013,91.23,91.24,91.07,91.23,8346
20171016,91.17,91.17,91.08,91.08,4045
20171017,91.17,91.21,91.04,91.21,6437
20171018,91.04,91.17,91.04,91.15,9416
20171019,91.23,91.23,91.11,91.11,4237
20171020,91.09,91.15,91.06,91.14,9955
20171023,91.24,91.24,91.12,91.18,1057
20171024,91.1,91.24,91.08,91.24,6020
20171025,91.11,91.24,91.11,91.21,14471
20171026,91.24,91.26,91.18,91.26,9243
20171027,91.44,91.44,91.29,91.4,10286
20171030,91.32,91.45,91.31,91.4,2043
20171031,91.23,91.39,91.15,91.32,5940
20171101,91.16,91.39,91.16,91.33,5359
20171102,91.37,91.41,91.2,91.41,15199
20171103,91.42,91.42,91.28,91.36,8967
20171106,91.36,91.36,91.24,91.35,10008
20171107,91.26,91.27,91.26,91.26,1427
20171108,91.28,91.29,91.28,91.29,3663
20171109,91.22,91.25,91.21,91.23,15246
20171110,91.21,91.22,91.2,91.21,2728
20171113,91.21,91.26,91.15,91.26,10959
20171114,91.25,91.26,91.25,91.26,1462
20171115,91.27,91.3,91.27,91.29,14267
20171116,91.32,91.32,91.19,91.23,3864
20171117,91.28,91.3,91.27,91.3,8115
20171120,91.36,91.36,91.26,91.26,11194
20171121,91.28,91.29,91.28,91.29,16649
20171122,91.22,91.23,91.21,91.23,5656
20171124,91.21,91.22,91.21,91.22,3909
20171127,91.28,91.28,91.23,91.24,10956
20171128,91.37,91.37,91.24,91.25,6636
20171129,91.25,91.26,91.25,91.25,5824
20171130,91.25,91.26,91.25,91.25,8234
20171201,91.3,91.3,91.25,91.3,11611
20171204,91.2,91.23,91.19,91.21,13977
20171205,91.2,91.26,91.2,91.2,10991
20171206,91.26,91.26,91.2,91.23,10759
20171207,91.21,91.23,91.21,91.22,5809
20171208,91.28,91.29,91.28,91.29,4079
20171211,91.28,91.28,91.24,91.28,12834
20171212,91.21,91.21,91.19,91.21,6027
20171213,91.2,91.35,91.2,91.35,16110
20171214,91.19,91.2,91.17,91.2,11017
20171215,91.12,91.15,91.08,91.14,52239
20171218,91.18,91.21,91.18,91.2,3101
20171219,91.23,91.23,91.19,91.19,6805
20171220,91.21,91.22,91.17,91.21,11179
20171221,91.22,91.23,91.18,91.21,56474
20171222,91.17,91.17,91.12,91.12,18394
20171226,91.17,91.22,91.17,91.21,2560
20171227,91.19,91.28,91.14,91.23,35757
20171228,91.17,91.17,91.15,91.16,16732
20171229,91.17,91.18,91.15,91.15,18779
20180102,91.15,91.16,91.1,91.14,12058
20180103,91.16,91.19,91.13,91.19,14455
20180104,91.15,91.15,91.06,91.07,6661
20180105,91.08,91.08,91.04,91.06,15058
20180108,91.03,91.13,91.03,91.08,6058
20180109,91.08,91.08,91.03,91.03,7711
20180110,91.11,91.11,91.02,91.03,7566
20180111,91.09,91.12,91.09,91.1,7996
20180112,90.98,91,90.96,90.97,13567
20180116,91.1,91.1,91.04,91.05,14588
20180117,90.99,91.04,90.97,91,18649
20180118,90.98,90.98,90.91,90.91,15849
20180119,91,91,90.91,90.93,11826
20180122,90.96,91,90.93,90.94,2325
20180123,91,91.19,91,91.19,18654
20180124,91.03,91.03,90.96,91.02,7194
20180125,91.02,91.04,90.95,91.04,16128
20180126,90.9,90.92,90.85,90.92,7633
20180129,90.9,90.97,90.9,90.95,8219
20180130,90.96,91,90.93,90.98,13712
20180131,91,91.01,90.94,90.94,13163
20180201,91.03,91.06,90.93,91.03,18094
20180202,90.98,91.11,90.95,91.05,6252
20180205,91.2,91.39,91.11,91.37,19088
20180206,91.28,91.37,91.2,91.37,6942
20180207,91.21,91.22,91.06,91.07,35832
20180208,91.18,91.18,91.09,91.11,6234
20180209,91.07,91.35,91.07,91.2,10984
20180212,91.2,91.21,91.15,91.19,5280
20180213,91.16,91.16,90.95,90.98,5235
20180214,91.03,91.03,90.86,90.93,14113
20180215,91,91.04,90.87,91.02,8084
20180216,91,91.03,90.96,90.98,5600
20180220,90.98,91.02,90.92,90.93,10778
20180221,90.96,91,90.92,90.94,9545
20180222,90.98,91.06,90.98,91.05,61163
20180223,91.11,91.11,90.95,91,3478
20180226,91.12,91.12,90.96,90.96,7534
20180227,91.09,91.09,90.86,90.9,6478
20180228,91.09,91.1,90.94,91.04,3313
20180301,91.11,91.2,91.07,91.08,7889
20180302,91.06,91.07,90.95,90.95,8831
20180305,91.08,91.15,90.96,90.96,2584
20180306,91.09,91.09,91.01,91.01,7660
20180307,91.03,91.04,90.95,90.99,32382
20180308,91.03,91.17,91,91.07,16043
20180309,91.02,91.05,90.95,90.95,9510
20180312,90.91,91.08,90.87,91.03,15544
20180313,90.96,91.02,90.9,91.01,3430
20180314,90.86,91.05,90.86,91.01,1427
20180315,90.9,90.96,90.83,90.83,3319
20180316,91.01,91.01,90.85,90.93,3217
20180319,90.87,91.01,90.85,90.98,6929
20180320,90.85,90.93,90.84,90.91,14439
20180321,90.85,90.96,90.83,90.93,3798
20180322,91,91,90.88,90.91,17913
20180323,90.88,91,90.87,90.92,9990
20180326,90.87,91.01,90.86,90.87,32281
20180327,90.91,91.06,90.9,91.02,35682
20180328,91.15,91.15,90.92,90.92,23000
20180329,91.11,91.18,90.96,91.14,9419
20180402,90.87,91.08,90.87,91.04,14034
20180403,91.03,91.03,90.92,90.96,8530
20180404,90.99,91.1,90.94,91.08,4631
20180405,91.06,91.06,90.85,90.95,22649
20180406,91.06,91.15,91.01,91.14,7564
20180409,91.06,91.11,90.89,90.95,7074
20180410,91,91.1,90.95,91.06,5825
20180411,91.12,91.22,90.92,91.02,2916
20180412,90.92,91.22,90.89,90.97,14275
20180413,91.28,91.28,90.75,90.95,5236
20180416,91.04,91.05,90.93,90.98,2974
20180417,91.05,91.06,90.89,90.99,6383
20180418,91.05,91.05,90.82,90.97,35027
20180419,90.88,90.94,90.87,90.88,4675
20180420,90.94,91.02,90.9,90.96,4517
20180423,91.07,91.07,90.89,90.89,5321
20180424,91.05,91.12,91.04,91.1,8238
20180425,91.08,91.12,91.06,91.09,4011
20180426,91.12,91.19,91.11,91.18,13478
20180427,91.21,91.24,91.19,91.23,7659
20180430,91.21,91.21,91.14,91.18,26939
20180501,91.08,91.11,91.03,91.03,4048
20180502,91.2,91.23,91.13,91.22,12314
20180503,91.19,91.22,91.13,91.13,16111
20180504,90.99,91.15,90.99,91.13,4081
20180507,91.13,91.19,90.99,91.08,13357
20180508,91.07,91.11,91.03,91.08,10446
20180509,90.99,91.19,90.99,91.15,6080
20180510,91.24,91.26,91.16,91.16,13742
20180511,91.1,91.26,91.06,91.16,5771
20180514,91.25,91.27,91.07,91.25,11865
20180515,91.14,91.22,91.14,91.19,10374
20180516,91.34,91.38,91.3,91.34,20025
20180517,91.31,91.34,91.3,91.32,7633
20180518,91.32,91.4,91.32,91.34,39285
20180521,91.34,91.34,91.25,91.25,13457
20180522,91.34,91.35,91.28,91.31,5553
20180523,91.4,91.49,91.32,91.49,5111
20180524,91.42,91.46,91.36,91.41,5351
20180525,92.66,92.91,91.37,91.52,4436
20180529,91.49,91.81,91.49,91.74,17747
20180530,91.57,92.74,91.27,91.27,5933
20180531,91.24,91.69,91.24,91.51,5030
20180601,91.21,91.41,91.15,91.34,7167
20180604,91.32,91.42,91.24,91.24,4047
20180605,91.25,91.48,91.25,91.44,9059
20180606,91.46,91.49,91.32,91.45,8898
20180607,91.46,91.55,91.41,91.53,4429
20180608,91.45,91.48,91.29,91.43,8384
20180611,91.36,91.43,91.31,91.36,2736
20180612,91.47,91.5,91.29,91.47,6466
20180613,91.24,91.59,91.24,91.45,16221
20180614,91.47,91.55,91.38,91.47,4013
20180615,91.38,91.6,91.24,91.59,14377
20180618,91.27,91.49,91.27,91.32,7066
20180619,91.38,91.61,91.36,91.61,15149
20180620,91.74,91.74,91.27,91.46,14438
20180621,91.62,91.72,91.24,91.42,15920
20180622,91.33,91.66,91.32,91.37,9815
20180625,91.36,91.75,91.36,91.49,18052
20180626,91.54,91.64,91.39,91.41,12709
20180627,91.42,91.61,91.42,91.59,38791
20180628,91.59,91.76,91.4,91.56,7540
20180629,91.77,91.77,91.52,91.57,7092
20180702,91.48,91.53,91.48,91.48,7041
20180703,91.46,91.75,91.46,91.74,3840
20180705,91.49,91.72,91.48,91.5,7686
20180706,91.51,91.75,91.51,91.51,12901
20180709,91.52,91.81,91.45,91.51,12353
20180710,91.5,91.61,91.5,91.55,2204
20180711,91.7,91.7,91.51,91.52,1012
20180712,91.51,91.66,91.51,91.61,4707
20180713,91.64,91.7,91.51,91.53,4354
20180716,91.6,91.9,91.54,91.6,10386
20180717,91.64,91.69,91.56,91.57,6161
20180718,91.76,91.86,91.62,91.76,5130
20180719,91.83,91.94,91.61,91.63,21120
20180720,91.68,91.85,91.61,91.77,17781
20180723,91.69,91.76,91.57,91.71,19618
20180724,91.62,91.92,91.62,91.78,2348
20180725,91.67,91.88,91.67,91.76,2218
20180726,91.64,91.85,91.64,91.71,5217
20180727,91.81,91.88,91.64,91.64,10175
20180730,91.67,91.82,91.65,91.81,17507
20180731,91.72,91.86,91.72,91.79,2970
20180801,91.71,91.94,91.68,91.68,2293
20180802,91.85,91.87,91.73,91.86,4322
20180803,91.81,92.04,91.74,91.75,3797
20180806,92.03,92.03,91.72,91.87,7131
20180807,91.78,91.98,91.69,91.82,7192
20180808,92.02,92.02,91.73,91.89,3594
20180809,91.81,91.9,91.76,91.82,5276
20180810,92.01,92.18,91.83,91.94,7557
20180813,91.95,92.15,91.79,92.15,7465
20180814,91.82,92.04,91.82,91.84,7177
20180815,91.82,92.19,91.82,91.9,12303
20180816,91.84,92.01,91.82,91.84,9084
20180817,91.88,92.05,91.78,91.93,9716
20180820,92,92,91.92,91.99,8839
20180821,91.91,92,91.91,91.93,7680
20180822,91.91,92.04,91.91,92,12561
20180823,91.98,92.04,91.95,91.95,10090
20180824,91.92,91.96,91.92,91.94,7918
20180827,92,92.02,91.8,91.8,4015
20180828,91.8,91.96,91.8,91.85,8860
20180829,91.97,91.97,91.86,91.87,2946
20180830,91.95,92.12,91.87,92.12,18492
20180831,91.92,92.05,91.91,91.91,36477
20180904,91.97,92.07,91.86,91.96,7860
20180905,92.13,92.13,91.97,92.02,3210
20180906,91.96,92.1,91.94,91.94,46206
20180907,92.02,92.02,91.97,92.02,17308
20180910,91.93,92.13,91.93,92,12653
20180911,92,92.15,91.91,91.95,9820
20180912,92.04,92.12,91.94,91.98,90401
20180913,91.95,92.18,91.95,92.12,39625
20180914,91.94,92.09,91.94,92.03,3520
20180917,92.21,92.22,91.95,92.11,21915
20180918,92.07,92.18,91.94,92.06,12495
20180919,91.95,92.12,91.95,92.09,3234
20180920,91.95,92.16,91.95,92.1,7665
20180921,91.98,92.15,91.98,92.1,10480
20180924,92.07,92.16,92.07,92.12,12497
20180925,92.21,92.21,92.09,92.09,6759
20180926,92.12,92.25,92.09,92.24,16783
20180927,92.2,92.32,92.09,92.16,18664
20180928,92.19,92.32,92.19,92.2,4872
20181001,92.2,92.4,92.2,92.35,126719
20181002,92.25,92.45,92.17,92.25,5326
20181003,92.24,92.38,92.15,92.27,6577
20181004,92.17,92.41,92.14,92.17,9220
20181005,92.08,92.46,92.08,92.23,13524
20181008,92.42,92.48,92.23,92.28,9889
20181009,92.26,92.5,92.23,92.43,35166
20181010,92.19,92.43,92.14,92.21,11641
20181011,92.14,92.25,92.14,92.15,5498
20181012,92.27,92.27,92.14,92.2,10704
20181015,92.5,92.5,92.14,92.26,1729
20181016,92.39,92.5,92.19,92.34,18103
20181017,92.21,92.39,92.15,92.15,5813
20181018,92.24,92.29,92.23,92.23,2152
20181019,92.23,92.3,92.23,92.3,3390
20181022,92.37,92.37,92.23,92.29,9348
20181023,92.42,92.42,92.2,92.2,5138
20181024,92.54,92.54,92.14,92.17,6662
20181025,92.25,92.61,92.21,92.26,16694
20181026,92.32,92.51,92.29,92.5,17278
20181029,92.31,92.5,92.24,92.48,12578
20181030,92.29,92.38,92.27,92.32,4554
20181031,92.49,92.49,92.24,92.48,5359
20181101,92.5,92.5,92.27,92.5,15750
20181102,92.38,92.38,92.24,92.27,8929
20181105,92.27,92.48,92.27,92.35,21020
20181106,92.47,92.47,92.28,92.37,2948
20181107,92.32,92.44,92.23,92.33,21763
20181108,92.42,92.42,92.28,92.35,8185
20181109,92.26,92.46,92.26,92.39,22972
20181112,92.26,92.63,92.25,92.44,18898
20181113,92.23,92.44,92.23,92.39,10307
20181114,92.94,92.94,92.28,92.39,7478
20181115,92.93,92.93,92.31,92.34,7066
20181116,92.41,92.65,92.31,92.65,3412
20181119,92.53,92.53,92.35,92.5,6178
20181120,92.32,92.52,92.28,92.3,20710
20181121,92.29,92.37,92.23,92.29,20289
20181123,92.26,92.36,92.24,92.36,2042
20181126,92.33,92.53,92.3,92.3,9034
20181127,92.35,92.5,92.3,92.46,17856
20181128,92.26,92.44,92.24,92.39,51195
20181129,92.5,92.5,92.26,92.26,6764
20181130,92.26,92.46,92.24,92.36,18520
20181203,92.48,92.48,92.22,92.25,34489
20181204,92.37,92.43,92.15,92.22,12385
20181206,92.38,92.4,92.15,92.38,30354
20181207,92.33,92.33,92.07,92.26,11594
20181210,92.35,92.37,92.05,92.09,7913
20181211,92.2,92.24,92.05,92.16,20596
20181212,92.07,92.35,92.04,92.04,51707
20181213,92.19,92.33,92.17,92.21,11295
20181214,92.28,92.33,92.18,92.25,9734
20181217,92.31,92.33,92.14,92.21,22795
20181218,92.24,92.51,92.24,92.45,48786
20181219,92.2,92.49,92.2,92.39,17823
20181220,92.24,92.49,92.18,92.24,16783
20181221,92.21,92.34,92.14,92.33,11107
20181224,92.33,92.46,92.14,92.45,6297
20181226,92.4,92.47,92.22,92.37,14072
20181227,92.5,92.52,92.18,92.51,64964
20181228,92.78,92.82,92.61,92.81,29511
20181231,92.71,92.94,92.62,92.76,92897
20190102,92.64,92.8,92.64,92.77,17332
20190103,92.85,92.98,92.72,92.84,39762
20190104,92.8,92.87,92.63,92.67,16219
20190107,92.83,92.86,92.69,92.75,43983
20190108,92.64,92.81,92.55,92.56,14030
20190109,92.56,92.8,92.46,92.55,12252
20190110,92.85,92.95,92.61,92.85,30456
20190111,92.59,92.9,92.59,92.84,10766
20190114,92.81,92.81,92.64,92.64,14355
20190115,92.78,93.02,92.78,92.96,41722
20190116,93.04,93.04,92.74,92.85,13781
20190117,92.8,93.07,92.78,92.92,7709
20190118,92.9,93.09,92.81,92.86,5759
20190122,92.87,93.28,92.87,92.9,11284
20190123,93,93.08,92.88,92.89,20279
20190124,93.13,93.19,93.02,93.04,11623
20190125,93.02,93.22,92.93,93.01,10863
20190128,92.97,93.06,92.94,92.94,5989
20190129,92.99,93.1,92.99,93.1,15275
20190130,93.12,93.2,92.97,93.02,9605
20190131,93.28,93.36,93.09,93.2,18234
20190201,93.11,93.17,93.06,93.17,27818
20190204,93.18,93.29,93.15,93.22,8649
20190205,93.45,93.45,93.28,93.28,12043
20190206,93.23,93.33,93.19,93.3,23968
20190207,93.25,93.31,93.24,93.28,49929
20190208,93.28,93.48,93.28,93.41,5730
20190211,93.39,93.45,93.29,93.37,19062
20190212,93.48,93.48,93.31,93.44,18776
20190213,93.38,93.48,93.37,93.39,9992
20190214,93.51,93.6,93.36,93.48,52029
20190215,93.5,93.58,93.39,93.42,47357
20190219,93.46,93.59,93.4,93.58,5787
20190220,93.52,93.57,93.44,93.52,11205
20190221,93.67,93.67,93.47,93.51,8399
20190222,93.62,93.74,93.56,93.67,9234
20190225,93.7,93.74,93.53,93.58,11202
20190226,93.75,93.75,93.54,93.59,14099
20190227,93.5,93.6,93.5,93.57,10726
20190228,93.68,93.73,93.54,93.62,20598
20190301,93.63,93.87,93.55,93.6,27186
20190304,93.65,93.9,93.65,93.71,8771
20190305,93.77,93.79,93.66,93.79,5820
20190306,93.76,93.81,93.67,93.76,4201
20190307,93.77,93.99,93.76,93.99,79591
20190308,93.83,93.9,93.74,93.9,369285
20190311,93.88,93.94,93.82,93.89,204615
20190312,93.83,93.98,93.82,93.92,21628
20190313,93.85,93.91,93.8,93.85,89298
20190314,93.85,93.86,93.8,93.82,11609
20190315,93.82,93.91,93.8,93.91,44987
20190318,93.93,93.93,93.89,93.9,25580
20190319,93.89,93.92,93.89,93.89,11359
20190320,93.91,94.1,93.89,94.1,15751
20190321,93.91,93.92,93.89,93.9,17488
20190322,93.9,94.02,93.9,93.95,49181
20190325,94.15,94.15,93.97,94.04,8891
20190326,93.99,94.11,93.97,94.04,7704
20190327,94.15,94.16,94,94.03,6640
20190328,94.04,94.3,94.03,94.16,11403
20190329,94.16,94.33,94.05,94.11,46358
20190401,94.03,94.14,93.64,93.96,25253
20190402,94.16,94.17,94.03,94.08,4636
20190403,93.99,94.09,93.99,94.02,21902
20190404,94.05,94.22,93.99,94.01,11154
20190405,94.18,94.22,94.11,94.15,6537
20190408,94.17,94.23,94.03,94.11,29695
20190409,94.09,94.16,94.04,94.12,16014
20190410,94.24,94.24,94.1,94.18,5207
20190411,94.25,94.25,94.09,94.1,13579
20190412,94.04,94.14,94.04,94.05,17702
20190415,94.18,94.18,94.11,94.14,7246
20190416,94.28,94.28,94.1,94.17,21751
20190417,94.14,94.29,94.11,94.25,11117
20190418,94.13,94.2,94.13,94.14,7911
20190422,94.27,94.31,94.18,94.29,7709
20190423,94.34,94.43,94.26,94.31,29445
20190424,94.28,94.34,94.27,94.31,18515
20190425,94.39,94.39,94.32,94.36,19678
20190426,94.3,94.41,94.3,94.41,8643
20190429,94.44,94.45,94.39,94.43,14695
20190430,94.48,94.49,94.44,94.49,11278
20190501,94.43,94.72,94.43,94.45,16100
20190502,94.46,94.46,94.34,94.42,40398
20190503,94.35,94.47,94.35,94.46,24888
20190506,94.48,94.48,94.41,94.48,11518
20190507,94.47,94.49,94.43,94.49,11686
20190508,94.41,94.49,94.41,94.42,3528
20190509,94.43,94.53,94.43,94.53,18962
20190510,94.57,94.68,94.49,94.59,21133
20190513,94.64,94.73,94.52,94.69,25427
20190514,94.63,94.64,94.6,94.63,17289
20190515,94.68,94.68,94.65,94.65,16849
20190516,94.64,94.64,94.49,94.58,17872
20190517,94.59,94.66,94.54,94.62,19397
20190520,94.64,94.69,94.56,94.63,71814
20190521,94.61,94.65,94.52,94.6,57316
20190522,94.63,94.64,94.55,94.55,22685
20190523,94.61,94.64,94.54,94.64,5527
20190524,94.59,94.59,94.49,94.57,11477
20190528,94.56,94.63,94.48,94.63,35343
20190529,94.55,94.6,94.49,94.51,4232
20190530,94.62,94.64,94.56,94.59,8843
20190531,94.59,94.78,94.59,94.71,20742
20190603,94.93,94.96,94.74,94.92,32184
20190604,94.86,94.86,94.77,94.84,8890
20190605,94.95,94.97,94.85,94.92,8902
20190606,94.97,95.01,94.91,94.96,11948
20190607,94.98,94.99,94.95,94.98,8086
20190610,94.89,94.89,94.84,94.85,14800
20190611,94.82,94.95,94.8,94.84,6658
20190612,94.79,94.96,94.79,94.94,36802
20190613,94.84,95,94.84,95,11100
20190614,94.88,95.01,94.85,94.91,17393
20190617,94.91,94.98,94.91,94.96,6343
20190618,95.06,95.06,94.98,95.03,8947
20190619,94.93,95.36,94.93,95.28,17764
20190620,95.18,95.22,95.05,95.2,53744
20190621,95.12,95.16,95.02,95.06,14862
20190624,95.23,95.23,95.12,95.21,14675
20190625,95.07,95.22,95.07,95.21,23760
20190626,95.19,95.19,95.11,95.14,18396
20190627,95.2,95.21,95.12,95.21,16071
20190628,95.19,95.22,95.18,95.21,26451
20190701,95.27,95.31,95.1,95.29,10704
20190702,95.14,95.35,95.14,95.24,93328
20190703,95.27,95.32,95.23,95.32,8684
20190705,95.18,95.2,95.06,95.09,10739
20190708,95.15,95.22,95.15,95.22,15429
20190709,95.28,95.31,95.15,95.26,25059
20190710,95.16,95.29,95.16,95.29,15290
20190711,95.23,95.35,95.22,95.23,21691
20190712,95.36,95.36,95.31,95.33,13817
20190715,95.3,95.36,95.3,95.32,12782
20190716,95.36,95.36,95.27,95.32,13717
20190717,95.27,95.42,95.27,95.42,22753
20190718,95.32,95.4,95.32,95.39,3323
20190719,95.4,95.44,95.39,95.43,12641
20190722,95.36,95.45,95.36,95.43,28017
20190723,95.44,95.44,95.39,95.44,6076
20190724,95.45,95.47,95.42,95.47,9320
20190725,95.47,95.48,95.41,95.45,9163
20190726,95.46,95.51,95.42,95.51,31269
20190729,95.54,95.66,95.5,95.57,69759
20190730,95.57,95.58,95.53,95.57,25531
20190731,95.57,95.63,95.52,95.52,25591
20190801,95.53,95.93,95.53,95.93,81270
20190802,95.93,95.93,95.7,95.75,10014
20190805,95.68,95.92,95.68,95.77,28384
20190806,95.74,95.88,95.74,95.8,8045
20190807,95.91,95.93,95.75,95.75,49211
20190808,95.69,95.79,95.66,95.69,278394
20190809,95.7,95.82,95.66,95.75,15566
20190812,95.84,95.88,95.75,95.8,8005
20190813,95.8,95.85,95.72,95.72,18533
20190814,95.84,95.87,95.77,95.82,13908
20190815,95.84,95.9,95.74,95.9,16514
20190816,95.89,95.89,95.75,95.84,6915
20190819,95.88,95.88,95.75,95.85,8886
20190820,95.89,95.91,95.78,95.9,7583
20190821,95.92,95.95,95.75,95.86,76662
20190822,95.83,95.88,95.79,95.84,29419
20190823,95.85,95.93,95.85,95.9,7596
20190826,95.97,95.98,95.92,95.95,22559
20190827,95.94,95.97,95.85,95.9,21080
20190828,95.86,95.97,95.86,95.92,12391
20190829,95.97,95.97,95.82,95.82,102008
20190830,95.83,95.96,95.82,95.96,18310
20190903,96.03,96.03,95.91,96.01,33521
20190904,96.02,96.11,96.01,96.11,19209
20190905,96.24,96.24,95.94,96.03,16140
20190906,96.03,96.03,95.86,95.96,25763
20190909,95.94,95.94,95.85,95.89,6279
20190910,95.9,95.9,95.74,95.77,13036
20190911,95.77,95.77,95.68,95.72,5236
20190912,95.69,95.76,95.67,95.67,11901
20190913,95.67,95.68,95.58,95.58,23759
20190916,95.68,95.68,95.57,95.64,25744
20190917,95.62,95.77,95.62,95.76,166030
20190918,95.83,95.89,95.77,95.8,50920
20190919,95.71,95.81,95.68,95.75,36639
20190920,95.77,95.8,95.72,95.8,16954
20190923,95.64,95.96,95.64,95.94,8852
20190924,95.95,96.03,95.93,95.98,23017
20190925,96.01,96.01,95.92,95.94,19330
20190926,95.96,96,95.91,95.96,6929
20190927,95.97,96.01,95.94,96.01,14946
20190930,95.92,96.05,95.92,96.05,7159
20191001,96.14,96.18,96.02,96.1,10882
20191002,96.15,96.2,96.14,96.19,22832
20191003,96.44,96.44,96.27,96.33,13030
20191004,96.27,96.42,96.27,96.39,35036
20191007,96.25,96.39,96.25,96.34,27671
20191008,96.32,96.35,96.23,96.3,27540
20191009,96.16,96.43,96.16,96.27,76295
20191010,96.51,96.51,96.03,96.23,57771
20191011,96.07,96.19,96.07,96.09,46875
20191014,96.11,96.11,95.9,96.1,28844
20191015,96.07,96.21,95.98,96.04,9225
20191016,96.04,96.3,95.97,96.03,12610
20191017,96.03,96.28,95.99,96.09,12858
20191018,96.16,96.2,96.05,96.1,13704
20191021,96.03,96.17,96.02,96.06,12667
20191022,96.06,96.2,96.01,96.09,11660
20191023,96.09,96.2,96.07,96.07,14519
20191024,96.17,96.21,96.13,96.15,19516
20191025,96.14,96.22,96.05,96.16,17301
20191028,96.21,96.21,96.06,96.12,11376
20191029,96.01,96.14,96.01,96.11,10494
20191030,96.02,96.2,96.02,96.2,23551
20191031,96.22,96.34,96.2,96.33,10717
20191101,96.22,96.33,96.22,96.32,14127
20191104,96.5,96.5,96.19,96.27,19354
20191105,96.22,96.27,96.11,96.18,39269
20191106,96.24,96.28,96.2,96.27,18323
20191107,96.2,96.31,96.04,96.15,25071
20191108,96.18,96.18,96.11,96.12,31391
20191111,96.07,96.17,96.06,96.12,9910
20191112,96.1,96.28,96.09,96.23,8883
20191113,96.25,96.31,96.21,96.24,52371
20191114,96.25,96.4,96.25,96.31,39565
20191115,96.35,96.41,96.31,96.34,27435
20191118,96.39,96.41,96.33,96.39,8891
20191119,96.39,96.41,96.35,96.37,8580
20191120,96.41,96.5,96.37,96.41,5706
20191121,96.37,96.42,96.35,96.41,23695
20191122,96.32,96.41,96.32,96.41,9126
20191125,96.41,96.42,96.38,96.42,18091
20191126,96.44,96.46,96.4,96.44,52491
20191127,96.38,96.39,96.32,96.37,8994
20191129,96.42,96.42,96.32,96.35,5233
20191202,96.46,96.47,96.26,96.29,32953
20191203,96.43,96.6,96.43,96.59,19137
20191204,96.6,96.6,96.41,96.42,25742
20191205,96.57,96.57,96.41,96.47,7108
20191206,96.44,96.47,96.37,96.4,28502
20191209,96.49,96.49,96.38,96.47,9616
20191210,96.42,96.48,96.37,96.37,16681
20191211,96.45,96.51,96.4,96.43,14182
20191212,96.52,96.52,96.33,96.36,23859
20191213,96.47,96.53,96.31,96.5,21611
20191216,96.35,96.47,96.35,96.4,12755
20191217,96.4,96.58,96.39,96.47,9581
20191218,96.4,96.54,96.4,96.41,79534
20191219,96.48,96.56,96.44,96.55,14920
20191220,96.54,96.62,96.48,96.61,54981
20191223,96.48,96.62,96.47,96.52,64986
20191224,96.57,96.58,96.47,96.57,4922
20191226,96.48,96.64,96.48,96.6,12147
20191227,96.46,96.65,96.46,96.63,19656
20191230,96.7,96.7,96.58,96.63,16881
20191231,96.7,96.72,96.63,96.71,23223
20200102,96.67,97.06,96.67,96.79,51788
20200103,96.86,96.88,96.78,96.88,15359
20200106,96.93,96.93,96.77,96.85,28511
20200107,96.9,96.9,96.82,96.85,18733
20200108,96.82,96.89,96.72,96.72,32102
20200109,96.85,96.85,96.68,96.76,10716
20200110,96.85,96.86,96.71,96.76,46043
20200113,96.83,96.85,96.78,96.83,22879
20200114,96.87,96.89,96.85,96.87,62380
20200115,96.88,96.92,96.82,96.88,28113
20200116,96.88,97.01,96.85,96.89,24248
20200117,96.89,96.94,96.83,96.9,59383
20200121,96.89,97.04,96.89,96.99,35562
20200122,97.03,97.11,97,97.07,27144
20200123,97.15,97.15,97.04,97.12,18440
20200124,97.16,97.2,97.14,97.18,14190
20200127,97.15,97.31,97.15,97.31,18068
20200128,97.31,97.35,97.25,97.26,91746
20200129,97.19,97.35,97.17,97.34,13712
20200130,97.34,97.48,97.34,97.37,7256
20200131,97.3,97.54,97.3,97.45,21713
20200203,97.64,97.72,97.55,97.57,26398
20200204,97.4,97.53,97.37,97.49,42350
20200205,97.44,97.44,97.29,97.36,21044
20200206,97.38,97.42,97.29,97.37,26611
20200207,97.41,97.49,97.36,97.47,36686
20200210,97.34,97.59,97.34,97.49,16101
20200211,97.4,97.56,97.4,97.48,19976
20200212,97.48,97.51,97.42,97.5,70747
20200213,97.55,97.55,97.44,97.54,16231
20200214,97.56,97.56,97.43,97.54,29522
20200218,97.42,97.62,97.42,97.51,19832
20200219,97.55,97.59,97.45,97.59,19357
20200220,97.48,97.6,97.48,97.55,16650
20200221,97.54,97.69,97.54,97.63,52425
20200224,97.7,97.81,97.65,97.78,21536
20200225,97.83,98.01,97.73,97.98,36345
20200226,97.98,98.04,97.79,97.84,56791
20200227,97.95,98.25,97.86,98.04,218769
20200228,98.88,98.88,98.22,98.5,70096
20200302,98.42,98.96,98.42,98.64,154654
20200303,98.35,98.82,98.34,98.72,85305
20200304,98.95,98.99,98.68,98.68,66469
20200305,98.96,99.04,98.8,98.97,58288
20200306,99.24,99.43,98.97,99.16,39599
20200309,99.12,105.09,98.6,99.57,42313
20200310,98.61,99.19,98.04,98.28,64339
20200311,97.31,98.43,97.31,98.25,83005
20200312,97.53,98.49,97.11,97.11,288396
20200313,96.96,98.25,95.99,97.4,100234
20200316,96.82,97.02,95.24,96.33,75676
20200317,96.33,96.33,95.37,95.58,186962
20200318,95.48,96.37,93.08,94.31,80895
20200319,91.92,95.52,91.58,93.03,131467
20200320,91.8,93.9,91.05,91.18,125827
20200323,86.85,92.21,86.85,91.95,83390
20200324,91.47,92.43,86.99,92.1,65454
20200325,92.31,93.79,91.57,92.57,27741
20200326,93.8,94.22,90.05,90.93,47622
20200327,92.58,94.24,92.58,94.02,44829
20200330,93.06,95.03,91.84,94.55,13392
20200331,94.8,96.34,94.55,96.34,22452
20200401,95.78,96.43,94.86,95.48,42487
20200402,95.36,96.31,95.17,96.31,11874
20200403,95.4,96.56,95.11,95.2,30897
20200406,96.75,96.8,95.67,95.87,14156
20200407,95.98,96.48,95.42,95.69,100893
20200408,96,96.39,95.68,96.1,15984
20200409,95.96,96.34,95.79,95.84,51220
20200413,95.58,96.41,95.58,96.15,63239
20200414,96.15,96.8,95.75,96.38,27283
20200415,96.47,97.52,96.16,96.7,52659
20200416,96.67,97.41,96.21,96.86,23728
20200417,97.51,97.51,96.76,96.9,66428
20200420,96.77,97.23,96.77,97,10088
20200421,96.33,97.13,96.33,97.03,20627
20200422,97.19,97.27,96.79,97.15,23822
20200423,96.83,97.51,96.71,97.06,64321
20200424,96.67,97.5,96.67,97.42,13964
20200427,97.41,97.41,97.17,97.37,18257
20200428,97.48,97.48,97.13,97.31,16247
20200429,97.32,97.5,97.02,97.5,31384
20200430,97.5,97.5,97.23,97.5,35616
20200501,97.65,97.73,97.46,97.7,17661
20200504,97.28,97.69,97.26,97.64,24697
20200505,97.5,97.68,97.5,97.68,17474
20200506,97.72,97.74,97.54,97.72,14917
20200507,97.73,98.19,97.65,97.94,24976
20200508,97.76,98.2,97.52,97.56,51135
20200511,97.79,98,97.79,97.94,35166
20200512,98.19,98.19,97.85,98.01,32352
20200513,97.9,98.2,97.8,98.11,31244
20200514,98.1,98.11,97.93,98.09,30885
20200515,98.09,98.14,97.99,98.13,31908
20200518,98.05,98.13,98,98.06,42109
20200519,97.96,98.09,97.96,98.02,59033
20200520,98.06,98.24,98.03,98.24,29782
20200521,98.07,98.11,98.04,98.09,36837
20200522,98.16,98.29,98.07,98.17,27641
20200526,98.18,98.47,98.17,98.32,31048
20200527,98.25,98.66,98.24,98.64,41255
20200528,98.38,98.38,98.25,98.37,23175
20200529,98.53,98.81,98.19,98.49,42188
20200601,98.5,98.57,98.27,98.48,34924
20200602,98.35,98.71,98.35,98.54,46616
20200603,98.39,98.46,98.32,98.41,56244
20200604,98.39,98.46,98.28,98.32,46043
20200605,98.51,98.65,98.51,98.57,35488
20200608,98.49,98.81,98.36,98.65,66115
20200609,98.76,98.81,98.6,98.81,73528
20200610,98.67,99.11,98.67,99.08,26127
20200611,99.04,99.05,98.88,98.88,35815
20200612,99.07,99.14,98.99,99.14,41492
20200615,99.11,99.19,98.86,99.18,31036
20200616,99.07,99.18,98.89,99.07,88924
20200617,99.09,99.39,99.09,99.37,43998
20200618,99.25,99.45,99.13,99.45,10673
20200619,99.48,99.64,99.35,99.44,53866
20200622,99.42,99.57,99.42,99.52,72770
20200623,99.56,99.57,99.42,99.52,28383
20200624,99.54,99.59,99.49,99.55,35874
20200625,99.54,99.68,99.54,99.62,14724
20200626,99.61,99.61,99.57,99.57,24483
20200629,99.56,99.81,99.54,99.77,18707
20200630,99.84,99.84,99.79,99.82,37496
20200701,99.93,100.17,99.8,99.93,67640
20200702,99.81,99.95,99.8,99.82,62910
20200706,99.81,99.86,99.81,99.85,41879
20200707,99.88,99.98,99.77,99.82,29416
20200708,99.84,99.96,99.77,99.84,13185
20200709,99.87,99.93,99.81,99.92,36861
20200710,99.92,99.96,99.85,99.96,44819
20200713,99.81,99.95,99.81,99.95,22725
20200714,99.86,100.28,99.82,99.97,52598
20200715,100.03,100.12,99.84,100.05,33439
20200716,100.03,100.04,99.84,100.02,35564
20200717,100.06,100.28,99.85,100.04,18946
20200720,100,100.15,99.94,99.96,47567
20200721,100.03,100.46,99.96,100.04,50682
20200722,100.05,100.33,100.03,100.07,48685
20200723,100.05,100.2,100.01,100.06,41574
20200724,100,100.27,99.97,99.97,92313
20200727,100,100.12,100,100.05,18674
20200728,100.05,100.41,100.05,100.05,55107
20200729,100.09,100.09,99.99,100.04,26623
20200730,100.13,100.16,100.06,100.14,30462
20200731,100.13,100.18,100.05,100.14,45566
20200803,100.11,100.26,100,100.19,38844
20200804,100.06,100.49,100.06,100.23,157796
20200805,100.08,100.17,100.07,100.08,42226
20200806,100.14,100.27,100.08,100.13,45850
20200807,100.07,100.18,100.06,100.12,29892
20200810,100.12,100.16,100.05,100.12,33483
20200811,100.11,100.16,100.05,100.08,44113
20200812,100.12,100.18,100.06,100.11,52152
20200813,100.15,100.29,100.1,100.22,29605
20200814,100.14,100.52,100.14,100.21,51124
20200817,100.24,100.31,100.22,100.3,37126
20200818,100.17,100.3,100.17,100.27,25674
20200819,100.3,100.31,100.22,100.26,86994
20200820,100.3,100.3,100.29,100.29,36236
20200821,100.29,100.3,100.19,100.24,44533
20200824,100.22,100.42,100.19,100.23,35921
20200825,100.21,100.27,100.2,100.23,22578
20200826,100.24,100.26,100.22,100.23,27974
20200827,100.3,100.3,100.17,100.21,54487
20200828,100.3,100.31,100.09,100.31,41526
20200831,100.14,100.39,100.14,100.36,35766
20200901,100.5,100.5,100.23,100.37,61875
20200902,100.42,100.43,100.29,100.34,47807
20200903,100.3,100.31,100.25,100.3,25997
20200904,100.35,100.37,100.29,100.35,51381
20200908,100.33,100.35,100.3,100.32,63989
20200909,100.31,100.42,100.3,100.41,313506
20200910,100.35,100.37,100.29,100.35,58140
20200911,100.42,100.42,100.38,100.41,12081
20200914,100.28,100.52,100.26,100.43,92820
20200915,100.3,100.45,100.3,100.43,37420
20200916,100.36,100.48,100.36,100.48,56472
20200917,100.35,100.5,100.35,100.49,54424
20200918,100.51,100.52,100.46,100.5,54734
20200921,100.37,100.52,100.37,100.52,55274
20200922,100.53,100.63,100.51,100.58,44161
20200923,100.59,100.62,100.42,100.53,49968
20200924,100.5,100.61,100.31,100.4,80972
20200925,100.44,100.62,100.41,100.46,95283
20200928,100.43,100.57,100.43,100.44,62999
20200929,100.44,100.57,100.41,100.44,32990
20200930,100.55,100.56,100.42,100.56,105145
20201001,100.44,100.59,100.4,100.57,71958
20201002,100.72,100.75,100.46,100.55,122958
20201005,100.61,100.61,100.54,100.59,34372
20201006,100.59,100.78,100.55,100.59,94478
20201007,100.57,100.73,100.56,100.63,87534
20201008,100.59,100.64,100.59,100.59,49958
20201009,100.59,100.63,100.5,100.56,54171
20201012,100.55,100.59,100.51,100.57,75910
20201013,100.63,100.68,100.51,100.56,42873
20201014,100.55,100.61,100.54,100.6,35368
20201015,100.63,100.63,100.53,100.55,41541
20201016,101.12,101.12,100.55,100.62,39351
20201019,101.18,101.18,100.59,100.65,34253
20201020,100.64,100.77,100.59,100.7,72038
20201021,100.62,100.71,100.62,100.7,34159
20201022,100.75,100.75,100.66,100.74,17319
20201023,100.64,100.78,100.64,100.77,54078
20201026,100.76,100.76,100.66,100.71,58878
20201027,100.67,100.76,100.67,100.76,37470
20201028,100.71,100.78,100.71,100.74,23495
20201029,100.88,100.88,100.78,100.85,53463
20201030,100.95,100.95,100.86,100.91,33883
20201102,100.85,100.97,100.85,100.9,39413
20201103,100.81,100.91,100.8,100.83,31595
20201104,100.88,100.88,100.79,100.83,130839
20201105,100.8,100.8,100.67,100.73,28526
20201106,100.73,100.73,100.6,100.64,38728
20201109,100.78,100.81,100.59,100.64,72210
20201110,100.66,100.68,100.53,100.6,43964
20201111,100.63,100.69,100.57,100.66,37641
20201112,100.72,100.72,100.6,100.67,31422
20201113,100.66,100.77,100.66,100.73,25328
20201116,100.73,100.73,100.58,100.63,54386
20201117,100.63,100.7,100.6,100.66,30640
20201118,100.66,100.67,100.57,100.64,52321
20201119,100.64,100.75,100.64,100.74,56010
20201120,100.74,100.77,100.65,100.74,37602
20201123,100.65,100.79,100.65,100.76,57533
20201124,100.64,100.74,100.64,100.71,69588
20201125,100.76,100.76,100.67,100.71,52652
20201127,100.8,100.8,100.68,100.76,20724
20201130,100.76,100.79,100.68,100.73,62408
20201201,101.25,101.25,100.67,100.7,50471
20201202,100.7,100.78,100.69,100.71,185519
20201203,100.72,100.83,100.72,100.8,82135
20201204,100.81,100.82,100.72,100.8,53215
20201207,100.88,100.88,100.75,100.78,59491
20201208,100.85,100.86,100.8,100.86,54501
20201209,100.84,100.86,100.78,100.81,62788
20201210,100.78,100.92,100.78,100.9,28229
20201211,100.91,100.93,100.88,100.93,31337
20201214,100.89,100.97,100.88,100.94,39371
20201215,100.99,100.99,100.83,100.87,31713
20201216,100.78,100.99,100.78,100.93,175227
20201217,100.95,100.96,100.9,100.94,35821
20201218,100.76,100.96,100.76,100.95,47173
20201221,100.87,101.01,100.87,101,54279
20201222,100.97,101.02,100.96,101.02,29309
20201223,101.06,101.06,100.97,101.05,38543
20201224,101.09,101.09,100.96,100.96,10557
20201228,100.96,101.05,100.96,100.99,33456
20201229,100.99,101.04,100.94,101.04,133771
20201230,101.11,101.11,100.99,100.99,37644
20201231,101.11,101.11,101,101.05,78152
20210104,101.05,101.08,100.95,101.01,45567
20210105,101.12,101.12,101.04,101.1,49528
20210106,101.09,101.12,101.02,101.05,108108
20210107,101.04,101.12,101.01,101.09,42642
20210108,101.1,101.13,101.02,101.05,33924
20210111,101.01,101.09,101.01,101.06,32846
20210112,101.07,101.12,100.99,101.06,52384
20210113,101.24,101.24,101.06,101.12,154498
20210114,101.21,101.21,101.05,101.11,83709
20210115,101.13,101.18,101.1,101.18,66845
20210119,101.18,101.21,101.13,101.19,82698
20210120,101.11,101.24,101.06,101.22,74343
20210121,101.17,101.94,101.17,101.22,105957
20210122,101.25,101.27,101.21,101.27,83192
20210125,101.22,101.29,101.22,101.29,58667
20210126,101.31,101.32,101.24,101.26,44250
20210127,101.27,101.31,101.24,101.26,67510
20210128,101.27,101.31,101.26,101.28,46089
20210129,101.3,101.32,101.26,101.31,84563
20210201,101.24,101.38,101.24,101.32,208354
20210202,101.28,101.4,101.28,101.34,42341
20210203,101.37,101.37,101.27,101.28,49453
20210204,101.3,101.32,101.24,101.3,53223
20210205,101.3,101.34,101.26,101.31,74030
20210208,101.32,101.33,101.26,101.33,87559
20210209,101.39,101.39,101.31,101.34,100077
20210210,101.33,101.38,101.33,101.37,71157
20210211,101.37,101.45,101.35,101.4,234789
20210212,101.36,101.37,101.32,101.37,67190
20210216,101.37,101.4,101.32,101.35,113911
20210217,101.36,101.41,101.35,101.37,111987
20210218,101.44,101.44,101.36,101.38,125854
20210219,101.23,101.4,101.23,101.35,69581
20210222,101.4,101.4,101.35,101.4,339083
20210223,101.4,101.41,101.35,101.41,45257
20210224,101.35,101.37,101.28,101.36,74160
20210225,101.26,101.27,101.18,101.21,120529
20210226,101.23,101.26,101.13,101.26,60801
20210301,101.26,101.28,101.2,101.28,60675
20210302,101.28,101.35,101.24,101.29,176312
20210303,101.29,101.29,101.24,101.26,90002
20210304,101.22,101.28,101.17,101.22,76409
20210305,101.25,101.26,101.09,101.26,67697
20210308,101.16,101.18,101.12,101.14,71567
20210309,101.12,101.17,101.08,101.13,76223
20210310,101.12,101.15,101.07,101.11,77000
20210311,101.1,101.17,101.09,101.16,299763
20210312,101.07,101.12,101.07,101.1,89658
20210315,101.15,101.2,101.1,101.16,163819
20210316,101.22,101.22,101.12,101.16,115400
20210317,101.12,101.23,101.11,101.2,80059
20210318,101.27,101.27,101.1,101.13,67971
20210319,101.16,101.23,101.15,101.2,55872
20210322,101.16,101.21,101.09,101.18,123767
20210323,101.19,101.23,101.17,101.2,89586
20210324,101.21,101.26,101.18,101.22,158185
20210325,101.23,101.27,101.19,101.21,53895
20210326,101.23,101.25,101.18,101.22,182088
20210329,101.25,101.28,101.17,101.2,102787
20210330,101.23,101.26,101.17,101.17,110274
20210331,101.18,101.25,101.17,101.2,155392
20210401,101.29,101.29,101.17,101.23,88225
20210405,101.13,101.21,101.12,101.17,98322
20210406,101.2,101.24,101.15,101.22,64786
20210407,101.24,101.27,101.22,101.23,123956
20210408,101.31,101.31,101.21,101.22,73228
20210409,101.21,101.22,101.14,101.19,30555
20210412,101.23,101.24,101.19,101.21,71103
20210413,101.22,101.27,101.18,101.27,124542
20210414,101.28,101.28,101.19,101.2,63758
20210415,101.21,101.26,101.2,101.24,58630
20210416,101.21,101.23,100.97,101.16,135433
20210419,101.27,101.27,101.2,101.22,109840
20210420,101.2,101.27,101.2,101.23,62129
20210421,101.22,101.26,101.21,101.23,42627
20210422,101.25,101.25,101.22,101.22,47806
20210423,101.21,101.27,101.18,101.22,67618
20210426,101.21,101.28,101.21,101.22,63028
20210427,101.25,101.25,101.15,101.18,78412
20210428,101.21,101.26,101.19,101.25,91113
20210429,101.25,101.28,101.23,101.25,71004
20210430,101.28,101.29,101.25,101.27,66965
20210503,101.34,101.34,101.27,101.3,124727
20210504,101.33,101.33,101.25,101.27,42784
20210505,101.32,101.32,101.27,101.31,62735
20210506,101.37,101.37,101.28,101.29,29517
20210507,101.39,101.39,101.29,101.29,46595
20210510,101.39,101.39,101.28,101.3,163519
20210511,101.31,101.38,101.27,101.29,84893
20210512,101.27,101.38,101.27,101.3,66830
20210513,101.35,101.37,101.31,101.36,91083
20210514,101.35,101.35,101.33,101.33,42373
20210517,101.33,101.33,101.29,101.3,142948
20210518,101.32,101.38,101.28,101.3,88886
20210519,101.4,101.4,101.28,101.28,50196
20210520,101.27,101.36,101.27,101.33,48054
20210521,101.34,101.39,101.27,101.28,83320
20210524,101.3,101.36,101.3,101.32,50646
20210525,101.37,101.37,101.3,101.34,51964
20210526,101.33,101.34,101.29,101.33,47439
20210527,101.37,101.37,101.31,101.33,43951
20210528,101.32,101.35,101.3,101.32,97498
20210601,101.35,101.36,101.31,101.33,90719
20210602,101.33,101.34,101.3,101.3,40177
20210603,101.37,101.37,101.31,101.34,41444
20210604,101.37,101.39,101.36,101.37,77998
20210607,101.33,101.33,101.29,101.29,70336
20210608,101.41,101.42,101.25,101.28,94147
20210609,101.24,101.34,101.24,101.31,72268
20210610,101.33,101.38,101.27,101.31,24592
20210611,101.35,101.35,101.3,101.34,31926
20210614,101.32,101.32,101.29,101.32,76940
20210615,101.29,101.32,101.22,101.25,101282
20210616,101.14,101.28,101.14,101.21,56121
20210617,101.14,101.32,101.14,101.19,33218
20210618,101.14,101.21,101.07,101.19,52412
20210621,101.05,101.18,101.05,101.13,51909
20210622,100.71,101.23,100.71,101.18,32489
20210623,101.11,101.23,101.11,101.14,45501
20210624,101.16,101.19,101.09,101.17,61481
20210625,101.15,101.17,101.08,101.14,86406
20210628,101.1,101.24,101.1,101.16,42373
20210629,101.19,101.24,101.14,101.18,89274
20210630,101.16,101.23,101.14,101.23,123233
20210701,101.09,101.31,101.09,101.15,46307
20210702,101.22,101.28,101.14,101.27,52144
20210706,101.12,101.28,101.12,101.24,89174
20210707,101.13,101.31,101.13,101.26,24270
20210708,101.25,101.33,101.25,101.3,63518
20210709,101.28,101.3,101.22,101.23,26696
20210712,101.13,101.28,101.13,101.22,103586
20210713,100.97,101.26,100.97,101.23,70912
20210714,101.19,101.34,101.18,101.31,70162
20210715,101.34,101.34,101.26,101.26,22593
20210716,101.26,101.3,101.15,101.24,35346
20210719,101.3,101.36,101.29,101.3,43933
20210720,101.36,101.37,101.28,101.31,40801
20210721,101.29,101.29,101.23,101.24,18654
20210722,101.32,101.32,101.26,101.3,46051
20210723,101.23,101.33,101.23,101.3,25344
20210726,101.24,101.33,101.24,101.28,28197
20210727,101.23,101.36,101.23,101.31,21609
20210728,101.29,101.36,101.27,101.35,51293
20210729,101.35,101.35,101.28,101.31,44191
20210730,101.33,101.35,101.26,101.35,33272
20210802,101.4,101.4,101.34,101.35,82775
20210803,101.34,101.42,101.31,101.35,89813
20210804,101.32,101.38,101.31,101.35,55362
20210805,101.34,101.34,101.27,101.32,36208
20210806,101.26,101.3,101.26,101.29,57371
20210809,101.34,101.36,101.25,101.29,47004
20210810,101.28,101.3,101.25,101.27,60745
20210811,101.28,101.32,101.25,101.29,63867
20210812,101.22,101.32,101.22,101.27,50535
20210813,101.27,101.32,101.25,101.3,43366
20210816,101.22,101.35,101.22,101.35,71466
20210817,101.39,101.39,101.29,101.32,93387
20210818,101.31,101.37,101.24,101.34,80985
20210819,101.23,101.33,101.23,101.28,69398
20210820,101.28,101.3,101.23,101.25,42918
20210823,101.33,101.33,101.27,101.3,34769
20210824,101.3,101.32,101.27,101.31,53914
20210825,101.21,101.34,101.21,101.32,79159
20210826,101.3,101.37,101.3,101.32,23772
20210827,101.22,101.42,101.22,101.42,47672
20210830,101.31,101.41,101.18,101.38,45622
20210831,101.21,101.39,101.21,101.36,37807
20210901,101.4,101.42,101.29,101.39,33425
20210902,101.36,101.42,101.35,101.38,120597
20210903,101.21,101.41,101.21,101.39,126947
20210907,101.37,101.39,101.34,101.38,40498
20210908,101.41,101.44,101.34,101.43,113508
20210909,101.38,101.42,101.3,101.36,47372
20210910,101.41,101.43,101.37,101.4,55171
20210913,101.36,101.43,101.36,101.41,24826
20210914,101.46,101.46,101.38,101.43,37975
20210915,101.41,101.44,101.38,101.43,69894
20210916,101.39,101.42,101.32,101.4,21325
20210917,101.5,101.5,101.35,101.39,37229
20210920,101.42,101.48,101.31,101.41,50337
20210921,101.43,101.46,101.41,101.43,73614
20210922,101.49,101.49,101.26,101.41,76458
20210923,101.33,101.33,101.27,101.31,42063
20210924,101.25,101.35,101.25,101.34,51331
20210927,101.4,101.4,101.26,101.3,81812
20210928,101.25,101.35,101.25,101.29,109138
20210929,101.37,101.43,101.34,101.42,57128
20210930,101.5,101.5,101.35,101.44,107881
20211001,101.5,101.53,101.47,101.49,49264
20211004,101.56,101.56,101.38,101.44,76485
20211005,101.41,101.52,101.18,101.42,60133
20211006,101.43,101.46,101.39,101.42,47847
20211007,101.39,101.42,101.35,101.38,46421
20211008,101.42,101.42,101.3,101.37,109857
20211011,101.44,101.44,101.31,101.31,57728
20211012,101.3,101.41,101.25,101.26,23738
20211013,101.27,101.35,101.26,101.28,40782
20211014,101.24,101.31,101.24,101.3,46391
20211015,101.18,101.23,101.14,101.14,45863
20211018,101.16,101.2,101.13,101.14,56955
20211019,101.13,101.18,101.08,101.16,45376
20211020,101.2,101.25,101.14,101.21,43931
20211021,101.12,101.18,101.08,101.1,101319
20211022,101.07,101.31,101,101.12,74135
20211025,101.05,101.15,101.05,101.08,40630
20211026,101.13,101.15,101.07,101.09,67517
20211027,101.06,101.12,101,101.05,44140
20211028,100.94,101.08,100.94,101.05,52866
20211029,101.1,101.1,100.95,101.04,34243
20211101,101.02,101.11,101.02,101.08,54441
20211102,101.06,101.13,101.05,101.13,49230
20211103,101.06,101.11,101.04,101.1,63935
20211104,101.17,101.17,101.07,101.15,78662
20211105,101.09,101.17,101.09,101.14,58892
20211108,101.12,101.13,101.04,101.04,75942
20211109,101.06,101.12,101.06,101.1,63125
20211110,101.09,101.15,101.09,101.1,68660
20211111,101.07,101.08,100.93,101.01,60424
20211112,101.03,101.1,101.01,101.08,84055
20211115,101.02,101.09,101,101.02,131523
20211116,100.96,100.99,100.93,100.96,73735
20211117,100.96,101.02,100.93,101.02,61352
20211118,100.46,101.03,100.46,100.99,122331
20211119,100.96,101.02,100.94,100.94,33838
20211122,100.91,100.94,100.85,100.87,72328
20211123,100.9,100.93,100.88,100.91,36195
20211124,100.96,100.96,100.82,100.87,67915
20211126,101.01,101.09,100.94,101.06,32778
20211129,100.9,100.96,100.87,100.92,65091
20211130,100.95,101.05,100.87,100.87,73005
20211201,100.75,100.86,100.71,100.85,55478
20211202,101.2,101.2,100.64,100.69,79510
20211203,100.61,100.76,100.61,100.72,57062
20211206,100.69,100.73,100.64,100.68,68250
20211207,100.62,100.67,100.57,100.59,68456
20211208,100.6,100.69,100.6,100.68,42815
20211209,100.61,100.69,100.58,100.6,39377
20211210,100.61,100.71,100.6,100.6,46229
20211213,100.63,100.71,100.62,100.67,81465
20211214,100.64,100.69,100.62,100.65,49970
20211215,100.63,100.68,100.44,100.56,122450
20211216,100.67,100.67,100.6,100.66,87899
20211217,100.65,100.68,100.62,100.66,85053
20211220,100.68,100.73,100.64,100.65,57154
20211221,100.26,100.68,100.26,100.64,69258
20211222,101,101,100.61,100.62,240333
20211223,100.61,100.64,100.59,100.59,111003
20211227,100.48,100.6,100.48,100.53,115893
20211228,100.65,100.65,100.52,100.55,142013
20211229,100.57,100.61,100.52,100.57,63203
20211230,100.59,100.72,100.37,100.7,116944
20211231,100.67,100.71,100.64,100.66,28094
20220103,100.58,100.66,100.56,100.63,37319
20220104,100.62,100.7,100.62,100.7,38375
20220105,100.69,100.72,100.61,100.68,32859
20220106,100.58,100.62,100.54,100.57,48175
20220107,100.08,100.57,100.08,100.55,47607
20220110,100.47,100.57,100.42,100.54,67077
20220111,100.13,100.68,100.13,100.64,52989
20220112,100.47,100.54,100.44,100.5,50104
20220113,100.49,100.5,100.46,100.5,33353
20220114,100.52,100.52,100.36,100.4,54321
20220118,100.36,100.38,100.19,100.32,80963
20220119,100.33,100.37,100.29,100.31,75584
20220120,100.51,100.51,100.28,100.29,68624
20220121,100.33,100.42,100.28,100.38,49958
20220124,100.39,100.51,100.36,100.42,108677
20220125,100.72,100.72,100.38,100.38,71938
20220126,100.47,100.47,100.22,100.22,100011
20220127,100.1,100.22,100.1,100.12,154912
20220128,100.11,100.12,100.04,100.07,69047
20220131,100.07,100.11,100.03,100.08,112490
20220201,100.04,100.08,99.99,100.06,96777
20220202,100.13,100.13,100.04,100.1,48019
20220203,100.11,100.11,100.0179,100.03,71876
20220204,100.31,100.31,99.82,99.83,148155
20220207,99.71,99.7938,99.7009,99.72,249591
20220208,99.71,99.79,99.71,99.73,101477
20220209,99.65,99.7538,99.65,99.68,62485
20220210,99.56,99.56,99.238,99.31,164451
20220211,99.12,99.2989,99.06,99.19,78310
20220214,99.14,99.1695,99.06,99.08,122234
20220215,99.14,99.1792,99.0954,99.1273,109349
20220216,98.94,99.3082,98.94,99.289,67564
20220217,99.36,99.4095,99.303,99.35,76503
20220218,99.4,99.4395,99.35,99.4,54181
