Date,Open,High,Low,Close,Volume
20190606,25.64,25.831,25.64,25.831,205
20190617,26.1265,26.1265,26.1265,26.1265,45
20190627,26.5246,26.5246,26.5246,26.5246,50
20190703,27.1918,27.1918,27.1918,27.1918,50
20190708,27.0344,27.0344,27.0344,27.0344,10
20190710,26.9702,26.9702,26.9702,26.9702,5
20190711,26.9471,26.9471,26.9471,26.9471,10
20190712,27.2794,27.2794,27.2794,27.2794,10
20190715,27.2547,27.2717,27.2547,27.2717,363
20190716,27.37,27.37,27.3052,27.3052,106
20190717,27.15,27.15,27.1259,27.1259,111
20190719,27.19,27.19,27.0217,27.0217,100
20190723,27.2012,27.2012,27.2012,27.2012,38
20190802,26.4525,26.4525,26.4525,26.4525,3
20190806,26.0233,26.0233,26.0233,26.0233,1
20190808,26.5669,26.5669,26.5669,26.5669,1
20190814,25.3071,25.3071,25.3071,25.3071,10
20190821,26.0148,26.0148,26.0148,26.0148,100
20190823,25.2974,25.2974,25.2974,25.2974,158
20190827,25.3768,25.3768,25.3768,25.3768,79
20190904,25.9441,25.9441,25.9441,25.9441,1
20190911,26.85,26.9047,26.85,26.9047,125
20190917,26.86,26.9096,26.86,26.9096,125
20190926,26.4668,26.4668,26.4668,26.4668,1
20190927,26.389,26.389,26.389,26.389,50
20191001,26.24,26.24,26.24,26.24,1
20191002,25.7155,25.7155,25.7155,25.7155,1
20191004,26.0499,26.1579,26.0252,26.1579,220
20191008,25.5237,25.5237,25.5237,25.5237,1
20191009,25.79,25.79,25.7554,25.7554,100
20191010,25.9182,25.9182,25.9182,25.9182,80
20191014,26.2294,26.2294,26.2294,26.2294,15
20191015,26.4569,26.4569,26.4569,26.4569,80
20191016,26.43,26.43,26.3695,26.3695,1000
20191018,26.4867,26.4867,26.4867,26.4867,14
20191021,26.6723,26.6723,26.6538,26.6538,180
20191024,26.7785,26.7785,26.7785,26.7785,19
20191025,26.94,26.94,26.9085,26.9085,240
20191028,27.0684,27.0684,27.0684,27.0684,40
20191029,27.1115,27.1115,27.1115,27.1115,30
20191104,27.4203,27.4203,27.4203,27.4203,80
20191105,27.4733,27.4733,27.4733,27.4733,36
20191106,27.4241,27.4241,27.4241,27.4241,120
20191108,27.5697,27.5697,27.5697,27.5697,215
20191111,27.6315,27.6315,27.6315,27.6315,16
20191113,27.5599,27.5599,27.5599,27.5599,55
20191115,27.8865,27.8865,27.8865,27.8865,116
20191118,27.9055,27.9055,27.9055,27.9055,1
20191121,27.5969,27.5969,27.5762,27.5762,1600
20191122,27.7207,27.7207,27.7207,27.7207,1
20191126,28.1,28.1453,28.09,28.1453,7136
20191127,28.2098,28.2195,28.2098,28.2195,1599
20191129,28.0213,28.0213,28.0213,28.0213,101
20191203,27.48,27.58,27.45,27.5787,5573
20191204,27.79,27.79,27.7075,27.7075,137
20191205,27.7094,27.7644,27.7094,27.7644,183
20191206,27.9726,27.9726,27.9726,27.9726,2
20191213,28.2,28.2,28.2,28.2,350
20191216,28.1579,28.1579,28.1579,28.1579,152
20191217,28.1499,28.1499,28.1499,28.1499,165
20191218,28.2,28.2,28.2,28.2,138
20191219,28.29,28.29,28.29,28.29,100
20191224,28.35,28.3599,28.35,28.3599,130
20191230,28.3707,28.3707,28.3707,28.3707,125
20200106,28.2107,28.2107,28.2107,28.2107,121
20200110,28.43,28.43,28.43,28.43,101
20200114,28.63,28.63,28.63,28.63,100
20200115,28.77,28.77,28.77,28.77,100
20200204,28.42,28.42,28.4195,28.42,940
20200211,28.85,28.85,28.844,28.844,1386
20200219,28.98,28.98,28.98,28.98,100
20200221,28.695,28.695,28.695,28.695,420
20200225,27.1,27.1,27.1,27.1,185
20200312,20.98,21.0255,20.98,21.0255,516
20200316,19.68,19.68,19.68,19.68,100
20200319,19.4,19.4,19.4,19.4,500
20200320,18.9,18.9001,18.89,18.89,800
20200324,19.1,19.3,18.85,19.3,2225
20200325,19.2,20.6,19.2,20.5991,6984
20200327,20.45,20.45,20.44,20.44,248
20200414,22.54,22.54,22.54,22.54,200
20200417,22.64,22.8,22.53,22.8,2172
20200420,22.22,22.25,22.2,22.2234,34440
20200421,21.5698,21.64,21.529,21.6234,21452
20200423,22.3201,22.3201,22.3201,22.3201,165
20200427,23.04,23.08,23.028,23.08,300
20200428,23.65,23.65,23.38,23.38,5200
20200429,24.04,24.0655,24.04,24.0655,792
20200430,23.54,23.54,23.54,23.54,800
20200512,23.46,23.46,23.45,23.45,800
20200518,23.89,23.89,23.89,23.89,300
20200526,24.81,24.84,24.81,24.83,81914
20200527,25.09,25.09,24.7,24.79,87438
20200601,25.17,25.39,25.17,25.39,200
20200605,26.8,26.88,26.8,26.88,200
20200608,26.98,26.98,26.98,26.98,100
20200609,26.64,26.64,26.64,26.64,100
20200618,25.285,25.285,25.285,25.285,100
20200624,24.5113,24.5113,24.5113,24.5113,500
20200625,24.4,24.4,24.4,24.4,100
20200626,24.39,24.39,24.39,24.39,100
20200629,24.59,24.59,24.59,24.59,100
20200630,24.86,24.86,24.86,24.86,100
20200713,25.52,25.53,25.52,25.53,800
20200812,27.74,27.74,27.6998,27.6998,200
20200825,27.69,27.69,27.6899,27.6899,1000
20200826,27.66,27.66,27.64,27.64,1200
20200827,27.6102,27.6102,27.6102,27.6102,100
20200921,26.59,26.59,26.54,26.54,268
20200925,26.62,26.62,26.613,26.613,790
20200928,27.05,27.05,27.05,27.05,460
20200930,27.114,27.114,27.06,27.114,5000
20201006,28.1049,28.24,28.1049,28.24,370
20201013,28.7,28.7,28.6365,28.6365,1676
20201016,28.83,28.83,28.83,28.83,600
20201029,27.24,27.24,27.24,27.24,396
20201102,27.84,27.84,27.84,27.84,104
20201105,29.13,29.13,29.1291,29.1291,400
20201110,29.56,29.59,29.56,29.59,200
20201111,29.66,29.67,29.66,29.67,26293
20201112,29.69,29.69,29.5,29.5,200
20201113,29.55,29.93,29.55,29.8987,680
20201116,30.25,30.49,30.25,30.49,200
20201117,30.31,30.31,30.31,30.31,100
20201124,30.81,30.81,30.7495,30.7699,1270
20201125,30.61,30.61,30.6092,30.6099,325
20201127,30.58,30.58,30.573,30.573,684
20201130,30.2628,30.2806,30.2628,30.2806,4233
20201201,30.56,30.56,30.56,30.56,159
20201207,31.1,31.1,31.1,31.1,100
20201208,31.24,31.24,31.24,31.24,200
20201209,31.1822,31.1822,31.1822,31.1822,122
20201210,31.045,31.045,31.045,31.045,100
20201214,31.0202,31.0202,30.83,30.83,786
20201215,31.0899,31.1899,31.0899,31.1899,200
20201216,31.26,31.26,31.26,31.26,440
20201217,31.3702,31.3702,31.37,31.3701,684
20201230,31.53,31.53,31.53,31.53,100
20201231,31.68,31.68,31.68,31.68,400
20210113,32.7796,32.7796,32.7796,32.7796,652
20210115,32.68,32.68,32.68,32.68,200
20210204,32.8312,32.8312,32.8312,32.8312,143
20210208,33.52,33.66,33.52,33.66,18590
20210209,33.52,33.76,33.52,33.76,1020
20210211,33.9595,33.9595,33.9595,33.9595,300
20210225,34.1,34.1,34.1,34.1,1000
20210301,34.12,34.12,34.12,34.12,940
20210303,33.4,33.4,33.4,33.4,996
20210305,33.49,33.507,33.49,33.507,480
20210316,35.29,35.29,35.29,35.29,200
20210324,34.4199,34.4199,34.4199,34.4199,347
20210325,34.1,34.1,34.0723,34.0723,621
20210329,34.72,34.72,34.6981,34.6981,550
20210401,35.1494,35.27,35.1494,35.27,334
20210407,35.46,35.4887,35.46,35.4887,480
20210409,35.6,35.6,35.6,35.6,1700
20210412,35.75,35.78,35.75,35.78,1000
20210413,35.75,35.75,35.7008,35.7008,6120
20210414,35.87,35.99,35.7822,35.84,2225
20210415,36.0697,36.0697,36.0697,36.0697,250
20210416,36.35,36.35,36.35,36.35,106
20210419,36.2,36.2,36.2,36.2,300
20210420,35.73,35.73,35.73,35.73,10100
20210429,37.03,37.03,37.029,37.029,1000
20210430,36.7,36.7,36.58,36.58,500
20210503,36.82,36.82,36.82,36.82,1500
20210507,37.31,37.31,37.31,37.31,100
20210512,36.28,36.28,36.28,36.28,100
20210518,36.97,36.97,36.9,36.9,560
20210520,36.65,36.7,36.65,36.7,2980
20210526,36.91,36.98,36.91,36.98,403
20210527,37.21,37.21,37.203,37.203,63398
20210528,37.105,37.105,37.105,37.105,306
20210602,37.2764,37.2764,37.2678,37.2678,24000
20210603,37.21,37.21,37.21,37.21,283
20210604,37.43,37.43,37.4,37.4,300
20210608,37.27,37.42,37.27,37.42,1161
20210610,37.02,37.02,37.0112,37.0112,570
20210611,37.04,37.06,37.0399,37.06,2042
20210615,36.84,36.84,36.8295,36.8295,800
20210617,36.28,36.28,35.7,35.7,222
20210618,35.4,35.4,35.4,35.4,100
20210622,36.21,36.21,36.2099,36.2099,2486
20210623,36.22,36.22,36.22,36.22,276
20210624,36.38,36.38,36.38,36.38,200
20210628,36.4607,36.4607,36.4607,36.4607,243
20210701,37.037,37.037,37.037,37.037,212
20210702,37,37.07,36.9999,37.0599,2451
20210712,37.0306,37.0306,37.0306,37.0306,276
20210713,36.79,36.79,36.7766,36.7766,200
20210715,36.4701,36.4701,36.4701,36.4701,204
20210716,36.08,36.08,36,36,278
20210720,36.17,36.17,36.11,36.17,1028
20210726,36.87,36.87,36.87,36.87,110
20210730,37.53,37.53,37.48,37.51,300
20210803,37.44,37.44,37.44,37.44,100
20210806,37.92,37.92,37.92,37.92,235
20210809,37.95,37.97,37.95,37.97,221
20210816,38.37,38.37,38.363,38.363,488
20210817,37.85,37.85,37.83,37.83,300
20210820,37.72,37.72,37.72,37.72,100
20210826,38.3378,38.3378,38.3378,38.3378,127
20210830,38.8506,38.96,38.8506,38.96,920
20210831,38.74,38.74,38.67,38.67,1494
20210901,38.53,38.63,38.53,38.62,336
20210902,38.8901,38.8901,38.7947,38.7947,697
20210903,38.77,38.77,38.77,38.77,127
20210908,38,38.05,37.9765,38.03,720
20210909,38.05,38.2499,38.0116,38.0116,419
20210913,37.91,38.02,37.91,38.02,700
20210914,37.88,37.93,37.708,37.708,947
20210915,38.09,38.09,38.09,38.09,200
20210917,37.67,37.67,37.67,37.67,141
20210920,36.93,36.93,36.93,36.93,130
20210923,37.905,37.905,37.88,37.905,526
20210929,37.349,37.36,37.349,37.36,2053
20210930,36.8,36.91,36.8,36.8,1200
20211001,36.35,36.75,36.35,36.75,2716
20211006,36.6,36.6,36.6,36.6,100
20211013,37.05,37.05,37.05,37.05,300
20211019,38.18,38.18,38.1799,38.1799,200
20211021,38.699,38.699,38.699,38.699,100
20211022,38.8985,38.8985,38.8985,38.8985,1083
20211025,38.8,38.8,38.8,38.8,1174
20211026,38.9081,38.9081,38.9081,38.9081,112
20211102,39.5181,39.5181,39.5181,39.5181,304
20211104,39.8599,39.88,39.8599,39.88,225
20211108,40.03,40.03,40.03,40.03,126
20211112,40.2551,40.2551,40.2551,40.2551,247
20211115,40.4,40.4,40.4,40.4,120
20211116,40.33,40.3475,40.33,40.3475,308
20211122,40.2501,40.2501,40.2501,40.2501,834
20211123,40.18,40.18,40.02,40.02,1100
20211126,38.94,39.07,38.94,39.07,270
20211129,39.13,39.13,39.13,39.13,500
20211130,38.6,38.6,38.6,38.6,292
20211201,38.24,38.24,38.24,38.24,100
20211202,38.9,39.07,38.9,39.0101,1529
20211203,39.22,39.22,38.61,38.61,2780
20211206,39.13,39.13,39.13,39.13,129
20211208,40.16,40.16,40.1201,40.1201,228
20211209,39.97,39.97,39.86,39.86,255
20211213,39.5823,39.5823,39.5823,39.5823,288
20211215,39.19,39.74,39.1899,39.74,11325
20211216,39.84,39.84,39.61,39.61,200
20211220,38.3624,38.3624,38.3624,38.3624,155
20211221,39.31,39.43,39.31,39.4299,400
20211223,40.1406,40.18,40.1406,40.18,227
20211227,40.39,40.76,40.39,40.76,3232
20211228,40.87,40.95,40.87,40.95,2321
20211229,41.04,41.2,41.04,41.2,1400
20211230,41.05,41.107,40.9,40.9,728
20211231,40.88,40.98,40.8712,40.95,1413
20220103,41.01,41.03,40.98,41.03,319
20220104,41.3197,41.34,41.3197,41.34,400
20220105,41.49,41.49,41.49,41.49,100
20220106,40.56,40.73,40.56,40.7195,857
20220107,40.43,40.43,40.3101,40.34,1045
20220110,39.68,39.93,39.65,39.9297,3649
20220111,40.46,40.48,40.46,40.48,2034
20220112,40.41,40.63,40.41,40.63,1300
20220113,40.665,40.71,40.41,40.41,1258
20220114,39.96,40.18,39.96,40.18,10608
20220118,39.67,39.67,39.6141,39.6141,907
20220119,39.23,39.24,39.19,39.19,451
20220120,39.35,39.35,39.14,39.14,661
20220121,37.7883,37.7883,37.7883,37.7883,175
20220124,37.05,37.32,36.47,37.32,2402
20220125,37.2903,37.2903,37.2903,37.2903,153
20220126,38.05,38.05,38.05,38.05,100
20220127,36.98,37.31,36.98,37.31,1278
20220128,37.15,37.15,37.15,37.15,100
20220131,37.99,37.99,37.99,37.99,100
20220201,38.6099,38.6099,38.6099,38.6099,100
20220202,38.99,38.99,38.99,38.99,200
20220203,38.86,38.86,38.86,38.86,100
20220204,38.07,38.51,38.07,38.47,10101
20220207,38.41,38.51,38.41,38.42,527
20220208,38.81,38.81,38.81,38.81,100
20220210,39.77,39.7971,38.7899,38.7899,358
20220211,39.0708,39.0708,38.4202,38.4202,243
20220214,38.24,38.24,38.24,38.24,100
20220216,38.81,38.81,38.81,38.81,100
20220218,38.24,38.24,38.16,38.16,300
