Date,Open,High,Low,Close,Volume
20150930,19.707,19.905,19.707,19.889,634
20151001,20.02,20.02,19.992,19.992,1013
20151002,20.01,20.01,20.01,20.01,380
20151006,20.51,20.57,20.51,20.57,1456
20151007,20.71,20.88,20.68,20.81,2710
20151008,20.78,20.79,20.78,20.79,570
20151009,20.88,21.03,20.88,20.88,3388
20151012,20.91,20.91,20.91,20.91,950
20151013,20.82,20.82,20.76,20.76,634
20151014,20.76,20.76,20.74,20.74,291
20151015,20.73,20.73,20.73,20.73,444
20151016,20.83,20.83,20.83,20.83,190
20151019,20.83,20.84,20.83,20.84,1267
20151020,20.89,20.89,20.83,20.83,1201
20151023,20.96,20.96,20.96,20.96,506
20151026,20.95,20.95,20.86,20.86,760
20151027,20.72,20.72,20.72,20.72,820
20151029,20.67,20.67,20.67,20.67,253
20151102,20.54,20.76,20.54,20.76,1435
20151104,20.77,20.77,20.77,20.77,4747
20151105,20.76,20.76,20.73,20.75,6535
20151106,20.57,20.58,20.57,20.58,886
20151109,20.47,20.47,20.47,20.47,13926
20151110,20.47,20.48,20.47,20.48,11038
20151111,20.58,20.58,20.55,20.55,1119
20151112,20.37,20.44,20.37,20.44,429
20151113,20.35,20.35,20.33,20.33,2421
20151117,20.45,20.45,20.45,20.45,677
20151119,20.53,20.56,20.53,20.56,252
20151120,20.67,20.67,20.63,20.63,1513
20151123,20.64,20.64,20.64,20.64,252
20151125,21.06,21.06,20.62,20.62,1387
20151130,20.71,20.71,20.69,20.71,2389
20151207,20.27,20.27,20.27,20.27,158
20151208,20.18,20.18,20.18,20.18,126
20151209,20,20.01,20,20.01,883
20151211,19.923,19.923,19.776,19.776,1384
20151215,19.45,19.76,19.45,19.76,7232
20151217,20.05,20.06,20.05,20.06,629
20151221,20.08,20.12,20.08,20.12,1100
20151228,20.38,20.38,20.23,20.26,2125
20160104,20.16,20.16,20.02,20.16,3527
20160105,20.16,20.16,20.16,20.16,126
20160106,20.2,20.31,20.2,20.25,950
20160107,20.06,20.06,19.967,19.967,1795
20160111,19.57,19.794,19.57,19.794,13079
20160113,19.842,19.842,19.465,19.465,558
20160115,19.052,19.052,18.907,18.907,868
20160119,18.907,18.907,18.835,18.835,604
20160121,18.681,18.681,18.681,18.681,124
20160127,19.159,19.159,19.141,19.141,248
20160128,19.721,19.721,19.35,19.35,1860
20160202,19.326,19.344,19.326,19.344,1240
20160204,19.512,19.512,19.504,19.504,6202
20160216,19.158,19.158,19.158,19.158,248
20160217,19.444,19.444,19.444,19.444,1363
20160219,19.428,19.428,19.42,19.42,5080
20160225,19.799,19.799,19.799,19.799,124
20160307,20.39,20.73,20.39,20.73,496
20160309,20.57,20.57,20.49,20.49,1359
20160310,20.49,20.49,20.49,20.49,189
20160323,20.95,20.95,20.95,20.95,936
20160324,20.73,20.75,20.73,20.75,941
20160328,20.92,20.97,20.92,20.97,370
20160330,21.21,21.21,21.21,21.21,550
20160405,21.02,21.02,21.02,21.02,1235
20160412,21.36,21.36,21.36,21.36,1223
20160413,21.43,21.52,21.43,21.49,489
20160421,21.64,21.64,21.64,21.64,2446
20160422,21.66,21.66,21.66,21.66,122
20160428,21.8,21.81,21.8,21.81,1117
20160502,21.7,21.7,21.7,21.7,122
20160505,21.57,21.57,21.57,21.57,798
20160510,21.71,21.71,21.7,21.7,2439
20160516,21.82,21.82,21.82,21.82,122
20160517,21.81,21.81,21.68,21.68,595
20160523,21.42,21.42,21.42,21.42,1829
20160526,21.71,21.71,21.71,21.71,244
20160603,21.64,21.96,21.64,21.96,2307
20160606,21.9,21.98,21.9,21.98,1586
20160608,22.14,22.21,22.14,22.21,271
20160616,21.81,21.81,21.8,21.8,2439
20160621,22.18,22.18,22.18,22.18,243
20160623,22.33,22.33,22.33,22.33,817
20160624,21.85,21.89,21.85,21.89,1580
20160628,21.98,22.33,21.98,22.33,2566
20160706,22.41,22.41,22.34,22.35,2537
20160714,22.84,22.84,22.84,22.84,602
20160719,22.91,22.98,22.91,22.93,4816
20160720,23.01,23.01,23,23,1927
20160726,23.13,23.13,23.13,23.13,361
20160727,23.16,23.17,23.09,23.15,1080
20160801,23.15,23.15,23.15,23.15,1204
20160803,23.02,23.02,23.02,23.02,361
20160804,23.02,23.02,23.02,23.02,226
20160808,23.25,23.43,23.25,23.4,1806
20160812,23.47,23.47,23.47,23.47,360
20160816,23.47,23.47,23.46,23.47,878
20160822,23.4,23.4,23.4,23.4,208
20160824,23.47,23.47,23.47,23.47,120
20160826,23.5,23.5,23.5,23.5,1200
20160901,23.4,23.4,23.4,23.4,240
20160912,23.23,23.23,23.06,23.06,240
20160913,22.88,22.88,22.88,22.88,239
20160914,22.89,22.92,22.89,22.92,255
20160916,22.9,22.9,22.9,22.9,1196
20160921,23.2,23.2,23.2,23.2,2153
20161004,23.22,23.22,23.22,23.22,431
20161011,23.03,23.03,23.03,23.03,385
20161012,22.96,23.1,22.96,23.1,1659
20161017,23.04,23.04,23.01,23.01,1185
20161019,23.25,23.25,23.23,23.23,495
20161020,23.17,23.23,23.17,23.23,236
20161021,23.17,23.17,23.17,23.17,711
20161025,23.36,23.36,23.36,23.36,258
20161101,22.9,22.9,22.83,22.83,236
20161103,22.66,22.66,22.66,22.66,889
20161104,22.65,22.65,22.64,22.64,503
20161111,22.64,22.66,22.64,22.65,354
20161114,22.55,22.55,22.55,22.55,591
20161117,22.79,22.79,22.79,22.79,1181
20161121,22.85,22.85,22.85,22.85,2067
20161201,22.93,22.94,22.93,22.94,2358
20161202,22.8,22.87,22.8,22.86,1063
20161207,23.12,23.22,23.12,23.22,526
20161209,23.53,23.54,23.53,23.54,2356
20161212,23.36,23.51,23.36,23.48,617
20161216,23.26,23.28,23.26,23.28,973
20161219,23.85,23.85,23.85,23.85,118
20161220,23.44,23.44,23.44,23.44,118
20161222,23.39,23.39,23.39,23.39,177
20161228,23.42,23.42,23.42,23.42,118
20161230,23.6,23.6,23.6,23.6,589
20170103,23.69,23.69,23.69,23.69,471
20170105,24,24.02,24,24.02,624
20170106,23.91,24.04,23.91,24.01,2809
20170109,23.97,23.97,23.93,23.93,2356
20170110,23.95,23.97,23.91,23.91,4399
20170111,23.86,23.86,23.86,23.86,2330
20170112,24.02,24.02,24.02,24.02,117
20170113,24.05,24.08,24,24.08,1818
20170117,24.05,24.11,24.04,24.08,3703
20170118,24.11,24.11,24.07,24.07,1975
20170123,24.03,24.03,23.98,23.98,632
20170124,24.06,24.06,24.02,24.05,1282
20170125,24.14,24.19,24.14,24.19,1137
20170126,24.14,24.14,24.14,24.14,264
20170130,23.88,23.88,23.88,23.88,117
20170131,23.93,24.03,23.93,24.03,2435
20170201,24.03,24.03,23.99,24,1981
20170202,24.12,24.14,24.08,24.08,964
20170203,24.2,24.2,24.2,24.2,350
20170206,24.28,24.28,24.27,24.27,775
20170207,24.3,24.3,24.23,24.23,1716
20170208,24.46,24.46,24.25,24.3,904
20170209,24.37,24.37,24.37,24.37,233
20170210,24.37,24.37,24.37,24.37,116
20170213,24.52,24.52,24.52,24.52,116
20170215,24.57,24.57,24.57,24.57,399
20170216,24.63,24.64,24.6,24.6,2886
20170221,24.55,24.74,24.55,24.74,2461
20170223,24.82,24.82,24.82,24.82,567
20170224,24.7,24.72,24.7,24.71,1870
20170227,25.42,25.42,24.84,24.86,548
20170303,24.58,24.63,24.58,24.63,1550
20170307,24.66,24.66,24.66,24.66,204
20170308,24.42,24.42,24.42,24.42,248
20170313,24.4,24.4,24.4,24.4,745
20170314,24.28,24.28,24.28,24.28,669
20170315,24.36,24.36,24.36,24.36,116
20170316,24.59,24.64,24.59,24.6,10778
20170317,24.69,24.71,24.65,24.71,1218
20170320,25.18,25.18,24.7,24.7,1420
20170321,24.54,24.54,24.51,24.53,10124
20170323,24.67,24.67,24.66,24.66,1965
20170324,24.75,24.75,24.66,24.66,500
20170327,24.53,24.53,24.53,24.53,830
20170328,24.61,24.73,24.61,24.73,1373
20170330,24.85,24.85,24.85,24.85,233
20170403,24.92,24.92,24.92,24.92,714
20170404,25.49,25.49,24.93,24.99,1524
20170405,25.13,25.13,24.91,24.91,1398
20170406,24.98,24.98,24.98,24.98,233
20170407,25.05,25.05,25,25,1211
20170410,25.01,25.01,24.96,24.96,763
20170411,24.98,25.04,24.98,25.04,230
20170413,25.02,25.02,25.02,25.02,429
20170417,25.08,25.08,25.08,25.08,115
20170419,25.06,25.06,24.99,24.99,1153
20170421,25.11,25.12,25.1,25.11,460
20170424,25.32,25.32,25.21,25.21,288
20170427,25.27,25.27,25.27,25.27,873
20170428,25.22,25.22,25.16,25.16,415
20170501,25.19,25.19,25.17,25.17,398
20170503,25.12,25.12,25.12,25.12,404
20170505,24.8,24.9,24.77,24.9,1449
20170508,24.87,24.87,24.83,24.83,345
20170510,24.64,24.64,24.64,24.64,115
20170523,24.88,24.88,24.88,24.88,173
20170530,24.94,24.94,24.94,24.94,115
20170605,25.04,25.12,25.04,25.04,7263
20170606,24.92,24.92,24.92,24.92,5061
20170607,24.99,24.99,24.99,24.99,230
20170612,25.16,25.16,25.16,25.16,344
20170613,25.15,25.18,25.15,25.18,2066
20170616,25.17,25.18,25.15,25.18,4673
20170619,25.29,25.29,25.29,25.29,119
20170620,25.14,25.14,25.14,25.14,230
20170621,25.14,25.14,25.14,25.14,318
20170622,25.18,25.18,25.18,25.18,983
20170629,25.09,25.09,25.09,25.09,115
20170705,25.26,25.26,25.26,25.26,574
20170706,25.04,25.04,25.04,25.04,172
20170707,25.1,25.1,25.06,25.06,1093
20170710,25.29,25.29,25.29,25.29,228
20170713,25.28,25.28,25.17,25.17,2180
20170717,24.99,25.39,24.99,25.39,1137
20170721,25.4,25.4,25.4,25.4,193
20170724,25.34,25.39,25.34,25.39,795
20170725,25.43,25.43,25.43,25.43,568
20170810,25.2,25.27,25.2,25.27,680
20170811,25.03,25.14,25.03,25.14,1247
20170815,25.24,25.24,25.24,25.24,1134
20170817,25.19,25.24,25.19,25.24,453
20170818,25.05,25.05,25.04,25.04,859
20170828,25.3,25.3,25.3,25.3,453
20170829,25.24,25.25,25.19,25.19,3230
20170831,25.35,25.35,25.35,25.35,227
20170906,25.39,25.39,25.39,25.39,232
20170911,25.94,25.94,25.45,25.48,2813
20170912,25.51,25.51,25.51,25.51,227
20170913,26.08,26.08,25.41,25.41,578
20170915,25.43,25.43,25.43,25.43,283
20170919,25.15,25.58,25.15,25.43,4454
20170921,25.45,25.51,25.4,25.4,855
20170922,25.44,25.44,25.44,25.44,333
20170925,25.33,25.33,25.33,25.33,226
20170926,25.4,25.5,25.4,25.5,1420
20170929,25.56,25.56,25.56,25.56,2261
20171006,25.59,25.63,25.59,25.63,565
20171009,25.69,25.69,25.69,25.69,113
20171010,25.62,25.62,25.62,25.62,113
20171011,25.76,25.76,25.76,25.76,283
20171013,25.76,25.76,25.76,25.76,949
20171016,25.68,25.68,25.68,25.68,224
20171020,25.64,25.66,25.64,25.66,1019
20171025,25.25,25.25,25.25,25.25,206
20171026,25.27,25.33,25.27,25.33,1567
20171103,25.05,25.07,25.05,25.07,5600
20171107,24.57,25.17,24.57,25.17,540
20171108,25.29,25.29,25.29,25.29,172
20171110,25.07,25.07,25.07,25.07,1117
20171117,25.25,25.3,25.25,25.3,2904
20171129,25.41,25.41,25.41,25.41,391
20171130,25.4,25.4,25.4,25.4,335
20171201,25.3,25.3,25.3,25.3,223
20171205,25.54,25.54,25.5,25.5,1224
20171212,25.49,25.49,25.49,25.49,111
20171226,25.67,25.67,25.63,25.63,223
20171229,25.13,25.13,25.13,25.13,187
20180105,25.58,25.58,25.58,25.58,156
20180108,25.7,25.7,25.7,25.7,446
20180116,25.82,25.82,25.64,25.64,330
20180123,25.76,25.76,25.76,25.76,622
20180124,25.87,25.87,25.87,25.87,771
20180125,25.81,25.81,25.74,25.74,992
20180126,25.81,25.81,25.74,25.74,2423
20180130,25.34,25.34,25.34,25.34,284
20180201,25.51,25.51,25.51,25.51,110
20180205,24.54,24.54,24.54,24.54,110
20180207,24.8,24.8,24.79,24.79,1257
20180220,25.69,25.69,24.87,24.87,533
20180227,24.74,24.74,24.74,24.74,110
20180302,24.59,24.59,24.59,24.59,250
20180306,25.01,25.01,25.01,25.01,220
20180309,25.02,25.02,25.02,25.02,330
20180322,25.03,25.06,25.03,25.06,467
20180327,24.87,24.87,24.87,24.87,1209
20180405,25.12,25.13,25.11,25.12,2753
20180413,25.06,25.07,25.06,25.07,218
20180417,24.81,24.81,24.81,24.81,158
20180612,25.92,25.93,25.92,25.93,3030
20180622,26.2,26.2,26.2,26.2,135
20180709,26.2,26.2,26.15,26.15,324
20180718,26.13,26.13,26.13,26.13,1072
20180801,26.28,26.28,26.27,26.27,294
20180807,26.27,26.27,26.27,26.27,429
20180810,26.26,26.26,26.26,26.26,107
20180828,26.48,26.48,26.48,26.48,568
20180904,26.33,26.33,26.33,26.33,137
20180912,26.15,26.15,26.15,26.15,214
20180919,26.2,26.2,26.2,26.2,107
20180926,26.2,26.26,26.2,26.26,533
20181009,26.03,26.03,26.03,26.03,263
20181011,25.4,25.4,25.35,25.35,211
20181018,25.63,25.63,25.63,25.63,317
20181025,25.4,25.4,25.4,25.4,380
20181029,25.28,25.28,25.28,25.28,380
20181030,25.27,25.27,25.27,25.27,1056
20181102,25.43,25.43,25.43,25.43,317
20181108,25.9,25.9,25.9,25.9,106
20181112,25.69,25.69,25.69,25.69,106
20181128,25.34,25.34,25.34,25.34,105
20181210,25.06,25.06,25.06,25.06,33
20181211,25.14,25.14,25.14,25.14,33
20181212,25.09,25.09,25.09,25.09,33
20181213,25.03,25.03,25.03,25.03,33
20181214,25.02,25.04,25.02,25.04,660
20181217,24.54,24.54,24.54,24.54,30
20181218,24.58,24.58,24.58,24.58,30
20181219,24.37,24.37,24.37,24.37,30
20181220,24.02,24.02,24.02,24.02,30
20181221,23.86,23.86,23.86,23.86,30
20181224,23.61,23.61,23.61,23.61,30
20181226,23.68,23.68,23.68,23.68,135
20181227,24.15,24.15,24.15,24.15,30
20181228,24.3,24.3,24.3,24.3,30
20181231,24.25,24.25,24.25,24.25,30
20190102,24.35,24.35,24.35,24.35,30
20190103,24.4,24.4,24.4,24.4,30
20190104,24.78,24.78,24.78,24.78,30
20190107,25.03,25.03,25.03,25.03,135
20190108,25.22,25.22,25.22,25.22,30
20190109,25.31,25.31,25.31,25.31,30
20190110,25.35,25.35,25.35,25.35,30
20190111,25.71,25.71,25.71,25.71,135
20190114,25.01,25.01,25.01,25.01,30
20190115,25.06,25.06,25.06,25.06,30
20190116,25.67,25.67,25.67,25.67,30
20190117,25.59,25.59,25.59,25.59,335
20190118,25.68,25.68,25.68,25.68,30
20190122,25.5,25.5,25.5,25.5,30
20190123,25.58,25.58,25.58,25.58,30
20190124,25.7,25.7,25.7,25.7,30
20190125,25.84,25.84,25.84,25.84,30
20190128,25.79,25.79,25.79,25.79,30
20190129,25.84,25.84,25.84,25.84,30
20190130,26.05,26.05,26.05,26.05,30
20190131,26.2,26.26,26.04,26.07,2047
20190201,26.17,26.17,26.17,26.17,30
20190204,26.23,26.23,26.23,26.23,30
20190205,26.25,26.25,26.25,26.25,237
20190206,26.28,26.28,26.28,26.28,30
20190207,26.15,26.15,26.15,26.15,30
20190208,26.09,26.09,26.09,26.09,30
20190211,26.13,26.13,26.13,26.13,30
20190212,26.24,26.24,26.24,26.24,30
20190213,26.22,26.22,26.22,26.22,30
20190214,26.21,26.21,26.21,26.21,30
20190215,26.28,26.28,26.28,26.28,30
20190219,26.33,26.33,26.33,26.33,30
20190220,26.35,26.35,26.35,26.35,30
20190221,26.34,26.34,26.34,26.34,30
20190222,26.48,26.48,26.48,26.48,30
20190225,26.45,26.45,26.45,26.45,211
20190226,26.46,26.46,26.46,26.46,30
20190227,26.37,26.37,26.37,26.37,30
20190228,26.35,26.35,26.35,26.35,30
20190301,26.22,26.22,26.22,26.22,30
20190304,26.25,26.25,26.25,26.25,30
20190305,26.25,26.25,26.25,26.25,237
20190306,26.14,26.14,26.14,26.14,30
20190307,26.02,26.02,26.02,26.02,30
20190311,26.23,26.23,26.23,26.23,30
20190312,26.16,26.16,26.16,26.16,30
20190313,26.35,26.35,26.35,26.35,30
20190314,26.36,26.36,26.36,26.36,30
20190315,26.37,26.37,26.37,26.37,30
20190318,26.45,26.45,26.45,26.45,30
20190319,26.4,26.4,26.4,26.4,30
20190320,26.42,26.42,26.42,26.42,30
20190321,26.51,26.51,26.51,26.51,30
20190322,26.28,26.28,26.28,26.28,30
20190325,26.28,26.28,26.28,26.28,30
20190326,26.4,26.4,26.4,26.4,30
20190327,26.37,26.37,26.37,26.37,30
20190328,26.46,26.46,26.46,26.46,30
20190329,26.47,26.47,26.47,26.47,30
20190401,26.6,26.6,26.6,26.6,30
20190402,26.65,26.65,26.65,26.65,30
20190403,26.66,26.66,26.66,26.66,30
20190404,26.72,26.72,26.72,26.72,30
20190405,26.8,26.8,26.8,26.8,30
20190408,26.78,26.78,26.78,26.78,30
20190409,26.67,26.67,26.67,26.67,30
20190410,26.53,26.53,26.53,26.53,1062
20190411,26.75,26.83,26.75,26.83,1053
20190412,26.87,26.87,26.8,26.8,849
20190415,26.77,26.77,26.77,26.77,30
20190416,26.79,26.79,26.79,26.79,30
20190417,26.88,26.88,26.88,26.88,169
20190418,26.76,26.76,26.76,26.76,30
20190422,26.75,26.75,26.75,26.75,30
20190423,26.7,26.7,26.7,26.7,2895
20190424,26.89,26.89,26.89,26.89,30
20190425,26.82,26.82,26.82,26.82,30
20190426,26.84,26.84,26.84,26.84,30
20190429,26.85,26.85,26.85,26.85,132
20190430,26.87,26.87,26.87,26.87,132
20190501,26.86,26.86,26.86,26.86,30
20190502,26.75,26.75,26.75,26.75,30
20190503,26.86,26.86,26.86,26.86,685
20190506,26.93,26.93,26.93,26.93,30
20190507,26.72,26.72,26.72,26.72,30
20190508,26.73,26.73,26.73,26.73,30
20190509,26.64,26.64,26.64,26.64,30
20190510,26.65,26.65,26.65,26.65,30
20190513,26.34,26.34,26.34,26.34,132
20190514,26.54,26.54,26.54,26.54,30
20190515,26.59,26.59,26.59,26.59,30
20190516,26.76,26.76,26.76,26.76,30
20190517,26.65,26.65,26.65,26.65,30
20190520,26.55,26.55,26.55,26.55,30
20190521,26.65,26.65,26.65,26.65,30
20190522,26.64,26.64,26.62,26.62,1049
20190523,26.47,26.5,26.47,26.5,1049
20190524,26.48,26.51,26.35,26.35,4106
20190528,26.28,26.28,26.28,26.28,30
20190529,26.14,26.14,26.14,26.14,30
20190530,26.12,26.12,26.12,26.12,30
20190531,25.92,25.92,25.92,25.92,30
20190603,25.87,25.88,25.87,25.88,1049
20190604,26.17,26.17,26.17,26.17,3087
20190605,26.33,26.33,26.33,26.33,30
20190606,26.33,26.34,26.32,26.32,1253
20190607,26.47,26.47,26.47,26.47,30
20190610,26.53,26.53,26.53,26.53,30
20190611,26.55,26.55,26.55,26.55,30
20190612,26.44,26.44,26.44,26.44,30
20190613,26.53,26.53,26.53,26.53,30
20190614,26.45,26.45,26.45,26.45,1049
20190617,26.49,26.49,26.49,26.49,30
20190618,26.69,26.69,26.69,26.69,30
20190619,26.76,26.76,26.76,26.76,2068
20190620,26.65,26.65,26.65,26.65,214
20190621,26.92,26.92,26.92,26.92,30
20190624,26.9,26.9,26.9,26.9,30
20190625,26.75,26.75,26.75,26.75,132
20190626,26.73,26.73,26.73,26.73,30
20190627,26.81,26.81,26.81,26.81,132
20190628,26.99,26.99,26.99,26.99,30
20190701,27.01,27.01,27.01,27.01,30
20190702,27.05,27.05,27.05,27.05,30
20190703,27.18,27.18,27.18,27.18,30
20190705,27.11,27.11,27.07,27.07,1627
20190708,27.12,27.12,27.12,27.12,30
20190709,27.11,27.11,27.11,27.11,30
20190710,27.2,27.2,27.2,27.2,30
20190711,27.04,27.04,26.84,26.84,1046
20190712,26.9,26.99,26.9,26.99,1046
20190715,27.01,27.01,27.01,27.01,1046
20190716,26.91,26.91,26.91,26.91,30
20190717,27.08,27.08,27.08,27.08,30
20190718,27.4,27.4,27.4,27.4,1439
20190719,27.09,27.09,27.09,27.09,30
20190722,27.05,27.05,27.05,27.05,30
20190723,27.25,27.25,27.25,27.25,30
20190724,27.29,27.29,27.29,27.29,30
20190725,27.2,27.2,27.2,27.2,30
20190726,27.31,27.31,27.31,27.31,30
20190729,27.26,27.26,27.26,27.26,30
20190730,26.98,27.25,26.98,27.25,6556
20190731,27.26,27.32,27.12,27.32,2243
20190801,27.01,27.01,27.01,27.01,30
20190802,27.02,27.02,27.02,27.02,30
20190805,26.54,26.54,26.54,26.54,30
20190806,26.73,26.73,26.73,26.73,30
20190807,26.52,26.62,26.52,26.62,938
20190808,27.05,27.05,27.05,27.05,30
20190809,26.93,26.93,26.93,26.93,1036
20190812,26.91,26.91,26.91,26.91,1036
20190813,26.74,26.83,26.74,26.83,1033
20190814,26.63,26.68,26.36,26.36,1283
20190815,26.41,26.5,26.24,26.24,10177
20190816,26.57,26.57,26.57,26.57,30
20190819,26.8,26.8,26.8,26.8,30
20190820,26.75,26.75,26.75,26.75,1033
20190821,26.86,26.86,26.86,26.86,873
20190822,26.88,26.88,26.82,26.86,1033
20190823,26.89,26.89,26.75,26.77,1033
20190826,26.5,26.5,26.5,26.5,632
20190827,26.4,26.4,26.4,26.4,30
20190828,26.31,26.31,26.31,26.31,2036
20190829,26.56,26.56,26.56,26.56,156
20190830,26.6,26.6,26.6,26.6,30
20190903,26.47,26.47,26.47,26.47,331
20190904,26.72,26.72,26.72,26.72,30
20190905,26.91,26.91,26.91,26.91,30
20190906,26.95,26.95,26.95,26.95,331
20190909,27.1,27.1,27.1,27.1,2337
20190910,27.27,27.27,27.27,27.27,30
20190911,27.43,27.43,27.43,27.43,30
20190912,27.386,27.386,27.386,27.386,30
20190913,27.43,27.43,27.43,27.43,138
20190916,27.3856,27.3856,27.3856,27.3856,30
20190917,27.3751,27.3751,27.3751,27.3751,30
20190918,27.4435,27.4435,27.4435,27.4435,30
20190919,27.5018,27.5018,27.5018,27.5018,30
20190920,27.5785,27.5785,27.5785,27.5785,30
20190927,27.68,27.68,27.6,27.63,2300
20191002,27.48,27.48,26.965,26.965,1900
20191003,27.02,27.02,27,27.02,3800
20191007,27.2765,27.2765,27.2765,27.2765,183
20191011,27.31,27.35,27.31,27.35,1583
20191014,27.29,27.29,27.22,27.22,1000
20191024,27.68,27.68,27.68,27.68,300
20191028,27.52,27.55,27.45,27.55,3500
20191029,27.5,27.5,27.5,27.5,1000
20191030,27.5,27.5,27.5,27.5,1000
20191031,27.5,27.58,27.5,27.57,5100
20191101,27.5,27.7304,27.5,27.7304,1000
20191104,27.59,27.59,27.59,27.59,1000
20191105,27.67,27.67,27.67,27.67,1000
20191106,27.65,27.65,27.64,27.64,1100
20191107,27.7,27.87,27.7,27.87,4000
20191108,27.62,27.62,27.62,27.62,1000
20191111,27.67,27.67,27.61,27.61,1000
20191112,27.58,27.58,27.58,27.58,1000
20191115,27.62,27.62,27.62,27.62,3000
20191118,28.05,28.05,27.535,27.535,2100
20191120,27.3764,27.3764,27.3764,27.3764,110
20191121,27.3,27.3,27.3,27.3,300
20191122,27.38,27.38,27.38,27.38,1000
20191129,27.8487,27.8487,27.6208,27.6876,500
20191203,27.38,27.39,27.38,27.39,1500
20191205,27.4907,27.52,27.46,27.52,2012
20191210,27.9762,27.9762,27.9762,27.9762,178
20191212,28.0005,28.0005,28.0005,28.0005,100
20191216,27.82,27.82,27.805,27.81,1100
20191218,27.99,28.27,27.99,28.21,5900
20191219,27.95,27.95,27.95,27.95,1000
20191220,28.01,28.01,28.01,28.01,1000
20191230,27.78,28.45,27.78,28.45,6575
20191231,28.4022,28.4022,28.4022,28.4022,350
20200106,28.3809,28.3809,28.3809,28.3809,177
20200107,28.3045,28.3045,28.3045,28.3045,350
20200110,28.4673,28.5,28.428,28.4786,1405
20200113,28.1341,28.2,28.1341,28.2,275
20200117,28.5085,28.5085,28.5085,28.5085,180
20200130,27.9562,27.9562,27.9562,27.9562,390
20200207,28.14,28.14,28.07,28.07,3400
20200213,28.5161,28.5161,28.5161,28.5161,1000
20200214,28.653,28.653,28.653,28.653,100
20200220,28.665,28.665,28.665,28.665,500
20200225,27.6158,27.6158,27.6158,27.6158,100
20200306,26.0288,26.0288,26.0288,26.0288,100
20200309,25.95,25.95,25.95,25.95,100
20200312,24.88,24.88,24.88,24.88,100
20200319,26.67,26.93,25.88,26.93,888
20200320,19.81,19.81,19.81,19.81,200
20200323,13.75,16.33,13.75,16.33,1400
20200326,15.18,16.1,15.18,16.1,637
20200402,16.92,16.92,16.92,16.92,135
20200408,15.565,15.565,15.51,15.51,200
20200413,14.75,14.75,14.75,14.75,100
20200526,13.23,20.14,11.69,20.14,1681
20200527,22.15,23.23,22.01,22.01,527
20200528,24.21,24.21,22,22.65,886
20200605,20.5,20.5,20.5,20.5,200
20200608,19.2,21,19.2,20.75,2570
20200611,22.01,22.25,22.01,22.2,4150
