Date,Open,High,Low,Close,Volume
20201231,25.3,25.3,25.18,25.2538,11495
20210104,25.67,25.67,24.895,24.9375,10402
20210105,25.11,25.35,25.11,25.2904,36778
20210106,25.33,25.37,25.02,25.0546,12097
20210107,25.3,25.47,25.24,25.47,11275
20210108,25.825,26.124,25.825,26.124,15807
20210111,26.02,26.02,25.62,25.82,13272
20210112,25.9099,26.14,25.9099,26.1222,2588
20210113,26.24,26.24,26,26.1306,5080
20210114,26.47,26.775,26.47,26.6992,2888
20210115,26.75,26.83,26.4,26.5,2476
20210119,26.97,27.356,26.1636,27.26,4927
20210120,27.69,27.906,27.69,27.906,12055
20210121,27.9,27.9,27.7299,27.765,3864
20210122,27.85,28.0121,27.85,28.0121,3378
20210125,28.18,28.32,27.82,28.1145,5376
20210126,28.12,28.13,28.07,28.0804,1133
20210127,27.52,27.82,27.17,27.4074,5293
20210128,27.46,27.46,27.1701,27.2947,960
20210129,27.15,27.2701,26.77,26.8683,5485
20210201,27.37,28.0793,27.32,28.0793,1516
20210202,28.33,28.6144,28.2696,28.6144,2556
20210203,28.82,29.07,28.82,28.9,1477
20210204,29,29.33,29,29.33,962
20210205,29.89,30.0045,29.82,30.0045,2026
20210208,30.5,30.5,30.1,30.2432,3509
20210209,30.7895,30.94,30.66,30.7781,3632
20210210,31.11,31.11,30.7,30.754,1464
20210211,31.3404,31.3404,31.221,31.337,1335
20210212,31.7,31.7459,31.47,31.7459,5937
20210216,31.91,31.96,31.46,31.58,4457
20210217,31.19,31.4146,31,31.3328,2182
20210218,30.5,30.9035,30.468,30.9035,1861
20210219,31.379,31.42,31.24,31.4073,1232
20210222,31,31,30.3788,30.3788,2909
20210223,29.35,29.9,28.91,29.84,10101
20210224,29.71,30.3206,29.71,30.3206,942
20210225,30.3,30.39,29.241,29.241,5043
20210226,29.56,29.79,28.63,29.438,1926
20210301,30.36,30.95,30.331,30.8975,4671
20210302,30.63,30.92,30.4175,30.4175,966
20210303,30.03,30.03,28.49,28.5214,2693
20210304,28.04,28.04,26.61,26.8027,2875
20210305,26.73,26.73,24.71,26.57,5642
20210308,26.48,26.5127,25.1462,25.1462,1396
20210309,26.51,26.85,26.51,26.6811,2040
20210310,27.38,27.44,26.76,26.8319,2561
20210311,27.69,28.1972,27.53,28.1972,2867
20210312,27.5,27.93,27.5,27.93,2606
20210315,27.78,27.78,27.52,27.6928,999
20210316,28,28.139,27.37,27.6111,1647
20210317,27.08,27.7901,27.08,27.7901,1602
20210318,27.0106,27.0106,26.4995,26.4995,820
20210319,26.91,26.97,26.91,26.9489,1043
20210322,27.28,27.57,27.28,27.3394,7347
20210323,27.3,27.3,26.76,26.76,1144
20210324,26.84,26.84,25.55,25.55,1598
20210325,25.5099,25.62,25.131,25.5211,1325
20210326,25.55,25.7425,25.055,25.7425,2540
20210329,25.61,25.61,25.16,25.25,1883
20210330,25.06,25.5777,25.04,25.5777,1256
20210331,26.1578,26.1578,26.1578,26.1578,185
20210401,27.1272,27.1272,27.1272,27.1272,231
20210405,26.979,27.0912,26.91,27.0912,2173
20210406,27.01,27.35,27.01,27.182,391
20210407,26.9317,27,26.7937,26.7937,4482
20210408,27.36,27.36,27.2792,27.2792,902
20210409,27.24,27.3329,27.24,27.3329,294
20210412,27.308,27.308,27.17,27.21,4755
20210413,27.6336,27.6336,27.6336,27.6336,202
20210414,27.52,27.52,27.238,27.238,420
20210415,27.512,27.512,27.36,27.3845,808
20210416,27.3237,27.3237,27.3237,27.3237,124
20210419,26.91,26.91,26.8836,26.8836,1339
20210420,26.8,26.8,26.28,26.4008,1138
20210421,26.7357,26.7357,26.7357,26.7357,270
20210422,26.9602,26.9602,26.9602,26.9602,38
20210423,27.21,27.5298,27.21,27.5298,169
20210426,27.78,27.917,27.78,27.917,157
20210427,27.74,27.74,27.6733,27.6733,174
20210428,27.85,27.9398,27.85,27.8985,549
20210429,27.88,27.9215,27.88,27.9215,601
20210430,27.8404,27.8404,27.6115,27.6115,355
20210503,27.49,27.49,27.3099,27.3099,756
20210504,26.62,26.62,26.28,26.4907,1561
20210505,26.65,26.71,26.24,26.263,1116
20210506,25.62,25.62,25.45,25.5052,2021
20210507,25.81,26.33,25.81,26.1634,1386
20210510,24.6621,24.6621,24.6621,24.6621,420
20210511,23.72,24.7176,23.72,24.7176,2369
20210512,24.61,24.61,24.171,24.19,1251
20210513,23.9,23.911,23.8818,23.8818,363
20210514,24.4648,24.4648,24.4648,24.4648,100
20210517,24.3,24.3,24.3,24.3,238
20210518,24.54,24.54,24.54,24.54,392
20210519,24.7266,24.7266,24.7266,24.7266,60
20210520,25.36,25.5006,25.36,25.5006,729
20210521,25.465,25.465,25.3985,25.3985,110
20210524,25.62,25.6445,25.6199,25.6445,388
20210525,25.607,25.607,25.607,25.607,9
20210526,25.9,25.9453,25.9,25.9453,240
20210527,25.94,26.06,25.921,26.06,1842
20210528,26,26.09,25.9115,25.9115,1340
20210601,26.06,26.12,26.0598,26.0752,1051
20210602,25.91,25.9457,25.91,25.9457,417
20210603,25.5295,25.5295,25.5295,25.5295,37
20210604,25.881,25.9804,25.881,25.9804,140
20210607,26.03,26.5075,26.03,26.5075,618
20210608,26.551,26.6396,26.551,26.6396,410
20210609,26.58,26.58,26.4025,26.4025,433
20210610,26.467,26.555,26.4,26.5472,674
20210611,26.868,26.868,26.868,26.868,21
20210614,26.95,26.9833,26.941,26.9833,414
20210615,26.6097,26.6097,26.6097,26.6097,11
20210616,26.681,26.72,26.67,26.72,390
20210617,27.1,27.14,27.1,27.11,1084
20210618,27.02,27.02,27.02,27.02,245
20210621,26.89,27.0788,26.89,27.0788,930
20210622,27.14,27.6295,27.055,27.606,3690
20210623,27.935,27.9905,27.91,27.9905,1900
20210624,28.765,28.79,28.685,28.7323,1122
20210625,28.86,28.9378,28.8398,28.9378,3029
20210628,29.2999,29.3016,29.18,29.3016,401
20210629,29.29,29.35,29.26,29.3405,931
20210630,28.98,28.98,28.85,28.85,445
20210701,28.98,28.98,28.3286,28.7015,1079
20210702,28.555,28.57,28.44,28.52,1922
20210706,28.59,28.59,28.365,28.5689,365
20210707,28.36,28.36,28.0233,28.0233,694
20210708,27.32,27.5986,27.32,27.5986,371
20210709,27.93,27.93,27.93,27.93,113
20210712,27.8004,27.8004,27.8004,27.8004,129
20210713,27.75,27.75,27.7168,27.7168,148
20210714,27.0957,27.0957,27.0957,27.0957,36
20210715,26.62,26.8836,26.62,26.8836,626
20210716,26.6267,26.6267,26.6267,26.6267,15
20210719,26.4877,26.4877,26.4877,26.4877,124
20210720,26.7501,26.9533,26.7501,26.9533,206
20210721,27.5158,27.5158,27.5158,27.5158,20
20210722,27.552,27.6227,27.552,27.6227,488
20210723,27.5501,27.9333,27.5501,27.9333,265
20210726,27.819,27.8199,27.49,27.5492,4715
20210727,27.32,27.34,27.1001,27.1001,405
20210728,27.6,27.6309,27.6,27.6309,161
20210729,27.4016,27.4016,27.4016,27.4016,76
20210730,27.2299,27.2299,27.2299,27.2299,113
20210802,27.38,27.38,27.1886,27.1886,545
20210803,27.2304,27.2304,27.2304,27.2304,17
20210804,27.5012,27.5012,27.5012,27.5012,101
20210805,27.99,28.0883,27.99,28.0883,263
20210806,28.07,28.1295,28.06,28.1295,528
20210809,28.0532,28.0532,28.0532,28.0532,233
20210810,28.16,28.2015,27.9332,27.9332,447
20210811,27.95,27.9942,27.95,27.9942,271
20210812,27.842,27.87,27.7853,27.7853,1081
20210813,27.547,27.547,27.547,27.547,52
20210816,27.2999,27.2999,27.2999,27.2999,61
20210817,27.02,27.02,26.827,26.9666,882
20210818,26.93,27.09,26.8097,26.8097,671
20210819,26.515,26.6306,26.47,26.6306,353
20210820,26.92,27.0368,26.92,27.0368,184
20210823,27.697,27.697,27.697,27.697,107
20210824,28.0299,28.07,28.0103,28.0103,945
20210825,28.1,28.1,28.08,28.0955,466
20210826,28.28,28.28,27.9985,27.9985,221
20210827,28.4,28.5733,28.4,28.5733,655
20210830,28.68,28.6857,28.68,28.6857,184
20210831,28.9643,28.9643,28.9643,28.9643,130
20210901,29.46,29.46,29.3794,29.3794,280
20210902,29.3397,29.3397,29.3397,29.3397,282
20210903,29.59,29.59,29.59,29.59,121
20210907,29.3337,29.3337,29.3337,29.3337,52
20210908,29.03,29.03,28.9578,28.9578,1151
20210909,29.1978,29.1978,29.1978,29.1978,101
20210910,28.8508,28.8834,28.8508,28.8834,492
20210913,28.6862,28.6862,28.6862,28.6862,115
20210914,28.78,28.78,28.6176,28.6176,122
20210915,28.7388,28.7388,28.7388,28.7388,4
20210916,28.9043,28.9043,28.9043,28.9043,24
20210917,28.87,28.87,28.83,28.83,402
20210920,27.9266,27.9266,27.9266,27.9266,15
20210921,28.3408,28.3703,28.3408,28.3703,128
20210922,28.8191,28.8191,28.8191,28.8191,120
20210923,29.4212,29.4212,29.4212,29.4212,35
20210924,29.05,29.2245,29.05,29.2245,1464
20210927,28.9976,28.9976,28.9976,28.9976,183
20210928,27.9191,27.9191,27.9191,27.9191,4
20210929,27.97,27.97,27.692,27.692,422
20210930,28.069,28.069,27.8762,27.8762,101
20211001,27.93,28.1552,27.93,28.1552,344
20211004,27.289,27.289,27.14,27.14,662
20211005,27.64,27.64,27.5245,27.5245,871
20211006,27.709,27.709,27.6556,27.6556,104
20211007,28.16,28.24,28.16,28.1802,760
20211008,28.36,28.36,28.06,28.1425,2204
20211011,27.92,27.94,27.9001,27.9001,1146
20211012,28.2562,28.2562,28.2562,28.2562,1
20211013,28.77,28.8111,28.77,28.8111,200
20211014,29.2162,29.2162,29.2162,29.2162,86
20211015,29.161,29.2599,29.161,29.2599,879
20211018,29.5,29.5671,29.5,29.5671,704
20211019,29.84,29.9,29.84,29.8727,720
20211020,29.6899,29.6899,29.5714,29.5714,175
20211021,29.651,29.6536,29.651,29.6536,242
20211022,28.7516,28.7516,28.7516,28.7516,157
20211025,28.99,29.0259,28.99,29.0259,207
20211026,29.3945,29.3945,29.3945,29.3945,37
20211027,29.26,29.26,28.8052,28.8052,140
20211028,29.2689,29.2689,29.2689,29.2689,11
20211029,29.36,29.3906,29.36,29.3906,125
20211101,29.781,29.781,29.7587,29.7587,109
20211102,29.4359,29.4359,29.4359,29.4359,96
20211103,29.4801,29.5444,29.4801,29.5444,339
20211104,29.5769,29.5769,29.5769,29.5769,95
20211105,29.399,29.4563,29.399,29.4563,263
20211108,30.059,30.059,30.059,30.059,27
20211109,30.21,30.4114,30.21,30.4114,3761
20211110,30.26,30.31,29.676,29.676,785
20211111,30.07,30.07,30.07,30.07,201
20211112,30.34,30.47,30.34,30.47,454
20211115,30.6,30.6,30.41,30.41,755
20211116,30.31,30.39,30.31,30.39,589
20211117,30.24,30.24,30.1,30.1,573
20211118,29.87,29.87,29.87,29.87,310
20211119,30.01,30.01,29.71,29.71,315
20211122,29.23,29.23,28.91,28.91,458
20211123,28.505,28.505,28.46,28.46,585
20211124,28.55,28.55,28.55,28.55,319
20211126,27.9821,27.9821,27.9821,27.9821,109
20211129,28.3338,28.3338,28.3338,28.3338,38
20211130,27.8062,27.8062,27.8062,27.8062,103
20211201,27.93,27.94,26.57,26.57,2772
20211202,26.89,27.13,26.89,27.13,804
20211203,26.2247,26.2247,26.2247,26.2247,59
20211206,25.76,26.47,25.76,26.47,1250
20211207,27.6599,27.6599,27.6599,27.6599,14
20211208,28.0365,28.0365,28.0365,28.0365,5
20211209,27.463,27.463,27.463,27.463,3
20211210,27.37,27.37,27.37,27.37,100
20211213,26.8712,26.8712,26.8712,26.8712,207
20211214,26.2688,26.2688,26.2688,26.2688,10
20211215,25.7406,26.6638,25.7406,26.6638,219
20211216,26.0003,26.0003,26.0003,26.0003,40
20211217,26.0723,26.0723,26.0723,26.0723,32
20211220,25.5,25.5,25.48,25.48,219
20211221,26,26.4403,26,26.4403,304
20211222,26.62,26.7135,26.62,26.7135,700
20211223,27.0098,27.0098,27.0098,27.0098,4
20211227,27.13,27.1778,27.13,27.1778,3861
20211228,27.12,27.12,26.81,26.81,322
20211229,26.6347,26.6347,26.6347,26.6347,15
20211230,27.15,27.15,27.0738,27.0738,213
20211231,26.8633,26.8633,26.8633,26.8633,2
20220103,26.53,26.6537,26.53,26.6537,392
20220104,25.595,25.9079,25.595,25.9079,771
20220105,24.4825,24.4825,24.4825,24.4825,7
20220106,24.51,24.51,24.2245,24.2245,408
20220107,24.145,24.145,24.0028,24.0028,264
20220110,23.275,24.0007,23.275,24.0007,150
20220111,24.05,24.5826,24.05,24.5826,200
20220112,24.649,24.649,24.649,24.649,54
20220113,24.55,24.55,23.8052,23.8052,650
20220114,23.63,23.6549,23.235,23.5026,1110
20220118,22.8164,22.8164,22.8164,22.8164,57
20220119,23.135,23.135,22.7342,22.7342,119
20220120,23.2201,23.2201,22.62,22.62,499
20220121,22.21,22.21,21.8445,21.8445,1643
20220124,21.51,22.0049,21.51,22.0049,313
20220125,21.4,21.4776,21.4,21.4776,312
20220126,21.3576,21.3576,21.3576,21.3576,244
20220127,21.49,21.49,20.9458,20.9458,6299
20220128,21.29,21.4899,21.29,21.4899,243
20220131,21.72,22.6886,21.72,22.6886,178
20220201,23.2341,23.2341,23.2341,23.2341,16
20220202,23.41,23.41,23.1,23.1696,389
20220203,21.7277,21.7277,21.7277,21.7277,30
20220204,22.19,22.424,22.19,22.424,379
20220207,22.55,22.55,22.2612,22.2612,616
20220208,22.47,22.6362,22.4699,22.6362,801
20220209,23.1264,23.1264,23.1264,23.1264,89
20220210,22.8488,22.8488,22.8488,22.8488,104
20220211,22.22,22.22,22.22,22.22,253
20220214,22.18,22.18,22.18,22.18,100
20220215,22.505,22.505,22.505,22.505,100
20220216,22.2194,22.35,22.2194,22.35,201
