Date,Open,High,Low,Close,Volume
20160928,19.68,19.82,19.548,19.82,14010
20160929,63.17,64.34,63.11,63.89,1127
20160930,64.21,64.65,64.21,64.37,1223
20161003,64.65,64.65,64.63,64.63,165
20161004,65.73,65.73,65.73,65.73,68
20161005,66.53,66.7,66.43,66.62,652
20161006,67.42,67.67,67.13,67.67,1295
20161007,67.51,67.51,66.65,66.67,1044
20161010,68.65,68.65,68.47,68.47,425
20161011,68.15,68.31,67.64,67.64,194
20161012,67.17,67.17,67.17,67.17,35
20161013,67.24,67.42,67.24,67.42,343
20161014,67.24,67.24,67.24,67.24,35
20161017,66.67,66.67,66.67,66.67,149
20161018,66.93,66.93,66.93,66.93,392
20161019,68.34,68.34,68.34,68.34,35
20161020,67.39,67.39,67.3,67.3,132
20161021,66.87,66.87,66.87,66.87,67
20161024,66.59,66.59,65.91,65.91,132
20161025,65.94,65.94,65.94,65.94,295
20161026,64.99,65.01,64.99,65.01,230
20161027,65.94,65.94,65.94,65.94,295
20161028,65.94,65.94,65.94,65.94,3
20161031,63.45,63.45,61.88,61.88,784
20161101,62.56,62.56,61.33,61.94,13158
20161102,60.77,61.11,59.72,59.94,1207
20161103,60.12,60.12,58.83,59.29,517
20161104,58.37,59.29,57.92,58.19,942
20161107,58.89,59.29,58.83,59.11,945
20161108,58.95,59.91,58.87,59.91,2731
20161109,59.42,60.68,59.2,60.09,11216
20161110,59.2,59.39,59.11,59.11,1298
20161111,58.03,58.03,57.35,57.82,2561
20161114,57.05,57.82,56.52,57.69,8500
20161115,59.14,60.71,59.08,60.71,4034
20161116,60.09,60.53,59.69,60.28,2378
20161117,61.05,61.17,59.48,59.49,7031
20161118,60.09,60.46,59.57,60.4,3763
20161121,62.16,63.23,62.1,63.23,1119
20161122,63.11,63.17,62.1,62.65,17459
20161123,62.31,63.11,62.31,62.71,2171
20161125,61.79,61.97,60.56,60.74,1069
20161128,61.33,62.22,61.17,61.42,16953
20161129,59.66,59.66,58.89,59.26,711
20161130,63.02,64.56,62.86,64.16,34358
20161201,66.47,67.58,66.28,66.53,1719
20161202,66.81,67.54,66.81,67.51,253
20161205,68.25,68.25,66.87,66.87,1280
20161206,66.25,66.81,66.04,66.47,2484
20161207,65.85,66.16,65.42,65.51,2010
20161208,65.88,66.53,65.82,66.31,881
20161209,67.36,67.36,67.02,67.3,1410
20161212,70.06,70.13,68.22,68.41,3612
20161213,69.08,69.48,68.87,69.07,762
20161214,68.21,69.02,66.71,66.77,1960
20161215,66.07,67.3,65.88,66.93,1951
20161216,67.11,68.04,67.11,68.04,291
20161219,67.67,68.22,67.67,68.07,455
20161220,68.87,68.87,68.31,68.34,260
20161221,68.62,68.68,67.17,67.51,1206
20161222,67.79,68.07,67.61,67.61,195
20161223,67.73,68.04,67.73,68.04,99
20161227,68.65,69.27,68.65,69.27,847
20161228,69.67,69.67,69.18,69.18,715
20161229,69.3,69.3,69.02,69.02,99
20161230,68.62,68.96,68.62,68.96,2675
20170103,70.62,70.62,66.87,67.08,1645
20170104,67.39,68.28,66.99,68.16,1414
20170105,68.9,69.36,67.94,68.9,1196
20170106,69.08,69.11,68.81,69.05,294
20170109,67.79,67.79,66.5,66.5,2077
20170110,66.87,66.87,65.48,65.48,454
20170111,65.94,67.48,65.17,67.02,1488
20170112,68.31,68.31,67.76,67.85,488
20170113,67.48,67.7,67.08,67.18,1135
20170117,68.41,68.41,67.11,67.11,369
20170118,66,66.68,65.6,65.6,695
20170119,66.1,66.37,65.36,65.67,1955
20170120,67.24,67.48,66.93,66.99,776
20170123,66.07,66.81,66.07,66.56,940
20170124,66.96,67.39,66.77,66.77,1270
20170125,66.44,67.14,66.28,66.47,1376
20170126,67.17,67.85,67.08,67.53,5393
20170127,66.84,66.9,66.28,66.81,1135
20170130,66.53,66.56,65.91,66.28,1102
20170131,66.87,67.33,66.25,66.46,712
20170201,66.96,67.67,66.53,67.24,4284
20170202,67.94,67.94,67.21,67.48,1391
20170203,67.39,67.98,67.33,67.61,550
20170206,67.51,67.51,66.56,66.74,943
20170207,65.24,65.57,65.24,65.57,261
20170208,64.93,66.1,64.77,65.76,1196
20170209,66.68,66.71,66.37,66.5,584
20170210,67.51,67.58,67.39,67.54,1228
20170213,66.62,66.71,66.47,66.47,326
20170214,67.33,67.33,66.71,66.71,455
20170215,66.37,67.08,66.37,66.53,680
20170216,66.96,66.96,66.28,66.87,293
20170217,66.25,66.62,66.25,66.59,1300
20170221,67.98,68.07,67.51,67.56,2047
20170222,66.68,66.71,66.47,66.47,259
20170223,67.67,67.67,67.54,67.54,132
20170224,67.33,67.33,67.11,67.11,651
20170227,67.73,67.73,67.11,67.11,1746
20170228,66.62,66.9,66.22,66.9,261
20170301,67.42,67.54,66.99,66.99,453
20170302,65.67,66.07,65.39,65.42,1362
20170303,65.57,66.13,65.57,66,227
20170306,66.25,66.44,65.91,66.13,1874
20170307,66.68,66.68,66,66,503
20170308,65.2,65.48,62.31,62.53,1359
20170309,61.85,61.88,60.56,61.14,906
20170310,61.33,61.39,60.18,60.18,1077
20170313,60.4,60.4,60,60,358
20170314,59.36,59.48,58.83,59.02,679
20170315,60.43,60.89,60.06,60.62,890
20170316,60.71,60.71,60.31,60.62,3832
20170317,60.96,60.99,60.53,60.59,682
20170320,60.09,60.65,60.03,60.34,641
20170321,60.43,60.56,59.32,59.6,957
20170322,58.71,59.45,58.28,59.45,1099
20170323,58.89,58.99,58.74,58.89,658
20170324,58.89,59.14,58.8,59.14,293
20170327,58.25,58.83,58.25,58.62,577
20170328,59.29,59.94,59.29,59.54,720
20170329,59.82,60.74,59.79,60.74,452
20170330,61.39,61.88,61.26,61.66,2861
20170331,61.79,62.34,61.69,62.34,745
20170403,62.28,62.28,61.76,61.85,881
20170404,62.31,62.86,62.13,62.74,810
20170405,63.57,63.67,62.43,62.5,2082
20170406,63.48,63.54,63.33,63.45,1982
20170407,63.82,64.1,63.7,63.97,4198
20170410,64.84,65.14,64.68,65.14,1521
20170411,65.2,65.42,64.77,65.33,1533
20170412,65.79,65.88,64.96,64.97,1281
20170413,65.33,65.33,65.04,65.04,334
20170417,64.99,65.14,64.68,64.68,500
20170418,64.62,64.9,64.16,64.5,1299
20170419,64.56,64.56,61.63,61.94,679
20170420,61.91,62.31,61.82,61.97,485
20170421,61.51,61.6,60.03,60.37,3145
20170424,60.25,60.25,59.79,60.12,648
20170425,59.88,60.37,59.72,60.37,1649
20170426,59.94,60.89,59.85,60.65,907
20170427,59.17,59.97,58.83,59.97,659
20170428,60.25,60.37,59.66,59.85,941
20170501,59.63,59.66,59.39,59.51,368
20170502,59.45,59.45,57.72,58,869
20170503,58.19,58.37,57.66,58.34,1839
20170504,57.05,57.05,55.26,55.32,1922
20170505,55.41,56.77,55.41,56.49,1613
20170508,56.46,56.95,56.12,56.31,941
20170509,56.4,56.43,55.57,56.03,666
20170510,56.77,58,56.77,58,550
20170511,58,58.52,58,58.22,3013
20170512,58.31,58.31,57.79,58.19,584
20170515,59.97,59.97,59.45,59.56,1459
20170516,59.72,59.91,59.08,59.08,4148
20170517,59.63,60.06,59.08,59.82,1037
20170518,59.11,60.03,59.11,59.79,2002
20170519,60.74,61.14,60.68,61.14,951
20170522,61.66,61.85,61.48,61.48,761
20170523,61.85,61.94,61.6,61.94,832
20170524,61.88,62.28,61.6,61.85,1687
20170525,61.63,61.63,59.23,59.23,664
20170526,58.92,59.94,58.92,59.82,2412
20170530,59.39,59.88,59.26,59.63,4903
20170531,58.34,58.4,57.63,58.06,1069
20170601,58.46,58.83,58,58.12,1264
20170602,57.38,57.75,56.89,57.54,2407
20170605,56.8,57.2,56.74,57.08,543
20170606,56.8,58.12,56.8,58.12,483
20170607,57.35,57.45,55.14,55.14,1774
20170608,54.83,55.35,54.71,55.14,962
20170609,55.11,55.51,54.95,55.32,1622
20170612,56.09,56.22,55.69,55.78,2008
20170613,55.45,56.03,55.14,56.03,486
20170614,55.26,55.38,53.81,53.91,1394
20170615,53.72,53.81,53.51,53.57,497
20170616,54,54,53.75,53.88,1926
20170619,54.12,54.15,53.29,53.29,844
20170620,51.84,52.27,51.69,52.15,1335
20170621,52.4,52.95,50.83,51.04,2819
20170622,51.2,51.87,51.2,51.35,816
20170623,51.1,51.78,51.04,51.72,916
20170626,51.78,52.12,51.35,52,3095
20170627,52.49,53.29,52.49,52.89,818
20170628,53.14,53.78,52.95,53.63,2336
20170629,54,54.46,53.75,53.91,1133
20170630,53.72,55.41,53.72,55.41,520
20170703,55.88,56.13,55.88,56.12,1066
20170705,55.81,55.81,53.94,53.94,1328
20170706,55.05,55.6,54.31,54.4,2313
20170707,53.35,53.48,52.71,53.07,865
20170710,52.71,53.72,52.71,53.29,471
20170711,53.17,53.94,53.17,53.94,196
20170712,55.05,55.66,54.49,54.58,939
20170713,54.74,55.35,54.74,55.11,1007
20170714,55.91,55.94,55.38,55.94,296
20170717,55.94,55.94,55.34,55.38,422
20170718,55.81,55.81,55.57,55.69,241
20170719,56.03,56.49,56.03,56.49,456
20170720,57.08,57.08,56.02,56.02,1046
20170721,55.66,55.66,54.61,54.61,1201
20170724,55.32,55.44,55.29,55.44,656
20170725,56.65,57.17,56.65,57.17,170
20170726,57.57,58.34,57.35,58.22,6955
20170727,58.34,58.74,58.34,58.55,35122
20170728,59.08,59.51,59.08,59.19,1565
20170731,59.23,60.03,58.89,60.02,1655
20170801,59.41,59.44,57.91,58.86,940
20170802,58.55,59.32,58.15,59.26,1536
20170803,59.39,59.51,58.43,58.43,622
20170804,58.58,59.2,58.43,59.2,605
20170807,58.46,58.95,58.4,58.95,196
20170808,58.68,59.08,58.52,58.71,671
20170809,59.05,59.2,58.65,59.2,746
20170810,59.76,59.76,58.46,58.46,391
20170811,57.75,58.31,57.69,58.31,1541
20170814,58.25,58.65,56.95,56.95,584
20170815,56.4,56.89,56.31,56.89,845
20170816,57.02,57.32,55.91,55.91,1008
20170817,55.78,56.3,55.78,56.22,1072
20170818,56.06,58.19,56.06,58.19,584
20170821,57.66,57.66,56.4,56.71,1931
20170822,57.02,57.38,56.92,57.08,309
20170823,57.02,57.79,56.98,57.69,956
20170824,57.11,57.17,56.4,56.74,2475
20170825,56.74,57.14,56.71,57.02,1370
20170828,56.62,56.71,55.35,56.03,4547
20170829,55.6,55.85,55.14,55.81,8767
20170830,55.48,56.09,55.26,55.26,13991
20170831,55.97,57.11,55.97,56.82,3304
20170901,56.43,56.98,56.34,56.98,1914
20170905,58.22,58.62,58.19,58.19,6341
20170906,58.83,58.99,58.71,58.86,3926
20170907,58.59,58.95,58.55,58.83,3364
20170908,58.8,58.83,56.95,57.14,2776
20170911,56.86,57.85,56.68,57.79,1395
20170912,57.72,58.03,57.72,57.97,1106
20170913,58.4,59.17,58.28,59.17,2194
20170914,59.91,60.31,59.66,59.66,10666
20170915,59.88,60.06,59.82,60,2629
20170918,59.79,59.91,59.17,59.79,1458
20170919,60.19,60.19,59.32,59.32,4191
20170920,59.91,60.62,59.66,60.16,2591
20170921,59.6,60.23,59.6,60.23,1514
20170922,60.03,60.25,59.91,60.21,1349
20170925,61.01,62.03,61.01,62.03,2247
20170926,61.45,61.66,61.33,61.66,2437
20170927,61.88,61.91,61.54,61.6,2140
20170928,62.62,62.62,61.02,61.26,745
20170929,61.23,61.42,61.02,61.17,809
20171002,59.79,60.06,59.66,60.05,10136
20171003,60.03,60.11,59.82,59.82,1818
20171004,59.82,60.12,59.29,59.29,2531
20171005,59.63,60.74,59.63,60.37,957
20171006,58.89,58.89,58.34,58.52,1366
20171009,59.05,59.05,58.59,58.74,787
20171010,59.94,60.53,59.94,60.34,292
20171011,60.65,60.86,60.34,60.86,357
20171012,59.76,60.06,59.69,60.06,714
20171013,60.68,61.02,60.68,61.02,5255
20171016,61.76,61.76,61.26,61.48,6945
20171017,61.57,61.79,60.89,61.57,15352
20171018,61.85,61.88,61.29,61.6,802
20171019,60.83,61.14,60.74,60.86,8314
20171020,60.46,61.26,60.46,61.26,2982
20171023,61.51,61.54,61.23,61.23,421
20171024,61.63,61.85,61.36,61.79,1007
20171025,61.63,61.76,61.33,61.63,3656
20171026,61.54,62.1,61.54,62.03,401
20171027,62.13,63.54,62.13,63.3,1346
20171030,63.97,64.19,63.48,63.91,1234
20171031,63.76,64.31,63.73,64.05,1303
20171101,64.87,64.87,63.6,64.03,492
20171102,64.13,64.62,63.91,64.62,390
20171103,64.65,65.73,64.22,65.64,1166
20171106,65.82,67.91,65.79,67.67,2326
20171107,67.36,67.54,67.21,67.48,1650
20171108,67.21,68.22,66.68,67.08,6462
20171109,67.08,67.73,67.08,67.54,978
20171110,67.36,67.51,66.84,67.08,996
20171113,67.05,67.21,66.5,66.93,808
20171114,66.77,66.77,65.14,65.54,3271
20171115,65.11,65.33,64.77,65.2,1086
20171116,64.99,65.51,64.9,65.14,5325
20171117,65.97,66.71,65.97,66.71,668
20171120,66.1,66.25,65.6,66.25,4491
20171121,66.53,67.02,66.44,66.87,3192
20171122,67.82,68.19,67.48,68.07,2204
20171124,69.21,69.21,68.81,68.93,163
20171127,68.38,68.5,67.85,67.94,692
20171128,68.04,68.19,67.79,68.05,570
20171129,67.85,68.38,66.74,67.42,631
20171130,67.85,67.85,66.81,67.45,3734
20171201,68.5,69.15,68.19,68.59,8188
20171204,67.85,67.85,67.42,67.46,746
20171205,67.33,67.85,67.33,67.67,1782
20171206,66.71,66.84,65.73,65.9,1773
20171207,66.19,66.44,66.19,66.31,699
20171208,67.27,67.73,67.08,67.51,1002
20171211,67.67,67.98,67.59,67.98,897
20171212,67.85,67.85,67.2,67.24,520
20171213,67.27,67.48,66.56,66.59,954
20171214,66.59,67.11,66.59,67.11,463
20171215,67.21,67.42,67.21,67.29,623
20171218,67.27,67.67,66.89,67.14,2189
20171219,67.51,67.51,67.49,67.49,377
20171220,67.7,68.22,67.48,68.22,3283
20171221,67.77,68.5,67.77,68.34,2564
20171222,68.25,68.62,68.1,68.56,227
20171226,70.51,70.51,70.36,70.36,624
20171227,70.11,70.12,70.02,70.02,217
20171228,70.08,70.38,70.08,70.38,259
20171229,70.84,70.93,70.84,70.9,2780
20180102,70.9,71.33,70.8,71.33,6638
20180103,71.75,72.41,71.75,72.34,898
20180104,72.67,73.08,72.54,72.87,1601
20180105,72.05,72.05,71.95,71.95,308
20180108,72.44,72.9,72.44,72.9,454
20180109,72.9,74.05,72.9,74.05,413
20180110,74.67,74.67,74.67,74.67,3
20180111,75.22,75.22,75.22,75.22,3
20180112,74.73,75.29,74.73,75.29,492
20180116,75.26,75.26,75.26,75.26,34
20180117,75,75.45,75,75.45,65
20180118,75.26,75.26,75.26,75.26,156
20180119,74.53,74.53,74.5,74.5,370
20180122,74.64,75.06,74.5,75.06,798
20180123,75.65,75.91,75.62,75.91,1151
20180124,76.11,76.73,76.08,76.7,495
20180125,78.17,78.17,77.03,77.03,430
20180126,77.26,78.01,77.26,78.01,144
20180129,77.29,77.35,77.06,77.35,38700
20180130,76.11,76.11,75.65,75.88,26256
20180131,75.88,76.38,75.32,76.37,4588
20180201,77.06,77.84,77.06,77.84,5237
20180202,77.22,77.22,76.24,76.67,4715
20180205,76.4,76.83,75,75.06,24713
20180206,75.06,75.36,74.76,74.76,760
20180207,74.86,74.86,72.34,72.34,2995
20180208,73.23,73.23,71.47,71.47,5703
20180209,70.9,70.9,69.62,69.62,110
20180212,70.48,71.03,69.85,69.92,26661
20180213,69.4,69.89,69.17,69.79,5052
20180214,69.04,71.88,68.84,71.75,2077
20180215,71.16,71.16,71.16,71.16,192
20180216,72.11,72.11,72.11,72.11,156
20180220,72.93,73.46,72.87,72.87,4430
20180221,72.8,72.8,72.45,72.45,461
20180222,73.19,74.08,73.19,74.08,35650
20180223,74.34,74.34,74.34,74.34,59
20180226,74.96,75.8,74.96,75.64,3007
20180227,75.22,75.22,75.22,75.22,34
20180228,74.73,74.73,74.73,74.73,65
20180301,71.72,72.57,71.26,72.57,3836
20180302,71.65,72.38,71.41,72.38,3504
20180305,72.96,72.96,72.96,72.96,34
20180306,73.98,74.14,73.78,74.14,107
20180307,72.07,72.7,72.07,72.51,644
20180308,71.73,71.73,71.3,71.3,690
20180309,72.11,73,72.11,73,169
20180312,72.9,72.9,72.9,72.9,3
20180313,71.85,71.95,71.82,71.85,1716
20180314,71.39,71.59,71.39,71.59,447
20180315,72.67,72.67,72.51,72.51,371
20180316,72.95,72.96,72.93,72.96,125
20180319,73,73.72,73,73.69,925
20180320,75.23,75.43,75.23,75.43,266
20180321,76.11,77.55,76.11,77.55,1328
20180322,76.5,76.53,76.11,76.11,807
20180323,76.89,78.07,76.89,78.05,455
20180326,77.71,77.71,77.53,77.65,26661
20180327,78.14,78.14,78.14,78.14,3
20180328,76.83,76.83,75.55,76.63,2123
20180329,76.47,77.26,76.04,77.16,7597
20180402,74.77,74.81,74.67,74.81,981
20180403,75.29,75.29,75.06,75.1,1832
20180404,73.69,75.09,73.69,74.96,259
20180405,75.62,75.62,75.32,75.42,508
20180406,74.96,74.96,74.54,74.54,329
20180409,75.13,75.13,74.9,74.9,187
20180410,81.71,81.71,76.63,77.48,1477
20180411,78.27,79.35,78.27,79.06,1749
20180412,71.16,79.55,71.16,79.51,670
20180413,79.56,79.94,79.56,79.58,324
20180416,79.32,79.32,78.6,78.76,1274
20180417,77.88,78.57,77.88,78.56,1791
20180418,80.92,81.56,80.45,81.51,1107
20180419,81.84,81.84,81.84,81.84,34
20180420,80.27,81.18,80.24,80.86,1086
20180423,79.97,81.86,79.97,81.86,1677
20180424,81.32,82.2,80.23,80.26,1059
20180425,79.91,80.66,79.91,80.66,6472
20180426,80.86,80.92,80.63,80.83,1740
20180427,80.56,80.76,80.56,80.73,639
20180430,80.04,81.55,80.04,81.17,584
20180501,80.53,80.53,80.03,80.04,943
20180502,79.71,80.5,79.71,80.3,427
20180503,79.81,81.25,79.81,81.19,1021
20180504,81.87,82.95,81.87,82.76,782
20180507,83.48,83.97,82.86,82.89,3058
20180508,83.41,83.41,80.86,82.72,4793
20180509,83.9,84.65,83.9,84.2,5328
20180510,84.49,84.49,83.89,84.13,1457
20180511,84.49,84.59,83.84,83.84,902
20180514,84.03,84.79,84.03,84.49,8625
20180515,84.49,84.79,83.94,84.66,5104
20180516,84.36,85.02,84.36,84.89,3390
20180517,85.51,85.8,84.72,85.15,14654
20180518,84.89,84.98,84.79,84.81,1592
20180521,85.15,86.2,85.11,86.13,3455
20180522,86.16,86.49,85.56,85.57,4471
20180523,84.66,85.3,84.66,85.16,896
20180524,83.87,84.56,83.87,84.1,2540
20180525,81.84,81.84,80.37,80.53,10652
20180529,79.61,79.78,78.37,79.42,11144
20180530,80.12,81.25,80.12,81.25,9019
20180531,79.87,85.75,77.19,79.73,983
20180601,78.92,78.92,78.27,78.44,3235
20180604,78.24,78.24,76.83,77.03,2113
20180605,76.47,78.14,76.47,77.58,2310
20180606,77.65,77.65,76.6,77.06,571
20180607,77.68,78.43,77.68,78.4,1867
20180608,78.27,78.47,77.55,77.99,3768
20180611,77.32,78.63,77.32,78.5,1392
20180612,78.47,79.01,78.47,78.75,648
20180613,78.99,79.35,78.97,79.24,1181
20180614,79.42,79.45,79.12,79.39,609
20180615,78.6,78.6,76.73,77.16,1144
20180618,77.58,78.3,77.16,78.14,1614
20180619,77.5,77.5,76.9,77.16,925
20180620,78.21,78.48,77.89,77.91,955
20180621,77.91,78.22,77.88,78.22,487
20180622,80.56,81.87,80.14,81.64,409
20180625,81.22,81.35,81.22,81.35,308
20180626,81.51,83.8,81.25,83.52,1776
20180627,85.11,86.71,76.16,86.1,1641
20180628,86.75,87.96,86.75,87.37,4643
20180629,88.39,88.52,88.04,88.52,3751
20180702,88.26,88.42,87.44,88.13,3474
20180703,89.24,89.24,86.94,87.11,655
20180705,88.23,88.26,82.59,86.9,20261
20180706,86.16,87.86,86.16,87.82,940
20180709,87.8,88.03,87.17,88.03,1336
20180710,88.65,88.9,87.8,87.98,1294
20180711,87.21,87.21,86.44,86.44,220
20180712,84.31,84.31,83.18,83.18,199
20180713,84.26,85.39,84.2,85.39,27041
20180716,83.05,83.05,81.15,81.23,3431
20180717,80.92,81.68,80.63,81.51,2558
20180718,80.99,82.23,80.88,82.23,1553
20180719,82.86,82.86,82.45,82.63,823
20180720,82.99,82.99,82.76,82.85,228
20180723,83.76,83.8,82.17,82.33,2606
20180724,83.54,83.74,83.52,83.56,836
20180725,83.49,84.53,82.99,84.43,719
20180726,83.87,84.98,83.87,84.48,1615
20180727,84.49,84.49,83.02,83.51,877
20180730,85.21,85.39,85.02,85.18,1226
20180731,84.07,84.17,83.54,83.67,769
20180801,82.33,82.82,82,82.4,6215
20180802,83.81,83.9,83.71,83.9,26330
20180803,83.58,83.58,83.44,83.54,26158
20180806,83.94,84.59,83.61,83.73,422
20180807,84.33,84.5,83.94,83.94,1240
20180808,82.63,82.63,80.69,81.25,3507
20180809,81.87,81.87,81.28,81.66,689
20180810,81.87,82.44,81.87,82.1,929
20180813,80.46,81.91,80.46,81.89,386
20180814,82.53,82.53,81.55,81.55,180
20180815,81.44,81.44,78.57,79.46,2010
20180816,79.32,79.66,79.32,79.66,812
20180817,80.1,80.1,79.68,80.07,951
20180820,79.92,80.28,79.85,80.24,1102
20180821,81.18,81.18,81.02,81.02,95
20180822,82.36,83.41,82.36,83.41,242
20180823,83.25,83.37,83.25,83.37,128
20180824,84.66,84.92,84.1,84.17,1498
20180827,84.33,84.59,84.33,84.56,1009
20180828,84.82,84.82,83.9,84.36,969
20180829,84.72,85.41,82.72,85.41,157
20180830,85.73,86.11,85.73,86.11,737
20180831,86.05,86.33,85.84,85.97,11687
20180904,85.84,86.36,84.92,84.98,11135
20180905,85.08,85.18,84.59,84.59,914
20180906,84.2,84.26,83.41,83.46,1416
20180907,82.54,83.31,82.54,83.28,1261
20180910,83.94,83.94,82.95,82.95,287
20180911,84.67,85.24,84.67,85.24,418
20180912,87.37,87.37,86.2,86.2,1039
20180913,85.41,85.61,84.36,84.46,1305
20180914,84.46,85.44,84.46,84.82,767
20180917,85.31,85.48,84.33,84.62,591
20180918,86.1,86.1,85.61,85.61,369
20180919,86.13,87.18,86.13,87.18,1960
20180920,87.67,87.67,86.47,86.47,110
20180921,87.47,88.46,86.49,87.11,635
20180924,88.95,89.4,88.68,89.06,12071
20180925,89.4,89.7,88.9,89.04,276
20180926,88.47,88.59,88.24,88.36,20592
20180927,88.36,88.36,88.36,88.36,3
20180928,89.04,90.76,89.04,90.35,1862
20181001,90.42,93.27,90.42,93.27,7417
20181002,92.97,93.17,92.65,92.65,1912
20181003,92.48,94.38,88.57,93.86,800
20181004,93.6,93.6,91.5,91.5,1806
20181005,91.76,92.19,91.31,91.63,2739
20181008,90.91,91.57,90.81,91.37,2755
20181009,92.22,92.81,91.52,92.35,967
20181010,91.7,91.7,89.83,89.83,220360
20181011,88.72,88.82,86.95,87.37,104802
20181012,88.32,88.42,87.44,88.42,2122
20181015,87.54,88.46,87.54,88.26,5470
20181016,87.96,88.95,87.96,88.64,1765
20181017,87.77,87.77,86.16,86.26,960
20181018,84.85,85.75,84.75,84.75,1753
20181019,85.77,86.29,85.48,85.77,1515
20181022,85.28,86.03,84.79,86,3711
20181023,83.72,83.72,81.91,82.2,6466
20181024,82.59,83.02,81.99,81.99,1941
20181025,83.41,83.48,83.02,83.18,663
20181026,82.4,83.97,82.33,83.67,2471
20181029,82.82,83.31,81.97,82.05,8718
20181030,80.99,82.36,80.95,81.84,2798
20181031,81.58,81.68,80.53,80.53,1049
20181101,80.73,80.73,78.27,78.52,3363
20181102,78.24,78.47,77.81,77.81,1210
20181105,78.83,79.02,77.62,77.65,1226
20181106,78.11,78.27,76.01,76.92,5858
20181107,77.39,77.55,75.81,76.17,2537
20181108,75.68,76.11,74.86,74.93,4646
20181109,73.82,74.8,73.36,74.05,32393
20181112,75.06,75.55,72.6,72.87,6383
20181113,72.51,75.65,67.87,68.35,10368
20181114,70.18,70.91,69.47,69.69,6966
20181115,69.92,70.67,69.76,69.95,12596
20181116,71.2,71.69,69.95,70.31,4563
20181119,69.26,70.93,68.38,70.77,5844
20181120,69.04,69.04,65.33,65.79,3400
20181121,67.1,68.58,66.81,67.2,3743
20181123,63.5,63.76,62.65,63.34,9276
20181126,63.8,64.35,63.6,63.86,5471
20181127,64.02,64.61,62.22,63.86,10559
20181128,63.11,64.12,62.06,62.39,10775
20181129,63.14,64.35,62.85,63.32,8861
20181130,62.06,63.5,61.5,62.32,6008
20181203,65.33,65.66,64.5,65.63,5194
20181204,65.63,65.89,65.24,65.4,2601
20181206,63.34,63.99,61.96,63.89,13661
20181207,66.35,66.68,64.65,64.81,2477
20181210,63.47,64.25,62.65,62.75,8714
20181211,64.58,64.58,63.78,63.93,6788
20181212,64.35,64.81,63.06,63.14,7120
20181213,62.75,65.5,62.57,65.43,3150
20181214,64.71,64.71,63.11,63.11,1692
20181217,63.29,63.29,58.66,60.95,14185
20181218,60.55,60.55,56.82,57.28,14191
20181219,58.19,59.28,58.19,58.26,5039
20181220,57.11,57.74,56.25,56.71,6024
20181221,56.23,56.75,55.67,55.9,12205
20181224,55.38,55.39,54.2,54.2,5033
20181226,54.16,57.82,53.87,57.82,16507
20181227,55.91,56.07,54.62,56.07,14259
20181228,55.28,55.94,54.89,55.61,13184
20181231,56.04,56.5,55.08,56.44,6766
20190102,54.89,58.53,54.59,57.38,12285
20190103,58.28,58.28,56.3,58.02,16649
20190104,59.34,60.52,58.84,59.4,5414
20190107,59.9,61.02,59.74,59.9,14060
20190108,60.78,61.31,60.39,61.15,12892
20190109,63.09,64.54,62.27,64.41,13895
20190110,63.52,64.81,63.52,64.74,4300
20190111,63.85,64.34,63.09,63.67,2138
20190114,63.06,63.09,62.07,62.27,6201
20190115,63.36,64.07,63.36,63.92,3156
20190116,63.78,64.41,61.85,64.34,3070
20190117,63.39,64.57,63.03,64.11,1197
20190118,64.51,66.02,64.51,65.79,6087
20190122,64.48,64.84,63.75,64.74,20318
20190123,64.97,64.97,63.36,64.28,1441
20190124,64.4,65.13,63.57,65.04,2871
20190125,65.17,65.66,64.94,65.33,2634
20190128,63.55,63.72,62.85,63.68,3588
20190129,64.61,65.56,64.61,65,5858
20190130,65.86,66.91,65.66,66.16,5512
20190131,66.82,67.49,65.6,66.03,3713
20190201,66.55,67.77,66.55,67.61,2959
20190204,66.22,66.81,65.17,66.81,3039
20190205,65.53,66.55,65.5,65.63,1661
20190206,65.23,67.22,65.04,66.02,1284
20190207,65.5,65.5,63.49,64.41,2352
20190208,64.41,64.49,64.18,64.4,1424
20190211,63.22,64.31,62.89,64.11,3113
20190212,66.02,66.02,64.97,64.97,20853
20190213,65.86,66.81,65.86,66.12,3779
20190214,65.69,66.81,65.1,66.81,7620
20190215,67.67,68.26,67.57,68.2,61801
20190219,67.84,68.63,67.84,68.59,2726
20190220,68.3,69.91,68.3,69.55,32763
20190221,69.38,69.52,69.06,69.12,6534
20190222,69.85,70.18,69.52,69.55,9450
20190225,68.3,68.3,67.11,67.41,2495
20190226,67.9,68,67.34,67.67,2113
20190227,69.48,69.59,69.22,69.31,55262
20190228,69.32,69.78,69.25,69.57,1766
20190301,69.35,69.35,67.74,67.9,2335
20190304,69.22,69.22,68.2,68.76,1942
20190305,69.22,69.22,68.73,68.8,9483
20190306,68.13,68.5,67.47,68.41,1664
20190307,68.96,69.02,68.56,68.86,8293
20190308,67.11,68.33,66.68,68.33,4803
20190311,68.82,69.29,68.73,69.02,2680
20190312,69.81,69.81,68.14,69.22,749
20190313,70.12,71.03,70.12,71.03,108927
20190314,71.03,71.26,70.97,71.06,2452
20190315,70.44,71.1,70.37,70.9,3050
20190318,71.3,71.79,71.3,71.54,1076
20190319,72.02,72.02,71.42,71.46,5472
20190320,71.32,72.55,71.26,72.48,7874
20190321,72.55,72.68,72.12,72.12,1558
20190322,71.36,71.36,70.37,71.09,3467
20190325,70.67,71.23,70.67,71.06,6285
20190326,72.46,72.54,71.96,72.12,1540
20190327,72.48,72.48,71.16,71.62,3752
20190328,71.21,71.58,70.98,71.58,2817
20190329,72.41,72.56,72.28,72.42,745
20190401,73.34,74.26,73.34,74.17,2041
20190402,74.66,74.99,74.5,74.99,2042
20190403,75.22,75.22,74.89,74.99,616
20190404,75.05,75.32,74.63,74.74,961
20190405,75.12,76.13,75.12,76.13,2271
20190408,76.08,78.95,76.08,77.43,23346
20190409,82.51,82.51,76.67,76.99,28981
20190410,77.3,77.63,77.14,77.55,502
20190411,76.95,77.27,76.28,76.61,8206
20190412,77.17,77.33,76.8,76.8,8496
20190415,76.37,76.77,75.95,76.54,1537
20190416,76.22,77.29,76.22,77.29,1810
20190417,77.33,77.33,76.75,76.75,994
20190418,76.84,77,76.51,76.95,1696
20190422,78.82,79.21,78.69,78.82,6035
20190423,79.31,79.94,79.25,79.66,9454
20190424,79.64,81.01,78.95,79.05,4142
20190425,79.09,79.15,78.06,78.16,1854
20190426,77.23,77.23,75.15,75.75,2560
20190429,75.83,76.46,75.83,76.45,1597
20190430,77.2,77.2,76.64,76.79,1867
20190501,76.84,76.84,75.52,76.44,3051
20190502,74.69,74.69,73.4,74.18,68042
20190503,74.3,75.05,74.26,74.59,1693
20190506,74.06,75.62,74,75.59,2925
20190507,73.8,73.8,73.5,73.5,820
20190508,73.9,74.92,73.9,74.49,1271
20190509,74.2,74.33,73.57,73.93,2007
20190510,73.97,74.36,73.97,74.09,425
20190513,75.91,76.18,73.11,73.24,5507
20190514,74.2,74.63,73.97,74.49,612
20190515,73.87,75.01,73.77,75.01,1529
20190516,75.63,76.19,75.63,75.81,26590
20190517,75.85,76.28,75.35,75.5,1605
20190520,75.81,76.14,75.52,76.08,2686
20190521,75.72,75.98,75.62,75.76,1899
20190522,74.99,74.99,73.32,73.44,2890
20190523,71.49,71.49,69.19,69.62,68596
20190524,70.07,70.07,69.11,69.77,1147
20190528,71.42,71.42,70.5,70.76,593
20190529,69.2,69.2,68.56,68.56,509
20190530,70.9,70.9,67.69,67.83,2662
20190531,65.94,66.29,63.73,63.93,273614
20190603,65.26,65.26,63.34,63.34,3209
20190604,63.87,64.37,63.62,64.34,2051
20190605,63.63,63.63,61.46,62.16,2216
20190606,61.89,63.96,61.69,63.96,2722
20190607,63.34,65.14,63.34,65.14,12887
20190610,64.92,65.05,63.87,64.1,2659
20190611,64.66,64.66,63.83,64.06,1567
20190612,62.84,62.84,61.06,61.48,3050
20190613,63.83,63.83,62.41,62.71,3501
20190614,63.04,63.6,62.93,63.24,3239
20190617,62.74,62.91,62.74,62.91,518
20190618,64.99,64.99,64.53,64.76,600
20190619,64.05,65.34,64.05,65.28,11642
20190620,67.4,68.35,67.4,68.35,3646
20190621,68.49,68.98,68.49,68.82,3971
20190624,69.01,69.21,68.09,69.21,3820
20190625,69.8,69.8,69.24,69.44,732
20190626,70.83,71.56,70.81,70.81,1119
20190627,71.11,71.39,70.83,70.96,1945
20190628,70.83,71.13,69.27,69.37,4467
20190701,71.43,71.43,70.13,70.77,3969
20190702,70.33,70.33,67.48,67.55,3448
20190703,68.15,68.15,67.45,68.08,1044
20190705,68.34,69.24,68.34,69.01,2410
20190708,69.5,69.67,68.61,68.88,555
20190709,69.11,69.5,69.11,69.5,1249
20190710,71.14,72.42,69.52,72.25,4352
20190711,72.52,72.62,71.99,72.09,1438
20190712,72.19,72.55,72.18,72.55,431
20190715,72.75,72.75,71.26,71.29,1294
20190716,71.76,71.76,68.54,69.54,5843
20190717,69.77,69.77,67.72,67.78,2898
20190718,68.05,68.05,66.07,66.62,3476
20190719,66.22,66.35,65.99,65.99,273
20190722,67.32,67.48,67.15,67.35,1268
20190723,67.15,67.76,67.15,67.76,342
20190724,68.13,68.94,66.69,66.79,436
20190725,67.75,67.75,67.28,67.52,261
20190726,67.09,67.35,67.09,67.35,93
20190729,67.53,67.72,67.53,67.72,108
20190730,68.52,69.61,68.39,69.61,2471
20190731,69.87,70,69.41,69.41,2183
20190801,68.31,68.51,64.6,65.13,3676
20190802,66.49,66.82,66.13,66.13,1379
20190805,65.26,66.42,65.26,65.66,35550
20190806,65.56,65.56,64.34,64.34,632
20190807,61.95,62.81,61.05,62.55,3653
20190808,62.61,62.77,62.49,62.65,974
20190809,64.87,65.3,64.83,65.07,1229
20190812,65.5,65.56,65.33,65.46,836
20190813,65.33,68.68,60.71,68.21,4528
20190814,66,66.03,65.2,65.96,1472
20190815,65.06,65.63,64.7,65.3,3510
20190816,65.7,65.76,65.66,65.76,514
20190819,66.75,66.99,66.36,66.59,806
20190820,66.42,67.05,66.22,67.02,1017
20190821,66.92,66.99,66.92,66.99,1639
20190822,67.45,67.45,65.88,66.39,1248
20190823,65.04,65.33,64.24,64.6,937
20190826,66.07,66.07,64.4,64.4,6041
20190827,64.73,66.01,64.73,65.89,2460
20190828,67.62,68.87,66.75,67.05,4222
20190829,67.25,68.11,67.25,67.81,8269
20190830,67.66,67.66,65.46,66.06,3042
20190903,64,64.8,63.67,64.77,2224
20190904,66.59,67.58,66.49,67.58,214
20190905,68.15,68.97,67.15,67.35,5010
20190906,66.13,67.88,66.09,67.88,1411
20190909,68.74,69.74,68.74,69.64,54324
20190910,69.8,70.17,68.68,68.96,1699
20190911,69.07,69.07,66.92,67.15,28015
20190912,65.26,66.19,65.16,66.09,31477
20190913,66.22,66.22,65.66,66.06,1216
20190916,72.06,75.14,71.82,73.94,15657
20190917,74.41,74.41,70.4,70.82,11283
20190918,69.7,70.4,69.64,69.64,5483
20190919,70.43,70.64,69.94,70.13,2432
20190920,70.53,70.73,69.8,70.2,1299
20190923,70.03,70.53,69.9,70.23,611
20190924,69.9,69.9,68.55,68.55,1127
20190925,67.07,67.98,67.07,67.98,499
20190926,67.13,67.96,66.7,67.96,2867
20190927,66.7,68,66.7,67.18,4882
20190930,66.33,66.77,65.04,65.2,3321
20191001,65.68,65.68,64.14,64.57,1680
20191002,64.41,64.41,62.91,63.27,3551
20191003,62.31,63.09,61.48,62.84,17846
20191004,70.09,70.09,62.84,63.14,3412
20191007,63.63,63.63,63.63,63.63,3
20191008,62.64,63.3,62.64,62.87,12244
20191009,64.44,64.44,63.21,63.38,3453
20191010,64.04,64.61,64.04,64.55,1478
20191011,65.02,65.9,64.94,65.9,15245
20191014,64.34,64.45,63.78,64.41,2010
20191015,64.11,64.37,63.71,63.71,506
20191016,63.41,64.51,63.41,64.37,1462
20191017,63.54,65.07,63.51,65.07,3459
20191018,65.17,65.17,64.31,64.64,1160
20191021,63.64,64.57,63.64,64.44,2218
20191022,65.17,65.87,64.84,65.34,2410
20191023,65,67.36,65,67.08,2065
20191024,67.5,67.81,67.33,67.33,1653
20191025,67.26,68.19,67,68.16,1926
20191028,68.19,68.36,67,67.19,1344
20191029,66.03,67.1,66,66.77,1547
20191030,66.57,66.57,65.67,65.67,1516
20191031,65.54,65.54,64.67,64.97,2857
20191101,66,67.7,66,67.66,1611
20191104,68.66,68.88,68.03,68.03,53759
20191105,68.66,69.03,68.66,68.79,4122
20191106,68.99,69.42,67.56,67.97,19095
20191107,69.06,69.52,68.6,68.63,2583
20191108,67.5,69.13,67.27,69.09,1760
20191111,67.8,68.93,67.8,68.39,5465
20191112,68.86,69.03,68.09,68.34,3152
20191113,68.66,69.03,68.66,68.69,1084
20191114,69.36,69.36,68.29,68.53,2696
20191115,68.74,69.66,68.74,69.52,318
20191118,69.06,69.06,68.33,68.49,952
20191119,67.4,67.46,66.43,66.57,5227
20191120,67.13,68.86,67,68.53,52560
20191121,69.62,70.25,69.53,70.25,1947
20191122,70.02,70.22,69.36,69.46,3149
20191125,69.68,69.68,69.23,69.52,1535
20191126,70.06,70.32,69.59,70.12,2413
20191127,70.22,70.29,69.16,69.82,4577
20191129,67.88,67.92,66.47,66.83,1348
20191202,67.9,67.9,67,67.26,2262
20191203,66.96,68.23,66.83,67.66,12414
20191204,69.39,70.32,69.39,70.16,4096
20191205,70.95,70.97,70.02,70.16,7072
20191206,69.82,71.72,69.72,70.95,5107
20191209,70.49,71.12,70.49,70.89,475
20191210,71.02,71.31,71.02,71.29,2066
20191211,70.99,70.99,70.16,70.67,4140
20191212,70.99,71.72,70.99,71.22,7678
20191213,71.55,72.55,71.52,72.2,3844
20191216,72.38,72.44,72.36,72.43,425
20191217,73.11,73.3,73.11,73.24,439
20191218,72.78,73.41,72.66,73.41,1425
20191219,73.41,73.68,73.31,73.45,951
20191220,72.71,72.78,72.42,72.65,20004
20191223,72.51,73.11,72.51,73.11,7658
20191224,73.25,73.44,73.25,73.44,315
20191226,74.23,74.43,74.2,74.2,567
20191227,74.04,74.43,73.77,74.2,434
20191230,74.43,74.7,73.73,74.16,786
20191231,73.87,74.25,73.87,74.25,153
20200102,73.67,73.73,73.23,73.62,11020
20200103,76.33,76.49,75.2,75.84,11248
20200106,76.56,76.56,75.77,75.88,5213
20200107,75.3,75.63,74.84,75.43,1633
20200108,75.1,75.1,71.57,72.77,14866
20200109,71.64,71.97,70.75,71.83,1380
20200110,71.1,71.7,71.04,71.08,7635
20200113,70.74,70.74,69.91,70.04,12372
20200114,70.54,70.6,70.14,70.44,2072
20200115,69.99,70.01,69.24,70.01,40330
20200116,70.52,70.83,70.37,70.37,991
20200117,70.84,70.84,70.44,70.55,303
20200121,70.17,70.67,70.17,70.3,659
20200122,68.94,68.94,68.21,68.34,2167
20200123,66.61,67.11,66.1,66.98,1534
20200124,65.98,65.98,64.98,65.51,13923
20200127,63.72,64.38,63.47,63.78,9659
20200128,64.18,64.91,63.92,64.61,6697
20200129,64.81,64.81,64.02,64.28,1969
20200130,62.99,63.59,62.55,63.59,5233
20200131,62.52,62.92,61.55,62.29,3521
20200203,61.72,61.92,60.27,60.29,7516
20200204,61.32,61.39,59.79,59.92,13543
20200205,61.79,62.39,60.99,61.75,13599
20200206,61.09,61.69,60.72,61.62,19541
20200207,60.76,61.52,60.62,60.79,4909
20200210,60.09,60.46,59.72,59.72,4988
20200211,60.99,60.99,60.04,60.32,6278
20200212,62.25,62.25,61.62,62.12,4603
20200213,62.02,62.35,61.75,62.19,3595
20200214,62.92,62.92,62.35,62.89,7541
20200218,61.79,62.85,61.79,62.82,4652
20200219,63.51,64.48,63.43,64.15,38530
20200220,64.78,65.23,64.52,64.58,51449
20200221,63.38,63.95,62.95,63.78,6818
20200224,60.82,61.69,60.69,61.45,5844
20200225,61.52,61.52,59.66,59.66,8898
20200226,59.49,60.06,57.91,58.29,41083
20200227,56.23,57.03,55.07,56.1,28057
20200228,53.9,54.33,52.7,54.23,9839
20200302,55.53,56.8,54.73,56.8,50691
20200303,56.9,58.19,55.77,56.63,8156
20200304,57.96,57.96,56.1,56.46,3894
20200305,56.13,56.24,54.81,55.08,5646
20200306,53.07,53.07,49.46,49.98,91593
20200309,39.43,43.22,37.03,37.63,86644
20200310,40.86,42.22,39.66,41.76,44268
20200311,40.49,40.73,39.43,39.96,40561
20200312,37.17,38.8,37.1,37.76,18737
20200313,39.63,40.69,37.8,40.19,14531
20200316,35.1,36.55,34.67,34.87,44269
20200317,34.8,35.18,32.59,32.79,22436
20200318,29.61,29.78,27.25,28.61,55489
20200319,29.08,33.71,28.12,31.31,22847
20200320,30.48,30.91,27.55,28.35,41934
20200323,29.95,29.95,26.95,28.25,19302
20200324,29.08,29.11,27.62,28.48,47420
20200325,28.12,29.58,27.29,29.13,37090
20200326,28.25,28.48,26.7,27.65,34079
20200327,26.65,26.65,24.92,25.69,112710
20200330,24.19,24.55,23.09,24.27,170118
20200331,25.39,25.39,24.17,24.57,172156
20200401,24.39,25.12,23.8,25.07,59298
20200402,26.35,32.12,25.87,29.42,142206
20200403,32.72,34.38,31.27,33.86,125900
20200406,32.32,32.62,30.93,31.45,207646
20200407,31.38,31.75,28.02,29.12,117307
20200408,29.26,30.92,28.43,30.86,147055
20200409,31.25,32.88,28,28.68,164198
20200413,29.05,30.32,28.54,28.68,224173
20200414,31.28,31.28,26.93,27.52,114920
20200415,26.52,26.52,25.39,25.95,151323
20200416,26.32,26.32,24.42,25.65,76450
20200417,25.25,25.85,24.69,25.32,160579
20200420,24.09,24.21,22.52,23.82,884708
20200421,23.58,23.58,14.925,17.004,434215
20200422,18.79,19.26,17.457,17.457,603204
20200423,19.769,19.783,17.657,18.723,246645
20200424,18.876,18.876,17.484,17.987,291886
20200427,15.738,15.738,15.022,15.305,471087
20200428,15.805,16.239,14.666,14.879,275778
20200429,16.291,16.291,15.205,15.472,226415
20200430,16.138,16.644,15.252,16.598,246926
20200501,16.245,16.298,15.723,15.927,220005
20200504,15.838,16.658,15.738,16.658,258021
20200505,17.75,18.61,17.324,18.238,387922
20200506,17.99,17.99,17.133,17.617,303581
20200507,18.36,18.423,16.937,17.157,222773
20200508,18.223,18.497,17.431,18.41,213214
20200511,18.683,18.683,17.391,17.65,112231
20200512,17.95,17.95,17.517,17.554,158857
20200513,17.81,17.867,17.051,17.344,101654
20200514,17.657,18.477,17.444,18.21,76349
20200515,18.816,19.156,18.48,19.156,98869
20200518,20.96,21,20.17,20.58,136785
20200519,21.06,21.06,20.16,20.39,143772
20200520,21.36,21.51,20.88,21.42,154584
20200521,21.95,21.95,21.32,21.65,132786
20200522,20.97,21.34,20.58,21.32,192698
20200526,22.53,22.53,21.3,21.72,81171
20200527,21.51,21.51,20.62,20.94,162204
20200528,20.72,21.65,20.7,21.26,85563
20200529,20.72,22.55,20.72,22.22,112254
20200601,21.62,22.56,21.61,22.51,96209
20200602,22.72,23.22,22.53,23.18,80428
20200603,23.28,23.65,22.83,23.17,155964
20200604,23.18,23.64,23.01,23.41,92417
20200605,24.32,24.85,24.17,24.67,213202
20200608,25.19,25.19,23.92,24.08,184137
20200609,23.39,24.47,23.39,24.31,108456
20200610,23.99,24.93,23.81,24.41,169105
20200611,22.2,23.33,22.2,22.64,368342
20200612,22.81,23.25,22.3,22.85,145883
20200615,21.95,23.38,21.82,23.25,126224
20200616,24.32,24.49,23.35,23.99,205369
20200617,23.59,24.03,23.57,23.62,79653
20200618,23.77,24.39,23.66,24.22,91485
20200619,24.89,25.15,23.92,24.63,147480
20200622,24.81,25.31,24.71,25.31,136226
20200623,25.63,25.65,24.92,25.03,137791
20200624,24.44,24.87,23.08,23.62,191941
20200625,23.25,24.3,23.25,24.26,130723
20200626,23.74,23.99,23.55,23.72,75517
20200629,24.08,24.75,23.74,24.58,174207
20200630,24.21,24.82,24.09,24.41,105083
20200701,24.65,24.83,24.32,24.65,108503
20200702,24.79,25.28,24.64,25.02,145754
20200706,24.93,25.45,24.93,25.19,70011
20200707,24.88,25.39,24.88,25.04,60923
20200708,25.07,25.46,25.05,25.37,97068
20200709,25.22,25.23,24.48,24.57,81951
20200710,24.67,25.33,24.67,25.02,52543
20200713,25.13,25.31,24.61,24.71,63644
20200714,24.44,25.22,24.42,25.07,78552
20200715,25.21,25.64,25.03,25.51,54572
20200716,25.29,25.55,25.18,25.33,39133
20200717,25.29,25.44,24.93,25.21,72509
20200720,25,25.38,24.79,25.26,35436
20200721,26.09,26.3,25.8,25.88,86329
20200722,25.76,25.98,25.55,25.87,42291
20200723,25.75,26,25.32,25.54,28228
20200724,25.53,25.53,25.18,25.49,34505
20200727,25.45,25.85,25.1,25.78,175364
20200728,25.55,25.55,25.34,25.37,26735
20200729,25.6,25.77,25.52,25.58,19526
20200730,25.08,25.08,24.07,24.91,129498
20200731,25.14,25.14,24.67,25.1,113160
20200803,25.09,25.57,25.03,25.33,88481
20200804,25.17,26.05,25.17,25.72,89188
20200805,26.77,26.91,26.07,26.12,61206
20200806,26.35,26.43,25.99,26.02,31707
20200807,25.81,25.81,25.51,25.73,53801
20200810,26.05,26.2,25.88,26.04,26740
20200811,26.41,26.48,25.75,25.77,74753
20200812,26.28,26.49,26.17,26.38,73874
20200813,26.35,26.46,26.11,26.23,19449
20200814,26.07,26.21,25.87,26.17,13287
20200817,26.02,26.61,26.02,26.54,28726
20200818,26.17,26.57,26.17,26.37,13969
20200819,26.38,26.59,26.22,26.43,43170
20200820,25.84,26.37,25.65,26.33,41626
20200821,25.59,26.07,25.55,26.03,37770
20200824,26.04,26.31,26.04,26.1,24589
20200825,26.65,26.73,26.4,26.69,61993
20200826,26.79,26.91,26.61,26.72,30207
20200827,26.69,26.69,26.17,26.43,23618
20200828,26.53,26.56,26.34,26.47,13819
20200831,26.54,26.55,26.25,26.31,34613
20200901,26.33,26.69,26.31,26.39,29204
20200902,26.21,26.32,25.47,25.63,42354
20200903,24.95,25.54,24.75,25.44,130893
20200904,25.25,25.25,24.32,24.39,87746
20200908,22.97,23.07,22.37,22.78,163352
20200909,22.92,23.63,22.79,23.45,69580
20200910,23.26,23.54,22.8,22.84,58454
20200911,22.85,23.23,22.83,23.1,34392
20200914,22.7,23.1,22.66,22.95,70270
20200915,23.08,23.6,22.89,23.51,47555
20200916,23.81,24.63,23.74,24.63,26818
20200917,24.24,25.21,24.2,25.05,40230
20200918,24.79,25.27,24.79,24.93,30423
20200921,24.14,24.59,23.7,24.22,77434
20200922,23.47,24.47,23.47,24.15,30004
20200923,24.09,24.67,23.99,23.99,65245
20200924,24.17,24.49,24.12,24.43,35184
20200925,24.11,24.47,24.11,24.33,37400
20200928,24.35,24.73,24.35,24.63,33123
20200929,24.18,24.25,23.39,23.68,116251
20200930,23.96,24.45,23.93,24.28,24953
20201001,23.66,23.85,22.89,23.51,69123
20201002,22.31,22.97,22.29,22.51,111643
20201005,23.65,24.09,23.48,23.92,138738
20201006,24.49,24.78,24.27,24.35,64606
20201007,24.2,24.31,23.87,24.31,25351
20201008,24.65,25.06,24.65,25.05,89455
20201009,24.9,25.11,24.59,24.62,27948
20201012,24.39,24.39,23.8,24.03,27257
20201013,24.31,24.57,24.31,24.45,24368
20201014,24.83,24.95,24.73,24.87,25293
20201015,23.81,24.85,23.81,24.85,65682
20201016,24.45,24.77,24.41,24.68,10045
20201019,24.85,24.86,24.6,24.6,18986
20201020,24.5,25.15,24.43,25,34197
20201021,24.63,24.66,23.96,24.09,70023
20201022,24.27,24.63,24.27,24.45,12677
20201023,24.54,24.54,23.85,23.91,21580
20201026,23.47,23.5,23.06,23.22,16672
20201027,23.29,23.94,23.29,23.74,22433
20201028,22.63,22.7,22.41,22.51,35664
20201029,21.28,21.99,21.12,21.88,59622
20201030,21.67,21.68,21.28,21.4,64139
20201102,21.42,22.43,21.4,22.43,42116
20201103,22.99,23.03,22.64,22.81,54940
20201104,23.18,23.6,23.03,23.48,41960
20201105,23.46,23.67,23.18,23.23,219997
20201106,22.83,22.86,22.37,22.55,15775
20201109,24.55,24.67,24.12,24.12,108730
20201110,24.65,24.91,24.49,24.85,91600
20201111,25.53,25.58,24.84,24.98,39115
20201112,25.11,25.36,24.61,24.65,34518
20201113,24.48,24.48,24.1,24.15,30149
20201116,25.15,25.15,24.74,24.78,31879
20201117,24.54,24.82,24.52,24.82,14526
20201118,24.99,25.25,24.95,24.99,28994
20201119,24.95,25.07,24.76,25.04,58935
20201120,24.89,25.32,24.89,25.27,20144
20201123,25.49,25.63,25.37,25.49,27681
20201124,26.05,26.83,26.05,26.68,62628
20201125,27.14,27.44,26.87,27.23,38307
20201127,27.04,27.12,26.89,27.03,37105
20201130,26.94,27.09,26.55,26.83,27574
20201201,26.79,26.79,26.3,26.51,17332
20201202,26.32,27.27,26.32,26.85,34394
20201203,26.83,27.15,26.8,27.05,15576
20201204,27.21,27.53,27.21,27.37,26522
20201207,27.25,27.63,27.14,27.2,13126
20201208,27.07,27.23,26.93,27.14,8418
20201209,27.36,27.42,26.76,27.12,20552
20201210,27.59,28.32,27.59,27.86,41903
20201211,27.84,27.84,27.61,27.68,5764
20201214,27.85,27.91,27.27,27.87,32745
20201215,28.02,28.29,28.02,28.29,12323
20201216,28.22,28.46,28.07,28.42,14772
20201217,28.7,28.76,28.59,28.76,7766
20201218,28.95,29.22,28.88,29.12,19961
20201221,27.98,28.46,27.89,28.3,60686
20201222,27.94,28.12,27.72,27.77,35552
20201223,28.01,28.64,28.01,28.42,9352
20201224,28.33,28.48,28.28,28.48,12028
20201228,28.32,28.63,28.21,28.23,8343
20201229,28.54,28.54,28.32,28.43,19910
20201230,28.22,28.68,28.22,28.54,15552
20201231,28.44,28.68,28.36,28.65,8638
20210104,28.6,28.83,27.99,28.01,46133
20210105,28.98,29.65,28.94,29.54,39593
20210106,29.5,30.06,29.28,29.76,52447
20210107,29.92,30.1,29.86,30.09,19454
20210108,30.54,30.98,30.42,30.97,30760
20210111,30.48,30.91,30.28,30.76,53298
20210112,31.07,31.4,31.04,31.37,29701
20210113,31.18,31.41,31.06,31.24,21833
20210114,31.06,31.71,31.06,31.66,35021
20210115,31.13,31.2,30.64,30.84,42643
20210119,31.18,31.33,31.02,31.23,37925
20210120,31.61,31.65,31.22,31.3,16460
20210121,31.38,31.46,31.23,31.26,30187
20210122,30.49,31.07,30.46,30.74,12503
20210125,30.68,31.16,30.66,31.12,14358
20210126,31.16,31.24,30.94,30.94,35189
20210127,30.97,31.4,30.62,31.02,34954
20210128,31.47,31.5,30.83,30.84,14582
20210129,31.16,31.26,30.71,30.76,19673
20210201,31.22,31.64,30.84,31.6,14867
20210202,32.51,32.51,32.18,32.3,153040
20210203,32.65,33.11,32.65,32.89,26956
20210204,32.96,33.28,32.63,33.2,16451
20210205,33.74,33.74,33.36,33.58,50065
20210208,33.82,34.23,33.81,34.17,92114
20210209,33.95,34.44,33.81,34.4,11347
20210210,34.31,34.65,34.27,34.51,19286
20210211,34.54,34.57,34.13,34.2,14864
20210212,34.29,35.18,34.28,35.14,23391
20210216,35.62,35.62,35.21,35.57,58380
20210217,35.46,36.09,35.35,36.09,12101
20210218,36.65,36.65,35.36,35.43,39494
20210219,35.45,35.59,34.78,34.87,34293
20210222,35.43,36.39,35.42,36.39,36173
20210223,36.37,36.69,35.8,36.66,24590
20210224,36.92,37.45,36.78,37.35,49720
20210225,37.17,37.48,37.13,37.42,16298
20210226,37.09,37.09,36.25,36.35,91023
20210301,36.33,36.58,35.54,35.65,68511
20210302,35.89,36.05,35.22,35.24,15660
20210303,35.98,36.55,35.46,36.18,57868
20210304,36.64,38.23,36.51,37.93,58995
20210305,38.85,39.23,38.73,39.17,176076
20210308,39.01,39.01,38.22,38.23,47099
20210309,38.19,38.35,37.81,37.83,79119
20210310,38.15,38.46,37.56,38.39,50751
20210311,38.69,39.2,38.48,39.2,8346
20210312,38.97,39.2,38.89,38.93,22684
20210315,38.63,38.88,38.3,38.83,33015
20210316,38.33,38.63,38.24,38.5,9329
20210317,38.33,38.45,37.91,38.45,6880
20210318,37.69,37.69,34.86,35.41,158046
20210319,35.66,36.74,35.24,36.63,16903
20210322,36.45,36.84,36.43,36.45,65590
20210323,35.09,35.67,34.23,34.3,114423
20210324,35.43,36.49,35.34,36.18,31150
20210325,35.23,35.39,34.29,34.84,38926
20210326,35.9,36.51,35.9,36.26,21184
20210329,35.98,36.69,35.61,36.69,14237
20210330,35.95,36.35,35.95,36,7536
20210331,35.74,36.41,35.13,35.35,29692
20210401,36.25,36.7,35.14,36.48,75060
20210405,35.99,35.99,34.34,35.06,54659
20210406,35.59,36.25,35.31,35.39,65184
20210407,35.49,35.67,34.75,35.56,17735
20210408,35.32,35.62,35.14,35.47,18057
20210409,35.36,35.58,35.36,35.38,39279
20210412,35.71,35.75,35.55,35.59,78171
20210413,35.91,36.04,35.83,36.01,8259
20210414,36.58,37.7,36.58,37.52,88678
20210415,37.57,37.78,37.41,37.72,20001
20210416,37.75,37.75,37.5,37.62,9392
20210419,37.65,37.9,37.53,37.76,20641
20210420,37.87,37.87,36.73,37.27,16300
20210421,36.41,37.11,36.31,36.33,87672
20210422,36.76,36.77,36.25,36.67,30535
20210423,36.55,36.99,36.55,36.99,14371
20210426,36.42,36.99,36.39,36.86,12424
20210427,37.13,37.62,37.09,37.6,16748
20210428,37.86,38.31,37.86,37.99,29867
20210429,38.81,38.86,38.3,38.61,59368
20210430,37.84,38.01,37.66,37.78,15106
20210503,37.99,38.48,37.99,38.36,25952
20210504,38.96,39.16,38.77,39.14,20699
20210505,39.51,39.57,38.79,38.86,19128
20210506,39,39,38.51,38.61,26782
20210507,38.35,38.8,38.23,38.65,20797
20210510,39.03,39.03,38.21,38.61,25433
20210511,38.15,39.02,38.08,38.93,9851
20210512,39.25,39.65,39.18,39.24,37474
20210513,38.25,38.59,37.64,38.01,37667
20210514,38.67,38.95,38.58,38.95,10036
20210517,39.01,39.51,39.01,39.51,21049
20210518,39.37,39.45,38.32,39.13,18559
20210519,38.37,38.37,37.18,37.85,38940
20210520,37.69,37.81,37.03,37.05,26975
20210521,37.96,38.13,37.87,38.13,18401
20210524,38.65,39.23,38.47,39.21,438569
20210525,39.25,39.34,39.01,39.15,10567
20210526,38.95,39.39,38.95,39.36,28000
20210527,39.32,39.65,39.26,39.61,257175
20210528,39.85,39.89,39.35,39.46,43519
20210601,40.45,40.77,39.98,40.27,553350
20210602,40.51,40.78,40.33,40.73,33754
20210603,40.85,40.88,40.53,40.81,18961
20210604,41.2,41.2,40.86,41.08,28499
20210607,41.12,41.21,40.95,41.04,11676
20210608,40.96,41.6,40.72,41.56,12099
20210609,41.67,41.73,41.23,41.36,35063
20210610,41.71,41.78,40.75,41.58,28327
20210611,41.62,41.78,41.62,41.67,37540
20210614,41.98,42.1,41.73,41.88,13007
20210615,42.14,42.44,42.14,42.44,40550
20210616,42.38,42.8,42.26,42.29,29348
20210617,42.34,42.38,41.03,41.64,55597
20210618,41.42,42.03,41.42,41.85,53351
20210621,41.88,42.66,41.88,42.66,57496
20210622,42.66,42.88,42.58,42.81,50020
20210623,43.43,43.43,42.95,43.03,30246
20210624,42.86,43.21,42.72,43.13,20998
20210625,43.01,43.54,42.8,43.5,18205
20210628,43.39,43.39,42.81,42.87,121289
20210629,43.54,43.54,42.9,43.15,21537
20210630,43.36,43.36,43.08,43.17,17526
20210701,44.19,44.29,43.55,43.64,53803
20210702,43.5,44.09,43.5,44.07,7507
20210706,44.03,44.03,42.61,43.1,55449
20210707,43.17,43.17,39.95,42.14,308167
20210708,42.01,42.76,41.84,42.74,25449
20210709,43.05,43.59,43.05,43.5,19296
20210712,42.94,43.46,42.9,43.46,5095
20210713,43.66,44.27,43.56,44.23,13893
20210714,44.17,44.2,42.79,42.94,21647
20210715,42.51,42.99,42.49,42.49,22336
20210716,42.78,42.84,42.21,42.59,7644
20210719,41.03,41.3,39.48,39.79,67172
20210720,39.69,40.43,39.18,40.34,9553
20210721,41.03,42.01,41.03,41.94,13380
20210722,42.16,42.67,41.94,42.59,27670
20210723,42.71,42.85,42.59,42.85,5224
20210726,42.62,43.02,42.45,42.99,48887
20210727,43,43,42.52,42.78,10811
20210728,43.09,43.25,42.99,43.07,6985
20210729,43.43,43.87,43.41,43.84,12376
20210730,43.98,44.15,43.76,43.91,7660
20210802,43.34,43.66,42.22,42.62,50831
20210803,41.6,42.39,41.56,42.32,19797
20210804,41.25,41.7,41,41,24409
20210805,41.33,41.78,41.28,41.73,8389
20210806,42.15,42.15,41.29,41.35,13885
20210809,40.5,40.62,39.99,40.57,37552
20210810,40.86,41.7,40.86,41.45,18058
20210811,41.12,42.04,41,42.04,13230
20210812,41.85,42.02,41.83,41.84,12028
20210813,41.8,41.88,41.23,41.23,7905
20210816,40.41,41.08,40.11,40.99,17055
20210817,40.9,40.94,40.37,40.53,18431
20210818,40.7,40.71,39.48,39.48,23711
20210819,38.62,38.97,38.2,38.97,32366
20210820,38.24,38.36,37.83,37.84,27471
20210823,39.44,40.14,39.44,39.95,38368
20210824,40.81,41.32,40.8,41.25,40181
20210825,41.48,41.72,41.05,41.57,19972
20210826,41.15,41.55,40.87,41.34,10829
20210827,41.71,41.99,41.71,41.89,21548
20210830,41.79,42.22,41.7,42.09,11492
20210831,41.92,42.1,41.78,41.82,9511
20210901,41.22,41.94,41.13,41.72,22969
20210902,42.62,43.06,42.6,42.6,12039
20210903,42.82,42.83,42.4,42.42,6504
20210907,41.78,42.11,41.78,41.85,37435
20210908,42.57,42.57,42.15,42.3,7770
20210909,41.7,42.39,41.39,41.61,8837
20210910,42.55,42.64,42.39,42.52,11506
20210913,43.01,43.15,42.77,43.01,15458
20210914,43.16,43.16,42.76,42.84,5005
20210915,43.63,44.08,43.63,43.78,20612
20210916,43.73,43.89,43.29,43.76,12310
20210917,43.38,43.5,43.34,43.5,4293
20210920,42.9,43,42.49,42.83,14666
20210921,42.73,42.94,42.3,42.92,12900
20210922,43.53,43.76,43.32,43.62,22568
20210923,43.68,44.35,43.68,44.34,104024
20210924,44.39,44.72,44.35,44.64,13815
20210927,45.57,45.73,45.43,45.65,23062
20210928,46.14,46.14,45.21,45.24,46382
20210929,45.44,45.78,45.2,45.36,30006
20210930,44.76,45.98,44.43,45.35,27300
20211001,45.39,46.01,45.33,45.95,32222
20211004,46.76,47.41,46.61,46.98,16124
20211005,47.28,47.94,47.28,47.84,16543
20211006,47.27,47.27,46.54,46.56,85528
20211007,46.67,47.61,46.3,47.61,17094
20211008,48,48.11,47.44,47.69,18971
20211011,48.51,48.61,48.26,48.28,22418
20211012,48.45,48.63,48.08,48.28,19476
20211013,47.87,48.51,47.78,48.38,13952
20211014,48.84,48.85,48.31,48.85,14262
20211015,49.12,49.24,48.88,48.97,36993
20211018,49.5,49.5,48.65,48.84,16383
20211019,48.87,49.51,48.65,49.11,56545
20211020,48.98,49.71,48.75,49.67,9926
20211021,49.21,49.44,48.39,48.99,26574
20211022,49.26,49.31,48.78,49.31,7258
20211025,49.67,49.78,49.25,49.25,18894
20211026,49.55,49.81,49.35,49.73,23315
20211027,49.13,49.48,48.49,48.49,27174
20211028,48.43,48.92,48.12,48.92,28001
20211029,48.61,48.78,48.14,48.55,23243
20211101,50.74,50.74,48.89,48.95,30034
20211102,49.26,49.26,48.53,48.89,30615
20211103,47.99,48.15,47.15,47.27,63109
20211104,49.14,49.14,46.9,47.09,77226
20211105,48.07,48.53,47.37,48.53,52589
20211108,48.99,49.02,48.6,48.86,70827
20211109,49.3,49.46,48.76,49.46,73579
20211110,49.54,49.54,47.94,48.15,45645
20211111,48.22,48.5,47.8,48.1,25834
20211112,47.75,48.1,47.64,47.87,20464
20211115,47.35,47.99,47.29,47.91,6763
20211116,47.98,48.52,47.7,48.51,44524
20211117,48.27,48.27,46.82,47.22,25190
20211118,47.65,47.79,47.06,47.64,80127
20211119,47.23,47.23,46.06,46.18,78341
20211122,46.73,47.16,46.41,46.78,72260
20211123,47.61,48.41,47.61,48.33,111271
20211124,48.13,48.44,47.81,48.13,93554
20211126,45.54,45.54,42.09,42.99,191730
20211129,45,45,43.09,43.44,85115
20211130,42.14,42.52,40.36,41.49,137857
20211201,43.1,43.1151,40.6638,40.78,104114
20211202,40.07,42.19,40.07,41.79,66074
20211203,43.11,43.1658,41.35,41.69,72393
20211206,42.71,43.92,42.32,43.79,68245
20211207,44.48,45.38,44.48,44.76,76280
20211208,44.96,45.5666,44.81,45.47,40269
20211209,45.1217,45.465,44.28,44.3,71508
20211210,44.74,45.15,44.4868,45.04,18032
20211213,44.5,45.17,44.47,44.63,34208
20211214,43.845,44.32,43.62,44.11,26776
20211215,43.8,44.82,43.61,44.66,29068
20211216,44.44,45.31,44.44,44.79,16286
20211217,44.17,44.47,43.57,43.83,14530
20211220,42.6,43.24,41.5657,43.23,30829
20211221,43.825,44.56,43.66,44.56,14168
20211222,44.5,45.2109,44.2316,45.21,30471
20211223,39.37,39.799,39.15,39.799,79166
20211227,39.79,40.825,39.5,40.67,21240
20211228,40.96,41.1,40.79,40.9,7402
20211229,40.67,41.64,40.67,41.11,64411
20211230,41.14,41.632,41.14,41.21,41973
20211231,41.22,41.27,40.4717,40.62,41059
20220103,40.56,41.2899,40.4758,41.097,36168
20220104,41.49,41.8983,41.38,41.58,26751
20220105,42.0627,42.13,41.4,41.401,21543
20220106,42.36,42.65,42.2301,42.43,32609
20220107,42.44,42.72,42.15,42.3286,33576
20220110,42.28,42.28,41.751,41.8,13250
20220111,42.31,43.379,42.13,43.3187,53217
20220112,43.6,44,43.48,43.8199,15478
20220113,43.85,43.979,43.3501,43.44,18130
20220114,43.62,44.57,43.62,44.57,11484
20220118,45.07,46.1302,44.774,45.49,136477
20220119,45.64,46.38,45.23,45.389,48803
20220120,45.93,46.1712,45.14,45.14,22972
20220121,45.05,45.4349,44.7445,45.2,23704
20220124,45.04,45.04,43.79,44.71,25432
20220125,44.64,45.42,44.46,45.26,69405
20220126,45.83,46.4,45.62,45.82,32862
20220127,46.65,46.65,45.625,45.94,24108
20220128,46.83,46.83,45.6,45.94,27053
20220131,46.3,46.35,45.549,46.29,38425
20220201,45.91,46.33,45.6,46.19,119573
20220202,46.38,46.43,45.6601,46.26,86223
20220203,46.09,47.07,45.95,46.93,22374
20220204,47.88,48.1473,47.72,47.84,41845
20220207,47.73,48,47.51,47.75,32446
20220208,46.88,47.56,46.51,46.99,28871
20220209,47.27,47.56,47.05,47.42,33046
20220210,47.36,48.07,47.1,47.13,24881
20220211,47.7,48.86,47.56,48.52,75602
20220214,48.18,49.24,47.89,48.86,131516
20220215,47.89,48.32,46.9,47.36,118641
20220216,48.54,48.54,46.86,46.86,18909
20220217,46.97,47.52,46.79,47.4,44674
20220218,47.11,47.93,46.52,47.82,34181
