Date,Open,High,Low,Close,Volume
20160511,23.87,23.87,23.87,23.87,100
20160512,23.74,23.74,23.74,23.74,200
20160513,23.74,23.74,23.74,23.74,100
20160516,23.73,23.73,23.73,23.73,300
20160518,23.3,23.3,23.28,23.3,1100
20160519,23.21,23.21,23.21,23.21,400
20160520,23.25,23.25,23.25,23.25,200
20160523,23.2,23.2,23.2,23.2,100
20160526,23.57,23.65,23.57,23.65,800
20160527,23.67,23.67,23.67,23.67,200
20160606,23.85,23.85,23.85,23.85,100
20160615,23.88,23.88,23.88,23.88,300
20160622,24.01,24.01,24.01,24.01,300
20160624,23.79,23.93,23.74,23.74,3100
20160627,23.55,23.55,23.55,23.55,200
20160629,24.23,24.23,24.23,24.23,100
20160630,24.54,24.54,24.54,24.54,100
20160701,24.67,24.7,24.64,24.7,2300
20160705,24.69,24.71,24.69,24.71,400
20160706,24.65,24.66,24.64,24.66,3500
20160708,24.66,24.66,24.66,24.66,100
20160712,25.01,25.07,25.01,25.07,1200
20160713,25.06,25.06,25.04,25.04,700
20160719,25.17,25.17,25.17,25.17,500
20160720,25.23,25.23,25.23,25.23,700
20160726,25.22,25.22,25.22,25.22,1100
20160818,25.11,25.11,25.11,25.11,1600
20160823,25.13,25.13,25.13,25.13,400
20160824,24.98,24.98,24.98,24.98,100
20160826,24.74,24.74,24.74,24.74,100
20160831,24.64,24.64,24.64,24.64,100
20160921,24.51,24.51,24.51,24.51,1100
20160927,24.76,24.76,24.76,24.76,200
20161004,24.43,24.43,24.43,24.43,200
20161011,24.23,24.23,24.23,24.23,200
20161118,24.23,24.23,24.23,24.23,100
20161128,24.74,24.74,24.74,24.74,1900
20161129,24.78,24.78,24.78,24.78,100
20161130,24.65,24.65,24.65,24.65,400
20161205,24.44,24.44,24.44,24.44,200
20170110,25.49,25.49,25.49,25.49,100
20170112,25.41,25.41,25.41,25.41,100
20170118,25.5,25.5,25.5,25.5,100
20170120,25.46,25.46,25.46,25.46,100
20170125,25.52,25.55,25.43,25.55,1600
20170206,25.53,25.53,25.53,25.53,600
20170210,25.82,25.82,25.82,25.82,100
20170213,25.97,25.97,25.97,25.97,500
20170214,25.9,25.9,25.9,25.9,300
20170217,26.18,26.18,26.17,26.17,300
20170222,26.37,26.37,26.36,26.36,1000
20170309,26.18,26.18,26.18,26.18,100
20170315,26,26.4,26,26.4,900
20170330,26.38,26.39,26.38,26.39,1000
20170419,26.29,26.29,26.29,26.29,400
20170427,26.56,26.56,26.56,26.56,300
20170524,26.47,26.55,26.47,26.55,500
20170605,26.99,26.99,26.99,26.99,600
20170607,26.94,26.94,26.94,26.94,100
20170613,27.03,27.03,27.03,27.03,200
20170621,27,27,27,27,200
20170629,26.9,26.9,26.9,26.9,200
20170705,26.9,26.9,26.9,26.9,200
20170731,27.21,27.21,27.21,27.21,100
20170801,27.26,27.32,27.26,27.32,300
20170803,27.26,27.26,27.26,27.26,100
20170807,27.25,27.26,27.25,27.26,300
20170821,26.94,26.94,26.94,26.94,100
20171004,27.72,27.72,27.72,27.72,100
20171130,29.02,29.02,29.02,29.02,100
20171207,28.89,28.89,28.89,28.89,400
20171220,29.26,29.26,29.26,29.26,100
20180103,29.55,29.55,29.55,29.55,100
20180104,29.62,29.62,29.62,29.62,100
20180105,29.69,29.69,29.68,29.68,200
20180119,30.02,30.02,30.02,30.02,400
20180125,30.64,30.64,30.64,30.64,200
20180129,30.76,30.76,30.76,30.76,200
20180205,29.26,29.26,29.26,29.26,100
20180206,28.31,28.31,28.31,28.31,100
20180306,29.47,29.47,29.47,29.47,200
20180320,29.11,29.11,29.11,29.11,400
20180326,28.35,28.35,28.35,28.35,200
20180327,28.61,28.84,28.61,28.81,300
20180329,28.82,28.82,28.82,28.82,100
20180406,29.04,29.04,28.88,28.88,200
20180410,28.9,28.93,28.9,28.93,4300
20180412,28.93,28.93,28.93,28.93,100
20180416,28.93,28.93,28.93,28.93,100
20180522,29.67,29.68,29.67,29.68,205
20180529,29.63,29.63,29.63,29.63,102
20180530,29.66,29.68,29.66,29.68,257
20180613,30.13,30.13,30.13,30.13,102
20180622,30.35,30.35,30.35,30.35,128
20180625,30,30,29.98,30,714
20180709,30.96,30.96,30.77,30.77,5681
20180717,30.92,30.92,30.92,30.92,259
20180725,31.12,31.12,31.12,31.12,102
20180727,30.99,30.99,30.99,30.99,205
20180817,31.63,31.63,31.63,31.63,102
20180912,31.72,31.72,31.72,31.72,116
20181008,31.49,31.49,31.36,31.41,511
20181010,31.73,31.73,31.73,31.73,510
20181012,30.48,30.56,30.4,30.42,7164
20181016,30.84,30.86,30.84,30.84,14204
20181018,30.67,30.67,30.67,30.67,102
20181113,30.86,30.86,30.86,30.86,204
20181128,30.41,30.41,30.41,30.41,102
20181129,30.7,30.7,30.7,30.7,102
20181130,30.81,30.81,30.81,30.81,102
20181203,31.1,31.1,31.1,31.1,102
20181204,31.12,31.12,31.12,31.12,102
20181206,30.06,30.06,30.06,30.06,102
20181207,30.31,30.31,30.31,30.31,102
20181210,30,30.08,30,30.08,234
20181211,30.08,30.08,30.08,30.08,30
20181212,30.08,30.08,30.08,30.08,30
20181213,30.08,30.08,30.08,30.08,30
20181214,29.6,29.6,29.6,29.6,30
20181217,28.88,28.88,28.88,28.88,30
20181218,28.83,28.83,28.83,28.83,30
20181219,28.83,28.83,28.83,28.83,30
20181220,28.83,28.83,28.83,28.83,30
20181221,28.83,28.83,28.83,28.83,30
20181224,26.816,26.818,26.756,26.756,1555
20181226,26.756,26.756,26.756,26.756,30
20181227,27.87,27.87,27.87,27.87,30
20181228,27.87,27.87,27.87,27.87,30
20181231,28.031,28.031,28.031,28.031,335
20190110,28.58,29,28.58,29,1568
20190111,28.78,28.78,28.78,28.78,401
20190114,28.66,28.93,28.66,28.92,1500
20190115,28.71,29.12,28.71,29.12,1199
20190116,29.09,29.09,29.08,29.08,800
20190117,28.87,29.28,28.87,29.28,1222
20190118,29.4,29.61,27.94,29.61,850
20190123,29.47,29.47,29.47,29.47,600
20190124,29.42,29.49,29.42,29.48,1000
20190125,29.81,29.81,29.81,29.81,100
20190128,29.64,29.64,29.64,29.64,100
20190129,29.67,29.67,29.67,29.67,100
20190208,30.18,30.18,30.18,30.18,178
20190220,31.3,31.3,31.3,31.3,400
