Date,Open,High,Low,Close,Volume
20181129,248.16,248.16,248.16,248.16,10
20181206,248.16,248.16,248.16,248.16,258
20181210,284.84,284.84,284.84,284.84,21
20181211,272.02,272.02,272.02,272.02,3
20181212,265.1,265.1,260.08,260.69,183
20181213,261.38,262.75,261.38,262.75,64
20181214,268.23,268.23,268.13,268.23,34
20181217,304.42,304.42,304.42,304.42,3
20181218,298.58,298.58,293.68,295.45,146
20181219,296.13,297,292.21,297,160
20181220,327.95,346.25,327.95,335.78,156
20181221,331.57,331.57,323.05,323.98,62
20181224,363.42,364.85,363.42,364.85,54
20181226,362.41,364.56,335.59,337.15,482
20181227,323.08,333.96,323.08,333.96,355
20181228,303.08,308.5,301,301.22,717
20181231,296.13,300.93,296.13,300.93,73
20190102,309.51,309.51,287.32,290.46,1157
20190103,297.69,307.56,297.43,307.07,506
20190104,289.18,289.18,271.71,279.74,954
20190107,269.11,269.11,255.11,257.17,935
20190108,248.75,255.01,248.16,255.01,784
20190109,249.73,250.51,249.73,250.51,33
20190110,257.52,257.52,248.5,248.5,808
20190111,249.73,250.32,248.65,249.34,595
20190114,251.1,254.04,248.75,249.24,707
20190115,249.53,251.05,245,250.02,1475
20190116,243.76,248.06,243.66,247.96,1526
20190117,250.22,250.22,241.6,243.63,579
20190118,236.71,236.71,232.23,233.87,1401
20190122,236.89,247.18,235.34,245.72,2374
20190123,240.82,245.62,239.45,245.62,84
20190124,241.31,241.31,241.31,241.31,24
20190125,230.06,231.71,230.06,230.74,60
20190128,241.02,241.22,239.39,239.39,106
20190129,240.28,240.28,240.28,240.28,3
20190130,233.77,234.36,225.55,225.55,54
20190131,225.55,225.55,217.82,220.09,168
20190201,227.01,230.3,227.01,230.3,88
20190204,230.05,230.54,225.45,225.45,93
20190205,218.3,220.65,218.3,219.19,434
20190206,217.34,223.1,217.34,223.1,53
20190207,225.46,230.05,225.45,229.98,205
20190208,232.08,233.38,231.03,231.37,376
20190211,227.9,228.78,227.7,228.2,144
20190212,221.14,221.14,221.14,221.14,13
20190213,214.89,215.47,213.8,215.47,159
20190214,225.16,225.16,214.68,214.68,115
20190215,212.43,212.87,212.43,212.87,92
20190219,211.45,211.45,208.22,208.22,349
20190220,208.52,208.95,208.52,208.95,284
20190221,210.09,211.48,210.08,211.48,258
20190222,206.55,206.55,206.55,206.55,13
20190225,204.16,208.39,204.16,208.39,125
20190226,208.52,208.91,207.14,207.34,494
20190227,209.3,212.14,209.3,212.14,105
20190228,213.32,213.57,211.26,211.26,411
20190301,208.81,209.99,207.73,207.77,411
20190304,204.25,212.63,203.52,212.11,570
20190305,206.34,206.34,206.34,206.34,3
20190306,208.62,209.05,208.62,209.05,64
20190307,211.45,219.38,211.45,218.21,102
20190308,225.16,225.16,223.8,223.8,39
20190311,218.79,218.79,213.15,213.15,56
20190312,213.01,214.14,211.45,211.45,59
20190313,208.52,208.52,208.52,208.52,100
20190314,211.65,211.65,210.86,210.86,73
20190315,207.42,207.42,207.42,207.42,13
20190318,204.8,204.8,204.75,204.75,23
20190319,195.13,195.13,193.34,193.34,33
20190320,201.98,201.98,195.01,197.17,573
20190321,195.04,195.15,192.97,192.97,225
20190322,193.34,200.53,193.34,200.53,784
20190325,220.68,220.68,194.85,196.46,635
20190326,195.22,195.22,195.22,195.22,3
20190327,195.84,196.44,193.37,196.44,204
20190328,197.03,197.03,197.03,197.03,20
20190329,189.32,189.32,189.32,189.32,13
20190401,186.44,186.44,183.47,183.47,505
20190402,184.39,184.39,183.19,183.19,43
20190403,178.09,178.92,178.09,178.88,334
20190404,178.93,178.93,176.76,176.76,93
20190405,172.7,173.59,172.09,172.09,346
20190408,170.7,170.7,170.7,170.7,3
20190409,173.84,174.49,173.67,174.49,817
20190410,176.35,176.35,173.88,173.88,73
20190411,172.98,173.18,171.6,173.18,845
20190412,171.8,171.8,169.97,169.97,97
20190415,170.2,170.21,168.46,168.46,463
20190416,166.35,166.35,166.35,166.35,155
20190417,164.76,164.76,164.76,164.76,3
20190418,165.38,165.38,165.38,165.38,3
20190422,167.15,167.54,165.96,167.28,68
20190423,167.34,167.34,162.13,162.13,128
20190424,159.44,159.68,159.44,159.68,40
20190425,163.84,163.84,163.63,163.63,60
20190426,159.93,159.93,159.93,159.93,3
20190429,160.42,161.8,160.42,161.21,318
20190430,164.37,164.37,162.58,162.58,215
20190501,167.58,167.58,167.58,167.58,3
20190502,167.54,170.41,166.25,167.64,323
20190503,162,162,161.22,161.22,48
20190506,169.52,169.52,165.17,165.17,179
20190507,167.24,174.22,167.24,174.22,184
20190508,173.68,173.68,169.52,169.52,145
20190509,177.15,177.68,173.68,174.57,276
20190510,180.5,181.99,178.13,178.13,89
20190513,187.87,188.93,187.64,187.64,83
20190514,186.54,186.54,182.88,182.88,43
20190515,189.21,189.21,180.5,180.5,144
20190516,173.39,174.37,173.39,174.37,64
20190517,172.94,174.86,172.94,174.69,112
20190520,182.98,183.67,181.59,183.67,137
20190521,182.19,182.88,179.03,179.03,94
20190522,183.77,184.86,182.78,184.86,84
20190523,189.21,192.28,189.21,192.28,119
20190524,187.33,191.19,187.33,191.19,52
20190528,189.91,189.91,189.91,189.91,13
20190529,199.11,201.88,199.11,200,124
20190530,197.03,197.72,195.24,195.84,163
20190531,204.56,205.46,202.17,204.46,246
20190603,206.23,210.19,205.93,206.73,141
20190604,201.43,202.82,194.85,194.85,206
20190605,188.82,193.14,188.82,190.99,133
20190606,189.91,189.91,187.04,187.04,175
20190607,183.67,183.67,177.6,177.6,64
20190610,171.51,174.37,170.02,174.13,606
20190611,172.28,172.28,172.28,172.28,3
20190612,172.22,173.48,171.96,171.96,321
20190613,172.19,172.19,168.48,168.48,94
20190614,167.5,168.53,166.16,166.25,842
20190617,164.97,166.06,164.97,166.06,119
20190618,160.61,160.9,160.06,160.49,224
20190619,163.58,164.97,163.58,164.97,198
20190620,158.34,160.51,158.34,160.51,104
20190621,159.62,159.62,158.88,159.03,154
20190624,162.49,163.48,162.49,163.48,38
20190625,164.37,164.37,164.37,164.37,79
20190626,167.09,167.09,165.44,166.6,98
20190627,163.57,163.57,163.57,163.57,3
20190628,161.92,162.92,161.92,162.92,73
20190701,158.24,159.33,154.36,158.64,211
20190702,160.23,160.23,157.05,157.05,93
20190703,153.66,153.86,153.62,153.62,48
20190705,154.88,156.45,154.86,154.86,86
20190708,153.76,153.76,152.27,152.27,123
20190709,153.36,153.86,151.07,151.17,163
20190710,151.07,151.07,150.38,150.38,33
20190711,149.78,149.79,149.28,149.55,133
20190712,146.29,146.29,144.3,144.4,261
20190715,144.31,144.51,143.01,143.01,223
20190716,142.52,144.5,142.52,143.41,183
20190717,146.26,147.05,145.85,147.02,416
20190718,148.98,150.87,147.97,147.97,448
20190719,150.44,150.44,150.44,150.44,33
20190722,149.68,152.57,149.68,150.9,332
20190723,148.73,149.13,148.41,148.41,290
20190724,148.49,148.49,146,146.13,123
20190725,147.68,148.29,146.5,148.22,1950
20190726,146.99,148.39,146.14,146.14,181
20190729,149.18,149.28,148.59,148.78,1056
20190730,150.48,151.37,150.48,151.12,73
20190731,153.16,157.98,152.54,156.26,257
20190801,156.25,164.21,151.47,163.21,587
20190802,165.01,169.09,165.01,166.95,247
20190805,176.95,184.21,176.95,180.13,1840
20190806,178.84,178.84,172.76,172.76,514
20190807,178.65,179.68,170.22,170.22,567
20190808,166.53,167.14,161.18,161.63,1805
20190809,161.32,167.88,161.32,164.41,1560
20190812,169.8,174.36,169.39,172.68,394
20190813,175.56,175.56,159.93,164.14,1507
20190814,173.57,179.02,172.77,178.05,1515
20190815,178.04,180.77,175.96,179.78,270
20190816,173.76,177.45,173.76,174.16,577
20190819,167.34,168.42,166.87,167.39,872
20190820,168.39,168.69,165.21,166.81,1343
20190821,168.19,168.19,158.74,158.94,988
20190822,156.44,160.48,155.85,157.14,1323
20190823,162.82,172.47,159.33,172.47,2984
20190826,166.8,170.48,166.2,166.4,1800
20190827,163.21,167.99,163.21,167.99,713
20190828,169.68,169.68,162.12,162.12,377
20190829,157.54,157.54,153.66,154.89,2379
20190830,153.45,157.54,153.45,156.95,750
20190903,159.13,160.13,157.71,159.73,1320
20190904,156.85,157.14,154.76,154.76,1166
20190905,149.68,149.68,145.4,146,1279
20190906,146.2,146.2,144.05,144.6,368
20190909,144.31,144.31,142.61,143.31,103
20190910,149.28,149.28,146.69,146.69,127
20190911,145.7,145.7,143.61,143.61,63
20190912,141.61,143.16,138.83,142.41,603
20190913,141.62,143.11,141.49,143.11,398
20190916,145.5,148.64,145.5,148.48,612
20190917,147.49,147.49,145.9,145.9,23
20190918,146.09,148.63,146,148.57,276
20190919,145.3,146.19,145.3,146.19,93
20190920,146.39,148.73,146.39,148.73,63
20190923,154.86,154.86,150.71,150.71,261
20190924,149.57,156.45,149.57,156.16,213
20190925,154.06,155.46,154.01,154.01,83
20190926,153.76,155.26,153.66,153.66,143
20190927,152.37,156.35,152.36,155.86,223
20190930,155.76,155.76,151.16,151.16,478
20191001,152.83,155.23,152.83,155.23,28
20191002,161.8,164.03,161.8,163.64,373
20191003,167.54,167.64,163,163,113
20191004,159.32,159.85,158.38,158.38,88
20191007,158.65,158.65,157.25,157.25,118
20191008,162.05,164.14,159.85,164.14,63
20191009,161.3,162.16,159.95,162.16,83
20191010,159.03,159.03,155.66,156.65,513
20191011,149.08,151.03,148.53,148.53,253
20191014,151.76,151.76,151.51,151.51,204
20191015,151.06,151.06,146.87,147.47,174
20191016,147.28,147.28,146.07,146.47,1367
20191017,145.17,145.17,144.44,144.77,277
20191018,145.49,147.02,145.49,147.02,58
20191021,142.18,144.57,142.18,144.21,174
20191022,146.07,146.07,145.09,145.97,160
20191023,149.37,150.26,148.96,150.2,1360
20191024,148.6,149.93,148.46,149.36,98
20191025,156.06,156.06,148.91,150.09,363
20191028,149.37,149.37,147.98,148.84,383
20191029,148.8,149.59,148.77,149.59,63
20191030,151.86,152.33,147.97,147.97,42
20191031,148.37,151.96,148.37,151.96,162
20191101,147.85,148.27,147.85,148.27,113
20191104,146.79,147.79,146.79,147.79,43
20191105,147.88,147.88,147.88,147.88,13
20191106,146.58,146.58,146.58,146.58,3
20191107,146.47,149.47,146.47,149.47,23
20191108,149.47,150.16,149.47,150.16,83
20191111,150.56,151.96,149.77,149.77,884
20191112,149.77,150.66,147.97,150.66,113
20191113,151.06,152.44,151.06,152.36,338
20191114,150.36,150.76,150.36,150.76,23
20191115,147.36,149.36,147.36,149.36,113
20191118,147.37,149.37,147.37,147.37,198
20191119,148.37,153.62,148.37,151.93,158
20191120,150.96,151.76,150.96,151.76,54
20191121,153.3,155.97,152.42,155.97,142
20191122,155.71,155.71,154.2,154.2,23
20191125,151.86,151.86,149.27,149.34,236
20191126,146.57,146.77,146.37,146.57,253
20191127,144.27,144.27,142.13,142.13,296
20191129,141.58,142.98,141.58,142.98,69
20191202,143.87,149.26,143.87,148.89,177
20191203,153.76,155.54,153.66,153.66,748
20191204,149.77,149.77,149.71,149.71,43
20191205,151.26,152.09,151.26,152.09,48
20191206,147.32,147.4,146.77,147.4,106
20191209,145.78,146.28,145.78,146.28,103
20191210,147.45,147.45,147.17,147.17,520
20191211,147.77,147.87,147.77,147.87,23
20191212,147.37,147.37,142.11,142.58,346
20191213,142.18,143.28,142.18,142.55,93
20191216,140.53,140.53,140.53,140.53,3
20191217,138.87,138.87,138.87,138.87,3
20191218,138.78,138.79,138.78,138.79,25
20191219,137.69,137.74,137.69,137.74,49
20191220,136.37,136.37,136.09,136.09,23
20191223,136.59,136.59,136.59,136.59,13
20191224,136.53,136.58,136.53,136.57,164
20191226,136.58,136.58,133.73,133.73,298
20191227,130.57,131,130.43,130.48,252
20191230,135.22,135.22,132.98,134.28,352
20191231,134.24,134.98,134.24,134.82,103
20200102,132.33,132.33,131.18,131.18,288
20200103,132.78,132.78,131.88,131.88,60
20200106,132.58,132.88,131.68,131.68,214
20200107,132.35,132.72,131.98,132.72,55
20200108,130.68,131.58,129.88,129.88,55
20200109,128.13,129.08,127.68,129.08,87
20200110,129.68,129.68,128.88,129.18,256
20200113,130.82,130.82,130.82,130.82,13
20200114,130.65,130.65,129.82,130.08,223
20200115,130.53,130.53,129.88,129.88,23
20200116,127.98,127.98,127.18,127.18,101
20200117,127.68,127.68,125.68,126.08,3180
20200121,127.76,128.58,126.88,126.88,517
20200122,124.48,127.18,124.48,127.18,453
20200123,130.56,130.56,126.98,126.98,33
20200124,130.47,133.18,130.47,132.28,231
20200127,142.17,142.17,136.33,138.28,1233
20200128,137.08,137.08,134.02,134.02,299
20200129,134.28,134.28,133.39,133.39,237
20200130,136.39,138.27,136.39,137.02,229
20200131,128.98,133.78,126.78,133.68,862
20200203,132.58,132.58,127.84,129.79,286
20200204,126.38,126.38,123.27,123.31,454
20200205,124.48,124.48,121.98,122.41,119
20200206,122.66,122.99,122.66,122.99,23
20200207,125.6,125.78,123.58,123.78,635
20200210,125.58,125.58,121.04,121.04,367
20200211,119.73,119.78,117.08,117.18,568
20200212,115.48,115.58,114.08,114.08,338
20200213,116.08,116.08,114.08,114.88,743
20200214,114.68,114.68,114.68,114.68,13
20200218,116.98,116.98,114.28,116.07,87
20200219,113.94,113.94,112.78,112.98,73
20200220,113.28,114.7,113.28,114.7,26
20200221,117.68,119.38,117.28,118.98,1045
20200224,132.78,132.78,128.11,130.67,2383
20200225,130.1,142.82,130.1,140.59,5719
20200226,137.78,145.77,135.78,144.37,3682
20200227,158.38,161.34,145.18,161.34,7812
20200228,194.37,194.37,167.87,167.87,6481
20200302,168.97,171.57,150.87,150.87,3362
20200303,150.57,163.26,142.47,159.9,4964
20200304,154.47,157.22,143.07,143.54,2663
20200305,156.37,161.87,152.97,159.97,6487
20200306,187.27,187.27,165.07,166.42,7329
20200309,219.36,258.95,185.37,195.27,11469
20200310,173.17,210.39,165.57,165.57,8590
20200311,184.47,197.96,177.67,191.67,11571
20200312,233.26,284.85,216.87,249.85,15405
20200313,204.86,294.75,204.86,210.01,16179
20200316,294.85,305.15,242.46,287.05,12983
20200317,269.95,348.64,233.71,252.96,10951
20200318,314.84,339.84,281.4,298.75,12150
20200319,303.55,349.94,244.96,265.65,11117
20200320,249.86,290.55,239.96,290.45,7334
20200323,294.65,311.44,270.85,282.45,11485
20200324,230.1,240,206.8,206.9,8762
20200325,201.2,210,160,196.319,12642
20200326,185.1,188,167.5,171.7,9012
20200327,190.5019,196.52,174.5728,186.6489,7182
20200330,185.1,193.08,173.501,176.001,3606
20200331,177.4,186.6,173.482,186.591,3143
20200401,213,215,198.864,211.7,10518
20200402,217.1,222.11,200.0001,209.1,10383
20200403,213.3,227.49,209.5,219.006,6666
20200406,183,193.65,161.8,164.3966,12310
20200407,142.6,157.2,136.4,156,14241
20200408,149.8,153.9,140.6,142.726,7434
20200409,132.6,138.39,127.3,134.101,12068
20200413,136.6,142.05,132.71,133.7,7487
20200414,125.4,126.9,118.2,119,9385
20200415,130.1,130.81,123.7269,126.8329,10113
20200416,125.8,127.7,117.695,120.901,7864
20200417,112.8,117,110,111.15,5865
20200420,115,116.5,110.5,116.2,6391
20200421,123.9,128.4,120.125,126,5315
20200422,120.5,120.5,115.972,118.3,4084
20200423,115.358,118.1,113.1,117.75,2706
20200424,116.3,117.26,110.551,112.501,2215
20200427,109.9,109.9,103.5,105.3,5351
20200428,98.3,105.9,98.2,104.8,4018
20200429,97.5,100.1,95.573,97.8,2254
20200430,98.4,101.8,97.65,99.8,2044
20200501,112.3,112.3,106.487,110,10151
20200504,125,125,108.49,109.1,7235
20200505,105,108.1,103.5,106.9,5355
20200506,105.4,107.55,103.8,106.804,1138
20200507,104.5,104.5,101,102.404,1822
20200508,100,100,96.2,96.2,3494
20200511,99.8,99.8,95,96.74,2915
20200512,96.1,103,95.151,102.7,3813
20200513,102.8,111.38,102.1,108.5659,8551
20200514,113.8,115.69,103.85,103.85,7482
20200515,107.8,107.8,100.4,100.5,3320
20200518,92.9,92.9,87.3,88.3,7098
20200519,90,90.2,85.5,89.3,4473
20200520,86.2,87.9,85.3,86.25,5930
20200521,86,88.5,84.04,85.35,6490
20200522,85,87.6,85,85.6,2782
20200526,79.6,81.9,77.98,81.4,7729
20200527,78.1,83.4,77.2,77.2,2810
20200528,78.16,80.9,75.999,79.603,3405
20200529,81.15,81.4,78.8,78.9,3878
20200601,78.3,79.09,76.1,76.9,3968
20200602,75.6,76.9,75.1,75.1,2295
20200603,73.4,73.41,70.3,70.8,4758
20200604,70.8,72.8,70.05,72.092,4032
20200605,66.1,67.4,65.5,66.5,6689
20200608,64.6,65.4,63.6,63.6,4062
20200609,66.1,66.5,64,64.8,6535
20200610,64.8,67,64.8,66.9,5164
20200611,73.9,77.9,70.501,77.6,16214
20200612,70.404,79.58,70.2054,75.1,9001
20200615,82.9,82.9,72.1,72.9,12036
20200616,65.8,72.4,65.8,68.7,13785
20200617,68,69.1,67.2,68.7,3300
20200618,70.5,70.6,68.7601,69.4961,3996
20200619,67,71.9,66.85,71.3,10065
20200622,72.2,72.2,69.1,69.2,2354
20200623,67.7,68.1,66.25,67.45,3284
20200624,69.2,74.3,68.3,72.1,16631
20200625,73.5,74.8,71.5,71.6,6944
20200626,71.75,76.85,71.75,76.6,4878
20200629,76.1,78.2,72.4,72.7,6128
20200630,72.2,72.9,68.8,69.5,6511
20200701,68.9,69.2,66.6,67.5,6697
20200702,65,67,63.4,66.8,3577
20200706,64,64.05,62,62,4525
20200707,62.6,65.1,62.4,65.001,1878
20200708,64.9,64.9,62.7,62.7,3937
20200709,62.3,65.5,62.19,62.7,3801
20200710,63.3,63.6,60.6,60.7,2758
20200713,59.9,63.23,56.31,63.1,7858
20200714,63.6,66.1,61.051,61.101,4412
20200715,58.4,60.6,58,58.597,6429
20200716,60.029,60.2,58.646,59.096,3396
20200717,58.9,60.1,58.6,59.701,832
20200720,60,60,56.5,56.601,2432
20200721,56,57.1,55.301,56.6,2533
20200722,56.8,56.8,55.2,55.2,1822
20200723,55.7,58.7,55.25,57.6,4389
20200724,58.4,59.35,56.7,57.201,6538
20200727,56.4,57.1,55.8,56.1,2191
20200728,56.12,57.92,56.12,57.92,2109
20200729,56.764,56.97,55.9,56.2,1187
20200730,57.4,57.91,55.6852,56.1001,4804
20200731,54.5,57.2,54.193,55.6,2593
20200803,55.2,55.8,54.9,55.6,1998
20200804,56.2,56.2,54.3,54.3,1614
20200805,53.9,53.9,52.3,52.4,1176
20200806,53.1,53.1,51.6,51.8,860
20200807,51.4,52.5,50.9,51.3,2588
20200810,51.1,51.1,49.479,49.5,3588
20200811,48.6,50.1,47.85,49.9,4193
20200812,48.6,48.85,47.5,47.8,3959
20200813,48.4,48.4,47.15,47.9,4028
20200814,48.1,48.33,47.7,47.9,3347
20200817,47,47.25,45.988,45.988,3434
20200818,45.5,46.5,45,45.3,5620
20200819,45.1,45.9,44.711,45.9,2740
20200820,47,47,45.75,46.05,1500
20200821,45.801,45.85,45.311,45.35,1384
20200824,44.7,44.7,43.2,43.4,2689
20200825,43.3,43.72,42.8,42.8,1755
20200826,42.6,42.85,41.508,41.8,1740
20200827,41.6,42.3,41.036,42,1070
20200828,41.5123,41.5123,41.5123,41.5123,130
20200831,41.35,41.35,41.1538,41.1538,504
20200901,40.654,40.725,40.5507,40.5507,800
20200902,39.8,39.8,38.55,38.6,970
20200903,39.305,43.2174,39.25,42.3007,4117
20200904,42.32,46.1698,42.32,43.7841,2424
20200908,45.65,46.4892,44.0417,45.635,3452
20200909,44.17,44.17,42.3166,42.3166,2734
20200910,44.0779,44.0779,44.0779,44.0779,1000
20200911,44.3,45.55,44.3,44.325,1160
20200914,43.53,43.53,43.041,43.041,878
20200915,42.171,42.171,42.041,42.057,855
20200916,41.6889,42.71,41.6889,42.71,1000
20200917,44.8918,45.26,44.6662,44.692,1551
20200918,44.69,46.65,44.69,46.65,1650
20200921,48.59,51.029,48.59,48.7154,9295
20200922,47.83,48.09,45.5501,45.5501,6956
20200923,44.945,45.625,44.945,45.625,450
20200924,48.171,48.4,48.171,48.4,300
20200925,47.9323,48,46.211,46.211,500
20200928,43.951,43.9807,43,43.1586,5183
20200930,42.05,42.0739,41.78,41.78,1089
20201001,41.9586,42.02,41.58,41.58,1766
20201002,43.0299,43.0299,42.031,42.031,600
20201005,41.37,41.37,40.78,40.995,914
20201007,40.1652,40.1652,40.1652,40.1652,1000
20201008,39.3486,39.3486,39.3486,39.3486,250
20201009,38.08,38.08,37.241,37.28,1059
20201012,36.57,36.84,35.6722,35.69,3983
20201013,35.8945,35.8945,35.8945,35.8945,100
20201014,36.4077,37.32,36.4077,37.32,270
20201015,38.49,38.49,38.278,38.278,253
20201016,36.405,37.03,36.405,37.03,2020
