Date,Open,High,Low,Close,Volume
20170922,24.94,24.94,24.94,24.94,100
20170925,24.88,24.9,24.88,24.9,300
20170928,25.03,25.03,25.03,25.03,12055
20170929,25.03,25.03,25.03,25.03,25
20171002,25.03,25.03,25.03,25.03,20
20171003,25.29,25.29,25.21,25.21,2000
20171010,25.21,25.21,25.21,25.21,1
20171013,25.539,25.539,25.539,25.539,316
20171016,25.55,25.55,25.53,25.53,3900
20171020,25.71,25.71,25.71,25.71,455
20171023,25.66,25.66,25.66,25.66,201
20171025,25.66,25.66,25.66,25.66,84
20171027,25.66,25.66,25.66,25.66,6
20171030,25.7,25.7,25.7,25.7,3000
20171102,26.06,26.06,26.06,26.06,5
20171103,25.78,25.78,25.78,25.78,298
20171106,25.8799,25.8799,25.8799,25.8799,200
20171109,26.1,26.1,26.1,26.1,98
20171110,25.8099,25.81,25.76,25.76,402
20171114,25.76,25.76,25.76,25.76,39
20171115,25.76,25.76,25.76,25.76,10
20171117,25.76,25.76,25.76,25.76,7
20171120,25.76,25.76,25.76,25.76,20
20171121,25.76,25.76,25.76,25.76,20
20171122,26.17,26.17,26.17,26.17,212
20171215,26.739,26.739,26.7175,26.7175,309
20171218,26.5847,26.5847,26.5847,26.5847,49
20171220,26.5847,26.5847,26.5847,26.5847,65
20171221,26.5847,26.5847,26.5847,26.5847,1
20171222,26.5847,26.5847,26.5847,26.5847,49
20171227,26.5847,26.5847,26.5847,26.5847,1
20171228,26.5847,26.5847,26.5847,26.5847,49
20180102,26.5847,26.5847,26.5847,26.5847,4
20180108,26.5847,26.5847,26.5847,26.5847,3
20180111,27.57,27.57,27.57,27.57,1580
20180116,27.57,27.57,27.57,27.57,30
20180122,27.57,27.57,27.57,27.57,2
20180123,28.955,28.955,28.955,28.955,100
20180124,28.46,28.46,28.46,28.46,100
20180130,28.12,28.12,28.12,28.12,200
20180206,26.295,26.295,26.295,26.295,380
20180207,26.52,26.52,26.52,26.52,2
20180209,26.0315,26.0315,26.0315,26.0315,100
20180212,26.6399,26.6399,26.6399,26.6399,150
20180216,26.6399,26.6399,26.6399,26.6399,50
20180222,27.24,27.24,27.24,27.24,100
20180226,27.59,27.59,27.59,27.59,100
20180312,27.95,27.97,27.9096,27.97,700
20180315,27.97,27.97,27.97,27.97,99
20180316,27.74,27.77,27.74,27.77,600
20180319,27.13,27.1651,27.06,27.06,500
20180321,27.19,27.2,27.19,27.2,600
20180328,27.2,27.2,27.2,27.2,93
20180403,25.95,25.95,25.95,25.95,147
20180404,25.95,25.95,25.95,25.95,93
20180409,26.34,26.34,26.34,26.34,400
20180417,27.08,27.08,27.08,27.08,400
20180501,27.08,27.08,27.08,27.08,39
20180502,27.08,27.08,27.08,27.08,93
20180509,27.05,27.05,27.05,27.05,200
20180510,27.05,27.05,27.05,27.05,39
20180511,27.05,27.05,27.05,27.05,49
20180515,27.14,27.14,27.14,27.14,150
20180518,27.35,27.35,27.3,27.3,600
20180523,27.3,27.3,27.3,27.3,35
20180529,27.13,27.13,26.96,26.98,7490
20180604,27.58,27.58,27.58,27.58,300
20180605,27.55,27.55,27.55,27.55,3700
20180606,27.62,27.62,27.62,27.62,2152
20180611,28.06,28.21,28.06,28.21,300
20180614,28.21,28.21,27.95,27.95,1200
20180615,27.9,27.9,27.9,27.9,100
20180618,27.76,27.76,27.76,27.76,100
20180625,27.26,27.26,27.07,27.07,300
20180626,27.23,27.23,27.23,27.23,100
20180627,27.36,27.36,27.36,27.36,100
20180628,26.82,27.21,26.82,27.21,550
20180629,27.41,27.41,27.41,27.41,100
20180706,27.39,27.39,27.39,27.39,1145
20180717,27.39,27.39,27.39,27.39,300
20180725,28.39,28.39,28.39,28.39,100
20180731,28.17,28.17,28.16,28.17,400
20180802,28.21,28.21,28.17,28.17,1130
20180807,28.6242,28.6242,28.6242,28.6242,100
20180813,28.55,28.55,28.55,28.55,800
20180814,28.39,28.39,28.39,28.39,100
20180816,28.74,28.74,28.74,28.74,270
20180817,28.49,28.53,28.46,28.53,300
20180904,29.105,29.105,29.105,29.105,570
20180910,29.105,29.105,27.64,27.64,600
20180911,28.91,28.91,28.91,28.91,100
20180917,29.04,29.04,29.04,29.04,100
20180919,29.1893,29.1893,29.1761,29.1761,1034
20180920,29.28,29.3271,29.27,29.295,3198
20180926,29.16,29.16,29.16,29.16,2000
20180927,29.16,29.16,29.16,29.16,2000
20181003,29.16,29.16,29.16,29.16,500
20181010,28.3707,28.3707,28.3707,28.3707,791
20181011,27.73,27.74,27.73,27.74,540
20181012,27.81,27.81,27.81,27.81,100
20181016,28.61,28.61,27.73,27.9748,2000
20181017,28.24,28.24,28.24,28.24,100
20181023,27.52,27.52,27,27,2245
20181024,26.96,26.96,26.86,26.86,500
20181025,25.67,25.67,25.67,25.67,270
20181026,26.69,26.69,26.69,26.69,300
20181029,25.68,26.52,25.68,26.13,840
20181030,26.53,27.3266,26.53,27.3266,1945
20181031,27.5469,27.5469,27.1269,27.1269,2728
20181102,27.1883,27.1883,27.115,27.115,1792
20181105,27.4199,27.42,27.4199,27.42,617
20181108,28.2,28.3,28.13,28.21,7460
20181109,28.06,28.06,27.89,27.89,1900
20181115,27.16,27.16,27.16,27.16,300
20181129,27.32,27.32,27.32,27.32,100
20181203,28.04,28.04,27.94,27.94,214
20181207,26.68,26.68,26.58,26.58,400
20181210,26.07,26.22,26.07,26.22,343
20181211,26.71,26.71,26.47,26.47,357
20181213,26.57,26.57,26.57,26.57,100
20181214,26.46,26.465,26.46,26.465,400
20181218,25.6101,25.69,24.64,25.67,3115
20181228,24.78,24.78,24.78,24.78,100
20181231,24.73,24.73,24.73,24.73,249
20190104,24.71,24.71,24.71,24.71,300
20190107,25.25,25.25,25.25,25.25,200
20190115,25.89,25.89,25.89,25.89,100
20190117,26.08,26.08,26.08,26.08,100
20190204,26.62,26.62,26.62,26.62,300
20190227,27.99,27.99,27.99,27.99,123
20190228,27.9155,27.9155,27.9155,27.9155,3148
20190304,28.08,28.08,28.08,28.08,300
20190315,28.2,28.24,28.2,28.23,749
20190318,28.2322,28.2322,28.2322,28.2322,1847
20190319,28.35,28.35,28.35,28.35,400
20190320,28.11,28.26,28.11,28.26,200
20190322,28.18,28.18,28.18,28.18,100
20190325,27.92,27.92,27.92,27.92,100
20190326,28.11,28.11,28.11,28.11,100
20190327,28.04,28.04,28,28,375
20190328,28.03,28.03,28.03,28.03,100
20190403,28.68,28.68,28.68,28.68,200
20190404,28.6634,28.77,28.6634,28.7125,1002
20190408,28.8,28.8,28.8,28.8,100
20190410,28.89,28.89,28.89,28.89,336
20190417,29.02,29.02,29.02,29.02,100
20190418,29.0858,29.0858,29.0858,29.0858,988
20190425,29.28,29.29,29.2701,29.2701,1102
20190426,29.41,29.4383,29.3357,29.4383,318
20190507,28.85,28.85,28.85,28.85,100
20190508,28.85,28.85,28.85,28.85,100
20190509,28.65,28.65,28.65,28.65,100
20190510,28.79,28.79,28.79,28.79,100
20190513,28.17,28.17,28.08,28.08,400
20190514,28.41,28.41,28.41,28.41,100
20190516,28.81,28.81,28.81,28.81,400
20190517,28.77,28.77,28.77,28.77,100
20190520,28.5231,28.5231,28.45,28.45,374
20190523,28.19,28.19,28.19,28.19,100
20190524,28.37,28.37,28.37,28.37,700
20190528,28.25,28.25,28.25,28.25,100
20190529,28,28,27.7,27.7,3748
20190530,27.91,27.91,27.91,27.91,100
20190531,27.64,27.64,27.64,27.64,100
20190603,27.5,27.56,27.5,27.56,275
20190604,27.9074,27.9074,27.9074,27.9074,256
20190606,28.25,28.25,28.25,28.25,1000
20190610,29.055,29.055,28.99,28.99,200
20190611,28.95,28.95,28.95,28.95,100
20190625,29.19,29.19,29.19,29.19,100
20190628,29.27,29.32,29.27,29.32,500
20190701,29.52,29.52,29.52,29.52,100
20190705,29.7976,29.7976,29.7976,29.7976,330
20190715,30.05,30.05,30.05,30.05,100
20190724,30.03,30.07,30.03,30.07,236
20190801,29.98,29.98,29.98,29.98,100
20190802,29.2,29.2,29.2,29.2,100
20190805,28.82,28.82,28.1136,28.1136,650
20190806,28.5,28.5,28.5,28.5,100
20190807,28.55,28.55,28.55,28.55,100
20190808,29.3,29.3,29.3,29.3,100
20190809,29.03,29.1,29.03,29.1,500
20190812,28.8946,28.9,28.8946,28.9,941
20190813,29.22,29.22,29.22,29.22,100
20190814,28.62,28.62,28.62,28.62,100
20190815,28.38,28.38,28.38,28.38,100
20190816,28.81,28.84,28.81,28.84,900
20190820,29.07,29.07,29.07,29.07,100
20190822,29.05,29.05,29.05,29.05,100
20190823,28.82,28.82,28.82,28.82,100
20190826,28.65,28.6775,28.65,28.6775,548
20190827,28.76,28.76,28.76,28.76,100
20190830,29.19,29.19,29.19,29.19,100
20190909,29.72,29.72,29.72,29.72,100
20190910,29.59,29.59,29.59,29.59,200
20190912,29.97,30,29.97,29.99,800
20190916,30.05,30.05,30.05,30.05,100
20190918,29.8761,29.8761,29.73,29.74,1165
20190919,30.07,30.07,30.07,30.07,100
20190920,29.99,29.99,29.99,29.99,100
20190924,29.83,29.83,29.83,29.83,200
20190926,29.67,29.67,29.67,29.67,100
20190927,29.47,29.47,29.47,29.47,100
20191001,29.41,29.41,29.41,29.41,100
20191002,28.71,28.71,28.71,28.71,144
20191003,28.95,28.95,28.95,28.95,100
20191024,29.9,29.9609,29.9,29.9609,200
20191031,30.1579,30.1579,30.1579,30.1579,100
20191101,30.52,30.52,30.5078,30.5078,608
20191105,30.63,30.63,30.63,30.63,335
20191106,30.5304,30.5304,30.52,30.52,282
20191119,31.1133,31.1133,31.1133,31.1133,140
20191122,31.0192,31.0192,31.0192,31.0192,300
20191126,31.36,31.36,31.36,31.36,140
20191204,31.0978,31.0978,31.0978,31.0978,290
20191212,31.65,31.65,31.65,31.65,100
20191219,32.01,32.01,32.01,32.01,100
20191226,32.1618,32.1618,32.1618,32.1618,163
20191231,32.07,32.07,32.07,32.07,179
20200103,32.2578,32.2578,32.2578,32.2578,154
20200108,32.48,32.48,32.48,32.48,307
20200114,32.865,32.865,32.84,32.84,941
20200127,32.76,32.76,32.43,32.43,242
20200204,33.0393,33.0557,32.9889,33.0557,589
20200205,33.17,33.17,33.17,33.17,140
20200206,33.4009,33.4009,33.4009,33.4009,100
20200207,33.32,33.3299,33.3,33.3299,429
20200210,33.33,33.48,33.3225,33.48,1881
20200211,33.6457,33.93,33.57,33.57,42075
20200212,33.7891,33.7891,33.7891,33.7891,115
20200213,33.7981,33.7981,33.7857,33.7857,492
20200214,33.789,33.789,33.75,33.75,400
20200218,33.63,33.7309,33.574,33.723,3199
20200220,33.95,33.95,33.95,33.95,200
20200221,33.47,33.55,33.47,33.539,1200
20200224,32.5617,32.68,32.2119,32.6292,9455
20200225,32.83,32.83,31.4925,31.4925,3569
20200226,31.72,32.41,31.14,31.14,26794
20200227,30.5584,30.65,30.2,30.2,15885
20200228,28.9446,29.4086,28.85,29.09,22175
20200302,29.58,30.17,29.58,30.17,500
20200303,29.9877,30.4134,29.9877,30.34,7358
20200304,30.48,31.275,30.48,31.275,28510
20200305,30.6,30.62,30.15,30.31,2650
20200306,29.399,29.66,29.22,29.66,504
20200309,28.05,28.4174,27.81,27.8411,1385
20200310,28.19,28.74,27.36,28.68,4400
20200311,28.21,28.21,27.08,27.31,2702
20200312,25.07,26.19,24.7522,25.28,29024
20200313,25.75,25.75,25.42,25.6156,968
20200316,25.0954,25.0954,24.7608,24.7608,930
20200317,24.3,25.06,24.3,24.88,15496
20200318,24.2267,24.2267,23.79,23.79,489
20200319,24.47,24.96,24.3885,24.3885,7390
20200320,24.495,24.495,23.21,23.21,2200
20200323,22.6,22.6,22.1796,22.1796,2348
20200324,23.66,23.99,23.66,23.84,1400
20200325,25.08,25.44,24.86,24.95,24404
20200326,25.3,25.96,25.3,25.93,711
20200327,25.74,25.79,25.3,25.3,400
20200330,25.49,26.06,25.49,26.01,882
20200331,26.07,26.07,25.78,26.05,1916
20200401,25.08,25.11,24.32,24.4685,37500
20200402,24.46,24.86,24.45,24.815,13000
20200403,24.66,24.66,24.6589,24.6589,334
20200406,26.1961,26.1961,26.1961,26.1961,252
20200407,27.0598,27.23,26.95,27.2197,3100
20200408,27.46,27.46,27.421,27.421,600
20200409,27.97,27.97,27.84,27.867,881
20200413,27.52,27.52,27.52,27.52,100
20200414,28.08,28.9,28.08,28.9,2582
20200415,28.3,28.3,27.59,27.81,500
20200416,27.73,27.8298,27.718,27.7498,2148
20200417,29.1,29.1,28.33,28.63,665
20200420,27.86,28.48,27.86,28.25,1336
20200421,27.74,27.74,27.25,27.455,1539
20200422,27.88,28.01,27.88,28.01,650
20200423,28.37,28.432,28.37,28.432,585
20200424,27.88,28.31,27.88,28.31,898
20200428,29.12,29.12,29.11,29.11,312
20200429,29.11,29.6,29.11,29.6,3824
20200430,29.05,29.21,28.77,28.84,5325
20200501,28.41,28.41,28.41,28.41,100
20200504,28.1491,28.1491,28.089,28.089,382
20200505,28.91,29.02,28.91,28.965,854
20200506,29.88,29.88,29.88,29.88,130
20200508,29.07,29.23,29.07,29.23,458
20200511,29.1099,29.17,29.1099,29.17,285
20200512,29.21,29.37,29.21,29.34,800
20200513,28.52,28.52,28.03,28.03,200
20200514,27.89,28.315,27.89,28.3,1047
20200518,29.61,29.61,29.54,29.54,1888
20200521,29.53,29.53,29.52,29.52,200
20200526,30.16,30.16,30.09,30.095,96158
20200527,30.08,30.12,30.08,30.12,2339
20200528,30.35,30.35,30.189,30.189,1370
20200529,30.14,30.21,30.14,30.18,1139
20200601,31.54,31.8865,30.5,30.5,723
20200602,30.66,30.66,30.63,30.63,486
20200603,30.81,31.25,30.81,31.25,1133
20200605,31.97,31.99,31.94,31.94,679
20200608,31.97,32.04,31.92,31.92,1770
20200609,32.02,32.03,31.883,31.94,5642
20200611,31.03,31.03,30.3,30.3292,2291
20200612,32.02,32.02,32.02,32.02,110
20200615,30.4,30.4,30.3899,30.3899,361
20200616,31.3599,31.3599,31.25,31.28,1265
20200617,31.405,31.405,31.08,31.18,750
20200618,31.21,31.21,31.21,31.21,363
20200619,31.61,31.61,31.5299,31.5299,696
20200622,31.1299,31.1299,31.1299,31.1299,291
20200623,31.43,31.56,31.39,31.43,1506
20200624,30.81,30.81,30.36,30.38,4312
20200625,30.55,30.9521,30.55,30.9521,1601
20200626,30.7,30.7,30.34,30.37,5019
20200629,30.2457,30.56,30.2457,30.56,1724
20200630,30.79,30.95,30.79,30.95,1796
20200701,31.4,31.4,31.4,31.4,272
20200702,31.46,31.46,31.44,31.44,200
20200706,31.91,31.91,31.88,31.88,397
20200707,31.98,31.98,31.8367,31.8367,1230
20200708,32.81,33.39,31.65,31.77,1125
20200709,31.34,31.34,31.34,31.34,110
20200710,31.87,31.91,31.8699,31.91,355
20200713,32.2247,32.2247,32.2247,32.2247,689
20200714,31.78,31.84,31.78,31.84,787
20200715,32.31,32.53,32.29,32.39,3843
20200716,32.34,32.345,32.34,32.345,241
20200717,32.49,32.49,32.49,32.49,155
20200720,32.2,32.66,32.2,32.64,1871
20200721,33.06,33.06,32.86,32.87,718
20200723,32.91,32.92,32.91,32.92,1046
20200724,32.41,32.41,32.3441,32.3993,799
20200727,33.29,33.29,32.49,32.64,2677
20200728,32.56,32.65,32.56,32.65,795
20200729,32.63,32.67,32.63,32.6688,1516
20200730,32.4821,32.4821,32.4821,32.4821,671
20200731,32.65,32.65,32.25,32.47,2629
20200803,33.23,33.27,33.23,33.27,564
20200804,33.23,33.242,33.2299,33.2299,1161
20200805,33.5197,33.56,33.5197,33.53,408
20200806,33.56,33.56,33.56,33.56,313
20200807,33.66,33.6946,33.61,33.6623,1221
20200810,33.75,33.7916,33.72,33.75,1170
20200811,33.87,33.89,33.85,33.85,1314
20200812,34.02,34.02,33.94,34,1019
20200813,34.06,34.12,34.02,34.0647,1013
20200817,34.1403,34.1403,34.1403,34.1403,181
20200818,34.1,34.25,34.1,34.23,2528
20200819,34.24,34.3084,34.24,34.2776,822
20200820,34.01,34.1,34.01,34.1,1144
20200821,34.21,34.22,34.21,34.22,432
20200824,35.02,35.02,34.5317,34.5317,1361
20200825,34.63,34.96,34.43,34.7721,7233
20200827,35.43,35.44,35.37,35.37,598
20200831,35.5625,35.75,35.5625,35.66,1702
20200901,35.74,35.93,35.6268,35.684,4140
20200902,35.7,36.14,35.7,36.14,1030
20200903,35.6,35.6,34.64,35.1395,2030
20200904,34.1799,34.51,34.1009,34.51,5775
20200908,33.91,33.9992,33.8329,33.9992,495
20200909,34.1255,34.4496,34.1255,34.405,814
20200910,34.52,34.52,34.08,34.2921,3688
20200911,33.9,33.94,33.51,33.51,1922
20200914,34.2699,34.3446,34.24,34.2569,4010
20200915,34.49,34.66,34.49,34.58,3104
20200916,34.62,34.62,34.3116,34.3116,4281
20200917,33.82,34.1089,33.7781,33.92,2630
20200918,33.65,33.65,33.5522,33.5522,344
20200921,32.73,32.8152,32.73,32.8152,1458
20200922,33.2925,33.2925,33.182,33.25,2476
20200923,33.89,33.89,32.91,32.94,2290
20200924,32.6,32.621,32.53,32.53,1783
20200928,33.816,33.93,33.74,33.87,2963
20200929,33.8699,33.8699,33.66,33.76,7104
20200930,33.93,34.21,33.7825,33.9147,7755
20201001,34.14,34.1591,34,34,1295
20201002,33.9273,34.03,33.92,33.92,4743
20201005,34.3,34.3,34.3,34.3,139
20201006,34.5209,34.5509,34,34,1379
20201007,34.4844,34.6044,34.4524,34.6044,3604
20201008,34.7777,34.8208,34.7777,34.8208,1051
20201009,36.17,36.17,35.05,35.47,5648
20201012,35.6699,35.9,35.6599,35.875,2872
20201013,35.745,35.745,35.47,35.47,947
20201014,35.436,35.48,35.33,35.48,900
20201015,35.38,35.38,34.97,35.2392,2522
20201016,36.53,36.53,35.32,35.32,2366
20201019,35.3499,35.3499,34.85,34.85,2229
20201020,34.9481,35.16,34.9017,34.9017,2069
20201021,35.1,35.11,34.7867,34.92,5403
20201022,34.46,34.91,34.46,34.91,3853
20201023,35.64,35.64,34.9,34.9793,1869
20201026,35.1,35.1,34.25,34.34,1531
20201027,34.37,34.51,34.37,34.49,3921
20201028,33.9,33.9,33.3289,33.4992,8736
20201029,33.13,33.6201,33.13,33.6201,4649
20201030,33,33.0001,32.865,32.88,2174
20201102,33.6,33.6,33.2405,33.53,6288
20201103,34.14,34.1404,34.05,34.08,4219
20201104,35.0296,35.25,34.915,34.915,1813
20201105,35.7,35.78,35.6155,35.63,4488
20201106,35.5972,35.71,35.5972,35.6,11360
20201109,38.0571,38.0571,36.24,36.29,5738
20201110,35.72,35.96,35.72,35.88,4239
20201111,35.9,36.2,35.9,36.2,6614
20201112,36.11,36.3,35.9225,35.9225,1281
20201113,36.066,36.13,36.066,36.13,897
20201116,36.57,36.57,36.57,36.57,108
20201117,36.57,36.75,36.57,36.62,4757
20201118,37.73,37.73,36.48,36.5373,10418
20201119,36.25,36.53,36.1301,36.53,4737
20201120,35.96,36.37,35.96,36.32,2048
20201123,36.37,36.6698,36.3389,36.63,4255
20201124,36.81,36.96,36.8,36.96,5614
20201125,37.8,37.8,37.0024,37.0299,6463
20201127,37.14,37.32,37.11,37.118,2416
20201130,37.24,37.285,36.85,36.85,4699
20201201,37.32,37.459,37.22,37.22,5555
20201202,37.17,37.339,37.17,37.235,7287
20201203,37.4,37.46,37.4,37.4015,1008
20201204,37.5185,37.6703,37.5185,37.64,9827
20201207,37.7,37.7,37.5988,37.6696,3576
20201208,37.85,37.91,37.54,37.91,13048
20201209,37.98,37.98,37.39,37.39,4610
20201210,38.04,38.04,37.38,37.56,1304
20201211,37.74,37.74,37.09,37.495,8207
20201214,37.56,37.64,37.38,37.46,9356
20201215,37.6528,37.86,37.544,37.71,7502
20201216,37.8531,37.8987,37.67,37.8987,7951
20201217,38.0197,38.14,38.0197,38.085,5856
20201218,37.98,38.01,37.8498,38.01,3523
20201221,38.19,38.19,37.72,37.77,3506
20201222,37.7517,38.02,37.7517,37.9089,2702
20201223,38,38.4963,37.9855,38.4963,2666
20201224,38.01,38.166,37.88,38.0557,9231
20201228,38.07,38.24,38.02,38.2394,8700
20201229,38.71,38.71,37.9714,37.9799,5185
20201230,38.2865,38.2865,38.17,38.17,7704
20201231,38.165,38.36,38.13,38.3142,5269
20210104,39.34,39.34,37.6429,37.82,4956
20210105,37.96,38.1985,37.8401,38.04,6652
20210106,38.05,38.62,38.05,38.44,6792
20210107,38.7,38.96,38.22,38.22,51445
20210108,39.85,39.85,38.3,38.75,54093
20210111,38.75,38.9,38.41,38.7,27766
20210112,38.8,38.9641,38.695,38.81,11702
20210113,38.86,38.99,38.86,38.99,8112
20210114,39,39,38.79,38.79,8356
20210115,38.75,38.75,38.45,38.5024,7896
20210119,38.62,38.9191,38.6099,38.893,7193
20210120,39.19,39.4257,39.19,39.4257,5368
20210121,39.71,39.71,39.3573,39.4077,9713
20210122,39.4,39.46,39.1821,39.42,6534
20210125,39.62,39.62,39,39.3,8931
20210126,39.51,39.51,39.33,39.49,3840
20210127,39.3,39.3,38.19,38.19,11815
20210128,38.89,39.1535,38.8,38.805,4057
20210129,38.72,38.72,37.7701,38.17,9076
20210201,38.71,38.7199,38.2477,38.625,3700
20210202,39.16,39.39,38.85,38.97,60176
20210203,39.61,39.61,39.1896,39.1896,5366
20210204,39.28,39.5,39.2601,39.5,7898
20210205,39.55,39.88,39.55,39.7637,5054
20210208,40.015,40.25,39.8975,39.92,1964
20210209,40.1,40.17,40.0661,40.17,16144
20210210,40.1,40.3,40.0376,40.3,1277
20210211,40.15,40.16,40,40.14,9550
20210212,40.22,40.225,40.22,40.22,1106
20210216,40.76,40.76,40.3,40.34,5292
20210217,40.39,40.39,40.075,40.23,7649
20210218,40.24,40.24,39.93,40.215,4436
20210219,40.24,40.25,40.085,40.11,2491
20210222,40,40,39.75,39.75,7018
20210223,39.69,39.8,39.0125,39.8,3651
20210224,39.2,40.1099,39.2,40.0699,6817
20210225,39.98,39.98,38.98,38.98,45513
20210226,38.8,39.3907,38.8,39.11,3264
20210301,39.77,39.9599,39.435,39.9599,9386
20210302,40.18,40.18,39.59,39.59,11942
20210303,39.59,39.59,39,39,14488
20210304,39.08,39.08,37.93,38.26,28519
20210305,38.1714,39.055,38.1714,39.055,4185
20210308,39.53,39.53,38.87,39.02,979
20210309,39.4804,39.73,39.46,39.46,5470
20210310,39.63,39.7596,39.61,39.66,21662825
20210311,40.34,40.34,40.1,40.17,18702
20210312,39.98,40.19,39.9633,40.14,2259
20210315,40.59,40.59,40.145,40.5,20965085
20210316,40.6,40.62,40.42,40.46,8610
20210317,40.28,40.56,40.03,40.56,6478
20210318,40.6,40.6,40,40,4630
20210319,39.63,39.98,39.63,39.835,4443
20210322,39.39,40.08,39.39,40.07,2451
20210323,40.08,40.1092,39.62,39.7,12194
20210324,39.96,39.96,39.37,39.37,2138
20210325,39.14,39.645,39.14,39.645,4678
20210326,39.833,39.99,39.69,39.99,4483
20210329,40.155,40.37,39.95,40.31,9413
20210330,40.015,40.15,40.005,40.0225,28850
20210331,40.4099,40.48,40.36,40.39,3253
20210401,40.75,40.787,40.62,40.787,6582
20210405,41.06,41.36,41.06,41.28,1511
20210406,41.6,41.6,41.31,41.34,4262
20210407,41.405,41.44,41.26,41.3,9127
20210408,41.545,41.61,41.51,41.6,4815
20210409,41.675,41.73,41.675,41.73,1585
20210412,41.78,41.93,41.78,41.91,7504
20210413,41.99,42.15,41.97,42.12,13529
20210414,42,42.19,41.995,41.995,6834
20210415,42.33,42.4,42.18,42.355,4255
20210416,42.82,42.82,42.34,42.45,13205
20210419,42.42,42.43,42.1335,42.2089,5945
20210420,42.43,42.43,41.83,42.01,11275
20210421,41.81,42.26,41.81,42.26,3319
20210422,42.34,42.57,41.9,42.07,6450
20210423,42.21,42.5499,42.1,42.5499,7302
20210426,42.67,42.67,42.55,42.62,3453
20210427,42.56,42.64,42.56,42.64,2938
20210428,42.59,42.72,42.52,42.5325,4795
20210429,42.84,42.87,42.45,42.83,3540269
20210430,42.5521,42.5521,42.44,42.5193,2565
20210503,42.99,42.99,42.58,42.63,9291
20210504,42.25,42.25,41.88,42.05,15950
20210505,42.24,42.45,41.201,42.2,6418
20210506,42.05,42.34,42.01,42.24,4053
20210507,42.71,42.87,42.71,42.79,3905
20210510,42.7,42.78,42.4,42.4,7127
20210511,41.78,42.045,41.56,42.01,9493
20210512,41.99,41.99,41.08,41.12,14944
20210513,41.4899,41.77,41.41,41.77,2122
20210514,42.01,42.265,41.9,42.19,2486
20210517,42.25,42.25,41.91,42.07,4097
20210518,42.14,42.16,42,42,3760
20210519,41.25,41.58,41.12,41.52,13017
20210520,41.89,42.2501,41.89,42.22,3265
20210521,42.68,42.68,42.17,42.22,4512
20210524,42.62,42.74,42.6,42.71,2854
20210525,42.6,42.705,42.5,42.51,8614
20210526,42.87,42.87,42.47,42.55,6533
20210527,42.65,42.7,42.635,42.6481,7135
20210528,42.61,42.77,42.61,42.72,3896
20210601,42.84,42.84,42.62,42.69,7564
20210602,42.715,42.765,42.62,42.68,5320
20210603,42.58,42.67,42.45,42.57,8544
20210604,42.81,43.006,42.7907,42.96,9610
20210607,43.08,43.08,42.8341,42.96,12709
20210608,42.9,42.99,42.86,42.99,3879
20210609,43.06,43.06,42.935,42.9775,5822
20210610,43.06,43.1394,43.06,43.09,1666
20210611,43.1,43.1,43.02,43.08,2569
20210614,43.13,43.21,43.1,43.21,8709
20210615,43.26,43.29,43.12,43.1899,3923
20210616,43.31,43.31,42.969,42.98,2801
20210617,42.93,43.04,42.89,43,1932
20210618,42.6199,42.71,42.5,42.5,6308
20210621,42.46,43,42.46,42.9001,5960
20210622,43.043,43.22,42.99,43.22,4481
20210623,43.51,43.54,43.25,43.28,3505
20210624,43.5,43.569,43.4301,43.55,3668
20210625,43.55,43.62,43.5301,43.61,7461
20210628,43.95,43.95,43.6,43.75,2722
20210629,43.82,43.87,43.74,43.7685,7290
20210630,43.78,43.79,43.78,43.78,870
20210701,43.93,44.01,43.9095,43.9995,11091
20210702,44.115,44.29,44.115,44.255,10627
20210706,44.48,44.48,43.98,44.29,2734
20210707,44.45,44.45,44.2191,44.45,2513
20210708,43.9,44.13,43.73,43.9793,13293
20210709,44.3,44.49,44.3,44.4485,4584
20210712,44.64,44.689,44.53,44.689,18625
20210713,44.67,44.709,44.5,44.5,8557
20210714,44.54,44.6799,44.4477,44.57,3584
20210715,44.42,44.43,44.2795,44.34,2292
20210716,44.41,44.41,44.09,44.15,4365
20210719,43.36,43.46,43.19,43.35,3029
20210720,43.485,44.2,43.485,44.16,3700
20210721,44.28,44.3796,44.28,44.3401,4413
20210722,44.57,44.57,44.39,44.53,2742
20210723,44.89,45.03,44.6901,45.018,36539
20210726,45.01,45.08,45.01,45.0401,5700
20210727,44.651,44.83,44.6026,44.83,3345
20210728,44.87,45.01,44.85,45.01,1742
20210729,45.07,45.19,45.07,45.07,5551
20210730,45,45,44.83,44.8806,4435
20210802,45.29,45.29,44.81,44.81,5620
20210803,44.8,45.109,44.8,45.1,4247
20210804,45.09,45.09,44.9202,45.01,3205
20210805,45.0601,45.1792,45.0601,45.125,1763
20210806,45.27,45.27,45.24,45.24,4458
20210809,45.15,45.27,45.15,45.24,1303
20210810,45.27,45.3,45.21,45.23,4538
20210811,45.36,45.36,45.24,45.32,28152
20210812,45.24,45.44,45.24,45.42,2242
20210813,45.53,45.54,45.515,45.5175,1465
20210816,45.43,45.62,45.235,45.6,3756
20210817,45.33,45.41,45.01,45.2099,3336
20210818,45.315,45.34,45,45,4737
20210819,44.42,45,44.18,45,2787
20210820,45.08,45.28,45.08,45.26,2701
20210823,45.54,45.76,45.54,45.6999,2911
20210824,45.86,45.86,45.7398,45.7398,7990
20210825,45.82,45.93,45.78,45.8712,4474
20210826,45.9,45.91,45.645,45.645,3788
20210827,45.7357,46.02,45.7357,46,1512
20210830,46.2,46.32,46.18,46.23,5545
20210831,46.17,46.25,46.159,46.189,7200
20210901,46.43,46.47,46.18,46.18,6487
20210902,46.375,46.375,46.31,46.31,882
20210903,46.24,46.39,46.24,46.3892,2486
20210907,46.32,46.32,46.2,46.2,3047
20210908,46,46.09,46,46.089,4534
20210909,46.1931,46.1931,45.989,46,1772
20210910,46,46.14,45.64,45.64,1487
20210913,45.48,45.66,45.43,45.66,8412
20210914,45.5338,45.5338,45.33,45.4,177794
20210915,45.375,45.8,45.375,45.8,4360
20210916,45.669,45.75,45.55,45.75,17470
20210917,45.41,45.46,45.325,45.35,8077
20210920,44.69,44.69,43.9001,44.33,4554
20210921,44.56,44.64,44.44,44.61,4677
20210922,44.73,45.07,44.73,44.85,7213
20210923,44.93,45.55,44.93,45.45,6110
20210924,45.33,45.39,45.3,45.3,10114
20210927,45.37,45.37,45.18,45.27,2793
20210928,44.33,44.59,44.3,44.356,6387
20210929,44.48,44.58,44.32,44.41,6612
20210930,44.43,44.44,43.98,44.05,9059
20211001,44.23,44.35,43.742,44.35,24761
20211004,44.115,44.146,43.53,43.59,6775
20211005,43.77,44.3915,43.77,44.24,3111
20211006,43.92,44.36,43.65,44.36,4080
20211007,44.82,45.11,44.82,44.866,4538
20211008,44.99,44.99,44.645,44.82,16584
20211011,44.7,44.8,44.589,44.589,1366
20211012,44.6,44.61,44.23,44.35,128518
20211013,44.62,44.62,44.23,44.53,7761
20211014,44.94,45.24,44.94,45.23,11529
20211015,45.38,45.6,45.38,45.6,11688
20211018,45.49,45.82,45.37,45.74,46155
20211019,46.02,46.12,45.89,46.08,11164
20211020,46.17,46.2521,46.17,46.21,1925
20211021,46.25,46.31,46.17,46.31,4502
20211022,46.23,46.38,46.21,46.34,7617
20211025,46.53,46.64,46.41,46.5561,1296101
20211026,46.73,46.84,46.57,46.66,1931
20211027,46.58,46.69,46.43,46.43,5520840
20211028,46.6,46.7697,46.5301,46.7697,2740
20211029,46.64,46.9,46.64,46.9,7561
20211101,47.03,47.03,46.8199,46.8886,4016
20211102,47.02,47.1476,47.02,47.1476,16278
20211103,47.11,47.465,47.07,47.45,9201
20211104,47.61,47.64,47.552,47.62,3835
20211105,47.865,48.01,47.705,47.82,28927
20211108,47.94,47.94,47.82,47.86,2256
20211109,48,48,47.6195,47.689,1953
20211110,47.64,47.73,47.308,47.33,5957
20211111,47.4,47.42,47.34,47.34,3478
20211112,47.4399,47.739,47.41,47.68,17228
20211115,47.94,47.94,47.6511,47.71,15022
20211116,47.805,48.025,47.8,47.958,3459
20211117,47.8016,47.859,47.792,47.792,11450
20211118,47.97,47.97,47.65,47.92,82171
20211119,47.86,47.91,47.8,47.8,1562
20211122,48.09,48.23,47.79,47.88,22187
20211123,47.66,47.66,47.326,47.64,14410
20211124,47.57,47.74,47.57,47.74,13984
20211126,47.16,47.21,46.65,46.82,9469
20211129,47.37,47.51,47.05,47.39,8815
20211130,47.05,47.2117,46.3921,46.41,13615
20211201,46.91,47.08,45.73,45.73,4939
20211202,45.7,46.59,45.7,46.38,9183
20211203,46.29,46.315,45.59,46.01,7006
20211206,46.16,46.683,45.9801,46.49,13599
20211207,47.18,47.582,47.18,47.51,9475
20211208,47.54,47.726,47.456,47.72,3438
20211209,47.67,47.67,47.2851,47.2851,75833
20211210,47.7,47.7,47.44,47.66,31554
20211213,47.76,47.76,47.3,47.43,19132
20211214,46.96,47.08,46.65,46.84,10132
20211215,47.03,47.62,46.68,47.59,10446
20211216,47.85,47.85,47.05,47.3,3056
20211217,47.16,47.16,46.72,46.75,23106
20211220,45.995,46.12,45.78,46.0935,5832
20211221,46.58,46.95,46.32,46.86,9341
20211222,46.84,47.35,46.84,47.32,11278
20211223,47.6294,47.848,47.6294,47.76,3675
20211227,47.89,48.39,47.89,48.39,95446
20211228,48.485,48.485,48.24,48.25,4444
20211229,48.31,48.39,48.23,48.39,3072
20211230,48.44,48.47,48.25,48.25,2257
20211231,48.26,48.37,48.12,48.23,3191
20220103,48.32,48.32,48.06,48.27,147294
20220104,48.3,48.5084,48.03,48.42,1404
20220105,48.14,48.21,47.42,47.435,13754
20220106,47.26,47.4,47.25,47.4,5379
20220107,47.2,47.21,46.92,47.055,2853
20220110,46.52,46.97,46.01,46.97,6651
20220111,46.7083,47.48,46.7083,47.47,2144478
20220112,47.7,47.75,47.5401,47.56,1345
20220113,47.87,47.87,46.83,46.83,10585
20220114,46.75,46.78,46.36,46.78,553247
20220118,46.41,46.41,45.935,46.02,33925
20220119,46.1,46.25,45.5,45.5,14304
20220120,45.89,46.22,44.975,45.02,16295
20220121,45.11,45.11,44.13,44.4,8828
20220124,43.78,44.225,42.36,44.225,13675
20220125,43.25,44.044,43.25,43.65,8747
20220126,44.43,44.69,43.44,43.45,14752
20220127,44.11,44.22,43.21,43.45,6365
20220128,43.78,44.49,43.68,44.49,6914
20220131,44.77,45.15,44.735,45.15,3875
20220201,45.4599,45.71,45.05,45.71,9882
20220202,46.01,46.11,45.6001,46.04,9880
20220203,45.45,45.54,44.96,44.96,27107
20220204,44.87,45.58,44.765,45.58,4904
20220207,45.22,45.4,45.09,45.1,4792
20220208,44.93,45.44,44.93,45.21,5004
20220209,45.9631,46.17,45.9,46.14,8386
20220210,45.81,46.14,45.194,45.194,12136
20220211,45.34,45.34,44.42,44.43,4333
20220214,44.25,44.52,43.96,44.12,13434
20220215,44.91,44.979,44.79,44.9508,2180
20220216,44.66,45.06,44.66,45.06,2506
20220217,44.5,44.5,43.99,44.036,4721
20220218,44.3,44.3,43.55,43.9886,8761
