Date,Open,High,Low,Close,Volume
20131113,11.307,11.307,11.284,11.307,751
20131115,11.413,11.413,11.383,11.383,1851
20131118,11.511,11.511,11.489,11.489,1322
20131120,11.466,11.466,11.307,11.307,793
20131121,11.337,11.337,11.337,11.337,222
20131125,11.473,11.496,11.473,11.489,3304
20131126,11.519,11.549,11.518,11.549,4760
20131127,11.708,11.715,11.685,11.715,5474
20131129,11.889,11.942,11.889,11.942,20690
20131202,11.836,11.859,11.797,11.829,5138
20131203,11.821,11.821,11.806,11.806,3643
20131204,11.594,11.602,11.481,11.602,2068
20131205,11.67,11.67,11.617,11.625,3176
20131206,11.534,11.67,11.534,11.67,1679
20131209,11.715,11.715,11.715,11.715,1983
20131210,11.882,11.882,11.844,11.844,2776
20131211,11.829,11.829,11.791,11.791,4283
20131212,11.753,11.753,11.647,11.655,3769
20131213,11.602,11.64,11.602,11.64,1627
20131216,11.715,11.715,11.693,11.693,310
20131217,11.693,11.693,11.662,11.662,4271
20131218,11.67,11.67,11.662,11.662,396
20131219,11.655,11.67,11.647,11.647,3993
20131220,11.753,11.761,11.753,11.761,2303
20131223,11.904,11.904,11.904,11.904,2114
20131224,11.867,11.867,11.867,11.867,397
20131226,11.935,11.95,11.92,11.95,2935
20131227,11.988,12.01,11.972,11.973,3957
20131230,12.003,12.01,12.002,12.01,1091
20131231,11.98,11.98,11.965,11.965,866
20140102,11.904,11.942,11.891,11.942,16645
20140103,12.162,12.162,12.131,12.131,6298
20140106,12.199,12.199,12.139,12.154,4003
20140107,12.373,12.396,12.298,12.355,7697
20140108,12.51,12.547,12.51,12.525,39414
20140109,12.691,12.714,12.634,12.661,15369
20140110,12.744,12.744,12.698,12.744,25438
20140113,12.789,12.865,12.789,12.861,25505
20140114,12.683,12.721,12.593,12.661,17835
20140115,12.744,12.744,12.698,12.724,32048
20140116,12.759,12.774,12.668,12.714,43877
20140117,12.721,12.721,12.585,12.585,21926
20140121,12.668,12.676,12.57,12.585,16351
20140122,12.472,12.472,12.23,12.313,159563
20140123,12.547,12.547,12.36,12.389,545177
20140124,12.313,12.343,12.184,12.275,23028
20140127,12.23,12.23,12.078,12.139,7074
20140128,12.252,12.313,12.245,12.26,24306
20140129,12.193,12.252,12.065,12.237,26071
20140130,12.194,12.207,12.103,12.163,3498
20140131,11.973,12.01,11.875,11.97,6114
20140203,12.003,12.003,11.738,11.753,18168
20140204,11.829,11.95,11.829,11.882,13636
20140205,11.965,12.018,11.92,12.003,14372
20140206,12.305,12.351,12.295,12.313,11304
20140207,12.411,12.457,12.381,12.426,16161
20140210,12.472,12.472,12.359,12.426,8388
20140211,12.555,12.6,12.533,12.6,9897
20140212,12.532,12.555,12.485,12.485,11454
20140213,12.615,12.615,12.615,12.615,4079
20140214,12.719,12.842,12.719,12.782,7811
20140218,12.926,13.001,12.91,12.978,21430
20140219,12.941,12.978,12.85,12.85,7582
20140220,12.752,12.903,12.752,12.857,2895
20140221,12.986,13.009,12.926,12.978,2709
20140224,13.039,13.175,13.031,13.031,24687
20140225,13.22,13.228,13.107,13.137,12005
20140226,12.956,12.978,12.91,12.948,14287
20140227,12.963,13.084,12.963,13.084,2644
20140228,13.266,13.289,13.107,13.199,39372
20140303,13.016,13.016,12.835,12.857,30820
20140304,13.198,13.198,13.124,13.13,4921
20140305,13.16,13.304,13.16,13.289,119262
20140306,13.546,13.591,13.447,13.538,103355
20140307,13.546,13.553,13.479,13.546,8482
20140310,13.515,13.606,13.5,13.553,8027
20140311,13.674,13.689,13.561,13.621,17264
20140312,13.644,13.644,13.455,13.515,61866
20140313,13.659,13.659,13.122,13.228,36536
20140314,13.144,13.258,13.121,13.25,3174
20140317,13.493,13.493,13.485,13.485,1159
20140318,13.606,13.667,13.584,13.667,60624
20140319,13.652,13.652,13.447,13.478,47189
20140320,13.44,13.478,13.304,13.478,3266
20140321,13.606,13.606,13.387,13.425,17595
20140324,13.538,13.538,13.311,13.432,21058
20140325,13.447,13.591,13.338,13.47,31954
20140326,13.599,13.644,13.493,13.522,43666
20140327,13.591,13.591,13.5,13.531,43160
20140328,13.668,13.727,13.653,13.653,9604
20140331,13.81,13.81,13.689,13.741,10442
20140401,14.015,14.015,13.896,13.976,47800
20140402,13.901,13.901,13.78,13.803,53623
20140403,13.848,13.848,13.727,13.803,45292
20140404,13.689,13.689,13.523,13.523,32082
20140407,13.614,13.629,13.531,13.568,32297
20140408,13.402,13.447,13.349,13.372,34534
20140409,13.532,13.584,13.532,13.548,1200
20140410,13.553,13.553,13.319,13.319,19353
20140411,13.311,13.387,13.077,13.372,3405
20140414,13.334,13.334,13.175,13.175,5021
20140415,13.236,13.236,12.978,13.069,5187
20140416,13.303,13.41,13.258,13.401,23108
20140417,13.515,13.523,13.402,13.432,49322
20140421,13.57,13.606,13.409,13.606,6889
20140422,13.652,13.652,13.523,13.644,6071
20140423,13.682,13.773,13.538,13.605,8887
20140424,13.629,13.659,13.44,13.516,33211
20140425,13.568,13.568,13.326,13.513,33813
20140428,13.515,13.523,13.447,13.493,10418
20140429,13.674,13.674,13.568,13.568,10325
20140430,13.652,13.78,13.576,13.78,7585
20140501,13.81,13.954,13.44,13.758,22690
20140502,13.742,13.826,13.682,13.795,13605
20140505,13.8,13.909,13.596,13.777,19568
20140506,13.765,13.962,13.765,13.939,16168
20140507,13.841,13.841,13.606,13.674,5401
20140508,13.765,13.871,13.629,13.629,13705
20140509,13.459,13.485,13.369,13.429,5688
20140512,13.568,13.591,13.449,13.449,12386
20140513,13.296,13.485,13.296,13.447,14017
20140514,13.13,13.13,12.948,13.054,33007
20140515,12.79,12.82,12.624,12.669,15192
20140516,12.638,12.842,12.638,12.805,44576
20140519,12.721,12.857,12.721,12.857,53039
20140520,12.895,12.978,12.668,12.668,26782
20140521,12.782,12.865,12.683,12.865,53727
20140522,12.668,12.789,12.668,12.752,32506
20140523,12.82,12.933,12.82,12.933,8153
20140527,13.168,13.168,13.039,13.055,24902
20140528,13.304,13.304,13.205,13.236,37536
20140529,13.213,13.213,13.145,13.168,12561
20140530,13.349,13.364,13.289,13.364,2510
20140602,13.463,13.478,13.387,13.455,37757
20140603,13.432,13.44,13.379,13.402,11501
20140604,13.402,13.44,13.357,13.44,35005
20140605,13.576,13.636,13.553,13.636,2867
20140606,13.804,13.81,13.698,13.767,11181
20140609,13.828,13.901,13.76,13.858,30114
20140610,13.916,13.939,13.878,13.931,11689
20140611,13.691,13.697,13.644,13.644,10039
20140612,13.697,13.75,13.584,13.584,12910
20140613,13.527,13.644,13.527,13.546,9653
20140616,13.515,13.584,13.515,13.546,9660
20140617,13.453,13.561,13.438,13.522,24592
20140618,13.455,13.652,13.455,13.644,11218
20140619,13.667,13.682,13.623,13.659,8570
20140620,13.506,13.606,13.473,13.473,4251
20140623,13.376,13.425,13.344,13.421,3370
20140624,13.289,13.349,13.236,13.248,7458
20140625,13.258,13.357,13.236,13.357,17059
20140626,13.251,13.349,13.198,13.341,20889
20140627,13.122,13.205,13.092,13.197,2095
20140630,13.039,13.115,12.956,12.963,49609
20140701,12.957,13.092,12.828,13.032,43587
20140702,12.948,13.319,12.948,13.099,29875
20140703,13.245,13.334,13.093,13.139,21566
20140707,12.865,12.918,12.782,12.79,73627
20140708,12.434,12.494,12.336,12.494,154642
20140709,12.275,12.328,12.033,12.313,61132
20140710,11.904,11.904,11.655,11.821,257737
20140711,12.01,12.086,11.852,11.957,366285
20140714,12.101,12.101,11.958,11.995,140431
20140715,11.957,11.988,11.821,11.844,66943
20140716,12.025,12.215,12.025,12.101,87847
20140717,11.897,12.078,11.897,11.935,229917
20140718,11.92,12.025,11.897,12.007,96594
20140721,11.92,11.98,11.89,11.973,31965
20140722,11.897,12.071,11.897,12.041,68015
20140723,12.056,12.252,12.056,12.139,159675
20140724,12.177,12.472,12.177,12.351,143831
20140725,12.381,12.411,12.328,12.411,37662
20140728,12.389,12.449,12.336,12.441,16159
20140729,12.283,12.305,12.215,12.215,221322
20140730,12.147,12.147,11.867,11.935,191899
20140731,11.723,11.723,11.496,11.519,134100
20140801,11.383,11.481,11.043,11.209,601989
20140804,11.262,11.458,11.209,11.322,249331
20140805,11.224,11.307,10.876,10.921,263321
20140806,10.641,10.641,10.483,10.588,321750
20140807,10.52,10.528,10.165,10.188,270770
20140808,10.173,10.362,10.135,10.346,214451
20140811,10.346,10.369,10.248,10.271,141204
20140812,10.15,10.248,10.15,10.248,208621
20140813,10.407,10.505,10.407,10.46,350522
20140814,10.566,10.702,10.558,10.665,199232
20140815,10.717,10.838,10.626,10.77,125643
20140818,10.929,10.959,10.853,10.959,94578
20140819,10.967,10.997,10.861,10.997,54400
20140820,10.959,10.959,10.838,10.921,69433
20140821,10.944,10.989,10.823,10.936,94880
20140822,10.891,10.906,10.808,10.832,31066
20140825,10.944,10.974,10.853,10.936,133200
20140826,11.088,11.133,11.02,11.088,77733
20140827,11.307,11.405,11.231,11.375,201035
20140828,11.239,11.284,11.216,11.243,81672
20140829,11.292,11.307,11.148,11.262,54478
20140902,11.224,11.224,11.095,11.163,23454
20140903,11.251,11.254,11.163,11.171,108329
20140904,11.248,11.299,11.156,11.163,150256
20140905,11.42,11.42,11.269,11.277,44826
20140908,11.292,11.292,11.073,11.118,117416
20140909,11.156,11.156,10.959,11.004,71737
20140910,11.073,11.073,11.004,11.057,13093
20140911,10.974,11.103,10.974,11.065,104395
20140912,11.05,11.05,10.944,11.035,179688
20140915,10.997,10.997,10.919,10.962,20880
20140916,10.883,10.952,10.81,10.891,341555
20140917,10.936,10.967,10.876,10.876,21273
20140918,11.065,11.065,10.945,10.959,64825
20140919,11.065,11.065,10.906,10.921,60102
20140922,10.921,10.959,10.853,10.914,9155
20140923,10.838,10.838,10.71,10.717,66583
20140924,10.687,10.687,10.588,10.596,21875
20140925,10.551,10.551,10.407,10.46,64763
20140926,10.513,10.558,10.452,10.558,1839
20140929,10.467,10.498,10.422,10.498,52377
20140930,10.483,10.558,10.44,10.483,85390
20141001,10.407,10.437,10.324,10.324,79602
20141002,10.218,10.241,10.059,10.135,123817
20141003,10.127,10.21,10.014,10.135,143845
20141006,10.248,10.248,10.083,10.12,11078
20141007,10.044,10.044,10.02,10.042,18880
20141008,9.976,10.059,9.832,10.052,94136
20141009,9.908,9.908,9.515,9.56,271584
20141010,9.515,9.628,9.484,9.492,159997
20141013,9.56,9.643,9.484,9.484,30167
20141014,9.567,9.605,9.477,9.477,65563
20141015,8.894,9.386,8.894,9.312,137069
20141016,8.909,9.091,8.894,8.97,86420
20141017,9.091,9.242,9.091,9.167,122538
20141020,9.139,9.348,9.061,9.348,387113
20141021,9.455,9.567,9.44,9.561,446308
20141022,9.484,9.484,9.365,9.371,31201
20141023,9.477,9.598,9.477,9.537,35255
20141024,9.53,9.575,9.487,9.575,5517
20141027,9.334,9.469,9.291,9.443,5661
20141028,9.681,9.772,9.676,9.75,29495
20141029,9.715,9.726,9.518,9.518,15069
20141030,9.294,9.439,9.249,9.423,86117
20141031,9.522,9.59,9.439,9.575,32603
20141103,9.533,9.545,9.405,9.503,54447
20141104,9.401,9.446,9.235,9.318,83506
20141105,9.295,9.31,9.252,9.265,42952
20141106,9.378,9.378,9.235,9.242,38368
20141107,9.235,9.235,9.114,9.174,59592
20141110,9.272,9.333,9.272,9.288,11957
20141111,9.242,9.356,9.242,9.28,11723
20141112,9.061,9.083,9.021,9.046,53830
20141113,9.174,9.182,9.085,9.15,208911
20141114,9.061,9.167,9.015,9.167,58394
20141117,9.144,9.159,9.106,9.159,41160
20141118,9.265,9.348,9.265,9.341,203481
20141119,9.439,9.439,9.272,9.295,20667
20141120,9.159,9.242,9.159,9.227,9823
20141121,9.386,9.386,9.303,9.356,19055
20141124,9.386,9.462,9.386,9.454,17205
20141125,9.499,9.545,9.469,9.53,18867
20141126,9.491,9.499,9.45,9.477,103718
20141128,9.288,9.288,9.167,9.197,10857
20141201,9.114,9.121,9.03,9.091,52213
20141202,9.174,9.174,9.121,9.159,20312
20141203,9.136,9.151,9.068,9.136,11663
20141204,9.129,9.288,9.129,9.167,60074
20141205,9.28,9.28,9.212,9.22,30160
20141208,9.204,9.204,9.11,9.129,14118
20141209,9.015,9.015,8.909,9.008,79589
20141210,8.841,8.932,8.705,8.756,83131
20141211,8.705,8.728,8.63,8.63,65713
20141212,8.569,8.599,8.501,8.539,37242
20141215,8.463,8.516,8.278,8.327,35998
20141216,8.168,8.425,8.168,8.274,30561
20141217,8.304,8.403,8.304,8.342,9699
20141218,8.372,8.562,8.372,8.562,70891
20141219,8.357,8.493,8.357,8.441,50171
20141222,8.342,8.425,8.342,8.41,43551
20141223,8.403,8.501,8.403,8.478,8371
20141224,8.357,8.441,8.357,8.395,4438
20141226,8.448,8.486,8.445,8.456,16745
20141229,8.332,8.34,8.27,8.27,43928
20141230,8.185,8.185,8.124,8.147,158682
20141231,8.1,8.124,8.008,8.008,38463
20150102,8.17,8.193,8.085,8.154,144772
20150105,7.954,7.954,7.838,7.877,95539
20150106,7.847,7.915,7.723,7.785,50489
20150107,7.699,7.738,7.591,7.73,250197
20150108,7.745,7.822,7.745,7.793,55189
20150109,7.822,7.822,7.676,7.782,25040
20150112,7.784,7.807,7.718,7.722,55346
20150113,7.869,7.915,7.73,7.838,60829
20150114,7.971,8.039,7.955,8.039,89671
20150115,8.039,8.039,7.907,7.985,134919
20150116,7.961,8.07,7.931,8.069,8676
20150120,8.17,8.17,8.085,8.139,23476
20150121,8.13,8.294,8.116,8.294,42531
20150122,8.247,8.378,8.185,8.371,120787
20150123,8.278,8.278,8.155,8.155,206931
20150126,8.309,8.402,8.309,8.402,149999
20150127,8.263,8.34,8.216,8.317,30947
20150128,8.185,8.185,7.985,7.985,65581
20150129,8.031,8.209,8.031,8.178,60371
20150130,8.054,8.054,7.938,7.938,264815
20150202,8.046,8.162,8.039,8.147,82077
20150203,8.306,8.417,8.306,8.417,19354
20150204,8.309,8.309,8.193,8.193,230222
20150205,8.224,8.294,8.162,8.278,30597
20150206,8.232,8.247,8.085,8.147,101912
20150209,8.17,8.201,8.085,8.131,148721
20150210,8.224,8.247,8.124,8.247,20983
20150211,8.185,8.185,8.039,8.077,106825
20150212,8.233,8.332,8.226,8.332,16549
20150213,8.34,8.479,8.34,8.471,299484
20150217,8.664,8.749,8.571,8.726,123431
20150218,8.726,8.803,8.649,8.788,230719
20150219,8.726,8.726,8.618,8.633,60585
20150220,8.649,8.934,8.61,8.873,226762
20150223,8.75,8.811,8.665,8.719,227394
20150224,8.819,8.911,8.781,8.904,56996
20150225,8.934,8.934,8.804,8.888,69359
20150226,8.911,8.911,8.819,8.865,54041
20150227,8.888,8.942,8.857,8.904,11744
20150302,8.965,8.965,8.803,8.838,48689
20150303,8.934,8.934,8.857,8.857,53412
20150304,8.68,8.695,8.61,8.641,49754
20150305,8.749,8.811,8.703,8.788,92153
20150306,8.757,8.757,8.643,8.672,301545
20150309,8.726,8.749,8.687,8.728,25158
20150310,8.409,8.479,8.34,8.371,89476
20150311,8.448,8.494,8.371,8.471,49946
20150312,8.533,8.571,8.506,8.571,62593
20150313,8.548,8.548,8.44,8.487,50720
20150316,8.494,8.571,8.494,8.571,29924
20150317,8.564,8.564,8.517,8.564,14021
20150318,8.514,8.78,8.51,8.726,80319
20150319,8.687,8.741,8.664,8.711,8663
20150320,8.927,9.112,8.927,9.02,33318
20150323,9.174,9.228,9.112,9.212,57325
20150324,9.236,9.274,9.19,9.252,97057
20150325,9.29,9.328,9.189,9.22,613323
20150326,9.166,9.166,9.004,9.05,42046
20150327,9.143,9.182,9.128,9.172,51893
20150330,9.143,9.151,9.066,9.097,57660
20150331,8.849,8.958,8.842,8.904,61464
20150401,9.035,9.05,8.958,9.05,277865
20150402,9.081,9.189,9.074,9.182,52470
20150406,9.243,9.359,9.243,9.29,179406
20150407,9.305,9.336,9.205,9.212,47795
20150408,9.39,9.444,9.344,9.421,86270
20150409,9.591,9.591,9.429,9.521,138053
20150410,9.444,9.444,9.382,9.429,86186
20150413,9.421,9.421,9.336,9.344,115635
20150414,9.421,9.421,9.321,9.351,47243
20150415,9.452,9.498,9.351,9.475,55730
20150416,9.405,9.405,9.282,9.336,27451
20150417,9.197,9.197,9.05,9.127,150349
20150420,9.135,9.182,9.089,9.127,100938
20150421,9.105,9.174,9.09,9.136,46851
20150422,9.112,9.112,8.981,9.048,106614
20150423,9.004,9.166,9.004,9.143,36576
20150424,9.182,9.228,9.135,9.22,18146
20150427,9.274,9.367,9.274,9.297,61015
20150428,9.405,9.429,9.321,9.398,46307
20150429,9.359,9.405,9.336,9.336,28875
20150430,9.498,9.514,9.452,9.467,67296
20150501,9.599,9.645,9.483,9.614,205683
20150504,9.653,9.699,9.606,9.639,36694
20150505,9.637,9.637,9.46,9.483,30809
20150506,9.491,9.583,9.46,9.499,68605
20150507,9.436,9.483,9.344,9.452,164469
20150508,9.583,9.668,9.583,9.66,103339
20150511,9.66,9.668,9.622,9.653,120580
20150512,9.645,9.738,9.645,9.707,91819
20150513,9.923,9.946,9.9,9.915,35810
20150514,9.961,9.992,9.923,9.969,46403
20150515,9.938,9.992,9.871,9.946,44265
20150518,9.846,9.931,9.784,9.799,51512
20150519,9.73,9.73,9.653,9.668,24441
20150520,9.66,9.668,9.552,9.606,55807
20150521,9.583,9.645,9.575,9.614,31577
20150522,9.583,9.583,9.506,9.506,22517
20150526,9.259,9.259,9.027,9.097,96950
20150527,9.152,9.266,9.083,9.262,68504
20150528,9.197,9.305,9.189,9.305,392052
20150529,9.166,9.228,9.097,9.182,55831
20150601,9.078,9.174,9.001,9.078,105535
20150602,9.344,9.382,9.305,9.314,61033
20150603,9.429,9.529,9.429,9.486,38634
20150604,9.375,9.483,9.259,9.297,116461
20150605,9.189,9.189,9.12,9.182,29858
20150608,9.097,9.097,8.927,8.981,173456
20150609,8.95,9.043,8.919,8.95,94972
20150610,9.127,9.274,9.089,9.228,132190
20150611,9.355,9.429,9.278,9.309,79019
20150612,9.083,9.158,9.056,9.158,5259
20150615,8.873,8.973,8.811,8.934,32825
20150616,8.981,8.981,8.861,8.951,7566
20150617,8.888,8.942,8.834,8.888,30940
20150618,8.934,9.151,8.927,8.981,64618
20150619,9.089,9.104,9.009,9.05,92879
20150622,9.135,9.266,9.134,9.196,56222
20150623,9.305,9.351,9.297,9.305,23608
20150624,9.179,9.236,9.117,9.148,82681
20150625,9.182,9.189,9.104,9.112,16982
20150626,9.182,9.205,9.108,9.143,11628
20150629,8.757,9.027,8.547,8.547,247382
20150630,8.88,8.88,8.541,8.718,148956
20150701,8.67,8.842,8.663,8.709,49198
20150702,8.788,8.826,8.687,8.734,181430
20150706,8.362,8.417,8.171,8.324,125726
20150707,8.263,8.363,8.032,8.348,531221
20150708,8.332,8.34,8.239,8.27,51674
20150709,8.579,8.649,8.533,8.554,31688
20150710,8.955,9.035,8.948,9.025,23194
20150713,9.027,9.066,8.649,8.958,20379
20150714,8.95,8.996,8.927,8.95,17196
20150715,8.896,8.996,8.888,8.942,108913
20150716,9.019,9.089,9.004,9.058,54362
20150717,9.012,9.012,8.95,8.961,27851
20150720,8.973,9.019,8.965,8.973,107989
20150721,8.896,8.996,8.896,8.981,57464
20150722,8.95,8.965,8.888,8.965,71686
20150723,9.027,9.027,8.933,8.934,14850
20150724,8.881,8.904,8.842,8.849,70254
20150727,8.873,8.873,8.772,8.803,47992
20150728,8.795,8.819,8.695,8.803,59362
20150729,8.734,8.78,8.727,8.772,4920
20150730,8.68,8.765,8.641,8.718,12303
20150731,8.672,8.749,8.633,8.641,24412
20150803,8.669,8.726,8.63,8.661,9416
20150804,8.626,8.687,8.556,8.595,117083
20150805,8.641,8.649,8.602,8.649,40805
20150806,8.456,8.51,8.448,8.51,147883
20150807,8.51,8.51,8.44,8.483,68369
20150810,8.432,8.579,8.432,8.579,36234
20150811,8.479,8.487,8.394,8.471,29920
20150812,8.44,8.517,8.417,8.494,21867
20150813,8.587,8.633,8.564,8.595,15119
20150814,8.564,8.595,8.533,8.564,15383
20150817,8.571,8.595,8.502,8.593,9594
20150818,8.471,8.548,8.471,8.51,3040
20150819,8.402,8.44,8.363,8.44,17150
20150820,8.355,8.456,8.286,8.309,113356
20150821,8.325,8.386,8.139,8.147,68156
20150824,7.9,8.108,7.637,7.877,83874
20150825,8.131,8.371,7.855,7.869,89017
20150826,8.193,8.193,7.954,8.1,24557
20150827,8.239,8.247,8.116,8.185,25905
20150828,8.147,8.193,8.116,8.147,6596
20150831,8.139,8.139,8.1,8.116,6035
20150901,7.931,7.969,7.906,7.923,10955
20150902,7.853,7.907,7.838,7.838,29807
20150903,7.861,7.923,7.83,7.9,37775
20150904,7.732,7.738,7.647,7.693,27329
20150908,7.907,7.907,7.799,7.861,9834
20150909,7.838,7.838,7.699,7.73,24966
20150910,7.735,7.846,7.735,7.815,10425
20150911,7.738,7.807,7.722,7.805,18298
20150914,7.691,7.722,7.691,7.722,672
20150915,7.714,7.776,7.699,7.753,12422
20150916,7.854,7.907,7.815,7.9,47710
20150917,7.877,8.062,7.877,8.016,6274
20150918,7.896,7.931,7.888,7.896,3098
20150921,7.923,7.923,7.815,7.869,52386
20150922,7.722,7.73,7.614,7.699,17726
20150923,7.696,7.761,7.696,7.717,17621
20150924,7.683,7.745,7.668,7.738,18417
20150925,7.747,7.799,7.693,7.747,7797
20150928,7.722,7.753,7.622,7.629,14362
20150929,7.637,7.645,7.552,7.583,24269
20150930,7.768,7.83,7.745,7.792,16313
20151001,7.931,7.938,7.833,7.907,8170
20151002,8.008,8.178,7.992,8.178,33550
20151005,8.338,8.394,8.294,8.386,37552
20151006,8.356,8.587,8.356,8.433,83631
20151007,8.641,8.649,8.571,8.633,21533
20151008,8.587,8.649,8.571,8.649,19862
20151009,8.641,8.68,8.618,8.656,65186
20151012,8.51,8.51,8.386,8.417,42695
20151013,8.27,8.355,8.27,8.294,9615
20151014,8.409,8.425,8.394,8.425,23766
20151015,8.417,8.548,8.417,8.541,6491
20151016,8.548,8.548,8.494,8.502,11020
20151019,8.448,8.456,8.432,8.452,2277
20151020,8.487,8.51,8.456,8.46,6015
20151021,8.422,8.425,8.399,8.414,4425
20151022,8.313,8.394,8.313,8.32,46201
20151023,8.394,8.394,8.283,8.348,8324
20151026,8.278,8.34,8.278,8.294,4780
20151027,8.147,8.17,8.108,8.131,3925
20151028,8.104,8.278,8.104,8.166,93133
20151029,8.219,8.355,8.219,8.304,8743
20151030,8.321,8.371,8.306,8.329,21459
20151102,8.409,8.44,8.409,8.425,19604
20151103,8.47,8.51,8.427,8.487,16314
20151104,8.517,8.517,8.417,8.448,2368
20151105,8.425,8.479,8.359,8.359,4559
20151106,8.259,8.27,8.243,8.266,7812
20151109,7.954,8.023,7.923,7.961,41267
20151110,7.907,7.915,7.861,7.869,266769
20151111,7.877,7.884,7.807,7.853,118100
20151112,7.78,7.83,7.749,7.772,79157
20151113,7.738,7.807,7.722,7.745,257428
20151116,7.822,7.846,7.761,7.846,12945
20151117,7.915,7.915,7.83,7.83,44289
20151118,7.958,8.046,7.946,8.027,24444
20151119,8.054,8.1,8.016,8.016,16508
20151120,7.946,7.946,7.892,7.9,3609
20151123,7.892,7.923,7.83,7.861,7484
20151124,7.815,7.884,7.815,7.877,46736
20151125,7.807,7.892,7.807,7.877,41204
20151127,7.877,7.923,7.869,7.9,31154
20151130,7.946,7.946,7.869,7.869,1496
20151201,7.9,7.954,7.877,7.911,20272
20151202,7.876,7.931,7.876,7.907,15106
20151203,8.031,8.039,7.923,7.961,39904
20151204,7.969,8.054,7.938,8.039,43858
20151207,7.946,7.954,7.853,7.946,8727
20151208,7.877,7.877,7.761,7.776,28595
20151209,7.846,7.938,7.822,7.892,19773
20151210,7.884,7.923,7.846,7.853,37510
20151211,7.813,7.815,7.697,7.697,20455
20151214,7.691,7.753,7.645,7.753,41974
20151215,7.861,7.861,7.783,7.783,37944
20151216,7.915,8.278,7.907,8.054,32649
20151217,8.016,8.031,7.9,7.907,69492
20151218,7.954,8.07,7.946,8.008,38235
20151221,7.969,8.031,7.877,7.946,773314
20151222,8.046,8.1,8.006,8.093,7819
20151223,8.202,8.255,8.109,8.255,24073
20151224,8.263,8.348,8.209,8.348,8180
20151228,8.155,8.263,8.062,8.263,22704
20151229,8.237,8.277,8.132,8.269,29418
20151230,8.157,8.245,8.149,8.213,147735
20151231,8.148,8.205,8.059,8.156,69637
20160104,8.058,8.156,7.904,8.156,73627
20160105,7.882,7.946,7.85,7.932,104076
20160106,7.809,7.841,7.766,7.777,40433
20160107,7.745,7.833,7.714,7.777,37009
20160108,7.866,7.866,7.729,7.729,20872
20160111,7.721,7.777,7.6,7.664,34154
20160112,7.737,7.858,7.72,7.825,49209
20160113,7.825,7.866,7.64,7.729,29371
20160114,7.664,7.801,7.608,7.761,11836
20160115,7.47,7.519,7.357,7.382,78620
20160119,7.285,7.293,7.107,7.164,56412
20160120,7.095,7.115,6.9339,7.055,40861
20160121,7.035,7.188,7.035,7.111,9199
20160122,7.357,7.422,7.253,7.325,18374
20160125,7.301,7.39,7.261,7.317,20953
20160126,7.446,7.503,7.446,7.487,28454
20160127,7.575,7.648,7.454,7.511,19267
20160128,7.745,7.745,7.567,7.68,19234
20160129,7.599,7.761,7.559,7.737,9982
20160201,7.704,7.785,7.704,7.785,12287
20160202,7.632,7.656,7.543,7.559,12192
20160203,7.656,7.72,7.551,7.716,22439
20160204,7.753,7.753,7.696,7.72,4862
20160205,7.729,7.777,7.664,7.704,43937
20160208,7.495,7.599,7.462,7.559,10954
20160209,7.349,7.47,7.333,7.43,10552
20160210,7.333,7.414,7.285,7.285,54404
20160211,7.117,7.156,6.9827,7.068,72260
20160212,7.099,7.204,7.027,7.204,47265
20160216,7.309,7.309,7.204,7.301,20725
20160217,7.374,7.543,7.374,7.495,3532
20160218,7.511,7.511,7.39,7.438,22071
20160219,7.301,7.422,7.293,7.406,3536
20160222,7.398,7.47,7.309,7.438,10440
20160223,7.374,7.374,7.228,7.228,3817
20160224,7.091,7.253,7.067,7.245,13722
20160225,7.269,7.285,7.204,7.285,7762
20160226,7.212,7.245,7.188,7.196,6174
20160229,7.204,7.253,7.204,7.22,15085
20160301,7.277,7.398,7.269,7.349,8463
20160302,7.324,7.382,7.291,7.38,18790
20160303,7.503,7.575,7.491,7.575,3613
20160304,7.656,7.656,7.583,7.627,4122
20160307,7.559,7.624,7.559,7.616,4515
20160308,7.616,7.616,7.471,7.471,33822
20160309,7.559,7.599,7.527,7.575,21484
20160310,7.704,7.769,7.599,7.712,33515
20160311,7.789,7.866,7.789,7.866,1921
20160314,7.841,7.93,7.841,7.93,13758
20160315,7.858,7.858,7.817,7.841,9070
20160316,7.946,8.108,7.93,8.097,39768
20160317,8.225,8.309,8.225,8.265,4280
20160318,8.305,8.326,8.285,8.285,823
20160321,8.277,8.301,8.277,8.285,2624
20160322,8.205,8.269,8.197,8.241,4996
20160323,8.172,8.172,8.075,8.084,34471
20160324,8.077,8.084,8.077,8.084,1255
20160328,8.1,8.14,8.1,8.124,2666
20160329,8.051,8.172,8.051,8.156,3260
20160330,8.269,8.39,8.269,8.344,4389
20160331,8.301,8.301,8.184,8.184,8933
20160401,8.116,8.188,8.092,8.172,34054
20160404,8.149,8.188,8.124,8.156,8076
20160405,7.958,8.011,7.926,7.967,9393
20160406,7.938,7.979,7.938,7.971,6394
20160407,7.793,7.858,7.737,7.745,3282
20160408,7.89,7.979,7.89,7.971,3674
20160411,8.011,8.075,8.011,8.051,5678
20160412,8.059,8.124,8.059,8.088,1802
20160413,8.132,8.164,8.084,8.148,16745
20160414,8.051,8.14,8.051,8.1,8424
20160415,8.108,8.148,8.084,8.108,6391
20160418,8.055,8.124,8.055,8.116,10084
20160419,8.164,8.188,8.124,8.156,40854
20160420,8.164,8.269,8.164,8.221,61899
20160421,8.205,8.253,8.172,8.172,903
20160422,8.151,8.205,8.143,8.205,7061
20160425,8.116,8.172,8.116,8.156,5079
20160426,8.18,8.196,8.168,8.18,2591
20160427,8.229,8.277,8.213,8.261,4092
20160428,8.23,8.293,8.229,8.237,16837
20160429,8.245,8.342,8.245,8.301,10889
20160502,8.422,8.471,8.382,8.455,10156
20160503,8.438,8.438,8.301,8.301,3689
20160504,8.334,8.334,8.261,8.309,4995
20160505,8.358,8.366,8.301,8.309,79004
20160506,8.285,8.326,8.277,8.309,6445
20160509,8.197,8.253,8.188,8.188,6504
20160510,8.213,8.229,8.164,8.229,57861
20160511,8.172,8.172,8.132,8.132,248
20160512,8.261,8.269,8.148,8.213,4396
20160513,8.019,8.075,8.011,8.019,28511
20160516,8.019,8.156,8.019,8.156,15092
20160517,8.092,8.1,8.067,8.1,6623
20160518,8.116,8.124,8.027,8.027,4227
20160519,7.971,7.995,7.958,7.995,4498
20160520,8.092,8.092,7.995,8.019,13915
20160523,7.995,7.995,7.954,7.979,7751
20160524,7.971,8.027,7.954,8.013,75874
20160525,8.108,8.148,8.084,8.148,36305
20160526,8.124,8.213,8.124,8.195,14379
20160527,8.13,8.188,8.13,8.139,16038
20160531,8.213,8.245,8.148,8.148,4242
20160601,8.075,8.108,8.035,8.059,19720
20160602,8.018,8.075,8.018,8.075,30912
20160603,8.135,8.14,8.112,8.131,1761
20160606,8.221,8.221,8.156,8.182,50601
20160607,8.252,8.253,8.227,8.253,707
20160608,8.269,8.326,8.269,8.321,10545
20160609,8.269,8.269,8.237,8.262,483969
20160610,8.132,8.132,7.979,8.019,67403
20160613,7.833,7.938,7.785,7.841,29131
20160614,7.769,7.769,7.559,7.575,497104
20160615,7.648,7.72,7.608,7.616,26608
20160616,7.567,7.688,7.487,7.672,70882
20160617,7.841,7.866,7.833,7.86,2296
20160620,8.019,8.059,8.011,8.047,3974
20160621,7.965,7.987,7.893,7.954,20844
20160622,7.914,7.963,7.914,7.93,37322
20160623,8.067,8.18,8.067,8.172,11824
20160624,7.39,7.462,7.269,7.333,38045
20160627,7.277,7.277,7.075,7.188,68983
20160628,7.357,7.406,7.22,7.382,41035
20160629,7.559,7.559,7.495,7.503,17107
20160630,7.59,7.624,7.501,7.59,14658
20160701,7.46,7.664,7.453,7.637,71580
20160705,7.575,7.575,7.39,7.39,20728
20160706,7.382,7.406,7.382,7.398,821
20160707,7.422,7.511,7.422,7.43,17726
20160708,7.515,7.551,7.479,7.519,6566
20160711,7.624,7.712,7.624,7.688,5987
20160712,7.761,7.801,7.758,7.801,153090
20160713,7.833,7.833,7.769,7.769,744
20160714,7.809,7.809,7.809,7.809,124
20160715,7.753,7.825,7.753,7.817,40027
20160718,7.753,7.817,7.753,7.793,41096
20160719,7.761,7.817,7.757,7.777,37690
20160720,7.801,7.809,7.773,7.803,20078
20160721,7.809,7.809,7.801,7.809,12879
20160722,7.84,7.882,7.84,7.882,870
20160725,7.882,7.882,7.833,7.841,23295
20160726,7.866,7.914,7.866,7.874,5678
20160727,7.929,7.946,7.905,7.946,930
20160728,7.932,7.932,7.93,7.93,1835
20160729,8.027,8.132,8.027,8.1,46084
20160801,8.213,8.213,8.075,8.1,4944
20160802,8.084,8.084,7.987,8.019,65709
20160803,8.003,8.003,7.963,8.003,2975
20160804,8.004,8.043,7.996,8.012,26235
20160805,8.011,8.051,8.011,8.011,5580
20160808,8.06,8.067,8.038,8.052,3890
20160809,8.092,8.196,8.092,8.18,4367
20160810,8.265,8.277,8.265,8.277,2514
20160811,8.304,8.317,8.304,8.317,620
20160812,8.334,8.382,8.334,8.358,523840
20160815,8.382,8.39,8.358,8.358,10608
20160816,8.35,8.35,8.342,8.342,1884
20160817,8.301,8.326,8.261,8.326,2879
20160818,8.329,8.382,8.329,8.334,3165
20160819,8.285,8.317,8.285,8.317,744
20160822,8.221,8.301,8.221,8.301,2420
20160823,8.285,8.293,8.269,8.269,4462
20160824,8.245,8.245,8.213,8.224,1252
20160825,8.261,8.261,8.197,8.197,893
20160826,8.269,8.269,8.092,8.092,9980
20160830,8.171,8.171,8.171,8.171,1488
20160831,8.196,8.196,8.108,8.132,1557
20160901,8.172,8.221,8.15,8.221,5198
20160902,8.253,8.269,8.253,8.269,620
20160906,8.285,8.309,8.276,8.301,13358
20160907,8.279,8.301,8.279,8.295,2124
20160908,8.338,8.35,8.334,8.334,7934
20160909,8.205,8.205,8.116,8.124,2272
20160912,8.089,8.18,8.089,8.18,5827
20160913,8.011,8.011,7.874,7.906,93093
20160914,7.886,7.93,7.886,7.897,92336
20160915,7.882,7.922,7.866,7.902,161901
20160916,7.785,7.785,7.681,7.696,77160
20160919,7.817,7.841,7.801,7.801,11343
20160920,7.809,7.817,7.809,7.809,1128
20160921,7.835,7.866,7.835,7.854,1788
20160923,7.93,7.93,7.921,7.921,372
20160926,7.89,7.946,7.89,7.946,917
20160927,7.801,7.874,7.801,7.874,4247
20160928,7.938,7.979,7.938,7.979,16292
20160929,8.019,8.027,7.882,7.906,59680
20160930,7.963,7.995,7.963,7.979,59566
20161003,7.938,7.987,7.938,7.987,2672
20161004,7.987,7.987,7.963,7.979,4277
20161005,7.922,7.954,7.866,7.952,11859
20161006,7.85,7.85,7.841,7.85,12849
20161007,7.841,7.841,7.785,7.817,86817
20161010,7.874,7.874,7.86,7.86,310
20161011,7.866,7.866,7.825,7.825,15015
20161013,7.809,7.858,7.777,7.841,2169
20161014,7.91,7.922,7.878,7.878,3844
20161017,7.86,7.898,7.86,7.884,5640
20161018,7.987,8.003,7.979,7.987,784
20161019,8.067,8.067,8.051,8.051,7786
20161021,8.011,8.027,7.995,8.027,5703
20161024,8.108,8.108,8.108,8.108,124
20161025,7.965,7.987,7.965,7.987,1708
20161026,8.003,8.003,8.003,8.003,186
20161027,7.954,7.963,7.954,7.963,2125
20161031,7.938,7.946,7.914,7.946,6009
20161101,7.987,8.011,7.93,7.93,8177
20161102,7.906,7.906,7.858,7.859,1848
20161103,7.809,7.841,7.809,7.825,1449
20161104,7.729,7.737,7.704,7.712,2480
20161107,7.802,7.825,7.801,7.825,2952
20161108,7.801,7.858,7.801,7.837,12079
20161109,7.761,7.761,7.682,7.714,2597
20161110,7.624,7.624,7.536,7.583,12681
20161111,7.438,7.47,7.43,7.446,20577
20161114,7.374,7.374,7.293,7.325,493809
20161115,7.382,7.382,7.382,7.382,624
20161116,7.349,7.349,7.326,7.326,2602
20161117,7.438,7.438,7.393,7.406,5182
20161118,7.366,7.366,7.311,7.333,2738
20161121,7.439,7.462,7.407,7.439,9498
20161122,7.437,7.478,7.416,7.478,8325
20161123,7.356,7.39,7.348,7.373,15467
20161125,7.43,7.47,7.43,7.47,992
20161128,7.382,7.39,7.366,7.39,11012
20161129,7.367,7.422,7.367,7.422,23369
20161130,7.462,7.462,7.43,7.438,2257
20161201,7.43,7.462,7.41,7.462,5294
20161202,7.454,7.454,7.414,7.43,6819
20161205,7.5,7.551,7.488,7.545,16078
20161206,7.599,7.696,7.599,7.688,5604
20161207,7.793,7.89,7.793,7.89,5704
20161208,7.801,7.841,7.796,7.814,16988
20161209,7.793,7.809,7.753,7.809,11621
20161212,7.821,7.841,7.821,7.833,9181
20161214,7.833,7.841,7.825,7.825,3966
20161215,7.68,7.68,7.64,7.662,10612
20161216,7.702,7.737,7.694,7.702,10094
20161219,7.729,7.745,7.673,7.673,6484
20161220,7.729,7.753,7.713,7.753,12233
20161221,7.737,7.777,7.737,7.769,5538
20161222,7.733,7.745,7.684,7.708,39423
20161223,7.763,7.785,7.753,7.777,5103
20161227,7.823,7.833,7.792,7.807,3701
20161228,7.734,7.766,7.717,7.742,6807
20161229,7.792,7.834,7.792,7.834,3922
20161230,7.834,7.884,7.821,7.834,45269
20170103,7.867,7.893,7.835,7.876,146553
20170104,7.893,7.918,7.867,7.891,6159
20170105,7.926,7.993,7.926,7.985,7875
20170106,7.907,7.926,7.889,7.899,6529
20170109,7.867,7.884,7.834,7.85,16736
20170110,7.783,7.792,7.741,7.749,43971
20170111,7.724,7.783,7.707,7.775,8475
20170112,7.775,7.85,7.775,7.85,4401
20170113,7.85,7.876,7.85,7.867,7415
20170117,7.796,7.943,7.796,7.935,18257
20170118,7.901,7.985,7.901,7.925,52342
20170119,7.88,7.884,7.846,7.88,58330
20170123,7.876,7.876,7.81,7.85,20438
20170124,7.89,7.918,7.867,7.883,4725
20170125,7.893,7.893,7.859,7.875,6944
20170126,7.85,7.85,7.825,7.837,8485
20170127,7.834,7.85,7.834,7.85,18423
20170130,7.783,7.783,7.665,7.739,23309
20170131,7.707,7.758,7.691,7.758,63537
20170201,7.775,7.8,7.733,7.8,31427
20170202,7.816,7.909,7.816,7.858,26435
20170203,7.901,7.943,7.901,7.926,12782
20170206,7.926,7.926,7.857,7.867,7895
20170207,7.876,7.876,7.867,7.867,713
20170208,7.792,7.884,7.783,7.792,13193
20170209,7.884,7.884,7.871,7.884,725
20170210,7.884,7.926,7.876,7.9,2547
20170213,7.909,7.909,7.85,7.859,13190
20170214,7.876,7.909,7.859,7.878,40074
20170215,7.834,7.926,7.834,7.912,4903
20170216,7.938,7.985,7.938,7.98,10686
20170217,7.943,7.96,7.935,7.951,17947
20170221,7.859,7.96,7.825,7.921,57084
20170222,7.891,7.951,7.859,7.926,20399
20170223,7.942,7.951,7.921,7.921,16260
20170224,7.897,7.943,7.897,7.939,15535
20170227,7.902,7.935,7.877,7.919,3560
20170228,7.935,7.993,7.935,7.96,21478
20170301,7.993,8.052,7.993,8.024,13656
20170302,7.951,8.002,7.951,7.977,6406
20170303,7.951,7.993,7.926,7.985,11768
20170306,7.945,7.977,7.912,7.971,29026
20170307,7.968,7.985,7.943,7.977,6433
20170308,7.96,7.96,7.89,7.901,4998
20170309,7.966,7.968,7.909,7.951,20497
20170310,8.002,8.044,8.002,8.044,4365
20170313,8.044,8.044,8.01,8.019,3602
20170314,7.955,7.96,7.921,7.93,6025
20170315,7.909,7.993,7.901,7.985,4629
20170316,8.027,8.052,8.027,8.052,10006
20170317,8.078,8.078,8.036,8.072,18846
20170320,8.078,8.12,8.078,8.103,12041
20170321,8.179,8.187,8.108,8.128,45114
20170322,8.12,8.153,8.12,8.153,3257
20170323,8.137,8.179,8.137,8.153,16735
20170324,8.216,8.229,8.2,8.225,5946
20170327,8.179,8.313,8.179,8.313,16188
20170328,8.465,8.515,8.457,8.49,69500
20170329,8.431,8.498,8.414,8.494,17378
20170330,8.57,8.616,8.561,8.578,139234
20170331,8.616,8.667,8.591,8.633,660434
20170403,8.667,8.683,8.54,8.599,158868
20170404,8.608,8.633,8.574,8.633,31347
20170405,8.666,8.667,8.608,8.608,22958
20170406,8.608,8.675,8.608,8.641,24913
20170407,8.622,8.633,8.588,8.613,20125
20170410,8.566,8.608,8.566,8.574,39444
20170411,8.625,8.633,8.583,8.609,4548
20170412,8.65,8.658,8.616,8.658,23157
20170413,8.608,8.616,8.558,8.582,33590
20170417,8.631,8.667,8.628,8.652,7852
20170418,8.574,8.608,8.532,8.608,132918
20170419,8.528,8.591,8.478,8.495,28362
20170420,8.503,8.54,8.494,8.506,11967
20170421,8.465,8.465,8.414,8.439,10317
20170424,8.759,8.776,8.727,8.754,22432
20170425,8.814,8.902,8.789,8.89,35086
20170426,8.843,8.843,8.81,8.81,19169
20170427,8.776,8.793,8.759,8.784,7502
20170428,8.722,8.776,8.722,8.747,12949
20170501,8.759,8.801,8.734,8.776,35050
20170502,8.869,8.927,8.869,8.919,42159
20170503,8.927,8.953,8.902,8.946,12430
20170504,9.062,9.171,9.042,9.163,18175
20170505,9.171,9.23,9.113,9.222,31962
20170508,9.148,9.155,9.081,9.123,24857
20170509,9.129,9.155,9.079,9.087,37142
20170510,9.087,9.121,9.079,9.121,37461
20170511,9.104,9.138,9.079,9.129,43095
20170512,9.163,9.205,9.156,9.196,8257
20170515,9.264,9.323,9.264,9.306,255277
20170516,9.331,9.331,9.298,9.331,27901
20170517,9.289,9.323,9.205,9.205,29415
20170518,9.113,9.113,8.97,9.087,42016
20170519,9.256,9.365,9.214,9.357,39526
20170522,9.449,9.5,9.432,9.464,60572
20170523,9.508,9.55,9.458,9.489,38111
20170524,9.508,9.525,9.453,9.516,38025
20170525,9.567,9.584,9.525,9.55,655751
20170526,9.466,9.55,9.466,9.483,32347
20170530,9.575,9.651,9.575,9.633,63447
20170531,9.718,9.777,9.704,9.727,36301
20170601,9.786,9.836,9.774,9.836,42961
20170602,9.878,9.895,9.858,9.887,79846
20170605,9.878,9.878,9.66,9.735,189214
20170606,9.777,9.87,9.777,9.861,68191
20170607,9.895,9.895,9.771,9.853,68324
20170608,9.727,9.727,9.617,9.71,45636
20170609,9.626,9.735,9.626,9.669,640856
20170612,9.617,9.617,9.542,9.578,130311
20170613,9.656,9.685,9.639,9.68,42081
20170614,9.735,9.777,9.668,9.674,35530
20170615,9.449,9.491,9.432,9.449,77825
20170616,9.491,9.575,9.474,9.575,33666
20170619,9.584,9.643,9.584,9.609,43432
20170620,9.551,9.559,9.462,9.477,14937
20170621,9.491,9.491,9.447,9.472,5382
20170622,9.449,9.449,9.39,9.407,40620
20170623,9.357,9.399,9.357,9.39,17846
20170626,9.495,9.516,9.394,9.394,57393
20170627,9.458,9.466,9.424,9.425,17363
20170628,9.441,9.491,9.441,9.479,15118
20170629,9.483,9.483,9.432,9.432,7135
20170630,9.432,9.508,9.399,9.466,19097
20170703,9.491,9.491,9.415,9.415,92810
20170705,9.452,9.458,9.393,9.458,71050
20170706,9.34,9.415,9.34,9.34,84015
20170707,9.307,9.39,9.307,9.39,8624
20170710,9.394,9.432,9.394,9.428,43529
20170711,9.399,9.491,9.34,9.474,39939
20170712,9.538,9.601,9.533,9.567,122107
20170713,9.596,9.702,9.596,9.702,368339
20170714,9.76,9.777,9.71,9.777,37378
20170717,9.77,9.794,9.751,9.784,38221
20170718,9.893,9.904,9.851,9.876,43691
20170719,9.879,9.895,9.854,9.889,19304
20170720,9.958,9.971,9.908,9.958,14195
20170721,9.929,9.937,9.895,9.932,7692
20170724,9.828,9.878,9.819,9.855,36479
20170725,9.92,9.92,9.828,9.859,27819
20170726,9.845,9.92,9.843,9.92,32520
20170727,9.895,9.895,9.819,9.827,196275
20170728,9.811,9.819,9.744,9.819,22984
20170731,9.878,9.912,9.845,9.895,187141
20170801,9.996,10.038,9.979,10.03,75145
20170802,10.038,10.072,10.021,10.063,28232
20170803,10.004,10.038,9.971,10.021,41511
20170804,10.114,10.114,10.063,10.089,8034
20170807,10.131,10.156,10.114,10.148,40308
20170808,10.19,10.19,10.097,10.097,96821
20170809,10.089,10.114,10.036,10.105,242601
20170810,10.105,10.105,9.996,10.04,47470
20170811,9.966,10.038,9.932,10.008,319518
20170814,10.021,10.089,10.021,10.055,36935
20170815,9.996,10.089,9.828,10.02,95021
20170816,10.019,10.03,9.985,10.03,28480
20170817,9.977,10.002,9.967,9.967,30022
20170818,9.971,9.988,9.912,9.988,21468
20170821,9.979,9.979,9.947,9.97,38247
20170822,9.984,9.988,9.944,9.971,7134
20170823,9.962,10.013,9.958,9.988,48865
20170824,10.013,10.038,10.013,10.021,11833
20170825,10.027,10.055,10.014,10.055,12836
20170828,10.063,10.089,10.03,10.063,13474
20170829,10.004,10.08,9.971,10.063,14196
20170830,10.013,10.013,9.975,9.994,6359
20170831,9.962,10.013,9.955,10.013,19044
20170901,10.114,10.114,10.03,10.063,55497
20170905,10.072,10.072,9.962,9.989,21138
20170906,10.03,10.08,10.021,10.038,95296
20170907,10.072,10.089,10.066,10.07,20531
20170908,10.072,10.089,10.055,10.074,7017
20170911,10.084,10.148,10.084,10.126,35873
20170912,10.181,10.206,10.168,10.168,17372
20170913,10.156,10.156,10.132,10.139,1325
20170914,10.148,10.223,10.097,10.222,27639
20170915,10.257,10.341,10.257,10.341,46633
20170918,10.425,10.509,10.358,10.358,143757
20170919,10.383,10.459,10.324,10.425,105975
20170920,10.467,10.501,10.366,10.442,90457
20170921,10.408,10.434,10.375,10.408,30980
20170922,10.518,10.526,10.493,10.493,78986
20170925,10.501,10.518,10.408,10.414,130613
20170926,10.383,10.4,10.345,10.393,23831
20170927,10.349,10.392,10.283,10.368,25492
20170928,10.408,10.467,10.4,10.459,19042
20170929,10.519,10.543,10.489,10.543,12940
20171002,10.401,10.417,10.342,10.392,202952
20171003,10.476,10.509,10.442,10.493,68332
20171004,10.459,10.459,10.392,10.408,35115
20171005,10.417,10.484,10.417,10.467,39975
20171006,10.408,10.408,10.341,10.378,49590
20171009,10.442,10.442,10.366,10.392,26087
20171010,10.442,10.518,10.42,10.505,80068
20171011,10.542,10.627,10.539,10.627,96152
20171012,10.669,10.728,10.669,10.678,124355
20171013,10.669,10.711,10.636,10.636,26159
20171016,10.602,10.61,10.531,10.595,26950
20171017,10.509,10.585,10.501,10.577,23429
20171018,10.588,10.627,10.56,10.593,57276
20171019,10.596,10.661,10.563,10.654,20067
20171020,10.63,10.63,10.529,10.588,8836
20171023,10.543,10.551,10.459,10.476,56545
20171024,10.484,10.501,10.442,10.493,15985
20171025,10.484,10.484,10.392,10.45,22831
20171026,10.518,10.518,10.4,10.409,12065
20171027,10.324,10.375,10.308,10.356,40340
20171030,10.374,10.433,10.374,10.419,22476
20171031,10.511,10.551,10.499,10.522,42997
20171101,10.501,10.518,10.459,10.459,40009
20171102,10.45,10.551,10.45,10.551,82560
20171103,10.354,10.358,10.152,10.22,232741
20171106,10.139,10.215,10.038,10.19,215581
20171107,10.257,10.257,10.181,10.189,27032
20171108,10.162,10.19,10.137,10.154,39925
20171109,10.141,10.173,10.111,10.149,78668
20171110,10.156,10.173,10.114,10.147,25236
20171113,10.021,10.089,10.004,10.076,98490
20171114,10.118,10.131,10.084,10.119,74139
20171115,10.055,10.105,10.055,10.089,146227
20171116,10.181,10.181,10.056,10.089,111788
20171117,10.063,10.063,9.996,10.037,26247
20171120,10.051,10.063,10.017,10.026,44328
20171121,10.013,10.055,10.004,10.034,18899
20171122,10.105,10.19,10.105,10.173,31753
20171124,10.265,10.265,10.181,10.221,17588
20171127,10.14,10.164,10.132,10.14,16012
20171128,10.173,10.173,10.122,10.172,55521
20171129,10.191,10.232,10.191,10.213,49941
20171130,10.299,10.299,10.206,10.233,4075
20171201,10.24,10.324,10.24,10.322,78658
20171204,10.233,10.257,10.21,10.21,4823
20171205,10.232,10.274,10.215,10.226,371241
20171206,10.178,10.198,10.161,10.198,12182
20171207,10.207,10.24,10.206,10.207,8066
20171208,10.173,10.173,10.119,10.164,13970
20171211,10.173,10.232,10.173,10.227,38663
20171212,10.223,10.249,10.215,10.223,5607
20171213,10.207,10.232,10.19,10.232,61336
20171214,10.173,10.181,10.106,10.106,11246
20171215,10.122,10.173,10.122,10.148,10140
20171218,10.25,10.274,10.225,10.25,9742
20171219,10.257,10.299,10.257,10.296,9462
20171220,10.341,10.341,10.29,10.291,9545
20171221,10.299,10.299,10.249,10.265,19047
20171222,10.307,10.307,10.215,10.24,12555
20171226,10.324,10.324,10.257,10.257,7089
20171227,10.265,10.282,10.181,10.282,49019
20171228,10.319,10.319,10.279,10.297,21267
20171229,10.375,10.379,10.253,10.314,12655
20180102,10.527,10.561,10.496,10.561,10148
20180103,10.639,10.7,10.612,10.685,13075
20180104,10.813,10.917,10.803,10.856,97165
20180105,10.856,10.856,10.795,10.825,19716
20180108,10.843,10.848,10.739,10.748,71549
20180109,10.769,10.795,10.709,10.767,29308
20180110,10.813,10.813,10.743,10.771,124021
20180111,10.77,10.83,10.77,10.805,67469
20180112,10.843,10.882,10.832,10.878,27862
20180116,10.986,11.012,10.9,10.908,37238
20180117,10.874,11.004,10.874,10.934,53806
20180118,10.995,11.012,10.96,10.978,13997
20180119,11.015,11.056,11.015,11.036,19477
20180122,11.099,11.177,11.073,11.177,36933
20180123,11.177,11.203,11.138,11.203,6635
20180124,11.264,11.281,11.203,11.281,30681
20180125,11.359,11.359,11.272,11.29,32672
20180126,11.282,11.298,11.213,11.273,41793
20180129,11.142,11.142,11.056,11.108,18358
20180130,11.038,11.082,11.012,11.021,40041
20180131,11.056,11.056,10.966,10.987,13239
20180201,11.021,11.056,11.002,11.053,20703
20180202,10.908,10.908,10.717,10.726,30772
20180205,10.518,10.57,10.145,10.171,195393
20180206,10.136,10.509,10.102,10.509,118108
20180207,10.488,10.561,10.38,10.406,28818
20180208,10.466,10.466,10.197,10.197,81006
20180209,10.223,10.267,10.041,10.267,23511
20180212,10.267,10.388,10.267,10.353,10708
20180213,10.323,10.327,10.319,10.327,2585
20180214,10.457,10.544,10.423,10.544,38517
20180215,10.561,10.631,10.558,10.605,71767
20180216,10.6,10.726,10.6,10.687,15917
20180220,10.535,10.544,10.406,10.431,26470
20180221,10.527,10.561,10.46,10.475,16699
20180222,10.467,10.535,10.449,10.492,14448
20180223,10.577,10.622,10.499,10.603,10454
20180226,10.613,10.683,10.58,10.674,9630
20180227,10.596,10.605,10.476,10.49,7854
20180228,10.553,10.561,10.449,10.449,93987
20180301,10.319,10.345,10.201,10.28,18513
20180302,10.275,10.431,10.275,10.431,41931
20180305,10.337,10.466,10.337,10.458,5733
20180306,10.521,10.553,10.514,10.548,4421
20180307,10.492,10.527,10.445,10.504,5618
20180308,10.604,10.613,10.509,10.509,2677
20180309,10.535,10.631,10.535,10.622,2602
20180312,10.735,10.769,10.7,10.709,199678
20180313,10.782,10.822,10.722,10.722,31385
20180314,10.752,10.822,10.709,10.771,85910
20180315,10.769,10.769,10.683,10.735,79790
20180316,10.735,10.804,10.683,10.778,175674
20180319,10.761,10.761,10.674,10.731,30830
20180320,10.674,10.726,10.657,10.694,30892
20180321,10.712,10.778,10.712,10.778,5531
20180322,10.631,10.665,10.57,10.592,57563
20180323,10.669,10.674,10.469,10.469,134799
20180326,10.631,10.726,10.605,10.726,335858
20180327,10.787,10.787,10.545,10.561,45170
20180328,10.553,10.674,10.544,10.582,79101
20180329,10.679,10.717,10.622,10.631,145823
20180402,10.674,10.674,10.483,10.501,57564
20180403,10.587,10.648,10.561,10.627,13230
20180404,10.631,10.726,10.631,10.726,16821
20180405,10.691,10.795,10.691,10.778,9759
20180406,10.752,10.769,10.648,10.657,48313
20180409,10.874,10.891,10.787,10.882,83435
20180410,10.969,10.969,10.9,10.96,49241
20180411,10.952,11.004,10.917,10.934,230203
20180412,10.943,10.995,10.926,10.994,19754
20180413,10.947,10.969,10.926,10.96,26045
20180416,10.943,10.96,10.891,10.943,13215
20180417,10.891,10.96,10.891,10.934,44789
20180418,10.969,11.047,10.969,11.012,37046
20180419,11.047,11.116,11.038,11.064,15439
20180420,11.09,11.09,10.978,11.021,7382
20180423,11.038,11.056,11.011,11.011,16574
20180424,11.064,11.108,11.012,11.038,40778
20180425,10.978,10.986,10.9,10.969,14605
20180426,10.934,10.934,10.856,10.903,12015
20180427,10.874,10.952,10.874,10.943,35325
20180430,10.943,10.943,10.856,10.856,12672
20180501,10.835,10.874,10.783,10.835,6109
20180502,10.773,10.787,10.739,10.74,34017
20180503,10.806,10.83,10.79,10.796,6653
20180504,10.683,10.83,10.683,10.795,6763
20180507,10.795,10.874,10.795,10.832,18707
20180508,10.752,10.839,10.752,10.822,20078
20180509,10.822,10.856,10.806,10.83,24793
20180510,10.912,10.934,10.909,10.934,4635
20180511,11.03,11.272,11.021,11.272,265263
20180514,11.318,11.559,11.275,11.318,17993
20180515,11.203,11.359,11.142,11.264,44229
20180516,11.186,11.324,11.186,11.298,9899
20180517,11.272,11.394,11.272,11.29,9705
20180518,11.246,11.316,11.246,11.272,14657
20180521,11.322,11.359,11.322,11.339,15850
20180522,11.355,11.428,11.355,11.355,5759
20180523,11.342,11.376,11.272,11.333,14917
20180524,11.272,11.272,11.143,11.196,46228
20180525,11.116,11.116,10.943,10.969,99840
20180529,10.562,10.657,10.423,10.51,113215
20180530,10.717,10.908,10.657,10.848,30206
20180531,10.848,10.952,10.804,10.882,18571
20180601,10.934,10.995,10.874,10.96,716554
20180604,11.054,11.116,11.054,11.089,72146
20180605,11.048,11.116,11.022,11.091,23142
20180606,11.186,11.264,11.186,11.255,149503
20180607,11.246,11.307,11.168,11.194,44607
20180608,11.212,11.238,11.125,11.203,49279
20180611,11.194,11.272,11.151,11.234,18582
20180612,11.272,11.307,11.221,11.264,119849
20180613,11.359,11.359,11.16,11.16,19496
20180614,11.16,11.168,11.09,11.09,21151
20180615,11.038,11.125,10.917,11.004,16184
20180618,10.9,11.047,10.882,10.995,36713
20180619,10.865,11.09,10.83,10.908,85746
20180620,10.874,11.038,10.865,10.917,11517
20180621,10.748,10.908,10.748,10.793,14708
20180622,11.021,11.038,10.973,11.038,17826
20180625,11.004,11.064,10.988,11.064,68033
20180626,11.056,11.099,11.012,11.09,9927
20180627,11.03,11.099,10.952,10.952,11664
20180628,10.96,11.09,10.96,11.064,59425
20180629,11.108,11.125,10.995,11.004,10331
20180702,10.888,11.09,10.86,10.88,203309
20180703,10.926,11.064,10.908,10.926,146470
20180705,11.095,11.203,11.095,11.147,60373
20180706,11.229,11.246,11.212,11.229,25814
20180709,11.35,11.42,11.35,11.402,12343
20180710,11.414,11.437,11.385,11.42,16098
20180711,11.315,11.376,11.25,11.263,3545
20180712,11.322,11.342,11.262,11.305,24745
20180713,11.238,11.246,11.151,11.22,4740
20180716,11.316,11.316,11.229,11.238,88069
20180717,11.203,11.29,11.16,11.246,48042
20180718,11.212,11.212,11.16,11.177,4651
20180719,10.978,11.177,10.978,11.099,11527
20180720,11.108,11.298,11.108,11.16,5227
20180723,11.203,11.204,11.203,11.203,1442
20180724,11.281,11.281,11.142,11.168,4174
20180725,11.246,11.324,11.185,11.324,39785
20180726,11.103,11.194,11.103,11.138,28528
20180727,11.134,11.22,11.134,11.203,20206
20180730,11.238,11.35,11.238,11.255,47524
20180731,11.277,11.446,11.173,11.233,28703
20180801,11.324,11.324,11.214,11.304,3818
20180802,11.134,11.272,11.134,11.16,430182
20180803,11.195,11.281,11.117,11.126,324277
20180806,11.173,11.229,11.173,11.229,3449
20180807,11.39,11.39,11.217,11.217,4961
20180808,11.274,11.281,11.187,11.265,14164
20180809,11.164,11.203,11.147,11.147,3053
20180810,10.981,11.03,10.951,10.973,14371
20180813,10.928,10.96,10.823,10.832,37897
20180814,10.902,10.908,10.752,10.752,13553
20180815,10.596,10.665,10.492,10.579,76820
20180816,10.822,10.83,10.704,10.743,48923
20180817,10.769,10.778,10.648,10.691,29719
20180820,10.761,10.761,10.665,10.691,33495
20180821,10.839,10.934,10.839,10.856,57557
20180822,10.934,10.969,10.934,10.969,21962
20180823,10.881,10.969,10.862,10.862,1793
20180824,10.908,10.934,10.9,10.927,2656
20180827,10.969,11.099,10.929,11.099,86396
20180828,11.102,11.108,11.042,11.094,29053
20180829,11.021,11.073,10.995,11.038,8864
20180830,10.943,11.038,10.87,10.934,21264
20180831,10.874,10.874,10.761,10.761,2180
20180904,10.659,10.7,10.65,10.659,26497
20180905,10.605,10.605,10.561,10.579,681857
20180906,10.561,10.561,10.449,10.483,13967
20180907,10.423,10.423,10.301,10.348,21085
20180910,10.431,10.492,10.431,10.474,11599
20180911,10.327,10.475,10.327,10.475,3269
20180912,10.57,10.57,10.441,10.469,13231
20180913,10.476,10.657,10.476,10.587,11365
20180914,10.535,10.596,10.388,10.579,33757
20180917,10.579,10.7,10.535,10.535,4674
20180918,10.638,10.726,10.586,10.604,20277
20180919,10.645,10.691,10.619,10.678,15160
20180920,10.7,10.743,10.672,10.743,13401
20180921,10.691,10.691,10.62,10.62,4227
20180924,10.752,10.795,10.683,10.752,10381
20180925,10.752,10.822,10.752,10.812,2983
20180926,10.839,10.839,10.648,10.822,7379
20180927,10.709,10.709,10.657,10.657,73153
20180928,10.639,10.657,10.432,10.553,43539
20181001,10.44,10.544,10.407,10.414,517776
20181002,10.388,10.492,10.379,10.431,19528
20181003,10.44,10.518,10.31,10.518,36037
20181004,10.509,10.509,10.284,10.284,34522
20181005,10.346,10.371,10.233,10.338,5241
20181008,10.119,10.206,10.11,10.206,27700
20181009,10.102,10.275,10.015,10.249,16441
20181010,10.041,10.084,9.933,9.937,4641
20181011,10.024,10.024,9.877,10.012,29086
20181012,9.954,9.963,9.833,9.928,20319
20181015,9.91,9.946,9.863,9.888,11144
20181016,9.946,9.998,9.939,9.967,2431
20181017,9.892,9.989,9.892,9.901,7159
20181018,9.989,9.989,9.846,9.957,13152
20181019,9.875,9.98,9.875,9.907,4347
20181022,9.833,9.92,9.833,9.851,8504
20181023,9.816,9.816,9.625,9.798,26437
20181024,9.662,9.677,9.568,9.577,13585
20181025,9.609,9.79,9.583,9.774,10456
20181026,9.564,9.686,9.538,9.555,17411
20181029,9.651,9.651,9.535,9.535,5043
20181030,9.59,9.755,9.538,9.714,9290
20181031,9.668,9.712,9.634,9.634,8387
20181101,9.642,9.885,9.625,9.842,604649
20181102,9.79,9.79,9.599,9.608,7128
20181105,9.636,9.738,9.558,9.718,7946
20181106,9.79,9.807,9.621,9.807,3413
20181107,9.885,9.885,9.675,9.803,10348
20181108,9.842,9.842,9.603,9.716,4742
20181109,9.694,9.755,9.58,9.738,7780
20181112,9.703,9.703,9.53,9.53,1625
20181113,9.512,9.512,9.378,9.402,3457
20181114,9.46,9.582,9.439,9.582,1716
20181115,9.56,9.573,9.461,9.482,3624
20181116,9.539,9.608,9.524,9.608,4246
20181119,9.486,9.556,9.469,9.486,28417
20181120,9.378,9.408,9.3,9.352,35493
20181121,9.417,9.504,9.417,9.504,3100
20181123,9.33,9.33,9.248,9.252,6378
20181126,9.366,9.408,9.284,9.408,1276
20181127,9.261,9.304,9.243,9.263,6590
20181128,9.298,9.538,9.298,9.538,4177
20181129,9.427,9.53,9.413,9.413,1609
20181130,9.389,9.477,9.382,9.459,6629
20181203,9.538,9.72,9.538,9.694,92633
20181204,9.552,9.608,9.37,9.484,7647
20181206,9.325,9.41,9.29,9.41,9616
20181207,9.417,9.417,9.31,9.392,7371
20181210,9.304,9.347,9.278,9.286,9679
20181211,9.321,9.321,9.168,9.2,21404
20181212,9.304,9.399,9.304,9.373,14024
20181213,9.261,9.356,9.252,9.295,2443
20181214,9.295,9.295,9.187,9.226,4409
20181217,9.174,9.174,9.07,9.07,11890
20181218,9.034,9.113,9.009,9.027,26748
20181219,9.157,9.174,9.027,9.027,7332
20181220,9.003,9.07,8.969,9.003,6863
20181221,8.936,9.009,8.819,8.819,47820
20181224,8.894,8.983,8.877,8.904,6934
20181226,8.848,9.027,8.848,9.027,15383
20181227,8.862,9.001,8.801,9.001,177823
20181228,8.975,9.068,8.965,8.965,8430
20181231,9.068,9.168,9.013,9.149,20609
20190102,9.13,9.204,9.103,9.194,177446
20190103,9.104,9.213,9.104,9.195,4566
20190104,9.381,9.503,9.381,9.494,3076
20190107,9.494,9.576,9.485,9.503,7430
20190108,9.594,9.594,9.483,9.499,4601
20190109,9.622,9.739,9.569,9.61,8876
20190110,9.658,9.667,9.524,9.535,2190
20190111,9.549,9.612,9.535,9.54,5607
20190114,9.531,9.567,9.485,9.567,2935
20190115,9.531,9.649,9.525,9.601,6144
20190116,9.492,9.522,9.487,9.517,1062
20190117,9.549,9.631,9.476,9.494,3443
20190118,9.576,9.649,9.531,9.576,57376
20190122,9.558,9.603,9.476,9.594,46528
20190123,9.585,9.585,9.585,9.585,33
20190124,9.548,9.612,9.548,9.594,1458
20190125,9.662,9.739,9.652,9.721,2089
20190128,9.563,9.64,9.563,9.64,1311
20190129,9.625,9.685,9.625,9.643,4843
20190130,9.649,9.794,9.649,9.794,2351
20190131,9.7,9.83,9.7,9.83,5523
20190201,9.729,9.821,9.729,9.791,2123
20190204,9.794,9.794,9.712,9.761,1352
20190205,9.776,9.857,9.735,9.813,98327
20190206,9.83,9.876,9.814,9.817,5052
20190207,9.812,9.812,9.649,9.667,4531
20190208,9.55,9.612,9.55,9.612,2863
20190211,9.558,9.594,9.55,9.594,1194
20190212,9.612,9.622,9.581,9.581,1256
20190213,9.606,9.62,9.606,9.62,728
20190214,9.635,9.703,9.555,9.614,4109
20190215,9.705,9.714,9.705,9.714,2319
20190219,9.714,9.714,9.705,9.705,1298
20190220,9.815,9.903,9.806,9.897,3345
20190221,9.752,9.839,9.752,9.754,2808
20190222,9.757,9.794,9.748,9.794,3297
20190225,9.83,9.83,9.676,9.751,4691
20190226,9.799,9.803,9.72,9.743,3487
20190227,9.776,9.821,9.776,9.785,1709
20190228,9.785,9.821,9.785,9.821,584
20190301,9.858,9.966,9.858,9.891,178440
20190304,9.898,9.985,9.898,9.939,4272
20190305,9.957,9.975,9.954,9.954,1796
20190306,10.084,10.084,9.975,9.985,3856
20190307,9.885,9.885,9.78,9.78,30552
20190308,9.713,9.83,9.713,9.83,10391
20190311,9.667,9.713,9.667,9.698,1359
20190312,9.749,9.776,9.658,9.721,4977
20190313,9.796,9.93,9.796,9.93,3200
20190314,9.929,9.994,9.929,9.956,1482
20190315,9.937,9.985,9.937,9.985,1687
20190318,9.957,9.985,9.894,9.894,13680
20190319,10.05,10.093,10.014,10.052,4251
20190320,10.012,10.03,10.012,10.025,3635
20190321,9.948,10.039,9.948,10.039,349
20190322,9.857,9.857,9.721,9.749,10406
20190325,9.794,9.794,9.794,9.794,33
20190326,9.744,9.749,9.744,9.749,1355
20190327,9.771,9.839,9.73,9.839,1441
20190328,9.767,9.767,9.767,9.767,33
20190329,9.766,9.894,9.753,9.793,160933
20190401,9.812,9.975,9.812,9.926,335197
20190402,9.885,9.939,9.848,9.939,14261
20190403,9.975,10.039,9.975,10.039,6243
20190404,10.003,10.003,9.951,9.972,8756
20190405,9.985,10.003,9.957,9.985,82527
20190408,10.066,10.066,9.998,10,14135
20190409,9.939,9.939,9.894,9.912,5737
20190410,9.97,10.03,9.97,10.03,2546
20190411,9.985,10.057,9.985,10.003,14915
20190412,10.048,10.175,10.048,10.145,18569
20190415,10.144,10.148,10.118,10.146,2095
20190416,10.148,10.148,10.094,10.094,1222
20190417,10.093,10.093,10.031,10.055,10197
20190418,9.995,10.048,9.995,10.004,6327
20190422,9.98,10.057,9.98,10.051,2840
20190423,10.03,10.084,10.012,10.084,1421
20190424,9.995,10.01,9.994,9.994,3304
20190425,9.985,9.994,9.969,9.969,6047
20190426,10.066,10.066,10.012,10.012,1751
20190429,9.971,10.057,9.971,10.052,2503
20190430,10.075,10.075,9.997,10.052,11354
20190501,10.088,10.142,10.07,10.072,54117
20190502,9.948,10.03,9.937,9.983,8954
20190503,9.912,10.021,9.912,10.012,7809
20190506,9.857,9.912,9.857,9.894,36224
20190507,9.785,9.839,9.739,9.739,6816
20190508,9.722,9.739,9.707,9.735,22255
20190509,9.635,9.658,9.607,9.616,5383
20190510,9.631,9.739,9.631,9.712,2553
20190513,9.64,9.64,9.521,9.521,13061
20190514,9.685,9.685,9.585,9.612,3652
20190515,9.586,9.667,9.553,9.636,3578
20190516,9.567,9.694,9.567,9.685,28400
20190517,9.587,9.658,9.587,9.658,1073
20190520,9.694,9.694,9.647,9.647,1478
20190521,9.631,9.776,9.631,9.776,23220
20190522,9.767,9.776,9.749,9.776,1860
20190523,9.619,9.667,9.612,9.644,1650
20190524,9.694,9.749,9.694,9.749,2927
20190528,9.794,9.794,9.743,9.743,1342
20190529,9.548,9.585,9.528,9.565,2417
20190530,9.64,9.64,9.523,9.523,6859
20190531,9.507,9.54,9.505,9.505,2671
20190603,9.522,9.531,9.458,9.476,28370
20190604,9.503,9.685,9.503,9.685,3996
20190605,9.631,9.631,9.631,9.631,405
20190606,9.686,9.69,9.65,9.677,2326
20190607,9.73,9.848,9.73,9.828,4835
20190610,9.813,9.885,9.813,9.885,3971
20190611,9.903,9.939,9.903,9.917,3365
20190612,9.971,9.971,9.971,9.971,474
20190613,9.839,9.876,9.786,9.812,1571
20190614,9.694,9.703,9.649,9.649,3367
20190617,9.694,9.694,9.694,9.694,838
20190618,9.588,9.694,9.576,9.666,5720
20190619,9.585,9.649,9.549,9.649,14460
20190620,9.705,9.705,9.705,9.705,291
20190621,9.767,9.857,9.767,9.848,5932
20190624,9.76,9.784,9.76,9.784,1600
20190625,9.73,9.758,9.676,9.683,4874
20190626,9.739,9.785,9.721,9.785,2889
20190627,9.712,9.796,9.693,9.749,5166
20190628,9.843,9.861,9.843,9.843,3350
20190701,9.797,9.936,9.797,9.877,32627
20190702,9.871,9.88,9.805,9.86,14688
20190703,9.918,9.946,9.852,9.888,1634
20190705,9.843,9.861,9.787,9.787,4277
20190708,9.777,9.777,9.74,9.756,8669
20190709,9.815,9.815,9.721,9.777,5387
20190710,9.852,9.852,9.731,9.768,9376
20190711,9.84,9.843,9.778,9.843,5360
20190712,9.817,9.908,9.817,9.908,6367
20190715,9.871,9.908,9.871,9.908,1033
20190716,9.824,9.908,9.824,9.864,4376
20190717,9.862,9.899,9.862,9.899,738
20190718,9.832,9.89,9.832,9.89,1722
20190719,9.768,9.88,9.768,9.838,8252
20190722,9.815,9.815,9.807,9.807,642
20190723,9.852,9.852,9.81,9.81,763
20190724,9.871,9.871,9.814,9.814,860
20190725,9.805,9.805,9.789,9.789,2403
20190726,9.824,9.843,9.74,9.768,5554
20190729,9.787,9.787,9.743,9.743,1267
20190730,9.59,9.721,9.562,9.564,9521
20190731,9.646,9.646,9.46,9.46,2203
20190801,9.516,9.525,9.347,9.423,4015
20190802,9.488,9.488,9.353,9.353,687
20190805,9.254,9.347,9.209,9.209,4880
20190806,9.291,9.291,9.291,9.291,446
20190807,9.329,9.329,9.329,9.329,872
20190808,9.291,9.441,9.291,9.417,1876
20190809,9.336,9.385,9.321,9.375,5185
20190812,9.245,9.338,9.237,9.237,34721
20190813,9.245,9.291,9.245,9.277,781
20190814,9.216,9.216,9.067,9.116,4447
20190815,9.067,9.076,8.974,9.067,5633
20190816,9.026,9.123,9.014,9.123,2936
20190819,9.128,9.198,9.128,9.179,9058
20190820,9.245,9.245,9.084,9.112,2461
20190821,9.203,9.226,9.198,9.225,4082
20190822,9.263,9.263,9.208,9.208,1919
20190823,9.127,9.13,9.112,9.112,4382
20190826,9.15,9.179,9.15,9.179,1024
20190827,9.254,9.254,9.156,9.169,4268
20190828,9.198,9.198,9.119,9.15,3620
20190829,9.235,9.245,9.096,9.142,34485
20190830,9.198,9.254,9.185,9.254,5815
20190903,9.179,9.192,9.179,9.18,2058
20190904,9.254,9.319,9.254,9.319,1573
20190905,9.385,9.422,9.366,9.422,16234
20190906,9.441,9.45,9.394,9.394,14775
20190909,9.392,9.441,9.373,9.441,3446
20190910,9.369,9.562,9.369,9.512,19158
20190911,9.441,9.562,9.441,9.45,2404
20190912,9.511,9.59,9.511,9.57,1870
20190913,9.576,9.59,9.575,9.575,1372
20190916,9.575,9.613,9.575,9.613,1608
20190917,9.628,9.684,9.628,9.684,5761
20190918,9.523,9.572,9.485,9.541,35969
20190919,9.66,9.675,9.617,9.651,35800
20190920,9.531,9.628,9.531,9.578,4934
20190923,9.496,9.525,9.496,9.496,596
20190924,9.581,9.581,9.476,9.476,6691
20190925,9.324,9.329,9.282,9.317,25899
20190926,9.348,9.394,9.32,9.322,2011
20190927,9.322,9.334,9.321,9.329,568
20190930,9.46,9.46,9.43,9.458,4845
20191001,9.431,9.431,9.357,9.357,32492
20191002,9.318,9.329,9.243,9.29,11221
20191003,9.299,9.3,9.29,9.3,1000
20191004,9.385,9.422,9.377,9.41,12626
20191007,9.488,9.488,9.408,9.437,3456
20191008,9.422,9.422,9.357,9.413,7201
20191009,9.361,9.422,9.361,9.389,21918
20191010,9.338,9.431,9.338,9.431,5711
20191011,9.5,9.609,9.5,9.609,4660
20191014,9.534,9.534,9.488,9.506,6172
20191015,9.464,9.562,9.445,9.548,27441
20191016,9.525,9.544,9.481,9.506,5517
20191017,9.631,9.637,9.594,9.594,461
20191018,9.634,9.637,9.562,9.609,2591
20191021,9.637,9.712,9.637,9.712,1771
20191022,9.664,9.693,9.664,9.693,601
20191023,9.733,9.805,9.733,9.789,1909
20191024,9.843,9.861,9.834,9.843,4202
20191025,9.815,9.852,9.815,9.843,7951
20191028,9.892,9.964,9.892,9.964,10311
20191029,9.908,9.908,9.806,9.821,15931
20191030,9.874,9.992,9.874,9.939,20137
20191031,9.974,9.974,9.946,9.963,6055
20191101,9.986,10.03,9.907,10.03,2371
20191104,10.045,10.114,10.043,10.114,5071
20191105,10.122,10.179,10.122,10.151,36275
20191106,10.158,10.179,10.156,10.179,4425
20191107,10.245,10.245,10.179,10.179,1081
20191108,10.218,10.254,10.203,10.231,6997
20191111,10.114,10.207,10.114,10.207,11814
20191112,10.226,10.254,10.211,10.254,1162
20191113,10.273,10.273,10.23,10.241,505
20191114,10.151,10.273,10.151,10.226,4327
20191115,10.263,10.301,10.23,10.287,2923
20191118,10.376,10.376,10.324,10.324,2994
20191119,10.31,10.338,10.261,10.305,1527
20191120,10.31,10.31,10.201,10.244,2988
20191121,10.155,10.207,10.146,10.207,5260
20191122,10.192,10.192,10.146,10.146,4838
20191125,10.104,10.17,10.104,10.123,12288
20191126,10.077,10.179,10.077,10.169,734
20191127,10.142,10.142,10.087,10.136,2965
20191129,10.075,10.114,10.013,10.089,2289
20191202,10.002,10.095,10.002,10.095,35278
20191203,10.039,10.039,9.957,9.957,13669
20191204,10.037,10.142,10.037,10.112,1820
20191205,10.092,10.17,10.092,10.17,1531
20191206,10.133,10.142,10.117,10.142,3310
20191209,10.067,10.123,10.067,10.09,2665
20191210,10.076,10.1,10.076,10.1,1345
20191211,10.039,10.179,10.039,10.179,3515
20191212,10.133,10.282,10.133,10.282,3957
20191213,10.29,10.357,10.29,10.357,5003
20191216,10.302,10.469,10.302,10.396,40042
20191217,10.311,10.45,10.311,10.423,3522
20191218,10.344,10.385,10.344,10.362,2477
20191219,10.376,10.45,10.368,10.413,5235
20191220,10.404,10.404,10.355,10.359,7424
20191223,10.305,10.432,10.305,10.404,9522
20191224,10.263,10.404,10.263,10.404,1675
20191226,10.31,10.497,10.31,10.441,14476
20191227,10.516,10.606,10.478,10.606,3724
20191230,10.531,10.531,10.503,10.513,17393
20191231,10.453,10.465,10.418,10.418,5421
20200102,10.498,10.56,10.498,10.531,315562
20200103,10.555,10.555,10.508,10.508,5412
20200106,10.548,10.559,10.536,10.552,2328
20200107,10.536,10.536,10.536,10.536,223
20200108,10.362,10.531,10.362,10.447,3560
20200109,10.408,10.465,10.408,10.45,1033
20200110,10.496,10.522,10.456,10.456,8204
20200113,10.526,10.56,10.526,10.56,5048
20200114,10.55,10.55,10.55,10.55,33
20200115,10.563,10.654,10.552,10.654,7112
20200116,10.673,10.673,10.553,10.644,5636
20200117,10.71,10.71,10.602,10.616,9142
20200121,10.635,10.635,10.578,10.578,6313
20200122,10.515,10.56,10.515,10.56,870
20200123,10.437,10.437,10.43,10.43,526
20200124,10.445,10.465,10.403,10.426,8323
20200127,10.221,10.258,10.183,10.244,10282
20200128,10.286,10.381,10.286,10.381,4163
20200129,10.362,10.4,10.36,10.36,457
20200130,10.398,10.398,10.396,10.396,1417
20200131,10.382,10.447,10.382,10.39,7492
20200203,10.418,10.428,10.39,10.416,79100
20200204,10.413,10.447,10.413,10.447,3067
20200205,10.456,10.56,10.456,10.513,4968
20200206,10.553,10.56,10.412,10.425,34514
20200207,10.418,10.418,10.418,10.418,359
20200210,10.535,10.535,10.535,10.535,139
20200211,10.552,10.552,10.552,10.552,139
20200212,10.513,10.513,10.447,10.513,2335
20200213,10.447,10.447,10.371,10.371,2427
20200214,10.418,10.465,10.396,10.465,4407
20200218,10.485,10.616,10.485,10.569,5171
20200219,10.673,10.673,10.673,10.673,1349
20200220,10.64,10.682,10.569,10.682,8857
20200221,10.575,10.673,10.523,10.523,6465
20200224,9.976,10.287,9.976,10.166,15254
20200225,10.164,10.164,9.91,9.91,13944
20200226,10.089,10.089,9.863,9.942,18693
20200227,9.835,9.882,9.642,9.656,4126
20200228,9.543,9.543,9.284,9.506,12457
20200302,9.562,9.788,9.562,9.788,82448
20200303,9.858,10.117,9.811,9.811,4793
20200304,9.995,10.221,9.976,10.221,9796
20200305,9.703,9.835,9.614,9.675,17969
20200306,9.628,9.628,9.393,9.402,22896
20200309,8.828,8.828,8.47,8.47,19848
20200310,8.724,8.875,8.536,8.875,8204
20200311,8.602,8.602,8.188,8.188,4918
20200312,7.83,7.83,7.167,7.548,7365
20200313,7.7,7.783,7.547,7.614,4049
20200316,6.9928,7.2,6.5881,6.8422,10094
20200317,7.025,7.294,6.8843,7.214,36126
20200318,6.8091,6.8421,6.5925,6.7526,4776
20200319,6.7856,6.795,6.588,6.6257,29547
20200320,6.7856,6.8233,6.5503,6.5503,34609
20200323,6.6256,6.7386,6.4939,6.6068,30646
20200324,6.9826,7.219,6.6712,7.19,22173
20200325,6.6821,7.699,6.6821,6.974,47300
20200326,7.416,7.614,7.416,7.609,11463
20200327,7.586,7.614,7.19,7.609,26188
20200330,7.571,7.642,7.571,7.642,4713
20200331,7.651,7.934,7.651,7.802,7363
20200401,7.567,7.642,7.444,7.466,366614
20200402,7.444,7.586,7.444,7.569,8782
20200403,7.529,7.567,7.511,7.511,4390
20200406,7.68,7.68,7.529,7.614,9964
20200407,7.807,7.99,7.628,7.628,33737
20200408,7.683,7.821,7.683,7.821,5017
20200409,8,8,7.983,7.995,4555
20200413,8,8,7.896,7.962,9327
20200414,7.99,8.16,7.887,7.887,2580
20200415,7.764,7.887,7.764,7.887,1011
20200416,7.717,7.774,7.663,7.699,1795
20200417,7.924,7.924,7.896,7.906,7251
20200420,7.811,7.83,7.731,7.745,15480
20200421,7.651,7.651,7.581,7.584,2900
20200422,7.698,7.774,7.698,7.774,1924
20200423,7.877,7.887,7.697,7.697,4936
20200424,7.821,7.849,7.821,7.84,408
20200427,7.84,7.943,7.794,7.811,3712
20200428,8.009,8.235,8.009,8.015,15556
20200429,8.056,8.31,8.056,8.24,9410
20200430,8.105,8.301,8.105,8.284,8688
20200501,8.182,8.207,8.028,8.091,10786
20200504,8.002,8.094,8.002,8.04,13715
20200505,8.131,8.131,7.953,7.953,2933
20200506,8.047,8.047,8.011,8.011,1254
20200507,8.014,8.131,7.995,8.059,3267
20200508,8.189,8.216,8.114,8.216,18036
20200511,8.022,8.16,8.022,8.16,3262
20200512,8.009,8.056,7.974,7.974,4089
20200513,8.028,8.028,7.849,7.929,13471
20200514,7.553,7.793,7.548,7.736,4106
20200515,7.774,7.915,7.774,7.83,20873
20200518,8.226,8.273,8.226,8.273,18787
20200519,8.244,8.367,8.131,8.367,3152
20200520,8.376,8.555,8.263,8.461,9120
20200521,8.461,8.602,8.461,8.583,3557
20200522,8.574,8.593,8.489,8.593,3907
20200526,8.626,8.677,8.626,8.652,1287
20200527,8.694,8.715,8.59,8.673,1768
20200528,8.826,8.826,8.826,8.826,1096
20200529,8.656,8.736,8.647,8.684,13403
20200601,8.988,8.988,8.912,8.969,3544
20200602,9.246,9.289,9.246,9.289,909
20200603,9.44,9.506,9.336,9.506,3848
20200604,9.498,9.618,9.498,9.507,2753
20200605,9.666,9.666,9.355,9.355,9040
20200608,9.52,9.534,9.465,9.472,4762
20200609,9.364,9.393,9.332,9.393,2397
20200610,9.261,9.364,9.242,9.346,17436
20200611,9.079,9.082,8.816,8.816,15983
20200612,9.016,9.016,8.907,8.922,2204
20200615,8.908,8.978,8.908,8.978,845
20200616,9.186,9.186,8.987,9.063,1396
20200617,9.044,9.138,9.044,9.138,1788
20200618,9.01,9.063,8.928,9.063,1845
20200619,9.114,9.148,8.997,9.101,1752
20200622,9.164,9.164,9.164,9.164,476
20200623,9.1,9.11,9.07,9.11,1976
20200624,8.977,8.977,8.941,8.967,1946
20200625,8.783,8.988,8.783,8.988,532
20200626,8.777,8.781,8.758,8.781,1416
20200629,8.85,8.915,8.85,8.915,2219
20200630,8.863,8.915,8.863,8.905,30574
20200701,9.02,9.021,8.887,9.021,15837
20200702,9.223,9.223,9.082,9.093,1837
20200706,9.31,9.31,9.127,9.175,3885
20200707,9.291,9.31,9.146,9.176,1280
20200708,9.185,9.387,9.185,9.301,2365
20200709,9.252,9.262,9.025,9.237,75276
20200710,9.204,9.31,9.204,9.247,32151
20200713,9.271,9.31,9.137,9.137,4766
20200714,9.278,9.3,9.248,9.3,2404
20200715,9.271,9.271,9.137,9.218,6165
20200716,9.299,9.319,9.194,9.319,2338
20200717,9.305,9.358,9.243,9.356,3258
20200720,9.368,9.425,9.321,9.425,1016
20200721,9.425,9.589,9.425,9.589,2886
20200722,9.608,9.666,9.483,9.666,1253
20200723,9.569,9.569,9.517,9.536,14127
20200724,9.55,9.55,9.488,9.493,2098
20200727,9.541,9.579,9.493,9.56,806
20200728,9.444,9.444,9.444,9.444,676
20200729,9.328,9.359,9.328,9.359,491
20200730,9.126,9.387,9.126,9.358,4276
20200731,9.367,9.367,9.106,9.108,7164
20200803,9.151,9.262,9.151,9.209,15420
20200804,9.194,9.387,9.194,9.387,2406
20200805,9.56,9.56,9.418,9.527,602
20200806,9.334,9.412,9.334,9.412,1018
20200807,9.319,9.416,9.319,9.336,19079
20200810,9.339,9.377,9.339,9.377,1223
20200811,9.435,9.449,9.435,9.449,356
20200812,9.675,9.675,9.645,9.645,3156
20200813,9.675,9.723,9.579,9.598,984
20200814,9.637,9.637,9.637,9.637,134
20200817,9.704,9.704,9.562,9.567,4414
20200818,9.627,9.627,9.618,9.618,1756
20200819,9.627,9.627,9.521,9.549,5073
20200820,9.454,9.454,9.392,9.436,905
20200821,9.319,9.319,9.278,9.278,1016
20200824,9.521,9.589,9.521,9.589,1330
20200825,9.569,9.569,9.444,9.444,473
20200826,9.531,9.531,9.454,9.5,10439
20200827,9.493,9.521,9.422,9.422,10158
20200828,9.348,9.473,9.339,9.426,3691
20200831,9.435,9.435,9.3,9.391,516
20200901,9.346,9.425,9.316,9.378,6234
20200902,9.416,9.416,9.379,9.379,679
20200903,9.493,9.493,9.228,9.239,1623
20200904,9.233,9.291,9.228,9.228,1044
20200908,9.053,9.137,9.044,9.134,4426
20200909,9.377,9.416,9.316,9.33,1640
20200910,9.348,9.396,9.185,9.185,3297
20200911,9.242,9.329,9.214,9.283,771
20200914,9.31,9.31,9.216,9.216,858
20200915,9.224,9.339,9.176,9.28,1211
20200916,9.242,9.242,9.156,9.156,1171
20200917,9.262,9.262,9.262,9.262,30
20200918,9.137,9.137,9.137,9.137,868
20200921,8.964,9.041,8.906,8.954,1336
20200922,9.012,9.012,8.829,8.829,1911
20200923,8.656,8.694,8.598,8.627,3763
20200924,8.563,8.675,8.526,8.573,3817
20200925,8.435,8.55,8.401,8.527,14617
20200928,8.644,8.704,8.639,8.639,1048
20200929,8.617,8.665,8.588,8.588,2216
20200930,8.637,8.637,8.588,8.637,35650
20201001,8.637,8.829,8.588,8.685,250653
20201002,8.685,8.694,8.579,8.588,7506
20201005,8.723,8.829,8.723,8.781,6977
20201006,8.935,8.935,8.818,8.828,3024
20201007,8.834,8.915,8.834,8.911,4744
20201008,8.896,8.964,8.891,8.96,3623
20201009,8.925,8.992,8.902,8.906,4610
20201012,8.973,9.041,8.973,9.021,8435
20201013,9.117,9.117,9.012,9.012,750
20201014,9.041,9.041,9.002,9.002,1382
20201015,8.867,8.867,8.853,8.853,1037
20201016,8.858,8.858,8.839,8.858,654
20201019,8.887,8.887,8.828,8.828,320
20201020,8.819,8.819,8.819,8.819,30
20201021,8.78,8.793,8.78,8.793,448
20201022,8.65,8.747,8.65,8.747,1070
20201023,8.771,8.771,8.771,8.771,2723
20201026,8.598,8.598,8.502,8.51,1715
20201027,8.367,8.379,8.367,8.379,333
20201028,8.193,8.193,8.137,8.15,1044
20201029,8.019,8.06,7.935,8.057,3092
20201030,8.098,8.146,8.098,8.146,293
20201102,8.223,8.435,8.223,8.343,42975
20201103,8.435,8.492,8.377,8.403,19456
20201104,8.446,8.492,8.412,8.424,2533
20201105,8.59,8.59,8.571,8.571,725
20201106,8.454,8.512,8.425,8.502,8986
20201109,8.906,8.915,8.877,8.887,2529
20201110,9.05,9.137,9.05,9.089,2421
20201111,9.173,9.194,9.173,9.194,446
20201112,9.204,9.204,9.137,9.137,3731
20201113,9.233,9.252,9.209,9.252,3518
20201116,9.387,9.454,9.387,9.387,6508
20201117,9.233,9.358,9.233,9.339,619
20201118,9.406,9.406,9.387,9.387,238
20201119,9.243,9.243,9.243,9.243,238
20201120,9.409,9.444,9.382,9.444,3047
20201123,9.444,9.541,9.444,9.541,2351
20201124,9.728,9.781,9.728,9.781,14063
20201125,9.869,9.945,9.831,9.945,4727
20201127,9.991,10.012,9.885,9.99,56077
20201130,9.954,9.954,9.757,9.848,21574
20201201,9.839,9.954,9.805,9.81,147642
20201202,9.959,10.118,9.959,9.959,134
20201203,9.949,10.089,9.947,10.005,10439
20201204,10.089,10.329,10.089,10.175,26029
20201207,10.214,10.214,10.108,10.127,4204
20201208,10.127,10.3,10.127,10.291,2208
20201209,10.416,10.416,10.262,10.339,25869
20201210,10.368,10.464,10.334,10.358,6564
20201211,10.358,10.358,10.185,10.257,56170
20201214,10.31,10.348,10.3,10.348,861
20201215,10.425,10.474,10.336,10.377,12803
20201216,10.57,10.57,10.489,10.531,1580
20201217,10.541,10.541,10.541,10.541,862
20201218,10.579,10.579,10.415,10.522,2438
20201221,10.166,10.329,10.166,10.262,9073
20201222,10.305,10.305,10.295,10.295,1725
20201223,10.497,10.502,10.439,10.497,16468
20201224,10.539,10.579,10.493,10.579,2321
20201228,10.599,10.781,10.589,10.714,9535
20201229,10.724,10.762,10.724,10.724,12820
20201230,10.729,10.806,10.642,10.697,8256
20201231,10.69,10.69,10.647,10.647,2630
20210104,10.835,10.845,10.748,10.748,20765
20210105,10.816,10.932,10.816,10.932,4682
20210106,11.049,11.309,11.049,11.232,2308
20210107,11.174,11.387,11.174,11.28,2639
20210108,11.29,11.29,11.235,11.285,730
20210111,10.942,11.125,10.942,11.029,24296
20210112,11.029,11.029,11.002,11.002,319
20210113,11.014,11.014,11.014,11.014,490
20210114,10.893,10.919,10.893,10.919,237
20210115,10.767,10.835,10.69,10.719,15820
20210119,10.884,11.077,10.845,10.938,13052
20210120,10.888,10.888,10.888,10.888,237
20210121,10.893,10.893,10.796,10.823,1637
20210122,10.806,10.806,10.806,10.806,831
20210125,10.738,10.738,10.605,10.642,4195
20210126,10.548,10.603,10.497,10.603,2250
20210127,10.239,10.4,10.221,10.221,5047
20210128,10.402,10.497,10.402,10.497,1297
20210129,10.303,10.303,10.303,10.303,30
20210201,10.332,10.41,10.226,10.231,4896
20210202,10.235,10.303,10.226,10.298,8354
20210203,10.235,10.264,10.235,10.264,1934
20210204,10.245,10.245,10.096,10.148,3532
20210205,10.264,10.264,10.211,10.226,3279
20210208,10.328,10.38,10.324,10.353,1066
20210209,10.348,10.41,10.348,10.41,673
20210210,10.346,10.4,10.346,10.364,7536
20210211,10.374,10.383,10.316,10.374,13822
20210212,10.235,10.332,10.235,10.332,41873
20210216,10.477,10.535,10.46,10.497,12448
20210217,10.497,10.497,10.477,10.477,709
20210218,10.477,10.477,10.332,10.4,1567
20210219,10.448,10.448,10.448,10.448,282
20210222,10.533,10.535,10.506,10.506,2081
20210223,10.351,10.351,10.351,10.351,134
20210224,10.38,10.535,10.38,10.535,16927
20210225,10.651,10.68,10.593,10.593,8285
20210226,10.574,10.574,10.372,10.372,34575
20210301,10.613,10.68,10.492,10.642,20129
20210302,10.564,10.613,10.555,10.613,868
20210303,10.516,10.516,10.516,10.516,378
20210304,10.402,10.402,10.32,10.32,934
20210305,10.4,10.603,10.351,10.603,16914
20210308,10.419,10.419,10.337,10.376,3837
20210309,10.526,10.526,10.41,10.487,4563
20210310,10.584,10.584,10.584,10.584,30
20210311,10.719,10.951,10.68,10.932,10380
20210312,10.796,10.922,10.69,10.922,21028
20210315,10.835,10.835,10.792,10.826,1525
20210316,10.738,10.796,10.738,10.796,753
20210317,10.729,10.796,10.709,10.787,2258
20210318,10.613,10.613,10.613,10.613,722
20210319,10.816,10.835,10.816,10.825,25446
20210322,10.738,10.767,10.632,10.758,7588
20210323,10.651,10.709,10.651,10.709,722
20210324,10.613,10.613,10.593,10.593,238
20210325,10.342,10.516,10.342,10.516,3050
20210326,10.564,10.651,10.497,10.651,25584
20210329,10.584,10.661,10.555,10.661,2504
20210330,10.574,10.574,10.574,10.574,30
20210331,10.719,10.719,10.69,10.69,6961
20210401,10.748,10.772,10.748,10.772,1499
20210405,10.907,11.019,10.907,10.937,3556
20210406,10.918,10.942,10.86,10.909,2211
20210407,11.054,11.063,11.044,11.063,546
20210408,11.053,11.112,11.053,11.063,848
20210409,11.009,11.009,11.009,11.009,1319
20210412,11,11,10.884,10.942,1875
20210413,10.961,10.961,10.879,10.893,1682
20210414,10.99,11.029,10.971,10.99,2264
20210415,10.91,10.942,10.91,10.939,7391
20210416,10.926,11.029,10.926,11.019,2709
20210419,11.032,11.067,10.965,10.965,1769
20210420,10.971,10.971,10.826,10.903,2423
20210421,10.932,10.932,10.932,10.932,135
20210422,11.029,11.033,11.019,11.019,9486
20210423,11.048,11.048,11.048,11.048,30
20210426,11.081,11.106,11.081,11.106,846
20210427,11.029,11.038,11,11,2684
20210428,11.096,11.096,11.041,11.041,9083
20210429,11.077,11.164,11.077,11.125,1447
20210430,11.164,11.164,10.98,10.98,19391
20210503,11.116,11.29,11.116,11.261,59075
20210504,11.232,11.232,11.125,11.194,9011
20210505,11.251,11.251,11.183,11.193,2098
20210506,11.174,11.309,11.174,11.309,930
20210507,11.377,11.619,11.377,11.599,24477
20210510,11.608,11.609,11.483,11.56,2513
20210511,11.402,11.416,11.395,11.416,1459
20210512,11.212,11.3,11.203,11.29,2309
20210513,11.356,11.435,11.309,11.396,8011
20210514,11.561,11.609,11.532,11.585,16938
20210517,11.58,11.638,11.58,11.628,5475
20210518,11.812,11.899,11.812,11.899,20892
20210519,11.706,11.754,11.667,11.667,3094
20210520,11.822,11.909,11.805,11.89,3168
20210521,11.928,11.928,11.832,11.841,3094
20210524,11.841,11.861,11.764,11.764,32275
20210525,11.909,11.909,11.764,11.832,24332
20210526,11.88,11.899,11.88,11.89,7425
20210527,11.918,11.938,11.841,11.928,1676
20210528,11.822,11.841,11.822,11.841,1140
20210601,11.899,11.919,11.832,11.832,6928
20210602,11.764,11.764,11.619,11.706,2504
20210603,11.638,11.725,11.377,11.405,31297
20210604,11.503,11.532,11.488,11.488,924
20210607,11.503,11.503,11.492,11.492,3462
20210608,11.464,11.464,11.388,11.44,2399
20210609,11.474,11.474,11.474,11.474,355
20210610,11.397,11.454,11.397,11.435,1634
20210611,11.474,11.503,11.474,11.483,1321
20210614,11.625,11.628,11.503,11.561,5042
20210615,11.551,11.551,11.551,11.551,237
20210616,11.716,11.87,11.716,11.762,9220
20210617,11.348,11.406,11.319,11.406,1863
20210618,11.145,11.154,11.029,11.154,7955
20210621,11.164,11.222,11.164,11.222,4746
20210622,11.183,11.183,11.146,11.146,350
20210623,11.048,11.116,11.038,11.116,1371
20210624,11.125,11.212,11.096,11.212,2788
20210625,11.159,11.203,11.145,11.175,4578
20210628,11.154,11.154,11.116,11.154,670
20210629,11.077,11.146,11.027,11.132,9734
20210630,11.017,11.087,10.988,11.017,4675
20210701,11.107,11.107,11.097,11.097,17041
20210702,11.176,11.276,11.174,11.276,3372
20210706,11.345,11.345,11.127,11.136,2407
20210707,11.097,11.127,11.097,11.127,1261
20210708,11.156,11.156,11.092,11.092,1112
20210709,11.186,11.216,11.156,11.166,1339
20210712,11.158,11.325,11.158,11.23,8019
20210713,11.156,11.226,11.156,11.167,905
20210714,11.166,11.166,11.102,11.102,1786
20210715,10.987,10.987,10.987,10.987,30
20210716,10.855,10.898,10.771,10.816,5147
20210719,10.63,10.63,10.401,10.511,12694
20210720,10.362,10.53,10.362,10.53,2556
20210721,10.66,10.67,10.66,10.66,1440
20210722,10.699,10.699,10.699,10.699,30
20210723,10.829,10.858,10.809,10.829,6159
20210726,10.909,10.938,10.849,10.879,791
20210727,10.829,10.829,10.739,10.739,2596
20210728,10.784,10.809,10.784,10.809,1353
20210729,10.913,10.938,10.913,10.938,3544
20210730,10.709,10.709,10.709,10.709,131
20210802,10.794,10.794,10.794,10.794,231
20210803,10.908,10.908,10.908,10.908,131
20210804,10.821,10.918,10.801,10.801,1724
20210805,10.83,10.85,10.83,10.85,385
20210806,10.868,10.868,10.868,10.868,30
20210809,10.921,10.921,10.899,10.899,1346
20210810,10.882,10.898,10.882,10.898,1841
20210811,10.908,10.908,10.908,10.908,30
20210812,10.928,10.928,10.923,10.923,1540
20210813,11.007,11.007,10.968,10.968,936
20210816,10.918,11.057,10.918,11.057,3457
20210817,10.91,10.997,10.9,10.9,706
20210818,11.037,11.037,11.037,11.037,30
20210819,11.127,11.127,11.017,11.017,1553
20210820,10.988,11.057,10.988,11.042,3200
20210823,11.047,11.067,11.047,11.067,1843
20210824,11.107,11.156,11.107,11.127,1083
20210825,11.087,11.196,11.077,11.097,570
20210826,11.176,11.176,11.048,11.048,1918
20210827,11.176,11.176,11.176,11.176,30
20210830,11.176,11.176,11.176,11.176,30
20210831,11.234,11.301,11.234,11.281,1759
20210901,11.474,11.593,11.474,11.504,15207
20210902,11.519,11.593,11.519,11.593,2095
20210903,11.524,11.653,11.504,11.653,43501
20210907,11.397,11.464,11.367,11.377,10715
20210908,11.295,11.295,11.246,11.246,3144
20210909,11.217,11.315,11.217,11.315,735
20210910,11.176,11.176,11.127,11.127,4295
20210913,11.514,11.514,11.424,11.424,5233
20210914,11.463,11.484,11.444,11.444,12285
20210915,11.375,11.375,11.216,11.345,693
20210916,11.176,11.186,11.176,11.186,583
20210917,11.176,11.176,11.002,11.067,736
20210920,10.85,10.858,10.719,10.769,4846
20210921,11.037,11.037,10.975,10.975,2447
20210922,11.081,11.216,11.081,11.21,2472
20210923,11.35,11.35,11.349,11.35,588
20210924,11.176,11.196,11.156,11.196,1307
20210927,11.276,11.276,11.206,11.206,727
20210928,10.978,11.047,10.978,11.047,2032
20210929,10.948,10.948,10.948,10.948,30
20210930,10.958,10.958,10.958,10.958,30
20211001,11.017,11.047,10.988,11.047,291525
20211004,11.075,11.087,11.006,11.006,1457
20211005,11.037,11.037,11.037,11.037,30
20211006,10.918,10.918,10.898,10.908,2043
20211007,11.03,11.037,10.931,10.984,3240
20211008,10.915,10.938,10.885,10.916,2130
20211011,10.898,10.898,10.898,10.898,30
20211012,11.097,11.097,11.022,11.022,1127
20211013,11.181,11.21,11.181,11.21,3680
20211014,11.291,11.33,11.291,11.31,886
20211015,11.305,11.31,11.3,11.31,1219
20211018,11.286,11.286,11.286,11.286,30
20211019,11.326,11.376,11.326,11.376,1151
20211020,11.693,11.693,11.554,11.603,5191
20211021,11.663,11.663,11.663,11.663,2245
20211022,11.802,11.802,11.677,11.677,2430
20211025,11.633,11.633,11.599,11.599,815
20211026,11.549,11.569,11.549,11.559,818
20211027,11.536,11.584,11.536,11.572,835
20211028,11.685,11.752,11.675,11.752,2587
20211029,11.564,11.623,11.564,11.608,1314
20211101,11.762,11.802,11.645,11.802,1592
20211102,11.832,11.832,11.663,11.708,7482
20211103,11.454,11.464,11.425,11.425,1388
20211104,11.436,11.504,11.427,11.504,1093
20211105,11.315,11.315,11.206,11.307,3189
20211108,11.201,11.315,11.201,11.315,50651
20211109,11.306,11.375,11.306,11.306,1765
20211110,11.355,11.355,11.216,11.216,2043
20211111,11.256,11.256,11.256,11.256,231
20211112,11.305,11.305,11.305,11.305,533
20211115,11.266,11.295,11.246,11.285,10775
20211116,11.155,11.166,11.145,11.145,482
20211117,11.136,11.146,11.136,11.146,231
20211118,11.067,11.067,11.067,11.067,131
20211119,10.967,10.967,10.908,10.908,2595
20211122,10.769,10.769,10.769,10.769,30
20211123,10.725,10.769,10.725,10.74,1992
20211124,10.769,10.769,10.769,10.769,231
20211126,10.749,10.749,10.739,10.739,803
20211129,10.779,10.809,10.779,10.789,3542
20211130,10.838,10.838,10.779,10.779,232
20211201,10.789,10.789,10.749,10.749,1550
20211202,10.679,10.709,10.675,10.675,2896
20211203,10.67,10.67,10.58,10.6,6237
20211206,10.739,10.789,10.729,10.759,7213
20211207,10.869,10.888,10.868,10.888,2944
20211208,10.878,10.878,10.878,10.878,30
20211209,10.838,10.838,10.769,10.769,1867
20211210,10.759,10.759,10.759,10.759,30
20211213,10.692,10.692,10.692,10.692,899
20211214,10.537,10.542,10.537,10.542,306
20211215,10.517,10.517,10.482,10.482,4548
20211216,10.603,10.603,10.603,10.603,323
20211217,10.542,10.58,10.542,10.58,1307
20211220,10.451,10.491,10.442,10.481,1346
20211221,10.62,10.68,10.62,10.68,1448
20211222,10.719,10.719,10.719,10.719,30
20211223,10.759,10.759,10.739,10.739,938
20211227,10.848,10.848,10.848,10.848,30
20211228,10.855,10.855,10.845,10.845,836
20211229,10.847,10.86,10.845,10.86,1900
20211230,10.88,10.88,10.88,10.88,969
20211231,10.94,10.97,10.94,10.97,1168
20220103,11,11,10.98,10.9899,2948
20220104,10.97,10.97,10.97,10.97,500
20220105,10.9116,10.92,10.87,10.87,549
20220106,10.69,10.7,10.69,10.7,1987
20220107,10.68,10.7215,10.6501,10.651,4801
20220111,10.7899,10.7899,10.7899,10.7899,500
20220112,10.75,10.8833,10.75,10.8833,5443
20220113,10.91,10.91,10.87,10.87,600
20220114,10.81,10.81,10.735,10.74,1219
20220119,10.6201,10.6201,10.6201,10.6201,801
20220120,10.71,10.7208,10.54,10.7208,19058
20220121,10.521,10.53,10.52,10.52,2114
20220124,10.32,10.375,10.23,10.375,4126
20220125,10.189,10.245,10.189,10.24,1673
20220126,10.47,10.48,10.42,10.42,3705
20220127,10.27,10.292,10.27,10.292,448
20220128,10.2758,10.2758,10.18,10.2299,1549
20220131,10.331,10.5,10.331,10.4998,490
20220201,10.5982,10.5982,10.5982,10.5982,300
20220202,10.56,10.56,10.56,10.56,1020
20220208,10.5607,10.61,10.5607,10.61,1048
20220211,10.43,10.43,10.21,10.219,6764
20220214,10.16,10.1601,10.13,10.13,600
20220215,10.37,10.4999,10.34,10.4999,2478
20220216,10.48,10.4842,10.48,10.4842,11200
20220217,10.51,10.57,10.47,10.47,5365
20220218,10.4808,10.4808,10.37,10.37,1079
