Date,Open,High,Low,Close,Volume
20210520,24.87,25.0511,24.87,25.0511,201255
20210521,25.2074,25.2074,25.2074,25.2074,12
20210525,25.03,25.03,25.03,25.03,100
20210526,25.47,25.5181,25.47,25.5181,190
20210528,26.01,26.08,25.7,25.7675,1180
20210601,26.06,26.17,26.06,26.1554,203
20210602,26.07,26.0744,26.05,26.0744,310
20210603,25.8952,25.8952,25.8952,25.8952,12
20210604,25.79,25.9566,25.78,25.9566,501
20210607,26.135,26.17,26.12,26.1698,2001
20210608,26.35,26.5092,26.35,26.5092,605
20210609,26.2201,26.2201,26.2201,26.2201,2
20210610,26.59,26.59,25.8286,25.8286,100
20210614,26.1299,26.1299,25.861,25.861,1000
20210616,25.8906,25.9112,25.85,25.9112,8400
20210617,25.57,25.57,25.3,25.3746,734
20210618,24.83,25.05,24.7407,24.7407,1000
20210621,25.31,25.31,25.3087,25.3087,137
20210622,25.2101,25.4293,25.2101,25.4293,7890
20210623,25.4616,25.4616,25.4616,25.4616,3
20210624,25.8037,25.8037,25.8037,25.8037,15
20210625,25.8441,25.8441,25.8441,25.8441,24
20210628,25.5501,25.5752,25.5501,25.5752,114
20210630,25.6312,25.6312,25.6312,25.6312,3
20210702,25.56,25.56,25.4498,25.4498,100
20210707,24.9411,24.9411,24.9411,24.9411,19
20210708,24.5843,24.5843,24.5843,24.5843,4
20210712,25.424,25.424,25.424,25.424,1
20210714,24.75,24.75,24.667,24.667,202
20210715,24.5409,24.5409,24.5409,24.5409,5
20210719,23.69,23.75,23.58,23.692,2320
20210721,24.74,24.7874,24.74,24.7874,101
20210722,24.4034,24.4034,24.4034,24.4034,3
20210726,24.7975,24.7975,24.7975,24.7975,10
20210730,25.0166,25.0166,25.0166,25.0166,1
20210804,24.6741,24.6741,24.6741,24.6741,4
20210806,25.23,25.3404,25.23,25.3404,700
20210810,25.4566,25.4566,25.4566,25.4566,13
20210811,25.6659,25.6659,25.6659,25.6659,10
20210812,25.5914,25.5914,25.5914,25.5914,39
20210813,25.3677,25.3677,25.3677,25.3677,130
20210817,24.8839,24.8839,24.8839,24.8839,104
20210819,24.386,24.386,24.386,24.386,2
20210820,24.7981,24.7981,24.7981,24.7981,4
20210823,25.086,25.086,25.086,25.086,1
20210825,25.4475,25.4475,25.4475,25.4475,58
20210826,25.1769,25.1769,25.1769,25.1769,1
20210827,25.8341,25.8341,25.8341,25.8341,10
20210830,25.6904,25.6904,25.6904,25.6904,31
20210831,25.6745,25.6745,25.6745,25.6745,3
20210902,25.8277,25.8277,25.8277,25.8277,9
20210903,25.6507,25.6507,25.6507,25.6507,12
20210910,24.912,24.912,24.912,24.912,26
20210914,24.7131,24.7131,24.7131,24.7131,25
20210915,24.942,24.9907,24.91,24.9907,600
20210916,24.963,24.963,24.963,24.963,61
20210917,24.9505,24.9505,24.9505,24.9505,11
20210921,24.4665,24.4665,24.4665,24.4665,1
20210922,24.8607,24.8607,24.8607,24.8607,2
20210924,25.49,25.51,25.4125,25.4125,203
20210927,25.71,25.76,25.71,25.76,203
20210928,25.5,25.5,25.38,25.408,642
20210929,25.5052,25.5052,25.5052,25.5052,21
20210930,25.3,25.3,25.0551,25.0551,112
20211001,25.4741,25.4741,25.4741,25.4741,3
20211006,25.34,25.34,25.22,25.2943,1100
20211007,25.7187,25.7187,25.7187,25.7187,23
20211012,25.4901,25.4917,25.4665,25.4665,600
20211013,25.4238,25.4238,25.4238,25.4238,12
20211015,25.6431,25.6431,25.6431,25.6431,3
20211018,25.6902,25.6902,25.6902,25.6902,3
20211022,26,26,25.981,25.981,130
20211026,25.9466,25.9466,25.9466,25.9466,60
20211028,25.94,25.94,25.78,25.9042,600
20211102,26.52,26.52,26.49,26.4911,200
20211104,27.1179,27.1179,27.1179,27.1179,30
20211105,27.7053,27.7053,27.7053,27.7053,14
20211109,27.665,27.6983,27.665,27.6983,105
20211110,27.4892,27.4892,27.4892,27.4892,30
20211111,27.775,27.775,27.7091,27.7091,202
20211112,27.6775,27.6775,27.6775,27.6775,10
20211116,27.73,27.78,27.73,27.7533,4264
20211119,27.1366,27.1366,27.1366,27.1366,100
20211122,27.19,27.4239,27.19,27.4239,2580
20211126,26.271,26.271,26.271,26.271,25
20211129,26.2095,26.2095,26.2095,26.2095,25
20211201,25.352,25.352,25.352,25.352,4
20211202,25.35,26.013,25.35,26.013,2700
20211203,25.7437,25.7437,25.7437,25.7437,1
20211206,26.01,26.31,25.88,26.2671,2000
20211207,26.51,26.51,26.49,26.49,300
20211208,26.67,26.67,26.6377,26.6377,203
20211209,26.31,26.31,26.2462,26.2462,200
20211214,25.62,25.84,25.62,25.7458,600
20211215,26.1134,26.1134,26.1134,26.1134,1
20211216,25.84,25.84,25.84,25.84,25
20211217,25.6,25.6943,25.6,25.6943,400
20211221,25.82,25.98,25.82,25.9716,200
20211223,26.4577,26.4577,26.4577,26.4577,11
20211227,26.8329,26.8329,26.8329,26.8329,1
20211229,26.71,26.7365,26.71,26.7365,125
20211230,26.6377,26.6377,26.6377,26.6377,1
20220103,26.81,26.8283,26.81,26.8283,100
20220104,27.0707,27.0707,27.0707,27.0707,15
20220105,26.5043,26.5043,26.5043,26.5043,1
20220110,26.3288,26.3288,26.3288,26.3288,10
20220119,25.3028,25.3028,25.3028,25.3028,9
20220120,24.6865,24.6865,24.6865,24.6865,20
20220121,24.54,24.54,24.4366,24.4366,101
20220124,25.0255,25.0255,25.0255,25.0255,95
20220125,24.7702,24.7702,24.7702,24.7702,2
20220127,23.9568,23.9568,23.9568,23.9568,6
20220131,24.6883,24.6883,24.6883,24.6883,2
20220202,24.7784,24.7784,24.7784,24.7784,1
20220207,24.4542,24.4542,24.4542,24.4542,20
20220208,25.015,25.015,25.015,25.015,50
20220215,25.25,25.2755,25.25,25.2755,200
