Date,Open,High,Low,Close,Volume
20181001,24.06,24.1,23.99,24.05,100774
20181002,24.14,24.2,24.1,24.2,48853
20181003,24.15,24.16,24.09,24.11,44121
20181004,24.05,24.05,23.98,24.03,21851
20181005,24.07,24.07,23.98,24.03,18628
20181008,24.05,24.08,23.96,24.07,33393
20181009,24.02,24.12,24,24.09,21722
20181010,23.95,23.98,23.72,23.72,23289
20181011,23.58,23.7,23.34,23.44,50979
20181012,23.59,24.46,23.44,23.69,12868
20181015,23.42,23.49,23.35,23.39,16632
20181016,23.46,23.57,23.46,23.57,3057
20181017,23.91,23.91,23.49,23.7,15073
20181018,23.59,23.63,23.4,23.47,24241
20181019,23.53,23.54,23.38,23.44,2381
20181022,23.52,23.52,23.25,23.42,33056
20181023,23.1,23.36,23.1,23.35,81817
20181024,23.2,23.2,22.91,22.96,14882
20181025,23.13,23.13,23.07,23.12,999
20181026,22.98,23,22.92,23,7568
20181029,23.17,23.19,22.77,22.9,4769
20181030,22.97,23.07,22.91,23.07,3424
20181031,23.29,25.38,23.19,23.22,82664
20181101,23.29,23.33,23.24,23.33,9242
20181102,23.34,23.34,23.16,23.19,6301
20181105,23.2,23.34,23.2,23.34,389
20181106,23.37,23.41,23.36,23.37,2428
20181107,23.51,23.59,23.51,23.59,1937
20181108,23.64,23.67,23.6,23.64,17591
20181109,23.59,23.59,23.49,23.55,7939
20181112,23.4,23.4,23.3,23.31,15449
20181113,23.3,23.36,23.27,23.27,4298
20181114,23.37,23.37,23.13,23.2,18188
20181115,23.16,23.25,23.11,23.18,23482
20181116,23.29,23.38,23.25,23.35,13234
20181119,23.33,23.33,23.06,23.16,4314
20181120,22.99,23.01,22.93,23.01,889
20181121,22.97,23.05,22.97,23.01,3749
20181123,22.96,22.96,22.91,22.91,262
20181126,23.1,23.1,23.1,23.1,785
20181127,23.07,23.09,23.07,23.09,4337
20181128,23.32,23.43,23.24,23.41,3499
20181129,23.35,23.44,23.31,23.42,6985
20181130,23.4,23.4,23.34,23.36,56826
20181203,23.62,23.63,23.55,23.62,10780
20181204,23.64,23.64,23.23,23.23,11372
20181206,23.08,23.17,22.9,23.17,11088
20181207,23.14,23.15,22.9,22.94,11624
20181210,22.9,23.01,22.79,23.01,9973
20181211,23.08,23.1,22.91,23.05,19001
20181212,23.08,23.19,23.04,23.04,22317
20181213,23.08,23.14,23.01,23.01,12167
20181214,23.04,23.04,22.82,22.82,19474
20181217,22.67,22.75,22.46,22.46,1651
20181218,22.63,22.69,22.55,22.55,2753
20181219,22.67,22.79,22.34,22.34,101676
20181220,22.32,22.43,22.17,22.19,587422
20181221,22.31,22.33,22.05,22.07,44538
20181224,21.93,21.93,21.74,21.78,549
20181226,22.03,22.26,21.76,22.24,11144
20181227,22.06,22.16,21.98,22.12,5534
20181228,22.35,22.54,22.29,22.32,17455
20181231,22.42,22.48,22.34,22.34,41371
20190102,22.29,22.44,22.29,22.37,6189
20190103,22.29,22.29,22.1,22.13,16058
20190104,22.4,22.55,22.4,22.54,6566
20190107,22.64,22.64,22.64,22.64,726
20190108,22.65,22.74,22.64,22.69,5161
20190109,22.7,22.84,22.7,22.8,11458
20190110,22.74,22.94,22.72,22.94,35273
20190111,22.82,22.88,22.81,22.84,24103
20190114,22.76,22.84,22.76,22.83,6979
20190115,22.87,22.96,22.87,22.93,22170
20190116,23,23.01,22.95,22.99,19286
20190117,22.97,23.08,22.93,22.98,10816
20190118,23.36,23.36,23.02,23.19,11647
20190122,22.99,23.1,22.99,23.02,22348
20190123,23.16,23.16,22.95,22.97,17646
20190124,23.12,23.12,22.95,23.03,21042
20190125,23.1,23.18,23.1,23.16,6061
20190128,23.07,23.12,23.01,23.12,14825
20190129,23.1,23.1,22.97,23.07,17607
20190130,23.08,23.23,23.07,23.23,11817
20190131,23.24,23.35,23.23,23.35,8300
20190201,23.38,23.39,23.3,23.32,12342
20190204,23.44,23.44,23.34,23.4,12797
20190205,23.39,23.46,23.37,23.44,11895
20190206,23.39,23.46,23.38,23.45,16594
20190207,23.41,23.41,23.28,23.33,23448
20190208,23.34,23.37,23.29,23.35,11303
20190211,23.39,23.43,23.38,23.38,7725
20190212,23.52,23.57,23.47,23.53,15278
20190213,23.57,23.64,23.54,23.57,222740
20190214,23.57,23.61,23.51,23.61,19060
20190215,23.68,23.68,23.61,23.61,986
20190219,23.69,23.74,23.63,23.69,10158
20190220,23.69,23.78,23.65,23.73,108510
20190221,23.65,23.75,23.62,23.66,81260
20190222,23.76,23.78,23.67,23.72,37375
20190225,23.84,23.85,23.77,23.81,3790
20190226,23.71,23.76,23.7,23.76,6087
20190227,23.78,23.78,23.71,23.75,8022
20190228,23.71,23.77,23.67,23.73,26517
20190301,23.88,23.88,23.68,23.68,52861
20190304,23.92,23.92,23.63,23.65,46948
20190305,23.69,23.72,23.64,23.69,8482
20190306,23.64,23.67,23.53,23.53,69822
20190307,23.68,23.68,23.44,23.47,82305
20190308,23.43,23.49,23.43,23.49,19560
20190311,23.64,23.69,23.6,23.6,6286
20190312,23.67,23.72,23.67,23.69,32305
20190313,23.69,23.85,23.69,23.79,115768
20190314,23.74,23.85,23.73,23.85,15540
20190315,23.84,23.88,23.8,23.86,25095
20190318,23.96,23.96,23.83,23.9,11699
20190319,23.89,23.99,23.89,23.89,18680
20190320,23.8,23.93,23.8,23.88,8937
20190321,23.91,24.02,23.91,24.02,14610
20190322,23.98,23.98,23.76,23.79,37818
20190325,23.75,23.81,23.69,23.79,78240
20190326,23.94,23.94,23.79,23.82,40336
20190327,23.81,23.81,23.75,23.75,2449
20190328,23.86,23.86,23.74,23.77,4910
20190329,24,24,23.83,23.92,103734
20190401,24.03,24.09,23.94,24.09,42017
20190402,24.03,24.1,24.02,24.09,12869
20190403,24.03,24.16,24.03,24.06,16869
20190404,24.21,24.21,24.06,24.17,109897
20190405,24.08,24.23,24.08,24.22,337166
20190408,24.08,24.24,24.08,24.23,161607
20190409,24.16,24.17,24.11,24.14,100305
20190410,24.16,24.19,24.11,24.17,100203
20190411,24.31,24.31,24.14,24.17,271930
20190412,24.26,24.3,24.22,24.29,249869
20190415,24.24,24.28,24.2,24.26,39802
20190416,24.33,24.33,24.24,24.24,18767
20190417,24.33,24.33,24.21,24.25,146762
20190418,24.26,24.32,24.21,24.29,101485
20190422,24.25,24.32,24.25,24.3,90248
20190423,24.33,24.43,24.32,24.41,12756
20190424,24.47,24.47,24.34,24.37,190786
20190425,24.35,24.42,24.26,24.4,120444
20190426,24.4,24.42,24.35,24.4,46835
20190429,24.52,24.54,24.46,24.48,52118
20190430,24.54,24.54,24.33,24.44,279698
20190501,24.52,24.52,24.37,24.4,81369
20190502,24.45,24.45,24.24,24.33,84091
20190503,24.38,24.5,24.38,24.49,27306
20190506,24.32,24.48,24.31,24.45,69179
20190507,24.37,24.37,24.15,24.21,66551
20190508,24.18,24.3,24.18,24.18,16360
20190509,24.17,24.21,24.01,24.13,876060
20190510,24.09,24.25,23.93,24.18,60137
20190513,23.87,23.97,23.87,23.92,38240
20190514,24.03,24.09,23.94,24.02,40664
20190515,23.95,24.1,23.93,24.05,30521
20190516,24.21,24.25,24.15,24.19,37095
20190517,24.09,24.25,24.09,24.12,57366
20190520,24.02,24.08,23.95,23.95,20311
20190521,24.18,24.18,24.07,24.15,93962
20190522,24.14,24.14,24.03,24.07,14167
20190523,23.97,23.98,23.85,23.96,1364838
20190524,24.1,24.1,23.92,23.98,25717
20190528,24.07,24.07,23.9,23.9,119676
20190529,23.87,23.87,23.75,23.84,103864
20190530,23.87,23.87,23.81,23.87,122492
20190531,23.75,23.76,23.71,23.75,11132
20190603,23.79,23.79,23.62,23.69,30988
20190604,23.91,23.91,23.72,23.88,27785
20190605,24.06,24.06,23.9,23.97,30764
20190606,24.1,24.1,23.94,24.04,43628
20190607,24.12,24.24,24.12,24.16,21502
20190610,24.28,24.32,24.26,24.26,31257
20190611,24.33,24.33,24.21,24.24,33369
20190612,24.23,24.23,24.21,24.21,25667
20190613,24.29,24.31,24.23,24.23,57627
20190614,24.22,24.28,24.22,24.28,27659
20190617,24.37,24.37,24.28,24.28,22132
20190618,24.41,24.45,24.37,24.43,48039
20190619,24.43,24.46,24.35,24.45,35788
20190620,24.56,24.57,24.48,24.56,19403
20190621,24.59,24.63,24.54,24.61,37797
20190624,24.42,24.6,24.42,24.55,166633
20190625,24.62,24.62,24.42,24.43,21155
20190626,24.32,24.51,24.32,24.4,349861
20190627,24.45,24.51,24.43,24.45,272358
20190628,24.51,24.52,24.47,24.48,38661
20190701,24.58,24.65,24.48,24.55,150555
20190702,24.6,24.62,24.56,24.6,136057
20190703,24.66,24.74,24.64,24.74,17967
20190705,24.8,24.8,24.61,24.73,110737
20190708,24.67,24.67,24.58,24.67,132050
20190709,24.46,24.77,24.46,24.77,156113
20190710,24.75,24.83,24.72,24.76,200699
20190711,24.78,24.83,24.73,24.75,27360
20190712,24.81,24.88,24.79,24.88,87780
20190715,24.95,24.95,24.83,24.89,144930
20190716,24.88,24.88,24.79,24.85,22420
20190717,24.93,24.93,24.7,24.74,210094
20190718,24.7,24.8,24.66,24.77,99077
20190719,24.83,24.83,24.66,24.66,27960
20190722,24.72,24.74,24.65,24.72,50052
20190723,24.64,24.78,24.64,24.78,100668
20190724,24.71,24.83,24.69,24.83,13242
20190725,24.78,24.79,24.73,24.78,36546
20190726,24.79,24.9,24.79,24.9,55391
20190729,24.82,24.89,24.82,24.87,5705
20190730,24.67,24.84,24.67,24.84,22873
20190731,24.86,24.88,24.55,24.67,165117
20190801,24.68,24.85,24.48,24.54,133688
20190802,24.49,24.49,24.36,24.43,26401
20190805,24.22,24.23,23.97,24.1,98938
20190806,24.2,24.23,24.07,24.23,53834
20190807,24.05,24.24,24,24.21,308831
20190808,24.25,24.42,24.25,24.39,29395
20190809,24.55,24.55,24.31,24.32,107990
20190812,24.45,24.45,24.14,24.17,94758
20190813,24.34,24.45,24.33,24.41,39057
20190814,24.35,24.35,24.03,24.09,104671
20190815,24.35,24.35,23.99,24.12,198556
20190816,24.19,24.27,24.17,24.26,46845
20190819,24.37,24.37,24.3,24.36,51780
20190820,24.24,24.33,24.21,24.21,10711
20190821,24.34,24.36,24.28,24.32,104062
20190822,24.56,24.56,24.28,24.33,23617
20190823,24.19,24.3,23.96,23.96,130276
20190826,24.1,24.16,24.08,24.12,407510
20190827,24.03,24.17,24.03,24.12,70077
20190828,24.09,24.21,24.09,24.13,406158
20190829,24.35,24.37,24.28,24.28,99510
20190830,24.37,24.41,24.26,24.28,370594
20190903,24.37,24.37,24.12,24.22,44291
20190904,24.25,24.35,24.25,24.32,42257
20190905,24.53,24.61,24.48,24.52,28110
20190906,24.54,24.59,24.49,24.55,46353
20190909,24.42,24.59,24.42,24.48,37428
20190910,24.39,24.51,24.39,24.51,4622
20190911,24.57,24.62,24.55,24.62,84683
20190912,24.7,24.79,24.63,24.74,57591
20190913,24.61,24.76,24.61,24.68,26961
20190916,24.78,24.78,24.56,24.62,58623
20190917,24.66,24.69,24.58,24.58,101107
20190918,24.47,24.58,24.46,24.56,33179
20190919,24.62,24.7,24.57,24.6,39479
20190920,24.68,24.68,24.45,24.51,34275
20190923,24.47,24.53,24.47,24.51,4682
20190924,24.6,24.6,24.25,24.33,29745
20190925,24.33,24.46,24.21,24.44,90086
20190926,24.41,24.45,24.29,24.38,79985
20190927,24.66,24.66,24.16,24.2,99089
20190930,24.33,24.42,24.29,24.34,341100
20191001,24.38,24.4,24.18,24.22,1357217
20191002,23.96,24.1,23.95,23.98,270417
20191003,24.02,24.13,23.83,24.13,133174
20191004,24.01,24.29,24.01,24.29,132182
20191007,24.21,24.34,24.21,24.28,69349
20191008,24.42,24.42,24.02,24.08,276815
20191009,24.28,24.28,24.09,24.19,217884
20191010,24.13,24.28,24.13,24.23,78147
20191011,24.45,24.48,24.38,24.38,53141
20191014,24.36,24.41,24.36,24.36,140650
20191015,24.41,24.54,24.41,24.48,43485
20191016,24.5,24.51,24.42,24.49,58956
20191017,24.5,24.54,24.47,24.47,72613
20191018,24.66,24.66,24.44,24.47,85460
20191021,24.51,24.58,24.5,24.56,80352
20191022,24.58,24.6,24.52,24.52,69744
20191023,24.52,24.56,24.48,24.56,90429
20191024,24.56,24.58,24.5,24.54,46679
20191025,24.72,24.72,24.51,24.59,44798
20191028,24.65,24.66,24.62,24.66,51060
20191029,24.78,24.78,24.61,24.62,47279
20191030,24.53,24.69,24.53,24.63,36462
20191031,24.77,24.77,24.57,24.62,17114
20191101,24.64,24.77,24.64,24.77,125694
20191104,24.79,24.81,24.73,24.77,178926
20191105,24.7,24.78,24.7,24.76,289947
20191106,24.67,24.77,24.67,24.75,181093
20191107,24.82,24.82,24.76,24.78,154549
20191108,24.69,24.79,24.69,24.77,24029
20191111,24.75,24.81,24.73,24.76,28391
20191112,24.81,24.84,24.75,24.77,11210
20191113,24.63,24.84,24.63,24.78,10921
20191114,24.81,24.83,24.78,24.78,22671
20191115,24.84,24.9,24.79,24.87,15846
20191118,24.87,24.93,24.87,24.9,9208
20191119,25.03,25.03,24.89,24.89,41185
20191120,24.95,24.95,24.79,24.8301,31540
20191121,24.9,24.9,24.78,24.85,65274
20191122,24.8351,24.9195,24.8351,24.89,35128
20191125,24.95,24.98,24.9169,24.98,29359
20191126,25.08,25.08,24.92,25,750523
20191127,24.9408,25.0063,24.9206,25.0002,18955
20191129,25.03,25.04,24.961,24.978,45029
20191202,24.9885,24.9885,24.84,24.8566,23449
20191203,24.67,24.82,24.67,24.82,56550
20191204,24.854,24.91,24.83,24.89,29439
20191205,24.875,24.9064,24.8507,24.87,13458
20191206,24.965,25.006,24.9459,24.96,17498
20191209,25.03,25.03,24.97,24.97,5231
20191210,24.955,24.96,24.92,24.92,9975
20191211,24.94,24.99,24.92,24.94,76218
20191212,25.0274,25.08,24.9694,25.08,47605
20191213,24.96,25.0952,24.96,25.05,25611
20191216,25.16,25.1773,25.1,25.13,18374
20191217,25.1422,25.175,25.1234,25.175,21448
20191218,25.1406,25.157,25.1,25.1175,10857
20191219,25.1604,25.22,25.14,25.16,81054
20191220,25.2045,25.25,25.1901,25.21,1916
20191223,25.1901,25.2228,25.19,25.19,48834
20191224,25.18,25.24,25.18,25.19,50475
20191226,25.14,25.24,25.14,25.23,10586
20191227,25.2499,25.28,25.23,25.28,14545
20191230,25.23,25.23,25.17,25.195,54263
20191231,25.16,25.2,25.15,25.2,20891
20200102,25.2547,25.3304,25.1813,25.3304,216401
20200103,25.2252,25.2858,25.22,25.2858,38662
20200106,25.11,25.2988,25.11,25.25,32926
20200107,25.17,25.304,25.17,25.24,41855
20200108,25.2,25.3425,25.2,25.28,28776
20200109,25.3479,25.3549,25.32,25.33,88552
20200110,25.32,25.37,25.32,25.35,37827
20200113,25.37,25.4,25.36,25.37,3630
20200114,25.32,25.4183,25.32,25.37,17309
20200115,25.4,25.43,25.39,25.41,3496
20200116,25.515,25.515,25.4101,25.44,58796
20200117,25.47,25.51,25.43,25.45,27649
20200121,25.35,25.4827,25.35,25.44,118050
20200122,25.475,25.49,25.45,25.45,10191
20200123,25.6071,25.6071,25.41,25.45,11548
20200124,25.4392,25.4392,25.36,25.38,17542
20200127,25.18,25.3274,25.18,25.26,9559
20200128,25.47,25.47,25.2924,25.31,26950
20200129,25.465,25.465,25.33,25.33,53500
20200130,25.26,25.35,25.26,25.35,10825
20200131,25.29,25.335,25.21,25.22,11536
20200203,25.29,25.3859,25.25,25.31,81368
20200204,25.43,25.48,25.43,25.44,17556
20200205,25.49,25.53,25.48,25.5,25827
20200206,25.576,25.576,25.49,25.54,33329
20200207,25.522,25.5762,25.49,25.49,161884
20200210,25.505,25.5433,25.5,25.54,9180
20200211,25.556,25.59,25.5301,25.535,268250
20200212,25.55,25.5911,25.54,25.57,333491
20200213,25.5638,25.61,25.52,25.56,132449
20200214,25.57,25.59,25.55,25.56,70907
20200218,25.52,25.6,25.52,25.57,28325
20200219,25.6023,25.6327,25.53,25.59,806146
20200220,25.5022,25.59,25.5005,25.58,27646
20200221,25.5,25.55,25.46,25.46,12608
20200224,25.34,25.35,25.1958,25.27,190679
20200225,25.27,25.27,24.895,24.95,409787
20200226,24.87,25.1523,24.87,24.95,38711
20200227,24.64,24.92,24.57,24.58,97257
20200228,24.2,24.4133,23.8514,24.26,189729
20200302,24.365,24.956,24.365,24.87,255236
20200303,24.8928,24.96,24.5,24.67,17587
20200304,24.66,25.1,24.66,25.1,31190
20200305,24.675,24.82,24.51,24.51,10273
20200306,24.18,24.77,24.0404,24.41,1619641
20200309,23.5098,23.83,23.1501,23.42,165479
20200310,23.8,23.8,23.23,23.771,80871
20200311,23.507,23.685,23.12,23.16,240082
20200312,22.4,22.4,21.67,21.67,369541
20200313,22.83,23.18,22.0001,23.18,157571
20200316,20.96,22,20.96,21.36,41575
20200317,21.24,21.96,21.032,21.688,129934
20200318,21.47,21.47,20.5293,21.01,108776
20200319,20.7,21.6383,20.672,21.33,88858
20200320,21.5498,21.71,20.84,21.1,1004554
20200323,20.95,21.175,20.66,20.78,171258
20200324,21.82,21.99,21.58,21.99,182466
20200325,21.9098,22.6002,21.77,22.06,43135
20200326,22.03,22.8622,22.03,22.83,22713
20200327,22.17,22.779,22.17,22.39,29013
20200330,22.5,22.845,22.46,22.845,52308
20200331,22.7563,22.9,22.58,22.58,6183
20200401,21.89,22.4295,21.89,22,43643
20200402,22.185,22.4319,21.94,22.24,196958
20200403,22.2813,22.2813,22.01,22.14,12836
20200406,22.9499,23.0174,22.815,23,51250
20200407,23.3252,23.4399,23.1016,23.2,14043
20200408,23.16,23.4,23.06,23.4,9243
20200409,23.69,23.69,23.54,23.605,35716
20200413,23.72,23.72,23.3201,23.49,21042
20200414,23.64,24.09,23.64,24.02,46097
20200415,23.42,23.78,23.42,23.7,83558
20200416,23.8,23.8,23.505,23.635,32360
20200417,23.7501,23.9799,23.7501,23.91,62908
20200420,23.77,24.02,23.75,23.75,13506
20200421,23.14,23.45,23.14,23.32,35788
20200422,24.1,24.1,23.49,23.582,15268
20200423,23.89,23.9,23.55,23.55,37310
20200424,23.67,23.88,23.61,23.84,586342
20200427,23.9718,24.19,23.9717,24.14,3366
20200428,24.19,24.19,24.01,24.05,171255
20200429,24.29,24.4084,24.29,24.33,2878
20200430,24.3,24.3,24.1,24.205,80287
20200501,24.23,24.23,23.73,23.86,35815
20200504,23.95,23.96,23.6201,23.8943,28810
20200505,23.82,24.216,23.82,24.11,154947
20200506,24.13,24.16,24.01,24.0787,52860
20200507,24.09,24.24,24.07,24.18,14834
20200508,24.35,24.37,24.3,24.365,189695
20200511,24.34,24.4898,24.2447,24.4501,11773
20200512,24.38,24.46,24.23,24.23,81026
20200513,24.025,24.07,23.78,23.97,58688
20200514,23.47,24.1,23.47,24.1,11458
20200515,23.92,24.145,23.92,24.145,23602
20200518,24.435,24.63,24.41,24.44,176193
20200519,24.31,24.62,24.31,24.42,152637
20200520,24.64,24.68,24.53,24.61,201667
20200521,24.634,24.67,24.48,24.58,29227
20200522,24.33,24.62,24.33,24.5555,121628
20200526,24.8098,24.84,24.712,24.76,12539
20200527,24.7943,24.93,24.6515,24.93,144129
20200528,25.0199,25.04,24.7001,24.7001,16765
20200529,24.7786,25,24.7001,24.8853,122127
20200601,24.89,25.04,24.89,24.93,10031
20200602,24.97,25.1,24.91,25.1,158442
20200603,25.14,25.24,25.1,25.175,70194
20200604,25.12,25.24,25.04,25.0861,16556
20200605,25.22,25.435,25.22,25.4097,18294
20200608,25.28,25.55,25.28,25.52,30061
20200609,25.31,25.42,25.31,25.371,9213
20200610,25.29,25.42,25.285,25.3774,6724
20200611,24.78,25.14,24.7263,24.76,35969
20200612,24.725,24.8,24.42,24.61,15354
20200615,24.63,24.94,24.63,24.82,7726
20200616,24.79,25.192,24.79,25.094,4081
20200617,24.84,25.15,24.84,25.03,12046
20200618,24.76,25.1499,24.76,25,58477
20200619,25.09,25.09,24.95,25.0176,50637
20200622,24.92,25.15,24.92,25.05,7106
20200623,25.17,25.25,25.11,25.11,10993
20200624,24.97,25.09,24.75,24.83,34159
20200625,24.94,25.0399,24.77,25.0399,64295
20200626,25.32,25.32,24.77,24.82,70066
20200629,24.73,24.94,24.73,24.91,680339
20200630,24.88,25.14,24.88,25.085,8440
20200701,25.2102,25.32,25.1417,25.27,193203
20200702,25.25,25.37,25.21,25.21,33788
20200706,25.425,25.49,25.2501,25.37,8157
20200707,25.45,25.4697,25.28,25.28,32251
20200708,25.365,25.52,25.34,25.3856,12673
20200709,25.42,25.52,25.23,25.3948,8589
20200710,25.4299,25.54,25.3101,25.54,3206
20200713,25.62,25.62,25.5117,25.565,2943
20200714,25.355,25.5,25.355,25.5,2493
20200715,25.53,25.62,25.4701,25.62,432296
20200716,25.585,25.62,25.4808,25.55,29849
20200717,25.585,25.7,25.55,25.65,33764
20200720,25.6067,25.78,25.5901,25.6981,24212
20200721,25.7001,25.75,25.6951,25.6951,11258
20200722,25.7999,25.7999,25.6711,25.76,2070
20200723,25.62,25.77,25.57,25.63,76689
20200724,25.581,25.6327,25.52,25.54,33559
20200727,25.52,25.678,25.52,25.63,36162
20200728,25.615,25.7,25.61,25.65,24205
20200729,25.64,25.72,25.6314,25.7,6956
20200730,25.6348,25.69,25.5901,25.66,18939
20200731,25.86,25.86,25.64,25.78,34551
20200803,25.83,25.85,25.7522,25.79,4438
20200804,25.8599,25.8599,25.775,25.81,24844
20200805,25.87,25.98,25.83,25.86,6609
20200806,25.79,25.9731,25.79,25.91,124564
20200807,25.9741,25.9741,25.91,25.91,5987
20200810,26,26,25.89,26,65046
20200811,26.02,26.08,25.97,26.015,37047
20200812,26.02,26.1,25.9614,25.98,16805
20200813,26.04,26.05,25.96,25.98,6465
20200814,26.08,26.09,25.94,25.965,54505
20200817,26.025,26.04,26,26.01,38829
20200818,26.04,26.1045,26.02,26.03,16790
20200819,26.04,26.17,25.99,26.01,918089
20200820,25.92,26.08,25.92,26.03,18698
20200821,26.055,26.0799,26.04,26.06,12155
20200824,26.08,26.181,26.0601,26.1,14349
20200825,26.15,26.15,26.1,26.12,14518
20200826,26.12,26.234,26.12,26.15,76189
20200827,26.13,26.2253,26.13,26.19,34519
20200828,26.1901,26.22,26.12,26.18,61525
20200831,26.1774,26.24,26.15,26.16,9575
20200901,26.195,26.195,26.15,26.17,78376
20200902,26.16,26.2476,26.16,26.19,22261
20200903,26.21,26.21,26.0397,26.04,19491
20200904,25.98,26.17,25.87,26.17,32160
20200908,26.04,26.04,25.935,25.95,9758
20200909,26.02,26.1307,26.02,26.08,41718
20200910,26.1,26.1,26,26.0001,2319
20200911,26.0501,26.14,25.93,26.065,15873
20200914,26.14,26.26,26.11,26.12,13767
20200915,26.14,26.17,26.14,26.17,10701
20200916,26.18,26.2599,26.17,26.2,6206
20200917,26.075,26.2,26.07,26.145,5240
20200918,26.1985,26.1985,26.05,26.18,655758
20200921,25.94,26.12,25.82,26.12,690235
20200922,26.053,26.21,26.053,26.12,12237
20200923,26.21,26.21,25.89,25.9,9620
20200924,25.81,26.085,25.81,26.04,11312
20200925,26.06,26.2199,26.0181,26.1861,14682
20200928,26.3,26.37,26.26,26.3299,348311
20200929,26.29,26.41,26.27,26.29,849707
20200930,26.29,26.42,26.27,26.39,576081
20201001,26.4,26.52,26.33,26.4,701422
20201002,26.24,26.4095,26.24,26.27,206000
20201005,26.28,26.56,26.28,26.56,47533
20201006,26.56,26.64,26.31,26.32,133584
20201007,26.51,26.6388,26.45,26.57,64215
20201008,26.65,26.69,26.54,26.64,44173
20201009,27,27,26.69,26.76,43314
20201012,26.9999,27.0999,26.8607,27.05,52469
20201013,26.8,27.02,26.6805,26.99,37021
20201014,26.84,26.99,26.8265,26.9,15274
20201015,26.75,26.91,26.6,26.8,33859
20201016,26.99,26.9999,26.8401,26.9,144879
20201019,26.885,26.94,26.62,26.65,202663
20201020,26.81,26.83,26.6569,26.73,247084
20201021,26.67,26.8195,26.6499,26.7401,32397
20201022,26.7472,26.84,26.66,26.78,87981
20201023,26.81,26.866,26.7606,26.8181,6978
20201026,26.615,26.615,26.4192,26.575,60110
20201027,26.575,26.63,26.5201,26.63,12458
20201028,26.31,26.32,26.05,26.07,123224
20201029,26.0478,26.37,26.01,26.285,73542
20201030,25.999,26.12,25.89,26.12,49163
20201102,26.29,26.31,26.1227,26.27,99808
20201103,26.12,26.65,26.12,26.45,62912
20201104,26.91,26.93,26.81,26.82,12523
20201105,27.025,27.11,26.92,27.04,22127
20201106,26.8857,27.06,26.8175,27.06,9260
20201109,27.335,27.55,27.2701,27.29,29429
20201110,27.37,27.52,27.07,27.22,16139
20201111,27.13,27.28,27.13,27.22,74562
20201112,27.21,27.2987,27.0801,27.17,21932
20201113,27.215,27.37,27.17,27.36,5572
20201116,27.49,27.51,27.3419,27.48,23867
20201117,27.37,27.46,27.35,27.41,53113
20201118,27.4,27.462,27.21,27.21,14759
20201119,27.35,27.38,27.18,27.32,48743
20201120,27.33,27.359,27.26,27.29,3882
20201123,27.34,27.3599,27.21,27.29,8087
20201124,27.49,27.55,27.4001,27.55,14511
20201125,27.4458,27.56,27.4115,27.56,5255
20201127,27.47,27.5075,27.46,27.46,1281
20201130,27.48,27.5,27.4001,27.4607,5061
20201201,27.555,27.675,27.53,27.65,20333
20201202,27.57,27.5795,27.5308,27.5378,27617
20201203,27.55,27.63,27.53,27.63,18306
20201204,27.59,27.69,27.59,27.63,10515
20201207,27.65,27.65,27.6,27.62,6049
20201208,27.61,27.6862,27.61,27.65,5919
20201209,27.67,27.6867,27.54,27.67,7140
20201210,27.5,27.65,27.5,27.6,7704
20201211,27.49,27.6099,27.44,27.54,14718
20201214,27.65,27.65,27.46,27.47,15531
20201215,27.51,27.59,27.5,27.58,11697
20201216,27.59,27.6511,27.5801,27.625,10149
20201217,27.69,27.75,27.66,27.6608,5248
20201218,27.6579,27.7,27.58,27.64,4514
20201221,27.4,27.71,27.4,27.57,5596
20201222,27.6,27.606,27.5508,27.56,9561
20201223,27.64,27.6859,27.64,27.66,28219
20201224,27.53,27.7062,27.53,27.67,4228
20201228,27.7543,27.81,27.75,27.77,25412
20201229,27.75,27.773,27.71,27.773,24044
20201230,27.66,27.81,27.66,27.81,20227
20201231,27.62,27.82,27.62,27.82,18490
20210104,27.86,27.86,27.48,27.6,838393
20210105,27.61,27.7601,27.61,27.76,11030
20210106,27.86,27.91,27.7205,27.74,4470
20210107,27.91,27.93,27.8958,27.9,14417
20210108,28,28,27.92,27.95,14676
20210111,27.8946,28,27.85,27.85,9157
20210112,27.91,27.96,27.83,27.88,38057
20210113,28,28,27.8901,27.91,11865
20210114,27.93,27.99,27.9105,27.98,46635
20210115,27.8842,27.92,27.78,27.78,7889
20210119,27.78,27.97,27.78,27.88,194827
20210120,27.97,28.015,27.94,28.015,15759
20210121,28,28.05,27.9619,27.98,20502
20210122,27.9261,28.05,27.9261,27.96,12575
20210125,28.005,28.005,27.86,27.95,13252
20210126,27.97,28.006,27.88,27.92,211759
20210127,27.86,27.86,27.57,27.57,78223
20210128,27.55,27.83,27.55,27.7,47681
20210129,27.62,27.7384,27.45,27.5,38651
20210201,27.72,27.7856,27.68,27.7,2803
20210202,27.71,27.9125,27.67,27.85,36965
20210203,27.86,27.93,27.85,27.89,23654
20210204,27.94,28.0199,27.91,28,102148
20210205,28.03,28.03,28,28.0266,10318
20210208,28.05,28.11,28.04,28.07,20949
20210209,28.05,28.11,28.03,28.05,30363
20210210,28.08,28.11,28.0001,28.02,71998
20210211,28.07,28.11,28,28.03,14394
20210212,28.08,28.11,28.04,28.1,154592
20210216,28.02,28.14,28.02,28.07,25024
20210217,28.02,28.095,28.01,28.08,17742
20210218,28.105,28.105,27.99,28.04,19807
20210219,28.05,28.065,28.03,28.03,4790
20210222,27.98,28.0581,27.98,28,16064
20210223,27.8,28.1,27.8,28.02,13459
20210224,28.0294,28.13,28.0294,28.13,11360
20210225,28.07,28.07,27.82,27.86,19206
20210226,27.86,27.993,27.78,27.87,44885
20210301,27.9,28.14,27.9,28.1,22971
20210302,28.125,28.17,28.0608,28.08,74761
20210303,28.04,28.06,27.975,28,5044
20210304,27.9,28.02,27.74,27.83,10530
20210305,27.78,28.04,27.7701,28.04,18948
20210308,27.985,28.09,27.98,27.98,14305
20210309,28.155,28.19,28.11,28.11,9939
20210310,28.19,28.22,28.13,28.13,27861
20210311,28.22,28.2612,28.22,28.23,4660
20210312,28.06,28.25,28.06,28.25,30443
20210315,28.2778,28.33,28.24,28.31,40990
20210316,28.34,28.36,28.32,28.32,6513
20210317,28.27,28.3792,28.26,28.3792,23860
20210318,28.34,28.361,28.27,28.2927,22611
20210319,28.12,28.315,28.12,28.26,28757
20210322,28.31,28.395,28.308,28.36,18838
20210323,28.28,28.39,28.25,28.28,10646
20210324,28.39,28.39,28.27,28.27,5503
20210325,28.26,28.34,28.26,28.34,9577
20210326,28.38,28.47,28.36,28.47,80650
20210329,28.54,28.54,28.4,28.48,6644
20210330,28.42,28.51,28.4014,28.45,24303
20210331,28.37,28.55,28.37,28.5,30647
20210401,28.46,28.6,28.46,28.542,56040
20210405,28.54,28.7034,28.54,28.66,144251
20210406,28.6876,28.73,28.621,28.71,33080
20210407,28.56,28.7,28.56,28.69,32354
20210408,28.73,28.7599,28.6619,28.69,14270
20210409,28.6601,28.744,28.6601,28.715,9677
20210412,28.7431,28.7431,28.7,28.73,7285
20210413,28.73,28.7944,28.71,28.75,40681
20210414,28.7,28.796,28.7,28.72,13288
20210415,28.74,28.827,28.68,28.77,22114
20210416,28.79,28.83,28.77,28.7701,9800
20210419,28.68,28.825,28.68,28.8,36835
20210420,28.82,28.849,28.67,28.7,11088
20210421,28.71,28.7828,28.71,28.78,28038
20210422,28.76,28.79,28.68,28.73,45601
20210423,28.6911,28.78,28.6911,28.76,31498
20210426,28.77,28.7899,28.76,28.77,6001
20210427,28.77,28.79,28.755,28.775,33398
20210428,28.7,28.8442,28.7,28.8442,20819
20210429,28.82,28.845,28.76,28.8,49973
20210430,28.77,28.8699,28.75,28.77,57442
20210503,28.8281,28.878,28.7611,28.79,54466
20210504,28.79,28.79,28.74,28.755,15539
20210505,28.76,28.83,27.6468,28.76,11241
20210506,28.7,28.84,28.7,28.82,16021
20210507,28.93,28.93,28.84,28.85,3570
20210510,28.79,28.881,28.79,28.81,7346
20210511,28.7515,28.7652,28.71,28.72,2867
20210512,28.7,28.709,28.56,28.57,6549
20210513,28.62,28.68,28.58,28.65,5706
20210514,28.8293,28.8299,28.8293,28.8299,518
20210517,28.72,28.77,28.71,28.73,4923
20210518,28.75,28.8239,28.73,28.73,7764
20210519,28.59,28.74,28.59,28.7,11324
20210520,28.69,28.84,28.69,28.74,5561
20210521,28.7879,28.7901,28.77,28.7901,2543
20210524,28.9,28.93,28.85,28.93,6933
20210525,28.91,28.94,28.8,28.84,7949
20210526,28.9295,28.96,28.9295,28.93,11693
20210527,28.87,28.98,28.86,28.8735,13064
20210528,28.84,29.02,28.84,28.92,16988
20210601,28.95,29,28.9009,28.91,70241
20210602,28.86,28.9517,28.86,28.88,5376
20210603,28.74,28.925,28.74,28.87,12422
20210604,28.96,29.02,28.96,28.96,411
20210607,28.9999,28.9999,28.91,28.95,10418
20210608,28.9,29.04,28.89,29.03,9441
20210609,28.97,29.0175,28.9007,28.9007,3557
20210610,28.9,29.08,28.9,29.08,25407
20210611,28.91,29.0321,28.91,28.96,11196
20210614,29,29.08,28.955,29.01,21002
20210615,29.03,29.11,28.991,29,28094
20210616,28.93,29.07,28.93,28.99,4407
20210617,28.97,29.03,28.97,29.02,4237
20210618,28.9527,29.04,28.911,28.9585,2112
20210621,29.04,29.04,28.97,29.01,10002
20210622,29.05,29.1,29.0001,29.02,4367
20210623,29.08,29.1,29.03,29.0883,3958
20210624,29.0408,29.06,29.04,29.045,12299
20210625,29.031,29.1199,29.031,29.057,5253
20210628,29.08,29.12,29.05,29.07,28339
20210629,29.09,29.1787,29.07,29.1787,197045
20210630,29.06,29.1799,29.0501,29.07,10812
20210701,29.17,29.18,29.06,29.12,28300
20210702,29.01,29.18,29.01,29.1,7328
20210706,29.16,29.21,29.16,29.18,1568
20210707,29.08,29.19,29.07,29.19,8170
20210708,28.92,29.19,28.92,29.09,28112
20210709,29.1,29.13,29.1,29.13,1498
20210712,29.1628,29.178,29.0901,29.139,5913
20210713,29.06,29.18,29.06,29.11,10563
20210714,29.14,29.19,29.07,29.115,30554
20210715,29.14,29.14,29.07,29.14,14716
20210716,29.1341,29.21,29.09,29.2,12440
20210719,29.075,29.13,29.0006,29.07,6598
20210720,29.06,29.06,29.06,29.06,240
20210721,29.15,29.2099,29.0714,29.2099,14123
20210722,29.1,29.24,29.1,29.15,63949
20210723,29.15,29.259,29.15,29.195,2871
20210726,29.195,29.2,29.15,29.1501,6828
20210727,29.19,29.19,29.12,29.12,2203
20210728,29.2399,29.2399,29.14,29.1502,204394
20210729,29.0201,29.18,29.0201,29.17,18925
20210730,29.151,29.249,29.15,29.17,3179
20210802,29.19,29.23,29.151,29.151,2596
20210803,29.1406,29.269,29.1406,29.1979,3727
20210804,29.16,29.25,29.16,29.171,2295
20210805,29.25,29.27,29.18,29.19,2905
20210806,29.27,29.27,29.18,29.2,1741
20210809,29.191,29.27,29.19,29.27,3338
20210810,29.16,29.23,29.16,29.23,9357
20210811,29.22,29.22,29.19,29.2,12920
20210812,29.24,29.27,29.2,29.23,13933
20210813,29.23,29.27,29.23,29.2507,2917
20210816,29.23,29.2699,29.21,29.23,1237
20210817,29.2647,29.27,29.19,29.19,2062
20210818,29.181,29.28,29.181,29.22,2797
20210819,29.1,29.27,29.1,29.2552,5067
20210820,29.27,29.27,29.25,29.25,1246
20210823,29.2501,29.2792,29.25,29.25,4605
20210824,29.225,29.2499,29.2001,29.22,10528
20210825,29.22,29.2399,29.2101,29.225,29373
20210826,29.215,29.23,29.2,29.21,1838
20210827,29.22,29.23,29.22,29.22,162530
20210830,29.2399,29.29,29.225,29.225,3467
20210831,29.24,29.28,29.21,29.2368,22530
20210901,29.211,29.2497,29.211,29.2203,5964
20210902,29.255,29.29,29.2201,29.288,11239
20210903,29.29,29.29,29.221,29.23,6462
20210907,29.17,29.2899,29.17,29.23,11292
20210908,29.255,29.255,29.23,29.24,3703
20210909,29.19,29.2899,29.19,29.27,12268
20210910,29.275,29.29,29.23,29.26,7511
20210913,29.28,29.28,29.24,29.255,6205
20210914,29.24,29.26,29.24,29.24,19262
20210915,29.2774,29.3,29.24,29.24,8278
20210916,29.26,29.26,29.25,29.2599,14873
20210917,29.25,29.25,29.25,29.25,100
20210920,29.2923,29.2923,29.22,29.2599,16198
20210921,29.24,29.29,29.24,29.2504,9931
20210922,29.31,29.31,29.258,29.3,5253
20210923,29.3,29.3,29.24,29.24,10638
20210924,29.29,29.35,29.232,29.25,15971
20210927,29.32,29.32,29.28,29.3,11580
20210928,29.2511,29.35,29.2501,29.35,64301
20210929,29.29,29.35,29.265,29.34,169868
20210930,29.38,29.38,29.31,29.3349,1210829
20211001,29.41,29.539,29.24,29.48,566475
20211004,29.48,29.48,29.2001,29.29,569779
20211005,29.38,29.54,29.3,29.495,571793
20211006,29.36,29.5,29.27,29.5,86958
20211007,29.67,29.71,29.55,29.55,106027
20211008,29.55,29.6399,29.52,29.56,116073
20211011,29.62,29.639,29.43,29.43,43795
20211012,29.53,29.54,29.42,29.4592,48243
20211013,29.55,29.58,29.4,29.55,100548
20211014,29.55,29.77,29.55,29.77,29970
20211015,29.785,29.86,29.756,29.79,47177
20211018,29.63,29.86,29.63,29.835,17930
20211019,29.94,29.97,29.86,29.97,91710
20211020,30.11,30.11,29.93,29.95,27852
20211021,30.02,30.03,29.955,30.0097,21458
20211022,29.99,30.0299,29.91,29.967,10889
20211025,30.05,30.1,29.97,30.1,16227
20211026,29.9601,30.17,29.9601,30.1,16245
20211027,30.1,30.11,30.03,30.04,41652
20211028,30.06,30.1199,30.024,30.06,5667
20211029,30.08,30.14,30.0505,30.14,8784
20211101,30.0801,30.14,30.08,30.1394,6488
20211102,30.14,30.1999,30.09,30.17,4097
20211103,30.08,30.27,30.08,30.27,8199
20211104,30.32,30.32,30.19,30.2,16689
20211105,30.305,30.37,30.2301,30.3,6323
20211108,30.35,30.35,30.255,30.255,4584
20211109,30.2,30.28,30.1897,30.2364,9179
20211110,30.22,30.28,30.15,30.17,6237
20211111,30.249,30.249,30.131,30.15,1942
20211112,30.24,30.308,30.202,30.25,6156
20211115,30.2,30.3199,30.2,30.2101,3995
20211116,30.299,30.32,30.25,30.28,6089
20211117,30.245,30.289,30.1999,30.2246,4060
20211118,30.33,30.33,30.2,30.31,9600
20211119,30.23,30.28,30.23,30.23,1983
20211122,30.28,30.299,30.19,30.19,6699
20211123,30.12,30.2099,30.1,30.19,5724
20211124,30.199,30.26,30.14,30.21,4457
20211126,30,30.08,29.9172,29.9172,10971
20211129,30.05,30.16,30.04,30.09,3078
20211130,30.01,30.1,29.86,29.86,6166
20211201,30.07,30.079,29.83,29.83,11350
20211202,29.86,29.9069,29.86,29.8601,2759
20211203,29.8,29.8,29.63,29.64,5025
20211206,29.92,29.98,29.82,29.89,106127
20211207,29.97,30.21,29.97,30.13,19275
20211208,30.14,30.24,30.14,30.23,1531
20211209,30.25,30.25,30.1801,30.19,3139
20211210,30.28,30.28,30.15,30.24,7384
20211213,30.26,30.26,30.18,30.23,18086
20211214,30.0739,30.08,29.99,30.05,12509
20211215,30.0375,30.29,30.0375,30.29,9087
20211216,30.23,30.23,30.05,30.175,12182
20211217,30.18,30.18,30.08,30.12,6946
20211220,29.86,29.9799,29.83,29.9799,3289
20211221,30.01,30.17,30.01,30.0801,4502
20211222,30.12,30.25,30.11,30.25,27031
20211223,30.285,30.344,30.28,30.34,2752
20211227,30.32,30.405,30.32,30.405,5844
20211228,30.42,30.435,30.354,30.39,4298
20211229,30.42,30.476,30.4155,30.444,2192
20211230,30.43,30.49,30.39,30.45,6808
20211231,30.38,30.49,30.33,30.4,97634
20220103,30.52,30.55,30.44,30.55,12115
20220104,30.47,30.505,30.4,30.49,492580
20220105,30.465,30.486,30.27,30.27,171821
20220106,30.27,30.35,30.2234,30.24,5637
20220107,30.28,30.29,30.19,30.24,18400
20220110,30.14,30.24,30.0825,30.24,14487
20220111,30.27,30.375,30.24,30.375,6839
20220112,30.37,30.43,30.3465,30.39,18449
20220113,30.49,30.49,30.2806,30.315,17729
20220114,30.22,30.27,30.1901,30.27,5182
20220118,30.17,30.1969,30.05,30.09,10931
20220119,30.15,30.178,30,30,8789
20220120,30.09,30.19,29.85,29.85,9176
20220121,29.8001,29.85,29.63,29.63,45049
20220124,29.4,29.66,29.01,29.66,103725
20220125,29.44,29.6699,29.3007,29.51,22615
20220126,29.72,29.78,29.37,29.55,10459
20220127,29.71,29.7199,29.4,29.5,28541
20220128,29.42,29.78,29.34,29.78,67617
20220131,29.8,29.98,29.8,29.92,25090
20220201,29.92,30.09,29.92,30.09,12653
20220202,30.15,30.22,30.07,30.22,1894
20220203,29.96,30.07,29.96,29.96,9171
20220204,29.9514,30.02,29.86,29.985,5066
20220207,30.01,30.01,29.891,29.891,5668
20220208,29.93,30.06,29.93,29.985,11304
20220209,30.19,30.22,30.15,30.185,8103
20220210,30.12,30.175,29.92,29.935,8400
20220211,29.9501,29.9799,29.69,29.74,3766
20220214,29.6435,29.74,29.62,29.74,15297
20220215,29.939,29.939,29.845,29.8513,3750
20220216,29.7801,29.9,29.7801,29.89,2696
20220217,29.7493,29.8499,29.65,29.65,6203
20220218,29.7,29.7,29.55,29.642,2471
