Date,Open,High,Low,Close,Volume
20180215,23.66,23.98,23.66,23.98,26400
20180216,23.94,24.15,23.02,23.94,34400
20180221,23.94,23.94,23.94,23.94,400
20180222,23.89,24.04,23.71,23.75,21900
20180223,23.86,24.03,23.85,24.03,22400
20180226,24.26,24.29,24.26,24.29,15800
20180227,24.18,24.18,24.18,24.18,16300
20180228,23.59,23.59,23.59,23.59,15800
20180301,23.37,23.37,23.37,23.37,16200
20180302,23.21,23.76,23.18,23.73,16000
20180305,23.56,24.02,23.56,23.95,20800
20180306,23.94,24.32,23.94,24.31,16100
20180307,24.34,24.38,24.18,24.32,22300
20180308,24.29,24.34,24.16,24.34,15800
20180309,24.57,24.78,24.56,24.78,19800
20180312,24.96,24.96,24.8,24.88,16000
20180313,24.92,24.94,24.61,24.67,18500
20180314,24.7,24.7,24.47,24.53,15800
20180315,24.45,24.54,24.31,24.39,20700
20180316,24.64,24.68,24.56,24.64,15800
20180319,24.79,24.79,24.05,24.29,26900
20180320,24.42,24.43,24.29,24.35,15800
20180321,24.43,24.57,24.37,24.41,20400
20180322,24.21,24.3,23.69,23.69,7900
20180323,23.47,23.49,23.06,23.07,10200
20180326,23.34,23.72,23.21,23.71,8200
20180327,23.61,23.75,23.18,23.25,11700
20180328,23.29,23.47,23.21,23.35,5300
20180329,23.81,23.84,23.67,23.7,5800
20180402,23.18,23.18,23.18,23.18,300
20180406,23.79,23.79,23.29,23.29,3100
20180413,23.87,23.87,23.77,23.78,1100
20180420,24.01,24.02,24.01,24.02,400
20180425,23.93,23.93,23.93,23.93,400
20180427,23.93,23.93,23.93,23.93,400
20180430,23.66,23.66,23.66,23.66,200
20180516,24.41,24.68,24.41,24.68,700
20180523,24.76,24.79,24.76,24.79,800
20180525,24.77,24.78,24.77,24.78,800
20180618,25.55,25.55,25.55,25.55,200
20180625,24.95,25,24.95,25,700
20180705,25,25,25,25,100
20180726,25.69,25.69,25.69,25.69,119
20180803,25.69,25.69,25.69,25.69,390
20180809,25.89,25.89,25.89,25.89,105
20180813,25.45,25.45,25.45,25.45,394
20180816,25.89,25.89,25.77,25.77,1022
20180821,26.35,26.35,26.35,26.35,295
20180828,26.52,26.54,26.47,26.47,2311
20180831,26.33,26.33,26.33,26.33,105
20180904,26.33,26.33,26.31,26.31,496
20180921,26.45,26.45,26.45,26.45,121
20181019,23.75,23.77,23.75,23.77,566
20181022,23.59,23.59,23.55,23.57,3224
20181023,22.9,22.9,22.9,22.9,1101
20181106,23.78,23.98,23.78,23.98,1205
20181108,24.29,24.29,24.29,24.29,314
20181128,23.27,23.27,23.27,23.27,105
20181129,23.64,23.64,23.64,23.64,105
20181130,23.81,23.81,23.81,23.81,105
20181203,24.08,24.08,24.08,24.08,105
20181210,24.08,24.08,24.08,24.08,30
20181211,21.9,22.06,21.88,22.06,2179
20181212,22.06,22.06,22.06,22.06,33
20181213,22.06,22.06,22.06,22.06,30
20181214,22.06,22.06,22.06,22.06,30
20181217,21.01,21.01,21.01,21.01,458
20181218,21.01,21.01,21.01,21.01,30
20181219,21.01,21.01,21.01,21.01,30
20181220,20.19,20.19,20.19,20.19,653
20181221,20.19,20.19,20.19,20.19,30
20181224,20.19,20.19,20.19,20.19,30
20181226,20.19,20.19,20.19,20.19,30
20181227,20.34,20.42,20.34,20.42,445
20181228,20.42,20.42,20.42,20.42,30
20181231,20.42,20.42,20.42,20.42,30
20190102,20.37,20.37,20.37,20.37,30
20190103,20.37,20.37,20.37,20.37,30
20190104,20.9,20.9,20.86,20.86,949
20190107,20.86,20.86,20.86,20.86,33
20190108,21.55,21.55,21.55,21.55,30
20190109,21.55,21.55,21.55,21.55,30
20190110,21.55,21.55,21.55,21.55,33
20190111,21.55,21.55,21.55,21.55,33
20190114,21.55,21.55,21.55,21.55,33
20190115,21.55,21.55,21.55,21.55,33
20190116,22.28,22.28,22.28,22.28,340
20190117,22.47,22.47,22.47,22.47,30
20190118,22.47,22.47,22.47,22.47,33
20190122,22.4,22.4,22.4,22.4,134
20190123,22.32,22.4,22.32,22.4,1168
20190124,22.62,22.62,22.62,22.62,30
20190125,22.92,22.92,22.92,22.92,30
20190128,22.71,22.84,22.64,22.84,3940
20190129,22.7,22.88,22.7,22.88,969
20190130,23.04,23.04,23.04,23.04,30
20190131,23.19,23.19,23.19,23.19,30
20190201,23.28,23.28,23.28,23.28,1578
20190204,23.51,23.51,23.51,23.51,30
20190205,23.65,23.65,23.65,23.65,30
20190206,23.62,23.62,23.62,23.62,30
20190207,23.47,23.47,23.47,23.47,30
20190208,23.42,23.42,23.42,23.42,30
20190211,23.64,23.65,23.64,23.65,1583
20190212,23.96,23.96,23.96,23.96,30
20190213,24.11,24.11,24.11,24.11,30
20190214,24.09,24.09,24.09,24.09,30
20190215,24.43,24.43,24.43,24.43,30
20190219,24.5,24.5,24.5,24.5,30
20190220,24.61,24.61,24.61,24.61,134
20190221,24.57,24.57,24.57,24.57,30
20190222,24.77,24.77,24.77,24.77,237
20190225,24.76,24.76,24.76,24.76,30
20190226,24.54,24.54,24.54,24.54,134
20190227,24.53,24.53,24.53,24.53,30
20190228,24.43,24.43,24.43,24.43,30
20190301,24.69,24.69,24.69,24.69,30
20190304,24.5,24.5,24.5,24.5,30
20190305,24.39,24.39,24.39,24.39,30
20190306,23.93,23.93,23.93,23.93,30
20190307,23.64,23.64,23.64,23.64,30
20190308,23.56,23.56,23.56,23.56,30
20190311,23.96,23.96,23.96,23.96,30
20190312,23.96,23.96,23.96,23.96,30
20190313,23.96,23.96,23.96,23.96,30
20190314,24.11,24.11,24.11,24.11,30
20190315,24.11,24.13,24.11,24.13,2129
20190318,24.4,24.4,24.4,24.4,30
20190319,24.21,24.21,24.21,24.21,30
20190320,23.99,23.99,23.99,23.99,30
20190321,24.38,24.38,24.38,24.38,30
20190322,23.48,23.48,23.48,23.48,30
20190325,23.52,23.52,23.52,23.52,30
20190326,23.82,23.82,23.82,23.82,30
20190327,23.8,23.8,23.8,23.8,30
20190328,24.08,24.08,24.08,24.08,30
20190329,24.21,24.21,24.21,24.21,30
20190401,24.64,24.64,24.64,24.64,30
20190402,24.54,24.54,24.54,24.54,30
20190403,24.7,24.7,24.7,24.7,30
20190404,24.84,24.84,24.84,24.84,30
20190405,25.1,25.1,25.1,25.1,30
20190408,25.1,25.1,25.1,25.1,30
20190409,24.69,24.69,24.69,24.69,30
20190410,25.06,25.06,25.06,25.06,30
20190411,25.14,25.14,25.14,25.14,30
20190412,25.4,25.4,25.4,25.4,30
20190415,25.34,25.34,25.34,25.34,30
20190416,25.36,25.36,25.36,25.36,30
20190417,25.11,25.11,25.11,25.11,30
20190418,25.19,25.19,25.19,25.19,30
20190422,25.07,25.07,25.07,25.07,30
20190423,25.49,25.49,25.49,25.49,30
20190424,25.62,25.62,25.62,25.62,30
20190425,25.22,25.22,25.22,25.22,30
20190426,25.53,25.53,25.53,25.53,30
20190429,25.57,25.57,25.57,25.57,30
20190430,25.51,25.51,25.51,25.51,30
20190501,25.14,25.14,25.14,25.14,138
20190502,25.16,25.16,25.16,25.16,30
20190503,25.7,25.7,25.67,25.67,1818
20190506,25.61,25.62,25.59,25.59,16268
20190507,24.92,24.92,24.92,24.92,30
20190508,24.83,24.83,24.81,24.81,2206
20190509,24.74,24.74,24.74,24.74,30
20190510,24.79,24.79,24.79,24.79,299
20190513,23.86,23.86,23.86,23.86,30
20190514,24.23,24.23,24.23,24.23,30
20190515,24.29,24.29,24.29,24.29,238
20190516,24.42,24.42,24.42,24.42,135
20190517,24.11,24.11,24.11,24.11,138
20190520,23.85,23.85,23.85,23.85,30
20190521,24.24,24.24,24.24,24.24,861
20190522,24.01,24.01,24.01,24.01,30
20190523,23.46,23.46,23.46,23.46,30
20190524,23.69,23.69,23.69,23.69,133
20190528,23.32,23.32,23.32,23.32,30
20190529,23.12,23.12,23.12,23.12,30
20190530,23.05,23.05,23.05,23.05,203
20190531,22.72,22.72,22.72,22.72,30
20190603,22.95,22.95,22.95,22.95,30
20190604,23.71,23.71,23.71,23.71,30
20190605,23.81,23.81,23.81,23.81,192
20190606,23.95,23.95,23.95,23.95,30
20190607,24.14,24.14,24.14,24.14,30
20190610,24.3,24.3,24.3,24.3,340
20190611,24.34,24.34,24.34,24.34,30
20190612,24.29,24.29,24.29,24.29,30
20190613,24.46,24.46,24.46,24.46,30
20190614,24.31,24.31,24.31,24.31,30
20190617,24.29,24.29,24.29,24.29,30
20190618,24.65,24.65,24.65,24.65,30
20190619,24.77,24.77,24.77,24.77,30
20190620,24.99,24.99,24.99,24.99,30
20190621,24.79,24.79,24.79,24.79,30
20190624,24.54,24.54,24.54,24.54,30
20190625,24.321,24.321,24.321,24.321,30
20190626,24.294,24.294,24.294,24.294,30
20190627,24.664,24.664,24.664,24.664,30
20190628,25.057,25.057,25.057,25.057,30
20190703,25.3969,25.3969,25.3893,25.3893,125
20190705,25.05,25.05,25.05,25.05,100
20190715,25.28,25.28,25.28,25.28,300
20190719,25.22,25.22,25.16,25.16,1500
20190725,25.62,25.62,25.62,25.62,500
20190729,25.7113,25.7113,25.61,25.61,600
20190731,25.39,25.4626,25.39,25.4626,400
20190805,23.65,23.65,23.65,23.65,12448
20190806,23.647,23.86,23.647,23.86,400
20190812,23.92,23.9399,23.92,23.9399,210
20190814,23.55,23.55,23.37,23.37,705
20190815,23.18,23.18,23.18,23.18,100
20190816,23.56,23.56,23.56,23.56,100
20190819,24.15,24.15,24.15,24.15,100
20190822,23.89,23.89,23.89,23.89,100
20190826,23.27,23.27,23.27,23.27,100
20190829,23.83,23.83,23.83,23.83,100
20190830,23.8,23.95,23.8,23.95,650
20190904,23.84,23.84,23.84,23.84,164
20190906,24.56,24.56,24.56,24.56,136
20190909,24.55,24.58,24.55,24.58,200
20190910,24.63,24.63,24.63,24.63,100
20190911,25.0547,25.07,25.0547,25.07,250
20190912,25.2,25.2,25.2,25.2,100
20190916,25.42,25.5116,25.37,25.37,1242
20190917,25.23,25.23,25.23,25.23,100
20190919,25.19,25.295,25.1,25.1,754
20190923,25.06,25.06,25.04,25.04,200
20190924,24.91,24.91,24.91,24.91,100
20191004,24.176,24.176,24.176,24.176,1069
20191008,23.87,23.87,23.83,23.83,346
20191009,23.94,23.94,23.94,23.94,500
20191010,24.01,24.01,23.9854,23.9854,392
20191014,24.49,24.49,24.49,24.49,100
20191017,24.88,24.88,24.88,24.88,100
20191024,25.07,25.07,25.07,25.07,100
20191028,25.58,25.58,25.58,25.58,100
20191105,26,26.03,26,26.03,1413
20191113,25.76,25.85,25.76,25.85,200
20191115,26,26,26,26,100
20191120,26.11,26.11,26.11,26.11,100
20191129,26.55,26.55,26.2201,26.2201,100
20191219,26.94,26.94,26.94,26.94,300
20191220,27.24,27.24,27.24,27.24,100
20191224,27.05,27.05,27.0195,27.03,1461
20191227,27.064,27.064,27.064,27.064,100
20191230,27.03,27.03,27.03,27.03,200
20200113,27,27,27,27,100
20200115,27.26,27.26,27.26,27.26,300
20200116,27.6247,27.6247,27.6247,27.6247,110
20200128,26.95,26.95,26.95,26.95,100
20200129,27.06,27.067,27.0196,27.067,400
20200130,26.6218,26.6218,26.43,26.43,200
20200203,26.54,26.54,26.54,26.54,100
20200204,27.025,27.04,27.025,27.04,440
20200205,27.18,27.18,27.18,27.18,100
20200206,27.28,27.28,27.28,27.28,300
20200207,26.93,26.93,26.84,26.85,5800
20200212,27.36,27.36,27.36,27.36,100
20200213,27.49,27.49,27.49,27.49,100
20200214,27.55,27.55,27.55,27.55,100
20200219,27.67,27.73,27.67,27.73,200
20200220,27.82,27.82,27.5187,27.5187,6516
20200302,22.57,23.1026,22.57,23.1026,200
20200304,23.8402,23.8402,23.8402,23.8402,100
20200306,22.1514,22.1514,22.1514,22.1514,170
20200311,18.58,18.58,18.58,18.58,100
20200312,17.02,17.02,16.33,16.33,4000
20200313,17.66,17.7603,17.66,17.7603,200
20200316,15.76,16.13,15.19,15.23,1420
20200317,14.88,15.82,14.8,15.82,6792
20200318,14.26,14.42,13.26,13.41,1551
20200319,13.41,13.41,13.41,13.41,100
20200324,14,14.64,13.98,14.63,1800
20200325,15.22,15.48,15.22,15.46,759
20200326,16.56,16.56,16.56,16.56,100
20200327,15.92,15.92,15.92,15.92,100
20200330,16.27,16.27,16.27,16.27,100
20200401,15.57,15.57,15.57,15.57,800
20200406,16.26,16.26,16.26,16.26,100
20200413,17.85,17.85,17.8,17.8,21249
20200414,18.16,18.16,18.16,18.16,300
20200415,17.49,17.55,17.39,17.42,4424
20200422,17.312,17.312,17.312,17.312,100
20200526,21,21.09,21,21.09,620
20200608,24.18,24.2199,24.18,24.2199,300
20200609,23.69,23.8,23.6601,23.71,10900
20200612,21.48,21.48,21.48,21.48,26312
20200616,22.66,22.66,22.66,22.66,100
20200617,21.96,21.96,21.96,21.96,100
20200618,21.93,21.98,21.93,21.98,200
20200622,21.54,21.54,21.54,21.54,100
20200623,21.998,21.998,21.8253,21.888,679
20200624,20.76,20.76,20.76,20.76,100
20200630,21.42,21.42,21.42,21.42,100
20200701,21.39,21.3901,21.39,21.3901,316
20200707,21.435,21.435,21.435,21.435,110
20200709,21.235,21.235,21.235,21.235,144
20200710,21.22,21.22,21.2,21.21,27911
20200714,21.21,21.21,21.21,21.21,100
20200715,22.3,22.3,22.3,22.3,100
20200716,22.48,22.52,22.25,22.48,10896
20200717,22.52,22.58,22.52,22.58,400
20200721,22.73,22.7301,22.69,22.69,420
20200722,22.94,22.94,22.94,22.94,100
20200727,22.76,22.8222,22.53,22.53,768
20200810,24.37,24.5499,24.37,24.5499,200
20200817,24.35,24.4002,24.185,24.185,1099
20200818,24.165,24.242,24.165,24.242,700
20200902,23.96,24.5,23.96,24.5,200
20200903,24.12,24.12,23.66,23.66,300
20200904,23.14,23.14,22.551,22.551,37831
20200910,23,23.0622,23,23.0622,899
20200911,22.87,22.87,22.87,22.87,100
20200914,23.15,23.32,23.07,23.32,1500
20200915,23.43,23.43,23.43,23.43,100
20200922,22.34,22.34,22.34,22.34,100
20200924,21.35,21.35,21.35,21.35,250
20200925,21.7,22.14,21.7,22.14,3000
