Date,Open,High,Low,Close,Volume
20181210,48.412,48.412,48.412,48.412,30
20181211,48.39,48.39,48.39,48.39,30
20181212,49.16,49.2,49.16,49.2,231
20181213,49.198,49.198,49.198,49.198,30
20181214,48.631,48.631,48.631,48.631,30
20181217,48.22,48.22,48.22,48.22,30
20181218,48.428,48.428,48.428,48.428,30
20181219,48.006,48.006,48.006,48.006,30
20181220,47.774,47.774,47.774,47.774,30
20181221,46.833,46.833,46.833,46.833,30
20181224,46.833,46.833,46.833,46.833,30
20181226,46.833,46.833,46.833,46.833,30
20181227,46.833,46.833,46.833,46.833,30
20181228,47.5018,47.66,47.5018,47.66,332
20181231,47.661,47.661,47.661,47.661,30
20190102,47.661,47.661,47.661,47.661,30
20190103,47.661,47.661,47.661,47.661,30
20190104,48.85,48.85,48.85,48.85,132
20190107,48.847,48.847,48.847,48.847,30
20190108,48.847,48.847,48.847,48.847,30
20190109,48.847,48.847,48.847,48.847,30
20190110,48.847,48.847,48.847,48.847,30
20190111,48.847,48.847,48.847,48.847,30
20190114,48.847,48.847,48.847,48.847,30
20190115,48.847,48.847,48.847,48.847,30
20190116,48.847,48.847,48.847,48.847,30
20190117,48.847,48.847,48.847,48.847,30
20190118,48.847,48.847,48.847,48.847,30
20190122,50.14,50.14,49.95,49.95,230
20190123,49.951,49.951,49.951,49.951,30
20190124,49.951,49.951,49.951,49.951,30
20190125,50.83,50.83,50.83,50.83,30
20190128,49.951,49.951,49.951,49.951,30
20190129,50.789,50.789,50.789,50.789,30
20190130,51.302,51.302,51.302,51.302,30
20190131,51.22,51.22,51.22,51.22,30
20190201,51.06,51.06,51.06,51.06,30
20190204,51.241,51.241,51.241,51.241,30
20190205,51.529,51.529,51.529,51.529,30
20190206,51.217,51.217,51.217,51.217,30
20190207,50.5,50.5,50.5,50.5,231
20190208,50.153,50.153,50.153,50.153,30
20190211,50.145,50.145,50.145,50.145,30
20190212,50.736,50.736,50.736,50.736,30
20190213,50.816,50.816,50.816,50.816,30
20190214,50.797,50.797,50.797,50.797,30
20190215,51.473,51.473,51.473,51.473,30
20190219,51.706,51.706,51.706,51.706,30
20190220,51.865,51.865,51.865,51.865,30
20190221,51.652,51.652,51.652,51.652,30
20190222,51.834,51.834,51.834,51.834,30
20190225,51.93,51.93,51.93,51.93,30
20190226,52.196,52.196,52.196,52.196,30
20190227,51.985,51.985,51.985,51.985,30
20190228,51.761,51.761,51.761,51.761,30
20190301,51.891,51.891,51.891,51.891,30
20190304,51.736,51.736,51.736,51.736,30
20190305,51.81,51.81,51.81,51.81,30
20190306,51.612,51.612,51.612,51.612,30
20190307,50.905,50.905,50.905,50.905,30
20190308,50.813,50.813,50.813,50.813,30
20190311,51.309,51.309,51.309,51.309,30
20190312,51.309,51.309,51.309,51.309,30
20190313,51.309,51.309,51.309,51.309,30
20190314,51.611,51.611,51.611,51.611,30
20190315,52.095,52.095,52.095,52.095,30
20190318,52.332,52.332,52.332,52.332,30
20190319,52.418,52.418,52.418,52.418,30
20190320,52.431,52.431,52.431,52.431,30
20190321,52.483,52.483,52.483,52.483,30
20190322,51.6,51.6,51.6,51.6,231
20190325,51.549,51.549,51.549,51.549,30
20190326,51.867,51.867,51.867,51.867,30
20190327,51.804,51.804,51.804,51.804,30
20190328,51.728,51.728,51.728,51.728,30
20190329,51.852,51.852,51.852,51.852,30
20190401,52.533,52.533,52.533,52.533,30
20190402,52.402,52.402,52.402,52.402,30
20190403,52.75,52.75,52.75,52.75,30
20190404,52.644,52.644,52.644,52.644,30
20190405,52.712,52.712,52.712,52.712,30
20190408,52.645,52.645,52.645,52.645,30
20190409,52.3,52.3,52.3,52.3,130
20190410,52.399,52.399,52.399,52.399,30
20190411,52.451,52.451,52.451,52.451,30
20190412,52.708,52.708,52.708,52.708,30
20190415,52.738,52.738,52.738,52.738,30
20190416,52.799,52.799,52.799,52.799,30
20190417,52.87,52.87,52.87,52.87,30
20190418,52.735,52.735,52.735,52.735,30
20190422,52.664,52.664,52.664,52.664,30
20190423,52.779,52.779,52.779,52.779,30
20190424,52.298,52.298,52.298,52.298,30
20190425,52.284,52.284,52.284,52.284,30
20190426,52.547,52.547,52.547,52.547,30
20190429,52.735,52.735,52.735,52.735,30
20190430,52.702,52.702,52.702,52.702,30
20190501,52.395,52.395,52.395,52.395,30
20190502,52.257,52.257,52.257,52.257,30
20190503,52.807,52.807,52.807,52.807,30
20190506,52.232,52.232,52.232,52.232,30
20190507,51.446,51.446,51.446,51.446,30
20190508,51.307,51.307,51.307,51.307,30
20190509,51.037,51.037,51.037,51.037,30
20190510,51.3,51.3,51.3,51.3,728
20190513,50.229,50.229,50.229,50.229,30
20190514,50.746,50.746,50.746,50.746,30
20190515,50.81,50.81,50.81,50.81,30
20190516,51.162,51.162,51.162,51.162,30
20190517,50.906,50.906,50.906,50.906,30
20190520,50.715,50.715,50.715,50.715,30
20190521,51.066,51.066,51.066,51.066,30
20190522,50.812,50.812,50.812,50.812,30
20190523,50.313,50.313,50.313,50.313,30
20190524,50.876,50.876,50.876,50.876,30
20190528,50.423,50.423,50.423,50.423,30
20190529,50.113,50.113,50.113,50.113,30
20190530,50.287,50.287,50.287,50.287,30
20190531,49.888,49.888,49.888,49.888,30
20190603,49.355,49.355,49.355,49.355,30
20190604,50.058,50.058,50.058,50.058,30
20190605,50.03,50.03,50.03,50.03,30
20190606,50.227,50.227,50.227,50.227,30
20190607,50.82,50.82,50.82,50.82,30
20190610,50.884,50.884,50.884,50.884,30
20190611,51.112,51.112,51.112,51.112,30
20190612,50.739,50.739,50.739,50.739,30
20190613,50.793,50.793,50.793,50.793,30
20190614,50.523,50.523,50.523,50.523,30
20190617,50.427,50.427,50.427,50.427,30
20190618,51.008,51.008,51.008,51.008,30
20190619,51.338,51.338,51.338,51.338,30
20190620,51.813,51.813,51.813,51.813,30
20190621,51.616,51.616,51.616,51.616,30
20190624,51.644,51.644,51.644,51.644,30
20190625,51.455,51.455,51.455,51.455,30
20190626,51.476,51.476,51.476,51.476,30
20190627,51.637,51.637,51.637,51.637,30
20190628,51.825,51.825,51.825,51.825,30
20190701,52.182,52.182,52.182,52.182,30
20190702,52.335,52.335,52.335,52.335,30
20190703,52.714,52.714,52.714,52.714,30
20190705,52.287,52.287,52.287,52.287,30
20190708,52.006,52.006,52.006,52.006,30
20190709,51.671,51.671,51.671,51.671,30
20190710,51.828,51.828,51.828,51.828,30
20190711,51.884,51.884,51.884,51.884,30
20190712,51.983,51.983,51.983,51.983,30
20190715,52.035,52.035,52.035,52.035,30
20190716,51.819,51.819,51.819,51.819,30
20190717,51.726,51.726,51.726,51.726,30
20190718,51.745,51.745,51.745,51.745,30
20190719,51.666,51.666,51.666,51.666,30
20190722,51.69,51.69,51.69,51.69,30
20190723,52.008,52.008,52.008,52.008,30
20190724,52.055,52.055,52.055,52.055,30
20190725,51.507,51.507,51.507,51.507,30
20190726,51.62,51.62,51.62,51.62,30
20190729,51.613,51.613,51.613,51.613,30
20190730,50.975,50.975,50.975,50.975,30
20190731,50.684,50.684,50.684,50.684,30
20190801,50.48,50.48,50.46,50.46,202811
20190802,50.206,50.206,50.206,50.206,30
20190805,49.056,49.056,49.056,49.056,30
20190806,49.413,49.413,49.413,49.413,30
20190807,49.693,49.693,49.693,49.693,331
20190808,50.056,50.056,50.056,50.056,30
20190809,49.704,49.704,49.704,49.704,30
20190812,49.17,49.17,49.17,49.17,30
20190813,49.539,49.539,49.539,49.539,30
20190814,48.23,48.23,48.23,48.23,30
20190815,48.437,48.437,48.437,48.437,30
20190816,49.035,49.035,49.035,49.035,30
20190819,49.307,49.307,49.307,49.307,30
20190820,49.125,49.125,49.125,49.125,30
20190821,49.512,49.512,49.512,49.512,30
20190822,49.465,49.465,49.465,49.465,30
20190823,48.853,48.853,48.853,48.853,30
20190826,49.312,49.312,49.312,49.312,30
20190827,49.366,49.366,49.366,49.366,30
20190828,49.318,49.318,49.318,49.318,30
20190829,49.677,49.677,49.677,49.677,30
20190830,49.805,49.805,49.805,49.805,30
20190903,49.456,49.456,49.456,49.456,30
20190904,50.067,50.067,50.067,50.067,30
20190905,50.401,50.401,50.401,50.401,30
20190906,50.5,50.5,50.5,50.5,30
20190909,50.699,50.699,50.699,50.699,30
20190910,50.886,50.886,50.886,50.886,30
20190911,51.343,51.343,51.343,51.343,30
20191113,53.9396,53.9396,53.9396,53.9396,635
20191119,54.27,54.27,54.27,54.27,600
20200317,38.9,38.9,38.9,38.9,200
20200406,41.46,41.46,41.46,41.46,165
20200409,43.7424,43.7424,43.7424,43.7424,130
20200416,42.5228,42.5228,42.5228,42.5228,100
20200417,43.51,43.51,43.51,43.51,100
20210310,59.2,59.2,59.2,59.2,850
20210414,60.94,61.01,60.94,61.01,200
20211015,61.449,61.45,61.449,61.4499,616
20220113,58,58,58,58,250
20220120,56.71,56.84,56.71,56.84,201
