Date,Open,High,Low,Close,Volume
20080708,23.38,25.17,23.18,23.59,60930
20080709,23.14,23.45,22.87,22.96,69770
20080710,22.84,23.09,22.68,22.92,84330
20080711,28.44,28.45,22.25,22.73,75030
20080714,22.84,22.94,22.45,22.54,79680
20080715,22.26,22.37,21.97,22.19,41300
20080716,22.12,22.48,22.06,22.47,61100
20080717,22.64,22.84,22.58,22.78,70930
20080718,22.58,24.45,22.5,22.77,73810
20080721,23.08,23.11,22.88,23.1,69740
20080722,23.32,23.37,22.81,23.01,80460
20080723,23.16,23.26,22.98,23.01,107730
20080724,22.87,22.87,22.23,22.23,55860
20080725,22.27,22.36,22.2,22.3,31280
20080728,22.41,22.41,22.06,22.11,38130
20080729,22.37,22.62,22.24,22.62,48450
20080730,22.59,22.72,22.51,22.72,50880
20080731,22.81,22.88,22.68,22.8,36720
20080801,22.8,22.8,22.34,22.47,59620
20080804,22.62,22.7,22.2,22.2,39570
20080805,22.26,22.3,22.11,22.27,32150
20080806,22.06,22.5,21.77,21.92,42750
20080807,21.94,22.11,21.87,21.89,38680
20080808,21.68,21.94,21.53,21.9,28330
20080811,23.53,23.53,21.51,21.54,47380
20080812,21.17,21.23,20.76,20.81,25280
20080813,20.8,20.8,20.34,20.58,33220
20080814,20.52,20.77,20.52,20.69,21660
20080815,20.84,20.91,20.69,20.84,21890
20080818,22.37,22.37,20.54,20.6,31480
20080819,20.66,20.67,20.44,20.66,13470
20080820,20.72,20.84,20.7,20.84,18430
20080821,21.16,21.42,21.09,21.4,34080
20080822,21.35,21.42,21.26,21.35,30380
20080825,21.32,21.32,20.22,21,27400
20080826,20.97,21.13,20.97,21.06,19930
20080827,21.07,21.27,21.07,21.27,12360
20080828,21.42,21.68,21.42,21.68,17040
20080829,21.82,21.82,21.56,21.67,27940
20080902,21.41,21.53,21.11,21.15,32360
20080903,20.98,21.52,20.76,20.98,50640
20080904,20.58,20.58,19.831,19.87,31160
20080905,19.786,19.786,19.414,19.61,40970
20080908,19.811,20.007,19.635,19.86,27770
20080909,19.474,19.474,18.78,18.78,27410
20080910,18.587,18.587,18.176,18.43,60940
20080911,18.055,18.26,17.81,18.26,17690
20080912,18.532,18.776,18.395,18.61,25980
20080915,18.059,18.235,17.628,18,17270
20080916,17.167,18.879,16.932,18.38,33140
20080917,18.149,18.413,17.699,18.11,16090
20080918,18.092,18.307,17.495,18.16,32860
20080919,18.78,19.328,18.604,19.22,18320
20080922,19.145,20.057,18.783,18.9,18850
20080923,18.911,18.911,18.432,18.53,15220
20080924,18.685,18.91,18.127,18.45,16960
20080925,18.535,18.897,18.535,18.78,9480
20080926,18.18,18.258,17.946,18.19,11590
20080929,17.847,17.847,15.94,16.4,40050
20080930,16.264,16.528,16.205,16.43,13700
20081001,16.432,16.745,16.246,16.52,13300
20081002,16.319,16.319,15.341,15.38,31580
20081003,15.122,15.748,14.76,14.76,19910
20081006,14.343,14.343,12.71,13.61,55330
20081007,13.394,13.698,12.23,12.23,16870
20081008,12.204,12.82,11.333,12.36,32200
20081009,12.452,12.53,11.073,11.2,15850
20081010,10.91,11.663,10.557,11.35,28200
20081013,12.088,13.36,12.088,13.34,63380
20081014,13.939,15.504,13.01,13.01,77020
20081015,13.092,13.092,11.831,11.88,25480
20081016,11.744,12.399,11.265,12.37,45970
20081017,11.915,12.551,11.69,12.13,22080
20081020,12.077,12.448,11.93,12.38,51710
20081021,12.231,12.3,11.731,11.85,30010
20081022,10.967,10.967,9.987,10.42,39510
20081023,10.375,10.375,9.221,9.71,64630
20081024,9.472,9.472,8.798,9.13,30810
20081027,8.753,8.753,8.431,8.46,26900
20081028,8.719,9.13,8.319,9.13,23630
20081029,9.23,9.63,9.21,9.21,13880
20081030,9.622,10.463,9.573,10.17,26020
20081031,10.004,10.248,9.662,10.17,23510
20081103,10.362,10.597,10.137,10.45,51100
20081104,11.21,12.188,11.21,11.66,86340
20081105,11.878,11.888,10.9,10.92,61860
20081106,10.978,10.978,10.02,10.02,26900
20081107,10.28,10.818,10.28,10.71,68260
20081110,10.97,11.469,10.853,10.99,32790
20081111,11.179,11.179,10.524,10.68,23600
20081112,10.544,10.544,9.693,9.81,25910
20081113,9.841,10.76,9.469,10.76,50250
20081114,10.396,10.396,9.946,10.2,5550
20081117,10.207,10.207,9.894,10.06,11250
20081118,9.91,9.91,9.44,9.44,14360
20081119,9.695,9.695,9,9,5950
20081120,8.944,8.944,7.82,7.82,54550
20081121,8.489,8.929,8.264,8.9,17150
20081124,9.322,10.037,9.244,9.88,47140
20081125,10.244,10.479,9.804,10.44,59060
20081126,10.094,10.27,9.761,10.27,24910
20081128,10.133,10.387,10.094,10.27,2180
20081201,10.283,10.283,9.305,9.51,28070
20081202,9.637,10.204,9.588,9.95,20240
20081203,9.614,10.034,9.614,9.78,39970
20081204,9.912,10.137,9.442,9.54,29420
20081205,9.636,10.389,9.44,10.358,15130
20081208,10.468,11.046,10.458,10.82,24710
20081209,11.18,11.18,10.27,10.29,9380
20081210,10.76,10.888,10.32,10.78,13020
20081211,10.749,11.209,10.426,10.71,26520
20081212,10.719,11.12,10.563,11.12,17140
20081215,11.105,11.107,10.743,10.89,19650
20081216,11.081,11.737,10.944,11.59,38530
20081217,11.544,11.76,11.446,11.74,22190
20081218,11.823,11.989,11.363,11.51,30380
20081219,11.576,11.635,11.35,11.35,13410
20081222,11.305,11.335,10.804,11.04,14700
20081223,11.343,11.382,10.94,10.95,8670
20081224,11.169,11.169,10.913,11.1,3330
20081226,11.095,11.4,11.095,11.38,10670
20081229,11.655,11.655,11.292,11.39,32110
20081230,11.48,12.059,11.313,11.46,61110
20081231,11.647,11.657,11.303,11.49,20550
20090102,11.676,12.059,11.676,11.98,37880
20090105,12.065,12.497,12.056,12.36,44950
20090106,12.659,12.816,12.148,12.59,60590
20090107,12.441,12.441,11.783,11.93,25510
20090108,11.902,12.206,11.784,12.01,19630
20090109,12.122,12.142,11.739,11.741,24410
20090112,11.773,11.773,11.204,11.42,25470
20090113,11.236,11.344,10.804,11.02,25220
20090114,11.033,11.033,10.513,10.66,13720
20090115,10.83,11.075,10.309,10.81,45010
20090116,11.18,11.199,10.807,11.17,30720
20090120,10.731,10.8,10.064,10.8,70580
20090121,10.481,11.1,10.177,11.1,20930
20090122,10.641,10.808,10.316,10.68,12260
20090123,10.806,10.904,10.236,10.56,31800
20090126,10.892,11.236,10.686,11.01,30020
20090127,11.167,11.167,10.902,11.02,18260
20090128,11.29,11.594,10.819,11.29,27090
20090129,11.428,11.428,10.8,10.8,8350
20090130,11.065,11.075,10.623,10.79,19400
20090202,10.435,10.7,10.317,10.7,11060
20090203,10.733,10.94,10.321,10.92,12920
20090204,10.566,10.9,10.566,10.9,13350
20090205,10.739,10.906,10.425,10.69,18090
20090206,10.936,11.25,10.818,11.25,12340
20090209,11.299,11.525,11.044,11.26,38020
20090210,11.248,11.248,10.481,10.56,21670
20090211,11.143,11.143,10.525,10.77,13060
20090212,10.661,10.69,10.376,10.69,19900
20090213,10.829,10.869,10.584,10.8,4540
20090217,11.32,11.32,10.318,10.76,29570
20090218,10.526,10.526,10.162,10.29,14120
20090219,10.625,10.625,10.271,10.34,5940
20090220,10.163,10.3,9.966,10.3,20380
20090223,10.239,10.239,9.533,9.67,21380
20090224,9.604,10.36,9.25,10.36,19370
20090225,10.025,10.055,9.525,9.78,38940
20090226,9.973,9.993,9.58,9.58,23760
20090227,9.679,9.758,9.424,9.65,11470
20090302,9.529,9.529,8.833,8.858,42820
20090303,8.885,9.267,8.786,9.13,36920
20090304,9.322,9.489,9.254,9.45,33500
20090305,9.364,9.364,8.971,9.03,16900
20090306,9.01,9.178,8.828,9.01,23310
20090309,8.835,8.894,8.501,8.55,16040
20090310,9.035,9.29,9.025,9.29,20030
20090311,9.201,9.368,8.788,9.25,9830
20090312,9.134,9.34,8.967,9.34,25180
20090313,9.453,9.62,9.325,9.6,15220
20090316,9.814,9.816,9.469,9.602,35460
20090317,9.719,9.808,9.523,9.69,17970
20090318,9.762,9.959,9.566,9.89,77840
20090319,10.217,10.217,10.06,10.07,20170
20090320,10.066,10.066,9.712,9.84,17040
20090323,10.279,10.279,10.004,10.24,8610
20090324,10.229,10.357,10.063,10.2,31460
20090325,10.111,10.396,10.052,10.16,15180
20090326,10.384,10.659,10.247,10.61,28730
20090327,10.575,10.575,10.192,10.29,8000
20090330,9.779,9.847,9.528,9.76,34340
20090331,10.091,10.317,10.042,10.16,21840
20090401,10.186,10.51,10.186,10.5,24670
20090402,11.266,11.266,10.834,11.03,47140
20090403,11.162,11.397,11.034,11.25,26340
20090406,11.139,11.198,10.873,11.06,13270
20090407,11.091,11.091,10.511,10.58,34010
20090408,10.543,10.798,10.543,10.7,11590
20090409,11.127,11.166,10.773,10.96,37740
20090413,11.16,11.386,10.826,11.15,18110
20090414,11.209,11.366,10.856,11.17,30660
20090415,11.258,11.317,11.111,11.16,6500
20090416,11.304,11.506,11.3,11.418,40540
20090417,10.875,11.319,10.875,11.3,25610
20090420,11.293,11.293,10.694,10.89,21710
20090421,10.595,10.997,10.595,10.85,9280
20090422,11.318,11.495,11.082,11.2,27080
20090423,11.297,11.837,11.297,11.68,21210
20090424,11.861,11.999,11.684,11.9,25400
20090427,11.884,11.884,11.422,11.55,22880
20090428,11.517,11.949,11.311,11.88,14020
20090429,12.074,12.427,12.074,12.28,29510
20090430,12.518,12.665,12.224,12.42,129890
20090501,12.323,13,12.323,13,37280
20090504,13.165,14,13.116,14,54960
20090505,13.934,13.934,12.952,13.61,43720
20090506,13.831,13.929,13.595,13.9,25210
20090507,14.709,14.709,13.501,13.58,38850
20090508,14.399,14.399,13.505,14.32,45150
20090511,13.951,14.206,13.784,13.99,28690
20090512,13.996,13.996,13.554,13.8,25050
20090513,13.698,13.698,13.06,13.06,27360
20090514,13.117,13.539,13.117,13.51,21980
20090515,13.459,14.039,13.145,13.41,23030
20090518,13.724,13.989,13.547,13.95,22570
20090519,13.921,14.706,13.921,14.51,55170
20090520,14.722,15.016,14.535,14.81,32670
20090521,14.929,14.998,14.576,14.89,31780
20090522,15.106,15.381,14.733,14.88,57600
20090526,14.961,15.629,14.745,15.55,69470
20090527,15.577,15.685,15.331,15.41,87010
20090528,15.642,15.662,15.014,15.22,49530
20090529,15.491,15.678,15.305,15.56,58930
20090601,16.06,16.296,15.873,16.06,102010
20090602,16.008,16.047,15.694,15.9,46570
20090603,15.709,16.445,15.031,15.11,64350
20090604,15.414,15.748,15.414,15.64,23800
20090605,15.681,15.681,15.387,15.524,106040
20090608,15.466,15.466,14.965,15.23,60110
20090609,15.353,15.707,15.265,15.54,72490
20090610,15.645,15.665,15.158,15.46,61260
20090611,15.312,16.058,15.312,15.96,40350
20090612,15.679,15.738,15.414,15.62,27530
20090615,15.514,16.103,14.994,15.2,42850
20090616,15.535,15.535,14.435,14.71,76830
20090617,14.868,14.878,14.338,14.77,47990
20090618,14.822,14.822,14.321,14.38,64480
20090619,14.387,14.81,14.348,14.79,33300
20090622,15.178,15.178,13.754,13.97,47070
20090623,13.664,14.067,13.462,14,101910
20090624,14.361,14.704,14.252,14.39,21960
20090625,14.436,14.789,14.436,14.74,46560
20090626,14.949,14.949,14.733,14.88,37690
20090629,14.979,15.038,14.734,14.95,69040
20090630,15.126,15.126,14.782,14.88,13860
20090701,15.128,15.177,14.892,15,25410
20090702,14.98,14.98,14.41,14.42,29440
20090706,14.359,14.399,14.202,14.33,26660
20090707,14.466,14.466,13.69,13.69,21170
20090708,14.024,14.221,13.759,13.965,92740
20090709,14.13,14.247,14.002,14.13,18660
20090710,13.979,13.979,13.754,13.95,33560
20090713,13.832,14.116,13.665,13.92,37460
20090714,14.17,14.259,14.013,14.141,22980
20090715,14.315,14.688,14.315,14.58,32710
20090716,14.645,14.939,14.488,14.91,51760
20090717,14.73,14.74,14.544,14.74,10200
20090720,15.044,15.328,15.034,15.24,25870
20090721,15.435,15.455,14.954,15.19,21040
20090722,15.174,15.479,15.125,15.42,17620
20090723,15.341,15.468,15.223,15.38,109100
20090724,15.425,15.7,15.425,15.68,13850
20090727,15.569,15.717,15.471,15.54,21550
20090728,15.467,15.487,15.104,15.31,11020
20090729,14.978,14.978,14.742,14.85,19650
20090730,14.972,15.414,14.972,15.06,12900
20090731,15.354,15.708,15.315,15.6,25480
20090803,15.777,16.014,15.689,15.924,15490
20090804,15.912,16.089,15.716,16.05,19750
20090805,15.808,15.867,15.484,15.71,9350
20090806,15.789,15.789,15.475,15.74,13040
20090807,15.608,15.746,15.52,15.52,12690
20090810,15.469,15.617,15.42,15.44,7870
20090811,15.576,15.576,15.291,15.35,14340
20090812,15.3,15.585,15.3,15.32,15940
20090813,15.562,15.837,15.532,15.65,22170
20090814,15.716,15.716,15.392,15.52,8220
20090817,15.138,15.138,14.303,15.02,52200
20090818,15.025,15.27,14.995,15.27,10780
20090819,15.023,15.387,14.905,15.2,12330
20090820,15.32,15.477,15.202,15.32,12040
20090821,15.639,15.718,15.551,15.58,13080
20090824,15.71,15.848,15.612,15.72,23280
20090825,15.901,16.157,15.901,15.97,9680
20090826,15.809,15.986,15.751,15.78,7090
20090827,15.833,16.029,15.44,15.99,11000
20090828,15.915,15.915,15.591,15.63,17570
20090831,15.417,15.417,15.133,15.27,16380
20090901,15.186,15.422,14.931,14.97,13980
20090902,14.883,15.168,14.883,15.06,15460
20090903,15.368,15.368,15.113,15.26,15310
20090904,15.255,15.608,15.255,15.51,30320
20090908,15.912,16.05,15.854,16.05,10810
20090909,15.993,16.298,15.993,16.17,7360
20090910,16.273,16.45,16.244,16.45,5190
20090911,16.376,16.376,16.042,16.14,9090
20090914,16.015,16.32,16.015,16.3,2560
20090915,16.443,16.61,16.256,16.59,13610
20090916,16.734,16.94,16.665,16.94,13200
20090917,16.759,16.995,16.671,16.7,16510
20090918,16.909,16.958,16.722,16.85,19970
20090921,16.561,17.092,16.385,16.64,10620
20090922,16.738,16.738,16.551,16.63,16440
20090923,16.499,16.804,16.47,16.47,12910
20090924,16.471,16.471,15.764,15.96,31390
20090925,15.913,16.198,15.884,16.1,11670
20090928,16.231,16.398,16.153,16.31,7400
20090929,16.328,16.328,16.171,16.2,7490
20090930,16.325,16.512,16.237,16.296,17930
20091001,16.14,16.14,15.521,15.59,17320
20091002,15.473,15.787,15.345,15.64,20500
20091005,15.564,15.917,15.564,15.76,8370
20091006,15.912,16.236,15.912,16,7870
20091007,16.012,16.179,16.002,16.11,11130
20091008,16.27,16.338,16.113,16.25,20350
20091009,15.967,15.977,15.741,15.8,18770
20091012,16.087,16.116,15.773,15.92,16420
20091013,15.832,16.029,15.714,15.95,30220
20091014,16.012,16.228,15.992,16.12,7490
20091015,16.169,16.198,15.982,16.1,5520
20091016,15.852,15.999,15.852,15.96,7860
20091019,15.943,16.169,15.914,16.13,5940
20091020,16.036,16.036,15.752,15.85,23500
20091021,15.771,16.115,15.762,15.85,10260
20091022,15.792,15.9,15.488,15.9,39230
20091023,15.816,15.914,15.57,15.57,6450
20091026,15.722,15.752,15.172,15.3,40130
20091027,15.508,15.665,15.292,15.38,20780
20091028,15.265,15.423,14.823,15.01,23440
20091029,15.368,15.859,15.368,15.82,28850
20091030,15.61,15.649,15.03,15.05,22600
20091102,15.214,15.342,14.615,14.88,46750
20091103,14.971,15.265,14.833,15.01,52820
20091104,15.181,15.505,15.181,15.22,11890
20091105,15.479,15.627,15.371,15.44,17940
20091106,15.423,15.619,15.423,15.57,24890
20091109,15.843,16.079,15.823,16,27620
20091110,15.918,15.918,15.662,15.79,14850
20091111,15.889,16.017,15.752,15.85,17330
20091112,15.695,15.862,15.42,15.42,31130
20091113,15.551,15.718,15.452,15.59,6620
20091116,15.662,15.996,15.662,15.76,7580
20091117,15.67,15.67,15.512,15.65,8180
20091118,15.681,15.818,15.583,15.73,7440
20091119,15.452,15.659,15.315,15.59,15380
20091120,15.291,15.439,15.242,15.36,10990
20091123,15.581,15.797,15.542,15.66,6430
20091124,15.728,15.728,15.384,15.61,12590
20091125,15.66,15.738,15.473,15.65,14780
20091127,15.103,15.398,15.083,15.27,4190
20091130,15.143,15.34,15.084,15.33,9300
20091201,15.613,15.652,15.475,15.648,9350
20091202,15.67,15.778,15.483,15.66,30620
20091203,15.696,15.774,15.47,15.47,17840
20091204,15.619,15.717,15.383,15.56,24050
20091207,15.531,15.737,15.433,15.58,9300
20091208,15.428,15.467,15.221,15.3,10870
20091209,15.192,15.29,14.986,15.29,16050
20091210,15.071,15.287,15.071,15.13,4450
20091211,15.221,15.389,15.143,15.3,26130
20091214,15.358,15.407,15.221,15.27,20270
20091215,15.103,15.279,15.034,15.249,16510
20091216,15.129,15.227,15.07,15.07,17070
20091217,14.947,14.947,14.731,14.78,6120
20091218,14.731,14.8,14.604,14.8,54660
20091221,14.819,14.829,14.642,14.76,17000
20091222,14.753,14.979,14.724,14.93,15250
20091223,14.856,15.17,14.856,15.17,3480
20091224,15.063,15.22,15.004,15.22,1650
20091228,15.286,15.286,15.031,15.07,8250
20091229,15.199,15.257,15.12,15.12,14910
20091230,15.149,15.199,15.012,15.12,29040
20091231,15.248,15.248,15.121,15.15,11330
20100104,15.313,15.52,15.313,15.5,8210
20100105,15.55,15.55,15.373,15.54,8280
20100106,15.521,15.629,15.472,15.59,9120
20100107,15.582,15.699,15.562,15.67,21180
20100108,15.712,15.889,15.708,15.83,5910
20100111,15.911,16.068,15.911,15.97,21040
20100112,15.769,15.873,15.573,15.771,19710
20100113,15.771,15.889,15.722,15.85,15540
20100114,15.709,15.808,15.621,15.68,10320
20100115,15.537,15.537,15.232,15.36,13100
20100119,15.173,15.37,15.065,15.36,14450
20100120,14.947,14.947,14.692,14.79,15290
20100121,14.663,14.663,14.221,14.29,49910
20100122,14.106,14.273,13.821,13.89,27030
20100125,14.19,14.317,14.121,14.18,13690
20100126,14.12,14.238,13.983,14.14,12600
20100127,13.97,14.078,13.754,13.99,10530
20100128,14.036,14.036,13.584,13.82,16290
20100129,13.815,13.815,13.471,13.54,12170
20100201,13.662,13.829,13.623,13.79,12930
20100202,13.742,13.909,13.742,13.88,6780
20100203,13.857,13.857,13.602,13.69,10230
20100204,13.332,13.332,12.772,12.87,46140
20100205,12.758,12.758,12.385,12.67,20710
20100208,12.568,12.666,12.45,12.45,11160
20100209,12.793,13.097,12.793,12.96,13980
20100210,12.88,12.949,12.841,12.89,4560
20100211,12.814,13.05,12.814,13.03,7040
20100212,12.781,12.82,12.712,12.82,9670
20100216,12.775,13.109,12.775,13.07,8410
20100217,13.157,13.157,12.941,12.98,9730
20100218,12.983,13.218,12.983,13.13,9700
20100219,13.091,13.209,13.091,13.17,10900
20100222,13.257,13.277,13.021,13.09,7190
20100223,12.977,12.977,12.712,12.8,12320
20100224,12.764,12.981,12.764,12.96,14360
20100225,12.671,12.72,12.504,12.72,8280
20100226,12.631,12.769,12.622,12.71,4960
20100301,12.69,12.69,12.591,12.67,10420
20100302,12.66,12.719,12.601,12.68,16780
20100303,12.903,13.178,12.903,13.05,9700
20100304,13,13.206,12.921,12.98,6500
20100305,13.064,13.31,13.055,13.31,8050
20100308,13.22,13.298,13.2,13.2,16360
20100309,13.072,13.269,13.072,13.19,10570
20100310,13.17,13.288,13.151,13.18,5660
20100311,13.308,13.308,13.19,13.21,10740
20100312,13.22,13.299,13.152,13.24,8470
20100315,13.129,13.139,13.021,13.09,6490
20100316,13.13,13.169,12.993,13.13,3430
20100317,13.17,13.337,13.17,13.19,7300
20100318,13.161,13.249,13.092,13.22,8030
20100319,13.156,13.156,12.92,12.93,2420
20100322,12.724,12.989,12.724,12.92,21330
20100323,12.92,12.999,12.906,12.97,6330
20100324,12.869,12.869,12.77,12.79,5810
20100325,12.948,13.046,12.82,12.82,14710
20100326,12.871,13.018,12.871,12.93,9570
20100329,13.011,13.06,12.991,13.04,3690
20100330,12.96,13.009,12.891,12.97,18600
20100331,12.911,13.087,12.911,12.95,15910
20100401,12.982,13.149,12.982,13.08,18710
20100405,13.101,13.228,13.101,13.14,7270
20100406,13.013,13.16,13.013,13.15,29580
20100407,13.149,13.247,13.08,13.08,13080
20100408,12.913,13.109,12.913,13.08,6070
20100409,13.122,13.308,13.122,13.22,8900
20100412,13.36,13.468,13.36,13.38,7110
20100413,13.381,13.45,13.292,13.43,6400
20100414,13.333,13.51,13.333,13.49,5650
20100415,13.411,13.499,13.352,13.45,14060
20100416,13.561,13.561,13.041,13.09,11820
20100419,12.892,13.03,12.833,13.02,12220
20100420,13.102,13.22,13.102,13.2,8990
20100421,13.059,13.059,12.882,13.01,5980
20100422,12.763,12.92,12.684,12.92,15940
20100423,12.842,12.93,12.763,12.93,8570
20100426,12.84,12.938,12.82,12.82,7850
20100427,12.771,12.771,12.221,12.247,85500
20100428,12.397,12.397,12.053,12.23,17690
20100429,12.401,12.46,12.342,12.44,25980
20100430,12.517,12.517,12.341,12.37,10770
20100503,12.431,12.51,12.382,12.51,5720
20100504,12.164,12.164,11.751,11.8,34030
20100505,11.567,11.569,11.382,11.43,28870
20100506,11.407,11.407,9.874,10.67,36390
20100507,10.741,11.125,10.495,10.77,23150
20100510,11.597,11.607,11.342,11.45,24010
20100511,11.261,11.487,11.133,11.32,31450
20100512,11.46,11.499,11.43,11.44,7310
20100513,11.565,11.565,11.31,11.31,9700
20100514,11.267,11.267,10.953,11.12,32680
20100517,11.01,11.05,10.775,11.03,26980
20100518,11.3,11.3,10.78,10.78,6280
20100519,10.546,10.87,10.546,10.85,39950
20100520,10.42,10.637,10.252,10.469,18270
20100521,10.238,10.69,10.238,10.69,54380
20100524,10.497,10.566,10.33,10.33,3680
20100525,9.933,10.218,9.874,10.12,11260
20100526,10.04,10.315,10.02,10.02,23880
20100527,10.336,10.7,10.336,10.69,18380
20100528,10.548,10.607,10.352,10.44,40210
20100601,10.486,10.584,10.25,10.26,29600
20100602,10.315,10.57,10.265,10.57,45360
20100603,10.717,10.717,10.413,10.56,16810
20100604,10.315,10.325,10.05,10.05,9830
20100607,10.234,10.234,9.891,9.92,23940
20100608,9.822,9.92,9.753,9.92,45120
20100609,9.837,9.916,9.661,9.7,19490
20100610,10.02,10.148,9.932,10.02,9350
20100611,10.005,10.27,10.005,10.26,28480
20100614,10.349,10.496,10.329,10.351,16730
20100615,10.503,10.69,10.473,10.67,25280
20100616,10.59,10.619,10.501,10.57,16870
20100617,10.59,10.59,10.472,10.57,2990
20100618,10.541,10.6,10.531,10.59,2280
20100621,10.599,10.825,10.589,10.591,20000
20100622,10.656,10.656,10.41,10.42,10310
20100623,10.462,10.589,10.432,10.56,18920
20100624,10.448,10.448,10.33,10.33,5770
20100625,10.478,10.478,10.301,10.35,3660
20100628,10.347,10.347,10.15,10.16,1680
20100629,9.886,9.886,9.651,9.68,25990
20100630,9.631,9.857,9.631,9.67,11360
20100701,9.733,9.88,9.713,9.88,31640
20100702,9.94,9.94,9.832,9.94,10890
20100706,10.169,10.326,10.09,10.11,22080
20100707,10.235,10.54,10.235,10.53,15890
20100708,10.531,10.57,10.413,10.57,25090
20100709,10.384,10.59,10.374,10.59,9430
20100712,10.489,10.489,10.331,10.41,3120
20100713,10.422,10.55,10.422,10.53,3830
20100714,10.481,10.589,10.451,10.52,4280
20100715,10.602,10.71,10.514,10.71,8110
20100716,10.566,10.566,10.35,10.35,12410
20100719,10.431,10.5,10.382,10.48,4580
20100720,10.366,10.729,10.366,10.69,17830
20100721,10.901,10.901,10.41,10.41,15340
20100722,10.693,10.899,10.693,10.87,6830
20100723,10.872,11.039,10.784,11,15460
20100726,10.942,11.09,10.942,11.08,16310
20100727,11.109,11.109,11.031,11.06,19430
20100728,11.128,11.128,11,11,1110
20100729,11.03,11.06,10.922,11.05,19080
20100730,10.851,10.919,10.743,10.89,2210
20100802,11.169,11.219,11.061,11.14,19220
20100803,11.149,11.149,11.07,11.08,940
20100804,11.123,11.201,11.123,11.198,2730
20100805,11.199,11.199,11.061,11.13,1850
20100806,11.149,11.149,11.012,11.11,2430
20100809,11.082,11.23,11.082,11.22,7720
20100810,10.983,11.16,10.953,11.14,6320
20100811,10.826,10.826,10.56,10.58,13770
20100812,10.462,10.59,10.462,10.57,6590
20100813,10.539,10.588,10.5,10.5,3930
20100816,10.471,10.648,10.471,10.52,6910
20100817,10.721,10.859,10.721,10.78,6360
20100818,10.547,10.547,10.331,10.38,14690
20100819,10.307,10.307,10.091,10.16,4610
20100820,9.989,9.989,9.832,9.92,6590
20100823,9.908,9.908,9.82,9.82,15170
20100824,9.749,9.749,9.66,9.67,7440
20100825,9.561,9.62,9.453,9.62,13530
20100826,9.679,9.787,9.61,9.61,11550
20100827,9.624,9.82,9.594,9.82,5320
20100830,9.728,9.738,9.64,9.64,3510
20100831,9.66,9.749,9.66,9.68,14620
20100901,9.979,9.979,9.911,9.94,12670
20100902,9.982,10.1,9.982,10.08,5710
20100903,10.12,10.149,10.041,10.11,7300
20100907,9.704,9.998,9.704,9.9,18960
20100908,10.019,10.049,9.97,9.97,30730
20100909,10.118,10.118,9.99,9.99,3890
20100910,9.96,9.989,9.95,9.95,2890
20100913,10.091,10.15,10.091,10.13,4000
20100914,10.093,10.25,10.093,10.23,3130
20100915,10.158,10.197,10.148,10.162,2100
20100916,10.209,10.209,10.081,10.15,4070
20100917,10.118,10.118,10,10.01,7890
20100920,9.923,10.07,9.923,10.07,20170
20100921,10.168,10.168,9.951,10.03,19910
20100922,10.011,10.119,10.011,10.04,8220
20100923,9.85,9.948,9.821,9.85,9060
20100924,10.002,10.09,10.002,10.09,10110
20100927,10.001,10.069,10.001,10.04,1750
20100928,10.072,10.16,10.072,10.16,10500
20100929,10.089,10.089,10.001,10.05,5770
20100930,9.99,10.029,9.921,9.97,14310
20101001,10.011,10.07,9.981,10.06,12750
20101004,9.99,10.019,9.921,9.99,6970
20101005,10.154,10.4,10.154,10.4,12430
20101006,10.449,10.489,10.391,10.42,24790
20101007,10.378,10.378,10.261,10.29,6820
20101008,10.232,10.369,10.232,10.32,10820
20101011,10.23,10.269,10.2,10.21,11580
20101012,10.121,10.18,10.042,10.16,15110
20101013,10.211,10.31,10.172,10.29,14080
20101014,10.3,10.359,10.251,10.29,16520
20101015,10.468,10.468,10.271,10.34,25280
20101018,10.41,10.449,10.391,10.42,13980
20101019,10.296,10.296,10.1,10.1,64580
20101020,10.131,10.22,10.131,10.2,4120
20101021,10.218,10.218,10.021,10.08,10380
20101022,10.16,10.17,10.16,10.17,9260
20101025,10.348,10.348,10.211,10.24,3170
20101026,10.119,10.12,10.041,10.09,3030
20101027,9.912,10.03,9.902,10.01,115780
20101028,10.03,10.05,10.011,10.05,14320
20101029,10,10.069,10,10,9750
20101101,10.019,10.029,9.96,9.96,10120
20101102,10.053,10.22,10.053,10.2,16800
20101103,10.152,10.279,10.152,10.25,3910
20101104,10.261,10.389,10.261,10.33,11350
20101105,10.259,10.269,10.21,10.23,7670
20101108,10.278,10.278,10.111,10.16,259860
20101109,10.118,10.226,10,10,24690
20101110,10.129,10.129,9.933,10.08,10040
20101111,9.919,9.919,9.821,9.86,8750
20101112,9.819,9.907,9.711,9.75,10990
20101115,9.878,9.878,9.79,9.79,18940
20101116,9.686,9.686,9.441,9.49,11550
20101117,9.638,9.638,9.51,9.53,26680
20101118,9.602,9.739,9.602,9.69,8190
20101119,9.573,9.75,9.573,9.75,10130
20101122,9.531,9.61,9.531,9.61,4900
20101123,9.488,9.488,9.351,9.4,8900
20101124,9.392,9.422,9.353,9.418,7480
20101126,9.299,9.299,9.201,9.24,8490
20101129,9.12,9.12,8.973,9.11,14890
20101130,9.058,9.058,8.941,8.97,18680
20101201,9.071,9.15,9.071,9.13,9730
20101202,9.103,9.3,9.103,9.29,10560
20101203,9.33,9.35,9.271,9.35,10560
20101206,9.33,9.334,9.261,9.33,8100
20101207,9.311,9.498,9.311,9.38,18410
20101208,9.382,9.49,9.382,9.47,7860
20101209,9.637,9.637,9.411,9.47,17840
20101210,9.247,9.65,9.247,9.64,27350
20101213,9.819,9.82,9.77,9.78,13690
20101214,9.859,9.869,9.761,9.81,13020
20101215,9.748,9.787,9.621,9.65,25560
20101216,9.641,9.69,9.637,9.67,8460
20101217,9.729,9.729,9.631,9.69,3010
20101220,9.628,9.628,9.46,9.49,12350
20101221,9.541,9.659,9.541,9.62,9950
20101222,9.639,9.639,9.531,9.57,54200
20101223,9.518,9.558,9.516,9.532,6100
20101227,9.402,9.58,9.402,9.55,23130
20101228,9.589,9.589,9.5,9.52,10110
20101229,9.592,9.7,9.592,9.69,19850
20101230,9.689,9.699,9.62,9.65,45030
20101231,9.641,9.74,9.641,9.71,4990
20110103,9.811,9.939,9.811,9.88,16300
20110104,9.939,9.978,9.87,9.87,36570
20110105,9.85,9.87,9.761,9.84,7620
20110106,9.867,9.867,9.68,9.71,7760
20110107,9.717,9.717,9.51,9.53,10670
20110110,9.432,9.55,9.432,9.53,12320
20110111,9.649,9.649,9.512,9.61,21690
20110112,9.692,9.82,9.692,9.82,11280
20110113,9.93,9.989,9.911,9.93,8110
20110114,9.833,10.01,9.833,10,6760
20110118,9.991,10.05,9.981,10.04,20070
20110119,10.009,10.018,9.92,9.92,11190
20110120,9.92,9.94,9.842,9.94,4610
20110121,9.96,10.001,9.959,9.98,6230
20110124,9.952,10.12,9.952,10.09,14550
20110125,10.089,10.089,9.931,10.01,15640
20110126,10.029,10.029,9.941,9.98,3840
20110127,9.882,10.03,9.882,10,11570
20110128,9.918,9.957,9.76,9.79,15240
20110131,9.89,9.959,9.89,9.92,5680
20110201,9.943,10.1,9.943,10.1,4820
20110202,10.04,10.07,10.03,10.05,2910
20110203,10.147,10.147,9.881,9.95,8770
20110204,9.962,10.07,9.962,10.07,8580
20110207,10.021,10.139,10.021,10.1,22610
20110208,10.081,10.19,10.081,10.17,3380
20110209,10.209,10.239,10.16,10.16,5360
20110210,10.02,10.03,9.941,10.01,3220
20110211,9.991,10.079,9.961,10.04,10830
20110214,9.96,10.039,9.96,9.99,9290
20110215,9.94,9.97,9.911,9.94,5090
20110216,9.939,10.026,9.939,10.022,7250
20110217,9.912,10.042,9.912,10.04,5750
20110218,9.981,10.089,9.981,10.05,9090
20110222,10.006,10.006,9.76,9.76,9540
20110223,9.848,9.858,9.691,9.75,11470
20110224,9.828,9.862,9.782,9.832,6530
20110225,9.881,9.97,9.881,9.94,10230
20110228,10.05,10.138,10,10.03,8860
20110301,10.106,10.106,9.85,9.85,8940
20110302,9.841,9.949,9.841,9.89,4750
20110303,10.019,10.019,9.911,9.95,3510
20110304,10.018,10.018,9.851,9.9,6600
20110307,10.018,10.018,9.802,9.9,5060
20110308,9.813,10.099,9.813,10.03,12960
20110309,10.131,10.229,10.131,10.18,6670
20110310,10.147,10.147,9.965,9.97,6670
20110311,9.99,10.04,9.922,10.02,3610
20110314,10.232,10.35,10.212,10.34,31970
20110315,10.364,10.659,10.344,10.61,59020
20110316,10.585,10.585,10.162,10.28,59200
20110317,10.522,10.699,10.522,10.66,30590
20110318,10.894,10.914,10.825,10.825,14210
20110321,11.216,11.216,10.881,10.95,23220
20110322,10.879,10.879,10.781,10.82,16730
20110323,10.821,10.88,10.742,10.87,4140
20110324,10.853,11.02,10.853,11.01,21840
20110325,11.019,11.039,10.95,10.98,19100
20110328,11.161,11.289,11.161,11.2,27150
20110329,11.261,11.34,11.192,11.34,13880
20110330,11.39,11.43,11.331,11.41,37260
20110331,11.4,11.421,11.351,11.41,50580
20110401,11.41,11.479,11.292,11.42,27270
20110404,11.491,11.57,11.489,11.55,27540
20110405,11.42,11.469,11.332,11.43,26400
20110406,11.279,11.279,11.053,11.22,20730
20110407,11.147,11.147,10.95,10.98,32420
20110408,11.218,11.218,11.071,11.12,8990
20110411,11.18,11.258,11.121,11.16,12460
20110412,11.249,11.249,11.081,11.16,11670
20110413,11.219,11.248,11.12,11.15,16250
20110414,11.12,11.14,11.022,11.14,7780
20110415,11.069,11.089,10.872,11.02,16170
20110418,10.818,10.818,10.582,10.69,29560
20110419,10.75,10.75,10.671,10.72,13170
20110420,10.918,10.918,10.8,10.8,5180
20110421,10.939,10.939,10.831,10.87,13240
20110425,10.938,10.938,10.8,10.83,18690
20110426,10.901,11,10.892,10.99,12320
20110427,10.912,11.02,10.872,11.02,5490
20110428,11.04,11.06,10.981,11.04,6770
20110429,11.021,11.11,11.021,11.1,9260
20110502,11.098,11.098,10.99,10.99,4330
20110503,10.94,10.979,10.9,10.93,4200
20110504,10.847,10.847,10.66,10.69,24610
20110505,10.617,10.617,10.44,10.46,15940
20110506,10.506,10.585,10.27,10.29,22560
20110509,10.361,10.42,10.331,10.41,15450
20110510,10.48,10.51,10.441,10.49,8460
20110511,10.448,10.477,10.28,10.3,36390
20110512,10.263,10.43,10.263,10.422,10820
20110513,10.327,10.327,10.15,10.17,35100
20110516,10.17,10.269,10.17,10.18,6890
20110517,10.26,10.28,10.221,10.28,7180
20110518,10.282,10.39,10.272,10.39,29800
20110519,10.411,10.47,10.391,10.46,8190
20110520,10.367,10.367,10.21,10.21,5660
20110523,10.049,10.069,9.931,9.99,33260
20110524,10,10.059,9.951,10.02,4690
20110525,9.961,10.004,9.961,10,4150
20110526,9.961,10.01,9.912,10.01,6430
20110527,9.981,10.05,9.981,10.04,4260
20110531,10.43,10.518,10.37,10.4,5900
20110601,10.386,10.386,10.13,10.13,18610
20110602,10.229,10.229,10.131,10.17,14550
20110603,10.081,10.209,10.081,10.17,8370
20110606,10.148,10.158,10.04,10.04,69730
20110607,10.18,10.21,10.161,10.21,2120
20110608,10.048,10.048,9.91,9.91,10160
20110609,9.831,9.909,9.831,9.889,79720
20110610,9.838,9.838,9.68,9.69,7670
20110613,9.768,9.768,9.601,9.67,14980
20110614,9.751,9.849,9.751,9.8,16440
20110615,9.657,9.687,9.49,9.5,8400
20110616,9.459,9.488,9.37,9.38,14360
20110617,9.5,9.519,9.45,9.48,12800
20110620,9.36,9.39,9.36,9.39,3540
20110621,9.421,9.49,9.421,9.46,2310
20110622,9.44,9.44,9.42,9.42,480
20110623,9.24,9.24,9.161,9.23,11590
20110624,9.2,9.2,9.15,9.18,7280
20110627,9.192,9.31,9.143,9.31,8020
20110628,9.301,9.35,9.291,9.35,4150
20110629,9.45,9.45,9.42,9.44,12480
20110630,9.503,9.661,9.503,9.659,13160
20110701,9.702,9.81,9.692,9.81,12880
20110705,9.769,9.798,9.66,9.69,4800
20110706,9.569,9.569,9.527,9.53,4270
20110707,9.561,9.64,9.531,9.62,8830
20110708,9.459,9.459,9.391,9.42,4090
20110711,9.268,9.268,9.14,9.17,5280
20110712,8.99,9.109,8.99,9.02,11810
20110713,9.101,9.239,9.101,9.15,5840
20110714,9.177,9.187,9.01,9.01,11020
20110715,9.049,9.049,8.911,8.98,6010
20110718,8.907,8.907,8.72,8.73,14350
20110719,8.833,8.892,8.833,8.888,1860
20110720,8.95,8.95,8.852,8.95,4840
20110721,9.072,9.19,9.072,9.19,3700
20110722,9.23,9.23,9.19,9.2,2260
20110725,9.39,9.449,9.39,9.4,8030
20110726,9.42,9.44,9.391,9.42,4830
20110727,9.337,9.337,9.16,9.16,10910
20110728,9.15,9.209,9.15,9.15,4770
20110729,9.08,9.179,9.041,9.11,6250
20110801,9.177,9.177,8.901,8.99,15940
20110802,8.867,8.867,8.66,8.66,16340
20110803,8.75,8.78,8.623,8.78,7840
20110804,8.613,8.613,8.22,8.22,21890
20110805,8.348,8.348,7.974,8.23,16470
20110808,7.835,7.875,7.491,7.54,24480
20110809,7.739,7.955,7.571,7.955,31070
20110810,7.746,7.746,7.48,7.48,18880
20110811,7.564,7.791,7.465,7.79,13240
20110812,7.712,7.85,7.712,7.82,7860
20110815,7.941,8.03,7.941,8.03,4730
20110816,7.939,7.968,7.781,7.87,13630
20110817,8.099,8.119,7.991,8.04,9780
20110818,7.798,7.808,7.611,7.7,21070
20110819,7.711,7.711,7.544,7.577,3710
20110822,7.767,7.767,7.62,7.62,2270
20110823,7.633,7.83,7.633,7.83,12950
20110824,7.92,8.009,7.92,7.95,10880
20110825,8.037,8.037,7.83,7.83,2210
20110826,7.813,8.019,7.773,7.97,7220
20110829,8.082,8.249,8.082,8.2,6530
20110830,8.152,8.26,8.103,8.26,17310
20110831,8.29,8.32,8.251,8.32,8260
20110901,8.298,8.308,8.171,8.21,7170
20110902,8.119,8.119,8.03,8.03,7760
20110906,7.573,7.74,7.573,7.74,28800
20110907,7.781,7.88,7.742,7.85,4930
20110908,7.888,7.888,7.72,7.74,12140
20110909,7.577,7.607,7.41,7.41,14720
20110912,7.463,7.463,7.423,7.43,7030
20110913,7.49,7.53,7.402,7.52,12080
20110914,7.533,7.74,7.465,7.74,9530
20110915,7.81,7.813,7.8,7.81,3260
20110916,7.829,7.829,7.74,7.74,4350
20110919,7.512,7.61,7.492,7.6,8400
20110920,7.549,7.598,7.45,7.48,12290
20110921,7.406,7.445,7.17,7.17,11990
20110922,7.017,7.067,6.8305,6.86,31840
20110923,6.8605,6.9491,6.8605,6.89,8130
20110926,6.8509,6.91,6.7525,6.91,22300
20110927,7.06,7.178,7.04,7.04,12340
20110928,7.148,7.177,7.01,7.01,4590
20110929,7.169,7.199,7.031,7.11,12050
20110930,7.068,7.118,6.97,6.97,6160
20111003,6.8971,6.9168,6.6905,6.72,26110
20111004,6.5932,6.79,6.5243,6.79,8530
20111005,6.6825,6.8498,6.6825,6.84,9100
20111006,7.022,7.12,6.9331,7.12,11250
20111007,7.118,7.118,6.98,6.98,5580
20111010,7.162,7.26,7.162,7.26,830
20111011,7.242,7.35,7.242,7.35,7760
20111012,7.461,7.579,7.461,7.52,6610
20111013,7.501,7.58,7.452,7.58,6030
20111014,7.561,7.59,7.561,7.59,1010
20111017,7.546,7.546,7.33,7.33,14800
20111018,7.272,7.489,7.272,7.42,14830
20111019,7.358,7.358,7.2,7.21,8180
20111020,7.18,7.23,7.121,7.2,5000
20111021,7.26,7.299,7.23,7.23,8420
20111024,7.362,7.51,7.362,7.51,1220
20111025,7.56,7.611,7.53,7.53,2940
20111026,7.591,7.65,7.512,7.65,4050
20111027,7.941,8.138,7.892,8.03,27520
20111028,8.059,8.059,7.99,7.99,7620
20111031,7.679,7.679,7.561,7.6,9690
20111101,7.18,7.241,7.17,7.17,2950
20111102,7.354,7.393,7.245,7.265,2380
20111103,7.343,7.53,7.284,7.524,11330
20111104,7.311,7.38,7.311,7.38,1310
20111107,7.501,7.59,7.501,7.59,3670
20111108,7.531,7.58,7.432,7.57,6130
20111109,7.239,7.288,7.14,7.15,13190
20111110,7.129,7.129,7.042,7.11,5550
20111111,7.3,7.359,7.29,7.313,12500
20111114,7.268,7.268,7.15,7.167,710
20111115,7.2,7.22,7.16,7.19,5310
20111116,7.079,7.118,7.03,7.03,7750
20111117,6.9879,7.057,6.86,6.86,11540
20111118,6.961,7.049,6.961,7.02,6100
20111121,6.8082,6.8476,6.6803,6.7,4730
20111122,6.6797,6.719,6.6108,6.66,21650
20111123,6.5962,6.5962,6.4782,6.4818,2870
20111125,6.559,6.559,6.5,6.5,2430
20111128,6.7689,6.7787,6.6606,6.7,25510
20111129,6.7598,6.809,6.7008,6.75,6630
20111130,7.052,7.17,7.042,7.17,36710
20111201,7.091,7.169,7.071,7.13,5190
20111202,7.138,7.138,7.038,7.04,4360
20111205,7.119,7.158,7.05,7.05,31290
20111206,6.961,7.03,6.9512,7.02,4620
20111207,6.9303,6.9992,6.9101,6.95,18500
20111208,6.8979,6.8979,6.7503,6.77,9950
20111209,6.9002,6.9198,6.8804,6.91,6650
20111212,6.7677,6.7677,6.6195,6.63,3220
20111213,6.7572,6.7572,6.59,6.59,3390
20111214,6.6192,6.629,6.5405,6.57,15090
20111215,6.7084,6.7084,6.5903,6.61,14120
20111216,6.7295,6.7985,6.6604,6.69,13420
20111219,6.8162,6.8162,6.51,6.51,4140
20111220,6.6312,6.7299,6.6312,6.72,14430
20111221,6.6108,6.67,6.6009,6.67,4500
20111222,6.6811,6.76,6.6811,6.76,1950
20111223,6.7601,6.7996,6.7503,6.77,5320
20111227,6.7697,6.8191,6.7401,6.75,29000
20111228,6.6996,6.6996,6.6207,6.67,3020
20111229,6.6012,6.69,6.5913,6.69,18200
20111230,6.7107,6.7797,6.7008,6.76,10750
20120103,6.9506,7.01,6.9506,7,10330
20120104,6.7901,6.8,6.7803,6.8,2410
20120105,6.69,6.7393,6.6801,6.69,3390
20120106,6.6708,6.73,6.6708,6.73,1530
20120109,6.7399,6.7399,6.7103,6.73,5960
20120110,6.8201,6.8497,6.8155,6.83,1150
20120111,6.82,6.82,6.82,6.82,1470
20120112,6.7909,6.8797,6.7909,6.86,2440
20120113,6.7696,6.7696,6.6907,6.74,12910
20120117,6.8393,6.8393,6.79,6.79,1060
20120118,6.7815,6.9099,6.7815,6.9,2560
20120119,7.01,7.059,7,7.01,24620
20120120,7.001,7.05,6.9908,7.05,13890
20120123,7.08,7.12,7.08,7.12,5040
20120124,6.9801,7.0097,6.9801,6.99,5190
20120125,6.9808,7.044,6.9322,7.04,2010
20120126,7.209,7.209,7.11,7.11,9210
20120127,7.111,7.19,7.111,7.17,1800
20120130,7.08,7.08,7.04,7.05,3590
20120131,7.119,7.119,7.001,7.04,3540
20120201,7.207,7.246,7.188,7.192,3280
20120202,7.23,7.26,7.21,7.24,13600
20120203,7.481,7.639,7.452,7.59,9780
20120206,7.52,7.589,7.51,7.54,14160
20120207,7.54,7.56,7.48,7.51,22180
20120208,7.519,7.519,7.45,7.45,3280
20120209,7.55,7.56,7.521,7.56,8300
20120210,7.39,7.399,7.33,7.36,8120
20120213,7.399,7.427,7.33,7.36,4440
20120214,7.28,7.309,7.26,7.26,4140
20120215,7.359,7.359,7.25,7.25,2660
20120216,7.222,7.38,7.222,7.38,45050
20120217,7.4,7.41,7.4,7.41,740
20120221,7.48,7.539,7.47,7.47,24510
20120222,7.469,7.469,7.4,7.4,620
20120223,7.399,7.399,7.281,7.36,3850
20120224,7.38,7.389,7.34,7.35,2980
20120227,7.28,7.28,7.201,7.27,2320
20120228,7.272,7.273,7.243,7.248,11580
20120229,7.299,7.309,7.22,7.25,3660
20120301,7.3,7.33,7.261,7.33,9590
20120302,7.339,7.339,7.27,7.29,24620
20120305,7.249,7.249,7.2,7.2,2640
20120306,6.9888,6.9888,6.8803,6.9,11440
20120307,6.98,6.98,6.98,6.98,460
20120308,7.031,7.11,7.031,7.11,6760
20120309,7.12,7.15,7.12,7.15,1360
20120312,7.149,7.149,7.06,7.08,5520
20120313,7.131,7.22,7.121,7.22,6980
20120314,7.189,7.189,7.12,7.12,890
20120315,7.15,7.2,7.081,7.17,2470
20120316,7.2,7.22,7.2,7.21,4550
20120319,7.18,7.19,7.17,7.17,410
20120320,7.05,7.05,7,7.02,1970
20120321,7.029,7.029,6.9505,6.99,4690
20120322,6.8606,6.91,6.8606,6.91,6150
20120323,6.9513,7.05,6.9216,7.05,5580
20120326,7.061,7.13,7.051,7.13,3690
20120327,7.089,7.089,6.9901,7,8310
20120328,6.9797,6.9797,6.9106,6.96,4850
20120329,6.8588,6.8844,6.8094,6.8815,7780
20120330,6.8999,6.9099,6.8999,6.9001,2580
20120402,6.8203,6.842,6.8005,6.84,4400
20120403,6.8388,6.8388,6.7204,6.75,430
20120404,6.6214,6.6312,6.5819,6.6288,3400
20120405,6.6588,6.6588,6.57,6.57,520
20120409,6.5498,6.5498,6.4312,6.53,7190
20120410,6.4685,6.5179,6.3302,6.35,19060
20120411,6.4501,6.4699,6.4501,6.46,2390
20120412,6.4712,6.5699,6.4712,6.56,3440
20120413,6.479,6.479,6.3901,6.4,2060
20120416,6.4904,6.52,6.4113,6.52,2170
20120417,6.5101,6.5398,6.5101,6.52,1390
20120418,6.4598,6.4696,6.4301,6.44,10260
20120419,6.3499,6.3993,6.3301,6.338,4320
20120420,6.3885,6.4086,6.3885,6.3915,1490
20120423,6.3196,6.3196,6.2604,6.29,5550
20120424,6.3292,6.3292,6.2601,6.27,3030
20120425,6.3699,6.3699,6.3304,6.36,3550
20120426,6.2705,6.3199,6.2705,6.31,13290
20120427,6.3304,6.36,6.3007,6.36,5490
20120430,6.339,6.339,6.26,6.26,1490
20120501,6.3104,6.3894,6.261,6.34,7570
20120502,6.2592,6.2592,6.1605,6.2,5310
20120503,6.1391,6.1391,6.0601,6.07,6580
20120504,6.0399,6.0399,6.0201,6.03,1870
20120507,6.0207,6.07,5.9417,6.07,7970
20120508,5.99,5.9901,5.99,5.99,410
20120509,5.8707,5.9397,5.8707,5.92,7100
20120510,5.9896,5.9896,5.96,5.96,1260
20120511,5.9508,5.9641,5.9409,5.9492,2320
20120514,5.7792,5.7792,5.6408,5.71,1980
20120515,5.5991,5.609,5.53,5.53,23090
20120516,5.4994,5.4994,5.45,5.45,3420
20120517,5.4295,5.4394,5.3505,5.39,1720
20120518,5.3596,5.3596,5.2905,5.33,31580
20120521,5.3503,5.37,5.3404,5.37,4570
20120522,5.4491,5.4491,5.38,5.38,3570
20120523,5.3392,5.3392,5.28,5.28,1510
20120524,5.3592,5.3592,5.3,5.3,1240
20120525,5.2724,5.2896,5.2329,5.2676,62020
20120529,5.3291,5.3488,5.2501,5.26,160710
20120530,5.2496,5.2536,5.1805,5.22,11640
20120531,5.2195,5.2293,5.1109,5.18,28840
20120601,5.0596,5.0793,5.03,5.03,4140
20120604,5.03,5.0695,4.9708,5.03,6180
20120605,5.0103,5.03,5.0103,5.03,550
20120606,5.0905,5.1497,5.0511,5.13,5940
20120607,5.1496,5.1792,5.12,5.12,3870
20120608,5.1407,5.19,5.1407,5.19,1000
20120611,5.2277,5.2277,5.06,5.06,1110
20120612,5.0799,5.0897,5.0503,5.07,2690
20120613,5.0408,5.1,5.0408,5.1,510
20120614,5.0207,5.07,5.0207,5.07,3100
20120615,5.1303,5.19,5.1105,5.19,11160
20120619,5.0806,5.1999,5.0806,5.19,700
20120620,5.2301,5.2897,5.2301,5.24,3230
20120621,5.2392,5.2491,5.11,5.11,11970
20120622,5.1899,5.1999,5.1502,5.18,3330
20120625,5.0999,5.0999,5.09,5.09,3750
20120626,5.0802,5.11,5.0603,5.11,4560
20120627,5.1599,5.1599,5.1002,5.14,7270
20120628,5.0799,5.0799,5.07,5.07,4170
20120629,5.3004,5.3799,5.2606,5.37,13750
20120702,5.2902,5.3399,5.2604,5.33,17750
20120703,5.2922,5.3355,5.2922,5.328,4790
20120705,5.2601,5.2799,5.2203,5.27,9950
20120706,5.1998,5.1998,5.17,5.17,470
20120709,5.1599,5.1599,5.15,5.15,400
20120710,5.1296,5.1296,5.07,5.07,1600
20120711,5.06,5.06,5.06,5.06,250
20120712,4.9802,5.02,4.9799,5.02,4200
20120713,5.0202,5.05,5.0102,5.05,6980
20120716,4.9799,4.9898,4.97,4.97,5610
20120717,5.0126,5.0324,4.9738,5.0276,2790
20120718,4.9403,4.99,4.9303,4.99,6960
20120720,4.8901,4.9,4.8801,4.9,5650
20120723,4.7799,4.7898,4.7103,4.76,11920
20120724,4.7199,4.7199,4.71,4.71,1810
20120725,4.6499,4.6995,4.6193,4.63,4300
20120726,4.7401,4.75,4.7388,4.75,2270
20120727,4.7904,4.85,4.7904,4.85,5470
20120730,4.8499,4.9096,4.8301,4.84,4640
20120731,4.96,4.96,4.96,4.96,1510
20120801,4.9798,4.9798,4.8804,4.94,2930
20120803,4.9502,5.0396,4.9502,4.98,7510
20120806,5.0002,5.03,5.0002,5.03,2700
20120807,5.1203,5.1899,5.1203,5.17,4000
20120808,5.1199,5.1199,5.1075,5.11,1200
20120809,5.161,5.2007,5.1114,5.159,6250
20120810,5.0901,5.1199,5.0901,5.11,970
20120813,5.1299,5.1697,5.0902,5.12,7690
20120814,5.1001,5.11,5.0802,5.11,1430
20120815,5.0799,5.1098,5.07,5.07,3390
20120816,5.1402,5.2098,5.1302,5.17,2410
20120817,5.2598,5.2598,5.1902,5.22,5070
20120820,5.2321,5.2321,5.2182,5.2279,1920
20120821,5.3595,5.3595,5.28,5.28,5680
20120822,5.2299,5.2299,5.22,5.22,660
20120823,5.2501,5.26,5.2501,5.26,6440
20120824,5.2599,5.2599,5.25,5.25,2060
20120827,5.2701,5.28,5.2601,5.28,1340
20120828,5.4099,5.4298,5.39,5.4,4570
20120829,5.3896,5.3996,5.32,5.32,1450
20120830,5.2902,5.33,5.2902,5.33,4440
20120831,5.3604,5.4499,5.3604,5.43,2140
20120904,5.5724,5.6321,5.5172,5.5575,3880
20120905,5.5,5.5,5.5,5.5,800
20120906,5.5502,5.5999,5.5502,5.59,2800
20120907,5.6106,5.72,5.6106,5.72,2130
20120910,5.7599,5.9589,5.7201,5.74,7530
20120911,5.729,5.7886,5.7092,5.7108,1210
20120912,5.7197,5.7197,5.6601,5.67,1790
20120913,5.6302,5.6717,5.6302,5.67,1010
20120914,5.7398,5.7896,5.71,5.71,2960
20120917,5.76,5.8296,5.76,5.76,7110
20120918,5.7797,5.7797,5.7101,5.7289,2040
20120919,5.7499,5.7798,5.74,5.74,17670
20120920,5.7086,5.7166,5.7086,5.7114,2630
20120921,5.7796,5.8095,5.71,5.71,5750
20120924,5.7201,5.73,5.7101,5.73,4720
20120925,5.7325,5.7623,5.7126,5.7275,2680
20120926,5.6199,5.6199,5.5404,5.61,3640
20120928,5.5695,5.5695,5.48,5.4801,2890
20121001,5.5897,5.5897,5.5201,5.53,2780
20121002,5.5802,5.61,5.5702,5.61,2010
20121003,5.5797,5.5797,5.53,5.53,1400
20121004,5.54,5.54,5.5102,5.54,2520
20121005,5.6798,5.7196,5.64,5.64,1780
20121008,5.6198,5.6198,5.5694,5.58,1300
20121009,5.5197,5.5396,5.47,5.47,4460
20121010,5.4598,5.4697,5.42,5.42,4140
20121011,5.5004,5.57,5.4904,5.57,1590
20121012,5.5497,5.5497,5.5,5.5,2650
20121015,5.54,5.54,5.54,5.54,690
20121016,5.5705,5.66,5.5605,5.66,17130
20121017,5.6301,5.6599,5.6301,5.654,3340
20121018,5.7002,5.7598,5.7002,5.73,1750
20121019,5.6494,5.6494,5.5301,5.54,4940
20121022,5.5896,5.5896,5.51,5.51,1270
20121023,5.4897,5.4897,5.4101,5.43,3060
20121024,5.5297,5.5297,5.4501,5.47,880
20121025,5.4599,5.5096,5.4301,5.44,1000
20121026,5.3899,5.4297,5.3601,5.37,4170
20121031,5.4296,5.4793,5.1014,5.36,6090
20121101,5.4702,5.5,5.4702,5.5,2260
20121102,5.4699,5.4699,5.46,5.46,470
20121105,5.3903,5.45,5.3903,5.45,560
20121106,5.4502,5.49,5.4502,5.49,600
20121107,5.4094,5.4194,5.32,5.3201,12930
20121108,5.3797,5.3896,5.32,5.32,2860
20121109,5.3101,5.3499,5.3002,5.33,5380
20121112,5.2697,5.2697,5.2101,5.22,1350
20121113,5.1099,5.1596,5.1,5.1,18170
20121114,5.1371,5.1421,5.0725,5.0725,2620
20121115,5.0995,5.0995,5.0001,5.02,10930
20121116,5.0302,5.07,5.0203,5.07,3750
20121119,5.0998,5.0998,5.07,5.07,3670
20121120,5.0725,5.0725,5.0625,5.0675,1500
20121121,5.0799,5.0799,5.07,5.07,2750
20121123,5.19,5.19,5.1602,5.19,7140
20121126,5.3001,5.3512,5.3001,5.32,2570
20121127,5.26,5.3296,5.26,5.26,5940
20121128,5.2302,5.2898,5.2302,5.26,4720
20121129,5.2902,5.3498,5.2902,5.32,3060
20121130,5.3399,5.3399,5.3101,5.32,3820
20121203,5.3897,5.4096,5.3201,5.332,2990
20121205,5.4102,5.45,5.4102,5.45,6520
20121206,5.3601,5.3899,5.3402,5.37,9570
20121207,5.3999,5.3999,5.3801,5.39,1850
20121210,5.3699,5.3799,5.3302,5.36,16270
20121211,5.4525,5.5022,5.4425,5.4978,3010
20121212,5.5001,5.5796,5.4603,5.51,5350
20121213,5.5313,5.5331,5.5186,5.5186,1200
20121214,5.5598,5.5622,5.5003,5.53,6500
20121217,5.5702,5.6099,5.5702,5.6,4280
20121218,5.671,5.7016,5.6558,5.669,5730
20121219,5.7501,5.7899,5.7302,5.77,8880
20121220,5.8201,5.8605,5.7902,5.83,4870
20121221,5.71,5.744,5.685,5.74,2630
20121224,5.62,5.69,5.62,5.69,1750
20121226,5.67,5.69,5.66,5.69,3690
20121227,5.7,5.74,5.62,5.68,7130
20121228,5.59,5.64,5.55,5.55,5060
20121231,5.59,5.71,5.54,5.63,13260
20130102,5.8,5.85,5.77,5.8,6230
20130103,5.8,5.88,5.76,5.77,84400
20130104,5.83,5.89,5.83,5.86,4010
20130107,5.91,5.95,5.87,5.9,96190
20130108,5.89,5.93,5.81,5.83,5200
20130109,6.05,6.1,6.01,6.09,20170
20130110,6.25,6.28,6.23,6.27,5980
20130111,6.35,6.37,6.2898,6.3503,31040
20130114,6.34,6.34,6.24,6.27,16110
20130115,6.18,6.3,6.18,6.27,11480
20130116,6.24,6.26,6.2,6.23,10440
20130117,6.22,6.25,6.21,6.24,5360
20130118,6.27,6.27,6.24,6.27,2810
20130122,6.31,6.32,6.28,6.32,2800
20130123,6.25,6.29,6.22,6.27,5310
20130124,6.2,6.23,6.17,6.22,8290
20130125,6.2,6.27,6.2,6.23,820
20130128,6.21,6.21,6.17,6.208,15040
20130129,6.2099,6.2133,6.17,6.18,6820
20130130,6.188,6.201,6.178,6.182,3400
20130131,6.13,6.13,6.1,6.1059,2180
20130201,6.12,6.13,6.12,6.13,2670
20130204,6.09,6.09,6,6,14130
20130205,6.07,6.11,6.05,6.09,4570
20130206,6.12,6.21,6.12,6.21,18540
20130207,6.37,6.37,6.27,6.3,2850
20130208,6.289,6.299,6.289,6.291,9660
20130211,6.32,6.35,6.32,6.35,3630
20130213,6.49,6.5,6.44,6.48,13470
20130214,6.41,6.45,6.4,6.42,3000
20130215,6.46,6.46,6.3999,6.41,2420
20130219,6.4,6.42,6.37,6.38,4280
20130220,6.51,6.51,6.39,6.398,4150
20130221,6.36,6.36,6.28,6.29,2560
20130222,6.32,6.36,6.32,6.3469,850
20130225,6.51,6.517,6.24,6.2401,15180
20130226,6.25,6.28,6.19,6.2,11490
