Date,Open,High,Low,Close,Volume
20210628,14.444,14.444,12.529,12.782,945629
20210629,12.712,13.108,12.534,12.821,971391
20210630,12.663,12.816,12.376,12.772,433525
20210701,12.871,13.405,12.712,13.266,503444
20210702,13.425,13.504,13.019,13.118,208542
20210706,13.128,13.128,12.673,12.89,658782
20210707,12.96,13.3,12.465,12.574,223004
20210708,12.208,12.989,12.208,12.93,252556
20210709,12.811,13.019,12.742,12.92,485199
20210712,12.821,13.068,12.791,13.039,562016
20210713,13.049,13.157,12.801,12.91,880951
20210714,12.979,13.276,12.732,13.039,186902
20210715,12.91,13.162,12.861,12.96,138474
20210716,12.811,12.91,12.376,12.544,565132
20210719,12.366,12.485,12.025,12.366,329158
20210720,12.702,12.791,12.079,12.742,398303
20210721,12.712,12.712,12.475,12.623,290842
20210722,12.554,12.673,12.356,12.366,281555
20210723,12.425,12.683,12.153,12.514,260657
20210726,12.514,12.693,12.322,12.406,243369
20210727,12.326,12.386,11.98,12.02,485964
20210728,12.129,12.346,11.772,11.832,549853
20210729,11.921,12.04,11.817,11.911,855120
20210730,11.862,12.079,11.713,12.059,700447
20210802,12.059,12.495,11.847,12.257,403674
20210803,12.267,12.386,12.04,12.326,270898
20210804,12.247,12.465,11.792,12.297,312695
20210805,12.317,12.475,12.173,12.307,1283749
20210806,12.336,12.465,11.812,12.366,1027259
20210809,12.366,12.811,12.198,12.564,617891
20210810,12.485,13.048,12.178,12.95,559486
20210811,13.029,13.148,12.851,13.068,704475
20210812,13.157,14.048,12.594,13.702,1074972
20210813,13.84,13.85,13.405,13.82,305064
20210816,13.82,13.969,13.642,13.86,267851
20210817,13.791,13.86,13.276,13.355,404005
20210818,13.355,13.524,13.276,13.385,308518
20210819,13.296,13.721,13.108,13.108,393833
20210820,13.296,13.593,13.128,13.425,149076
20210823,13.524,13.801,13.405,13.622,240402
20210824,13.632,14.186,13.573,14.097,227980
20210825,14.147,14.335,13.85,14.236,148785
20210826,14.206,14.335,13.899,13.899,165305
20210827,13.959,14.087,13.692,13.731,149869
20210830,13.751,13.88,13.464,13.84,140006
20210831,13.781,13.949,13.672,13.86,308872
20210901,13.87,14.592,13.751,14.325,705299
20210902,14.394,14.534,14.116,14.414,341719
20210903,14.385,14.444,13.977,14.206,112305
20210907,14.414,14.459,14.037,14.245,143302
20210908,14.116,14.375,13.858,13.917,147460
20210909,13.947,14.305,13.907,13.927,172288
20210910,13.967,14.181,13.699,13.967,502411
20210913,13.927,14.166,13.689,13.957,131368
20210914,13.967,14.365,13.833,13.868,189687
20210915,13.967,14.027,13.818,13.848,1337132
20210916,13.878,13.927,13.758,13.828,322598
20210917,13.878,14.116,13.619,13.709,1568906
20210920,13.45,13.559,12.923,13.072,350964
20210921,13.172,13.281,12.973,13.003,382834
20210922,13.102,13.276,13.033,13.042,88161
20210923,13.172,13.321,13.052,13.162,110516
20210924,13.013,13.5,13.013,13.39,141669
20210927,13.53,13.848,13.371,13.709,129248
20210928,13.778,13.897,13.172,13.47,278771
20210929,13.44,13.619,13.162,13.231,244387
20210930,13.321,13.42,12.953,13.202,234159
20211001,13.291,13.569,12.993,13.301,164835
20211004,13.41,13.43,13.042,13.162,157657
20211005,13.172,13.54,13.112,13.53,147297
20211006,13.38,13.629,13.083,13.42,109821
20211007,13.659,13.992,13.5,13.868,68588
20211008,13.897,13.977,13.684,13.878,70138
20211011,13.788,14.096,13.42,13.828,162314
20211012,13.818,13.937,13.709,13.907,103402
20211013,13.977,14.047,13.709,13.808,197219
20211014,13.987,14.156,13.798,14.106,83743
20211015,14.265,14.365,13.887,13.947,182334
20211018,13.887,14.177,13.728,13.887,137551
20211019,13.887,14.086,13.788,13.997,81371
20211020,13.977,14.047,13.768,13.887,92282
20211021,13.878,14.066,13.649,13.659,93425
20211022,13.669,13.947,13.45,13.947,52418
20211025,13.947,14.066,13.709,13.987,247078
20211026,14.007,14.106,13.331,13.361,134212
20211027,13.52,13.52,13.033,13.231,184875
20211028,13.251,13.887,13.192,13.848,251665
20211029,13.838,14.216,13.778,13.952,360801
20211101,14.116,14.365,13.897,14.285,536254
20211102,14.245,14.345,13.778,13.937,303031
20211103,13.878,14.066,13.659,13.907,173509
20211104,13.5,14.285,13.251,13.42,350155
20211105,13.619,13.907,13.5,13.589,205464
20211108,14.101,14.101,13.46,13.818,328473
20211109,13.878,14.176,13.738,13.887,495007
20211110,13.868,14.027,13.748,14.017,361148
20211111,13.917,14.255,13.887,13.907,192115
20211112,13.957,14.047,13.848,13.868,263013
20211115,13.947,13.987,13.301,13.361,138899
20211116,13.41,13.549,12.958,13.013,178412
20211117,13.033,13.182,12.506,13.162,288214
20211118,13.192,13.311,13.033,13.102,247378
20211119,12.963,12.983,12.665,12.724,139972
20211122,12.734,12.739,12.347,12.416,517377
20211123,12.396,12.844,11.879,12.148,328204
20211124,12.108,12.456,11.939,12.317,184763
20211126,11.999,12.073,11.73,11.919,94596
20211129,12.108,12.108,11.74,11.869,171247
20211130,11.81,11.969,11.482,11.83,670401
20211201,12.029,12.236,10.876,11.79,401246
20211202,11.78,12.2,11.78,11.97,466763
20211203,12,12,11.6,11.8,234603
20211206,11.96,12.23,11.745,12.09,585479
20211207,12.26,12.79,12.04,12.6,524781
20211208,12.55,12.86,12.39,12.53,174853
20211209,12.57,12.975,12.485,12.73,258607
20211210,12.25,12.84,12.19,12.26,228878
20211213,12.27,12.47,12.17,12.45,178669
20211214,12.36,12.64,12.265,12.49,251760
20211215,12.5,12.67,12.2,12.58,113744
20211216,12.76,12.87,12.355,12.59,403335
20211217,12.47,12.86,12.19,12.41,428359
20211220,12.22,12.22,11.77,11.94,239028
20211221,11.9,12.3,11.84,12.06,223207
20211222,12.1,12.575,12,12.53,212459
20211223,12.61,12.9,12.49,12.79,135283
20211227,12.91,12.93,12.72,12.84,86891
20211228,12.8,13.06,12.71,12.85,180065
20211229,12.89,12.89,12.62,12.65,233214
20211230,12.53,13,12.46,12.82,98913
20211231,12.83,13,12.63,12.88,72591
20220103,12.98,13.02,12.735,12.75,119982
20220104,12.55,13.07,12.55,13,151423
20220105,13,13.14,12.72,12.76,85732
20220106,12.7,12.96,12.555,12.91,113361
20220107,12.85,12.955,12.72,12.78,114476
20220110,12.63,12.96,12.53,12.85,106073
20220111,12.845,13.03,12.74,12.99,120501
20220112,13.21,13.21,12.91,12.97,83283
20220113,13.02,13.22,12.74,12.82,111999
20220114,12.71,12.71,11.295,11.86,821005
20220118,11.71,11.71,11.21,11.4,280655
20220119,11.64,12.19,11.29,11.5,1275535
20220120,11.5,11.54,10.69,10.87,780771
20220121,10.77,10.79,10.21,10.3,1480092
20220124,10.12,10.53,9.99,10.46,515112
20220125,10.33,10.52,9.99,10.1,482199
20220126,10.15,10.34,9.78,9.95,463965
20220127,10.06,10.14,9.54,9.56,248081
20220128,9.64,10.29,9.495,10.29,382246
20220131,10.34,11,10.24,10.85,509185
20220201,10.83,11.06,10.7,11.02,254973
20220202,11.03,11.09,10.755,10.87,175270
20220203,10.69,11.06,10.59,10.94,238489
20220204,10.93,11.3,10.81,11.06,779479
20220207,10.97,11.21,10.81,10.91,237923
20220208,11.11,11.58,10.89,11.3,338324
20220209,11.4,11.56,11.25,11.36,207903
20220210,11.19,11.86,11.19,11.39,527634
20220211,11.5,11.73,11.04,11.12,177572
20220214,11.08,11.265,10.9139,11.04,193049
20220215,11.23,11.64,11.02,11.1,206913
20220216,11.12,11.12,10.67,11,413360
20220217,11.92,11.92,11.12,11.24,297261
20220218,11.14,11.36,10.935,11.08,225104
