Date,Open,High,Low,Close,Volume
20120426,38.31,38.31,38.31,38.31,132
20120427,38.35,38.35,38.35,38.35,922
20120430,38.34,38.34,38.34,38.34,9876
20120501,38.65,38.65,38.65,38.65,2297
20120502,38.5,38.5,38.43,38.43,5794
20120504,38.71,38.71,38.69,38.69,3951
20120507,38.65,38.71,38.61,38.71,1581
20120508,38.59,38.59,38.59,38.59,1317
20120509,38.52,38.52,38.48,38.48,5530
20120517,38.02,38.02,38.02,38.02,1975
20120518,37.7,37.7,37.7,37.7,263
20120521,37.58,37.58,37.58,37.58,1053
20120522,37.36,37.45,37.36,37.45,6847
20120523,37.54,37.54,37.45,37.45,100999
20120524,37.29,37.3,37.29,37.3,2898
20120529,37.36,37.36,37.36,37.36,658
20120530,37.25,37.25,37.25,37.25,527
20120531,37.33,37.33,37.18,37.18,1448
20120601,37.3,37.3,37.01,37.01,4578
20120604,37.02,37.05,37.02,37.05,1060
20120606,36.87,36.87,36.74,36.87,5628
20120607,37.04,37.04,37.04,37.04,275
20120608,37.51,37.51,37.51,37.51,131
20120614,37.35,37.35,37.35,37.35,2485
20120618,37.48,37.48,37.48,37.48,1700
20120619,37.58,37.58,37.58,37.58,143852
20120620,37.81,37.81,37.81,37.81,3711
20120621,38.04,38.14,37.92,37.92,2224
20120622,37.97,38.12,37.97,38.12,1831
20120626,38.02,38.02,38.02,38.02,5884
20120628,38.2,38.2,38.2,38.2,262
20120629,38.2,38.65,38.2,38.65,50549
20120702,38.65,38.65,38.65,38.65,988
20120703,38.57,38.86,38.57,38.86,8840
20120705,39.07,39.07,39.07,39.07,515
20120706,39.1,39.11,39.04,39.11,4541
20120709,38.97,39.06,38.97,39.06,1690
20120710,38.97,38.97,38.97,38.97,390
20120711,39.17,39.17,39.17,39.17,130
20120712,38.83,38.83,38.83,38.83,130
20120713,39.1,39.1,38.8,39.08,3445
20120717,39,39,39,39,130
20120718,38.38,39,38.38,39,3770
20120720,38.89,38.89,38.89,38.89,35748
20120723,38.81,38.81,38.81,38.81,6395
20120724,38.67,38.67,38.67,38.67,390
20120725,38.62,38.62,38.62,38.62,2470
20120726,38.99,39.07,38.6,39.07,34448
20120727,39.17,39.28,39.17,39.28,12596
20120730,39.35,39.35,38.98,39.17,18070
20120731,39.23,39.23,39.23,39.23,650
20120802,39.47,39.47,39.47,39.47,3488
20120803,39.47,39.58,39.47,39.58,1162
20120808,39.58,39.74,39.41,39.59,1550
20120809,39.4,39.4,39.27,39.4,27906
20120810,39.43,39.43,39.26,39.26,44833
20120813,39.29,39.29,39.29,39.29,129331
20120814,39.2,39.2,39.03,39.03,7235
20120815,39.19,39.19,39.02,39.02,1292
20120820,39.16,39.16,39.16,39.16,258
20120821,39.42,39.42,39.27,39.27,258
20120822,39.3,39.3,39.3,39.3,646
20120823,39.34,39.34,39.29,39.29,1422
20120824,39.33,39.33,39.33,39.33,1239
20120827,39.5,39.5,39.47,39.47,258
20120828,39.5,39.5,39.45,39.45,2143
20120829,39.31,39.31,39.31,39.31,848
20120830,39.09,39.54,39.09,39.3,1692
20120905,39.48,39.48,39.48,39.48,257
20120906,39.56,39.79,39.56,39.71,1909
20120907,39.97,39.97,39.97,39.97,6037
20120910,39.79,39.79,39.49,39.74,3582
20120911,39.73,39.73,39.68,39.68,1311
20120912,39.7,39.7,39.7,39.7,3853
20120914,40.12,40.12,40.08,40.08,1284
20120917,40.19,40.43,40.16,40.16,6163
20120918,40.16,40.56,40.16,40.22,9243
20120919,40.17,40.19,40.17,40.17,3210
20120920,40.26,40.26,40.12,40.21,4624
20120921,40.22,40.22,40.21,40.21,957
20120924,40,40.33,40,40.19,2053
20120925,40.07,40.07,39.78,39.81,14925
20120926,39.74,40.11,39.74,39.86,11774
20120927,39.86,39.86,39.55,39.8,3210
20120928,39.57,39.86,39.57,39.6,1283
20121001,39.89,39.93,39.89,39.93,510
20121002,40.08,40.08,39.93,40.07,384
20121004,39.94,40.06,39.94,40.06,510
20121005,40.11,40.23,40,40,5489
20121008,39.57,40.11,39.57,40.11,1154
20121009,40.26,40.29,40.04,40.04,3447
20121012,40.27,40.27,40.27,40.27,255
20121015,40.27,40.27,40.15,40.18,3830
20121016,40.25,40.42,40.22,40.22,3192
20121023,40.57,40.57,40.5,40.56,1068
20121024,40.48,40.52,40.46,40.52,547
20121025,40.03,40.47,40.03,40.39,3196
20121026,40.19,40.19,40.03,40.03,4086
20121031,40.62,40.68,40.58,40.58,384
20121105,40.79,40.79,40.63,40.63,508
20121106,40.63,40.63,40.55,40.55,1845
20121108,40.75,40.76,40.52,40.61,5342
20121109,40.76,40.76,40.65,40.65,425
20121113,40.35,40.35,40.35,40.35,340
20121114,40.7,40.7,40.43,40.48,926
20121115,40.16,40.16,40.13,40.13,1269
20121116,39.97,40.09,39.97,40.09,254
20121119,40.2,40.2,40,40.01,2919
20121120,40.45,40.45,40.14,40.16,3426
20121126,40.59,40.59,40.39,40.41,3299
20121127,40.71,40.71,40.43,40.44,1755
20121128,40.79,40.82,40.55,40.56,2268
20121205,40.58,41.23,40.58,41,5574
20121207,41.23,41.23,41.23,41.23,178
20121212,41.26,41.51,41.26,41.45,10757
20121217,41.35,41.44,41.33,41.42,1434
20121218,41.48,41.48,41.48,41.48,505
20121219,41.63,41.63,41.56,41.56,11029
20121220,41.47,41.62,41.47,41.62,936
20121221,41.77,41.77,41.59,41.59,2864
20121224,41.26,41.45,41.26,41.45,316
20121226,41.46,41.48,41.41,41.41,12854
20130103,41.6,41.83,41.6,41.61,2038
20130104,41.99,41.99,41.99,41.99,157
20130107,41.82,41.82,41.78,41.78,250
20130109,42.09,42.09,41.85,41.86,1194
20130110,42.13,42.13,41.82,41.86,2382
20130111,42.1,42.22,41.89,41.9,33965
20130114,42.12,42.12,42.01,42.01,2714
20130115,42.21,42.21,42.21,42.21,130
20130116,42.19,42.19,41.87,41.88,2256
20130117,41.89,41.98,41.86,41.86,37372
20130118,42.28,42.29,42.09,42.29,2169
20130122,42.29,42.29,42.05,42.06,1445
20130123,42.3,42.3,42.11,42.14,3710
20130124,42.38,42.39,42.15,42.35,1380
20130125,42.26,42.35,42.17,42.17,4268
20130129,42.44,42.44,42.18,42.18,1881
20130130,42.09,42.15,41.9,42.15,5940
20130131,41.97,41.97,41.82,41.82,1186
20130201,42.1,42.1,42.1,42.1,226
20130204,42.1,42.18,41.83,41.84,2071
20130205,41.89,41.91,41.89,41.91,623
20130206,41.98,41.98,41.7,41.71,872
20130207,41.92,41.92,41.62,41.63,1370
20130208,41.46,41.46,41.46,41.46,623
20130211,41.46,41.86,41.44,41.6,8554
20130212,41.74,41.74,41.56,41.58,811
20130213,41.75,41.75,41.41,41.67,12326
20130214,41.83,41.83,41.57,41.69,5860
20130215,41.88,41.88,41.6,41.78,4613
20130219,41.71,41.75,41.57,41.67,3514
20130220,41.72,41.8,41.72,41.8,874
20130222,41.81,41.81,41.81,41.81,200
20130225,41.97,41.97,41.81,41.94,1401
20130227,41.91,41.91,41.91,41.91,623
20130228,41.9,41.9,41.82,41.82,904
20130301,42.18,42.18,42.18,42.18,248
20130304,42.14,42.14,42.14,42.14,182
20130305,42.16,42.17,42.16,42.17,267
20130306,41.92,41.92,41.88,41.89,612
20130307,42.03,42.03,41.95,41.95,7521
20130308,42.07,42.07,41.97,41.99,41400
20130311,42.44,42.44,42.19,42.19,756
20130312,42.27,42.27,42.27,42.27,191
20130314,42.07,42.15,42,42.01,7003
20130315,42.25,42.25,42.25,42.25,355
20130318,42.31,42.56,42.22,42.5,4665
20130319,42.16,42.34,42.14,42.34,2516
20130320,42.18,42.36,42.17,42.36,1245
20130322,42.35,42.35,42.35,42.35,1414
20130325,42.34,42.55,42.34,42.55,2249
20130326,42.35,42.35,42.35,42.35,124
20130327,43.1,43.1,42.35,42.35,464
20130328,42.44,42.44,42.42,42.43,1066
20130401,42.83,42.83,42.57,42.57,1232
20130403,42.57,42.57,42.57,42.57,123
20130408,42.44,42.65,42.36,42.59,3182
20130409,42.63,42.63,42.63,42.63,246
20130410,42.36,42.36,42.36,42.36,142
20130412,42.68,42.68,42.68,42.68,431
20130415,42.92,42.92,42.55,42.75,1899
20130416,42.52,42.6,42.4,42.6,17468
20130417,42.6,42.72,42.6,42.72,1327
20130418,42.4,42.4,42.4,42.4,123
20130419,42.44,42.6,42.44,42.6,394
20130422,42.81,42.81,42.48,42.79,10194
20130423,42.56,42.78,42.54,42.68,2502
20130425,42.7,42.71,42.7,42.7,2314
20130426,42.87,43.13,42.83,42.83,4540
20130429,43.01,43.13,43.01,43.13,377
20130430,42.8,43.01,42.8,42.81,3941
20130502,43.3,43.31,43.08,43.11,73497
20130503,43.48,43.48,43.16,43.16,9563
20130506,43.67,43.67,43.53,43.54,2980
20130507,43.67,43.69,43.6,43.64,4030
20130509,43.59,43.6,43.59,43.6,1762
20130510,43.76,43.76,43.76,43.76,184
20130513,43.58,43.58,43.32,43.32,6621
20130514,43.31,43.31,43.3,43.31,2922
20130516,43.23,43.35,43.22,43.35,669
20130517,43.48,43.48,43.35,43.35,638
20130520,43.2,43.51,43.17,43.2,2970
20130521,43.21,43.28,43.21,43.28,737
20130522,43.61,43.61,43.21,43.35,13543
20130523,43.32,43.39,43.25,43.27,12826
20130524,43.15,43.3,43.08,43.08,5897
20130528,43.27,43.27,43.12,43.14,8766
20130530,42.99,43.08,42.99,43.08,8906
20130531,42.96,42.98,42.77,42.81,2065
20130603,42.88,42.88,42.67,42.67,3404
20130604,42.73,42.73,42.12,42.52,20039
20130605,42.17,42.58,42.17,42.21,5719
20130606,42.02,42.04,42.02,42.04,996
20130607,41.8,42,41.8,41.98,2649
20130610,42.08,42.1,42.08,42.1,696
20130611,41.98,41.98,41.93,41.93,4167
20130612,41.57,41.81,41.56,41.64,9874
20130613,41.55,42.05,41.55,41.73,6936
20130614,42.58,42.58,41.76,41.78,2926
20130617,41.98,41.98,41.8,41.8,366
20130618,42.26,42.26,41.72,41.76,7656
20130619,41.76,42.26,41.76,41.84,732
20130620,41.57,41.65,41.28,41.28,1220
20130621,41.63,41.65,41.22,41.3,10811
20130624,40.9,41.23,40.42,41.23,7942
20130625,40.67,41.02,40.63,40.63,366
20130626,40.84,40.89,40.84,40.89,244
20130627,41.1,41.1,41.1,41.1,122
20130628,41.56,41.56,41.54,41.54,244
20130701,41.7,41.7,41.7,41.7,121
20130702,41.43,41.43,41.42,41.42,545
20130703,41.32,41.32,41.22,41.22,1580
20130705,41.26,41.26,41.2,41.2,303
20130708,41.72,41.73,41.65,41.65,3534
20130709,41.69,41.69,41.65,41.66,717
20130710,41.94,41.95,40.95,41.9,4701
20130711,41.64,41.66,41.64,41.66,292
20130712,41.7,41.74,41.3,41.46,4509
20130715,42.28,42.28,42.28,42.28,187
20130716,42.33,42.33,41.94,42.22,2665
20130718,42.45,42.45,42.45,42.45,121
20130719,43.02,43.02,42.95,42.95,1453
20130722,43.49,43.49,43.16,43.16,1274
20130723,42.66,42.78,42.66,42.78,484
20130724,42.82,42.95,42.82,42.95,363
20130725,42.77,42.85,42.77,42.85,363
20130726,43.07,43.07,42.67,42.67,484
20130730,42.5,42.5,42.5,42.5,121
20130801,42.43,42.44,42.11,42.13,16206
20130805,42.46,42.86,42.4,42.86,2627
20130807,42.45,42.74,42.06,42.06,2026
20130808,41.55,42.51,41.55,42.51,1686
20130809,42.6,42.6,42.6,42.6,120
20130814,42.33,42.5,42.3,42.39,1251
20130815,42.07,42.39,41.89,42.39,1299
20130816,42.37,42.37,41.86,41.86,695
20130819,41.83,41.83,41.69,41.69,791
20130820,41.86,41.86,41.86,41.86,120
20130822,41.86,41.86,41.86,41.86,418
20130826,41.86,41.96,41.86,41.96,240
20130828,42.27,42.27,42.27,42.27,206
20130903,42.42,42.44,42.42,42.44,360
20130904,42.45,42.45,42.39,42.39,240
20130905,42.15,42.15,42.15,42.15,719
20130906,41.72,41.72,41.72,41.72,120
20130910,41.93,41.93,41.62,41.62,2944
20130911,42.15,42.15,42.15,42.15,321
20130912,41.81,42.15,41.81,42.12,1455
20130913,41.78,41.78,41.78,41.78,120
20130916,42.02,42.15,42.02,42.12,3063
20130917,42.15,42.88,42.15,42.88,1797
20130918,42.85,42.86,42.77,42.86,3389
20130920,43.22,43.22,43.22,43.22,612
20130923,43.22,43.22,43.22,43.22,1994
20130925,43.22,43.22,43.22,43.22,360
20130926,43.25,43.25,43.25,43.25,359
20130927,43.25,43.25,43.25,43.25,660
20130930,42.5,42.86,42.5,42.86,540
20131001,42.45,42.46,41.8,42.15,1033
20131002,42.53,42.56,42.53,42.56,357
20131008,42.85,42.85,42.85,42.85,214
20131009,42.81,43.19,42.81,43.19,905
20131010,43.13,43.22,43.13,43.22,595
20131011,43.22,43.22,43.22,43.22,119
20131014,43.29,43.31,42.6,43.29,2345
20131015,43.28,43.28,43.28,43.28,281
20131016,43.26,43.4,43.26,43.34,1468
20131017,43.74,43.74,43.41,43.51,2737
20131018,43.19,43.22,43.18,43.22,1522
20131022,43.47,43.47,43.27,43.27,357
20131023,43.75,43.75,43.2,43.2,1310
20131024,43.88,43.88,43.15,43.82,5396
20131025,43.39,43.83,43.39,43.83,3727
20131028,44.34,44.34,44.01,44.09,1490
20131029,43.98,43.99,43.98,43.99,238
20131030,44.26,44.39,43.49,43.68,5543
20131031,44.3,44.3,44.02,44.02,1362
20131101,44.26,44.26,43.74,43.74,828
20131104,44.13,44.13,44.13,44.13,450
20131105,44.23,44.23,43.97,43.97,2426
20131106,44.28,44.28,44.23,44.28,828
20131108,43.81,43.81,43.79,43.79,592
20131111,44.2,44.2,44.18,44.2,421
20131112,43.94,43.94,43.94,43.94,828
20131113,43.79,44.2,43.77,44.2,1742
20131114,43.97,43.97,43.53,43.92,3660
20131115,43.61,43.99,43.57,43.99,1740
20131119,44.14,44.14,44.08,44.08,1949
20131120,44.34,44.35,44.11,44.11,8108
20131121,44.16,44.16,44.16,44.16,296
20131122,44.2,44.2,43.89,43.89,905
20131125,43.03,44.26,43.03,44.18,989
20131126,44.28,44.3,44.27,44.3,1041
20131127,44.44,44.44,44.34,44.35,2526
20131202,44.34,44.37,44.2,44.37,1580
20131203,44.52,44.52,44.01,44.37,1875
20131204,44.39,44.39,44.32,44.32,259
20131205,44.37,44.37,44.34,44.34,467
20131209,44.4,44.4,44.4,44.4,313
20131210,43.93,44.62,43.93,44.62,820
20131212,44.46,44.46,44.46,44.46,118
20131213,43.97,44.01,43.64,43.99,8017
20131216,44.39,44.39,44.39,44.39,588
20131217,44.37,44.37,44.37,44.37,224
20131218,44.37,44.37,44.17,44.36,1400
20131219,44.28,44.28,44.28,44.28,235
20131220,44.56,44.57,44.55,44.56,824
20131223,44.88,45.15,44.64,44.65,1015
20131224,44.57,44.57,44.57,44.57,122
20131226,44.74,44.74,44.74,44.74,234
20131227,44.6,44.6,44.59,44.59,737
20131230,44.79,44.79,44.72,44.72,2235
20131231,44.36,44.7,44.36,44.7,1229
20140102,44.87,44.87,44.87,44.87,144
20140103,44.69,44.89,44.69,44.89,1830
20140106,44.73,44.73,44.73,44.73,130
20140107,44.03,45,43.75,45,2032
20140108,44.99,44.99,44.74,44.88,3356
20140109,45.06,45.07,44.78,44.82,2715
20140110,45.21,45.23,44.93,44.93,1915
20140113,44.95,44.98,44.87,44.87,2918
20140114,44.94,44.94,44.93,44.93,352
20140115,45.11,45.11,44.76,44.9,1687
20140117,45.17,45.17,45.17,45.17,819
20140121,45.32,45.32,44.96,44.96,3646
20140122,44.95,45.3,44.95,45.14,1380
20140123,45.4,45.4,45.12,45.12,2319
20140124,45.01,45.03,45.01,45.02,3042
20140127,45.1,45.1,45.07,45.07,234
20140128,45.06,45.11,45.04,45.04,959
20140129,45.15,45.15,44.61,44.62,5745
20140130,44.78,44.78,44.68,44.73,1924
20140131,44.72,44.79,44.72,44.77,3571
20140203,45.29,45.29,44.7,44.73,5486
20140204,44.68,44.68,44.37,44.5,4045
20140206,44.43,44.87,44.43,44.7,1643
20140207,45.01,45.01,44.83,44.86,2327
20140210,44.73,45.11,44.73,45.11,5070
20140211,45.05,45.05,44.89,44.89,832
20140212,44.74,45.04,44.74,45.04,2455
20140214,45.17,45.18,45.07,45.07,950
20140218,45.2,45.2,44.94,44.99,2769
20140219,45.37,45.37,44.96,45.19,4309
20140220,45.37,45.37,44.95,45.29,4550
20140221,45.06,45.44,45.04,45.31,9428
20140224,45.9,45.9,45.36,45.36,7788
20140225,45.6,45.6,45.44,45.44,820
20140228,45.72,45.72,45.56,45.56,465
20140303,46.12,46.13,45.66,45.66,869
20140304,45.81,45.81,45.81,45.81,219
20140306,46.04,46.23,45.48,45.8,4467
20140307,45.74,45.75,45.55,45.57,2226
20140310,45.59,45.59,45.57,45.57,3261
20140312,45.72,45.88,45.59,45.61,2140
20140313,45.49,45.49,45.49,45.49,694
20140314,45.55,45.55,45.35,45.35,1817
20140318,45.18,45.66,45.18,45.63,785
20140319,45.21,45.64,45.21,45.63,556
20140320,45.53,45.59,45.53,45.54,2779
20140321,45.75,45.78,45.67,45.67,2399
20140324,45.8,45.8,45.58,45.65,3819
20140325,45.71,45.98,45.71,45.98,214862
20140326,45.49,46.15,45.49,46.15,3095
20140327,46.14,46.22,46.11,46.12,1529
20140328,45.94,45.94,45.92,45.92,406
20140331,45.9,46.37,45.88,46.36,8817
20140401,46.3,46.36,46.3,46.36,1401
20140402,46.33,46.41,45.9,46.04,14230
20140403,46.07,46.45,46.07,46.33,1351
20140404,46.64,46.64,46.29,46.29,575
20140407,46.52,46.57,46.13,46.26,1500
20140408,46.61,46.64,46.4,46.6,2760
20140410,46.9,46.9,46.9,46.9,1151
20140411,46.73,46.73,46.45,46.45,888
20140414,46.37,46.38,46.24,46.38,1525
20140415,46.45,46.59,46.45,46.52,944
20140416,46.2,46.57,46.2,46.57,2618
20140417,46.7,46.72,46.29,46.6,8302
20140421,46.72,46.72,46.28,46.51,3083
20140422,46.55,46.7,46.55,46.59,4257
20140423,46.76,46.76,46.24,46.71,2775
20140424,46.47,46.7,46.32,46.32,10692
20140425,46.1,46.58,46.1,46.29,5294
20140428,46.4,46.73,46.24,46.48,10345
20140429,46.09,46.47,46.03,46.47,1028
20140430,46.44,46.44,46.38,46.38,1200
20140501,46.62,46.62,46.51,46.51,641
20140502,46.08,46.56,46.08,46.56,1252
20140505,46.06,46.49,46.05,46.37,2384
20140506,46.62,46.62,46.62,46.62,229
20140507,46.59,46.59,46.15,46.55,2528
20140508,46.58,46.58,46.38,46.39,985
20140509,46.61,46.69,46.21,46.38,1119
20140512,46.64,46.64,46.64,46.64,243
20140513,46.31,46.65,46.16,46.4,5715
20140514,46.29,46.73,46.26,46.73,2614
20140515,46.81,46.83,46.81,46.83,574
20140516,46.76,46.8,46.35,46.35,5652
20140519,46.69,46.69,46.56,46.58,761
20140520,46.79,46.79,46.55,46.55,837
20140521,46.34,46.68,46.24,46.46,2489
20140522,46.53,46.53,46.53,46.53,115
20140523,46.89,46.91,46.89,46.9,1748
20140527,46.63,46.63,46.49,46.52,1096
20140528,46.88,46.88,46.67,46.71,3266
20140529,46.63,46.63,46.59,46.6,1034
20140530,46.67,46.78,46.6,46.78,3068
20140602,47.05,47.05,47.05,47.05,1027
20140603,47.26,47.26,46.79,46.93,8868
20140604,46.94,46.94,46.89,46.89,1986
20140609,47.4,47.4,46.78,46.78,1141
20140610,47.21,47.21,47.16,47.16,1562
20140611,47.06,47.06,46.95,46.97,529
20140612,47.25,47.25,46.77,46.84,7619
20140613,46.99,47.11,46.76,47.06,3204
20140617,46.68,47.04,46.68,46.79,508
20140618,46.96,46.96,46.88,46.88,1361
20140619,47.15,47.15,47.1,47.1,455
20140620,46.95,47.02,46.93,47.02,14254
20140623,47.04,47.15,47.04,47.15,752
20140624,47.25,47.25,47.04,47.04,971
20140626,47.33,47.33,47.06,47.13,1083
20140627,47.33,47.33,47.11,47.27,947
20140630,46.9,47.3,46.9,47.24,1656
20140701,47.05,47.45,47.05,47.4,4083
20140702,46.73,47.21,46.73,47.18,1156
20140703,47.28,47.29,47.28,47.29,353
20140707,47.38,47.38,47.1,47.14,1817
20140708,47.52,47.61,47.09,47.46,6269
20140709,47.18,47.66,47.18,47.63,2812
20140710,47.55,47.55,47.3,47.31,1892
20140711,47.19,47.54,47.19,47.54,3324
20140714,46.86,47.52,46.86,47.52,4638
20140715,47.63,47.7,47.17,47.48,18372
20140716,47.37,47.56,47.37,47.56,13379
20140717,47.5,47.5,47.31,47.45,1704
20140718,47.33,47.36,47.28,47.34,5689
20140721,47.1,47.1,47.1,47.1,2045
20140722,46.73,47.11,46.73,47.11,14039
20140723,47.18,47.4,47.1,47.4,6795
20140724,47.18,47.46,47.18,47.46,1556
20140725,47.06,47.16,46.71,47.16,5430
20140728,46.85,47.38,46.74,47.38,4120
20140729,46.67,47.19,46.67,47.19,1600
20140730,47.08,47.22,46.8,47.22,3846
20140731,47.05,47.05,46.3,46.31,9560
20140801,45.83,46.37,45.83,46.19,8089
20140804,45.85,45.99,45.69,45.69,10060
20140805,45.83,45.83,45.79,45.83,1463
20140806,45.56,45.99,45.56,45.95,3950
20140807,46.07,46.41,46.07,46.41,821
20140811,46.1,46.39,45.95,46.39,5221
20140812,46.64,46.64,46.64,46.64,227
20140813,46.53,46.64,46.3,46.64,735
20140814,46.46,46.79,46.46,46.6,2186
20140815,46.88,46.88,46.88,46.88,1074
20140818,46.62,46.96,46.57,46.96,757
20140819,46.91,46.91,46.87,46.87,620
20140820,46.66,46.66,46.56,46.56,2552
20140822,46.69,46.69,46.37,46.6,4216
20140825,46.44,46.93,46.42,46.64,1583
20140827,46.66,46.99,46.66,46.99,1797
20140828,46.67,46.67,46.64,46.64,452
20140829,46.96,46.98,46.86,46.93,4400
20140902,46.93,46.93,46.84,46.84,669
20140903,47.06,47.06,46.85,46.85,1035
20140904,46.56,46.56,46.5,46.5,1125
20140905,46.62,46.98,46.62,46.74,1689
20140908,46.15,46.15,46.15,46.15,484
20140909,46.81,46.81,46.31,46.31,2535
20140911,46.43,46.49,45.99,46.25,1736
20140912,46.25,46.31,46.13,46.26,602
20140915,46.22,46.22,46.22,46.22,1238
20140916,46.22,46.35,46.22,46.35,2363
20140917,46.58,46.58,46.22,46.22,2363
20140918,46.34,46.34,46.34,46.34,122
20140919,46.32,46.54,46.32,46.54,772
20140922,46.31,46.78,46.31,46.73,3385
20140923,48.88,48.88,46.22,46.22,1588
20140924,46.33,46.49,46.22,46.22,789
20140925,46.22,46.22,45.96,46.03,3348
20140926,46.04,46.04,45.6,45.6,1097
20140929,46.28,46.28,45.72,45.73,664
20140930,45.92,45.92,45.33,45.75,8862
20141001,46.22,46.22,46.22,46.22,896
20141002,46.53,48.25,45.97,45.97,3390
20141003,46.24,46.24,46.24,46.24,112
20141006,46.35,46.35,46.35,46.35,218
20141007,46.12,46.25,46.12,46.21,3680
20141008,46.09,46.09,46.09,46.09,560
20141009,45.71,45.92,45.71,45.77,4264
20141010,45.66,45.67,45.65,45.65,672
20141013,45.25,45.56,45.25,45.3,616
20141014,45.2,45.5,45.2,45.5,13471
20141015,45.54,45.54,45.17,45.27,3608
20141016,44.83,44.88,44.83,44.84,1087
20141017,45.41,45.41,45.17,45.17,2972
20141020,45.6,46.1,45.56,46.1,4329
20141021,46.18,46.23,46.14,46.23,51117
20141022,46.51,46.51,46.26,46.26,913
20141023,46.23,46.23,46.23,46.23,112
20141024,46.55,46.7,46.55,46.7,347
20141027,46.69,46.69,46.22,46.48,2877
20141028,46.38,46.45,46.38,46.45,1586
20141029,46.62,46.84,46.41,46.84,16236
20141030,49.47,50.92,48.65,48.65,1605
20141031,46.55,46.79,46.32,46.79,3655
20141103,46.81,46.81,46.56,46.56,222
20141104,47.96,48.67,46.9,46.9,2602
20141105,46.46,46.78,46.32,46.62,2479
20141106,46.61,46.87,46.47,46.85,11576
20141107,46.82,47,46.52,46.52,21500
20141110,45.93,46.76,45.93,46.76,4480
20141111,46.34,46.67,46.28,46.67,2658
20141112,46.72,46.73,46.72,46.73,2309
20141113,46.7,46.7,46.7,46.7,111
20141114,46.43,46.73,46.43,46.73,2004
20141117,46.59,47,46.54,46.83,3341
20141118,46.62,46.76,46.32,46.76,3787
20141119,46.52,46.53,46.51,46.51,2821
20141120,45.1,46.52,45.1,46.52,895
20141121,48.51,48.51,46.15,46.75,28728
20141124,46.48,46.92,46.48,46.89,3341
20141125,46.64,46.92,46.64,46.73,671
20141126,46.8,47,46.8,47,1816
20141128,46.4,47.02,46.4,46.96,3547
20141201,45.13,46.28,42.43,46.19,3005
20141202,45.83,45.83,45.05,45.2,25569
20141203,45.09,45.1,44.87,45.03,11760
20141204,45.09,45.11,44.84,44.89,14192
20141205,45.46,45.46,44.8,44.87,5351
20141208,45.95,46.07,44.67,44.89,11617
20141209,44.71,44.76,44.53,44.53,5006
20141210,44.41,44.41,44.11,44.11,2556
20141211,44.07,44.12,43.78,43.78,4076
20141212,43.72,43.79,43.68,43.79,2582
20141215,44.39,44.39,43.09,43.14,4888
20141217,43.05,43.05,42.94,42.94,4941
20141218,42.47,43.39,42.47,43.33,5927
20141219,43.81,44.26,43.77,43.77,4736
20141222,43.29,44.37,43.1,44.37,8303
20141223,43.98,44.41,43.98,44.04,2479
20141224,44.23,44.41,44.23,44.41,2216
20141226,44.62,44.62,44.56,44.61,3634
20141230,44.23,44.45,44.23,44.45,2992
20141231,44.22,44.59,44.21,44.59,2917
20150105,44.48,44.48,44.35,44.35,4098
20150106,44.23,44.32,44.18,44.32,1996
20150107,43.83,44.03,43.83,44.03,2216
20150108,43.9,44.09,43.9,44.09,2371
20150109,44.54,44.54,44.49,44.49,554
20150113,44.29,44.46,44.22,44.22,5323
20150115,43.5,43.54,43.5,43.51,1312
20150116,43.45,44.24,43.45,43.55,3250
20150120,43.41,44.28,43.41,43.85,5685
20150121,43.96,44.2,43.46,44.2,4468
20150122,43.46,43.94,43.46,43.94,3314
20150123,43.75,43.75,43.67,43.67,223
20150126,44.24,44.24,43.53,43.71,1921
20150127,44.1,44.32,44.1,44.32,1552
20150128,43.58,44.32,43.58,44.21,1773
20150129,43.94,44.21,43.94,44.21,1720
20150130,43.83,43.83,43.83,43.83,111
20150202,43.99,44.61,43.84,44.61,852
20150203,44.01,44.17,44.01,44.17,1654
20150204,44.42,44.42,44.42,44.42,208
20150205,44.27,44.64,44.27,44.43,6752
20150206,44.64,44.64,44.64,44.64,355
20150209,44.23,44.23,44.22,44.22,453
20150210,44.18,44.44,44.18,44.42,1669
20150211,44.66,44.66,44.66,44.66,7728
20150212,44.67,44.67,44.58,44.58,360
20150217,44.47,44.67,44.47,44.6,4739
20150218,44.47,44.9,44.47,44.9,2915
20150219,44.63,44.68,44.63,44.65,1433
20150223,44.83,44.89,44.83,44.88,442
20150224,44.94,45.26,44.94,45.26,5362
20150225,45.5,45.52,45.21,45.21,3746
20150226,45.57,45.59,45.57,45.59,527
20150303,45.02,45.36,45.02,45.27,1196
20150304,44.96,45.42,44.96,45.08,923
20150305,44.94,45.75,44.94,45.75,10196
20150306,45.56,45.56,45.41,45.41,1804
20150310,45.53,45.55,45.12,45.55,352
20150312,45.29,45.29,45.29,45.29,1088
20150313,45.4,45.4,45.4,45.4,877
20150316,45.46,45.46,45.41,45.41,329
20150317,45.2,45.2,45.17,45.17,329
20150318,45.37,45.38,45.37,45.38,1849
20150319,45.07,45.13,45.06,45.06,4706
20150320,45.14,45.14,45.14,45.14,293
20150323,45.33,45.33,45.27,45.27,790
20150324,45.35,45.4,45.35,45.4,236
20150325,45.39,45.39,45.26,45.31,182075
20150326,45.34,45.34,45.16,45.16,1823
20150327,45.21,45.29,45.19,45.19,2487
20150331,45.36,45.36,45.36,45.36,441
20150401,45.34,45.34,45.32,45.32,2017
20150402,45.25,45.41,45.06,45.41,8056
20150406,45.41,45.41,45.17,45.17,1308
20150407,45.18,45.59,45.18,45.45,2835
20150408,45.72,45.72,45.65,45.68,1856
20150409,45.35,45.35,45.35,45.35,1090
20150410,45.36,45.81,45.35,45.81,1503
20150413,45.5,45.58,45.5,45.57,1284
20150415,45.91,45.92,45.74,45.92,4247
20150416,45.94,46.18,45.94,46.18,4862
20150417,44.96,46.02,44.96,46.02,4993
20150420,45.9,45.9,45.9,45.9,475
20150421,46.82,46.82,45.87,46.02,676
20150422,46.03,46.03,46.03,46.03,218
20150423,46,46,46,46,240
20150424,46.13,46.22,46.11,46.22,3284
20150427,46.22,46.22,46.2,46.2,485
20150428,46.19,46.19,46.18,46.18,2232
20150429,45.67,45.95,45.67,45.95,60545
20150430,45.6,45.63,45.6,45.63,1090
20150501,46.44,46.44,46.03,46.06,3551
20150504,45.93,45.93,45.93,45.93,422
20150505,46.12,46.18,46.12,46.18,1366
20150506,45.98,45.98,45.98,45.98,108
20150507,46.2,46.2,46.2,46.2,163
20150508,45.77,45.77,45.77,45.77,128
20150511,45.77,45.77,45.77,45.77,133
20150512,45.62,45.62,45.62,45.62,453
20150513,46.09,46.22,46.09,46.22,21121
20150514,46.01,46.01,45.91,45.91,294
20150515,46.66,46.66,45.89,45.89,466
20150518,46.1,46.1,46.1,46.1,119
20150519,46.15,46.15,46.15,46.15,716
20150520,46.02,46.02,46.02,46.02,217
20150522,46.2,46.2,46.1,46.17,1172
20150526,46.17,46.41,46.17,46.35,972
20150527,46.33,46.42,46.26,46.42,1408
20150528,46.44,46.44,46.44,46.44,108
20150529,46.44,46.5,46.3,46.47,2004
20150603,46.33,46.33,46.33,46.33,216
20150609,45.5,45.55,45.5,45.55,1509
20150610,45.56,45.58,45.56,45.57,432
20150611,46.48,47.57,45.95,45.95,1347
20150612,46.01,46.03,46,46,755
20150615,45.86,45.86,45.8,45.8,345
20150616,45.82,45.92,45.82,45.92,410
20150617,45.78,45.78,45.66,45.66,611
20150618,45.66,45.7,45.66,45.7,1270
20150622,45.71,45.72,45.66,45.67,3707
20150623,45.95,45.95,45.95,45.95,323
20150624,45.71,45.71,45.71,45.71,124
20150625,45.7,45.91,45.69,45.69,3088
20150626,45.42,45.42,45.42,45.42,512
20150629,45.36,45.36,45.34,45.34,2215
20150701,45.3,45.3,45.3,45.3,107
20150702,45.7,45.75,45.7,45.75,846
20150706,45.26,45.66,45.25,45.66,3590
20150707,45.52,45.52,45.52,45.52,536
20150708,45.5,45.5,45.5,45.5,632
20150709,45.47,45.47,45.47,45.47,107
20150710,45.63,45.63,45.63,45.63,230
20150713,45.75,45.75,45.75,45.75,153
20150714,45.65,45.65,45.65,45.65,120
20150715,45.52,45.52,45.26,45.42,4659
20150716,45.47,45.53,45.29,45.53,6233
20150717,45.41,45.41,45.15,45.15,1841
20150720,45,45.04,44.8,44.8,19981
20150721,44.91,44.91,44.81,44.82,2695
20150722,44.67,44.71,44.56,44.56,3411
20150723,44.54,44.54,44.32,44.32,2123
20150727,43.88,44.36,43.88,44.04,8473
20150728,44.08,44.39,44.08,44.39,989
20150729,44.77,44.77,44.51,44.52,1547
20150730,44.61,44.66,44.61,44.62,1821
20150803,44.57,44.57,44.51,44.51,813
20150805,44.47,44.47,44.47,44.47,234
20150806,44.33,44.33,44.33,44.33,414
20150807,44.31,44.41,44.31,44.41,3007
20150810,44.41,44.44,44.41,44.44,6073
20150811,44.66,44.66,44.35,44.48,524
20150812,43.62,44.23,43.62,44.23,2023
20150813,44.03,44.15,44.03,44.04,7052
20150814,44.06,44.22,44.06,44.22,1078
20150817,43.99,44.29,43.99,44.03,1797
20150818,43.99,44.18,43.99,44.18,851
20150819,43.89,44.09,43.89,44.09,852
20150820,43.94,43.94,43.94,43.94,128
20150821,43.62,43.62,43.6,43.6,327
20150824,43.56,45.19,43.15,43.18,93494
20150825,43.58,43.58,43.58,43.58,106
20150826,43.54,43.54,43.47,43.51,1946
20150827,43.88,43.88,43.75,43.86,1325
20150828,43.88,43.9,43.85,43.9,16811
20150831,43.89,43.98,43.89,43.98,755
20150901,43.86,43.98,43.8,43.96,5823
20150902,43.97,43.97,43.97,43.97,106
20150903,44.08,44.08,43.85,43.85,2368
20150904,43.81,43.81,43.8,43.8,265
20150908,43.81,44.12,43.81,44.04,2304
20150909,44.25,44.25,44.17,44.2,2996
20150910,44.06,44.26,44.05,44.12,9062
20150911,44.02,44.02,44.02,44.02,423
20150914,44.21,44.21,44.06,44.06,536
20150916,43.86,44.05,43.86,43.86,963
20150917,43.86,43.86,43.86,43.86,251
20150922,43.52,43.52,43.52,43.52,529
20150923,43.51,43.51,43.48,43.48,318
20150924,43.37,43.37,43.03,43.03,773
20150925,42.98,42.98,42.98,42.98,212
20150928,42.55,42.64,42.55,42.64,212
20150929,42.48,42.49,42.42,42.43,963
20151002,41.98,41.98,41.98,41.98,108
20151005,42.36,42.5,42.36,42.49,1940
20151006,42.78,42.78,42.78,42.78,105
20151008,43.24,43.24,43.22,43.22,559
20151014,43.41,43.41,43.28,43.28,313
20151016,43.46,44.03,43.36,44.03,1636
20151019,43.56,43.67,43.28,43.48,630
20151020,43.57,43.57,43.56,43.56,643
20151022,43.41,43.42,43.37,43.42,1422
20151026,43.54,43.54,43.54,43.54,105
20151028,43.28,43.56,43.28,43.56,1987
20151029,43.52,43.52,43.34,43.38,824
20151030,43.39,43.67,43.39,43.66,7223
20151102,43.64,43.64,43.45,43.45,418
20151103,43.69,43.78,43.69,43.78,1485
20151104,43.64,43.74,43.64,43.74,532
20151105,43.67,43.67,43.55,43.55,2821
20151106,43.16,43.16,43.16,43.16,502
20151109,43.3,43.3,43.16,43.16,2612
20151110,42.89,42.89,42.89,42.89,104
20151111,42.75,42.75,42.75,42.75,1097
20151112,42.67,42.67,42.67,42.67,104
20151113,42.53,42.53,42.53,42.53,104
20151116,42.43,42.43,42.43,42.43,185
20151117,42.65,42.65,42.59,42.64,640
20151118,42.4,42.52,42.4,42.52,585
20151119,42.4,42.41,41.6,42.26,11088
20151120,41.86,41.95,41.85,41.86,679
20151123,42.25,42.25,42,42,208
20151124,41.94,41.97,41.94,41.97,4507
20151125,42.14,42.16,41.87,42.16,1421
20151127,41.97,42.11,41.97,42.11,209
20151130,42.07,42.07,42.07,42.07,173
20151201,42.9,42.9,42.13,42.13,364
20151202,42.18,42.21,42.13,42.13,3080
20151204,42.13,42.13,42.13,42.13,208
20151207,41.76,41.76,41.76,41.76,519
20151208,41.61,41.61,41.23,41.23,3739
20151211,40.66,40.67,40.55,40.59,4571
20151214,40.95,40.95,40.61,40.61,1718
20151215,40.32,40.45,40.06,40.29,17955
20151216,40.57,40.89,40.57,40.89,572
20151217,40.78,40.79,40.63,40.63,836
20151218,40.54,40.54,40.47,40.47,4984
20151221,40.37,40.37,40.2,40.2,982
20151222,40.31,40.69,40.31,40.69,7404
20151223,40.67,40.67,40.67,40.67,104
20151228,40.51,40.83,40.4,40.83,24107
20151230,40.36,40.36,38.39,40.11,90065
20160104,40.73,40.77,40.59,40.59,2628
20160105,40.91,40.91,40.67,40.72,6794
20160107,40.62,40.62,40.54,40.54,1761
20160108,40.69,40.76,40.44,40.53,7748
20160112,40.68,40.68,40.68,40.68,515
20160113,40.84,40.84,40.2,40.2,834
20160114,40.01,40.09,40.01,40.08,8351
20160115,39.35,39.65,39.35,39.45,855
20160119,39.35,39.38,39.18,39.18,843
20160120,38.98,38.98,38.32,38.73,1856
20160121,38.92,38.92,38.92,38.92,144
20160122,39.51,39.77,39.51,39.76,1440
20160125,39.33,39.39,39.29,39.3,2061
20160126,39.42,39.63,39.42,39.48,873
20160129,39.49,39.83,39.49,39.75,1582
20160201,39.3,39.3,39.3,39.3,108
20160202,39.33,39.33,39.29,39.29,491
20160203,39.25,39.29,39.25,39.25,1638
20160205,39.09,39.09,39.09,39.09,459
20160208,38.75,38.75,38.55,38.55,217
20160209,37.91,38.08,37.85,38.08,2413
20160211,37.58,37.68,37.54,37.54,2253
20160212,38.22,38.22,38.22,38.22,1331
20160217,38.72,39.06,38.72,38.88,2375
20160222,39.06,39.18,38.9,39.18,2485
20160223,39.22,39.42,39.22,39.35,1155
20160224,39.1,39.1,39.1,39.1,508
20160225,39.44,39.44,39.44,39.44,127
20160226,39.77,39.8,39.69,39.72,1782
20160229,39.61,39.61,39.61,39.61,108
20160302,40.36,40.52,40.23,40.52,14018
20160303,40.42,40.74,40.3,40.74,1081
20160304,40.88,41.03,40.68,41.01,2929
20160307,41.01,41.01,41,41,330
20160308,41.21,41.33,41.02,41.02,2171
20160309,41.12,41.12,41.12,41.12,205
20160310,41.67,41.67,41.27,41.28,6230
20160311,41.89,41.98,41.88,41.98,1330
20160314,41.72,41.87,41.72,41.86,1119
20160315,41.75,41.83,41.75,41.83,1395
20160316,41.72,41.72,41.67,41.67,1501
20160317,42.07,42.12,42.01,42.01,1338
20160318,42.2,42.37,42.2,42.37,6484
20160321,42.53,42.53,42.39,42.45,4809
20160322,42.44,42.46,42.44,42.46,2130
20160323,42.41,42.41,42.38,42.38,840
20160324,42.05,42.05,42.05,42.05,10
20160328,42.02,42.02,41.81,41.84,2963
20160329,41.72,43.45,41.66,42,14018
20160330,41.99,41.99,41.99,41.99,522
20160331,42.24,42.3,41.97,41.97,2145
20160401,41.94,41.94,41.66,41.94,876
20160404,41.94,41.94,41.94,41.94,10
20160405,41.88,41.88,41.88,41.88,188
20160406,42.05,42.05,42.05,42.05,179
20160407,42.07,42.07,41.98,41.98,464
20160408,42.02,42.17,42.02,42.1,3370
20160411,42.19,42.29,42.17,42.28,3696
20160412,42.32,42.43,42.31,42.43,866
20160413,42.7,42.74,42.7,42.7,2946
20160414,42.9,43.06,42.82,43.01,9648
20160415,42.98,42.98,42.98,42.98,522
20160418,42.75,43.13,42.75,43.04,1987
20160419,43.35,43.35,43.32,43.33,931
20160420,43.45,43.47,43.45,43.47,281
20160421,43.62,43.62,43.38,43.53,746
20160422,43.56,43.66,43.56,43.66,907
20160425,43.61,43.61,43.47,43.47,567
20160426,43.47,43.67,43.47,43.67,9842
20160427,43.72,43.79,43.72,43.79,504
20160428,43.94,43.97,43.94,43.96,932
20160429,44.02,44.06,43.91,44.06,4967
20160502,44.08,44.08,44.03,44.03,418
20160503,43.92,43.92,43.75,43.84,4308
20160504,43.74,43.74,43.62,43.66,2085
20160505,43.68,43.68,43.51,43.51,926
20160506,43.68,43.68,43.46,43.46,1436
20160509,43.39,43.48,43.3,43.46,3668
20160510,43.63,43.63,43.63,43.63,112
20160511,43.71,43.84,43.68,43.73,3896
20160512,43.91,43.91,43.82,43.89,992
20160513,43.73,43.73,43.68,43.69,429
20160516,43.71,43.78,43.57,43.57,5468
20160517,43.83,43.86,43.52,43.52,1811
20160518,43.93,43.93,43.93,43.93,321
20160519,43.73,43.73,43.34,43.35,5039
20160520,43.87,43.87,43.75,43.75,436
20160523,43.84,43.91,43.84,43.88,1364
20160524,44.06,44.06,43.86,43.86,2148
20160525,44.33,44.33,43.93,44.01,519
20160526,44.47,44.47,44.13,44.13,621
20160527,44.37,44.37,44.37,44.37,112
20160531,44.37,44.37,44.28,44.28,1160
20160601,44.19,44.19,44.04,44.04,1969
20160602,44.13,44.32,44.13,44.31,919
20160603,44.27,44.27,44.01,44.27,18548
20160606,44.3,44.62,44.28,44.62,2984
20160607,44.65,44.85,44.65,44.75,1501
20160608,44.98,44.98,44.78,44.89,6183
20160609,44.84,44.84,44.84,44.84,10
20160610,44.59,44.66,44.59,44.66,292
20160613,44.38,44.65,44.38,44.65,897
20160614,44.44,44.46,44.08,44.08,3426
20160615,44.37,44.38,44.37,44.38,469
20160616,44.13,44.13,43.9,43.92,515
20160617,44.09,44.17,44.09,44.17,952
20160620,44.53,44.66,44.46,44.46,1839
20160621,44.72,44.72,44.65,44.65,617
20160622,44.66,44.82,44.6,44.8,1900
20160623,44.8,44.8,44.8,44.8,10
20160624,44.25,44.25,44.25,44.25,10
20160627,43.88,44.03,43.75,43.78,5331
20160628,43.92,44.15,43.92,44.15,2626
20160629,44.52,44.69,44.52,44.63,3770
20160630,44.8,44.88,44.8,44.8,1198
20160701,44.6,44.99,44.59,44.88,22641
20160705,44.88,45.25,44.88,45.25,212
20160706,44.87,45.36,44.39,44.9,32404
20160707,45.25,45.25,45.24,45.24,1307
20160708,45.39,45.39,45.39,45.39,2022
20160711,45.57,45.87,45.36,45.36,2307
20160712,45.98,47.58,45.9,46.29,11489
20160713,47.94,47.94,45.87,45.95,993
20160714,46.22,46.22,46.03,46.03,670
20160715,45.97,46.3,45.93,45.93,4617
20160718,46.03,46.03,45.74,46.02,8408
20160719,45.87,45.87,45.87,45.87,10
20160720,45.87,45.87,45.81,45.81,514
20160721,45.97,46.08,45.97,46.08,2818
20160722,46.08,46.08,46.08,46.08,10
20160725,46.11,46.11,45.86,46.07,3297
20160726,46.03,46.03,45.7,45.7,789
20160727,45.8,46,45.8,45.94,1486
20160728,45.88,45.93,45.65,45.65,962
20160729,45.96,46.19,45.64,45.76,19289
20160801,45.25,45.833,45.2401,45.833,4654
20160802,46.485,46.485,45.7109,45.87,3730
20160803,45.929,45.954,45.61,45.954,1341
20160804,46.08,46.089,45.899,46.059,4314
20160805,45.581,45.774,45.581,45.71,2100
20160808,46,46.1082,45.79,46.1082,995
20160809,46.24,46.25,46.24,46.25,1469
20160810,46.15,46.56,46.15,46.56,413
20160812,46.63,46.63,46.21,46.21,462
20160815,46.75,46.75,46.27,46.545,300
20160816,46.488,46.88,46.2201,46.5,4115
20160817,46.436,46.7601,46.436,46.7601,2200
20160818,46.54,46.72,46.54,46.544,1510
20160819,46.78,46.88,46.7,46.7,4675
20160823,46.8499,46.85,46.74,46.81,3105
