Date,Open,High,Low,Close,Volume
20211028,25.35,25.44,25.33,25.41,6811
20211029,25.31,25.58,25.31,25.58,2318
20211101,25.7,25.7,25.48,25.65,49772
20211102,25.72,25.83,25.7,25.78,48338
20211103,25.88,26.04,25.7598,26.04,22030
20211104,26.05,26.4892,26.05,26.3864,23770
20211105,26.59,26.62,26.39,26.42,19893
20211108,26.5,26.53,26.4299,26.4828,47211
20211109,26.6,26.6,26.3,26.3699,19932
20211110,26.18,26.31,25.8794,25.95,15547
20211111,26.11,26.13,26.03,26.04,5232
20211112,26.06,26.339,26.045,26.33,6963
20211115,26.45,26.45,26.2,26.32,10871
20211116,26.24,26.5399,26.24,26.5017,6041
20211117,26.57,26.59,26.4568,26.49,5486
20211118,26.68,26.77,26.515,26.7557,18029
20211119,26.94,27.0099,26.86,26.9187,19195
20211122,27.1,27.24,26.65,26.65,35107
20211123,26.45,26.605,26.22,26.5,13509
20211124,26.42,26.6131,26.32,26.6131,26305
20211126,26.41,26.42,26,26,7768
20211129,26.46,26.68,26.3692,26.6668,16605
20211130,26.59,26.89,26.15,26.89,17170
20211201,26.64,26.75,25.9,25.9,22357
20211202,25.8,26.2141,25.75,26.0693,10982
20211203,26.21,26.21,25.4,25.54,13105
20211206,25.71,25.9221,25.5,25.8564,15806
20211207,26.37,26.6635,26.37,26.65,16053
20211208,26.7,26.78,26.58,26.7754,6254
20211209,26.78,26.78,26.4104,26.4104,6236
20211210,26.66,26.732,26.53,26.732,21199
20211213,26.75,26.75,26.35,26.35,11031
20211214,25.99,26.12,25.6963,25.93,11008
20211215,25.94,26.52,25.75,26.52,4849
20211216,26.71,26.71,25.81,25.92,15729
20211217,25.6,25.98,25.54,25.7917,15665
20211220,25.41,25.51,25.34,25.5,10601
20211221,25.71,26.1013,25.65,26.1013,6007
20211222,26.1,26.4036,26.03,26.4036,9249
20211223,26.48,26.66,26.48,26.6305,16956
20211227,26.71,27.0811,26.71,27.0811,14530
20211228,27.23,27.23,26.925,26.9291,9550
20211229,27,27.03,26.86,26.9708,4448
20211230,27.03,27.06,26.8209,26.8209,3871
20211231,26.79,26.79,26.6626,26.6626,14293
20220103,26.67,26.8666,26.67,26.8666,6301
20220104,26.9,26.9,26.33,26.5404,5695
20220105,26.42,26.42,25.81,25.81,14805
20220106,25.57,25.83,25.41,25.6517,10734
20220107,25.69,25.69,25.29,25.38,8731
20220110,25.03,25.3972,24.68,25.3972,11081
20220111,25.39,25.7707,25.39,25.73,8720
20220112,25.91,26.03,25.77,25.8486,8173
20220113,26.01,26.01,25.21,25.22,15884
20220114,25.02,25.4086,25.02,25.4086,3843
20220118,25.05,25.05,24.74,24.74,8492
20220119,24.84,25.0001,24.5,24.5,23556
20220120,24.73,24.95,24.14,24.167,31286
20220121,23.99,24.13,23.57,23.57,15548
20220124,23.12,23.6289,22.38,23.6289,17713
20220125,23.21,23.34,22.8692,23.02,7207
20220126,23.65,23.86,22.856,23.0838,26598
20220127,23.43,23.47,22.87,22.8745,15089
20220128,22.98,23.5959,22.72,23.5959,3021
20220131,23.72,24.3681,23.72,24.3681,13657
20220201,24.39,24.5102,24.09,24.5102,7209
20220202,24.79,24.79,24.54,24.59,11421
20220203,24.19,24.265,23.96,23.96,6985
20220204,23.79,24.0385,23.74,24.0385,2881
20220207,24.0301,24.08,23.8095,23.8095,2404
20220208,24,24.1375,24,24.1375,2089
20220209,24.3801,24.66,24.37,24.6375,8390
20220210,24.31,24.5,23.97,24.0703,4956
20220211,24.1295,24.1295,23.2628,23.3263,4180
20220214,23.22,23.47,23.0927,23.3,3568
20220215,23.7809,23.8899,23.7809,23.8899,500
20220216,23.75,23.915,23.602,23.915,1780
20220217,23.51,23.51,23.14,23.14,1425
20220218,23.07,23.07,22.75,23,21838
