Date,Open,High,Low,Close,Volume
20100311,24.3,24.3,24.23,24.24,1240
20100312,24.61,24.66,24.58,24.61,8435
20100315,24.35,24.36,24.1,24.1,29624
20100316,24.38,24.5,24.3,24.45,8931
20100317,24.82,24.82,24.69,24.78,20391
20100318,24.86,24.86,24.32,24.47,10947
20100322,23.87,24.17,23.87,24.11,4652
20100323,24.06,24.24,24.06,24.2,9738
20100324,23.92,23.94,23.8,23.8,16253
20100325,23.95,24.16,23.72,23.72,18889
20100326,24.1,24.18,23.96,24.07,14826
20100329,24.54,24.7,24.54,24.69,1807
20100330,24.72,24.72,24.72,24.72,422
20100331,24.99,24.99,24.83,24.85,7320
20100401,25.4,25.6,25.4,25.6,11940
20100405,25.64,25.79,25.64,25.77,7692
20100406,25.77,25.99,25.77,25.97,4961
20100407,25.71,25.71,25.61,25.69,1953
20100408,25.36,25.7,25.36,25.7,744
20100409,26.01,26.01,25.94,25.94,930
20100412,26.03,26.15,25.99,25.99,10172
20100413,25.96,26.19,25.87,26.17,3721
20100414,26.49,26.66,26.49,26.66,3226
20100415,26.56,26.67,26.2,26.57,3825
20100416,26.8,26.8,25.63,25.71,7353
20100419,25.37,25.39,25.26,25.39,2329
20100420,25.76,25.85,25.76,25.85,850
20100421,25.62,25.65,25.38,25.51,4030
20100422,25.07,25.32,25.07,25.32,868
20100423,25.45,25.68,25.45,25.66,2605
20100426,25.98,25.98,25.89,25.9,1613
20100427,25.32,25.33,25,25.03,3710
20100428,25.02,25.02,24.75,24.9,19688
20100429,25.21,25.36,25.21,25.28,86571
20100430,24.93,24.93,24.74,24.74,1984
20100503,24.81,24.99,24.64,24.9,2034
20100504,24.31,24.31,23.76,23.78,7567
20100505,23.27,23.28,22.67,22.97,12224
20100506,22.74,22.74,22.11,22.11,8685
20100507,21.46,21.53,20.44,20.96,79270
20100510,23.37,23.7,23.21,23.53,60842
20100511,22.55,23.01,22.55,22.76,8490
20100512,23.42,23.83,23.42,23.83,4862
20100513,23.68,23.68,23.49,23.66,2605
20100514,22.87,22.87,22.73,22.73,3224
20100517,22.77,22.77,22.43,22.66,1240
20100518,23.09,23.09,23.09,23.09,124
20100519,22.22,22.22,21.59,21.96,2232
20100520,20.86,20.96,20.61,20.68,7397
20100521,20.86,21.25,20.73,20.92,9030
20100524,20.67,21.08,20.67,20.83,16029
20100525,19.851,20.29,19.706,20.29,7443
20100526,20.65,21.04,20.63,20.63,3846
20100527,21.68,22.13,21.6,22.13,6127
20100528,22,22.13,21.79,21.85,5563
20100601,21.65,22.08,21.65,21.94,3968
20100602,22.12,22.26,22.1,22.26,391
20100603,22.62,22.7,22.62,22.7,1402
20100604,21.9,21.9,21.35,21.35,6824
20100607,21.26,21.58,21.26,21.48,1835
20100608,21.16,21.4,20.83,21.37,10285
20100609,21.4,21.59,21.26,21.26,10362
20100610,21.69,21.93,21.64,21.93,1612
20100611,21.34,21.74,21.34,21.74,992
20100614,22.09,22.09,22.09,22.09,749
20100615,22.34,22.45,22.34,22.45,8189
20100617,22.41,22.42,22.39,22.39,2357
20100618,22.54,22.54,22.54,22.54,699
20100621,23.24,23.24,22.83,22.86,3522
20100622,22.85,23.06,22.85,22.98,2072
20100623,22.49,22.49,22.49,22.49,247
20100624,22.29,22.3,22.12,22.12,3710
20100625,21.91,22.26,21.91,22.18,15883
20100628,22.28,22.33,22.2,22.2,3232
20100629,21.34,21.41,21.34,21.38,1634
20100630,21.26,21.26,21.23,21.23,1233
20100701,20.74,20.84,20.52,20.84,28397
20100702,21.04,21.11,20.93,20.95,24088
20100706,21.66,21.79,21.66,21.79,3759
20100707,21.57,22.2,21.57,22.2,10704
20100708,21.78,21.78,21.78,21.78,616
20100709,21.93,21.99,21.9,21.99,19351
20100712,22.29,22.29,22.29,22.29,863
20100713,22.63,22.71,22.63,22.64,6903
20100715,22.69,22.69,22.69,22.69,185
20100716,22.51,22.51,22.12,22.12,6654
20100719,22.55,22.62,22.48,22.48,5569
20100721,22.8,22.85,22.53,22.53,14850
20100722,23.26,23.39,23.23,23.28,5685
20100723,23.29,23.29,23.29,23.29,542
20100726,23.72,23.81,23.72,23.8,1780
20100727,24.09,24.09,23.67,23.7,2809
20100728,23.66,23.71,23.66,23.71,569
20100729,23.94,23.94,23.58,23.75,11630
20100730,23.64,23.78,23.57,23.78,6944
20100802,24.03,24.72,24.03,24.72,4129
20100803,24.38,24.42,24.22,24.39,28869
20100804,24.46,24.65,24.41,24.55,8325
20100805,24.38,24.52,24.38,24.52,616
20100806,24.28,24.41,24.12,24.39,9453
20100809,24.51,24.53,24.43,24.52,4033
20100810,24.03,24.22,23.79,24.19,2544
20100811,23.48,23.48,23.23,23.23,7581
20100812,23.05,23.28,23.01,23.28,2886
20100813,23.16,23.19,23.16,23.19,246
20100816,23.2,23.5,23.2,23.45,2755
20100817,23.61,23.83,23.61,23.83,18983
20100818,23.68,23.77,23.64,23.77,1885
20100819,23.72,23.72,23.36,23.46,10189
20100820,23.24,23.25,23.24,23.25,246
20100823,23.27,23.27,23.27,23.27,216
20100824,22.51,22.52,22.37,22.4,28819
20100825,22.31,22.31,22.31,22.31,123
20100826,22.61,22.61,22.5,22.53,9271
20100827,22.64,22.86,22.64,22.86,1115
20100831,22.72,23.02,22.72,22.88,25486
20100901,23.49,23.52,23.41,23.52,6562
20100902,23.57,23.57,23.57,23.57,2465
20100903,23.81,23.81,23.81,23.81,789
20100907,23.43,23.43,23.43,23.43,185
20100908,23.75,23.75,23.69,23.71,4006
20100909,23.97,24,23.82,23.82,15699
20100910,23.96,23.96,23.96,23.96,4931
20100914,24.09,24.17,24.09,24.15,11709
20100916,23.71,23.71,23.66,23.66,1073
20100917,23.67,23.67,23.46,23.5,3835
20100920,23.69,23.69,23.69,23.69,247
20100921,23.73,23.73,23.67,23.69,4438
20100922,23.77,23.86,23.74,23.8,1636
20100923,23.69,23.69,23.69,23.69,123
20100924,23.76,23.96,23.76,23.96,460
20100927,23.88,23.96,23.83,23.96,1975
20100928,23.93,23.98,23.8,23.92,7790
20100929,23.94,24.09,23.92,24.03,33379
20100930,24.37,24.37,24.17,24.32,5733
20101001,24.82,24.87,24.82,24.87,4881
20101004,25.01,25.01,24.91,24.91,4129
20101005,25.13,25.43,25.13,25.4,7566
20101006,25.47,25.47,25.4,25.4,7987
20101007,25.51,25.6,25.41,25.49,19462
20101008,25.55,25.62,25.48,25.62,1954
20101011,25.68,25.84,25.68,25.78,3310
20101012,25.64,25.93,25.64,25.87,20109
20101013,25.96,26.17,25.96,26.11,30816
20101014,26.07,26.31,25.94,26.09,3755
20101015,25.99,26,25.93,26,9368
20101018,25.86,26.1,25.86,26.04,13395
20101019,25.6,25.6,25.17,25.17,29619
20101020,25.37,25.56,25.37,25.56,2343
20101021,25.7,26.16,25.7,25.89,11204
20101022,26.29,26.29,25.98,26.1,5259
20101025,26.48,26.49,26.41,26.49,13190
20101026,26.27,26.36,26.14,26.36,6150
20101027,25.74,25.87,25.68,25.87,7570
20101028,25.9,25.92,25.78,25.92,23423
20101029,25.86,25.96,25.84,25.96,2467
20101101,26.34,26.34,25.88,25.88,8998
20101102,26.2,26.31,26.2,26.31,3081
20101103,26.29,26.4,26.1,26.37,3261
20101104,27.34,27.34,27.34,27.34,740
20101105,27.26,27.42,27.26,27.42,311
20101108,27.07,27.11,26.77,26.93,5793
20101109,27.27,27.46,27.14,27.18,13808
20101110,27.18,27.36,27.07,27.35,11802
20101111,27.14,27.14,26.81,27.07,5510
20101112,26.69,26.69,26.33,26.48,1481
20101115,26.33,26.6,26.33,26.54,45563
20101116,25.81,25.84,25.38,25.38,58850
20101117,25.51,25.72,25.51,25.56,19482
20101118,25.97,26.22,25.93,26.16,27790
20101119,26.28,26.4,26.2,26.35,9627
20101122,26.33,26.33,26.2,26.2,2218
20101123,25.67,25.67,25.54,25.54,277
20101124,25.99,26.07,25.99,26.07,6414
20101126,26.07,26.07,26.07,26.07,2452
20101129,25.59,26.08,25.52,26.07,51597
20101130,25.85,25.94,25.76,25.81,3506
20101201,26.41,26.67,26.41,26.67,14859
20101202,26.83,27.48,26.83,27.47,38441
20101203,27.69,27.91,27.69,27.91,3946
20101206,27.96,28.18,27.93,28.18,7482
20101207,28.31,28.35,28.2,28.21,28227
20101208,28,28.15,27.84,28.01,18230
20101209,28.17,28.18,28.01,28.18,4067
20101210,28,28.12,27.91,28.11,17703
20101213,28.37,28.37,28.14,28.23,3143
20101214,28.39,28.64,28.39,28.55,15341
20101215,28.24,28.4,28.24,28.26,5017
20101216,28.04,28.11,27.98,28.1,15450
20101217,28.33,28.33,28.03,28.04,2188
20101220,28.06,28.19,27.93,28.07,15029
20101221,28.33,28.65,28.32,28.48,66791
20101222,28.68,28.78,28.5,28.77,1428517
20101223,28.9,28.94,28.72,28.9,620676
20101227,28.86,28.98,28.72,28.97,660024
20101228,29.09,29.16,29,29.11,479842
20101229,29.04,29.12,28.98,29.08,188082
20101230,29.13,29.44,29,29.35,130060
20101231,29.24,29.43,29.12,29.26,117416
20110103,29.47,29.75,29.46,29.55,259384
20110104,30.19,30.19,29.79,30.08,105078
20110105,29.96,30.23,29.58,30.12,96466
20110106,30.33,30.33,29.77,29.88,163288
20110107,29.77,29.77,29.33,29.38,40311
20110110,29.33,29.33,28.86,29.21,56774
20110111,29.41,29.66,29.35,29.58,98706
20110112,30.12,30.71,30.12,30.65,417842
20110113,30.79,30.79,30.38,30.5,156715
20110114,30.56,30.6,30.35,30.57,75724
20110118,30.82,30.94,30.7,30.74,299659
20110119,31,31.05,30.56,30.58,148652
20110120,30.29,30.29,29.96,30.2,47413
20110121,30.48,30.48,30.08,30.14,125329
20110124,29.71,30,29.64,30,118428
20110125,30.08,30.08,29.68,29.94,201223
20110126,30.14,30.34,30.06,30.21,259969
20110127,30.37,30.49,30.28,30.32,191918
20110128,30.28,30.28,29.31,29.33,222727
20110131,29.34,29.47,29.24,29.42,73422
20110201,29.86,30.53,29.86,30.52,49828
20110202,30.65,30.72,30.49,30.68,148060
20110203,30.64,30.64,30.33,30.41,107216
20110204,30.79,30.79,30.47,30.63,160478
20110207,30.58,30.85,30.55,30.71,80550
20110208,30.53,30.53,30.3,30.47,203247
20110209,30.5,30.5,29.9,29.93,110986
20110210,29.53,29.53,29.29,29.42,72234
20110211,29.45,30.1,29.45,30.05,97117
20110214,29.91,29.92,29.75,29.83,64136
20110215,29.8,29.81,29.47,29.55,61928
20110216,29.69,29.93,29.57,29.89,81225
20110217,29.72,29.72,29.45,29.57,198853
20110218,29.66,29.66,29.39,29.51,46520
20110222,29.51,29.64,29.15,29.25,112024
20110223,29.33,29.64,29.2,29.42,64658
20110224,29.83,30.09,29.83,29.98,92060
20110225,30.37,30.54,30.34,30.53,66230
20110228,30.86,31.16,30.86,31.16,94850
20110301,31.18,31.22,30.69,30.8,147509
20110302,31.16,31.62,31,31.54,260331
20110303,31.78,31.92,31.65,31.88,91891
20110304,31.52,31.88,31.52,31.88,101602
20110307,32.18,32.27,31.64,31.9,69100
20110308,31.7,32.03,31.55,31.77,72072
20110309,31.66,31.76,31.53,31.74,94376
20110310,30.93,30.93,30.45,30.45,77419
20110311,30.43,30.61,30.25,30.56,27371
20110314,30.94,31.04,30.83,31.02,30311
20110315,29.75,30.43,29.52,30.38,92945
20110316,30.53,30.78,29.85,29.98,87222
20110317,30.78,30.87,30.6,30.79,1635891
20110318,31.07,31.07,30.68,30.81,710451
20110321,30.91,31.26,30.91,31.17,184565
20110322,31.03,31.18,30.93,31.04,130637
20110323,31.25,31.8,31.15,31.73,180799
20110324,31.99,32.09,31.74,31.97,192308
20110325,32.13,32.29,32.01,32.03,97207
20110328,32.22,32.27,32.17,32.19,72314
20110329,31.78,32.15,31.7,32.04,112918
20110330,32.27,32.44,32.18,32.38,71476
20110331,32.37,32.5,32.31,32.32,72032
20110401,32.84,33.14,32.78,33.13,40322
20110404,33.35,33.52,33.15,33.52,88624
20110405,33.26,33.38,33.11,33.33,34751
20110406,33.62,33.62,33.21,33.29,123159
20110407,33.22,33.25,32.97,33.13,63079
20110408,33.47,33.54,33.27,33.37,83350
20110411,33.32,33.32,32.9,32.94,59959
20110412,32.57,32.58,32.15,32.16,48059
20110413,32.27,32.53,32.23,32.23,92349
20110414,31.74,31.92,31.55,31.92,47261
20110415,32.08,32.09,31.89,32.07,32497
20110418,31.14,31.14,30.6,30.87,181284
20110419,31.41,31.64,31.31,31.64,77089
20110420,32.14,32.29,32.04,32.27,51992
20110421,32.58,32.58,32.23,32.53,153088
20110425,32.78,32.78,32.18,32.37,40812
20110426,32.26,32.3,31.96,32.23,105587
20110427,31.96,32.37,31.78,32.36,102012
20110428,32.07,32.31,32.01,32.28,36501
20110429,32.2,32.59,32.09,32.54,44277
20110502,32.44,32.72,32.3,32.36,26763
20110503,31.61,31.67,31.17,31.23,120914
20110504,30.89,30.91,30.34,30.45,189413
20110505,29.95,29.98,29.22,29.22,301957
20110506,30.11,30.3,29.7,29.77,83146
20110509,30.05,30.19,29.87,30.17,91679
20110510,30.22,30.46,30.04,30.44,171484
20110511,30.45,30.45,29.63,29.64,120595
20110512,29.36,29.4,28.94,29.4,137711
20110513,29.36,29.36,28.57,28.74,224417
20110516,28.72,28.93,28.62,28.62,72624
20110517,28.5,28.71,28.37,28.67,222939
20110518,28.91,29.26,28.7,29.25,193468
20110519,29.42,29.54,29.21,29.38,68306
20110520,29.03,29.03,28.67,28.77,72394
20110523,28.07,28.07,27.67,27.9,191040
20110524,28.4,28.51,28.19,28.44,121659
20110525,28.33,28.79,28.33,28.68,89462
20110526,28.74,28.88,28.54,28.82,72825
20110527,29.5,29.68,29.47,29.68,48935
20110531,30.21,30.21,29.89,30.13,67927
20110601,30.09,30.09,29.47,29.52,140034
20110602,29.72,29.82,29.52,29.79,162287
20110603,29.27,29.68,29.27,29.61,109211
20110606,29.49,29.69,29.22,29.22,29473
20110607,29.97,30.32,29.97,30.09,64733
20110608,30.29,30.29,29.95,30.03,35669
20110609,30.32,30.69,30.29,30.68,38762
20110610,30.38,30.4,30.08,30.17,72050
20110613,30.12,30.12,29.74,29.86,45952
20110614,30.17,30.34,30.17,30.3,70037
20110615,29.95,30.04,29.47,29.53,108947
20110616,29.48,29.61,29.29,29.42,40399
20110617,29.51,29.51,29.2,29.3,37547
20110620,28.93,29.07,28.85,29.04,64063
20110621,29.26,29.52,29.26,29.52,77011
20110622,29.39,29.58,29.23,29.23,37763
20110623,28.67,28.83,28.41,28.83,72801
20110624,29.09,29.11,28.7,28.72,7131
20110627,28.53,28.91,28.46,28.88,21191
20110628,29.22,29.53,29.16,29.53,72984
20110629,29.52,29.78,29.52,29.68,22690
20110630,29.85,30.02,29.82,29.91,52524
20110701,30.05,30.39,30.02,30.35,67447
20110705,30.35,30.44,30.23,30.33,46968
20110706,30.22,30.27,30.16,30.25,52323
20110707,30.74,30.99,30.69,30.84,39087
20110708,30.57,30.57,30.32,30.53,95704
20110711,30.02,30.02,29.69,29.69,22938
20110712,29.6,29.87,29.6,29.71,22050
20110713,29.62,30.15,29.62,29.98,37531
20110714,30.27,30.28,29.68,29.74,58380
20110715,30.07,30.12,29.98,30.02,54217
20110718,29.68,29.68,29.32,29.45,90161
20110719,29.8,30.08,29.76,30.08,63855
20110720,30.16,30.16,29.88,29.94,28180
20110721,30.3,30.79,30.23,30.73,35281
20110722,30.66,30.74,30.59,30.65,25212
20110725,30.5,30.68,30.41,30.55,6152
20110726,30.66,31.08,30.65,30.84,61757
20110727,30.82,30.82,30.35,30.38,33225
20110728,30.59,30.65,30.33,30.34,31484
20110729,30.12,30.53,30.03,30.5,45583
20110801,30.93,30.93,30.35,30.57,89992
20110802,30.13,30.29,29.56,29.56,40737
20110803,29.57,29.62,28.92,29.31,359296
20110804,28.52,28.63,27.44,27.45,186391
20110805,27.69,27.77,26.67,27.32,188655
20110808,25.6,25.84,23.39,24.25,246356
20110809,24.64,25.05,23.55,25.05,185877
20110810,24.36,24.55,23.11,23.32,190515
20110811,23.29,24.82,23.23,24.6,123947
20110812,24.87,25,24.4,24.74,110935
20110815,25.7,25.78,25.4,25.78,55677
20110816,25.32,25.46,24.88,25.21,29310
20110817,25.63,25.94,25.37,25.51,71290
20110818,24.74,24.74,23.99,24.15,108931
20110819,23.64,24.3,23.55,23.99,44589
20110822,24.41,24.72,24.02,24.02,18546
20110823,24.3,24.83,24.11,24.83,128914
20110824,24.87,24.95,24.41,24.83,209022
20110825,24.83,24.86,24.2,24.35,60505
20110826,24.41,24.96,24.24,24.92,46602
20110829,25.68,25.75,25.51,25.71,25648
20110830,25.69,26.02,25.58,25.95,22312
20110831,26.26,26.53,26.08,26.23,31351
20110901,26.48,26.64,26.27,26.32,55635
20110902,25.73,25.87,25.46,25.61,33322
20110906,24.89,25.38,24.74,25.26,20289
20110907,25.82,26.13,25.78,26.13,57924
20110908,25.89,26.05,25.67,25.68,48507
20110909,25.11,25.13,24.59,24.66,193386
20110912,24.02,24.68,24.02,24.68,52219
20110913,24.53,24.66,24.42,24.66,79394
20110914,24.65,25,24.45,24.85,172930
20110915,25.14,25.19,24.84,25.06,74909
20110916,24.73,24.86,24.64,24.76,49438
20110919,24.15,24.16,23.86,24.16,37367
20110920,24.19,24.32,23.96,24.04,105145
20110921,24.05,24.05,23.23,23.23,77450
20110922,21.94,22.31,20.62,20.87,968210
20110923,20.73,21,20.53,20.84,385129
20110926,20.98,21.4,20.63,21.39,229849
20110927,21.76,22.2,21.69,21.87,82130
20110928,21.63,21.85,21.07,21.08,90439
20110929,22.05,22.05,21.39,21.65,208812
20110930,20.89,21.01,20.39,20.39,84231
20111003,20.26,20.51,19.877,19.877,110873
20111004,19.328,19.754,18.737,19.746,126305
20111005,19.27,19.615,19.074,19.615,82711
20111006,19.967,20.69,19.869,20.69,31966
20111007,21.06,21.06,20.52,20.52,39844
20111010,21.21,21.76,21.18,21.76,43123
20111011,21.16,21.58,21.15,21.53,15197
20111012,22.16,22.47,22.1,22.24,91968
20111013,22.17,22.27,21.91,22.17,42300
20111014,23,23.06,22.76,22.99,60531
20111017,22.66,22.66,22.22,22.22,359146
20111018,22.53,23.05,22.29,22.95,100223
20111019,22.49,22.73,22.33,22.41,182390
20111020,22.35,22.52,21.96,22.34,70621
20111021,22.85,23.3,22.85,23.3,62060
20111024,23.79,24.36,23.79,24.29,131027
20111025,23.68,23.91,23.59,23.69,60994
20111026,24.68,24.68,24.18,24.61,28205
20111027,25.64,26.27,25.36,26.14,71594
20111028,25.62,25.85,25.52,25.8,79626
20111031,24.93,24.93,24.58,24.58,30368
20111101,23.26,23.67,23.05,23.5,46146
20111102,24.01,24.37,24.01,24.37,26324
20111103,24.54,24.79,24.18,24.73,18568
20111104,24.62,24.84,24.28,24.82,79799
20111107,24.9,25.01,24.77,24.97,49522
20111108,25.06,25.41,24.95,25.41,27210
20111109,23.98,24.07,23.39,23.42,56728
20111110,24.29,24.36,23.95,24.1,67168
20111111,24.34,24.55,24.34,24.5,21327
20111114,24.45,24.46,24.24,24.27,49445
20111115,24.25,24.55,24.02,24.49,57122
20111116,24.06,24.45,23.96,23.96,40098
20111117,23.88,23.95,23.11,23.11,56451
20111118,23.58,23.66,23.42,23.48,19093
20111121,22.53,22.53,21.99,22.31,30572
20111122,22.4,22.58,22.27,22.45,24352
20111123,22.17,22.29,22.07,22.11,68691
20111125,21.94,22.28,21.94,22.28,1116
20111128,23.3,23.41,23.18,23.41,22239
20111129,23.18,23.48,23.13,23.29,54534
20111130,24.32,24.68,24.16,24.68,90364
20111201,24.49,24.56,24.34,24.44,33256
20111202,24.45,24.47,24.19,24.23,36951
20111205,24.52,24.71,24.32,24.52,22422
20111206,23.48,23.58,22.97,23.07,56321
20111207,23.09,23.2,22.98,23.2,49568
20111208,23.03,23.08,22.33,22.33,61805
20111209,22.26,22.27,21.99,22.07,59445
20111212,21.5,21.5,20.77,21.08,70083
20111213,21.61,21.66,20.98,21,55582
20111214,21.21,21.38,20.9,21,65040
20111215,21.62,21.76,21.57,21.69,55825
20111216,21.66,21.72,21.44,21.52,196062
20111219,21.31,21.43,20.87,20.95,54723
20111220,21.68,21.92,21.68,21.92,17168
20111221,21.59,21.93,21.56,21.9,9856
20111222,21.82,22.08,21.82,22.04,124602
20111223,21.97,22.17,21.97,22.17,90088
20111227,22.15,22.23,22.02,22.04,53993
20111228,21.81,21.81,21.57,21.61,8316
20111229,21.47,21.62,21.41,21.61,44689
20111230,21.75,21.95,21.75,21.95,35134
20120103,22.69,22.79,22.59,22.7,12327
20120104,22.69,22.75,22.55,22.69,5584
20120105,22.32,22.55,22.28,22.39,56247
20120106,22.59,22.59,22.28,22.28,11915
20120109,22.52,22.54,22.37,22.45,19779
20120110,23.19,23.23,23.01,23.01,23517
20120111,22.88,23.13,22.88,23.12,23793
20120112,23.12,23.21,22.91,22.95,21602
20120113,22.85,22.87,22.71,22.83,9418
20120117,23.34,23.42,23.16,23.16,6579
20120118,23.5,23.89,23.5,23.89,17442
20120119,23.92,23.95,23.8,23.94,11565
20120120,23.65,23.74,23.65,23.71,40794
20120123,23.93,24.09,23.93,24,28273
20120124,23.94,24.11,23.83,24.11,11602
20120125,24.25,24.71,24.2,24.7,22311
20120126,24.75,24.86,24.69,24.69,40922
20120127,24.76,25.03,24.76,25,36526
20120130,24.34,24.69,24.34,24.65,126020
20120131,24.83,24.83,24.65,24.71,75456
20120201,25.27,25.59,25.24,25.45,78184
20120202,25.44,25.47,25.25,25.33,56205
20120203,25.65,25.97,25.64,25.97,54551
20120206,25.75,25.87,25.7,25.83,33430
20120207,25.76,26.11,25.74,26.11,33050
20120208,25.9,26.05,25.9,26.05,103705
20120209,25.84,25.85,25.7,25.76,30833
20120210,25.29,25.29,25.17,25.2,9859
20120213,25.8,25.97,25.79,25.93,56721
20120214,25.82,25.82,25.53,25.69,35282
20120215,26.05,26.13,25.74,25.83,21768
20120216,25.7,26.11,25.62,26.1,19938
20120217,25.98,26.12,25.97,26.12,25260
20120221,26,26.1,25.94,26.01,16031
20120222,25.85,25.89,25.69,25.83,16569
20120223,25.95,26.14,25.95,26.14,40620
20120224,26.99,27.38,26.98,27.23,142278
20120227,27.26,27.57,27.21,27.31,115078
20120228,27.01,27.34,27,27.26,153154
20120229,27.26,27.52,27.1,27.16,113559
20120301,27.14,27.46,27.07,27.46,70487
20120302,27.29,27.7,27.29,27.7,96500
20120305,27.62,27.62,27.31,27.31,15973
20120306,26.45,26.45,25.77,25.83,95301
20120307,26.23,26.41,26.14,26.35,64948
20120308,26.82,26.99,26.67,26.97,21986
20120309,27.03,27.11,26.98,26.98,34652
20120312,26.9,26.92,26.81,26.89,27396
20120313,27.07,27.44,26.96,27.44,117347
20120314,27.41,27.46,27.04,27.11,15320
20120315,27.33,27.36,27.15,27.27,36475
20120316,27.17,27.26,27.16,27.16,31429
20120319,26.81,27.01,26.69,26.93,31063
20120320,26.36,26.36,26.2,26.25,94342
20120321,26.07,26.3,26.05,26.3,8460
20120322,25.67,25.74,25.55,25.7,24985
20120323,25.7,26.14,25.64,26.11,41214
20120326,26.6,26.69,26.53,26.69,141248
20120327,26.53,26.53,26.25,26.25,39502
20120328,25.81,25.81,25.35,25.55,56293
20120329,25.19,25.31,25.04,25.31,30804
20120330,25.65,25.77,25.47,25.77,62449
20120402,25.49,26.05,25.43,26.03,19011
20120403,26.29,26.34,25.9,26.01,264255
20120404,25.39,25.56,25.37,25.51,14160
20120405,25.35,25.65,25.35,25.56,3806
20120409,25.01,25.23,24.84,25.07,190270
20120410,25.13,25.16,24.39,24.47,102191
20120411,25.12,25.14,24.86,24.9,22631
20120412,24.93,25.3,24.93,25.28,37991
20120413,25.21,25.32,25.05,25.19,16709
20120416,25.15,25.15,24.65,24.77,20490
20120417,24.7,24.97,24.59,24.91,20394
20120418,24.68,24.73,24.63,24.66,9374
20120419,25.11,25.15,24.84,24.9,27895
20120420,25.23,25.32,25.19,25.21,19268
20120423,24.62,24.65,24.34,24.65,198117
20120424,24.47,24.63,24.44,24.49,29006
20120425,24.66,24.69,24.55,24.63,84383
20120426,24.54,24.7,24.44,24.7,33580
20120427,24.83,25,24.78,24.95,122106
20120430,24.94,24.96,24.89,24.96,11155
20120501,24.94,25.29,24.94,25.07,14161
20120502,24.76,24.76,24.38,24.39,95524
20120503,24.3,24.31,24.06,24.11,24995
20120504,23.42,23.42,23.09,23.22,84056
20120507,22.94,23.2,22.94,23.09,68187
20120508,22.94,22.96,22.62,22.96,238820
20120509,22.35,22.6,22.22,22.46,99381
20120510,22.99,23,22.73,22.74,65627
20120511,22.62,22.8,22.59,22.59,13444
20120514,22.11,22.11,21.74,21.74,18929
20120515,21.83,21.83,21.48,21.5,50863
20120516,21.53,21.57,21.2,21.34,48886
20120517,20.73,20.84,20.36,20.36,73654
20120518,20.69,20.69,19.99,20.16,48657
20120521,20.67,20.98,20.63,20.93,102018
20120522,20.86,20.99,20.51,20.68,109080
20120523,20.15,20.29,19.674,20.27,363791
20120524,20.32,20.42,20.09,20.25,85602
20120525,20.25,20.25,19.991,20.09,40389
20120529,20.69,20.83,20.53,20.76,38339
20120530,20.35,20.35,20.09,20.21,120925
20120531,20.04,20.04,19.658,20.02,20813
20120601,19.457,19.674,19.407,19.558,100307
20120604,19.733,19.899,19.674,19.874,74476
20120605,19.849,19.958,19.749,19.841,38091
20120606,20.27,20.61,20.27,20.58,87092
20120607,20.99,21.14,20.72,20.72,115995
20120608,20.59,20.93,20.58,20.88,19155
20120611,20.99,20.99,20.48,20.48,33853
20120612,20.78,20.94,20.68,20.94,25147
20120613,20.73,20.97,20.68,20.69,20289
20120614,20.76,21.01,20.73,21.01,22376
20120615,21.37,21.67,21.37,21.67,21351
20120618,21.5,21.63,21.49,21.52,7237
20120619,21.64,21.82,21.64,21.7,8066
20120620,21.62,21.62,21.24,21.26,120265
20120621,21.22,21.22,20.43,20.43,48436
20120622,20.81,20.81,20.62,20.72,41340
20120625,20.29,20.43,20.26,20.43,6820
20120626,20.64,20.87,20.64,20.87,12221
20120627,20.83,20.97,20.83,20.92,15798
20120628,20.63,20.72,20.41,20.67,29015
20120629,21.49,21.6,21.47,21.6,29393
20120702,21.74,21.98,21.71,21.98,37146
20120703,22.28,22.62,22.28,22.62,80616
20120705,22.31,22.31,22.18,22.18,27938
20120706,21.75,21.75,21.59,21.72,15222
20120709,21.62,21.62,21.52,21.58,1143
20120710,21.68,21.69,21.34,21.4,34264
20120711,21.37,21.6,21.37,21.6,37467
20120712,21.4,21.64,21.32,21.56,24781
20120713,21.63,21.86,21.63,21.85,11194
20120716,21.75,21.91,21.75,21.91,6333
20120717,22.14,22.29,21.96,22.29,9898
20120718,22.1,22.21,22.1,22.21,5828
20120719,22.52,22.6,22.51,22.58,10481
20120720,22.24,22.24,22.14,22.14,11435
20120723,21.15,21.28,20.99,21.19,63289
20120724,21.25,21.25,20.8,20.97,14156
20120725,21.25,21.26,21.14,21.2,7370
20120726,21.65,21.76,21.56,21.76,17066
20120727,21.92,22.51,21.92,22.5,15833
20120730,22.43,22.52,22.36,22.36,57916
20120731,22.16,22.16,21.86,21.89,106899
20120801,22.06,22.06,21.86,21.86,20812
20120802,21.7,21.79,21.49,21.55,19697
20120803,22.18,22.46,22.18,22.44,28174
20120806,22.94,22.94,22.77,22.77,16829
20120807,23.07,23.18,23.06,23.07,18469
20120808,23.11,23.11,23.07,23.08,11252
20120809,22.92,23.03,22.92,23.03,539
20120810,22.67,23.01,22.67,23.01,9963
20120813,23.07,23.07,22.87,22.94,9982
20120814,23.12,23.12,23.07,23.07,1989
20120815,22.91,22.97,22.88,22.97,1498
20120816,22.89,23,22.83,23,14060
20120817,22.92,23.05,22.91,23,106736
20120820,22.62,22.88,22.6,22.85,73667
20120821,23.22,23.26,22.87,22.91,53124
20120822,23,23.12,22.95,23.12,101221
20120823,23.24,23.24,22.89,22.89,9090
20120824,22.92,23.14,22.92,23.07,12751
20120827,22.94,22.97,22.87,22.87,7271
20120828,22.91,22.92,22.84,22.84,8959
20120829,22.78,22.78,22.63,22.77,108525
20120830,22.51,22.51,22.3,22.36,24338
20120831,22.52,22.61,22.37,22.55,57333
20120904,22.8,22.83,22.71,22.72,37035
20120905,22.57,22.64,22.54,22.58,16518
20120906,22.86,23.41,22.86,23.39,43409
20120907,23.96,24.04,23.96,24.04,1317
20120910,24.04,24.09,23.89,23.89,44363
20120911,24.16,24.25,24.16,24.21,10711
20120912,24.4,24.4,24.23,24.3,18238
20120913,24.23,25.23,24.23,25.2,208028
20120914,25.66,25.96,25.61,25.66,57055
20120917,25.66,25.66,25.15,25.17,62298
20120918,25.06,25.09,25.04,25.05,3217
20120919,24.66,24.71,24.52,24.6,29863
20120920,24.38,24.65,24.38,24.65,28903
20120921,24.83,24.83,24.61,24.65,17264
20120924,24.44,24.7,24.44,24.66,4402
20120925,24.55,24.58,23.99,23.99,74440
20120926,23.81,23.88,23.56,23.63,82355
20120927,23.9,24.16,23.84,24.16,18850
20120928,23.89,23.99,23.81,23.93,36130
20121001,24.45,24.52,24.19,24.19,33874
20121002,24.37,24.37,24.17,24.2,25407
20121003,24.21,24.21,23.96,24.02,3945
20121004,23.96,24.21,23.85,24.21,71649
20121005,24.5,24.5,24.21,24.21,19272
20121008,24.09,24.17,24.03,24.15,9540
20121009,23.99,24.01,23.88,23.99,13288
20121010,23.81,23.81,23.68,23.71,16624
20121011,24.01,24.04,23.99,24.04,4052
20121012,23.63,23.72,23.62,23.72,2874
20121015,23.62,23.81,23.62,23.81,5555
20121016,23.94,24.04,23.94,24,14933
20121017,24.29,24.34,24.26,24.32,7582
20121018,24.27,24.37,24.26,24.28,24341
20121019,24.16,24.16,23.78,23.89,60353
20121022,24.02,24.19,23.97,24.19,15164
20121023,23.54,23.59,23.46,23.58,12395
20121024,23.64,23.64,23.38,23.38,50076
20121025,23.53,23.53,23.35,23.47,21101
20121026,23.28,23.28,23.16,23.18,4562
20121031,23.11,23.16,22.88,22.98,45067
20121101,23.12,23.23,23.07,23.21,20322
20121102,23.14,23.14,22.92,22.98,48402
20121105,23.05,23.07,22.95,22.99,12005
20121106,23.18,23.39,23.18,23.33,40017
20121107,22.86,22.86,22.57,22.66,51996
20121108,22.41,22.62,22.27,22.27,60533
20121109,22.27,22.56,22.26,22.36,23639
20121112,22.42,22.52,22.32,22.48,18038
20121113,21.91,22.04,21.86,21.93,29161
20121114,21.92,21.92,21.57,21.58,85850
20121115,22.01,22.07,21.89,21.92,47321
20121116,21.9,22.23,21.86,22.23,61165
20121119,22.41,22.58,22.38,22.58,27759
20121120,22.54,22.54,22.44,22.44,17950
20121121,22.67,22.75,22.65,22.72,5282
20121123,22.88,23,22.88,23,7662
20121126,22.77,22.87,22.76,22.87,16637
20121127,22.61,22.61,22.42,22.42,49437
20121128,22.21,22.43,22.21,22.43,22217
20121129,22.45,22.56,22.41,22.56,6751
20121130,22.71,22.77,22.71,22.77,1055
20121203,22.93,22.93,22.79,22.83,4466
20121204,22.84,23,22.84,22.93,62063
20121205,23.23,23.36,23.18,23.2,43128
20121206,23.2,23.27,23.19,23.22,9004
20121207,23.26,23.39,23.18,23.38,36409
20121210,23.46,23.58,23.46,23.52,7242
20121211,23.52,23.66,23.52,23.63,2959
20121212,23.8,24.07,23.77,23.83,14094
20121213,23.68,23.78,23.6,23.65,96914
20121214,23.73,23.78,23.73,23.74,6224
20121217,23.73,23.9,23.73,23.9,33958
20121218,23.94,24.2,23.93,24.19,32980
20121219,24.13,24.14,23.96,23.98,48146
20121220,24.23,24.3,24.18,24.26,61495
20121221,24.03,24.08,23.97,24.08,19990
20121224,24.17,24.17,23.93,24.07,4500
20121226,24.18,24.29,24.15,24.19,10637
20121227,24.34,24.42,24.13,24.42,40261
20121228,24.26,24.49,24.26,24.49,27040
20121231,24.51,24.91,24.51,24.9,18352
20130102,25.31,25.53,25.25,25.53,59503
20130103,25.41,25.56,25.31,25.33,118808
20130104,25.31,25.38,25.3,25.38,5567
20130107,25.25,25.25,25.16,25.17,4981
20130108,25.01,25.01,24.89,24.95,21363
20130109,24.87,25,24.87,24.9,17986
20130110,24.97,25.12,24.93,25.11,14357
20130111,25.07,25.07,24.92,24.95,14496
20130114,25.16,25.26,25.12,25.25,12271
20130115,24.96,25.09,24.96,25.08,8564
20130116,24.89,25.04,24.89,25.02,153408
20130117,25.21,25.28,25.21,25.22,2484
20130118,25.4,25.42,25.32,25.38,5067
20130122,25.24,25.32,25.18,25.32,3285
20130123,25.4,25.4,25.32,25.33,6035
20130124,25.49,25.56,25.42,25.42,3355
20130125,25.77,25.77,25.66,25.75,124022
20130128,25.96,25.96,25.78,25.85,21582
20130129,25.68,25.84,25.67,25.82,4916
20130130,25.56,25.62,25.52,25.59,7702
20130131,25.55,25.78,25.55,25.75,122112
20130201,25.88,25.95,25.73,25.9,46743
20130204,25.61,25.61,25.44,25.51,17497
20130205,25.6,25.7,25.59,25.67,16220
20130206,25.45,25.52,25.34,25.52,33771
20130207,25.38,25.38,25.07,25.23,26632
20130208,25.21,25.32,25.21,25.27,33558
20130211,25.27,25.27,25.13,25.23,19048
20130212,25.13,25.24,25.13,25.17,14308
20130213,25.55,25.56,25.44,25.49,48886
20130214,25.17,25.28,25.13,25.28,24131
20130215,25.02,25.06,24.95,24.95,8744
20130219,25.15,25.24,25.14,25.23,69466
20130220,25.13,25.14,24.69,24.69,17000
20130221,24.57,24.57,24.44,24.54,18818
20130222,24.61,24.68,24.54,24.68,10863
20130225,24.84,24.84,24.22,24.22,34741
20130226,24.34,24.36,24.23,24.35,17213
20130227,24.31,24.56,24.31,24.56,39700
20130228,24.38,24.42,24.23,24.23,84033
20130301,24.11,24.19,24.11,24.14,28990
20130304,23.87,23.95,23.82,23.95,5513
20130305,24.26,24.33,24.24,24.25,27467
20130306,24.39,24.44,24.26,24.42,25626
20130307,24.33,24.41,24.33,24.41,497
20130308,24.59,24.77,24.59,24.77,3331
20130311,24.53,24.6,24.48,24.6,16875
20130312,24.43,24.43,24.32,24.36,71467
20130313,24.18,24.24,24.17,24.19,2313
20130314,24.42,24.42,24.36,24.41,1404
20130315,24.52,24.52,24.43,24.46,7627
20130318,23.8,23.93,23.62,23.86,33156
20130319,23.77,23.83,23.29,23.38,34868
20130320,23.72,23.77,23.59,23.59,59057
20130321,23.77,23.78,23.66,23.66,48602
20130322,23.53,23.6,23.53,23.57,2015
20130325,23.65,23.65,23.24,23.33,5809
20130326,23.18,23.31,23.17,23.3,24143
20130327,23.1,23.3,23.01,23.29,15757
20130328,23.33,23.45,23.3,23.41,20830
20130401,23.37,23.5,23.1,23.12,10936
20130402,23.16,23.18,22.98,23.01,26300
20130403,22.94,22.98,22.59,22.59,88816
20130404,22.89,22.94,22.71,22.87,25666
20130405,22.53,22.88,22.52,22.88,19702
20130408,22.86,22.97,22.83,22.95,44437
20130409,23.12,23.31,23.12,23.3,35926
20130410,23.39,23.41,23.28,23.37,13276
20130411,23.01,23.09,23.01,23.06,39550
20130412,22.86,22.94,22.74,22.94,41525
20130415,22.38,22.38,21.93,21.93,60245
20130416,22.23,22.24,22.09,22.23,12299
20130417,21.84,21.84,21.53,21.59,66579
20130418,21.81,21.81,21.57,21.76,61533
20130419,21.74,21.77,21.63,21.71,5686
20130422,21.64,21.7,21.54,21.68,20242
20130423,21.65,21.79,21.55,21.74,62433
20130424,22.21,22.47,22.21,22.38,39637
20130425,22.44,22.6,22.39,22.43,66544
20130426,22.31,22.39,22.23,22.35,17303
20130429,22.35,22.42,22.35,22.39,36004
20130430,22.63,22.7,22.52,22.62,56664
20130501,22.72,22.72,22.36,22.36,9727
20130502,22.54,22.79,22.45,22.79,76205
20130503,23.12,23.29,23.08,23.23,68212
20130506,23.24,23.24,23.14,23.15,15901
20130507,23.47,23.51,23.4,23.44,79739
20130508,23.48,23.64,23.41,23.61,15716
20130509,23.4,23.59,23.37,23.38,64177
20130510,23.38,23.54,23.26,23.53,84876
20130513,23.31,23.34,23.25,23.33,66608
20130514,23.24,23.36,23.23,23.26,19330
20130515,23.06,23.1,22.96,23.09,16116
20130516,22.94,23,22.77,22.8,35580
20130517,23.09,23.21,23.08,23.13,25888
20130520,23.27,23.42,23.27,23.41,19289
20130521,23.61,23.72,23.58,23.63,8629
20130522,23.9,24.14,23.61,23.63,31744
20130523,23.2,23.2,23.01,23.18,34220
20130524,22.84,22.96,22.8,22.96,26613
20130528,23.15,23.17,22.69,22.8,56801
20130529,22.46,22.47,22.32,22.35,24666
20130530,22.32,22.51,22.25,22.44,30824
20130531,22.07,22.15,21.73,21.73,90398
20130603,21.93,22.06,21.84,22.05,47652
20130604,22.1,22.1,21.84,21.93,51086
20130605,21.75,21.76,21.39,21.4,34567
20130606,21.32,21.63,21.24,21.63,93876
20130607,21.7,21.83,21.64,21.66,25550
20130610,21.64,21.64,21.4,21.4,43895
20130611,21,21.06,20.89,20.98,18503
20130612,21.05,21.11,20.79,20.81,17769
20130613,20.76,21.25,20.75,21.25,101131
20130614,21.53,21.58,21.33,21.35,31523
20130617,21.74,21.82,21.58,21.66,94917
20130618,21.79,21.87,21.73,21.85,73244
20130619,21.52,21.53,21.07,21.07,126845
20130620,20.83,20.83,20.23,20.36,101609
20130621,20.74,20.99,20.48,20.86,119606
20130624,20.64,20.81,20.39,20.62,65580
20130625,20.77,20.83,20.61,20.81,18366
20130626,20.97,21.07,20.83,21.01,89127
20130627,20.99,21.08,20.95,21.07,67524
20130628,21.04,21.26,20.98,21.19,21983
20130701,21.36,21.4,21.3,21.33,12152
20130702,21.37,21.38,21,21.05,29138
20130703,21.1,21.3,21.1,21.22,8392
20130705,21.34,21.35,21.17,21.28,27653
20130708,21.22,21.34,21.22,21.29,32882
20130709,21.38,21.42,21.31,21.42,7604
20130710,21.29,21.29,21.18,21.18,3766
20130711,21.89,22.22,21.88,22.22,76501
20130712,22.27,22.35,22.24,22.35,28908
20130715,22.46,22.59,22.45,22.55,16653
20130716,22.74,22.79,22.65,22.79,54444
20130717,23.09,23.32,23.07,23.3,93220
20130718,22.85,22.91,22.66,22.83,61292
20130719,23.08,23.09,22.94,23.02,11646
20130722,23.05,23.07,22.97,23.03,22785
20130723,23.16,23.19,22.99,23.02,69195
20130724,22.88,22.89,22.68,22.78,17539
20130725,22.58,22.78,22.52,22.78,7303
20130726,22.6,22.63,22.38,22.59,31958
20130729,22.4,22.48,22.4,22.45,17358
20130730,22.3,22.3,22.1,22.13,31353
20130731,21.96,22.22,21.89,21.96,72022
20130801,22.27,22.38,22.24,22.34,90092
20130802,22.27,22.35,22.25,22.29,33775
20130805,22.25,22.26,22.19,22.24,11560
20130806,21.97,21.97,21.72,21.75,100117
20130807,21.72,21.82,21.67,21.77,19251
20130808,21.75,21.96,21.7,21.95,16893
20130809,22.13,22.28,22.13,22.18,79591
20130812,22.12,22.26,22.12,22.26,5732
20130813,22.47,22.6,22.4,22.52,70310
20130814,22.64,22.74,22.64,22.68,69461
20130815,22.38,22.44,22.16,22.42,29546
20130816,22.31,22.31,22.21,22.24,2915
20130819,22.27,22.28,22.24,22.24,7766
20130820,22.16,22.3,22.16,22.3,2419
20130821,22.14,22.27,22.03,22.03,16101
20130822,22.45,22.49,22.43,22.45,31768
20130823,22.51,22.57,22.46,22.57,30715
20130826,22.44,22.44,22.24,22.24,19954
20130827,22.07,22.11,21.94,21.94,44525
20130828,21.89,21.99,21.86,21.86,20897
20130829,21.96,22.03,21.82,21.84,22313
20130830,21.82,21.84,21.74,21.76,13234
20130903,21.94,21.94,21.77,21.8,6281
20130904,21.91,22.12,21.91,22.1,26420
20130905,22.44,22.82,22.44,22.77,14948
20130906,23.15,23.15,22.78,22.96,17563
20130909,23.32,23.59,23.32,23.53,53200
20130910,23.44,23.56,23.36,23.49,38062
20130911,23.59,23.72,23.58,23.72,21071
20130912,23.57,23.69,23.54,23.59,16348
20130913,23.48,23.7,23.48,23.7,6011
20130916,24.09,24.19,24.08,24.12,30736
20130917,24.04,24.17,24.04,24.12,11239
20130918,24.17,25.06,23.92,25.04,77382
20130919,24.92,24.92,24.72,24.87,69330
20130920,24.64,24.64,24.41,24.42,4151
20130923,24.29,24.38,24.24,24.32,39154
20130924,24.23,24.37,24.23,24.23,3369
20130925,24.26,24.44,24.26,24.31,62499
20130926,24.35,24.38,24.17,24.3,24576
20130927,24.07,24.11,24.02,24.05,14701
20130930,23.71,23.87,23.7,23.77,5116
20131001,24.02,24.33,24.02,24.33,36437
20131002,23.94,24.15,23.86,24.15,13683
20131003,24.12,24.13,23.94,24.07,34881
20131004,24.15,24.35,24.15,24.34,10703
20131007,24.14,24.36,24.14,24.3,30359
20131008,24.61,24.71,24.5,24.5,27171
20131009,24.4,24.6,24.4,24.53,37282
20131010,24.79,25.03,24.79,25.03,29401
20131011,24.68,24.92,24.68,24.92,41402
20131014,24.65,25.06,24.65,25.06,16084
20131015,24.99,25.13,24.92,24.92,107283
20131016,25.12,25.2,25.12,25.18,51827
20131017,24.97,25.22,24.96,25.2,63260
20131018,25.36,25.44,25.36,25.38,10198
20131021,25.4,25.44,25.33,25.36,6489
20131022,25.42,25.52,25.41,25.44,18953
20131023,25.2,25.2,24.96,24.97,13924
20131024,25.04,25.07,24.96,24.99,32317
20131025,25.06,25.1,24.98,25.1,64029
20131028,25.12,25.19,25.06,25.13,15672
20131029,25.06,25.06,24.99,24.99,13332
20131030,24.99,24.99,24.75,24.76,34485
20131031,24.85,24.87,24.71,24.75,43960
20131101,24.9,24.92,24.8,24.88,26149
20131104,24.96,25.03,24.91,25.03,31411
20131105,24.76,24.76,24.54,24.54,64528
20131106,24.6,24.67,24.59,24.59,8113
20131107,24.72,24.75,24.32,24.34,124107
20131108,24.17,24.25,24.08,24.25,41618
20131111,24.1,24.11,24.02,24.02,42744
20131112,24.22,24.22,23.97,24.01,48382
20131113,23.71,23.99,23.66,23.99,52779
20131114,24.19,24.35,24.12,24.35,26708
20131115,24.32,24.44,24.32,24.39,24092
20131118,24.64,24.83,24.57,24.57,65217
20131119,24.45,24.5,24.24,24.24,50668
20131120,24.31,24.31,23.94,23.97,64386
20131121,24.01,24.2,24,24.17,64634
20131122,24.29,24.47,24.29,24.44,31044
20131125,24.18,24.2,24.02,24.04,11780
20131126,23.91,24.08,23.85,24.07,22037
20131127,23.74,23.89,23.74,23.89,39610
20131129,23.75,23.9,23.75,23.85,17586
20131202,23.7,23.72,23.47,23.5,41033
20131203,23.34,23.4,23.23,23.37,66331
20131204,23.16,23.38,23.16,23.38,31121
20131205,23.16,23.2,23.09,23.09,47805
20131206,23.51,23.58,23.45,23.58,70277
20131209,23.79,23.84,23.79,23.83,11567
20131210,23.71,23.78,23.7,23.76,35264
20131211,23.7,23.7,23.33,23.41,13280
20131212,23.43,23.44,23.35,23.35,8422
20131213,23.36,23.43,23.3,23.43,14319
20131216,23.63,23.67,23.58,23.58,32324
20131217,23.73,23.77,23.65,23.68,43419
20131218,23.85,24.27,23.55,24.26,160612
20131219,24.12,24.19,24.12,24.14,63556
20131220,24.03,24.09,24.03,24.03,11003
20131223,24.49,24.49,24.34,24.39,10149
20131224,24.44,24.5,24.44,24.49,5328
20131226,24.37,24.37,24.35,24.36,9056
20131227,24.31,24.36,24.28,24.36,29658
20131230,24.36,24.46,24.36,24.41,47181
20131231,24.63,24.77,24.61,24.75,46162
20140102,24.51,24.51,23.91,23.91,92184
20140103,24.06,24.08,23.76,23.83,41988
20140106,23.59,23.6,23.41,23.44,30449
20140107,23.52,23.59,23.47,23.53,9050
20140108,23.52,23.62,23.42,23.43,36265
20140109,23.48,23.48,23.25,23.34,21545
20140110,23.55,23.67,23.55,23.67,44939
20140113,23.7,23.7,23.26,23.33,46863
20140114,23.43,23.57,23.38,23.54,26512
20140115,23.62,23.68,23.6,23.63,27312
20140116,23.47,23.49,23.47,23.48,16919
20140117,23.58,23.58,23.41,23.44,13289
20140121,23.6,23.6,23.4,23.47,87871
20140122,23.5,23.58,23.5,23.58,21253
20140123,23.45,23.45,22.99,23.07,17302
20140124,22.94,22.95,22.56,22.56,79362
20140127,22.61,22.61,22.27,22.39,761885
20140128,22.33,22.41,22.19,22.31,88654
20140129,21.88,22.01,21.76,21.79,53767
20140130,21.97,22.02,21.87,21.95,81503
20140131,21.65,21.93,21.63,21.86,43066
20140203,21.71,21.71,21.03,21.11,47752
20140204,21.54,21.64,21.51,21.6,72245
20140205,21.89,21.91,21.72,21.89,57484
20140206,22.09,22.32,22.09,22.28,13433
20140207,22.44,22.47,22.3,22.39,23888
20140210,22.4,22.4,22.25,22.27,18209
20140211,22.5,22.62,22.47,22.62,6336
20140212,22.71,22.79,22.61,22.65,6493
20140213,22.14,22.48,22.14,22.48,52046
20140214,22.51,22.73,22.51,22.73,24013
20140218,22.55,22.64,22.46,22.46,30658
20140219,22.05,22.17,21.71,21.71,89760
20140220,21.81,21.92,21.73,21.92,78673
20140221,22.15,22.22,22.15,22.15,52601
20140224,22.1,22.31,22.1,22.24,6677
20140225,21.91,21.99,21.86,21.92,10073
20140226,21.68,21.78,21.56,21.57,64552
20140227,21.4,21.47,21.2,21.47,56084
20140228,21.37,21.39,20.99,20.99,52192
20140303,19.011,19.645,18.861,19.426,289707
20140304,20.2,20.34,20.15,20.27,123244
20140305,20.27,20.31,20.1,20.26,34811
20140306,20.03,20.13,19.832,19.974,48728
20140307,20.06,20.06,19.479,19.718,62100
20140310,19.718,19.718,19.444,19.624,31971
20140311,19.523,19.585,19.152,19.214,66089
20140312,18.984,18.993,18.737,18.888,85717
20140313,18.604,18.666,17.915,18.11,45762
20140314,18.092,18.693,18.092,18.693,34146
20140317,18.693,19.338,18.693,19.311,64715
20140318,19.7,20.26,19.7,20.24,82038
20140319,20.19,20.19,19.488,19.559,18796
20140320,19.585,19.749,18.905,19.011,81527
20140321,19.223,19.444,19.135,19.249,49276
20140324,19.373,19.435,19.046,19.223,76034
20140325,19.85,19.938,19.762,19.841,29207
20140326,20.41,20.41,19.885,19.921,18462
20140327,19.921,20.34,19.85,19.983,155828
20140328,20.12,20.23,19.718,19.718,20658
20140331,20.42,20.7,20.34,20.65,35631
20140401,20.76,20.99,20.75,20.91,60505
20140402,20.62,20.82,20.48,20.82,15431
20140403,20.62,20.62,20.27,20.45,53837
20140404,20.72,20.96,20.49,20.54,11846
20140407,20.14,20.24,20.01,20.1,23034
20140408,20.2,20.34,20.14,20.22,24066
20140409,20.22,20.43,20.04,20.34,14043
20140410,20.47,20.47,20.05,20.11,23933
20140411,20.13,20.22,20.1,20.18,7467
20140414,20.04,20.09,19.506,19.62,21345
20140415,19.47,19.47,18.861,19.108,40289
20140416,19.329,19.488,19.285,19.444,7560
20140417,19.506,20.76,19.488,20.55,77013
20140421,20.24,20.24,19.894,19.921,23333
20140422,19.903,19.965,19.806,19.824,15316
20140423,19.744,19.912,19.683,19.832,26710
20140424,19.391,19.488,19.108,19.373,61243
20140425,19.082,19.082,18.684,18.728,42287
20140428,18.993,19.629,18.993,19.55,29567
20140429,19.453,19.656,19.435,19.594,14954
20140430,19.426,19.638,19.417,19.576,17422
20140501,19.541,19.638,19.506,19.541,6876
20140502,19.408,19.47,19.241,19.276,39869
20140505,19.391,19.391,19.214,19.329,21217
20140506,19.594,19.938,19.594,19.726,25073
20140507,20.17,20.86,20.17,20.67,40085
20140508,20.8,20.99,20.59,20.72,33606
20140509,20.68,20.76,20.57,20.57,9442
20140512,20.71,20.82,20.6,20.8,42658
20140513,21.14,21.15,20.85,21.02,24546
20140514,21.08,21.33,21.02,21.2,27071
20140515,21.29,21.3,20.91,20.96,22499
20140516,20.95,21.28,20.89,21.19,17279
20140519,21.63,21.7,21.51,21.68,10955
20140520,21.61,21.88,21.61,21.88,26356
20140521,22.08,22.17,21.93,22.03,46622
20140522,22.01,22.02,21.79,21.92,7664
20140523,22.09,22.26,22.09,22.25,16894
20140527,21.85,21.85,21.61,21.8,26259
20140528,21.78,21.94,21.77,21.9,9220
20140529,22.11,22.19,22.06,22.17,19051
20140530,22.01,22.01,21.74,21.78,18172
20140602,22.17,22.17,21.42,21.91,34450
20140603,22.01,22.24,22.01,22.24,9166
20140604,22.25,22.3,22.17,22.24,4508
20140605,22.42,22.46,22.28,22.36,13373
20140606,22.61,22.75,22.55,22.68,9356
20140609,22.93,22.93,22.72,22.79,8781
20140610,22.75,22.86,22.69,22.83,15568
20140611,22.8,23.01,22.8,22.99,14529
20140612,22.99,22.99,22.55,22.67,27775
20140613,22.76,22.8,22.5,22.79,56317
20140616,22.83,22.83,22.39,22.65,8844
20140617,22.6,22.62,22.46,22.61,34254
20140618,22.77,23.15,22.74,23.15,28519
20140619,23.12,23.18,22.84,22.93,27352
20140620,22.82,22.91,22.65,22.82,31947
20140623,22.97,23.07,22.72,23.02,49702
20140624,23.39,23.75,23.39,23.47,29113
20140625,23.29,23.35,23.09,23.27,21681
20140626,23.12,23.12,22.94,23.05,5603
20140627,23.11,23.15,22.98,23.12,16985
20140630,22.86,22.88,22.8,22.85,26001
20140701,22.88,22.97,22.85,22.94,10851
20140702,23.29,23.35,23.2,23.35,7984
20140703,23.33,23.44,23.25,23.44,8322
20140707,23.35,23.42,23.18,23.38,11805
20140708,23.37,23.47,23.14,23.21,39688
20140709,23.37,23.52,23.21,23.51,40015
20140710,22.97,23.2,22.85,23.08,11724
20140711,23.14,23.19,23.11,23.14,4222
20140714,22.98,23.05,22.97,23.01,1919
20140715,22.94,22.94,22.73,22.77,13123
20140716,22.87,23.1,22.87,23.03,3375
20140717,22.19,22.25,21.43,21.52,47785
20140718,21.71,21.95,21.68,21.83,10636
20140721,21.34,21.48,21.2,21.44,21586
20140722,21.82,21.83,21.72,21.72,6001
20140723,21.8,21.8,21.55,21.59,20920
20140724,21.6,21.95,21.54,21.56,15782
20140725,21.52,21.52,21.18,21.26,21035
20140728,20.98,20.98,20.78,20.9,13653
20140729,20.96,21.12,20.67,20.67,31144
20140730,21.14,21.24,20.94,21.19,6955
20140731,21.24,21.24,20.72,20.75,25234
20140801,20.68,20.76,20.5,20.75,6630
20140804,20.62,20.94,20.61,20.94,25069
20140805,20.61,20.61,20.25,20.34,7890
20140806,19.978,20.347,19.818,19.818,11618
20140807,19.987,20.01,19.88,19.987,10656
20140808,20.2,20.59,20.17,20.55,12697
20140811,20.73,20.92,20.66,20.89,36424
20140812,20.73,20.89,20.73,20.86,15586
20140813,21.15,21.22,21.02,21.12,10944
20140814,21.34,21.34,21.28,21.28,8604
20140815,21.34,21.56,20.83,21.1,32650
20140818,21,21.5,21,21.49,29736
20140819,21.58,21.87,21.57,21.86,25509
20140820,21.85,21.87,21.77,21.77,2608
20140821,22,22.05,21.96,22.05,5076
20140822,21.9,21.9,21.62,21.62,5018
20140825,21.84,21.98,21.84,21.94,4423
20140826,21.88,21.88,21.69,21.78,2686
20140827,21.78,21.85,21.78,21.85,337
20140828,21.08,21.2,21.01,21.12,13952
20140829,20.89,20.94,20.67,20.78,8333
20140902,20.54,20.6,20.49,20.52,12221
20140903,21.72,21.76,21.56,21.68,12479
20140904,21.75,21.75,21.56,21.56,3179
20140905,22.06,22.12,21.8,21.92,8078
20140908,21.63,21.92,21.63,21.76,2950
20140909,21.62,21.72,21.49,21.49,2529
20140910,21.44,21.74,21.43,21.74,1461
20140911,21.54,21.54,21.17,21.17,6012
20140912,21.25,21.28,21.17,21.27,2561
20140915,21.13,21.13,20.95,20.95,3570
20140916,21.11,21.38,21.11,21.38,1856
20140917,20.95,21.03,20.86,20.87,9386
20140918,20.77,20.77,20.56,20.68,1175
20140919,20.55,20.59,20.5,20.56,4333
20140922,20.45,20.45,20.08,20.15,36505
20140923,20.3,20.56,20.3,20.49,18610
20140924,20.68,20.94,20.68,20.78,6780
20140925,20.8,20.8,20.31,20.43,6184
20140926,20.27,20.33,20.15,20.33,4555
20140929,20.09,20.09,19.693,19.782,28837
20140930,19.72,19.8,19.506,19.509,8877
20141001,19.56,19.56,19.204,19.267,5282
20141002,19.115,19.273,18.893,19.273,16652
20141003,19.204,19.435,19.204,19.382,9013
20141006,19.676,19.729,19.515,19.729,2730
20141007,19.524,19.524,19.249,19.249,14789
20141008,19.195,19.32,18.911,19.32,19184
20141009,19.311,19.311,18.884,18.938,4769
20141010,18.68,18.724,18.493,18.546,14023
20141013,18.946,18.999,18.724,18.724,8345
20141014,18.893,18.92,18.591,18.591,8361
20141015,18.555,18.795,18.297,18.772,11318
20141016,18.306,18.609,18.2,18.449,8698
20141017,18.742,19.133,18.742,18.822,9643
20141020,18.635,18.813,18.518,18.591,19427
20141021,18.68,18.831,18.68,18.778,27774
20141022,18.635,18.635,18.386,18.422,29245
20141023,18.369,18.405,18.235,18.244,29417
20141024,18.342,18.618,18.297,18.618,4691
20141027,18.306,18.457,18.306,18.413,22543
20141028,18.672,18.672,18.546,18.582,1147
20141029,18.706,18.802,18.529,18.564,6224
20141030,19.035,19.427,19.027,19.329,8950
20141031,19.204,19.293,19.16,19.187,10576
20141103,18.938,18.938,18.866,18.866,10572
20141104,18.778,18.778,18.549,18.715,43292
20141105,18.804,18.804,18.546,18.62,10222
20141106,18.324,18.324,17.844,17.888,12016
20141107,17.888,18.002,17.826,17.977,15473
20141110,18.386,18.502,18.306,18.333,17933
20141111,18.209,18.209,18.013,18.2,6931
20141112,18.164,18.36,18.066,18.297,6584
20141113,17.995,18.022,17.675,17.675,84318
20141114,17.568,17.755,17.56,17.755,6411
20141117,17.728,17.764,17.638,17.727,17192
20141118,17.862,17.995,17.826,17.878,3361
20141119,17.908,18.04,17.872,17.924,5311
20141120,18.011,18.226,18.008,18.137,13087
20141121,18.573,18.573,18.315,18.475,13110
20141124,18.671,18.724,18.564,18.589,9458
20141125,18.493,18.511,18.182,18.182,64545
20141126,18.066,18.117,17.942,17.951,12354
20141128,17.337,17.488,16.937,16.937,26290
20141201,16.706,16.99,16.528,16.955,44326
20141202,16.457,16.457,16.199,16.202,42274
20141203,16.386,16.777,16.369,16.528,52376
20141204,16.324,16.324,16.021,16.057,26587
20141205,16.004,16.047,15.781,16.004,29630
20141208,15.523,15.523,15.15,15.168,46183
20141209,15.115,15.177,14.981,15.177,19571
20141210,15.212,15.239,14.812,14.874,26573
20141211,14.465,14.465,14.065,14.065,53755
20141212,14.119,14.208,13.72,13.728,24475
20141215,13.176,13.176,12.065,12.156,137255
20141216,11.345,12.67,11.025,12.201,420479
20141217,13.078,13.904,12.91,13.692,107996
20141218,14.563,14.563,13.078,13.514,168047
20141219,13.723,14.253,13.36,14.067,65692
20141222,15.211,15.211,14.29,14.588,89192
20141223,14.272,14.278,13.677,14.114,55823
20141224,14.355,14.755,14.276,14.551,49993
20141226,14.709,14.885,14.551,14.551,48339
20141229,14.29,14.29,13.4,13.407,62873
20141230,13.853,14.188,13.686,14.188,57227
20141231,14.03,14.03,13.352,13.388,84991
20150102,13.881,13.881,13.24,13.528,28186
20150105,13.491,13.57,13.109,13.165,15785
20150106,13.24,13.323,12.803,13.007,38167
20150107,13.286,13.63,13.286,13.528,22979
20150108,14.355,14.504,14.234,14.504,42577
20150109,13.881,14.168,13.788,13.956,16319
20150112,13.602,13.677,13.481,13.574,14910
20150113,13.212,13.481,13.147,13.453,32203
20150114,13.212,13.89,13.212,13.844,15449
20150115,13.835,13.844,13.277,13.379,32707
20150116,13.732,13.956,13.732,13.89,32900
20150120,13.723,13.928,13.491,13.558,12166
20150121,13.937,13.993,13.853,13.993,6072
20150122,14.411,14.792,14.411,14.772,32437
20150123,14.802,14.857,14.578,14.616,173816
20150126,14.067,14.132,13.473,13.565,51244
20150127,13.918,14.346,13.825,14.197,38051
20150128,13.89,13.89,13.649,13.658,9510
20150129,13.667,13.667,13.323,13.537,26126
20150130,13.1,13.565,12.97,13.258,26379
20150202,13.268,13.416,13.082,13.388,17482
20150203,13.816,14.179,13.788,14.132,34383
20150204,13.89,13.937,13.574,13.625,8886
20150205,14.216,14.365,14.16,14.216,28183
20150206,14.644,14.764,14.355,14.737,88290
20150209,14.811,14.978,14.783,14.83,21473
20150210,14.811,15.146,14.551,15.127,11733
20150211,14.941,15.397,14.811,15.229,17064
20150212,15.35,16.066,15.35,15.973,46482
20150213,15.982,16.437,15.982,16.215,114053
20150217,16.159,16.299,15.824,16.243,33811
20150218,16.484,16.54,16.336,16.373,20678
20150219,15.806,16.373,15.731,16.326,10201
20150220,16.057,16.259,15.908,16.178,23159
20150223,15.676,15.693,15.443,15.462,31250
20150224,15.49,15.741,15.49,15.527,40624
20150225,15.527,15.796,15.48,15.741,35452
20150226,15.899,15.926,15.462,15.592,27921
20150227,15.629,16.029,15.629,15.899,36647
20150302,15.899,15.899,15.685,15.694,9514
20150303,15.992,16.131,15.917,16.122,61070
20150304,15.88,15.88,15.555,15.731,12133
20150305,15.93,15.95,15.807,15.889,4400
20150306,15.834,15.834,15.566,15.601,4790
20150309,15.518,15.518,15.164,15.267,9042
20150310,14.969,14.969,14.709,14.709,10301
20150311,14.802,14.96,14.709,14.867,40822
20150312,15.107,15.107,14.792,14.857,4589
20150313,14.69,14.755,14.383,14.393,13015
20150316,14.365,14.423,14.141,14.365,30733
20150317,14.374,14.523,14.327,14.523,28292
20150318,14.625,15.201,14.56,15.175,15044
20150319,14.885,14.885,14.569,14.653,3498
20150320,14.988,15.201,14.949,15.108,16415
20150323,15.015,15.104,15.006,15.015,10463
20150324,15.304,15.425,15.248,15.313,12293
20150325,15.415,15.554,15.276,15.497,6368
20150326,15.341,15.341,15.034,15.136,10175
20150327,15.069,15.069,14.988,14.988,2148
20150330,15.276,15.48,15.276,15.48,24074
20150331,15.266,15.424,15.266,15.313,10080
20150401,15.694,15.954,15.666,15.862,16247
20150402,15.862,16.447,15.862,16.447,45899
20150406,16.512,16.996,16.512,16.912,13615
20150407,16.931,16.959,16.671,16.856,15462
20150408,17.135,17.135,16.926,17.042,19029
20150409,17.321,17.6,17.286,17.526,64488
20150410,17.089,17.396,16.94,16.959,34541
20150413,16.921,17.386,16.912,17.2,98159
20150414,17.396,17.544,17.191,17.519,11905
20150415,17.749,18.351,17.749,18.325,44831
20150416,18.102,18.446,18.009,18.353,23977
20150417,17.693,17.693,17.005,17.451,60519
20150420,17.331,17.386,17.2,17.2,48291
20150421,17.321,17.49,17.312,17.388,17794
20150422,17.293,17.479,17.219,17.451,4822
20150423,17.6,17.916,17.6,17.916,10571
20150424,17.981,17.981,17.822,17.879,10262
20150427,17.86,17.953,17.557,17.557,7713
20150428,17.563,17.879,17.526,17.712,7972
20150429,17.693,17.907,17.628,17.805,14178
20150430,17.582,17.781,17.582,17.693,8245
20150501,17.814,18.121,17.74,17.823,23820
20150504,17.963,17.963,17.842,17.886,4605
20150505,18.307,18.307,18.15,18.208,11747
20150506,18.465,18.521,17.963,17.963,17676
20150507,18.13,18.186,17.879,17.953,34086
20150508,18.149,18.291,18.056,18.183,12714
20150511,18.288,18.353,18.112,18.232,12172
20150512,18.149,18.428,18.133,18.325,18027
20150513,18.595,18.623,18.409,18.409,13325
20150514,18.307,18.368,18.232,18.353,14589
20150515,18.428,18.604,18.428,18.604,7444
20150518,18.623,18.714,18.474,18.502,23587
20150519,18.186,18.278,18.077,18.112,8883
20150520,17.833,17.991,17.665,17.786,14223
20150521,17.768,18.05,17.768,18.002,5992
20150522,18.065,18.13,17.972,18.087,3098
20150526,17.842,17.842,17.498,17.516,15496
20150527,17.293,17.474,17.126,17.349,20157
20150528,17.247,17.247,17.147,17.2,7763
20150529,17.2,17.21,16.921,16.921,10728
20150601,16.847,16.847,16.391,16.391,21364
20150602,16.68,17.098,16.652,16.987,23634
20150603,16.429,16.652,16.429,16.531,4675
20150604,16.252,16.252,15.834,15.843,27246
20150605,15.806,16.029,15.703,16.029,4470
20150608,16.122,16.122,15.927,16.027,6843
20150609,16.28,16.345,16.252,16.345,2905
20150610,16.624,16.698,16.54,16.54,3261
20150611,16.447,16.522,16.387,16.503,3768
20150612,16.401,16.401,16.196,16.196,7072
20150615,16.224,16.466,16.178,16.401,3891
20150616,16.605,16.825,16.605,16.68,6709
20150617,16.717,16.849,16.531,16.818,6827
20150618,16.838,16.959,16.788,16.788,3085
20150619,16.665,16.665,16.572,16.572,6993
20150622,16.805,16.832,16.731,16.75,6573
20150623,16.628,16.787,16.582,16.787,18428
20150624,16.545,16.565,16.33,16.34,8193
20150625,16.295,16.295,16.172,16.172,11587
20150626,16.2,16.321,16.163,16.321,1330
20150629,16.014,16.06,15.828,15.874,11817
20150630,16.154,16.206,16.154,16.181,1245
20150701,16.61,16.61,15.975,15.984,8796
20150702,16.093,16.093,16.014,16.014,2203
20150706,15.744,15.744,15.614,15.614,10935
20150707,15.465,15.874,15.167,15.511,13815
20150708,15.213,15.242,15.046,15.129,17796
20150709,15.39,15.409,15.265,15.307,18603
20150710,15.586,15.753,15.586,15.753,7644
20150713,15.725,15.884,15.725,15.859,11009
20150714,15.828,16.028,15.828,16.028,23151
20150715,15.939,16.005,15.921,15.939,15687
20150716,16.098,16.144,16.06,16.07,10965
20150717,16.177,16.191,16.005,16.056,6600
20150720,15.902,15.915,15.781,15.818,10391
20150721,15.969,15.969,15.809,15.893,17065
20150722,15.763,15.803,15.623,15.623,4783
20150723,15.409,15.437,15.371,15.371,3398
20150724,15.232,15.232,15.018,15.12,10259
20150727,14.804,14.804,14.608,14.645,24123
20150728,14.804,14.869,14.646,14.841,9343
20150729,14.99,15.39,14.934,15.39,12570
20150730,15.264,15.288,15.232,15.288,2579
20150731,15.213,15.241,15.001,15.001,8705
20150803,14.897,14.897,14.58,14.58,41080
20150804,14.785,14.841,14.682,14.775,8229
20150805,15.008,15.083,14.627,14.704,7875
20150806,14.627,14.627,14.515,14.589,11812
20150807,14.552,14.785,14.552,14.72,6206
20150810,14.766,15.12,14.766,15.064,13164
20150811,14.934,14.934,14.72,14.766,7090
20150812,14.664,14.776,14.617,14.776,14657
20150813,14.682,14.776,14.634,14.748,3442
20150814,14.785,14.785,14.655,14.655,2360
20150817,14.589,14.589,14.496,14.496,14278
20150818,14.431,14.468,14.329,14.386,13970
20150819,14.254,14.254,14.021,14.021,6893
20150820,14.031,14.095,13.849,13.928,15725
20150821,13.621,13.621,13.277,13.277,15311
20150824,12.671,13.072,12.355,12.802,32789
20150825,13.441,13.612,13.016,13.016,12083
20150826,13.258,13.464,13.249,13.435,23897
20150827,13.705,14.292,13.705,14.282,17054
20150828,14.096,14.641,14.096,14.608,13003
20150831,14.291,14.99,14.291,14.934,10782
20150901,14.403,14.431,13.947,13.956,13022
20150902,14.096,14.105,13.733,13.975,3908
20150903,14.068,14.273,14.059,14.115,17324
20150904,14.003,14.003,13.751,13.751,3991
20150908,13.928,14.059,13.845,14.059,15849
20150909,14.068,14.091,13.789,13.789,8794
20150910,13.872,14.048,13.872,14.012,3987
20150911,13.863,14.003,13.863,14.003,1610
20150914,14.031,14.18,14.031,14.161,3118
20150915,14.161,14.245,14.161,14.226,6353
20150916,14.543,14.785,14.543,14.775,3153
20150917,14.608,14.831,14.515,14.729,25867
20150918,14.319,14.44,14.224,14.224,5936
20150921,14.264,14.264,14.115,14.129,5477
20150922,13.742,13.853,13.7,13.835,10123
20150923,13.747,13.872,13.565,13.565,9112
20150924,13.519,13.63,13.519,13.63,1402
20150925,13.742,13.824,13.742,13.779,8327
20150928,13.556,13.556,13.5,13.514,959
20150929,13.649,13.742,13.64,13.64,5391
20150930,13.947,13.947,13.82,13.82,1441
20151001,13.644,13.644,13.644,13.644,381
20151002,13.426,13.696,13.36,13.696,3722
20151005,14.189,14.198,14.124,14.161,1979
20151006,14.291,14.482,14.291,14.459,7998
20151007,14.878,14.962,14.682,14.766,10924
20151008,14.925,15.316,14.897,15.316,23207
20151009,15.511,15.651,15.418,15.418,8367
20151012,15.465,15.465,15.157,15.157,7180
20151013,15.176,15.222,15.018,15.055,83598
20151014,15.232,15.371,15.157,15.371,6016
20151015,15.502,15.865,15.502,15.865,6933
20151016,15.688,15.688,15.557,15.688,1782
20151019,15.26,15.362,15.251,15.325,3221
20151020,15.306,15.437,15.306,15.362,3672
20151021,15.204,15.204,15.064,15.089,12110
20151022,15.334,15.334,15.204,15.297,10094
20151023,15.474,15.474,15.355,15.446,3159
20151026,15.12,15.157,15.099,15.111,3875
20151027,14.785,14.785,14.692,14.748,6388
20151028,15.036,15.092,14.971,14.971,2415
20151029,14.85,14.897,14.785,14.785,2791
20151030,14.934,15.008,14.925,14.925,9696
20151102,15.111,15.241,15.111,15.241,6584
20151103,15.772,15.906,15.772,15.833,10876
20151104,15.939,16.023,15.609,15.641,15911
20151105,15.548,15.651,15.548,15.595,2847
20151106,15.269,15.306,15.232,15.232,1434
20151109,15.138,15.138,15.026,15.027,5640
20151110,15.074,15.074,14.962,14.99,428
20151111,15.157,15.157,14.86,14.86,746
20151112,14.692,14.692,14.571,14.589,809
20151113,14.46,14.552,14.42,14.44,3514
20151116,14.617,14.962,14.617,14.962,1523
20151117,15.222,15.446,15.185,15.446,10102
20151118,15.539,15.735,15.53,15.735,8270
20151119,15.651,15.762,15.614,15.651,6515
20151120,15.762,15.917,15.725,15.781,5928
20151123,15.93,15.949,15.872,15.886,3803
20151124,15.437,15.568,15.381,15.511,16057
20151125,15.52,15.8,15.496,15.753,8695
20151127,15.204,15.306,15.185,15.185,5873
20151130,15.238,15.241,15.238,15.241,1397
20151201,14.943,14.971,14.878,14.943,3083
20151202,14.822,14.869,14.647,14.647,3350
20151203,14.766,14.915,14.766,14.855,3258
20151204,14.543,14.561,14.459,14.478,14395
20151207,14.291,14.291,13.966,13.984,8439
20151208,13.826,13.891,13.733,13.891,5000
20151209,13.994,14.152,13.807,13.872,4531
20151210,14.026,14.026,13.975,13.975,3565
20151211,13.742,13.742,13.497,13.547,26957
20151214,13.519,13.537,13.403,13.537,5761
20151215,13.751,13.919,13.751,13.857,5583
20151216,13.891,13.891,13.854,13.863,986
20151217,13.956,13.956,13.803,13.803,5964
20151218,13.533,13.544,13.417,13.524,17393
20151221,13.437,13.437,13.32,13.339,7421
20151222,13.368,13.521,13.326,13.47,7300
20151223,13.728,13.962,13.728,13.962,9859
20151224,13.991,14.001,13.836,13.846,6678
20151228,13.505,13.534,13.437,13.437,6696
20151229,13.466,13.69,13.466,13.69,10821
20151230,13.524,14.303,13.33,13.359,32902
20151231,13.563,13.563,13.369,13.476,7809
20160104,13.339,13.339,13.038,13.154,20205
20160105,13.116,13.321,13.116,13.321,841
20160106,13.038,13.135,13.038,13.038,3703
20160107,12.6,12.687,12.442,12.473,32752
20160108,12.571,12.571,12.337,12.352,14498
20160111,12.444,12.444,12.027,12.119,9533
20160112,12.337,12.337,12.099,12.201,25782
20160113,12.327,12.336,12.143,12.201,4963
20160114,12.006,12.249,11.977,12.191,18145
20160115,11.51,11.539,11.359,11.452,52903
20160119,11.588,11.606,11.471,11.481,3906
20160120,11.15,11.15,10.772,11.121,40685
20160121,11.043,11.343,11.043,11.218,9824
20160122,11.88,12.249,11.88,12.188,10175
20160125,11.929,12.026,11.919,11.958,40663
20160126,11.929,12.173,11.899,12.046,2793
20160127,12.22,12.429,12.22,12.397,20312
20160128,12.853,12.94,12.746,12.87,5124
20160129,13.047,13.202,13.038,13.185,18019
20160201,12.921,12.989,12.697,12.756,88325
20160202,12.473,12.473,12.123,12.123,7987
20160203,12.503,12.882,12.294,12.882,4031
20160204,13.135,13.145,12.949,12.949,3761
20160205,12.814,12.814,12.64,12.64,689
20160208,12.648,12.648,12.211,12.211,4234
20160209,12.113,12.113,11.812,11.899,43949
20160210,11.959,12.279,11.959,12.045,23433
20160211,11.734,11.944,11.678,11.938,11105
20160212,12.074,12.201,12.074,12.143,1993
20160216,12.425,12.532,12.425,12.512,4267
20160217,12.824,12.96,12.824,12.901,3804
20160218,13.096,13.096,12.882,12.882,1876
20160219,12.561,12.707,12.561,12.697,11202
20160222,13.271,13.271,13.213,13.242,1151
20160223,13.174,13.174,13.018,13.018,6393
20160224,12.599,12.697,12.599,12.697,2086
20160225,12.94,13.047,12.94,13.038,843
20160226,13.096,13.106,13.067,13.067,3906
20160229,12.94,13.388,12.94,13.291,105756
20160301,13.612,13.811,13.612,13.777,5027
20160302,13.583,13.758,13.573,13.756,5090
20160303,13.913,13.943,13.903,13.933,3845
20160304,14.088,14.439,14.05,14.41,19131
20160307,14.497,14.857,14.497,14.725,8081
20160308,14.594,14.594,14.322,14.351,3267
20160309,14.41,14.497,14.41,14.468,2485
20160310,14.458,14.546,14.273,14.395,9105
20160311,14.653,14.799,14.653,14.779,5803
20160314,14.468,14.77,14.429,14.77,5453
20160315,14.4,14.4,14.303,14.303,4332
20160316,14.485,14.594,14.478,14.594,720
20160317,15.071,15.259,15.071,15.246,1698
20160318,15.519,15.548,15.295,15.295,4315
20160321,15.149,15.409,15.149,15.409,1653
20160322,15.353,15.451,15.353,15.402,14700
20160323,15.198,15.198,14.945,14.995,10963
20160324,14.658,14.746,14.604,14.726,5738
20160328,14.818,14.906,14.795,14.812,2463
20160329,14.604,14.906,14.536,14.857,6769
20160330,15.139,15.285,15.061,15.073,11240
20160331,15.207,15.227,15.169,15.169,2320
20160404,14.796,14.796,14.796,14.796,154
20160405,14.682,14.682,14.614,14.643,1707
20160407,14.858,14.872,14.838,14.838,1111
20160408,15.213,15.213,15.213,15.213,617
20160411,15.528,15.655,15.528,15.604,3797
20160412,15.665,16.034,15.665,16.034,12604
20160413,16.073,16.161,15.976,15.976,3372
20160414,15.85,15.898,15.801,15.801,9061
20160415,15.801,15.801,15.665,15.704,10961
20160418,15.285,15.645,15.139,15.597,9957
20160419,15.927,16.054,15.927,16.015,2820
20160420,16.171,16.506,16.151,16.492,9276
20160421,16.112,16.161,16.083,16.104,11696
20160422,16.248,16.248,16.004,16.034,10071
20160425,16.122,16.122,15.898,15.898,6977
20160426,16.044,16.199,16.034,16.199,3574
20160427,16.141,16.19,16.025,16.19,3236
20160428,16.373,16.628,16.328,16.628,1708
20160429,16.463,16.472,16.248,16.336,17523
20160502,16.365,16.365,16.2,16.26,7281
20160503,16.083,16.083,15.762,15.764,6096
20160504,15.811,15.811,15.423,15.446,4155
20160505,15.728,15.733,15.597,15.597,4720
20160506,15.51,15.567,15.51,15.529,1664
20160509,15.385,15.385,15.285,15.285,1437
20160510,15.349,15.48,15.349,15.421,2713
20160511,15.82,15.947,15.82,15.898,20368
20160512,16.005,16.044,15.83,15.995,12815
20160513,15.859,15.966,15.83,15.83,5448
20160516,16.064,16.103,15.976,15.986,2529
20160517,15.85,15.937,15.85,15.927,4009
20160518,15.834,15.909,15.606,15.645,1198
20160519,15.519,15.519,15.421,15.47,5858
20160520,15.431,15.455,15.402,15.455,309
20160523,15.31,15.335,15.31,15.335,766
20160524,15.421,15.49,15.412,15.49,3290
20160525,15.743,15.743,15.665,15.665,206
20160526,15.918,15.947,15.879,15.918,9148
20160531,15.811,15.917,15.494,15.494,5882
20160601,15.49,15.49,15.402,15.441,2159
20160602,15.246,15.46,15.236,15.46,2724
20160603,15.665,15.823,15.558,15.823,6476
20160606,15.957,16.083,15.957,16.044,5750
20160607,16.278,16.452,16.278,16.402,1540
20160608,16.56,16.673,16.54,16.673,5016
20160609,16.433,16.492,16.336,16.365,5279
20160610,16.005,16.098,15.995,16.054,3108
20160613,15.626,15.81,15.626,15.665,10018
20160614,15.412,15.451,15.383,15.421,9346
20160615,15.626,15.626,15.595,15.595,740
20160616,15.519,15.519,15.421,15.421,1748
20160617,15.652,15.701,15.652,15.701,1082
20160620,16.032,16.091,16.013,16.015,8982
20160621,16.074,16.226,16.061,16.208,4672
20160622,16.139,16.139,16.139,16.139,524
20160623,16.169,16.431,16.169,16.431,1104
20160624,15.496,15.788,15.496,15.691,9588
20160627,15.516,15.516,15.261,15.261,3759
20160628,15.724,15.724,15.724,15.724,710
20160629,16.013,16.013,16.013,16.013,453
20160630,15.983,16.198,15.983,16.077,1081
20160701,16.235,16.28,16.169,16.28,3972
20160705,16.237,16.237,16.013,16.091,4868
20160706,15.857,16.149,15.808,16.071,16554
20160707,16.188,16.188,15.837,15.837,12038
20160708,16.178,16.305,16.178,16.305,6067
20160711,16.422,16.5,16.356,16.412,2531
20160712,16.714,16.85,16.714,16.751,17508
20160713,16.753,16.753,16.541,16.656,5151
20160714,16.841,16.948,16.841,16.948,1914
20160715,17.026,17.026,16.899,16.899,3300
20160718,16.918,17.084,16.918,17.084,7640
20160719,16.967,16.967,16.686,16.747,10699
20160720,16.656,16.948,16.656,16.947,191766
20160721,17.007,17.007,16.822,16.86,9260
20160722,16.85,16.85,16.717,16.824,7543
20160725,16.772,16.772,16.597,16.608,5084
20160726,16.48,16.605,16.451,16.571,10426
20160727,16.724,16.724,16.485,16.53,5966
20160728,16.617,16.617,16.48,16.546,12777
20160729,16.646,16.656,16.598,16.656,2765
20160801,16.656,16.656,16.344,16.344,13404
20160802,16.169,16.169,16.148,16.159,582
20160803,16.081,16.373,16.081,16.363,11728
20160804,16.334,16.646,16.188,16.646,79940
20160805,16.685,16.733,16.607,16.685,13435
20160808,16.841,16.996,16.841,16.938,2939
20160809,16.899,16.995,16.899,16.899,6983
20160810,16.909,16.909,16.772,16.772,13142
20160811,16.928,17.018,16.928,17.008,2905
20160812,17.065,17.065,16.928,16.967,18537
20160815,17.24,17.337,17.24,17.318,6341
20160816,17.196,17.347,17.196,17.264,3899
20160817,17.289,17.289,17.133,17.279,6880
20160818,17.269,17.321,17.187,17.321,7987
20160819,17.23,17.23,17.127,17.127,3303
20160822,17.094,17.094,17.006,17.054,3900
20160823,17.104,17.259,17.104,17.24,6776
20160824,17.073,17.094,16.996,17.056,9383
20160825,17.044,17.044,17.044,17.044,612
20160826,17.045,17.094,17.045,17.094,1233
20160829,16.938,17.065,16.938,17.065,9655
20160830,17.016,17.016,16.934,16.934,1336
20160831,16.85,16.88,16.792,16.792,3722
20160901,16.734,16.86,16.685,16.725,3087
20160902,17.22,17.23,17.191,17.201,3696
20160906,17.522,17.717,17.522,17.717,5243
20160907,17.766,17.815,17.737,17.795,4204
20160908,17.776,17.827,17.776,17.795,1629
20160909,17.561,17.561,17.357,17.357,28303
20160912,17.133,17.415,17.133,17.395,33742
20160913,17.092,17.092,16.948,17.045,2988
20160914,17.191,17.191,17.006,17.035,3942
20160915,17.035,17.162,17.035,17.162,8315
20160916,16.917,17.025,16.85,16.89,17441
20160919,17.04,17.074,16.938,16.957,10052
20160920,16.957,17.133,16.957,17.12,6418
20160921,17.22,17.389,17.198,17.389,10475
20160922,17.62,17.785,17.62,17.693,8563
20160923,17.464,17.552,17.347,17.444,12284
20160926,17.367,17.398,17.337,17.337,5858
20160927,17.287,17.287,17.12,17.257,6336
20160928,17.24,17.548,17.152,17.484,1417
20160929,17.62,17.765,17.532,17.557,10101
20160930,17.532,17.532,17.357,17.447,4294
20161003,17.69,17.698,17.69,17.698,2428
20161004,17.737,17.737,17.353,17.376,44743
20161005,17.522,17.571,17.503,17.503,18488
20161006,17.571,17.727,17.571,17.698,3089
20161007,17.649,17.649,17.506,17.552,1285
20161010,17.678,17.795,17.678,17.795,6808
20161011,17.659,17.678,17.561,17.561,5178
20161012,17.426,17.512,17.426,17.435,2772
20161013,17.269,17.347,17.208,17.334,4484
20161014,17.415,17.415,17.148,17.23,2247
20161017,17.181,17.181,17.075,17.136,1362
20161018,17.337,17.337,17.308,17.312,1599
20161019,17.415,17.503,17.415,17.454,13498
20161020,17.419,17.419,17.367,17.386,3080
20161021,17.318,17.418,17.318,17.418,1195
20161024,17.522,17.522,17.517,17.517,844
20161025,17.688,17.688,17.601,17.618,8905
20161026,17.415,17.483,17.306,17.306,7575
20161027,17.365,17.372,17.31,17.31,1718
20161028,17.24,17.318,17.133,17.191,3358
20161031,17.298,17.367,17.25,17.289,3236
20161101,17.483,17.483,17.337,17.42,3973
20161102,17.347,17.347,16.987,17.037,2693
20161103,16.967,16.967,16.899,16.899,1770
20161104,16.743,16.753,16.685,16.698,2567
20161107,16.987,17.123,16.733,17.123,18428
20161108,17.006,17.211,17.006,17.179,1627
20161109,17.357,17.688,17.357,17.688,15254
20161110,17.961,17.961,17.532,17.615,14875
20161111,17.405,17.446,17.14,17.336,9077
20161114,17.143,17.204,17.007,17.172,7421
20161115,17.289,17.688,17.289,17.688,3811
20161116,17.493,17.621,17.435,17.536,10756
20161117,17.668,17.732,17.61,17.61,3433
20161118,17.61,17.672,17.532,17.672,1889
20161121,17.961,17.961,17.912,17.941,5443
20161122,18.087,18.17,18.019,18.17,4810
20161123,18.048,18.146,17.98,18.146,6752
20161125,18.146,18.18,18.107,18.119,2141
20161128,18.097,18.097,18.058,18.064,1792
20161129,17.874,17.874,17.771,17.863,3528
20161130,18.165,18.399,18.165,18.379,7339
20161201,18.467,18.487,18.321,18.341,11960
20161202,18.448,18.574,18.409,18.545,7339
20161205,18.731,18.935,18.731,18.839,5276
20161206,18.837,18.837,18.759,18.798,8221
20161207,18.798,19.095,18.798,19.022,41414
20161208,19.237,19.545,19.237,19.545,107651
20161209,19.48,19.636,19.48,19.63,8775
20161212,20.05,20.37,20.05,20.19,17024
20161213,20.27,20.69,20.27,20.5,30889
20161214,20.13,20.21,19.685,19.772,22054
20161215,19.753,20.04,19.655,20.03,21886
20161216,20.01,20.06,19.669,19.881,18273
20161219,19.841,19.881,19.712,19.751,5694
20161220,19.891,20.12,19.832,20.03,7819
20161221,20.04,20.14,19.871,19.871,5461
20161222,19.851,19.851,19.692,19.712,18134
20161223,19.652,19.742,19.652,19.742,4283
20161227,19.861,20.12,19.861,20,8353
20161228,20.15,20.16,20.03,20.06,21833
20161229,20.18,20.26,20.11,20.26,10301
20161230,20.29,20.29,20.14,20.19,21859
20170103,20.9,21,20.56,20.73,70501
20170104,20.6,20.83,20.6,20.79,12146
20170105,20.66,20.71,20.48,20.69,28649
20170106,20.59,20.65,20.56,20.57,11368
20170109,20.47,20.57,20.4,20.4,23273
20170110,20.65,20.67,20.47,20.52,12247
20170111,20.4,20.73,20.38,20.65,14094
20170112,20.67,20.67,20.55,20.63,9051
20170113,20.29,20.36,20.26,20.36,7059
20170117,20.37,20.37,20.26,20.28,59126
20170118,20.25,20.35,20.11,20.15,6615
20170119,19.9,20.066,19.861,19.99,18179
20170120,20.1,20.13,19.9,20.03,6520
20170123,19.891,20.1,19.891,20.1,7700
20170124,20.33,20.41,20.33,20.36,5967
20170125,20.33,20.44,20.33,20.38,12261
20170126,20.51,20.51,20.44,20.44,7408
20170127,20.89,21.06,20.89,21.03,6340
20170130,20.81,20.81,20.63,20.67,23665
20170131,20.56,20.61,20.29,20.36,6583
20170201,20.56,20.59,20.44,20.56,17625
20170202,20.64,20.99,20.51,20.68,9747
20170203,20.84,20.84,20.78,20.83,5362
20170206,20.77,20.79,20.69,20.69,3946
20170207,20.65,20.74,20.42,20.63,8651
20170208,20.44,20.63,20.39,20.57,2895
20170209,20.37,20.46,20.33,20.38,94382
20170210,20.35,20.54,20.35,20.54,11223
20170213,20.53,20.62,20.48,20.62,2914
20170214,20.59,20.71,20.52,20.63,25152
20170215,20.43,20.56,20.43,20.53,17301
20170216,20.51,20.55,20.43,20.5,10205
20170217,20.29,20.29,20.02,20.19,11653
20170221,20.33,20.42,20.21,20.42,17266
20170222,20.04,20.23,20.04,20.21,57071
20170223,20.36,20.36,20.15,20.22,7724
20170224,19.99,20.01,19.762,19.811,49744
20170227,19.771,19.771,19.652,19.668,30385
20170228,19.444,19.444,19.116,19.176,23722
20170301,19.464,19.611,19.464,19.523,25163
20170302,19.464,19.471,19.245,19.245,4732
20170303,19.335,19.632,19.335,19.563,57380
20170306,19.593,19.632,19.447,19.463,7144
20170307,19.273,19.273,19.176,19.176,16079
20170308,19.156,19.156,18.838,18.838,131282
20170309,18.699,18.699,18.292,18.52,55011
20170310,18.58,18.703,18.56,18.609,8530
20170313,18.58,18.987,18.58,18.987,9075
20170314,18.888,18.888,18.699,18.768,4272
20170315,18.848,19.164,18.719,19.136,13102
20170316,19.344,19.454,19.344,19.385,3250
20170317,19.539,19.781,19.539,19.781,5615
20170320,19.652,19.861,19.652,19.821,10478
20170321,19.821,19.94,19.632,19.632,10687
20170322,19.444,19.751,19.364,19.702,9599
20170323,19.563,19.722,19.563,19.662,3578
20170324,19.749,19.801,19.712,19.791,6943
20170327,19.434,19.612,19.335,19.612,1997
20170328,19.633,19.77,19.633,19.742,5330
20170329,19.851,19.851,19.771,19.811,5773
20170330,19.92,20.03,19.91,19.91,14763
20170331,19.891,19.891,19.641,19.676,6310
20170403,19.742,19.93,19.742,19.851,17122
20170404,19.851,20.07,19.851,20.07,4145
20170405,20.22,20.43,20.22,20.34,8360
20170406,20.24,20.28,20.18,20.21,8168
20170407,19.9,19.9,19.424,19.593,23347
20170410,19.215,19.215,19.056,19.126,45964
20170411,19.225,19.315,19.156,19.315,11072
20170412,19.056,19.166,18.758,19.066,22842
20170413,19.088,19.185,19.047,19.096,25553
20170417,19.235,19.235,19.235,19.235,101
20170418,19.037,19.146,19.017,19.017,2194
20170419,19.121,19.121,18.679,18.788,2469
20170420,18.888,19.136,18.869,19.046,4188
20170421,19.116,19.126,18.948,18.997,2509
20170424,19.473,19.593,19.473,19.558,4629
20170425,19.682,19.712,19.615,19.682,3200
20170426,19.711,19.722,19.641,19.662,21394
20170427,19.712,19.712,19.563,19.642,6083
20170428,19.775,19.775,19.702,19.751,8423
20170501,20.06,20.06,19.781,19.821,6881
20170502,19.96,19.978,19.712,19.732,6359
20170503,19.483,19.483,19.384,19.404,3073
20170504,19.374,19.374,19.012,19.02,10286
20170505,19.205,19.245,19.156,19.245,3393
20170508,19.315,19.454,19.245,19.246,6275
20170509,19.384,19.454,19.345,19.413,2046
20170510,19.603,19.662,19.603,19.622,9341
20170511,19.662,19.732,19.503,19.603,4686
20170512,19.503,19.503,19.312,19.394,5965
20170515,19.625,19.723,19.625,19.714,5557
20170516,19.753,19.753,19.678,19.707,7227
20170517,19.691,19.694,19.428,19.428,11702
20170518,18.994,19.033,18.934,18.994,4424
20170519,19.27,19.379,19.259,19.289,3483
20170522,19.211,19.334,19.211,19.334,2806
20170523,19.368,19.548,19.368,19.477,5766
20170524,19.28,19.361,19.28,19.28,303
20170525,19.329,19.349,19.072,19.072,14327
20170526,19.023,19.131,19.023,19.102,1505
20170530,19.22,19.28,19.201,19.25,2761
20170531,18.826,18.88,18.678,18.688,7166
20170601,18.481,18.56,18.224,18.501,11551
20170602,18.629,18.737,18.51,18.737,18309
20170605,18.53,18.61,18.323,18.608,1950
20170606,18.54,18.639,18.471,18.629,3443
20170607,18.658,18.658,18.333,18.377,4075
20170608,18.215,18.362,18.215,18.313,12620
20170609,18.382,18.481,18.244,18.244,30980
20170612,18.27,18.318,18.244,18.264,6092
20170613,18.293,18.362,18.264,18.313,8621
20170614,18.343,18.343,17.879,17.879,5917
20170615,17.613,17.741,17.612,17.663,4879
20170616,18,18.0455,17.79,17.81,74817
20170619,17.92,18.05,17.8501,17.904,7614
20170620,17.88,17.88,17.571,17.6538,2616
20170621,17.5,17.6457,17.24,17.29,16317
20170622,17.62,17.68,17.61,17.67,2957
20170623,17.9158,18,17.885,17.95,4690
20170626,18.07,18.07,17.9352,17.96,1350
20170627,18.13,18.13,17.9,17.97,1680
20170628,18.07,18.171,18.02,18.17,5318
20170629,18.25,18.25,18.02,18.02,4146
20170630,18.21,18.2298,18.05,18.215,2853
20170703,18.3001,18.3001,18.25,18.25,1250
20170705,18.33,18.33,18.22,18.225,4686
20170706,18.38,18.38,18.15,18.2,6119
20170707,18.128,18.22,18.09,18.13,6766
20170710,18.2,18.41,18.2,18.38,2800
20170711,18.251,18.35,18.2501,18.31,1072
20170712,18.67,18.96,18.67,18.9,60265
20170713,18.76,18.99,18.76,18.95,5713
20170714,19.03,19.1969,19.03,19.1969,1854
20170717,19.09,19.19,19,19.06,6715
20170718,19.02,19.04,18.98,19.01,4600
20170719,19.23,19.3,19.23,19.28,120353
20170720,19.325,19.35,19.2314,19.2314,5189
20170721,19.26,19.26,18.89,18.98,17570
20170724,18.99,18.99,18.73,18.76,5182
