Date,Open,High,Low,Close,Volume
20150324,21.65,21.68,21.64,21.65,140868
20150325,21.6,21.6,21.4,21.4,2791
20150326,21.27,21.28,21.26,21.27,1076
20150327,21.24,21.27,21.24,21.27,535
20150330,21.46,21.53,21.45,21.53,989
20150331,21.46,21.46,21.45,21.46,10696
20150401,21.44,21.44,21.44,21.44,116
20150402,21.66,21.66,21.66,21.66,262
20150407,21.75,21.78,21.75,21.78,10801
20150409,22,22,21.84,21.95,3296
20150413,21.99,21.99,21.96,21.96,1393
20150414,22.07,22.12,22.04,22.12,1215
20150415,22.18,22.18,22.18,22.18,581
20150424,22.31,22.31,22.31,22.31,116
20150427,22.33,22.33,22.33,22.33,116
20150504,22.16,22.18,22.16,22.18,3633
20150505,21.96,22.01,21.87,21.89,10847
20150506,21.73,21.73,21.73,21.73,581
20150508,22.14,22.14,22.14,22.14,626
20150511,22.11,22.11,22.07,22.07,1219
20150513,22.19,22.2,22.13,22.14,8217
20150526,21.99,21.99,21.99,21.99,1708
20150603,22.04,22.04,22.04,22.04,116
20150605,21.74,21.75,21.74,21.75,757
20150609,21.51,21.56,21.5,21.56,989
20150611,21.89,21.9,21.89,21.89,812
20150612,21.8,21.8,21.8,21.8,116
20150615,21.62,21.66,21.62,21.66,290
20150617,21.72,21.72,21.72,21.72,291
20150619,21.97,21.99,21.97,21.99,2113
20150622,22.11,22.11,22.11,22.11,672
20150625,22.06,22.06,22.06,22.06,173
20150714,21.61,21.61,21.61,21.61,577
20150717,21.65,21.65,21.65,21.65,173
20150727,20.98,20.98,20.82,20.82,692
20150728,20.83,20.83,20.83,20.83,288
20150729,20.92,21.01,20.92,21.01,1202
20150805,21.31,21.31,21.31,21.31,399
20150806,21.2,21.2,21.12,21.14,56021
20150812,21.12,21.2,21.09,21.2,918
20150814,21.17,21.34,21.17,21.33,37945
20150817,21.1,21.27,21.1,21.27,472
20150818,21.18,21.19,21.17,21.19,749
20150825,19.817,19.817,19.817,19.817,1384
20150901,19.817,19.817,19.817,19.817,115
20150904,19.566,19.566,19.566,19.566,692
20150910,19.982,19.982,19.982,19.982,115
20150921,20.25,20.25,20.25,20.25,738
20150922,20.01,20.01,20.01,20.01,577
20150925,20.02,20.02,20.02,20.02,1154
20150929,19.552,19.552,19.54,19.54,975
20151016,20.82,20.82,20.82,20.82,428
20151020,20.85,20.85,20.85,20.85,611
20151022,20.9,20.93,20.9,20.93,1972
20151027,20.67,20.67,20.67,20.67,205
20151028,20.83,20.83,20.82,20.82,330
20151029,20.78,20.78,20.78,20.78,760
20151030,20.81,20.82,20.78,20.78,1697
20151103,21.17,21.2,21.17,21.17,3275
20151110,20.63,20.63,20.63,20.63,738
20151111,20.73,20.73,20.73,20.73,24161
20151113,20.16,20.16,20.16,20.16,115
20151118,20.42,20.42,20.4,20.4,5555
20151120,20.74,20.79,20.74,20.79,30338
20151125,20.88,20.88,20.88,20.88,900
20151127,20.83,20.88,20.79,20.85,1381
20151204,20.8,20.81,20.75,20.81,5468
20151207,20.54,20.54,20.45,20.45,7730
20151208,20.29,20.34,20.18,20.22,13495
20151211,19.705,19.705,19.67,19.67,230
20151215,19.921,19.921,19.921,19.921,21340
20151217,20.07,20.07,19.973,19.973,9321
20151221,19.965,19.965,19.965,19.965,1436
20151228,20.29,20.29,20.29,20.29,1079
20151231,20.35,20.35,20.31,20.31,274
20160104,19.845,19.845,19.81,19.81,455
20160105,19.945,19.945,19.945,19.945,624
20160106,19.686,19.686,19.686,19.686,1068
20160120,17.872,17.872,17.872,17.872,568
20160121,18.198,18.198,18.11,18.11,1856
20160125,18.379,18.379,18.379,18.379,681
20160129,18.902,18.903,18.898,18.902,4760
20160202,18.59,18.59,18.59,18.59,244
20160204,18.7,18.708,18.682,18.7,11467
20160205,18.559,18.559,18.55,18.55,643
20160208,18.131,18.131,18.127,18.128,2430
20160209,18.128,18.208,18.128,18.208,1734
20160216,18.555,18.555,18.555,18.555,807
20160225,19.316,19.326,19.316,19.326,481
20160301,19.727,19.73,19.727,19.73,2560
20160308,20.22,20.25,20.22,20.25,628
20160310,20.13,20.13,20.13,20.13,193
20160311,20.56,20.56,20.56,20.56,508
20160315,20.31,20.31,20.31,20.31,689
20160321,20.93,20.93,20.93,20.93,468
20160328,20.73,20.74,20.69,20.73,2827
20160404,21.08,21.08,21.08,21.08,792
20160405,20.8,20.8,20.8,20.8,477
20160406,20.91,20.91,20.91,20.91,208
20160413,21.37,21.49,21.37,21.49,467
20160418,21.4,21.4,21.4,21.4,114
20160419,21.64,21.64,21.59,21.59,228
20160420,21.54,21.54,21.51,21.51,228
20160422,21.37,21.38,21.33,21.33,938
20160428,21.44,21.49,21.44,21.49,228
20160429,21.19,21.19,21.14,21.16,596
20160502,21.3,21.3,21.25,21.25,342
20160503,21.11,21.11,21.1,21.1,228
20160504,20.93,20.94,20.93,20.94,10093
20160505,20.97,20.98,20.95,20.95,342
20160506,20.89,20.89,20.89,20.89,341
20160509,20.95,20.95,20.95,20.95,227
20160511,21.1,21.1,21.07,21.07,228
20160512,21.05,21.05,21.05,21.05,114
20160513,20.72,20.72,20.7,20.7,228
20160516,20.84,20.9,20.84,20.9,342
20160517,20.88,20.9,20.84,20.84,2273
20160518,20.79,20.83,20.79,20.83,354
20160524,20.9,20.9,20.9,20.9,114
20160526,21.1,21.1,21.06,21.06,228
20160527,21.12,21.15,21.12,21.12,5255
20160531,21.19,21.19,21.19,21.19,228
20160601,21.25,21.26,21.25,21.26,228
20160602,21.24,21.24,21.24,21.24,114
20160603,21.39,21.4,21.32,21.38,1035
20160606,21.55,21.66,21.55,21.61,3016
20160610,21.37,21.37,21.31,21.31,569
20160613,21.07,21.16,21.03,21.06,1869
20160616,20.73,20.95,20.69,20.95,456
20160617,20.93,20.95,20.93,20.95,228
20160620,21.26,21.26,21.26,21.26,341
20160621,21.33,21.34,21.33,21.34,228
20160622,21.37,21.37,21.35,21.35,97009
20160623,21.57,21.57,21.57,21.57,5196
20160624,20.93,20.93,20.62,20.62,2339
20160628,20.57,20.61,20.55,20.61,3463
20160630,20.88,20.88,20.88,20.88,127
20160701,21.25,21.25,21.21,21.22,2391
20160707,20.96,20.96,20.96,20.96,9092
20160708,21.29,21.36,21.2,21.2,40682
20160711,21.49,21.53,21.49,21.53,1829
20160718,21.81,21.81,21.81,21.81,112
20160719,21.71,21.71,21.71,21.71,516
20160720,21.83,21.87,21.82,21.87,17740
20160721,21.74,21.75,21.74,21.75,1014
20160722,21.86,21.86,21.86,21.86,225
20160728,22.08,22.08,22.08,22.08,152
20160729,22.16,22.16,22.16,22.16,112
20160801,22.19,22.19,22.11,22.11,327
20160803,21.94,22.01,21.94,21.99,7570
20160808,22.27,22.27,22.27,22.27,928
20160809,22.38,22.38,22.38,22.38,225
20160812,22.39,22.39,22.39,22.39,3354
20160817,22.3,22.3,22.3,22.3,112
20160818,22.47,22.47,22.47,22.47,337
20160819,22.37,22.38,22.37,22.38,449
20160822,22.36,22.36,22.34,22.34,27363
20160823,22.51,22.51,22.29,22.42,1379
20160829,22.2,22.26,22.2,22.22,2362
20160831,22.09,22.09,22.09,22.09,27084
20160902,22.39,22.41,22.36,22.36,14339
20160906,22.64,22.72,22.62,22.72,944
20160909,22.5,22.5,22.2,22.2,484
20160912,22.41,22.41,22.41,22.41,112
20160914,21.96,21.98,21.96,21.98,1035
20160915,22.2,22.2,22.2,22.2,1933
20160916,22.12,22.13,22.12,22.12,561
20160922,22.89,22.89,22.89,22.89,112
20160923,22.69,22.69,22.69,22.69,112
20160929,22.59,22.61,22.53,22.61,55467
20160930,22.71,22.81,22.67,22.81,30268
20161004,22.61,22.61,22.57,22.57,337
20161005,22.75,22.75,22.75,22.75,112
20161006,22.6,22.7,22.6,22.7,909
20161007,22.65,22.65,22.48,22.57,2357
20161011,22.45,22.45,22.36,22.37,7086
20161012,22.43,22.43,22.43,22.43,112
20161017,22.36,22.39,22.35,22.36,1124
20161024,22.49,22.49,22.49,22.49,112
20161026,22.33,22.33,22.33,22.33,612
20161028,22.21,22.21,22.21,22.21,112
20161031,22.19,22.19,22.19,22.19,112
20161101,22.01,22.01,22.01,22.01,900
20161103,21.93,21.93,21.93,21.93,2953
20161104,21.88,21.88,21.8,21.8,18782
20161107,22.1,22.12,22.1,22.12,224
20161109,22.29,22.29,22.29,22.29,112
20161115,22.47,22.47,22.45,22.47,337
20161116,22.47,22.47,22.47,22.47,562
20161117,22.59,22.59,22.59,22.59,112
20161118,22.53,22.53,22.53,22.53,1280
20161121,22.55,22.63,22.55,22.63,818
20161122,22.89,22.89,22.89,22.89,190
20161123,22.73,22.74,22.73,22.73,2621
20161128,22.79,22.81,22.65,22.73,101888
20161129,22.74,22.77,22.74,22.75,2123
20161201,22.63,22.63,22.63,22.63,30151
20161202,22.59,22.65,22.58,22.6,42842
20161205,22.81,22.87,22.81,22.87,2680
20161206,22.89,22.95,22.89,22.95,337
20161207,23.09,23.27,23.09,23.27,336
20161208,23.5,23.5,23.5,23.5,214
20161209,23.51,23.53,23.5,23.53,595
20161212,23.54,23.54,23.39,23.39,635
20161213,23.53,23.56,23.53,23.56,224
20161214,23.47,23.47,23.22,23.23,2024
20161215,23.11,23.29,23.11,23.28,916
20161216,23.2,23.35,23.2,23.33,449
20161222,23.21,23.21,23.21,23.21,112
20161227,23.34,23.34,23.34,23.34,111
20161228,23.32,23.32,23.24,23.24,222
20161229,23.33,23.33,23.33,23.33,111
20161230,23.36,23.36,23.36,23.36,444
20170103,23.46,23.46,23.46,23.46,193
20170104,23.68,23.68,23.68,23.68,111
20170106,23.71,23.71,23.67,23.67,222
20170109,23.7,23.7,23.55,23.59,9657
20170110,23.66,23.75,23.66,23.75,444
20170112,23.7,23.7,23.7,23.7,111
20170117,23.82,23.83,23.79,23.8,4995
20170120,23.7,23.72,23.68,23.68,336
20170123,23.7,23.74,23.7,23.74,222
20170124,23.87,24,23.87,24,4907
20170125,24.1,24.11,24.07,24.11,6216
20170126,24.01,24.01,24.01,24.01,1221
20170127,23.91,23.98,23.85,23.89,3309
20170130,23.67,23.71,23.65,23.71,444
20170131,23.8,23.94,23.79,23.91,888
20170201,23.98,24,23.97,23.99,2220
20170202,24.06,24.06,23.97,23.97,222
20170203,24.23,24.26,24.2,24.23,7103
20170206,24.14,24.16,24.1,24.1,444
20170207,24.05,24.06,24.05,24.06,1221
20170208,24.06,24.06,24.06,24.06,3385
20170209,24.23,24.3,24.22,24.28,4851
20170210,24.34,24.46,24.33,24.45,12066
20170213,24.53,24.58,24.53,24.58,2964
20170214,24.61,24.65,24.6,24.65,3052
20170215,24.66,24.69,24.65,24.69,2677
20170216,24.64,24.64,24.59,24.6,1421
20170217,24.55,24.56,24.55,24.56,4335
20170221,24.81,24.81,24.7,24.76,3718
20170222,24.7,24.78,24.7,24.78,1815
20170223,24.73,24.79,24.72,24.78,2644
20170224,24.61,24.61,24.61,24.61,1110
20170227,24.65,24.65,24.62,24.65,2969
20170228,24.6,24.6,24.59,24.59,333
20170301,24.77,24.77,24.77,24.77,1110
20170302,24.56,24.57,24.52,24.57,11765
20170303,24.61,24.61,24.5,24.61,52050
20170306,24.48,24.53,24.44,24.53,20691
20170307,24.51,24.52,24.47,24.5,4977
20170308,24.4,24.43,24.4,24.43,844
20170309,24.37,24.37,24.29,24.34,2210
20170310,24.42,24.46,24.35,24.46,2946
20170313,24.59,24.6,24.55,24.58,871
20170314,24.45,24.46,24.43,24.46,2181
20170315,24.55,24.83,24.55,24.83,827
20170316,25,25,24.98,24.98,1054
20170317,25,25.02,24.97,25.02,2069
20170320,25.01,25.01,24.99,24.99,1347
20170321,25.06,25.06,24.68,24.68,17022
20170322,24.61,24.7,24.56,24.69,5777
20170323,24.72,24.85,24.72,24.82,1012
20170324,24.88,24.88,24.84,24.85,860
20170327,24.7,24.82,24.7,24.82,3108
20170328,24.77,24.94,24.76,24.94,13510
20170329,24.84,24.88,24.84,24.88,333
20170330,24.93,24.93,24.93,24.93,1110
20170331,24.88,24.96,24.85,24.93,6385
20170403,24.76,24.76,24.76,24.76,680
20170404,24.81,24.81,24.77,24.79,2553
20170405,24.77,24.77,24.77,24.77,222
20170406,24.65,24.73,24.64,24.7,6749
20170407,24.74,24.74,24.74,24.74,111
20170410,24.79,24.79,24.79,24.79,111
20170411,24.65,24.88,24.65,24.88,2328
20170412,24.72,24.73,24.72,24.73,1332
20170413,24.73,24.73,24.73,24.73,23383
20170417,24.69,24.88,24.68,24.81,31680
20170418,24.61,24.61,24.61,24.61,111
20170419,24.79,24.8,24.74,24.74,666
20170420,24.94,24.98,24.92,24.98,1930
20170421,24.94,24.94,24.92,24.94,1769
20170424,25.05,25.18,25.05,25.18,1248
20170426,25.36,25.45,25.36,25.37,613
20170427,25.37,25.38,25.34,25.35,2503
20170428,25.28,25.33,25.28,25.29,871
20170501,25.36,25.38,25.36,25.38,555
20170502,25.43,25.43,25.39,25.39,303
20170503,25.27,25.27,25.23,25.23,2209
20170504,25.15,25.15,25.15,25.15,777
20170505,25.21,25.21,25.21,25.21,400
20170508,25.28,25.28,25.28,25.28,333
20170509,25.38,25.39,25.36,25.39,10864
20170511,25.37,25.37,25.37,25.37,200
20170512,25.27,25.29,25.26,25.26,3552
20170515,25.39,25.39,25.37,25.37,579
20170516,25.43,25.43,25.42,25.42,12707
20170517,25.03,25.03,25.03,25.03,911
20170519,25.11,25.14,25.11,25.14,328
20170522,25.16,25.16,25.16,25.16,666
20170523,25.16,25.16,25.16,25.16,333
20170525,25.2,25.2,25.2,25.2,222
20170530,25.21,25.21,25.21,25.21,1221
20170601,25.43,25.45,25.43,25.45,1110
20170602,25.71,25.71,25.71,25.71,471
20170605,25.68,25.7,25.65,25.65,1705
20170606,25.53,25.63,25.5,25.57,1181
20170607,25.63,25.64,25.58,25.64,3202
20170608,25.66,25.81,25.66,25.81,943
20170609,25.88,25.89,25.75,25.79,832
20170612,25.76,25.76,25.76,25.76,133
20170613,25.94,25.94,25.89,25.89,677
20170616,25.54,25.61,25.54,25.61,244
20170619,25.78,25.78,25.78,25.78,222
20170620,25.51,25.52,25.51,25.51,1591
20170621,25.44,25.54,25.44,25.46,7540
20170623,25.48,25.68,25.48,25.68,2358
20170626,25.77,25.77,25.77,25.77,550
20170627,25.68,25.7,25.68,25.7,1355
20170628,25.89,25.89,25.89,25.89,440
20170629,25.75,25.75,25.75,25.75,110
20170630,25.88,25.88,25.71,25.71,2774
20170703,25.94,26.03,25.94,26.02,53520
20170706,25.77,25.79,25.69,25.69,3112
20170710,27.01,27.01,25.76,25.79,1439
20170711,25.84,25.84,25.84,25.84,110
20170712,26.12,26.13,26.11,26.13,4743
20170713,26.14,26.2,26.12,26.2,880
20170714,26.37,26.4,26.37,26.4,3679
20170717,26.4,26.4,26.4,26.4,295
20170718,26.38,26.38,26.32,26.33,440
20170719,26.58,26.62,26.47,26.6,19500
20170720,26.6,26.65,26.6,26.63,2278
20170721,26.61,26.61,26.52,26.53,1319
20170724,26.6,26.6,26.5,26.5,1182
20170725,26.66,26.68,26.63,26.67,2580
20170726,26.56,26.62,26.55,26.62,1400
20170727,26.58,26.58,26.58,26.58,220
20170728,26.5,26.5,26.49,26.49,241
20170731,26.41,26.49,26.41,26.49,698
20170801,26.63,26.63,26.62,26.62,385
20170802,26.64,26.64,26.5,26.51,1210
20170803,26.52,26.52,26.46,26.46,592
20170804,26.55,26.55,26.55,26.55,733
20170807,26.56,26.61,26.56,26.61,3782
20170808,26.68,26.75,26.59,26.59,2798
20170809,26.54,26.54,26.5,26.5,440
20170810,26.23,26.23,26.11,26.11,9276
20170811,26.11,26.14,26.11,26.14,770
20170815,26.18,26.18,26.14,26.14,2031
20170816,26.3,26.32,26.29,26.32,1893
20170817,26.3,26.3,25.96,26,7336
20170818,26.06,26.06,26.05,26.05,316
20170821,26.12,26.12,26.11,26.12,376
20170823,26.31,26.35,26.26,26.33,9620
20170825,26.42,26.49,26.41,26.46,4455
20170828,26.4,26.4,26.4,26.4,110
20170829,26.37,26.41,26.37,26.4,1170
20170830,26.46,26.46,26.46,26.46,163
20170831,26.7,26.76,26.7,26.75,971
20170901,26.76,26.86,26.74,26.85,17362
20170905,26.79,26.8,26.51,26.62,6188
20170906,26.7,26.72,26.66,26.72,919
20170907,26.88,26.88,26.76,26.79,497
20170908,26.79,26.79,26.76,26.76,1107
20170911,26.95,26.97,26.92,26.96,1647
20170912,26.83,27.05,26.83,26.99,2660
20170913,27.04,27.04,27.02,27.02,2752
20170914,26.99,27.06,26.99,27.06,1754
20170915,27.13,27.18,27.13,27.17,2191
20170918,27.22,27.22,27.2,27.2,550
20170919,27.2,27.2,27.15,27.19,661
20170920,27.25,27.3,27.23,27.23,1320
20170921,27.18,27.18,27.18,27.18,220
20170922,27.2,27.2,27.19,27.2,1565
20170925,27.06,27.07,27.04,27.05,6841
20170926,27.09,27.12,27.07,27.11,3936
20170927,27.12,27.35,27.12,27.31,5174
20170928,27.3,27.42,27.3,27.42,1962
20170929,27.61,27.61,27.54,27.57,2520
20171002,27.64,27.7,27.64,27.69,1785
20171003,27.76,27.76,27.72,27.72,2518
20171004,27.81,27.81,27.78,27.78,1826
20171005,27.84,27.85,27.8,27.85,3157
20171006,27.74,27.75,27.72,27.73,5689
20171009,27.68,27.69,27.64,27.69,15054
20171010,27.86,27.86,27.81,27.84,1243
20171011,27.84,27.86,27.82,27.86,1677
20171012,27.79,27.84,27.79,27.84,541
20171013,28.04,28.04,28,28,820
20171016,27.92,27.92,27.92,27.92,1067
20171017,27.8,27.83,27.72,27.73,23235
20171018,27.89,27.92,27.81,27.89,18511
20171019,27.59,27.68,27.58,27.63,12364
20171020,27.79,27.81,27.75,27.79,2353
20171023,27.7,27.7,27.64,27.64,5010
20171024,27.84,27.86,27.79,27.83,4087
20171025,27.75,27.86,27.69,27.8,45492
20171027,27.79,27.81,27.73,27.81,5931
20171030,27.63,27.63,27.63,27.63,662
20171031,27.79,27.83,27.79,27.83,1397
20171101,27.99,27.99,27.78,27.78,973
20171102,27.87,27.92,27.85,27.92,493
20171103,27.86,27.86,27.86,27.86,110
20171106,27.87,27.97,27.87,27.97,55211
20171107,27.82,27.83,27.69,27.71,12424
20171108,27.79,27.94,27.78,27.91,8606
20171109,27.59,27.66,27.59,27.66,599
20171110,27.7,27.7,27.7,27.7,440
20171113,27.59,27.59,27.58,27.59,384
20171114,27.54,27.54,27.5,27.54,1259
20171115,27.29,27.36,27.29,27.36,550
20171116,27.71,27.85,27.71,27.85,1408
20171117,27.74,27.76,27.74,27.76,330
20171120,27.89,27.93,27.88,27.93,1153
20171121,28.14,28.25,28.14,28.22,922
20171122,28.33,28.33,28.33,28.33,220
20171128,28.38,28.52,28.38,28.52,2766
20171129,28.56,28.58,28.53,28.58,973
20171130,28.59,28.59,28.55,28.57,920
20171201,28.52,28.52,28.26,28.38,835
20171204,28.51,28.51,28.42,28.44,742
20171205,28.3,28.3,28.3,28.3,440
20171206,28.06,28.06,28.06,28.06,110
20171207,28.17,28.17,28.17,28.17,968
20171208,28.2,28.21,28.19,28.19,6826
20171211,28.22,28.25,28.2,28.24,4482
20171212,28.16,28.17,28.12,28.12,1517
20171213,28.26,28.42,28.26,28.37,4607
20171214,28.39,28.39,28.2,28.2,1306
20171215,28.34,28.45,28.31,28.42,2340
20171218,28.62,28.64,28.56,28.6,1840
20171219,28.59,28.59,28.57,28.57,444
20171220,28.6,28.71,28.6,28.65,2110
20171221,28.82,28.84,28.82,28.84,489
20171222,28.82,28.85,28.82,28.85,784
20171226,28.85,28.85,28.85,28.85,553
20171227,28.89,28.96,28.89,28.96,1875
20171228,29,29,29,29,955
20171229,29.19,29.19,29.08,29.08,1586
20180102,29.31,29.33,29.3,29.33,397
20180103,29.46,29.49,29.43,29.48,1125
20180104,29.46,29.53,29.46,29.49,2123
20180105,29.56,29.65,29.56,29.64,4373
20180108,29.67,29.74,29.65,29.74,1283
20180109,29.66,29.66,29.66,29.66,16495
20180110,29.58,29.65,29.53,29.65,3587
20180111,29.75,29.93,29.75,29.91,1931
20180112,29.91,30.02,29.91,30.02,1066
20180116,30.08,30.08,30.01,30.01,3755
20180117,30.19,30.21,30.14,30.14,2154
20180118,29.94,29.96,29.89,29.96,1394
20180119,30.09,30.15,30.09,30.11,1977
20180122,30.35,30.36,30.33,30.36,788
20180123,30.36,30.4,30.35,30.4,1483
20180124,30.6,30.6,30.5,30.53,7639
20180125,30.55,30.59,30.52,30.55,1191
20180126,30.68,30.79,30.62,30.78,2749
20180129,30.58,30.63,30.56,30.58,3609
20180130,30.31,30.35,30.28,30.28,1593
20180131,30.35,30.35,30.35,30.35,427
20180201,30.18,30.32,30.17,30.23,2085
20180202,29.94,29.94,29.69,29.73,3487
20180205,29.48,29.48,28.84,28.84,2396
20180206,28.26,28.98,28.26,28.92,10436
20180207,28.78,28.78,28.67,28.67,715
20180208,28.03,28.03,28.03,28.03,543
20180209,27.92,27.92,27.59,27.59,276
20180212,28.26,28.58,28.26,28.52,3447
20180213,28.43,28.49,28.43,28.49,4625
20180214,28.49,29.09,28.49,29.09,24688
20180215,29.27,29.31,29.15,29.21,14882
20180216,29.21,29.54,29.21,29.31,6631
20180220,29.33,29.33,29.12,29.12,1113
20180221,29.32,29.32,29.29,29.29,771
20180222,29.35,29.37,29.35,29.37,286
20180223,29.31,29.31,29.29,29.29,1043
20180227,29.21,29.23,29.19,29.21,4649
20180228,29.07,29.07,29.07,29.07,326
20180301,28.88,28.88,28.66,28.66,220
20180305,29.04,29.04,28.99,28.99,3473
20180306,29.22,29.3,29.13,29.25,59912
20180307,29.1,29.23,29.09,29.19,32373
20180308,29.44,29.44,29.31,29.39,3764
20180309,29.79,29.79,29.79,29.79,217
20180312,29.81,29.81,29.75,29.75,2655
20180313,29.92,29.92,29.6,29.6,2175
20180314,29.69,29.69,29.61,29.61,714
20180315,29.76,29.76,29.62,29.67,1848
20180319,29.61,29.61,29.32,29.32,14283
20180320,29.54,29.54,29.52,29.52,2754
20180321,29.54,29.7,29.54,29.68,1305
20180322,29.25,29.25,29.09,29.09,1018
20180323,28.66,28.66,28.64,28.65,1227
20180326,28.78,28.8,28.72,28.76,10344
20180327,28.87,28.87,28.87,28.87,651
20180328,28.89,28.93,28.81,28.81,1824
20180329,29.11,29.27,29.11,29.27,868
20180402,28.63,28.63,28.63,28.63,356
20180403,29.07,29.07,29.05,29.06,543
20180404,29.05,29.35,29.05,29.31,621
20180405,29.47,29.47,29.34,29.44,3905
20180409,29.38,29.38,29.29,29.29,989
20180411,29.58,29.58,29.45,29.48,1483
20180412,29.62,29.66,29.62,29.63,1627
20180413,29.57,29.58,29.41,29.47,11624
20180416,29.58,29.58,29.58,29.58,109
20180418,29.87,29.87,29.85,29.85,274
20180419,29.67,29.69,29.65,29.66,3476
20180420,29.59,29.59,29.36,29.42,1514
20180423,29.49,29.49,29.39,29.4,6920
20180424,29.53,29.53,29.53,29.53,390
20180425,29.2,29.2,29.2,29.2,597
20180426,29.32,29.32,29.32,29.32,358
20180427,29.23,29.29,29.23,29.29,963
20180430,29.33,29.33,29.33,29.33,328
20180501,28.86,28.93,28.78,28.91,4232
20180502,29.2,29.23,29.13,29.13,1791
20180503,29.11,29.11,28.92,28.96,28308
20180504,28.98,29.15,28.94,29.06,33016
20180507,29.23,29.23,29.19,29.19,1440
20180508,29.1,29.12,29.1,29.12,3072
20180510,29.51,29.54,29.45,29.45,955
20180511,29.65,29.65,29.65,29.65,434
20180514,29.7,29.7,29.55,29.55,8722
20180515,29.34,29.51,29.34,29.49,2328
20180516,29.68,29.85,29.68,29.75,2533
20180517,29.83,29.85,29.78,29.81,4124
20180518,29.92,29.93,29.85,29.85,2497
20180521,30.12,30.12,29.98,29.98,1575
20180522,30.15,30.15,30.01,30.01,1944
20180523,29.88,29.94,29.79,29.94,7146
20180524,29.89,29.96,29.71,29.88,17876
20180525,29.85,29.94,29.79,29.9,3815
20180529,29.56,29.6,29.46,29.46,1078
20180530,29.65,29.89,29.65,29.88,13942
20180531,29.78,29.78,29.66,29.75,3983
20180601,29.94,30.01,29.94,29.98,4281
20180604,30.15,30.22,30.15,30.22,1045
20180605,30.2,30.28,30.14,30.24,9411
20180606,30.41,30.52,30.37,30.51,4219
20180607,30.52,30.52,30.21,30.27,2432
20180608,30.36,30.45,30.35,30.35,7359
20180611,30.51,30.51,30.44,30.51,669
20180612,30.49,30.49,30.28,30.29,11967
20180613,30.31,30.36,30.21,30.25,10849
20180614,30.27,30.28,30.26,30.28,5560
20180615,30.01,30.03,29.92,30.03,3427
20180618,29.96,30.1,29.9,30.1,1900
20180619,29.7,29.93,29.7,29.93,2868
20180620,29.88,29.92,29.79,29.92,1192
20180621,29.86,29.86,29.65,29.72,4344
20180622,29.82,29.85,29.78,29.85,622
20180625,29.44,29.44,29.32,29.32,2132
20180626,29.39,29.51,29.39,29.46,1926
20180627,29.42,29.42,29.12,29.12,3084
20180628,28.99,29.03,28.93,29.03,1786
20180629,29.38,29.38,29.37,29.37,215
20180703,29.18,29.18,29.03,29.03,1259
20180705,29.06,29.06,28.94,28.97,1652
20180706,29.36,29.36,29.28,29.28,588
20180709,29.5,29.57,29.49,29.51,1852
20180710,29.52,29.52,29.4,29.4,1629
20180711,29.11,29.11,29.11,29.11,215
20180712,29.34,29.34,29.21,29.3,1919
20180713,29.32,29.37,29.28,29.36,2938
20180716,29.29,29.29,29.13,29.13,1834
20180717,29.34,29.35,29.31,29.35,1635
20180718,29.36,29.45,29.36,29.45,1488
20180719,29.26,29.26,29.26,29.26,711
20180720,29.44,29.44,29.43,29.43,644
20180723,29.47,29.47,29.42,29.45,811
20180724,29.54,29.59,29.52,29.59,929
20180725,29.54,29.54,29.54,29.54,662
20180726,29.72,29.88,29.72,29.88,911
20180730,29.65,29.65,29.61,29.61,1183
20180801,29.63,29.63,29.63,29.63,474
20180802,29.58,29.63,29.57,29.57,1400
20180803,29.5,29.5,29.5,29.5,108
20180806,29.41,29.56,29.41,29.55,1414
20180807,29.66,29.68,29.62,29.62,1419
20180808,29.61,29.61,29.53,29.61,900
20180809,29.83,29.83,29.75,29.75,1386
20180810,29.39,29.39,29.39,29.39,168
20180813,29.16,29.18,29.09,29.09,3463
20180814,29.32,29.43,29.24,29.42,13022
20180815,28.89,28.97,28.73,28.84,2467
20180816,29.14,29.14,29.14,29.14,237
20180817,29.2,29.2,29.2,29.2,385
20180820,29.29,29.29,29.29,29.29,345
20180821,29.58,29.68,29.58,29.68,1726
20180822,29.62,29.62,29.54,29.54,2456
20180823,29.47,29.5,29.47,29.5,504
20180824,29.61,29.62,29.61,29.62,538
20180827,29.86,29.95,29.85,29.93,17474
20180828,30,30,29.86,29.89,1518
20180829,30.04,30.04,29.97,29.97,2169
20180830,29.91,29.94,29.83,29.83,2700
20180831,29.81,29.82,29.78,29.82,872
20180904,29.65,29.66,29.58,29.59,1917
20180905,29.4,29.52,29.4,29.52,720
20180906,29.43,29.43,29.27,29.29,3507
20180907,29.03,29.04,29.03,29.04,1399
20180910,29.21,29.21,29.13,29.13,1533
20180911,29.07,29.07,29.06,29.07,708
20180912,29.02,29.19,28.95,29.14,5622
20180913,29.2,29.25,29.2,29.21,2447
20180914,29.44,29.44,29.29,29.37,5149
20180917,29.31,29.31,29.19,29.19,1539
20180918,29.34,29.46,29.34,29.46,1284
20180919,29.52,29.55,29.4,29.4,1380
20180921,29.73,29.73,29.71,29.72,2540
20180924,29.49,29.54,29.47,29.47,26115
20180925,29.63,29.64,29.52,29.63,9761
20180926,29.55,29.61,29.55,29.61,820
20180927,29.38,29.56,29.38,29.56,574
20180928,29.38,29.54,29.38,29.46,5951
20181001,29.45,29.46,29.43,29.43,1941
20181002,29.08,29.16,29,29.05,2090
20181003,29.03,29.08,28.99,28.99,5383
20181004,28.91,28.91,28.67,28.79,4582
20181005,28.73,28.73,28.43,28.56,6811
20181008,28.27,28.51,28.27,28.51,3135
20181009,28.31,28.44,28.31,28.35,5838
20181010,28.17,28.17,27.73,27.76,5866
20181011,27.59,27.59,27.25,27.42,5019
20181012,27.5,27.5,27.22,27.38,2755
20181015,27.33,27.51,27.33,27.42,4906
20181016,27.6,27.85,27.6,27.85,457
20181017,27.9,27.9,27.78,27.8,5610
20181018,27.49,27.49,27.34,27.36,3558
20181019,27.36,27.37,27.32,27.36,2712
20181022,27.44,27.54,27.38,27.47,20985
20181023,26.8,27.28,26.8,27.27,2107
20181024,26.97,26.97,26.59,26.59,11902
20181025,26.75,27.01,26.75,26.88,8167
20181026,26.39,26.62,26.22,26.62,12579
20181029,26.75,26.75,26.21,26.39,7033
20181030,26.46,26.88,26.46,26.85,5269
20181031,27.16,27.23,27.07,27.15,7767
20181101,27.41,27.54,27.38,27.54,3823
20181102,27.75,27.75,27.54,27.7,9844
20181105,27.54,27.69,27.54,27.69,8516
20181106,27.64,27.66,27.6,27.6,7155
20181107,27.89,28.02,27.82,27.98,6508
20181108,27.87,27.96,27.78,27.84,27562
20181109,27.68,27.68,27.5,27.5,1142
20181112,27.44,27.44,27.19,27.2,4809
20181113,27.3,27.46,27.2,27.2,1083
20181114,27.2,27.2,27.07,27.19,2721
20181115,27.15,27.4,27.15,27.39,2142
20181116,27.35,27.35,27.34,27.34,357
20181119,27.41,27.41,27.12,27.17,1119
20181120,26.8,26.8,26.65,26.65,2528
20181121,27.02,27.03,26.97,27,3073
20181123,26.73,26.99,26.73,26.96,2519
20181126,27.08,27.2,26.94,27.06,23948
20181127,27.09,27.09,26.96,27.01,13273
20181128,27.1,27.54,26.95,27.52,8187
20181129,27.4,27.49,27.27,27.49,8819
20181130,27.43,27.46,27.37,27.46,3954
20181203,27.81,27.81,27.6,27.74,3949
20181204,27.62,27.62,26.88,26.92,3119
20181206,26.59,26.82,26.35,26.82,5077
20181207,26.75,26.75,26.43,26.43,8602
20181210,26.36,26.36,26.19,26.19,1629
20181211,26.24,26.34,26.24,26.34,9375
20181212,26.72,26.72,26.66,26.66,2124
20181213,26.48,26.49,26.35,26.41,13467
20181214,26.07,26.26,26.07,26.18,1346
20181217,25.89,25.97,25.39,25.57,19182
20181218,25.78,25.86,25.7,25.74,35188
20181219,25.77,25.85,25.22,25.22,8029
20181220,25.3,25.42,24.9,25.07,22150
20181221,25.01,25.01,24.53,24.53,20594
20181224,24.54,24.71,24.46,24.54,16006
20181226,24.57,25.15,24.57,25.15,8338
20181227,24.99,25.24,24.81,25.24,23145
20181228,25.33,25.43,25.33,25.38,3818
20181231,25.62,25.62,25.4,25.54,984
20190102,25.16,25.59,25.16,25.57,9425
20190103,25.36,25.36,25.16,25.23,808
20190104,25.86,26.05,25.86,25.98,9700
20190107,26.06,26.34,26.05,26.24,3949
20190108,26.31,26.39,26.22,26.36,2974
20190109,26.61,26.75,26.61,26.71,6419
20190110,26.61,26.71,26.61,26.67,1195
20190111,26.6,26.71,26.59,26.7,4764
20190114,26.63,26.63,26.63,26.63,562
20190115,26.68,26.74,26.67,26.67,1897
20190116,26.95,26.95,26.87,26.88,3046
20190117,27.1,27.1,27.1,27.1,143
20190118,27.33,27.44,27.33,27.43,22027
20190122,27.13,27.13,26.91,26.91,16103
20190123,27.08,27.16,27.06,27.11,41563
20190124,27.25,27.26,27.17,27.21,3316
20190125,27.4,27.61,27.4,27.6,10234
20190128,27.27,27.43,27.27,27.38,6571
20190129,27.45,27.54,27.44,27.44,2275
20190130,27.5,27.87,27.5,27.67,55073
20190131,27.64,27.86,27.64,27.73,77993
20190201,27.84,27.84,27.74,27.79,2813
20190204,27.99,27.99,27.99,27.99,33
20190205,28.13,28.13,28.13,28.13,33
20190206,27.99,27.99,27.93,27.97,5528
20190207,27.72,27.72,27.72,27.72,588
20190208,27.61,27.7,27.61,27.7,1248
20190211,27.74,27.77,27.74,27.77,376
20190212,27.92,28.09,27.92,28.09,3446
20190213,28.23,28.25,28.08,28.12,3749
20190214,28.14,28.26,28.08,28.26,7619
20190215,28.31,28.36,28.31,28.34,1275
20190219,28.43,28.73,28.43,28.66,18301
20190220,28.62,28.8,28.62,28.78,10058
20190221,28.55,28.6,28.54,28.6,4414
20190222,28.76,28.76,28.74,28.74,878
20190225,28.83,28.87,28.76,28.81,12960
20190226,28.75,28.76,28.65,28.72,6210
20190227,28.48,28.52,28.48,28.52,403
20190228,28.47,28.5,28.47,28.5,934
20190301,28.67,28.67,28.61,28.63,1645
20190304,28.67,28.67,28.47,28.51,1248
20190305,28.53,28.53,28.53,28.53,201
20190306,28.37,28.37,28.37,28.37,139
20190307,27.98,27.98,27.91,27.91,456
20190308,27.65,27.72,27.65,27.72,490
20190311,27.85,28.14,27.85,28.14,3628
20190312,28.24,28.24,28.23,28.23,667
20190313,28.27,28.32,28.24,28.27,10831
20190314,28.15,28.18,28.12,28.12,3966
20190315,28.38,28.43,28.12,28.19,18890
20190318,28.28,28.31,28.28,28.31,647
20190319,28.34,28.34,28.34,28.34,561
20190320,28.09,28.09,28.05,28.05,298
20190321,28.3,28.3,28.3,28.3,33
20190322,27.97,27.98,27.72,27.75,10151
20190325,27.7,27.72,27.65,27.71,3521
20190326,27.86,27.87,27.78,27.87,8050
20190327,27.84,27.84,27.82,27.82,2104
20190328,27.82,27.82,27.82,27.82,213
20190329,27.91,27.93,27.88,27.89,1216
20190401,28.14,28.14,28.14,28.14,1375
20190402,28.11,28.11,27.99,27.99,2156
20190403,28.29,28.33,28.29,28.33,1960
20190404,28.22,28.29,28.11,28.24,2100
20190405,28.27,28.38,28.27,28.38,1291
20190408,28.4,28.4,28.29,28.37,17753
20190409,28.23,28.27,28.23,28.27,1241
20190410,28.41,28.45,28.4,28.4,10310
20190411,28.39,28.39,28.25,28.25,1358
20190412,28.52,28.52,28.4,28.4,2896
20190415,28.5,28.5,28.49,28.49,256
20190416,28.48,28.51,28.48,28.51,354
20190417,28.44,28.44,28.33,28.34,3218
20190418,28.33,28.43,28.33,28.38,3731
20190422,28.17,28.25,28.17,28.18,2701
20190423,28.11,28.38,28.11,28.38,2670
20190424,28.29,28.29,28.22,28.22,1790
20190425,28.15,28.31,28.15,28.27,1632
20190426,28.26,28.3,28.26,28.3,2783
20190429,28.27,28.41,28.27,28.41,1883
20190430,28.35,28.35,28.29,28.34,759
20190501,28.3,28.3,28.29,28.29,1898
20190502,28.11,28.11,28.05,28.05,390
20190503,28.26,28.46,28.26,28.45,4473
20190506,28.22,28.22,28.22,28.22,181
20190507,27.92,27.92,27.81,27.81,3821
20190508,27.82,28.01,27.82,27.93,10005
20190509,27.73,27.73,27.73,27.73,33
20190510,27.57,27.89,27.57,27.8,2200
20190513,27.27,27.27,27.04,27.21,4336
20190514,27.43,27.43,27.43,27.43,796
20190515,27.43,27.43,27.43,27.43,160
20190516,27.53,27.54,27.53,27.53,5179
20190517,27.19,27.4,27.19,27.22,8517
20190520,26.97,27.08,26.97,27.08,1959
20190521,27.25,27.29,27.25,27.25,1195
20190522,27.15,27.2,27.15,27.2,2266
20190523,26.93,26.93,26.75,26.75,2652
20190524,26.89,26.94,26.89,26.94,2468
20190528,27.03,27.03,26.9,26.9,1962
20190529,26.59,26.65,26.59,26.63,1864
20190530,26.74,26.74,26.63,26.63,1428
20190531,26.5,26.52,26.5,26.52,526
20190603,26.64,26.64,26.62,26.62,1541
20190604,27.05,27.05,27.05,27.05,33
20190605,26.98,26.98,26.98,26.98,33
20190606,27.03,27.03,27.03,27.03,456
20190607,27.21,27.28,27.21,27.28,667
20190610,27.34,27.34,27.29,27.31,1569
20190611,27.39,27.39,27.39,27.39,139
20190612,27.37,27.37,27.32,27.32,340
20190613,27.34,27.34,27.34,27.34,33
20190614,27.32,27.32,27.09,27.19,5197
20190617,27.24,27.24,27.23,27.23,1301
20190618,27.29,27.5,27.29,27.5,6044
20190619,27.48,27.66,27.48,27.66,17498
20190620,27.93,27.93,27.71,27.87,21892
20190621,27.73,27.77,27.73,27.74,1431
20190624,27.71,27.71,27.71,27.71,1370
20190625,27.27,27.31,27.27,27.31,730
20190626,27.18,27.18,27.18,27.18,372
20190627,27.54,27.69,27.54,27.69,3360
20190628,27.89,27.89,27.89,27.89,30
20190701,28.11,28.12,28.11,28.12,801
20190702,28,28,28,28,200
20190703,28.06,28.28,28.06,28.21,41286
20190705,28.17,28.17,28.1,28.12,6968
20190708,28.06,28.08,28.03,28.03,2890
20190709,27.84,27.88,27.83,27.85,2322
20190710,28.12,28.12,27.98,28.06,7607
20190711,28.2,28.2,28.05,28.09,2169
20190712,28.19,28.23,28.19,28.23,1309
20190715,28.24,28.24,28.12,28.17,5341
20190716,28.2,28.2,28.2,28.2,1212
20190717,28.18,28.18,28.17,28.17,1031
20190718,28.14,28.24,28.14,28.24,238
20190719,28.38,28.38,28.38,28.38,1673
20190722,28.15,28.15,28.15,28.15,1019
20190723,28.17,28.17,28.05,28.17,2002
20190724,28.18,28.27,28.18,28.27,1544
20190725,28.26,28.26,28.04,28.05,1508
20190726,28.11,28.14,28.11,28.14,646
20190729,28.05,28.09,28.05,28.06,9065
20190730,27.95,27.97,27.89,27.97,808
20190731,28.13,28.13,27.73,27.73,707
20190801,27.77,27.9,27.47,27.53,2714
20190802,27.28,27.3,27.23,27.3,5630
20190805,26.77,26.77,26.63,26.75,7701
20190806,26.87,26.87,26.69,26.8,1344
20190807,26.76,27.04,26.76,27.04,1943
20190808,27.28,27.39,27.28,27.39,408
20190809,27.02,27.11,27.02,27.07,1428
20190812,26.85,26.85,26.81,26.85,668
20190813,27.07,27.07,27.02,27.02,421
20190814,26.59,26.59,26.42,26.42,3101
20190815,26.33,26.33,26.28,26.28,735
20190816,26.67,26.7,26.64,26.67,1621
20190819,26.91,26.91,26.91,26.91,155
20190820,26.82,26.82,26.72,26.75,4767
20190821,26.89,26.91,26.89,26.91,676
20190822,26.82,26.85,26.82,26.85,946
20190823,26.66,26.66,26.35,26.35,1049
20190826,26.47,26.49,26.47,26.47,913
20190827,26.62,26.62,26.51,26.51,1343
20190828,26.48,26.52,26.48,26.52,454
20190829,26.6,26.66,26.6,26.64,1596
20190830,26.76,26.77,26.74,26.74,2803
20190903,26.5,26.57,26.5,26.57,1905
20190904,26.74,26.8,26.74,26.8,27399
20190905,26.98,27.08,26.98,27.07,2698
20190906,27.1,27.12,27.1,27.12,1802
20190909,27.22,27.23,27.15,27.15,424
20190910,27.25,27.34,27.25,27.34,238
20190911,27.52,27.54,27.52,27.54,327
20190912,27.63,27.74,27.63,27.74,479
20190913,27.79,27.79,27.79,27.79,30
20190916,27.74,27.78,27.7,27.7,680
20190917,27.67,27.74,27.67,27.74,1147
20190918,27.58,27.63,27.58,27.58,1596
20190919,27.78,27.83,27.74,27.74,2382
20190920,27.7,27.7,27.68,27.68,1135
20190923,27.51,27.56,27.48,27.55,45444
20190924,27.66,27.66,27.4,27.4,2157
20190925,27.32,27.48,27.22,27.46,1275
20190926,27.36,27.36,27.34,27.34,447
20190927,27.37,27.37,27.14,27.14,3141
20190930,27.24,27.28,27.24,27.28,583
20191001,27.28,27.28,27.28,27.28,761
20191002,26.87,26.87,26.83,26.83,1009
20191003,26.78,26.9,26.78,26.9,1544
20191004,27.05,27.13,27.05,27.13,490
20191007,27.09,27.09,27.09,27.09,30
20191008,26.82,26.82,26.82,26.82,134
20191009,26.96,26.98,26.88,26.88,1207
20191010,26.87,27.13,26.87,27.13,610
20191011,27.41,27.41,27.41,27.41,1597
20191014,27.38,27.38,27.38,27.38,30
20191015,27.64,27.64,27.64,27.64,138
20191016,27.61,27.61,27.61,27.61,246
20191017,27.8,27.8,27.8,27.8,30
20191018,27.8,27.8,27.7,27.7,295
20191021,28.03,28.06,27.95,27.95,945
20191022,28,28,27.89,27.91,1077
20191023,27.9,27.9,27.87,27.87,2212
20191024,27.86,27.86,27.86,27.86,139
20191025,27.94,28.04,27.89,28.04,1811
20191028,28.11,28.2,28.1,28.1,4097
20191029,28.18,28.22,28.16,28.22,2953
20191030,28.13,28.13,28.08,28.12,657
20191031,28.14,28.15,28.07,28.07,2088
20191101,28.4,28.4,28.4,28.4,359
20191104,28.58,28.58,28.57,28.57,432
20191105,28.7,28.7,28.61,28.61,952
20191106,28.66,28.68,28.63,28.64,1070
20191107,28.86,28.89,28.81,28.81,991
20191108,28.64,28.64,28.64,28.64,396
20191111,28.46,28.55,28.46,28.55,388
20191112,28.62,28.62,28.62,28.62,30
20191113,28.48,28.48,28.48,28.48,134
20191114,28.59,28.61,28.59,28.61,897
20191115,28.73,28.73,28.73,28.73,30
20191118,28.69,28.69,28.66,28.66,482
20191119,28.79,28.84,28.79,28.79,8973
20191120,28.63,28.67,28.52,28.54,1035
20191121,28.48,28.48,28.35,28.35,238
20191122,28.44,28.48,28.43,28.48,1415
20191125,28.66,29,28.66,29,1458
20191126,29.04,29.04,29.04,29.04,30
20191127,29.19,29.19,29.19,29.19,30
20191129,29.1,29.1,29.1,29.1,448
20191202,28.81,28.88,28.81,28.84,1335
20191203,28.54,28.54,28.51,28.51,455
20191204,28.75,28.78,28.75,28.78,1041
20191205,28.97,28.97,28.83,28.83,3375
20191206,29.23,29.28,29.23,29.28,1320
20191209,29.21,29.26,29.17,29.23,1225
20191210,29.15,29.21,29.15,29.15,2638
20191211,29.18,29.22,29.18,29.2,2246
20191212,29.41,29.52,29.33,29.41,3181
20191213,29.23,29.27,29.23,29.27,2986
20191216,29.51,29.52,29.51,29.52,1482
20191217,29.49,29.49,29.49,29.49,30
20191218,29.49,29.72,29.49,29.69,2149
20191219,29.76,29.76,29.76,29.76,30
20191220,29.26,29.26,29.26,29.26,786
20191223,29.74,29.78,29.74,29.77,1690
20191224,29.81,29.85,29.81,29.83,1361
20191226,29.98,29.98,29.98,29.98,232
20191227,29.73,29.73,29.73,29.73,847
20191230,29.69,29.71,29.69,29.71,7430
20191231,29.83,29.83,29.8,29.8,513
20200102,29.73,29.73,29.73,29.73,30
20200103,29.61,29.61,29.61,29.61,289
20200106,29.4,29.63,29.4,29.63,2398
20200107,29.5,29.62,29.5,29.62,772
20200108,29.68,29.68,29.68,29.68,455
20200109,29.65,29.65,29.62,29.62,838
20200110,29.5,29.57,29.46,29.46,790
20200113,29.5,29.71,29.5,29.71,4453
20200114,29.76,29.76,29.73,29.75,2535
20200115,29.79,29.83,29.79,29.83,235
20200116,30.02,30.17,30.02,30.16,4541
20200117,30.11,30.11,30.11,30.11,30
20200121,29.95,29.95,29.91,29.91,459
20200122,29.93,29.93,29.91,29.92,628
20200123,29.78,29.98,29.75,29.98,3226
20200124,30.07,30.07,29.46,29.46,1695
20200127,29.2,29.2,29.15,29.17,6792
20200128,29.38,29.38,29.31,29.34,1868
20200129,29.33,29.33,29.17,29.17,2709
20200130,28.91,28.91,28.82,28.83,2729
20200131,28.41,28.41,28.36,28.36,2591
20200203,28.51,28.56,28.51,28.56,1004
20200204,28.73,28.73,28.73,28.73,30
20200205,29.14,29.21,29.14,29.21,424
20200206,29.2,29.22,29.15,29.15,2508
20200207,28.74,28.74,28.74,28.74,30
20200210,28.76,28.76,28.72,28.72,21655
20200211,29.03,29.13,29.03,29.13,1228
20200212,29.26,29.26,29.23,29.24,1677
20200213,29.3,29.3,29.3,29.3,227
20200214,29.13,29.13,29.13,29.13,30
20200218,29,29,29,29,198
20200219,29.15,29.17,29.13,29.13,4682
20200220,29.05,29.06,28.98,29.01,3580
20200221,28.84,28.84,28.77,28.77,1976
20200224,28.06,28.06,28.01,28.01,428
20200225,27.79,27.79,27.14,27.18,561
20200226,27.36,27.36,26.76,26.78,1332
20200227,25.91,26.67,25.82,26.35,3717
20200228,25.47,25.47,25.17,25.17,2490
20200302,25.87,25.87,25.74,25.74,1426
20200303,25.98,26.02,25.94,26.02,1104
20200304,26.12,26.2,26.12,26.2,235
20200305,25.68,25.68,25.53,25.53,1603
20200306,25.1,25.19,24.96,25.04,1695
20200309,21.43,23.93,21.43,23.3,4128
20200310,23.42,23.74,22.91,22.91,745
20200311,23.01,23.01,22.4,22.4,2617
20200312,21.02,21.03,19.99,19.999,2100
20200313,20.76,21.27,20.14,21.27,13311
20200316,19.56,19.56,18.751,18.751,2242
20200317,18.837,19.562,18.643,19.533,8375
20200318,18.623,18.623,17.198,17.374,1473
20200319,17.324,18.824,17.238,18.671,6553
20200320,18.292,18.585,18.088,18.088,4165
20200323,17.674,17.674,17.674,17.674,30
20200324,18.702,18.702,18.702,18.702,169
20200325,19.808,20.01,19.808,20.01,893
20200326,20.37,20.37,20.37,20.37,30
20200327,19.473,19.648,19.473,19.648,507
20200330,19.659,19.944,19.659,19.944,13966
20200331,20.08,20.09,19.717,19.814,2805
20200401,19.297,19.354,18.555,18.585,13510
20200402,19.024,19.024,19.024,19.024,414
20200403,18.429,18.429,17.96,17.979,3745
20200406,19.424,19.697,19.424,19.697,3571
20200407,20.21,20.3,20.21,20.3,2091
20200408,20.95,20.95,20.95,20.95,286
20200409,21.66,21.74,21.64,21.74,1031
20200413,21.33,21.33,21,21.03,11039
20200414,21.77,21.77,21.33,21.34,2110
20200415,20.47,20.47,20.47,20.47,209
20200416,20.21,20.45,19.942,20.13,41548
20200417,21.43,21.43,21.26,21.29,3694
20200420,20.93,21.2,20.89,21.18,6434
20200421,20.54,20.57,20.54,20.57,4064
20200422,20.63,20.63,20.51,20.59,1297
20200423,20.9,20.93,20.89,20.93,1259
20200424,20.7,21.11,20.7,20.98,2320
20200427,21.79,22.11,21.78,22.05,1257
20200428,22.65,22.65,22.65,22.65,501
20200429,22.47,22.47,22.47,22.47,33
20200430,22.68,22.87,22.68,22.8,545
20200501,21.78,21.78,21.78,21.78,132
20200504,21.69,21.71,21.67,21.67,6889
20200505,22.41,22.41,22.18,22.21,2342
20200506,21.74,21.78,21.74,21.74,1145
20200507,21.88,21.94,21.87,21.94,758
20200508,22.65,22.67,22.65,22.67,6931
20200511,22.63,22.63,22.63,22.63,30
20200512,22.34,22.34,22.24,22.24,1253
20200513,21.52,21.52,21.39,21.4,1245
20200514,20.62,20.66,20.62,20.64,4389
20200515,20.94,20.94,20.94,20.94,132
20200518,22.63,22.63,22.63,22.63,146
20200519,22.39,22.39,22.39,22.39,30
20200520,22.99,22.99,22.99,22.99,132
20200521,23.06,23.1,23.06,23.06,337
20200522,22.92,22.92,22.92,22.92,149
20200526,23.9,23.9,23.9,23.9,30
20200527,23.89,24.77,23.89,24.77,1497
20200528,24.15,24.15,24.15,24.15,30
20200529,23.75,23.75,23.75,23.75,952
20200601,24.13,24.13,24.13,24.13,30
20200602,24.28,24.28,24.28,24.28,1312
20200603,25.06,25.06,25.06,25.06,30
20200604,25.11,25.32,25.11,25.14,615
20200605,26.33,26.45,26.16,26.16,3737
20200608,26.72,26.8,26.69,26.69,2507
20200609,26.14,26.28,26.04,26.28,4025
20200610,25.46,25.46,25.46,25.46,132
20200611,23.74,23.74,23.58,23.58,552
20200612,23.81,23.81,23.73,23.73,1601
20200615,24.32,24.32,24.32,24.32,30
20200616,24.81,24.81,24.81,24.81,132
20200617,24.47,24.47,24.47,24.47,30
20200618,24.29,24.29,24.29,24.29,30
20200619,24.57,24.57,23.99,24.12,1126
20200622,23.9,23.9,23.9,23.9,132
20200623,24.35,24.35,24.35,24.35,30
20200624,23.9,23.9,23.63,23.66,595
20200625,23.76,23.76,23.76,23.76,644
20200626,23.59,23.61,23.54,23.54,1179
20200629,24.29,24.4,24.28,24.4,596
20200630,24.41,24.41,24.41,24.41,132
20200701,24.54,24.54,24.22,24.22,498
20200702,24.55,24.59,24.54,24.59,720
20200706,24.51,24.52,24.51,24.52,480
20200707,24.1,24.1,24.02,24.02,437
20200708,23.94,23.94,23.94,23.94,955
20200709,23.47,23.47,23.47,23.47,741
20200710,23.9,23.9,23.9,23.9,185
20200713,24.1,24.1,24.09,24.09,2063
20200714,23.77,24.2,23.77,24.2,870
20200715,25.11,25.15,25.1,25.12,4079
20200716,25.2,25.2,25.2,25.2,131
20200717,25.09,25.09,25.09,25.09,30
20200720,24.77,24.77,24.77,24.77,30
20200721,25.34,25.34,25.31,25.33,2258
20200722,25.33,25.33,25.33,25.33,30
20200723,25.36,25.36,25.36,25.36,30
20200724,24.99,25.05,24.99,25.05,2802
20200727,25.12,25.28,25.12,25.16,665
20200728,25.33,25.33,25.33,25.33,100089
20200729,25.4,25.4,25.4,25.4,183
20200730,25.43,25.43,25.43,25.43,30
20200731,25.43,25.43,25.43,25.43,343
20200803,25.59,25.59,25.59,25.59,30
20200804,25.86,25.86,25.86,25.86,30
20200805,26.03,26.03,26.01,26.01,355
20200806,26.06,26.06,26.06,26.06,30
20200807,26.49,26.49,26.49,26.49,30
20200810,26.92,26.92,26.92,26.92,153
20200811,26.78,26.78,26.78,26.78,30
20200812,27.05,27.05,26.93,26.93,373
20200813,26.9,26.9,26.9,26.9,437
20200814,26.91,26.91,26.91,26.91,335
20200817,26.88,26.92,26.88,26.91,1555
20200818,26.79,26.79,26.79,26.79,633
20200819,26.55,26.55,26.55,26.55,30
20200820,26.34,26.34,26.34,26.34,377
20200821,26.16,26.16,26.16,26.16,30
20200824,26.49,26.57,26.43,26.57,2014
20200825,26.89,26.89,26.41,26.56,1097
20200826,26.6,26.6,26.44,26.51,1095
20200827,26.71,26.71,26.56,26.58,1517
20200828,26.59,26.59,26.59,26.59,132
20200831,26.46,26.56,26.46,26.56,1199
20200901,26.47,26.51,26.47,26.51,615
20200902,26.76,26.91,26.76,26.91,504
20200903,26.31,26.31,26.31,26.31,30
20200904,26.44,26.44,25.95,25.95,283
20200908,25.89,26.15,25.89,26.15,989
20200909,25.89,26.01,25.84,26.01,1045
20200910,25.72,25.72,25.72,25.72,30
20200911,25.83,25.83,25.7,25.72,2283
20200914,25.93,25.93,25.93,25.93,132
20200915,26.11,26.11,25.91,25.91,572
20200916,25.98,26.08,25.98,26.08,843
20200917,26.1,26.13,26.01,26.1,780
20200918,26.03,26.03,26.03,26.03,30
20200921,25.27,25.27,25.27,25.27,647
20200922,25.16,25.2,25.14,25.2,10399
20200923,25.23,25.23,25.23,25.23,233
20200924,24.67,24.67,24.67,24.67,30
20200925,24.68,24.89,24.68,24.89,17469
20200928,25.5,25.5,25.5,25.5,334
20200929,25.83,25.83,25.44,25.44,972
20200930,25.41,25.41,25.41,25.41,30
20201001,25.45,25.45,25.42,25.42,615
20201002,26,26,26,26,30
20201005,26.57,26.57,26.57,26.57,30
20201006,26.51,26.51,26.51,26.51,30
20201007,26.93,26.93,26.93,26.93,1296
20201008,27.41,27.41,27.41,27.41,131
20201009,27.46,27.46,27.46,27.46,233
20201012,27.41,27.42,27.41,27.41,334
20201013,27.37,27.37,27.37,27.37,30
20201014,27.19,27.19,27.19,27.19,30
20201015,27.18,27.18,27.1,27.1,1151
20201016,27.56,27.56,27.46,27.46,256
20201019,26.92,26.92,26.92,26.92,30
20201020,27.17,27.17,27.17,27.17,173
20201021,26.79,26.79,26.79,26.79,30
20201022,27.08,27.08,27.08,27.08,30
20201023,27.12,27.13,27.12,27.12,1043
20201026,26.71,26.71,26.71,26.71,30
20201027,26.74,26.74,26.74,26.74,750
20201028,25.74,25.74,25.73,25.73,1817
20201029,25.94,25.94,25.94,25.94,30
20201030,25.58,25.58,25.58,25.58,375
20201102,25.89,26.13,25.89,26.13,9367
20201103,26.52,26.63,26.52,26.62,638
20201104,26.38,26.38,26.38,26.38,131
20201105,26.97,27.03,26.97,27.03,878
20201106,26.85,26.85,26.75,26.75,1667
20201109,27.97,28.03,27.97,27.97,2276
20201110,28.33,28.33,28.33,28.33,211
20201111,28.24,28.24,28.24,28.24,406
20201112,28.03,28.03,27.99,27.99,963
20201113,28.43,28.43,28.43,28.43,30
20201116,29.15,29.15,29.15,29.15,30
20201117,28.91,29.12,28.9,29.12,1152
20201118,29.11,29.11,29.11,29.11,283
20201119,28.95,28.95,28.95,28.95,30
20201120,28.92,28.92,28.92,28.92,30
20201123,29.41,29.41,29.41,29.41,30
20201124,30.09,30.09,30.09,30.09,30
20201125,29.76,29.76,29.76,29.76,233
20201127,29.9,29.9,29.9,29.9,30
20201130,29.39,29.59,29.39,29.41,1244
20201201,29.65,29.65,29.61,29.61,638
20201202,29.43,29.72,29.43,29.72,1778
20201203,30.08,30.08,29.93,29.93,840
20201204,30.48,30.48,30.48,30.48,30
20201207,30.43,30.43,30.43,30.43,30
20201208,30.25,30.68,30.25,30.68,754
20201209,30.63,30.63,30.63,30.63,30
20201210,30.74,30.74,30.74,30.74,30
20201211,30.5,30.5,30.48,30.48,1245
20201214,30.57,30.57,30.57,30.57,1729
20201215,31.19,31.19,31.19,31.19,30
20201216,30.97,30.97,30.97,30.97,131
20201217,31.13,31.13,31.13,31.13,235
20201218,31.4,31.4,31.4,31.4,1936
20201221,30.95,30.95,30.86,30.86,1870
20201222,31.14,31.14,31.14,31.14,30
20201223,31.08,31.12,31.04,31.12,4588
20201224,31.13,31.13,31.13,31.13,208
20201228,31.45,31.45,31.45,31.45,233
20201229,31.06,31.18,31.06,31.18,993
20201230,31.53,31.56,31.53,31.56,306
20201231,31.41,31.41,31.41,31.41,130
20210104,31.7,31.79,31.29,31.32,5402
20210105,31.68,32.07,31.68,32.07,2089
20210106,32.89,33.43,32.82,33.43,1044
20210107,33.62,33.62,33.54,33.54,1758
20210108,33.33,33.43,33.03,33.24,2913
20210111,33.21,33.28,33.21,33.28,2245
20210112,33.81,33.84,33.81,33.84,373
20210113,33.61,33.61,33.58,33.58,721
20210114,34.31,34.31,34.15,34.15,5545
20210115,33.79,33.79,33.79,33.79,30
20210119,34.1,34.1,34.1,34.1,30
20210120,34.26,34.26,34.26,34.26,30
20210121,34.11,34.11,34.11,34.11,30
20210122,33.84,34.38,33.83,34.38,836
20210125,34.36,34.45,34.27,34.31,3254
20210126,34.33,34.33,34.33,34.33,30
20210127,33.77,33.77,33.77,33.77,30
20210128,34.04,34.04,33.55,33.55,31528
20210129,33.75,33.75,33.09,33.09,132557
20210201,33.02,33.59,33.02,33.59,2580
20210202,33.71,33.94,33.71,33.94,685
20210203,34.14,34.14,34.14,34.14,30
20210204,34.58,34.8,34.58,34.74,1308
20210205,35.18,35.18,35.18,35.18,155
20210208,35.3,36.6,35.3,36.6,23282
20210209,36.5,36.88,36.5,36.86,2165
20210210,36.7,36.7,36.66,36.66,1666
20210211,36.33,36.72,36.33,36.62,1695
20210212,36.98,36.98,36.76,36.83,953
20210216,36.83,36.83,36.66,36.66,606
20210217,36.36,36.36,36.26,36.26,461
20210218,35.78,35.8,35.75,35.8,1443
20210219,36.14,36.14,36.14,36.14,30
20210222,36.32,36.46,36.27,36.29,1209
20210223,35.97,35.97,35.97,35.97,1978
20210224,36.8,36.8,36.8,36.8,30
20210225,36.52,36.52,35.98,36.02,28647
20210226,35.67,35.67,35.67,35.67,30
20210301,36.16,36.73,36.15,36.73,113405
20210302,36.45,36.45,36.3,36.34,1957
20210303,36.43,36.43,36.43,36.43,181
20210304,35.34,35.35,35.34,35.35,1617
20210305,35.54,36.38,35.54,36.38,33763
20210308,37.13,37.13,37.12,37.12,1785
20210309,37.41,37.41,37.41,37.41,30
20210310,37.92,38.05,37.92,38.02,1776
20210311,38.23,38.53,38.23,38.36,3217
20210312,38.44,38.95,38.44,38.95,2487
20210315,38.91,38.91,38.91,38.91,759
20210316,38.8,38.8,38.6,38.6,385
20210317,38.79,38.79,38.79,38.79,30
20210318,39.04,39.04,38.31,38.31,1336
20210319,38.64,38.64,38.64,38.64,171
20210322,38.64,38.64,38.21,38.21,1419
20210323,37.85,37.85,36.91,36.95,2338
20210324,36.88,36.88,36.64,36.64,420
20210325,36.19,36.79,36.17,36.79,431
20210326,37.63,37.63,37.63,37.63,130
20210329,37.12,37.12,37.12,37.12,30
20210330,36.79,36.79,36.79,36.79,230
20210331,37.93,37.93,37.93,37.93,330
20210401,37.75,38.22,37.75,38.11,38055
20210405,38.38,38.48,38.31,38.48,1531
20210406,38.37,38.37,38.37,38.37,330
20210407,37.97,37.97,37.94,37.94,530
20210408,37.68,37.95,37.68,37.95,392
20210409,37.89,38.07,37.89,38.07,6873
20210412,37.89,37.97,37.89,37.92,2296
20210413,37.86,37.87,37.68,37.79,1916
20210414,37.98,37.98,37.98,37.98,30
20210415,38.05,38.05,38.05,38.05,130
20210416,38.28,38.42,38.28,38.4,357
20210419,38.03,38.03,37.93,37.93,394
20210420,37.67,37.67,37.09,37.12,2950
20210421,37.73,37.99,37.72,37.99,1050
20210422,37.93,37.93,37.93,37.93,190
20210423,38.36,38.5,38.36,38.5,357
20210426,38.07,38.49,38.07,38.37,1300
20210427,38.46,38.46,38.29,38.29,1081
20210428,38.38,38.38,38.38,38.38,136
20210429,38.44,38.44,38.44,38.44,30
20210430,37.91,37.91,37.91,37.91,30
20210503,38.23,38.31,38.23,38.26,803
20210504,38.8,38.8,38.26,38.41,2235
20210505,38.36,38.36,38.24,38.24,407
20210506,38.26,38.56,38.15,38.56,1848
20210507,38.94,38.94,38.88,38.92,1204
20210510,38.53,38.53,38.53,38.53,30
20210511,37.93,38.19,37.8,38.19,709
20210512,38.07,38.07,37.69,37.69,630
20210513,37.95,37.95,37.95,37.95,30
20210514,38.3,38.73,38.3,38.73,6300
20210517,38.89,38.92,38.6,38.92,3549
20210518,38.83,38.83,38.83,38.83,518
20210519,38.29,38.29,38.29,38.29,30
20210520,37.99,38.22,37.99,38.22,498
20210521,38.55,38.55,38.53,38.55,380
20210524,38.66,38.89,38.66,38.87,14245
20210525,39.06,39.1,38.16,38.16,3544
20210526,38.76,38.8,38.76,38.8,791
20210527,39.05,39.05,39.05,39.05,30
20210528,38.95,38.95,38.95,38.95,610
20210601,39.48,39.48,39.48,39.48,536
20210602,39.29,39.29,39.29,39.29,297
20210603,39.2,39.2,39.2,39.2,130
20210604,39.19,39.19,39.17,39.19,2668
20210607,39.73,39.73,39.73,39.73,30
20210608,40.19,40.19,40.19,40.19,30
20210609,40.26,40.26,40.26,40.26,130
20210610,39.83,39.86,39.83,39.83,330
20210611,39.9,39.9,39.85,39.85,1333
20210614,39.53,39.53,39.53,39.53,30
20210615,39.65,39.65,39.65,39.65,430
20210616,39.5,39.5,39.5,39.5,30
20210617,38.89,38.89,38.89,38.89,30
20210618,38.12,38.12,38.12,38.12,30
20210621,38.85,38.92,38.85,38.92,1269
20210622,38.92,38.92,38.92,38.92,30
20210623,38.95,38.95,38.95,38.95,359
20210624,39.4,39.4,39.4,39.4,30
20210625,39.497,39.497,39.497,39.497,30
20210628,39.01,39.12,39.01,39.12,280
20210629,39.2756,39.2996,39.2756,39.2988,2810
20210630,39.372,39.372,39.372,39.372,130
20210701,39.619,39.619,39.619,39.619,30
20210702,39.832,39.832,39.832,39.832,130
20210706,39,39,38.592,38.789,2471
20210707,39.31,39.31,38.7112,38.789,4129
20210708,38.28,38.28,38.16,38.18,1083
20210709,39.08,39.08,39.08,39.08,30
20210712,39.54,39.54,38.66,39.2912,2536
20210713,38.696,38.696,38.571,38.571,766
20210714,38.4272,38.4272,38.4272,38.4272,280
20210715,38.1,38.1,37.836,37.98,1078
20210716,38.95,38.95,37.82,37.82,783
20210719,37.58,37.58,37.27,37.3,920
20210720,38,38.308,37.95,38.308,1290
20210721,38.694,38.694,38.694,38.694,30
20210722,38.27,38.27,38.11,38.11,1571
20210723,38.523,38.523,38.3577,38.5,2250
20210726,38.89,38.89,38.595,38.72,955
20210727,38.178,38.178,38.178,38.178,232
20210728,38.48,38.88,38.245,38.81,11198
20210729,39,39.32,38.89,39.21,5458
20210730,39.305,39.305,38.831,38.99,3800
20210802,38.785,38.785,38.785,38.785,30
20210803,39.06,39.06,38.99,39,1475
20210804,38.35,38.815,38.35,38.54,822
20210805,39.077,39.077,39.077,39.077,30
20210806,38.74,39.53,38.74,39.53,816
20210809,39.13,39.43,39.13,39.43,1879
20210810,39.49,39.54,39.4,39.54,8835
20210811,39.491,39.553,39.49,39.49,1230
20210812,39.768,39.768,39.6427,39.67,905
20210813,39.4643,39.68,39.4643,39.68,580
20210816,39.5201,39.525,39.34,39.34,1142
20210817,38.492,38.803,38.404,38.8021,1440
20210818,38.847,38.982,38.847,38.97,1342
20210819,38.335,38.335,38,38,1147
20210820,38.2,38.61,38.1708,38.61,16503
20210823,38.724,38.724,38.724,38.724,215
20210824,38.81,39.3,38.81,39.25,12732
20210825,39.45,39.45,39.31,39.31,730
20210826,39.46,39.46,38.8401,38.8401,612
20210827,39.664,39.664,39.664,39.664,30
20210830,39.9,39.9,39.58,39.62,2005
20210831,39.4687,39.4687,39.4687,39.4687,535
20210901,39.495,39.54,39.495,39.5098,656
20210902,39.88,39.88,39.88,39.88,285
20210903,39.6049,39.6049,39.59,39.59,243
20210907,39.5791,39.5791,39.3442,39.38,2837
20210908,38.8757,38.96,38.8757,38.96,1553
20210909,39.11,39.204,39,39,383
20210910,38.82,38.82,38.776,38.776,474
20210913,38.45,38.45,38.45,38.45,150
20210914,38.1396,38.28,38.09,38.262,1181
20210915,38.4318,38.4318,38.4318,38.4318,268
20210916,38.28,38.468,38.28,38.468,563
20210917,38.25,38.35,38.19,38.201,916
20210920,37.38,37.4191,37.198,37.215,2768
20210921,37.93,37.93,37.63,37.7199,2200
20210922,37.51,38.165,37.51,38.165,892
20210923,38.767,38.77,38.535,38.535,1330
20210924,38.609,38.609,38.609,38.609,30
20210927,39.26,39.399,39.24,39.399,889
20210928,38.84,38.88,38.73,38.8794,2822
20210929,38.764,38.84,38.71,38.72,1539
20210930,38.37,38.37,38.37,38.37,620
20211001,37.94,38.82,37.9,38.82,3895
20211004,38.63,38.643,38.61,38.61,555
20211005,38.867,38.867,38.867,38.867,30
20211006,38.73,38.732,38.35,38.71,1833
20211007,38.55,38.55,38.55,38.55,258
20211008,39.5,39.5,39.25,39.25,4301
20211011,39.1683,39.1683,39.1683,39.1683,175
20211012,39.0301,39.051,39.02,39.05,1390
20211013,38.52,38.52,38.52,38.52,399
20211014,39.264,39.264,39.264,39.264,30
20211015,39.49,39.51,39.18,39.18,7773
20211018,39.2,39.2,38.995,38.995,233
20211019,39.117,39.25,39.1102,39.1102,2696
20211020,39.4,39.622,39.4,39.5,2546
20211021,39.502,39.502,39.502,39.502,180
20211022,39.465,39.629,39.465,39.61,530
20211025,39.96,39.96,39.81,39.96,993
20211026,39.94,39.94,39.63,39.714,6453
20211027,39.09,39.09,38.961,39.04,530
20211028,39.293,39.293,39.293,39.293,30
20211029,39.368,39.368,39.368,39.368,30
20211101,39.85,40.35,39.85,40.25,3012
20211102,40.1,40.342,40.1,40.342,717
20211103,41.104,41.1399,41.104,41.1399,280
20211104,41.3,41.37,41.191,41.37,14571
20211105,41.87,41.87,41.87,41.87,130
20211108,42.5,42.5,42.11,42.16,6289
20211109,42.12,42.21,42.09,42.16,1976
20211110,42.16,42.16,41.901,41.901,670
20211111,42.514,42.514,42.514,42.514,30
20211112,42.7,42.7,42.7,42.7,130
20211115,42.5565,42.5565,42.5565,42.5565,430
20211116,42.65,42.79,42.52,42.75,3054
20211117,42.3015,42.315,42.15,42.315,332
20211118,42.06,42.11,42.06,42.11,630
20211119,41.9,41.9488,41.87,41.87,1134
20211122,42.12,42.77,42.12,42.57,212083
20211123,41.9896,42.22,41.9896,42.22,7416
20211124,41.96,42.03,41.9302,41.94,3331
20211126,40.592,40.592,40.36,40.36,330
20211129,40.46,40.779,40.3475,40.3475,912
20211130,39.77,39.77,39.515,39.624,1040
20211201,39.39,39.39,39.03,39.03,610
20211202,39.7,39.97,39.7,39.9,2792
20211203,40.36,40.36,39.0684,39.32,2850
20211206,40.13,40.13,39.24,39.24,361
20211207,40.2,40.69,40.2,40.4,2596
20211208,40.365,40.559,40.365,40.559,2925
20211209,40.37,40.37,39.97,39.97,4002
20211210,40.005,40.005,39.82,39.8734,1080
20211213,39.632,39.632,39.4337,39.4337,389
20211214,39.67,39.67,39.34,39.34,812
20211215,39.08,39.08,39.08,39.08,337
20211216,40.61,40.61,39.45,39.5532,3764
20211217,39.4027,39.775,39.4027,39.525,2987
20211220,38.76,39.191,38.66,39.191,1904
20211221,39.8,40.04,39.8,39.92,190098
20211222,39.555,39.804,39.555,39.78,24117
20211223,40.075,40.26,40.075,40.11,2016
20211227,40.5,40.5,40.11,40.11,1850
20211228,40.67,40.92,40.64,40.64,5439
20211229,40.97,40.97,40.521,40.56,7570
20211230,40.83,40.87,40.78,40.78,1406
20211231,40.5178,40.71,40.435,40.7,4435
20220103,40.7622,40.892,40.7622,40.892,898
20220104,41,41.19,41,41.185,2016
20220105,41.6,41.6,40.44,40.44,9798
20220106,40.6164,40.6164,40.55,40.55,7355
20220107,40.445,40.445,40.445,40.445,139
20220111,40.04,40.12,40.02,40.12,852
20220112,40.48,40.48,40.14,40.14,300
20220113,40.35,40.35,40.025,40.025,799
20220114,39.48,39.7424,39.48,39.7424,1429
20220118,39.5,39.5,39.2,39.2087,2037
20220119,39.01,39.01,38.6,38.8624,1597
20220120,38.57,38.58,37.8,37.8,1350
20220121,37.8,37.8,37.45,37.45,200
20220124,37,37.8751,36.685,37.8751,4325
20220125,37.3,37.3,37.3,37.3,100
20220126,38.37,38.4,37.1354,37.1354,4092
20220127,37.09,37.381,36.61,36.61,3038
20220128,36.5299,36.65,36.3359,36.5272,1399
20220131,37.2454,37.56,37.2454,37.55,4651
20220201,38.11,38.11,37.94,38,2833
20220202,37.79,37.97,37.79,37.8,899
20220203,38.15,38.1641,37.78,37.78,2642
20220204,37.2379,37.4923,37.2379,37.4923,700
20220207,37.5489,37.5489,37.5489,37.5489,213
20220208,37.9124,38.4998,37.9124,38.4998,7509
20220209,38.8077,38.8685,38.8077,38.8256,3411
20220210,38.95,39.0753,38.409,38.41,4822
20220211,38.75,38.75,38.75,38.75,286
20220214,38.0997,38.3,38.0549,38.0549,3388
20220215,38.51,38.93,38.492,38.93,3540
20220216,38.82,39.14,38.77,39.14,3556
20220217,38.755,38.755,38.46,38.51,3201
20220218,38.195,38.195,38.138,38.138,600
