Date,Open,High,Low,Close,Volume
20190425,25.02,25.02,25.02,25.02,130
20190426,25.0179,25.0217,25.0179,25.0217,730
20190429,22.27,22.27,22.27,22.27,33
20190430,22.28,22.28,22.28,22.28,33
20190501,22.27,22.27,22.27,22.27,145
20190502,22.29,22.29,22.28,22.29,2341
20190503,22.28,22.28,22.28,22.28,33
20190506,22.3,22.3,22.3,22.3,33
20190507,22.29,22.29,22.29,22.29,33
20190508,22.28,22.28,22.27,22.28,819
20190509,22.26,22.26,22.26,22.26,33
20190510,22.26,22.26,22.26,22.26,33
20190513,22.24,22.24,22.24,22.24,33
20190514,22.2,22.2,22.2,22.2,33
20190515,22.21,22.21,22.21,22.21,33
20190516,22.23,22.23,22.23,22.23,145
20190517,22.26,22.26,22.26,22.26,33
20190520,22.26,22.26,22.26,22.26,33
20190521,22.26,22.26,22.26,22.26,370
20190522,22.27,22.27,22.27,22.27,33
20190523,22.25,22.25,22.25,22.25,33
20190524,22.25,22.25,22.25,22.25,33
20190528,22.25,22.25,22.25,22.25,260
20190529,22.24,22.24,22.24,22.24,33
20190530,22.22,22.22,22.22,22.22,33
20190531,22.22,22.22,22.22,22.22,33
20190603,22.2,22.2,22.2,22.2,33
20190604,22.19,22.19,22.19,22.19,33
20190605,22.2,22.2,22.2,22.2,145
20190606,22.22,22.22,22.22,22.22,33
20190607,22.24,22.24,22.24,22.24,33
20190610,22.25,22.25,22.25,22.25,33
20190611,22.28,22.28,22.28,22.28,33
20190612,22.3,22.3,22.3,22.3,33
20190613,22.29,22.29,22.29,22.29,33
20190614,22.3,22.3,22.3,22.3,33
20190617,22.29,22.29,22.29,22.29,33
20190618,22.26,22.26,22.26,22.26,33
20190619,22.27,22.27,22.27,22.27,33
20190620,22.28,22.28,22.28,22.28,33
20190621,22.28,22.28,22.28,22.28,33
20190624,22.32,22.32,22.32,22.32,33
20190625,22.31,22.31,22.31,22.31,33
20190626,22.3,22.3,22.3,22.3,33
20190627,22.3,22.3,22.3,22.3,33
20190628,22.29,22.29,22.29,22.29,33
20190701,22.31,22.31,22.31,22.31,257
20190702,22.33,22.33,22.33,22.33,145
20190703,22.32,22.32,22.32,22.32,33
20190705,22.33,22.33,22.33,22.33,33
20190708,22.34,22.34,22.34,22.34,145
20190709,22.34,22.34,22.34,22.34,33
20190710,22.33,22.33,22.33,22.33,33
20190711,22.34,22.34,22.34,22.34,33
20190712,22.36,22.36,22.36,22.36,33
20190715,22.38,22.38,22.38,22.38,313
20190716,22.38,22.38,22.38,22.38,33
20190717,22.38,22.38,22.38,22.38,33
20190718,22.37,22.37,22.37,22.37,33
20190719,22.37,22.37,22.37,22.37,33
20190722,22.37,22.37,22.37,22.37,33
20190723,22.37,22.37,22.37,22.37,33
20190724,22.38,22.38,22.38,22.38,33
20190725,22.39,22.39,22.39,22.39,33
20190726,22.43,22.43,22.43,22.43,33
20190729,22.47,22.47,22.47,22.47,33
20190730,22.47,22.47,22.47,22.47,33
20190731,22.46,22.46,22.46,22.46,33
20190801,22.51,22.51,22.51,22.51,33
20190802,22.51,22.51,22.51,22.51,33
20190805,22.5,22.5,22.5,22.5,33
20190806,22.46,22.46,22.46,22.46,33
20190807,22.44,22.44,22.44,22.44,33
20190808,22.44,22.44,22.44,22.44,33
20190809,22.47,22.47,22.47,22.47,33
20190812,22.47,22.47,22.47,22.47,33
20190813,22.44,22.44,22.44,22.44,1702
20190814,22.46,22.46,22.46,22.46,33
20190815,22.41,22.41,22.41,22.41,33
20190816,22.39,22.39,22.39,22.39,33
20190819,22.39,22.39,22.39,22.39,33
20190820,22.42,22.42,22.42,22.42,33
20190821,22.42,22.42,22.42,22.42,33
20190822,22.42,22.42,22.42,22.42,33
20190823,22.4,22.4,22.4,22.4,33
20190826,22.41,22.41,22.41,22.41,33
20190827,22.41,22.41,22.41,22.41,33
20190828,22.41,22.41,22.41,22.41,33
20190829,22.41,22.41,22.41,22.41,33
20190830,22.41,22.41,22.41,22.41,33
20190903,22.44,22.44,22.44,22.44,33
20190904,22.43,22.43,22.43,22.43,33
20190905,22.46,22.46,22.46,22.46,255
20190906,22.46,22.46,22.46,22.46,33
20190909,22.48,22.48,22.48,22.48,33
20190910,22.49,22.49,22.49,22.49,33
20190911,22.51,22.51,22.5,22.5,144
20190912,22.51,22.51,22.51,22.51,33
20190913,22.55,22.55,22.55,22.55,33
20190916,22.59,22.61,22.59,22.6,2246
20190917,22.61,22.61,22.61,22.61,33
20190918,22.63,22.63,22.63,22.63,33
20190919,22.54,22.54,22.54,22.54,33
20190920,22.48,22.48,22.48,22.48,33
20190923,22.49,22.49,22.49,22.49,33
20190924,22.46,22.46,22.46,22.46,33
20190925,22.5,22.5,22.5,22.5,33
20190926,22.5,22.5,22.5,22.5,33
20190927,22.5,22.5,22.5,22.5,33
20190930,22.43,22.43,22.43,22.43,33
20191001,22.5,22.5,22.5,22.5,33
20191002,22.49,22.49,22.49,22.49,33
20191003,22.44,22.44,22.44,22.44,33
20191004,22.4,22.4,22.4,22.4,33
20191007,22.38,22.38,22.38,22.38,33
20191008,22.36,22.36,22.36,22.36,33
20191009,22.34,22.34,22.34,22.34,33
20191010,22.34,22.34,22.34,22.34,33
20191011,22.32,22.32,22.32,22.32,33
20191014,22.36,22.36,22.36,22.36,33
20191015,22.37,22.37,22.37,22.37,33
20191016,22.39,22.39,22.39,22.39,33
20191017,22.38,22.38,22.38,22.38,33
20191018,22.4,22.4,22.4,22.4,33
20191021,22.45,22.45,22.45,22.45,33
20191022,22.47,22.47,22.47,22.47,33
20191023,22.47,22.47,22.47,22.47,33
20191024,22.48,22.48,22.48,22.48,33
20191025,22.5,22.5,22.5,22.5,33
20191028,22.51,22.51,22.51,22.51,33
20191029,22.5,22.5,22.5,22.5,33
20191030,22.49,22.49,22.49,22.49,33
20191031,22.48,22.48,22.48,22.48,33
20191101,22.49,22.49,22.49,22.49,33
20191104,22.5,22.5,22.5,22.5,33
20191105,22.52,22.52,22.52,22.52,33
20191106,22.52,22.52,22.52,22.52,33
20191107,22.53,22.53,22.53,22.53,33
20191108,22.54,22.54,22.54,22.54,33
20191111,22.54,22.54,22.54,22.54,33
20191112,22.54,22.54,22.54,22.54,33
20191113,22.56,22.56,22.56,22.56,33
20191114,22.57,22.57,22.57,22.57,33
20191115,22.57,22.57,22.57,22.57,33
20191118,22.6,22.6,22.6,22.6,33
20191119,22.61,22.61,22.61,22.61,33
20191120,22.59,22.59,22.59,22.59,33
20191121,22.6,22.6,22.6,22.6,33
20191122,22.6,22.6,22.6,22.6,33
20191125,22.62,22.62,22.62,22.62,33
20191126,22.59,22.59,22.59,22.59,33
20191127,22.64,22.64,22.64,22.64,33
20191129,22.65,22.65,22.65,22.65,33
20191202,22.66,22.66,22.66,22.66,33
20191203,22.66,22.66,22.66,22.66,33
20191204,22.67,22.67,22.67,22.67,33
20191205,22.69,22.69,22.69,22.69,33
20191206,22.7,22.7,22.7,22.7,33
20191209,22.74,22.74,22.74,22.74,33
20191210,22.76,22.76,22.76,22.76,33
20191211,22.78,22.78,22.78,22.78,33
20191212,22.8,22.8,22.8,22.8,33
20191213,22.82,22.82,22.82,22.82,33
20191216,22.84,22.84,22.84,22.84,33
20191217,22.87,22.87,22.87,22.87,33
20191218,22.9,22.9,22.9,22.9,33
20191219,22.95,22.95,22.95,22.95,33
20191220,22.9,22.9,22.8,22.8,51989
20191223,23.02,23.02,23.02,23.02,33
20191224,23,23,23,23,33
20191226,23.01,23.01,23.01,23.01,33
20191227,23.01,23.01,23.01,23.01,33
20191230,23.02,23.02,23.02,23.02,33
20191231,23.04,23.04,23.04,23.04,141
20200102,23.04,23.04,23.04,23.04,33
20200103,23.06,23.06,23.06,23.06,33
20200106,23.08,23.08,23.08,23.08,141
20200107,23.07,23.07,23.07,23.07,33
20200108,23.08,23.09,23.08,23.09,898
20200109,23.11,23.11,23.11,23.11,33
20200110,23.13,23.13,23.13,23.13,33
20200113,23.14,23.14,23.14,23.14,33
20200114,23.16,23.16,23.16,23.16,33
20200115,23.16,23.17,23.16,23.17,606
20200116,23.16,23.16,23.16,23.16,141
20200117,23.19,23.19,23.19,23.19,249
20200121,23.21,23.21,23.21,23.21,33
20200122,23.21,23.21,23.21,23.21,364
20200123,23.18,23.18,23.18,23.18,33
20200124,23.17,23.17,23.17,23.17,249
20200127,23.2,23.2,23.2,23.2,33
20200128,23.12,23.12,23.12,23.12,33
20200129,23.14,23.14,23.14,23.14,33
20200130,23.11,23.11,23.11,23.11,33
20200131,23.11,23.11,23.11,23.11,33
20200203,23.09,23.09,23.09,23.09,33
20200204,23.08,23.08,23.08,23.08,33
20200205,23.09,23.09,23.09,23.09,33
20200206,23.09,23.09,23.09,23.09,33
20200207,23.1,23.1,23.1,23.1,33
20200210,23.09,23.09,23.09,23.09,33
20200211,23.09,23.09,23.09,23.09,33
20200212,23.11,23.11,23.11,23.11,33
20200213,23.11,23.11,23.11,23.11,33
20200214,23.12,23.12,23.12,23.12,249
20200218,23.13,23.13,23.13,23.13,249
20200219,23.15,23.15,23.15,23.15,33
20200220,23.06,23.06,23.06,23.06,33
20200221,23.06,23.06,23.06,23.06,33
20200224,23.07,23.07,23.07,23.07,33
20200225,23.02,23.02,23.02,23.02,33
20200226,22.99,22.99,22.99,22.99,33
20200227,22.96,22.96,22.96,22.96,33
20200228,22.82,22.82,22.82,22.82,33
20200302,22.67,22.67,22.67,22.67,33
20200303,22.73,22.73,22.73,22.73,33
20200304,22.77,22.77,22.77,22.77,33
20200305,22.79,22.79,22.79,22.79,33
20200306,22.73,22.73,22.73,22.73,33
20200309,22.28,22.28,22.27,22.27,573
20200310,22.19,22.19,22.18,22.18,2191
20200311,22.18,22.18,22.17,22.17,2515
20200312,21.92,21.92,21.91,21.91,1112
20200313,21.59,21.59,21.59,21.59,33
20200316,21.51,21.51,21.51,21.51,249
20200317,20.83,20.83,20.83,20.83,33
20200318,20.65,20.65,20.65,20.65,33
20200319,20.03,20.03,20.03,20.03,33
20200320,19.442,19.442,19.442,19.442,33
20200323,19.409,19.419,19.372,19.4,14786
20200324,19.07,19.07,19.07,19.07,33
20200325,19.326,19.493,19.316,19.493,14255
20200326,20.07,20.08,20.07,20.08,2334
20200327,20.52,20.52,20.52,20.52,33
20200330,20.56,20.56,20.56,20.56,33
20200331,20.71,20.71,20.71,20.71,33
20200401,20.95,20.95,20.8,20.81,40388
20200402,20.47,20.47,20.47,20.47,33
20200403,20.47,20.47,20.47,20.47,33
20200406,20.51,20.51,20.51,20.51,33
20200407,20.87,20.88,20.87,20.87,10997
20200408,21.15,21.15,21.15,21.15,33
20200409,21.58,21.86,21.58,21.86,82738
20200413,21.82,21.82,21.82,21.82,33
20200414,22.06,22.06,22.06,22.06,33
20200415,21.8,21.8,21.8,21.8,308
20200416,21.63,21.63,21.63,21.63,307
20200417,21.73,21.73,21.73,21.73,33
20200420,21.98,21.98,21.98,21.98,33
20200421,21.83,21.83,21.83,21.83,33
20200422,21.79,21.79,21.79,21.79,33
20200423,21.7,21.7,21.7,21.7,33
20200424,21.66,21.66,21.66,21.66,33
20200427,21.7,21.7,21.7,21.7,33
20200428,21.65,21.65,21.65,21.65,33
20200429,21.61,21.61,21.61,21.61,33
20200430,21.59,21.59,21.59,21.59,33
20200501,21.65,21.65,21.65,21.65,33
20200504,21.63,21.63,21.63,21.63,33
20200505,21.6,21.6,21.6,21.6,33
20200506,21.57,21.57,21.57,21.57,33
20200507,21.62,21.62,21.62,21.62,33
20200508,21.63,21.63,21.63,21.63,33
20200511,21.76,21.76,21.76,21.76,33
20200512,21.77,21.77,21.77,21.77,33
20200513,21.8,21.8,21.8,21.8,33
20200514,21.79,21.79,21.79,21.79,33
20200515,21.75,21.75,21.75,21.75,33
20200518,21.74,21.74,21.74,21.74,33
20200519,21.79,21.79,21.79,21.79,33
20200520,21.84,21.84,21.84,21.84,33
20200521,21.9,21.9,21.9,21.9,33
20200522,21.93,21.93,21.93,21.93,33
20200526,21.94,21.94,21.94,21.94,33
20200527,22.16,22.16,22.16,22.16,247
20200528,22.1,22.1,22.1,22.1,33
20200529,22.17,22.17,22.17,22.17,33
20200601,22.19,22.19,22.19,22.19,33
20200602,22.19,22.19,22.19,22.19,33
20200603,22.3,22.3,22.3,22.3,33
20200604,22.35,22.35,22.35,22.35,33
20200605,22.39,22.39,22.39,22.39,33
20200608,22.67,22.67,22.67,22.67,461
20200609,22.55,22.55,22.55,22.55,33
20200610,22.58,22.58,22.58,22.58,33
20200611,22.72,22.72,22.41,22.41,6779
20200612,22.56,22.56,22.56,22.56,33
20200615,22.52,22.52,22.52,22.52,33
20200616,22.5,22.5,22.5,22.5,33
20200617,22.6,22.6,22.6,22.6,33
20200618,22.64,22.64,22.64,22.64,33
20200619,22.64,22.64,22.64,22.64,33
20200622,22.67,22.67,22.67,22.67,33
20200623,22.66,22.66,22.66,22.66,33
20200624,22.68,22.68,22.68,22.68,33
20200625,22.65,22.65,22.65,22.65,33
20200626,22.57,22.57,22.57,22.57,33
20200629,22.53,22.53,22.53,22.53,33
20200630,22.46,22.46,22.46,22.46,33
20200701,22.46,22.46,22.46,22.46,33
20200702,22.49,22.49,22.49,22.49,33
20200706,22.52,22.52,22.52,22.52,33
20200707,22.57,22.57,22.57,22.57,33
20200708,22.58,22.58,22.58,22.58,33
20200709,22.6,22.6,22.6,22.6,33
20200710,22.52,22.52,22.52,22.52,246
20200713,22.6,22.6,22.6,22.6,33
20200714,22.61,22.61,22.61,22.61,33
20200715,22.62,22.62,22.62,22.62,33
20200716,22.68,22.68,22.68,22.68,33
20200717,22.7,22.7,22.7,22.7,33
20200720,22.71,22.71,22.71,22.71,33
20200721,22.81,22.81,22.81,22.81,881
20200722,22.82,22.82,22.82,22.82,33
20200723,22.85,22.85,22.85,22.85,33
20200724,22.83,22.83,22.83,22.83,33
20200727,22.84,22.84,22.84,22.84,33
20200728,22.84,22.84,22.84,22.84,33
20200729,22.85,22.85,22.85,22.85,33
20200730,22.86,22.86,22.86,22.86,33
20200731,22.84,22.84,22.84,22.84,33
20200803,22.91,22.91,22.79,22.79,669
20200804,22.88,22.88,22.88,22.88,33
20200805,22.83,22.83,22.83,22.83,139
20200806,22.92,22.92,22.92,22.92,33
20200807,22.95,22.95,22.95,22.95,33
20200810,22.96,22.96,22.96,22.96,33
20200811,22.96,22.96,22.96,22.96,33
20200812,22.98,22.98,22.98,22.98,33
20200813,22.99,22.99,22.99,22.99,33
20200814,22.98,22.98,22.98,22.98,33
20200817,22.98,22.98,22.98,22.98,33
20200818,23.04,23.04,22.98,22.98,1226
20200819,22.94,22.94,22.94,22.94,33
20200820,22.96,22.96,22.96,22.96,33
20200821,22.96,22.96,22.96,22.96,33
20200824,23.01,23.01,23.01,23.01,139
20200825,22.96,22.96,22.96,22.96,33
20200826,22.97,22.97,22.97,22.97,33
20200827,23.03,23.03,23.03,23.03,158
20200828,22.99,22.99,22.99,22.99,33
20200831,23,23,23,23,33
20200901,22.97,22.97,22.97,22.97,33
20200902,22.99,22.99,22.99,22.99,33
20200903,23.08,23.08,23.08,23.08,139
20200904,23.03,23.03,23.03,23.03,33
20200908,23.02,23.02,23.02,23.02,33
20200909,22.99,22.99,22.99,22.99,33
20200910,23.01,23.01,23.01,23.01,33
20200911,23.02,23.02,23.02,23.02,33
20200914,23.04,23.04,23.04,23.04,33
20200915,23.05,23.05,23.05,23.05,33
20200916,23.06,23.06,23.06,23.06,33
20200917,23.06,23.06,23.06,23.06,33
20200918,23.06,23.06,23.06,23.06,33
20200921,23.01,23.01,23.01,23.01,158
20200922,22.99,22.99,22.99,22.99,244
20200923,23.02,23.02,23.02,23.02,33
20200924,23,23,23,23,33
20200925,22.9,22.92,22.88,22.92,4170
20200928,22.92,22.92,22.92,22.92,33
20200929,22.95,22.95,22.95,22.95,33
20200930,22.96,22.96,22.96,22.96,33
20201001,22.98,22.98,22.98,22.98,33
20201002,22.97,22.97,22.97,22.97,33
20201005,23.03,23.03,22.96,23.03,1878
20201006,23.01,23.01,23.01,23.01,316
20201007,22.97,23.05,22.97,23.05,916
20201008,23.05,23.05,23.05,23.05,33
20201009,23.07,23.07,23.07,23.07,33
20201012,23.09,23.09,23.09,23.09,33
20201013,23.09,23.09,23.09,23.09,33
20201014,23.1,23.1,23.1,23.1,33
20201015,23.1,23.1,23.1,23.1,33
20201016,23.07,23.07,23.07,23.07,33
20201019,23.1,23.1,23.1,23.1,33
20201020,23.12,23.12,23.12,23.12,30
20201021,23.12,23.12,23.12,23.12,30
20201022,23.14,23.14,23.14,23.14,30
20201023,23.13,23.13,23.13,23.13,30
20201026,23.15,23.15,23.15,23.15,555
20201027,23.09,23.09,23.09,23.09,30
20201028,23.08,23.08,23.08,23.08,30
20201029,23.07,23.07,23.01,23.07,2513
20201030,23.08,23.08,23.08,23.08,555
20201102,23.02,23.06,23.02,23.02,2549
20201103,23.02,23.02,23.02,23.02,30
20201104,23.11,23.11,23.11,23.11,135
20201105,23.11,23.11,23.11,23.11,30
20201106,23.19,23.19,23.19,23.19,30
20201109,23.26,23.3,23.26,23.3,30705
20201110,23.36,23.36,23.36,23.36,30
20201111,23.34,23.34,23.34,23.34,30
20201112,23.34,23.34,23.34,23.34,30
20201113,23.4,23.4,23.39,23.39,660
20201116,23.2,23.2,23.2,23.2,135
20201117,23.32,23.32,23.32,23.32,30
20201118,23.39,23.39,23.39,23.39,136
20201119,23.34,23.34,23.34,23.34,30
20201120,23.34,23.34,23.34,23.34,30
20201123,23.36,23.36,23.36,23.36,30
20201124,23.38,23.38,23.38,23.38,30
20201125,23.43,23.43,23.43,23.43,455
20201127,23.44,23.44,23.44,23.44,30
20201130,23.48,23.48,23.48,23.48,30
20201201,23.47,23.47,23.47,23.47,30
20201202,23.55,23.59,23.55,23.59,239
20201203,23.48,23.48,23.48,23.48,30
20201204,23.51,23.51,23.51,23.51,30
20201207,23.65,23.65,23.65,23.65,135
20201208,23.56,23.56,23.56,23.56,30
20201209,23.63,23.63,23.63,23.63,239
20201210,23.58,23.58,23.58,23.58,30
20201211,23.69,23.69,23.69,23.69,135
20201214,23.59,23.66,23.59,23.66,657
20201215,23.72,23.72,23.72,23.72,239
20201216,23.72,23.72,23.72,23.72,135
20201217,23.75,23.75,23.74,23.74,4017
20201218,23.69,23.69,23.69,23.69,449
20201221,23.6,23.6,23.6,23.6,239
20201222,23.66,23.66,23.66,23.66,1050
20201223,23.66,23.66,23.66,23.66,449
20201224,23.64,23.64,23.64,23.64,30
20201228,23.67,23.67,23.67,23.67,30
20201229,23.66,23.66,23.66,23.66,30
20201230,23.67,23.67,23.67,23.67,30
20201231,23.67,23.67,23.67,23.67,30
20210104,23.68,23.68,23.62,23.62,2946
20210105,23.7,23.7,23.7,23.7,30
20210106,23.6,23.64,23.6,23.6,2068
20210107,23.64,23.64,23.64,23.64,250
20210108,23.76,23.76,23.76,23.76,30
20210111,23.8,23.8,23.8,23.8,239
20210112,23.81,23.81,23.81,23.81,30
20210113,23.83,23.83,23.83,23.83,30
20210114,23.84,23.84,23.84,23.84,30
20210115,23.88,23.92,23.88,23.92,1179
20210119,23.9,23.9,23.9,23.9,30
20210120,23.92,23.92,23.92,23.92,30
20210121,23.93,23.93,23.93,23.93,30
20210122,23.94,23.94,23.94,23.94,30
20210125,23.93,23.93,23.93,23.93,30
20210126,23.93,23.93,23.93,23.93,30
20210127,23.93,23.93,23.93,23.93,30
20210128,23.97,23.97,23.86,23.86,3360
20210129,23.84,23.95,23.84,23.95,342
20210201,23.88,23.88,23.88,23.88,30
20210202,23.87,23.87,23.87,23.87,30
20210203,23.9,23.9,23.9,23.9,30
20210204,23.88,23.88,23.88,23.88,30
20210205,23.91,23.91,23.91,23.91,30
20210208,23.9,23.9,23.9,23.9,30
20210209,23.93,23.93,23.93,23.93,30
20210210,24,24,24,24,860
20210211,24.08,24.08,23.94,23.94,134
20210212,24.02,24.02,24.02,24.02,481
20210216,23.94,23.98,23.94,23.98,618
20210217,24,24,24,24,30
20210218,24,24,24,24,30
20210219,23.99,23.99,23.99,23.99,30
20210222,24.03,24.03,24.03,24.03,236
20210223,24.02,24.02,24.02,24.02,2104
20210224,24.02,24.02,23.99,23.99,340
20210225,23.98,24.02,23.98,24.02,650
20210226,23.99,23.99,23.99,23.99,30
20210301,23.97,23.97,23.97,23.97,133
20210302,24.02,24.02,24.02,24.02,967
20210303,23.95,23.95,23.95,23.95,30
20210304,23.93,23.95,23.93,23.95,443
20210305,23.96,23.98,23.96,23.96,1064
20210308,23.94,23.94,23.94,23.94,30
20210309,23.93,23.93,23.93,23.93,133
20210310,23.95,23.95,23.95,23.95,30
20210311,23.96,23.96,23.96,23.96,30
20210312,24,24,24,24,237
20210315,23.99,23.99,23.99,23.99,133
20210316,23.98,23.98,23.95,23.95,340
20210317,23.98,23.98,23.98,23.98,30
20210318,23.97,23.97,23.97,23.97,30
20210319,23.97,23.97,23.97,23.97,177
20210322,23.92,23.92,23.92,23.92,1685
20210323,23.97,23.97,23.97,23.97,30
20210324,23.98,23.98,23.98,23.98,30
20210325,24.02,24.02,24.02,24.02,236
20210326,24.01,24.01,24.01,24.01,30
20210329,24.02,24.02,24.02,24.02,236
20210330,24.01,24.03,24.01,24.02,1577
20210331,24.01,24.01,24.01,24.01,30
20210401,24.02,24.02,24.01,24.01,1701
20210405,24.03,24.03,24.03,24.03,208414
20210406,24.04,24.04,24.04,24.04,236
20210407,24.03,24.03,24.03,24.03,30
20210408,24.04,24.04,24.04,24.04,226
20210409,24.07,24.07,24.07,24.07,30
20210412,24.13,24.14,24.13,24.14,207723
20210413,24.14,24.14,24.14,24.14,156
20210414,24.08,24.17,24.08,24.13,45146
20210415,24.12,24.12,24.12,24.12,1319
20210416,24.09,24.09,24.09,24.09,3224
20210419,24.13,24.13,24.13,24.13,166119
20210420,24.11,24.11,24.11,24.11,1252
20210421,24.09,24.09,24.09,24.09,1481
20210422,24.07,24.07,24.07,24.07,30
20210423,24.08,24.08,24.08,24.08,30
20210426,24.13,24.13,24.13,24.13,648
20210427,24.13,24.13,24.13,24.13,236
20210428,24.03,24.08,24.01,24.08,3412
20210429,24.14,24.14,24.14,24.14,141
20210430,24.11,24.11,24.11,24.11,133
20210503,24.15,24.15,24.15,24.15,714
20210504,24.08,24.08,24.08,24.08,30
20210505,24.13,24.13,24.13,24.13,185
20210506,24.08,24.08,24.08,24.08,30
20210507,24.14,24.14,24.14,24.14,30
20210510,24.11,24.11,24.11,24.11,545
20210511,24.16,24.16,24.16,24.16,13690
20210512,24.13,24.13,24.13,24.13,30
20210513,24.11,24.11,24.11,24.11,651
20210514,24.13,24.13,24.13,24.13,30
20210517,24.14,24.14,24.14,24.14,30
20210518,24.2,24.2,24.2,24.2,442
20210519,24.11,24.11,24.11,24.11,236
20210520,24.15,24.15,24.13,24.13,853
20210521,24.14,24.15,24.14,24.15,3703
20210524,24.18,24.18,24.14,24.15,2399
20210525,24.16,24.17,24.14,24.15,5087
20210526,24.17,24.2,24.17,24.2,2019
20210527,24.21,24.22,24.2,24.2,3116
20210528,24.23,24.23,24.23,24.23,351
20210601,24.26,24.26,24.26,24.26,30
20210602,24.25,24.25,24.25,24.25,966
20210603,24.31,24.31,24.31,24.31,339
20210604,24.31,24.31,24.31,24.31,195
20210607,24.33,24.34,24.31,24.31,282077
20210608,24.28,24.33,24.28,24.31,43778
20210609,24.3,24.34,24.3,24.31,9474
20210610,24.31,24.34,24.31,24.34,1472
20210611,24.34,24.35,24.32,24.34,2808
20210614,24.36,24.36,24.36,24.36,628
20210615,24.34,24.37,24.3,24.37,12203
20210616,24.34,24.34,24.34,24.34,1967
20210617,24.33,24.39,24.33,24.39,5131
20210618,24.38,24.39,24.3,24.3,6359
20210621,24.36,24.4,24.36,24.4,6659
20210622,24.38,24.41,24.35,24.35,6558
20210623,24.39,24.4,24.3,24.3,6685
20210624,24.41,24.41,24.34,24.38,6969
20210625,24.37,24.37,24.33,24.37,5965
20210628,24.32,24.38,24.32,24.35,4558
20210629,24.38,24.38,24.38,24.38,2807
20210630,24.38,24.39,24.3,24.31,319500
20210701,24.4,24.4,24.4,24.4,2650
20210702,24.38,24.45,24.37,24.45,3330
20210706,24.47,24.48,24.36,24.48,6422
20210707,24.48,24.48,24.46,24.47,5068
20210708,24.44,24.48,24.42,24.42,3623
20210709,24.52,24.52,24.52,24.52,133
20210712,24.49,24.49,24.49,24.49,2083
20210713,24.44,24.48,24.44,24.48,677
20210714,24.49,24.49,24.49,24.49,2222
20210715,24.49,24.49,24.47,24.49,3939
20210716,24.48,24.48,24.48,24.48,191
20210719,24.42,24.49,24.42,24.49,2916
20210720,24.46,24.46,24.41,24.41,6887
20210721,24.46,24.47,24.43,24.47,9798
20210722,24.48,24.48,24.45,24.47,3225
20210723,24.48,24.48,24.48,24.48,1995
20210726,24.45,24.5,24.45,24.5,10714
20210727,24.5,24.5,24.5,24.5,953
20210728,24.48,24.48,24.44,24.48,2986
20210729,24.47,24.47,24.47,24.47,410
20210730,24.45,24.47,24.44,24.44,794
20210802,24.48,24.48,24.44,24.44,1939
20210803,24.45,24.45,24.44,24.44,389
20210804,24.47,24.47,24.46,24.46,1991
20210805,24.47,24.47,24.44,24.46,3189
20210806,24.45,24.47,24.45,24.46,1564
20210809,24.46,24.46,24.46,24.46,30
20210810,24.44,24.48,24.44,24.46,3922
20210811,24.48,24.48,24.42,24.42,12453
20210812,24.43,24.49,24.43,24.46,3403
20210813,24.49,24.6,24.49,24.49,1722
20210816,24.47,24.47,24.47,24.47,211
20210817,24.5,24.5,24.41,24.49,5997
20210818,24.5,24.53,24.47,24.49,10042
20210819,24.52,24.52,24.49,24.52,14111
20210820,24.52,24.52,24.46,24.52,3688
20210823,24.53,24.53,24.53,24.53,6808
20210824,24.52,24.52,24.5,24.52,2027
20210825,24.55,24.55,24.43,24.46,6187
20210826,24.47,24.47,24.45,24.47,3364
20210827,24.51,24.52,24.51,24.52,1883
20210830,24.56,24.59,24.55,24.55,4012
20210831,24.59,24.59,24.53,24.57,4728
20210901,24.6,24.6,24.6,24.6,905
20210902,24.57,24.61,24.57,24.61,2171
20210903,24.62,24.62,24.57,24.6,1042
20210907,24.8,24.8,24.58,24.6,4647
20210908,24.61,24.63,24.61,24.62,1804
20210909,24.57,24.57,24.57,24.57,30
20210910,24.64,24.64,24.64,24.64,191
20210913,24.66,24.66,24.6,24.6,768
20210914,24.63,24.78,24.63,24.78,4141
20210915,24.61,24.68,24.59,24.68,3531
20210916,24.62,24.69,24.62,24.69,1741
20210917,24.68,24.68,24.65,24.65,2713
20210920,24.65,24.68,24.65,24.66,1056
20210921,24.69,24.69,24.63,24.69,16755
20210922,24.72,24.72,24.63,24.69,4179
20210923,24.65,24.65,24.65,24.65,625
20210924,24.71,24.71,24.61,24.71,2333
20210927,24.72,24.72,24.66,24.72,1166
20210928,24.68,24.73,24.53,24.66,61860
20210929,24.7,24.7,24.63,24.68,3507
20210930,24.7,24.7,24.69,24.69,540
20211001,24.69,24.72,24.69,24.72,4178
20211004,24.73,24.73,24.72,24.73,1118
20211005,24.72,24.72,24.71,24.71,4341
20211006,24.76,24.76,24.71,24.75,2766
20211007,24.72,24.76,24.71,24.76,20975
20211008,24.75,24.75,24.74,24.74,1522
20211011,24.75,24.75,24.75,24.75,438
20211012,24.7,24.7,24.67,24.7,646
20211013,24.75,24.77,24.71,24.76,3140
20211014,24.73,24.73,24.68,24.68,548
20211015,24.79,24.79,24.71,24.71,2765
20211018,24.73,24.78,24.69,24.72,16802
20211019,24.81,24.81,24.77,24.77,9836
20211020,24.94,24.94,24.83,24.89,53377
20211021,24.85,24.85,24.82,24.84,2977
20211022,24.83,24.84,24.79,24.84,2788
20211025,24.82,24.82,24.82,24.82,2703
20211026,24.77,24.82,24.77,24.81,2977
20211027,24.78,24.82,24.78,24.82,4093
20211028,24.79,24.82,24.79,24.8,2247
20211029,25.02,25.02,24.8,24.81,2616
20211101,24.84,24.84,24.82,24.82,2823
20211102,24.78,24.83,24.78,24.79,8084
20211103,24.83,24.83,24.81,24.83,2716
20211104,24.82,24.84,24.82,24.84,3080
20211105,24.83,24.98,24.83,24.87,10438
20211108,24.86,24.87,24.85,24.85,6207
20211109,24.87,24.87,24.86,24.87,3380
20211110,24.85,24.85,24.85,24.85,251
20211111,24.82,24.86,24.82,24.86,1601
20211112,24.87,24.87,24.85,24.86,2762
20211115,24.91,24.91,24.87,24.88,14615
20211116,24.92,24.92,24.88,24.88,1512
20211117,24.88,24.88,24.86,24.87,3761
20211118,24.87,24.88,24.87,24.87,9776
20211119,24.88,24.88,24.88,24.88,1082
20211122,24.89,24.89,24.87,24.88,19532
20211123,24.86,24.89,24.86,24.89,4126
20211124,24.9,24.9,24.89,24.89,333
20211126,24.89,24.89,24.89,24.89,30
20211129,24.93,24.93,24.89,24.89,14709
20211130,24.85,24.86,24.82,24.82,10897
20211201,24.8,24.8,24.73,24.78,3446
20211202,24.66,24.74,24.66,24.66,4058
20211203,24.8,24.8,24.72,24.78,3974
20211206,24.82,24.82,24.82,24.82,334
20211207,24.83,24.86,24.83,24.83,3892
20211208,24.9,24.9,24.89,24.89,1784
20211209,24.92,24.92,24.87,24.89,434
20211210,24.96,24.96,24.86,24.96,5981
20211213,24.84,24.84,24.84,24.84,30
20211214,24.94,24.94,24.88,24.93,3017
20211215,24.88,24.93,24.88,24.9,1316
20211216,24.97,24.97,24.93,24.95,2032
20211217,24.98,24.98,24.93,24.94,8404
20211220,25.01,25.01,24.93,24.93,5409
20211221,24.97,24.97,24.91,24.93,12731
20211222,24.93,24.95,24.93,24.94,4586
20211223,25,25,25,25,2332
20211227,24.99,25,24.95,24.96,8739
20211228,24.99,24.99,24.84,24.84,31973
20211229,25,25,24.98,24.98,2689
20211230,25.02,25.02,24.97,24.97,7168
20211231,24.98,25.01,24.97,24.97,11545
20220103,25.05,25.05,24.98,25.01,21962
20220104,25.03,25.03,25.01,25.02,2389
20220105,25.04,25.05,25.03,25.03,4853
20220106,25.04,25.05,25.03,25.04,26031
20220107,25.04,25.04,25.03,25.03,2865
20220110,25.04,25.04,25.02,25.03,3107
20220111,25.04,25.04,25.01,25.03,16482
20220112,25.04,25.05,25.02,25.04,10880
20220113,25.07,25.09,25.06,25.07,69260
20220114,25.08,25.09,25.07,25.09,10098
20220118,25.08,25.09,25.08,25.08,13702
20220119,25.1,25.1,25.08,25.1,9326
20220120,25.09,25.12,25.06,25.06,36801
20220121,25.08,25.12,25.08,25.08,6573
20220124,25.1,25.13,25.08,25.08,229582
20220125,25.0641,25.09,25.0601,25.07,25574
20220126,25.065,25.0799,25.05,25.0799,2902
20220127,25.08,25.08,25.065,25.0797,3976
20220128,25.04,25.04,25.015,25.0199,1244
20220131,25.0285,25.03,25.0201,25.03,5502
20220201,25.0077,25.03,24.75,24.95,152126
20220202,25.04,25.04,24.75,25.015,31987
20220203,24.97,26.2,24.97,25.05,29296
20220204,24.97,25.04,24.97,25.01,12253
20220207,25.0283,25.03,25.01,25.03,6677
20220208,25.03,25.035,25.03,25.03,4839
20220209,25.02,25.05,25,25.04,7795
20220210,25.05,25.05,25.02,25.05,13822
20220211,24.9997,25.01,24.9771,24.9771,17705
20220214,24.97,25.01,24.91,24.94,536224
20220215,24.93,24.93,24.86,24.93,44220
20220216,24.96,24.99,24.91,24.95,683425
20220217,24.96,24.97,24.91,24.91,39133
20220218,24.91,24.95,24.9066,24.927,25534
