Date,Open,High,Low,Close,Volume
20160407,25.12,25.33,25.03,25.17,17000
20160408,25.1,25.2,25.04,25.2,5300
20160411,25.06,25.2,25,25.01,8000
20160414,24.89,24.89,24.89,24.89,200
20160419,24.89,24.89,24.89,24.89,10000
20160422,25.52,25.59,25.48,25.48,1500
20160426,25.5,25.5,25.5,25.5,1000
20160429,26.26,26.35,26.26,26.35,1500
20160506,26.37,26.37,26.37,26.37,700
20160509,26.11,26.11,26.11,26.11,100
20160510,25.95,25.95,25.95,25.95,500
20160610,25.11,25.11,25.03,25.03,700
20160614,25.33,25.33,25.33,25.33,1000
20160617,25.46,25.46,25.46,25.46,400
20160620,25.17,25.17,25.17,25.17,4000
20160624,25.28,25.89,25.28,25.89,600
20160708,24.83,24.83,24.83,24.83,200
20160715,24.27,24.27,24.27,24.27,500
20160718,23.22,23.22,23.22,23.22,500
20160912,23.4,23.4,23.4,23.4,5000
20160913,23.43,23.43,23.43,23.43,2000
20160920,23.08,23.08,23.08,23.08,300
20161003,22.73,22.8,22.73,22.79,5000
20161004,22.89,22.89,22.85,22.85,13600
20161006,22.75,22.75,22.75,22.75,2700
20161007,22.75,22.75,22.75,22.75,700
20161010,22.64,22.64,22.64,22.64,3000
20161011,22.76,23,22.76,23,8900
20161014,22.78,22.78,22.78,22.78,9000
20161017,22.88,22.88,22.88,22.88,700
20161018,22.83,22.83,22.83,22.83,1900
20161020,22.9,22.9,22.9,22.9,4400
20161028,21.97,21.97,21.97,21.97,200
20161103,22.42,22.42,22.42,22.42,200
20161107,24.18,24.18,22.7,23.09,1600
20161109,23.08,23.08,23.08,23.08,900
20161110,21,21.88,21,21.88,600
20161111,22.85,22.85,22.85,22.85,100
20161123,22.85,22.87,22.85,22.87,7400
20161128,22.65,22.66,22.65,22.66,9600
20161205,23.17,23.19,23.11,23.18,1300
20161206,23.12,23.12,23.12,23.12,400
20161212,23.35,23.35,23.35,23.35,300
20161213,21.82,21.82,21.82,21.82,300
20161216,22.37,22.37,22.37,22.37,300
20161222,21.97,22.06,21.97,22.06,200
20161230,22.17,22.17,22.17,22.17,900
20170207,21.23,21.23,21.02,21.02,616
20170208,21.05,21.1,21.05,21.1,612
20170209,20.99,20.99,20.99,20.99,503
20170214,20.88,20.91,20.88,20.91,503
20170215,20.79,20.79,20.79,20.79,360
20170216,20.36,20.59,20.36,20.59,461
20170223,20.58,20.58,20.51,20.56,1805
20170227,20.45,20.45,20.4,20.4,1508
20170228,20.63,20.63,20.63,20.63,101
20170302,20.35,20.35,20.35,20.35,209
20170303,20.41,20.41,20.41,20.41,101
20170320,20.41,20.41,20.41,20.41,10
20170321,20.32,20.32,20.29,20.29,3016
20170322,20.3,20.3,20.3,20.3,101
20170328,20.2,20.2,20.2,20.2,922
20170425,19.842,19.842,19.842,19.842,301
20170503,19.693,19.693,19.574,19.574,402
20170504,19.537,19.537,19.537,19.537,101
20170505,19.527,19.544,19.527,19.544,1106
20170526,18.935,18.935,18.935,18.935,202
20170530,19.241,19.241,18.816,18.816,404
20170608,18.638,18.638,18.628,18.628,2022
20170609,18.935,18.935,18.935,18.935,101
20170612,19.321,19.321,19.182,19.193,4044
20170613,18.925,19.034,18.925,19.022,4044
20170614,19.114,19.114,19.114,19.114,101
20170615,19.36,19.36,19.189,19.191,1273
20170620,19.22,19.22,19.22,19.22,100
20170621,19.1699,19.18,19.1249,19.18,1700
20170628,19.36,19.36,19.23,19.23,1186
20170710,19.23,19.23,19.23,19.23,100
20170712,19.035,19.035,19.035,19.035,200
20170714,18.7741,18.775,18.72,18.72,350
20170718,18.7299,18.73,18.7295,18.7295,4000
20170719,18.54,18.54,18.54,18.54,1012
20170721,18.63,18.63,18.55,18.55,510
20170724,18.55,18.55,18.5287,18.5287,270
20170725,18.65,18.65,18.62,18.62,500
20170727,18.4233,18.4233,18.4233,18.4233,300
20170728,18.75,18.75,18.5385,18.55,665
20170731,18.6999,18.7,18.6999,18.7,735
20170801,18.57,18.57,18.5586,18.5586,2000
20170802,18.5,18.5,18.401,18.401,2000
20170807,18.45,18.54,18.3,18.54,2760
20170809,18.51,18.5214,18.4824,18.51,6447
20170810,18.6593,18.78,18.6593,18.71,800
20170811,19.09,19.09,18.7416,18.748,1685
20170814,18.4,18.4277,18.31,18.321,16624
20170815,18.26,18.26,18.26,18.26,100
20170816,18.22,18.3188,18.22,18.3188,300
20170817,18.4,18.4,18.4,18.4,325
20170824,18.43,18.4511,18.43,18.4511,270
20170831,18.15,18.15,18.15,18.15,100
20170901,18.01,18.01,18.01,18.01,100
20170908,18.19,18.3,18.19,18.3,400
20170925,18.24,18.3,18.24,18.3,617
