Date,Open,High,Low,Close,Volume
20140807,37.79,37.79,37.69,37.69,1276
20140808,38.01,38.01,38.01,38.01,106
20140811,38.14,38.2,38.13,38.14,5557
20140812,37.94,37.95,37.87,37.87,5001
20140813,38.01,38.11,37.99,38.11,6170
20140814,38.14,38.16,38.14,38.16,1486
20140815,38.18,38.18,38.18,38.18,5319
20140819,38.28,38.28,38.28,38.28,130
20140826,38.35,38.35,38.33,38.33,212
20140902,38.38,38.39,38.12,38.12,20426
20140903,38.14,38.14,38.14,38.14,532
20140922,38.14,38.14,38.14,38.14,1278
20140925,37.61,37.61,37.61,37.61,106
20141008,37.86,38.05,37.83,38.05,848
20141009,38.03,38.03,37.76,37.78,4240
20141010,37.77,37.77,37.65,37.65,319
20141014,37.36,37.47,37.36,37.47,1060
20141021,37.98,37.98,37.98,37.98,212
20141022,37.96,37.96,37.96,37.96,131
20141029,38.12,38.12,38.11,38.12,2225
20141030,38.14,38.14,38.14,38.14,426
20141105,38.28,38.28,38.28,38.28,530
20141110,38.34,38.34,38.34,38.34,1483
20141114,38.34,38.34,38.34,38.34,1270
20141119,38.11,38.12,38.11,38.11,3602
20141121,38.32,38.32,38.32,38.32,316
20141125,38.54,38.54,38.54,38.54,132
20141203,38.53,38.53,38.53,38.53,106
20141204,38.42,38.42,38.42,38.42,5932
20141208,38.16,38.17,38.13,38.13,4767
20141210,37.93,37.93,37.9,37.9,4131
20141211,37.94,38,37.94,38,2225
20141212,37.7,37.7,37.5,37.5,23360
20141215,37.52,37.52,37.52,37.52,1165
20141216,37.3,37.47,37.3,37.4,2702
20141217,37.75,37.95,37.75,37.95,4926
20141218,38.18,38.18,38.02,38.02,49247
20141219,38.18,38.3,38.18,38.3,15995
20141222,38.24,38.24,38.23,38.23,2192
20141223,38.3,38.3,38.3,38.3,522
20141230,38.24,38.24,38.24,38.24,124
20150113,38.11,38.11,38.02,38.02,626
20150115,38.02,38.02,38.02,38.02,522
20150121,38.07,38.07,38.07,38.07,1565
20150128,38.29,38.29,38.29,38.29,124
20150130,38.15,38.16,38.15,38.15,4384
20150204,38.41,38.41,38.41,38.41,434
20150303,38.67,38.67,38.67,38.67,104
20150312,38.4,38.4,38.4,38.4,104
20150313,38.3,38.3,38.3,38.3,1044
20150318,38.45,38.45,38.45,38.45,1148
20150323,38.55,38.56,38.55,38.56,1252
20150325,38.57,38.59,38.56,38.56,934
20150330,38.6,38.6,38.6,38.6,208
20150401,38.75,38.75,38.75,38.75,158
20150407,38.97,38.97,38.97,38.97,208
20150414,38.87,38.87,38.87,38.87,1139
20150415,38.92,38.92,38.92,38.92,519
20150416,38.89,38.89,38.89,38.89,125
20150417,38.8,38.8,38.79,38.79,208
20150427,38.98,38.98,38.98,38.98,311
20150429,38.84,38.84,38.84,38.84,312
20150521,38.88,38.89,38.88,38.88,1661
20150526,38.84,38.86,38.84,38.86,623
20150608,38.44,38.44,38.44,38.44,1036
20150615,38.5,38.5,38.43,38.43,3113
20150616,38.55,38.57,38.55,38.57,1142
20150617,38.55,38.55,38.55,38.55,104
20150622,38.75,38.75,38.75,38.75,727
20150623,38.76,38.76,38.74,38.76,1660
20150624,38.95,38.95,38.79,38.79,719
20150629,38.37,38.37,38.37,38.37,616
20150708,38.32,38.32,38.32,38.32,205
20150709,38.37,38.37,38.37,38.37,616
20150717,38.77,38.77,38.77,38.77,924
20150720,38.81,38.81,38.8,38.8,309
20150722,38.56,38.56,38.56,38.56,616
20150724,38.37,38.37,38.37,38.37,616
20150728,38.34,38.42,38.34,38.42,1232
20150806,38.42,38.42,38.42,38.42,616
20150819,38.09,38.14,38.09,38.12,2464
20150820,37.98,37.98,37.98,37.98,103
20150902,37.88,37.88,37.88,37.88,616
20150903,37.93,38.3,37.8,38.3,17662
20150908,38.13,38.16,38.05,38.16,26492
20150923,38.3,38.42,38.3,38.42,4950
20150930,37.88,38.44,37.77,37.77,5078
20151001,37.89,38,37.89,38,707
20151006,38.16,38.24,38.16,38.24,3537
20151008,38.75,38.75,38.75,38.75,202
20151015,38.79,39.19,38.79,38.92,3030
20151022,39.06,39.28,39.06,39.28,3436
20151030,39.44,39.47,39.32,39.32,2046
20151106,39.63,39.63,39.63,39.63,1718
20151109,39.52,39.52,39.52,39.52,101
20151113,38.79,38.79,38.75,38.75,2628
20151119,38.69,38.69,38.67,38.67,606
20151203,39.06,39.11,39.06,39.11,707
20151204,38.98,38.98,38.98,38.98,505
20151207,39.04,39.05,39.04,39.05,505
20151208,38.87,38.98,38.87,38.98,606
20151211,38.13,38.13,38.13,38.13,505
20151214,37.7,37.7,37.7,37.7,1010
20151215,38.14,38.14,38.14,38.14,1262
20151218,37.93,37.93,37.93,37.93,505
20151221,37.86,37.86,37.66,37.7,1717
20151223,38.15,38.15,38.15,38.15,1200
20151228,38.56,38.56,38.56,38.56,248
20151231,39.05,39.05,39.05,39.05,248
20160205,37.93,37.93,37.93,37.93,100
20160216,37.47,37.47,37.47,37.47,100
20160223,37.56,37.56,37.5501,37.5501,800
20160229,37.82,37.875,37.82,37.875,900
20160323,39.35,39.35,39.35,39.35,500
20160406,39.68,39.68,39.68,39.68,700
20160412,39.1485,39.1485,39.1485,39.1485,200
20160413,39.31,39.31,39.18,39.21,1800
20160419,39.51,39.51,39.51,39.51,160
20160421,39.39,39.39,39.39,39.39,200
20160503,39.2693,39.2693,39.11,39.11,300
20160517,39.088,39.088,39.088,39.088,100
