Date,Open,High,Low,Close,Volume
20200302,26.27,26.4032,26.06,26.4032,98544
20200303,26.26,26.2688,26.08,26.17,6476
20200304,26.3232,26.55,26.2799,26.5061,95509
20200305,26.29,26.36,26.17,26.2272,17737
20200306,25.97,26.0613,25.9111,26.0613,12970
20200309,25.81,25.8205,25.36,25.64,44389
20200310,25.34,25.8511,25.34,25.8511,20671
20200311,25.5599,25.5599,25.191,25.3808,13183
20200312,27.14,27.14,24.44,24.44,313737
20200313,25.14,25.3899,24.5,25.3465,131749
20200316,24.1901,26.45,23.9405,24.07,284840
20200317,23.64,24.49,23.5,24.3,56393
20200318,23.68,23.98,23.15,23.97,199658
20200319,23.81,23.962,23.74,23.8382,10894
20200320,23.91,24.03,23.5501,23.665,367142
20200323,23.72,24.065,23.2,23.57,31999
20200324,24.44,24.81,24.1002,24.3368,23299
20200325,24.62,24.6398,24.07,24.07,30815
20200326,24.659,24.81,24.585,24.81,6950
20200327,24.53,24.6842,24.47,24.635,21566
20200330,24.4287,24.84,24.4287,24.84,20159
20200331,24.835,24.94,24.63,24.94,17886
20200401,24.74,24.74,24.29,24.396,12741
20200402,24.53,24.59,24.45,24.4839,13058
20200403,24.4664,24.584,24.4448,24.56,5865
20200406,24.79,25.094,24.79,25.03,11318
20200407,25.35,25.3907,25.12,25.12,6130
20200408,25.22,25.46,25.12,25.42,62157
20200409,25.54,25.54,25.43,25.4367,683
20200413,25.5,25.5,25.28,25.3775,227084
20200414,25.58,25.735,25.58,25.6736,47542
20200415,25.5498,25.5498,25.52,25.52,606
20200416,25.5,25.5598,25.471,25.526,1939
20200417,25.64,25.7543,25.625,25.7543,4350
20200420,25.76,25.79,25.626,25.626,7764
20200421,25.32,25.3899,25.267,25.267,1270
20200422,25.5,25.6,25.5,25.5577,1255
20200423,25.63,25.63,25.49,25.5005,63660
20200424,25.52,25.6407,25.52,25.6407,1898
20200427,25.73,25.84,25.73,25.7842,104621
20200428,25.9,25.9,25.7571,25.7571,1987
20200429,25.94,26.219,25.94,26.005,11565
20200430,25.99,26.02,25.96,25.9795,229398
20200501,25.8282,25.8282,25.62,25.6601,35158
20200504,25.56,25.6926,25.51,25.6926,9175
20200505,25.8,25.98,25.79,25.7911,19653
20200506,25.85,25.85,25.7417,25.7417,3218
20200507,25.85,25.9,25.84,25.8401,22764
20200508,25.975,26.0249,25.975,26.0249,427
20200511,26.03,26.05,26.03,26.0489,1204
20200512,26.16,26.16,25.92,25.92,3505
20200513,25.71,25.73,25.645,25.6629,10248
20200514,25.6964,25.7256,25.6433,25.7256,3200
20200515,25.7,25.8212,25.7,25.8212,1883
20200518,26.0487,26.13,26.02,26.13,5455
20200519,26.17,26.17,26.0602,26.0602,2144
20200520,26.1498,26.241,26.1453,26.185,183329
20200521,26.18,26.25,26.1521,26.1521,49974
20200522,26.1019,26.1019,26.05,26.095,37158
20200526,26.17,26.3399,26.16,26.21,21146
20200527,26.28,26.3599,26.28,26.3599,863
20200528,26.33,26.4,26.2809,26.3174,2599
20200529,26.04,26.3749,26.04,26.3749,122
20200601,26.42,26.4996,26.42,26.4996,6108
20200602,26.52,26.52,26.47,26.4966,9297
20200603,26.602,26.6394,26.602,26.6394,2211
20200604,26.49,26.52,26.48,26.5016,8473
20200605,26.8046,26.8046,26.7601,26.7634,1840
20200608,26.79,26.7901,26.7433,26.7558,9253
20200609,26.72,26.72,26.6653,26.6653,1359
20200610,26.6079,26.74,26.5657,26.6968,1489
20200611,26.38,26.38,26.11,26.11,450
20200612,26.245,26.34,26.0569,26.2385,3893
20200615,26.01,26.29,26.01,26.29,28787
20200616,26.29,26.53,26.29,26.4842,660
20200617,26.42,26.44,26.42,26.4343,4462
20200618,26.3674,26.5,26.3674,26.4973,3225
20200622,26.37,26.3953,26.37,26.3953,550
20200623,26.555,26.645,26.525,26.525,2170
20200624,26.23,26.4391,26.23,26.3253,4449
20200625,26.49,26.49,26.3139,26.3516,993
20200626,26.23,26.23,26.1954,26.1954,5979
20200629,26.22,26.28,26.22,26.252,1737
20200630,26.4199,26.4332,26.4153,26.4332,1959
20200701,26.46,26.595,26.45,26.5868,6161
20200702,26.653,26.75,26.625,26.625,8405
20200706,26.71,26.71,26.6204,26.6657,461
20200707,26.63,26.6719,26.6193,26.6193,170862
20200708,26.6143,26.6335,26.57,26.6335,7050
20200709,26.66,26.7,26.63,26.655,896
20200710,26.78,26.78,26.61,26.6943,5622
20200713,26.735,26.8198,26.6051,26.6051,838
20200714,26.764,26.764,26.764,26.764,68
20200715,26.725,26.725,26.725,26.725,44
20200716,26.79,26.83,26.79,26.7985,438
20200717,26.755,26.8347,26.7401,26.8347,1411
20200720,26.8118,26.8344,26.8118,26.8344,179
20200722,26.8953,26.8953,26.8953,26.8953,145
20200723,26.99,26.99,26.7551,26.7551,2370
20200724,26.725,26.735,26.725,26.735,200
20200727,26.79,26.835,26.7101,26.835,18572
20200728,26.77,26.77,26.76,26.7685,491
20200729,26.96,26.96,26.8302,26.8785,1078
20200730,26.8229,26.8229,26.8103,26.8103,306
20200731,26.66,26.82,26.66,26.82,655
20200803,26.932,26.98,26.932,26.935,1679
20200804,27.06,27.0874,27.015,27.015,6123
20200805,27.11,27.11,26.99,27.0427,3995
20200806,27.03,27.0931,27.03,27.0698,567
20200807,27.14,27.14,27.11,27.1159,348
20200810,27.19,27.19,27.08,27.0945,3325
20200812,26.94,27.085,26.94,27.085,1496
20200813,27.175,27.175,27.04,27.0494,2793
20200814,27.129,27.129,27.129,27.129,46
20200817,27.19,27.19,27.08,27.08,10950
20200818,27.05,27.165,27.05,27.165,3718
20200819,27.15,27.1872,27.025,27.025,11424
20200820,26.99,27.1887,26.99,27.1597,38529
20200821,27.07,27.115,27.05,27.105,2681
20200824,27.14,27.1754,27.135,27.135,2186
20200825,27.13,27.13,27.0823,27.095,82501
20200826,27.16,27.16,27.13,27.145,2195
20200827,27.1551,27.1551,27.1551,27.1551,32
20200828,27.1898,27.1898,27.13,27.145,1573
20200831,27.1247,27.1247,27.1247,27.1247,1
20200901,27.15,27.15,27.0995,27.1049,555
20200902,27.15,27.2602,27.15,27.2602,418
20200903,27.1009,27.1009,26.9308,26.975,1678
20200904,26.94,26.9835,26.75,26.79,4800
20200908,26.9172,26.925,26.89,26.89,904
20200909,27.03,27.03,26.995,27.01,700
20200910,26.9799,26.9799,26.9097,26.9097,327
20200911,26.99,26.99,26.8849,26.8849,141
20200914,27.04,27.0568,27.02,27.0568,425
20200915,27.04,27.04,26.99,26.99,2393
20200916,27.1175,27.1175,27.0706,27.0706,2369
20200917,26.89,26.98,26.89,26.9725,3745
20200918,26.975,26.975,26.975,26.975,79
20200921,26.84,26.8753,26.76,26.8753,2480
20200922,26.83,26.9,26.83,26.88,3234
20200923,26.7472,26.7472,26.7472,26.7472,14
20200924,26.69,26.79,26.69,26.7725,1821
20200925,26.745,26.9144,26.745,26.9144,688
20200928,26.97,27.0115,26.94,26.94,2911
20200929,26.85,26.985,26.85,26.985,1817
20200930,26.97,26.9992,26.85,26.9992,900
20201001,27.04,27.06,26.99,27.0052,4417
20201002,26.98,26.98,26.97,26.9705,5056
20201005,27.0886,27.102,27.0886,27.102,346
20201006,27.05,27.1,27.0048,27.0048,4056
20201007,27.0986,27.12,27.04,27.0949,6968
20201008,27.1301,27.1455,27.1,27.1255,4637
20201009,27.19,27.215,27.19,27.215,926
20201012,27.19,27.3049,27.19,27.3049,774
20201013,27.2561,27.2561,27.2561,27.2561,82
20201014,27.2,27.2456,27.19,27.2456,4923
20201015,27.18,27.275,27.18,27.275,654
20201016,27.2967,27.2967,27.2166,27.2166,1395
20201019,27.1719,27.1719,27.1719,27.1719,1
20201020,27.16,27.16,27.1549,27.1549,135
20201021,27.17,27.2182,27.17,27.2182,1913
20201022,27.21,27.2343,27.21,27.2343,713
20201026,27.06,27.1698,27.06,27.0852,591
20201027,27.1312,27.1812,27.0943,27.0943,621
20201028,26.9063,26.9063,26.8818,26.886,617
20201029,26.85,26.96,26.85,26.93,9782
20201030,26.83,26.83,26.797,26.797,128
20201102,26.9,26.9491,26.84,26.8929,189534
20201104,27.265,27.265,27.265,27.265,2
20201105,27.33,27.3673,27.325,27.355,1372
20201106,27.38,27.38,27.315,27.34,2672
20201109,27.46,27.535,27.4393,27.4393,7188
20201110,27.38,27.4492,27.38,27.4492,200
20201111,27.43,27.4553,27.43,27.4553,1463
20201112,27.44,27.44,27.4055,27.4055,321
20201113,27.425,27.45,27.4001,27.45,907
20201116,27.52,27.5598,27.49,27.52,7368
20201118,27.525,27.525,27.4889,27.4889,159
20201119,27.4409,27.4938,27.4409,27.4938,794
20201120,27.5202,27.5202,27.5202,27.5202,63
20201123,27.51,27.545,27.51,27.545,2516
20201125,27.595,27.595,27.595,27.595,1
20201130,27.6452,27.6452,27.6452,27.6452,140
20201202,27.6701,27.6701,27.6701,27.6701,15
20201203,27.64,27.678,27.64,27.655,1313
20201204,27.62,27.7052,27.62,27.7052,930
20201207,27.6661,27.67,27.6661,27.67,613
20201208,27.6,27.6698,27.6,27.6698,5440
20201209,27.66,27.66,27.638,27.638,232
20201210,27.665,27.6709,27.665,27.6709,320
20201211,27.6213,27.6599,27.6213,27.6599,615
20201214,27.6494,27.6494,27.645,27.645,183
20201216,27.695,27.695,27.695,27.695,72
20201217,27.56,27.71,27.56,27.65,6078
20201218,27.64,27.6901,27.625,27.65,4535
20201222,27.6402,27.6402,27.62,27.635,545
20201223,27.64,27.645,27.64,27.645,1249
20201228,27.73,27.8,27.68,27.68,53510
20201229,27.7102,27.735,27.69,27.735,507
20201231,27.71,27.765,27.71,27.765,1136
20210104,27.77,27.77,27.47,27.715,2152
20210105,27.7301,27.7301,27.7051,27.7051,105
20210106,27.7,27.78,27.7,27.78,747
20210107,27.83,27.83,27.7902,27.7902,1462
20210111,27.74,27.7655,27.72,27.7655,1535
20210112,27.76,27.795,27.76,27.795,1669
20210114,27.78,27.81,27.77,27.81,384
20210115,27.76,27.795,27.75,27.7908,1776
20210119,27.78,27.815,27.78,27.81,646
20210120,27.8328,27.8328,27.8328,27.8328,470
20210121,27.8,27.835,27.79,27.835,114633
20210122,27.79,27.853,27.79,27.853,300
20210125,27.75,27.75,27.75,27.75,100
20210126,27.825,27.825,27.78,27.78,7035
20210127,27.73,27.83,27.73,27.75,14164
20210128,27.66,27.72,27.605,27.612,7900
20210129,27.81,27.815,27.7109,27.7109,1901
20210201,27.72,27.72,27.72,27.72,500
20210202,27.79,27.8476,27.79,27.8476,3141
20210203,27.81,27.81,27.81,27.81,625
20210205,27.77,27.7973,27.77,27.78,2914
20210208,27.815,27.815,27.815,27.815,607
20210210,27.795,27.795,27.795,27.795,158
20210212,27.85,27.85,27.818,27.85,1728
20210217,27.85,27.85,27.78,27.8,1192
20210218,27.8,27.85,27.8,27.85,885
20210222,27.83,27.84,27.83,27.84,600
20210223,27.84,27.89,27.83,27.83,7140
20210224,27.95,27.95,27.7817,27.888,4738
20210225,27.92,27.95,27.8937,27.91,24296
20210226,27.92,27.95,27.87,27.92,149383
20210301,28.09,28.2,28.01,28.19,111221
20210302,28.19,28.1999,28.12,28.18,53225
20210303,28.21,28.21,27.97,27.97,118100
20210304,27.91,28.02,27.755,27.85,27233
20210305,28.1,28.1,27.7401,28.02,36790
20210308,28.2,28.2,28.03,28.04,85244
20210309,28.04,28.185,28.039,28.059,23677
20210310,28.3,28.3,28.1071,28.23,4418
20210311,28.36,28.36,28.2,28.32,12057
20210312,28.39,28.39,28.1541,28.285,24497
20210315,28.3,28.3385,28.235,28.33,13155
20210316,28.2801,28.38,28.28,28.38,9926
20210317,28.43,28.43,28.28,28.4,4395
20210318,28.37,28.38,28.305,28.305,2846
20210319,28.42,28.43,28.2,28.27,11153
20210322,28.38,28.42,28.31,28.42,21353
20210323,28.53,28.53,28.309,28.31,21370
20210324,28.34,28.39,28.34,28.34,4004
20210325,28.185,28.34,28.185,28.29,7383
20210326,28.34,28.435,28.34,28.42,6228
20210329,28.445,28.4899,28.44,28.445,3336
20210330,28.365,28.47,28.3245,28.47,5654
20210331,28.42,28.48,28.411,28.48,4228
20210401,28.5301,28.5812,28.52,28.5205,20391
20210405,28.83,28.83,28.6,28.7,8914
20210406,28.7,28.7491,28.63,28.63,3672
20210407,28.9,28.91,28.63,28.63,7133
20210408,28.6488,28.69,28.6488,28.68,4341
20210409,28.64,28.68,28.64,28.68,1678
20210412,28.72,28.74,28.7,28.74,9953
20210413,28.72,28.75,28.7,28.74,22038
20210414,28.745,28.78,28.72,28.72,15450
20210415,28.7308,28.8,28.7308,28.76,1617
20210416,28.84,28.84,28.84,28.84,234
20210419,28.8,28.8177,28.7948,28.7948,1362
20210420,28.76,28.76,28.73,28.73,343
20210421,28.83,28.83,28.83,28.83,400
20210422,28.845,28.845,28.8101,28.84,881
20210423,28.811,28.85,28.811,28.85,700
20210426,28.81,28.89,28.81,28.89,1300
20210427,28.855,28.855,28.855,28.855,457
20210428,28.88,28.97,28.78,28.78,130000
20210430,28.84,28.88,28.83,28.83,7651
20210503,28.795,28.795,28.795,28.795,100
20210505,28.868,28.9,28.81,28.856,2200
20210506,28.82,28.85,28.7901,28.83,2921
20210507,28.915,28.925,28.915,28.925,730
20210510,28.8696,28.9,28.8696,28.89,1355
20210511,28.73,28.826,28.73,28.826,3681
20210512,28.765,28.765,28.64,28.675,919
20210513,28.66,28.676,28.6517,28.6644,2429
20210514,28.805,28.856,28.7901,28.7901,1475
20210517,28.7757,28.7757,28.76,28.76,646
20210518,28.82,28.82,28.82,28.82,347
20210519,28.67,28.684,28.66,28.684,894
20210520,28.7501,28.7501,28.7501,28.7501,410
20210521,28.78,28.858,28.77,28.79,7331
20210525,28.86,28.8801,28.85,28.85,5444
20210526,28.86,28.938,28.86,28.8607,1432
20210527,28.91,28.9273,28.89,28.892,1216
20210528,28.86,28.89,28.86,28.89,1163
20210601,29.0015,29.0015,29.0015,29.0015,397
20210602,28.92,28.9201,28.9,28.9,3218
20210603,28.86,28.86,28.86,28.86,185
20210604,29.019,29.019,29.019,29.019,1300
20210607,28.985,28.985,28.985,28.985,1098
20210608,28.99,28.99,28.99,28.99,1674
20210609,28.99,28.99,28.99,28.99,700
20210611,29.0699,29.0699,29.04,29.04,491
20210614,29.05,29.06,29.05,29.05,565
20210616,28.98,29,28.94,28.97,5489
20210617,28.97,28.97,28.97,28.97,162
20210618,28.89,28.935,28.88,28.89,6959
20210621,28.93,28.9709,28.93,28.9709,1047
20210622,29,29.0223,29,29.0223,2416
20210623,29.085,29.085,29.085,29.085,273
20210624,29.11,29.11,29.11,29.11,226
20210625,29.09,29.1499,29.04,29.09,1834
20210629,29.14,29.15,29.14,29.15,399
20210701,29.24,29.24,29.13,29.13,1559
20210702,29.14,29.185,29.14,29.1509,7498
20210707,29.15,29.23,29.14,29.15,4704
20210708,29.03,29.03,29.03,29.03,400
20210709,29.269,29.269,29.269,29.269,177
20210712,29.21,29.21,29.13,29.13,5083
20210713,29.19,29.21,29.19,29.21,619
20210714,29.1721,29.19,29.1721,29.19,53409
20210715,29.13,29.13,29.12,29.12,3470
20210716,29.1675,29.1675,29.1675,29.1675,130
20210719,28.93,28.9375,28.93,28.9375,250
20210721,29.12,29.12,29.12,29.12,1630
20210722,29.13,29.13,29.13,29.13,170
20210723,29.09,29.26,29.09,29.2251,965
20210726,29.237,29.237,29.237,29.237,389
20210728,29.42,29.42,29.18,29.27,1062
20210729,29.35,29.35,29.2,29.2,2733
20210730,29.2001,29.225,29.18,29.19,3605
20210802,29.205,29.28,29.1601,29.2,10716
20210803,29.225,29.225,29.225,29.225,125
20210804,29.264,29.264,29.264,29.264,750
20210805,29.245,29.245,29.245,29.245,165
20210806,29.26,29.26,29.24,29.25,4258
20210810,29.2832,29.2832,29.25,29.25,294
20210811,29.29,29.33,29.26,29.27,3641
20210812,29.28,29.3078,29.251,29.3012,1168
20210813,29.28,29.369,29.28,29.369,2300
20210816,29.2966,29.3,29.284,29.284,1419
20210817,29.2925,29.2925,29.2925,29.2925,468
20210818,29.26,29.26,29.2,29.2,1040
20210820,29.22,29.22,29.212,29.212,316
20210823,29.3,29.33,29.29,29.3025,13207
20210825,29.31,29.3637,29.31,29.3637,962
20210826,29.3381,29.3381,29.3381,29.3381,1043
20210827,29.314,29.314,29.314,29.314,140
20210830,29.39,29.39,29.39,29.39,128
20210831,29.4071,29.4071,29.35,29.35,2233
20210901,29.363,29.363,29.31,29.3109,20081
20210902,29.37,29.4,29.37,29.4,994
20210903,29.36,29.36,29.3301,29.36,2330
20210907,29.35,29.35,29.35,29.35,188
20210908,29.23,29.3799,29.23,29.29,5367
20210910,29.3,29.3,29.28,29.285,1455
20210913,29.2518,29.29,29.24,29.29,13902
20210914,29.26,29.26,29.26,29.26,150
20210915,29.35,29.35,29.35,29.35,161
20210917,29.315,29.315,29.315,29.315,138
20210920,29.1875,29.22,29.06,29.06,3299
20210921,29.36,29.36,29.15,29.15,3844
20210922,29.12,29.29,29.12,29.24,36270
20210923,29.3239,29.3459,29.27,29.3,2009
20210924,29.3,29.3,29.3,29.3,547
20210927,29.3,29.3,29.29,29.29,225
20210929,29.265,29.265,29.22,29.23,978
20210930,29.2,29.2,29.2,29.2,24545
20211004,29.12,29.13,29.11,29.12,2984
20211005,29.12,29.235,29.12,29.235,992
20211006,29.16,29.16,29.16,29.16,1026
20211007,29.34,29.34,29.29,29.29,41449
20211008,29.31,29.335,29.3,29.335,1454
20211011,29.3309,29.34,29.3309,29.34,804
20211013,29.31,29.32,29.31,29.32,12731
20211014,29.38,29.4152,29.3601,29.3601,12464
20211015,29.41,29.42,29.41,29.42,1175
20211018,29.43,29.43,29.43,29.43,2861
20211021,29.5373,29.56,29.5373,29.56,1760
20211022,29.51,29.54,29.51,29.54,700
20211025,29.555,29.5799,29.5485,29.5485,1205
20211026,29.55,29.55,29.525,29.525,1555
20211027,29.5689,29.5689,29.52,29.52,1988
20211028,29.5799,29.5799,29.52,29.52,2086
20211029,29.5801,29.5801,29.5801,29.5801,459
20211101,29.55,29.569,29.54,29.54,2123
20211103,29.595,29.595,29.57,29.58,6702
20211104,29.69,29.69,29.6,29.6,650
20211105,29.6323,29.6323,29.63,29.63,7310
20211108,29.5901,29.6,29.5901,29.6,397
20211110,29.61,29.61,29.57,29.5935,2487
20211112,29.58,29.59,29.58,29.59,4136
20211115,29.63,29.63,29.63,29.63,1252
20211117,29.63,29.6592,29.63,29.6592,2190
20211118,29.66,29.66,29.635,29.635,8305
20211119,29.63,29.665,29.63,29.665,6482
20211122,29.63,29.63,29.61,29.61,578
20211123,29.62,29.62,29.62,29.62,4271
20211124,29.59,29.59,29.59,29.59,1000
20211129,29.56,29.5687,29.56,29.5687,12470
20211130,29.48,29.48,29.451,29.48,2644
20211201,29.6,29.6,29.43,29.43,9828
20211202,29.39,29.46,29.39,29.46,2073
20211206,29.48,29.48,29.4301,29.46,4397
20211207,29.6,29.61,29.56,29.58,62201
20211208,29.62,29.6369,29.62,29.63,6485
20211209,29.64,29.68,29.64,29.68,3030
20211210,29.6839,29.6839,29.6839,29.6839,3933
20211214,29.7,29.71,29.59,29.59,4383
20211216,29.64,29.64,29.62,29.64,1181
20211220,29.5,29.555,29.495,29.55,4801
20211221,29.68,29.68,29.645,29.68,6898
20211222,29.6701,29.6701,29.6701,29.6701,113
20211223,29.74,29.74,29.7,29.74,595
20211227,29.71,29.74,29.71,29.74,975
20211228,29.73,29.76,29.73,29.75,1742
20211230,29.8,29.8,29.8,29.8,322
20211231,29.76,29.76,29.75,29.76,8813
20220103,29.795,29.795,29.75,29.75,3336
20220104,29.81,29.84,29.76,29.765,3467
20220105,29.77,29.77,29.77,29.77,689
20220106,29.7348,29.7348,29.7348,29.7348,715
20220107,29.7856,29.7856,29.73,29.73,999
20220111,29.793,29.85,29.793,29.85,1387
20220112,29.771,29.771,29.771,29.771,120
20220113,29.78,29.84,29.77,29.8,2684
20220114,29.81,29.81,29.81,29.81,100
20220118,29.7432,29.75,29.72,29.72,1804
20220119,29.71,29.71,29.71,29.71,1090
20220120,29.72,29.79,29.65,29.65,3653
20220121,29.64,29.64,29.56,29.6,811
20220124,29.42,29.52,29.19,29.52,21609
20220125,29.53,29.608,29.355,29.555,6434
20220126,29.65,29.7,29.57,29.57,1200
20220127,29.68,29.68,29.68,29.68,138
20220128,29.5565,29.5689,29.5565,29.5689,3494
20220131,29.56,29.76,29.56,29.76,5806
20220201,29.799,29.84,29.73,29.84,9957
20220202,29.81,29.869,29.81,29.8268,2581
20220203,29.8,29.85,29.7775,29.81,4809
20220204,29.73,29.801,29.73,29.801,2168
20220207,29.84,29.84,29.8299,29.8299,5678
20220208,29.86,29.86,29.8275,29.8275,236
20220209,29.9,29.9,29.8,29.9,7470
20220210,29.83,29.88,29.76,29.8499,2396
20220211,29.8099,29.8099,29.74,29.8,8746
20220214,29.7899,29.7899,29.7899,29.7899,2217
20220215,29.8,29.8,29.8,29.8,343
20220216,29.76,29.77,29.76,29.77,346
20220217,29.8499,29.85,29.8,29.8,9680
20220218,29.811,29.84,29.811,29.84,17187
