Date,Open,High,Low,Close,Volume
20171012,23.2,23.2,23.2,23.2,123
20171013,23.24,23.25,23.22,23.25,3755
20171016,23.64,23.64,23.23,23.23,1776
20171017,23.27,23.28,23.27,23.28,324
20171018,23.35,24.5,23.35,23.37,33555
20171019,23.52,23.52,23.28,23.34,6142
20171020,23.36,23.4,23.35,23.39,1086
20171023,23.42,23.42,23.37,23.37,2584
20171024,23.35,23.37,23.35,23.36,3466
20171025,23.34,23.34,23.21,23.28,4521778
20171030,23.27,23.27,23.27,23.27,1722
20171031,23.32,23.36,23.32,23.34,2644
20171101,23.42,23.43,23.41,23.41,1507
20171103,23.4,23.45,23.4,23.45,3559
20171107,23.48,23.49,23.48,23.49,864
20171108,23.49,23.55,23.49,23.55,1681
20171109,23.44,23.44,23.44,23.44,4357699
20171110,23.41,23.41,23.41,23.41,108
20171113,23.46,23.46,23.46,23.46,108
20171114,23.38,23.38,23.38,23.38,267
20171115,23.34,23.34,23.34,23.34,2152047
20171116,23.53,23.53,23.53,23.53,2151941
20171117,23.43,23.43,23.41,23.41,4735089
20171121,23.45,23.59,23.45,23.59,2345
20171128,23.68,23.8,23.68,23.78,1727
20171204,24.13,24.13,24.13,24.13,430
20171205,24.09,24.09,24.09,24.09,161
20171206,24.09,24.09,24.09,24.09,1283534
20171207,24.09,24.09,24.09,24.09,2888948
20171208,24.09,24.09,24.09,24.09,2042829
20171211,24.37,24.37,24.2,24.21,324
20171213,24.36,24.36,24.36,24.36,1237412
20171214,24.21,24.21,24.21,24.21,5809947
20171215,24.43,24.43,24.43,24.43,2152156
20171218,24.54,24.55,24.54,24.55,215
20171219,24.49,24.49,24.49,24.49,215
20171220,24.44,24.44,24.44,24.44,108
20171221,24.53,24.53,24.53,24.53,298
20171222,24.45,24.45,24.45,24.45,490
20171226,24.45,24.45,24.43,24.43,540
20171228,24.41,24.41,24.41,24.41,607
20180102,24.43,24.44,24.43,24.44,538
20180104,24.76,24.77,24.76,24.77,1076
20180105,25.08,25.08,24.8,24.8,1806
20180108,25.16,25.16,24.86,24.94,6724
20180109,25.22,25.22,24.95,25,36075
20180110,24.92,24.98,24.83,24.92,3279678
20180111,25.01,25.03,24.98,25.02,8293898
20180112,25.14,25.24,25.12,25.2,23996
20180116,25.41,25.44,25.15,25.22,53147
20180117,25.28,25.49,25.26,25.49,7748
20180118,25.23,25.47,25.23,25.4,9020
20180119,25.47,25.49,25.4,25.49,11517
20180122,25.69,25.69,25.59,25.66,27477
20180123,25.54,25.79,25.54,25.72,26657
20180124,25.84,25.84,25.64,25.74,3660134
20180125,25.75,25.83,25.75,25.75,7855750
20180126,25.98,26.02,25.98,25.99,2056
20180129,26.1,26.12,26,26,2090
20180130,25.7,25.7,25.67,25.7,607
20180131,25.74,25.74,25.6,25.62,2908708
20180201,25.56,25.67,25.56,25.67,6673379
20180202,25.48,25.48,25.23,25.23,1292
20180205,25.09,25.09,24.17,24.19,6105
20180206,24.08,24.29,23.71,23.78,126414
20180207,24.59,24.62,24.35,24.35,2730716
20180208,24.24,24.24,23.42,23.42,4898965
20180209,23.48,23.83,23.04,23.78,11341
20180212,23.64,24.16,23.64,24.16,8349
20180213,23.87,24.11,23.87,24.1,9516
20180214,24.06,24.35,24.05,24.35,1834969
20180215,24.52,24.63,24.47,24.63,6570087
20180216,24.69,24.89,24.69,24.8,6554
20180220,24.43,24.69,24.43,24.54,5520
20180221,24.56,24.72,24.47,24.47,9551
20180222,24.45,24.57,24.35,24.4,7952
20180223,24.53,24.69,24.53,24.68,16112
20180226,25.02,25.09,25.02,25.09,15505
20180227,25.04,25.04,24.98,24.98,3660
20180228,24.74,24.74,24.72,24.73,2641
20180301,24.38,24.41,23.95,23.95,4959
20180302,23.99,24.07,23.99,24.07,2339
20180305,24.47,24.51,24.46,24.51,2514
20180306,24.34,24.48,24.34,24.46,7259
20180307,24,24.43,24,24.38,2587327
20180308,24.58,24.59,24.5,24.59,3612717
20180309,24.76,25,24.76,24.97,5027
20180312,25.12,25.12,24.96,25,4663
20180313,25.12,25.12,24.88,24.91,3311
20180314,24.67,24.77,24.65,24.68,3338477
20180315,25.01,25.01,24.68,24.7,1515125
20180316,24.79,24.8,24.7,24.73,6729
20180319,24.63,24.63,24.22,24.31,5894
20180320,24.33,24.38,24.28,24.32,4079
20180321,24.35,24.53,24.28,24.28,16217
20180322,24.12,24.12,23.82,23.82,3692
20180323,23.65,23.76,23.17,23.17,12412
20180326,23.57,23.73,23.36,23.72,10723
20180327,23.9,23.9,23.83,23.83,18808
20180328,23.45,23.51,23.38,23.38,3002
20180329,23.7,23.82,23.6,23.72,9030
20180402,23.51,23.53,22.94,23.13,2969
20180403,23.17,23.43,23.17,23.43,5056
20180404,23.18,23.72,23.18,23.72,8888
20180405,23.87,23.99,23.81,23.92,8071
20180406,23.83,23.83,23.2,23.2,2890
20180409,23.48,23.8,23.48,23.57,5967
20180410,23.86,23.9,23.82,23.87,3820
20180411,23.78,23.85,23.69,23.69,7455
20180412,23.93,23.98,23.89,23.94,6414
20180413,23.98,23.98,23.82,23.82,13309
20180416,23.85,24.07,23.85,23.99,68198
20180417,24.22,24.27,24.18,24.27,4347
20180418,24.18,24.21,24.17,24.19,6830
20180419,24.07,24.07,23.91,23.96,5280
20180420,23.8,23.82,23.75,23.76,3222
20180423,23.82,23.86,23.7,23.7,3822
20180424,23.73,23.8,23.37,23.4,5600
20180425,23.46,23.51,23.35,23.51,1426
20180426,23.67,23.83,23.67,23.8,3011
20180427,23.74,23.8,23.72,23.79,3500
20180430,23.82,23.87,23.65,23.65,3328
20180501,23.45,23.52,23.31,23.5,6933
20180502,23.53,23.59,23.51,23.59,2643
20180503,23.14,23.39,23.11,23.34,5492
20180504,23.59,23.75,23.59,23.7,6186
20180507,23.64,23.85,23.64,23.73,12933
20180508,23.69,23.72,23.64,23.7,2836
20180509,23.98,23.98,23.91,23.91,2952
20180510,24.15,24.15,24.12,24.12,1892
20180511,24.25,24.25,24.21,24.22,4724
20180514,24.33,24.35,24.29,24.29,2568
20180515,24.14,24.14,24.06,24.08,4756
20180516,24.16,24.27,24.14,24.2,2389
20180517,24.21,24.22,24.14,24.14,5726
20180518,24.14,24.14,24.12,24.12,2302
20180521,24.29,24.29,24.25,24.29,3545
20180522,24.53,24.53,24.3,24.33,2315
20180523,24.39,24.39,24.15,24.17,2416
20180524,24.17,24.17,24.17,24.17,1419
20180525,24.24,24.24,24.19,24.2,2487
20180529,23.76,24.06,23.76,23.83,10337
20180530,24.07,24.25,24.06,24.24,2105
20180531,24.09,24.09,24.07,24.07,4356
20180601,24.29,24.34,24.24,24.25,9538
20180604,24.35,24.45,24.35,24.44,4620
20180605,24.44,24.44,24.36,24.36,2188
20180606,24.45,24.54,24.45,24.54,3915
20180607,24.75,24.75,24.61,24.61,3638
20180608,24.71,24.73,24.71,24.73,1949
20180611,24.79,24.82,24.79,24.82,1742
20180612,24.78,24.8,24.78,24.79,2378
20180613,24.78,24.8,24.75,24.76,648083
20180614,24.77,24.77,24.69,24.74,2891
20180615,24.66,24.7,24.66,24.7,4375
20180618,24.65,24.66,24.62,24.66,3468
20180619,24.41,24.58,24.41,24.58,5310
20180620,24.6,24.62,24.56,24.56,488689
20180621,24.43,24.47,24.38,24.41,3480
20180622,24.56,24.58,24.56,24.58,1723
20180625,24.38,24.38,24.04,24.1,8947
20180626,24.33,24.33,24.29,24.3,2077
20180627,24.31,24.45,24.07,24.07,2315
20180628,24.23,24.25,24.23,24.25,1836
20180629,24.48,24.5,24.48,24.48,2331
20180702,24.12,24.29,24.12,24.27,5166
20180703,24.66,24.66,24.29,24.29,8872
20180705,24.38,24.48,24.31,24.45,2599
20180706,24.65,24.7,24.65,24.7,1979
20180709,24.8,24.82,24.79,24.82,2665
20180710,24.93,24.99,24.93,24.98,2987
20180711,24.89,24.89,24.82,24.83,2075
20180712,24.97,25,24.97,24.99,2063
20180713,24.99,25.08,24.96,25.07,2948
20180716,25.04,25.06,24.99,25.06,1912
20180717,24.96,25.19,24.96,25.16,1795
20180718,25.18,25.21,25.17,25.17,4260
20180719,25.15,25.15,25.06,25.08,4309
20180720,25.17,25.17,25.1,25.1,2502
20180723,25.1,25.14,25.09,25.14,2610
20180724,25.14,25.37,25.14,25.28,1616
20180725,25.33,25.52,25.33,25.5,5286
20180726,25.55,25.56,25.49,25.49,3498
20180727,25.52,25.52,25.37,25.4,5660
20180730,25.39,25.4,25.28,25.28,3949
20180731,25.38,25.46,25.38,25.43,1858
20180801,25.48,25.51,25.39,25.45,2699
20180802,25.37,25.52,25.34,25.48,2993
20180803,25.57,25.63,25.57,25.62,4938
20180806,25.67,25.77,25.67,25.71,5432
20180807,25.82,25.83,25.76,25.76,4195
20180808,25.78,25.82,25.76,25.79,2640
20180809,25.77,25.8,25.77,25.8,1243
20180810,25.62,25.62,25.5,25.5,5556
20180813,25.56,25.56,25.42,25.52,9440
20180814,25.56,25.61,25.48,25.58,4650
20180815,25.42,25.42,25.32,25.39,2755
20180816,25.78,25.78,25.72,25.72,2069
20180817,25.53,25.87,25.53,25.83,5342
20180820,25.84,25.89,25.83,25.85,5000
20180821,25.94,26,25.9,25.9,3439
20180822,25.87,25.92,25.87,25.89,3596
20180823,25.85,25.88,25.85,25.86,3045
20180824,25.85,26,25.85,25.98,1476
20180827,26.13,26.19,26.1,26.17,6369
20180828,26.17,26.24,26.17,26.21,6849
20180829,26.24,26.33,26.24,26.29,1789
20180830,26.26,26.32,26.26,26.3,1127
20180831,26.18,26.21,26.16,26.18,3251
20180904,26.17,26.21,26.08,26.17,4379
20180905,26.11,26.12,26.11,26.12,1451
20180906,26.07,26.15,26.02,26.15,4288
20180907,26.15,26.15,26.04,26.06,2174
20180910,26.14,26.18,26.12,26.18,6549
20180911,26.18,26.23,26.18,26.2,8110
20180912,26.23,26.32,26.22,26.22,3518
20180913,26.31,26.36,26.31,26.36,4775
20180914,26.33,26.35,26.32,26.32,2652
20180917,26.3,26.3,26.23,26.25,6078
20180918,26.22,26.44,26.22,26.37,9309
20180919,26.41,26.45,26.4,26.45,7231
20180920,26.64,26.72,26.64,26.65,6840
20180921,26.77,26.77,26.69,26.7,7234
20180924,26.68,26.68,26.53,26.56,24093
20180925,26.88,26.88,26.57,26.58,6654
20180926,26.66,26.72,26.61,26.62,11080
20180927,26.48,26.7,26.48,26.64,4123
20180928,26.57,26.63,26.55,26.59,3037
20181001,26.79,26.79,26.71,26.73,37252
20181002,26.77,26.81,26.69,26.77,12535
20181003,26.83,26.89,26.75,26.75,4495
20181004,26.85,26.85,26.4,26.56,5795
20181005,26.87,26.87,26.31,26.4,54128
20181008,26.31,26.47,26.24,26.45,8029
20181009,26.47,26.49,26.41,26.45,2559
20181010,26.22,26.22,25.59,25.6,5949
20181011,25.76,25.76,24.94,25.09,9401
20181012,25.73,25.73,25.24,25.3,3918
20181015,25.44,25.47,25.27,25.47,2428
20181016,25.59,25.86,25.59,25.83,6715
20181017,26.08,26.08,25.8,25.84,3658
20181018,25.96,25.96,25.49,25.57,20351
20181019,25.76,25.76,25.63,25.63,2490
20181022,25.43,25.58,25.43,25.55,12320
20181023,25.09,25.58,25.09,25.54,2922
20181024,25.33,25.33,24.77,24.77,6401
20181025,24.85,25.31,24.83,25.22,17611
20181026,24.77,24.98,24.57,24.71,2223
20181029,25.19,25.19,24.38,24.66,1948
20181030,24.88,24.99,24.68,24.99,3828
20181031,25.29,25.43,25.27,25.4,6165
20181101,25.43,25.43,25.21,25.36,2981
20181102,25.61,25.61,25.21,25.21,3378
20181105,25.39,25.54,25.37,25.49,4845
20181106,25.56,25.59,25.51,25.54,6839
20181107,25.68,26.16,25.68,26.15,4097
20181108,26.1,26.25,26.04,26.14,8655
20181109,25.82,26.09,25.82,26.08,12105
20181112,25.66,25.72,25.6,25.6,2518
20181113,25.58,25.74,25.47,25.47,42587
20181114,25.47,25.48,25.2,25.46,2744
20181115,25.07,25.56,25.07,25.56,4892
20181116,25.67,25.7,25.56,25.65,4942
20181119,25.52,25.52,25.24,25.33,4858
20181120,24.87,25.1,24.77,24.89,7757
20181121,24.92,25,24.9,24.94,8081
20181123,24.73,24.75,24.65,24.71,2486
20181126,24.77,24.97,24.77,24.92,5445
20181127,24.85,25.03,24.85,25.01,1566
20181128,25.23,25.64,25.22,25.6,3287
20181129,25.7,25.86,25.63,25.8,9808
20181130,25.64,26.01,25.64,26.01,5834
20181203,26.59,26.59,26.12,26.17,7209
20181204,25.99,26.1,25.45,25.45,10406
20181206,25.23,25.23,24.74,25.17,42801
20181207,25.47,25.47,24.78,24.89,6429
20181210,24.63,24.87,24.41,24.87,16607
20181211,25.13,25.13,24.84,25.04,8854
20181212,25.42,25.42,25.09,25.09,29315
20181213,25.17,25.17,24.94,25.17,11001
20181214,24.9,24.9,24.63,24.67,2811
20181217,24.41,24.6,23.99,24.07,8079
20181218,24.23,24.3,23.94,24.03,12154
20181219,24,24.45,23.66,23.76,9807
20181220,23.58,23.78,23.26,23.42,58137
20181221,23.31,23.64,22.92,22.92,5548
20181224,22.92,22.92,22.43,22.43,8845
20181226,22.44,23.38,22.43,23.38,4172
20181227,23.08,23.59,22.95,23.55,5013
20181228,23.76,23.96,23.61,23.61,31962
20181231,23.86,23.86,23.65,23.85,8172
20190102,23.67,23.87,23.58,23.68,11311
20190103,23.78,23.78,23.3,23.3,2627
20190104,23.83,24.09,23.82,24.06,9071
20190107,24.25,24.35,24.01,24.25,27288
20190108,24.46,24.46,24.13,24.38,3986
20190109,24.43,24.53,24.38,24.41,7823
20190110,24.25,24.41,24.25,24.41,2677
20190111,24.43,24.47,24.35,24.45,4503
20190114,24.37,24.44,24.34,24.41,2420
20190115,24.52,24.67,24.51,24.65,6625
20190116,24.73,24.73,24.68,24.69,5239
20190117,24.68,24.8,24.67,24.8,5767
20190118,25,25.15,24.96,25.09,7721
20190122,25.17,25.17,24.63,24.86,31885
20190123,25.07,25.07,24.78,24.98,9327
20190124,24.82,24.9,24.74,24.89,1979
20190125,25.11,25.12,24.96,25.02,23700
20190128,24.74,24.82,24.62,24.78,22820
20190129,24.79,24.85,24.75,24.8,1559
20190130,24.97,25.12,24.85,25.1,1483
20190131,25.16,25.35,25.16,25.3,23620
20190201,25.3,25.45,25.29,25.33,2336
20190204,25.32,25.45,25.3,25.45,5080
20190205,25.76,25.76,25.53,25.54,31261
20190206,25.56,25.58,25.52,25.56,2634
20190207,25.36,25.78,25.22,25.35,24052
20190208,25.19,25.3,25.17,25.3,1677
20190211,25.33,25.42,25.32,25.4,3855
20190212,25.62,25.76,25.6,25.73,6636
20190213,25.86,25.86,25.72,25.81,25775
20190214,25.62,25.74,25.62,25.73,987
20190215,25.97,25.98,25.91,25.93,3462
20190219,25.75,26.11,25.75,26.09,15489
20190220,26.03,26.26,26.03,26.11,23350
20190221,26.09,26.11,25.95,25.95,3235
20190222,26.15,26.29,26.15,26.15,11280
20190225,26.41,26.41,26.27,26.29,4340
20190226,26.3,26.35,26.26,26.3,6095
20190227,26.07,26.25,26.07,26.2,5341
20190228,26.25,26.25,26.2,26.22,5386
20190301,26.35,26.35,26.24,26.33,3644
20190304,26.3,26.3,26.07,26.07,1289
20190305,26.2,26.24,26.16,26.24,6211
20190306,26.17,26.17,26.11,26.11,3238
20190307,25.93,26.01,25.85,25.85,17395
20190308,25.84,25.84,25.68,25.76,10061
20190311,26.12,26.28,26.12,26.22,16508
20190312,26.33,26.35,26.29,26.32,24678
20190313,26.39,26.49,26.38,26.46,6496
20190314,26.46,26.55,26.4,26.4,31329
20190315,26.51,26.61,26.51,26.61,3614
20190318,26.46,26.68,26.46,26.6,6233
20190319,26.6,26.77,26.6,26.71,3132
20190320,26.63,26.75,26.58,26.61,3121
20190321,26.77,26.88,26.77,26.87,7419
20190322,26.62,26.7,26.48,26.52,4788
20190325,26.41,26.43,26.33,26.39,14406
20190326,26.64,26.69,26.52,26.52,7978
20190327,26.54,26.64,26.37,26.37,12606
20190328,26.51,26.59,26.48,26.57,142824
20190329,26.77,26.77,26.62,26.67,7742
20190401,26.75,26.83,26.74,26.83,2262
20190402,26.98,26.98,26.76,26.82,6305
20190403,27.2,27.2,26.82,26.87,10808
20190404,26.85,26.91,26.82,26.87,4546
20190405,26.99,27.01,26.96,26.98,6515
20190408,26.91,26.99,26.9,26.99,5683
20190409,26.89,26.95,26.87,26.94,7124
20190410,26.86,26.94,26.86,26.92,8017
20190411,26.9,26.93,26.86,26.89,4725
20190412,27.05,27.09,26.99,27.02,14899
20190415,27,27.06,27,27.06,2696
20190416,27.12,27.13,27.06,27.06,5548
20190417,27.06,27.06,26.93,26.98,61625
20190418,27.07,27.07,26.91,27.04,8587
20190422,26.88,27.1,26.88,27.06,38070
20190423,27.22,27.29,27.19,27.27,25686
20190424,27.21,27.26,27.19,27.25,10980
20190425,27.08,27.22,27.07,27.15,14470
20190426,27.22,27.31,27.11,27.29,28149
20190429,27.27,27.44,27.27,27.39,25181
20190430,27.25,27.44,27.25,27.35,22687
20190501,27.44,27.48,27.23,27.23,921550
20190502,27.11,27.23,26.97,27.05,18314
20190503,27.16,27.3,27.16,27.29,43098
20190506,26.91,27.23,26.91,27.19,5617
20190507,26.93,26.93,26.61,26.73,6049
20190508,26.67,26.84,26.67,26.82,5384
20190509,26.55,26.67,26.22,26.67,16103
20190510,26.54,26.85,26.28,26.85,5823
20190513,26.27,26.32,26.13,26.2,18595
20190514,26.26,26.6,26.26,26.47,12140
20190515,26.37,26.66,26.35,26.61,8587
20190516,26.65,27.04,26.65,26.87,13520
20190517,26.71,26.89,26.71,26.81,6986
20190520,26.64,26.72,26.55,26.58,6598
20190521,26.76,26.82,26.74,26.8,15165
20190522,26.76,26.85,26.75,26.84,9168
20190523,26.67,26.67,26.38,26.49,9637
20190524,26.64,26.65,26.58,26.59,20625
20190528,26.73,26.73,26.4,26.4,13209
20190529,26.23,26.26,26.08,26.13,18920
20190530,26.18,26.29,26.18,26.24,18291
20190531,26.1,26.1,25.9,25.93,33336
20190603,25.9,26.03,25.77,25.77,8143
20190604,26.01,26.32,26.01,26.32,16608
20190605,26.79,26.79,26.46,26.57,8995
20190606,26.64,26.87,26.64,26.79,8254
20190607,26.88,27.15,26.88,27.06,8348
20190610,27.16,27.29,27.14,27.16,6968
20190611,27.26,27.26,27.1,27.15,14612
20190612,27.16,27.19,27.09,27.13,16600
20190613,27.21,27.22,27.14,27.2,11671
20190614,27.18,27.26,27.18,27.23,31170
20190617,27.25,27.25,27.21,27.23,12839
20190618,27.43,27.52,27.36,27.45,16926
20190619,27.44,27.55,27.42,27.55,9240
20190620,27.79,27.79,27.71,27.79,8870
20190621,27.79,27.89,27.79,27.85,2749208
20190624,27.85,27.87,27.8,27.82,15263
20190625,27.79,27.79,27.53,27.56,9293
20190626,27.56,27.56,27.45,27.48,17564
20190627,27.47,27.55,27.47,27.52,16375
20190628,27.55,27.64,27.5,27.63,11083
20190701,27.92,27.92,27.76,27.84,9643
20190702,27.86,28,27.86,28,14935
20190703,28.05,28.2,28.02,28.2,8824
20190705,28.18,28.18,28.01,28.14,13411
20190708,27.97,28.04,27.96,28.03,18874
20190709,28.01,28.03,27.96,27.96,15370
20190710,28.12,28.24,28.12,28.21,5944
20190711,28.2,28.24,28.13,28.21,14859
20190712,28.25,28.28,28.19,28.27,22982
20190715,28.28,28.28,28.23,28.28,6585
20190716,28.27,28.28,28.16,28.17,2861080
20190717,28.21,28.21,28.07,28.07,14604
20190718,28.1,28.2,27.92,28.17,65966
20190719,28.28,28.28,28.03,28.03,68587
20190722,28.02,28.09,27.99,28.02,18349
20190723,28.14,28.21,28.09,28.2,16622
20190724,28.13,28.3,28.13,28.29,18449
20190725,28.25,28.29,28.15,28.18,26392
20190726,28.33,28.4,28.31,28.4,11026
20190729,28.44,28.44,28.33,28.38,6205
20190730,28.3,28.36,28.25,28.29,9238
20190731,28.35,28.35,27.81,28,24363
20190801,28.08,28.27,27.78,27.78,5293060
20190802,27.57,27.72,27.46,27.64,16232
20190805,27.24,27.24,26.73,26.81,47733
20190806,26.97,27.17,26.95,27.16,8513
20190807,26.89,27.17,26.61,27.15,20456
20190808,27.29,27.63,27.29,27.63,20056
20190809,27.54,27.59,27.27,27.53,16885
20190812,27.33,27.39,27.13,27.13,7107
20190813,27.13,27.69,27.13,27.61,11619
20190814,27.26,27.26,26.84,26.87,9188
20190815,26.92,27.02,26.76,26.97,22065
20190816,27.14,27.35,27.14,27.34,10708
20190819,27.65,27.7,27.58,27.65,27392
20190820,27.66,27.66,27.44,27.45,64284
20190821,27.59,27.68,27.59,27.62,14274
20190822,27.68,27.69,27.42,27.66,12824
20190823,27.44,27.61,26.83,26.83,7794
20190826,27.09,27.23,27.04,27.14,6848
20190827,27.56,27.56,27.1,27.19,19683
20190828,27.17,27.33,27.17,27.33,4947
20190829,27.61,27.7,27.54,27.62,45406
20190830,27.81,27.81,27.57,27.65,16268
20190903,27.47,27.52,27.38,27.5,15625
20190904,27.66,27.8,27.61,27.8,10636
20190905,28.21,28.21,28.1,28.11,25943
20190906,28.11,28.16,28.11,28.16,8213
20190909,28.24,28.24,28.01,28.07,8469
20190910,27.83,27.99,27.82,27.99,51660
20190911,28.01,28.16,28.01,28.16,12788
20190912,28.33,28.38,28.26,28.28,14151
20190913,28.33,28.33,28.24,28.25,4319
20190916,28.16,28.16,28.03,28.09,12695
20190917,28.08,28.09,28.06,28.09,13486
20190918,28.04,28.15,27.98,28.09,47432
20190919,28.27,28.3,28.13,28.17,33118
20190920,28.24,28.26,28.14,28.16,89747
20190923,28.06,28.15,28.05,28.11,11596
20190924,28.23,28.24,27.86,27.88,25330
20190925,27.81,28.05,27.81,28.05,12285
20190926,28.07,28.07,27.9,28.04,20098
20190927,28.04,28.09,27.79,27.92,12074
20190930,28.05,28.16,28.05,28.07,10253
20191001,28.19,28.2,27.77,27.78,19774
20191002,27.61,27.61,27.15,27.26,18417
20191003,27.26,27.49,27.12,27.48,23168
20191004,27.54,27.89,27.54,27.89,11709
20191007,27.82,27.92,27.73,27.78,7700
20191008,27.47,27.64,27.38,27.4,39588
20191009,27.52,27.66,27.47,27.6,19446
20191010,27.53,27.84,27.53,27.76,17018
20191011,27.99,28.21,27.99,28.01,23202
20191014,28.05,28.05,27.97,27.98,6972
20191015,28.26,28.26,28.18,28.18,9758
20191016,28.13,28.19,28.1,28.16,14035
20191017,28.24,28.25,28.16,28.19,182027
20191018,28.16,28.16,27.99,28.05,10242
20191021,28.13,28.24,28.1,28.24,11305
20191022,28.24,28.24,28.04,28.04,114748
20191023,28.04,28.14,28.03,28.14,8267
20191024,28.26,28.26,28.13,28.17,8182
20191025,28.09,28.37,28.09,28.33,18911
20191028,28.5,28.53,28.46,28.51,35890
20191029,28.48,28.55,28.45,28.55,11408
20191030,28.42,28.61,28.42,28.61,7614
20191031,28.54,28.54,28.41,28.54,9696
20191101,28.72,28.72,28.67,28.68,8883
20191104,28.77,28.79,28.69,28.72,7647
20191105,28.67,28.75,28.67,28.71,17300
20191106,28.72,28.76,28.7,28.76,13852
20191107,28.95,28.96,28.83,28.89,16383
20191108,28.84,28.95,28.81,28.95,17378
20191111,28.82,28.91,28.82,28.9,7498
20191112,29.01,29.03,28.88,28.96,46331
20191113,28.86,29.03,28.86,29.03,51098
20191114,29.03,29.03,28.89,29.02,12162
20191115,29.09,29.18,29.07,29.16,16791
20191118,29.22,29.27,29.19,29.22,9299
20191119,29.27,29.27,29.22,29.27,18493
20191120,29.24,29.24,29.06,29.16,10598
20191121,29.22,29.22,29.04,29.13,16006
20191122,29.21,29.22,29.1,29.21,18134
20191125,29.45,29.45,29.24,29.35,13794
20191126,29.32,29.47,29.32,29.47,15256
20191127,29.46,29.59,29.45,29.59,15011
20191129,29.59,29.59,29.48,29.48,21485
20191202,29.31,29.35,29.17,29.29,11193
20191203,28.95,29.12,28.93,29.12,22171
20191204,29.15,29.29,29.11,29.26,15199
20191205,29.26,29.33,29.17,29.27,40565
20191206,29.54,29.59,29.51,29.57,12868
20191209,29.52,29.56,29.43,29.46,17231
20191210,29.43,29.46,29.37,29.42,2072092
20191211,29.4,29.47,29.39,29.47,52319
20191212,29.48,29.69,29.45,29.67,6341
20191213,29.69,29.8,29.67,29.77,27317
20191216,29.86,30.01,29.86,29.96,15500
20191217,30,30,29.92,29.95,14459
20191218,29.96,29.96,29.92,29.93,7924
20191219,29.92,30.05,29.92,30,20873
20191220,30.18,30.26,30.18,30.2,22452
20191223,30.27,30.27,30.2,30.21,249189
20191224,30.21,30.21,30.18,30.2,1707
20191226,30.2,30.33,30.2,30.31,4027
20191227,30.41,30.43,30.38,30.41,25183
20191230,30.24,30.29,30.19,30.19,11585
20191231,30.15,30.29,30.08,30.29,25897
20200102,30.35,30.46,30.34,30.46,20781
20200103,30.22,30.44,30.22,30.37,22141
20200106,30.11,30.44,30.11,30.44,6605
20200107,30.35,30.36,30.23,30.32,6575
20200108,30.25,30.58,30.25,30.49,10293
20200109,30.61,30.67,30.59,30.67,74090
20200110,30.72,30.75,30.57,30.58,5338
20200113,30.63,30.76,30.63,30.74,11933
20200114,30.72,30.81,30.68,30.69,6787
20200115,30.76,30.9,30.76,30.83,31977
20200116,30.97,31.06,30.97,31.06,10471
20200117,31.1,31.16,31.08,31.16,14171
20200121,31.17,31.25,31.12,31.16,21182
20200122,31.26,31.31,31.23,31.25,23620
20200123,31.16,31.21,31.03,31.21,5092
20200124,31.28,31.28,30.87,30.98,82899
20200127,30.48,30.69,30.48,30.57,22489
20200128,30.67,30.89,30.67,30.82,12532
20200129,30.94,30.94,30.76,30.76,12726
20200130,30.66,30.77,30.57,30.77,7327
20200131,30.58,30.58,30.24,30.38,16510
20200203,30.7,30.75,30.54,30.59,9933
20200204,31,31.11,30.97,31.02,8318
20200205,31.26,31.37,31.25,31.36,19915
20200206,31.49,31.49,31.43,31.44,7611
20200207,31.38,31.44,31.28,31.28,17138
20200210,31.3,31.51,31.3,31.51,12093
20200211,31.56,31.6,31.47,31.47,6809
20200212,31.57,31.63,31.55,31.63,11312
20200213,31.6,31.65,31.51,31.59,7778
20200214,31.58,31.64,31.49,31.49,105318
20200218,31.49,31.56,31.42,31.5,10383
20200219,31.76,31.76,31.59,31.7,9074
20200220,31.8,31.8,31.32,31.56,1652171
20200221,31.22,31.37,31.19,31.28,17823
20200224,30.3,30.56,30.14,30.31,21336
20200225,30.35,30.38,29.31,29.42,35057
20200226,29.42,29.86,29.36,29.36,30456
20200227,28.75,29.11,28.01,28.01,160344
20200228,27.08,27.78,26.91,27.78,43684
20200302,27.99,29.09,27.81,29.09,30272
20200303,29.55,29.7,27.56,28.32,18232
20200304,28.77,29.54,28.75,29.54,22875
20200305,28.88,29.05,28.41,28.61,6180
20200306,27.8,28.19,27.56,28.19,8222
20200309,26.18,27.28,26.07,26.56,17473
20200310,27.42,27.52,26.2,27.52,21806
20200311,26.98,26.98,25.98,26.31,25862
20200312,24.62,25.3,22.71,23.77,46344
20200313,25.23,26.18,24.1,26.18,55886
20200316,24.23,24.98,23.18,23.28,73604
20200317,23.94,24.9,23.42,24.58,25037
20200318,23.66,24.11,22.59,22.89,17846
20200319,23.45,23.97,22.96,23.6,249066
20200320,23.9,23.94,22.58,22.64,127206
20200323,22.67,22.67,21.68,22.2,1125804
20200324,22.22,23.86,22.22,23.8,26264
20200325,24.01,24.94,23.55,24.01,25631
20200326,24.84,25.67,24.83,25.46,13035
20200327,25.04,25.14,24.54,24.65,44218
20200330,24.89,25.65,24.87,25.56,34405
20200331,25.57,25.67,25.03,25.03,14157
20200401,24.06,24.57,23.97,24.24,414369
20200402,23.94,24.81,23.94,24.73,401698
20200403,24.74,25.07,24.28,24.48,113377
20200406,25.6,26.23,25.6,26.19,64372
20200407,27.16,27.25,26.03,26.03,161609
20200408,26.23,26.76,26.02,26.7,148026
20200409,27.05,27.25,26.96,27,28552
20200413,26.94,26.94,26.53,26.89,33549
20200414,27.37,27.73,27.31,27.73,41945
20200415,27.22,27.32,27.03,27.21,11344
20200416,27.29,27.72,27.12,27.71,192797
20200417,28.38,28.38,27.64,28.05,69441
20200420,27.52,27.98,27.52,27.71,19001
20200421,27.19,27.19,26.63,26.8,73333
20200422,27.21,27.63,27.19,27.39,23913
20200423,27.6,27.72,27.29,27.33,25946
20200424,27.37,27.71,27.29,27.71,11164
20200427,27.82,28.05,27.82,27.94,232628
20200428,28.12,28.62,27.68,27.68,76141
20200429,28.05,28.45,28.05,28.42,19722
20200430,28.18,28.23,27.95,28.21,11583
20200501,27.78,27.78,27.41,27.5,11408
20200504,27.32,27.58,27.32,27.56,84436
20200505,27.93,28.13,27.83,27.91,25833
20200506,27.94,27.97,27.71,27.71,163630
20200507,27.96,28.06,27.8,27.86,44454
20200508,28.41,28.41,28.12,28.28,16427
20200511,28.23,28.53,28.23,28.38,7777
20200512,28.47,28.48,27.92,27.92,13341
20200513,27.67,27.86,27.34,27.57,22916
20200514,27.42,27.78,27.21,27.77,325757
20200515,27.96,28.02,27.6,27.98,43656
20200518,28.41,28.69,28.38,28.56,26287
20200519,28.49,28.62,28.33,28.35,13671
20200520,28.52,28.72,28.52,28.7,160268
20200521,28.58,28.67,28.37,28.42,31696
20200522,28.31,28.48,28.31,28.48,5493
20200526,28.91,28.91,28.52,28.59,38448
20200527,28.7,28.8,28.27,28.8,178087
20200528,28.93,29.16,28.83,28.83,12034
20200529,28.9,29.07,28.65,29.07,42124
20200601,28.84,29.05,28.84,28.97,8547
20200602,29.11,29.14,28.94,29.14,15137
20200603,29.22,29.4,29.22,29.32,9706
20200604,29.18,29.38,29.1,29.2,8641
20200605,29.75,29.88,29.59,29.82,410879
20200608,29.97,30.07,29.75,30.07,11212
20200609,29.98,30.05,29.82,30,29363
20200610,30.03,30.12,29.84,30.06,17321
20200611,29.42,29.42,28.42,28.46,27807
20200612,29.01,29.02,28.16,28.66,13881
20200615,28.05,28.78,28,28.67,7029
20200616,29.34,29.48,28.9,29.28,316301
20200617,29.32,29.41,29.23,29.23,6489
20200618,29.01,29.3,29.01,29.3,6570
20200619,29.52,29.52,29.14,29.24,13807
20200622,29.1,29.39,29.1,29.34,200738
20200623,29.6,29.75,29.48,29.48,6185
20200624,29.33,29.33,28.7,28.76,285737
20200625,28.74,29.07,28.74,29.07,8686
20200626,28.93,29,28.28,28.35,162373
20200629,28.52,28.73,28.41,28.72,8843
20200630,28.85,29.22,28.85,29.18,14326
20200701,29.41,29.55,29.34,29.42,3866
20200702,29.67,29.85,29.55,29.55,7703
20200706,29.9,30.05,29.9,30.03,18168
20200707,30.23,30.23,30.01,30.05,9717
20200708,30.03,30.09,29.92,30.09,6590
20200709,30.16,30.17,29.73,30.04,28075
20200710,30,30.37,29.95,30.37,12198
20200713,30.58,30.85,30.06,30.06,13118
20200714,29.98,30.45,29.86,30.45,5003
20200715,30.66,30.75,30.44,30.55,161496
20200716,30.35,30.45,30.3,30.45,6901
20200717,30.47,30.54,30.42,30.47,105086
20200720,30.61,30.85,30.59,30.8,367488
20200721,30.96,31.03,30.84,30.84,6194
20200722,30.9,31.02,30.79,30.99,85301
20200723,30.98,31.02,30.6,30.62,9100
20200724,30.42,30.52,30.33,30.46,325184
20200727,30.43,30.69,30.43,30.64,13062
20200728,30.64,30.78,30.57,30.63,22141
20200729,30.58,30.83,30.58,30.73,9228
20200730,30.43,30.64,30.29,30.58,9330
20200731,30.85,30.85,30.42,30.57,4870
20200803,30.91,31.04,30.91,31.03,8278
20200804,31.13,31.16,31.03,31.1,15212
20200805,31.3,31.42,31.3,31.35,13042
20200806,31.28,31.63,31.24,31.59,62771
20200807,31.5,31.58,31.42,31.49,159291
20200810,31.53,31.53,31.4,31.46,521555
20200811,31.54,31.54,31.13,31.13,73156
20200812,31.38,31.7,31.38,31.66,6102
20200813,31.58,31.64,31.44,31.55,5074
20200814,31.44,31.55,31.44,31.46,4203
20200817,31.69,31.72,31.62,31.66,12148
20200818,31.6,31.86,31.6,31.86,6553
20200819,31.79,31.92,31.67,31.67,163592
20200820,31.68,31.91,31.68,31.85,5543
20200821,31.87,32.03,31.82,32,10448
20200824,32.13,32.15,32.01,32.15,14867
20200825,32.19,32.34,32.19,32.32,10892
20200826,32.5,32.99,32.49,32.92,10366
20200827,33.09,33.21,32.95,33.16,11619
20200828,33.16,33.22,33.05,33.19,7799
20200831,33.23,33.29,33.2,33.2,6944
20200901,33.25,33.37,33.25,33.37,8552
20200902,33.57,33.96,33.57,33.96,2061523
20200903,33.78,33.78,32.53,32.83,13819
20200904,32.93,33.03,31.92,32.5,17954
20200908,31.87,32.07,31.66,31.82,342353
20200909,32.04,32.55,32.04,32.55,7304
20200910,32.51,32.54,31.73,31.73,126689
20200911,31.86,32.01,31.51,31.75,57271
20200914,32.2,32.48,32.12,32.26,8341
20200915,32.38,32.63,32.34,32.37,14587
20200916,32.48,32.58,32.19,32.19,15810
20200917,31.88,32.05,31.69,31.72,15152
20200918,31.95,31.95,31.44,31.67,6399
20200921,31.35,31.36,30.99,31.36,21661
20200922,31.57,31.74,31.4,31.74,7850
20200923,31.7,31.76,31.05,31.05,11614
20200924,30.82,31.27,30.82,31.07,106716
20200925,31.07,31.53,30.99,31.53,6429
20200928,31.79,31.94,31.79,31.89,5243
20200929,31.92,31.92,31.77,31.84,6365
20200930,31.87,32.31,31.81,32.2,177577
20201001,32.33,32.4,32.06,32.17,25875
20201002,32,32,31.84,31.84,10102
20201005,32.03,32.27,31.99,32.26,29172
20201006,32.35,32.35,31.88,31.88,12283
20201007,32.11,32.43,32.11,32.41,9085
20201008,32.58,32.59,32.48,32.55,5480
20201009,32.75,32.89,32.72,32.81,10070
20201012,33.09,33.47,33.07,33.37,9211
20201013,33.28,33.36,33.19,33.24,15778
20201014,33.28,33.29,32.86,32.93,7350
20201015,32.5,32.78,32.5,32.73,3822
20201016,32.85,33.12,32.85,32.87,10827
20201019,32.92,32.92,32.22,32.25,13145
20201020,32.4,32.59,32.33,32.44,7883
20201021,32.52,32.52,32.28,32.33,5665
20201022,32.4,32.56,32.23,32.45,6367
20201023,32.53,32.56,32.39,32.49,8881
20201026,32.27,32.32,31.68,32.01,15937
20201027,32.01,32.16,31.96,32.03,9349
20201028,31.48,31.48,30.91,30.91,11463
20201029,30.87,31.35,30.87,31.25,9702
20201030,30.99,30.99,30.4,30.81,18139
20201102,31.06,31.22,30.83,31.06,25436
20201103,31.4,31.78,31.4,31.63,11072
20201104,32.01,32.53,32.01,32.25,8111
20201105,32.78,32.84,32.56,32.73,9002
20201106,32.72,32.85,32.66,32.85,962129
20201109,33.75,33.75,33.29,33.29,12710
20201110,33.02,33.02,32.75,32.93,101917
20201111,33.21,33.36,33.14,33.22,10117
20201112,33.19,33.19,32.86,32.95,28640
20201113,33.22,33.4,33.09,33.38,82575
20201116,33.53,33.56,33.39,33.51,6828
20201117,33.46,33.61,33.42,33.51,10501
20201118,33.52,33.53,33.23,33.25,8469
20201119,33.09,33.24,33.07,33.24,4831
20201120,33.26,33.26,33.07,33.07,22074
20201123,33.26,33.26,33.01,33.15,5026
20201124,33.49,33.69,33.47,33.69,8506
20201125,33.65,33.72,33.57,33.72,3388
20201127,33.78,33.83,33.77,33.77,3466
20201130,33.7,33.76,33.6,33.74,12535
20201201,34.08,34.26,34.08,34.16,24579
20201202,34.05,34.23,34.05,34.23,7203
20201203,34.23,34.25,34.1,34.1,136985
20201204,34.18,34.39,34.18,34.39,7853
20201207,34.36,34.42,34.33,34.37,164370
20201208,34.32,34.56,34.32,34.53,7683
20201209,34.56,34.56,34.24,34.24,317946
20201210,34.21,34.21,34.11,34.11,4621
20201211,34.11,34.32,33.98,34.31,178157
20201214,34.44,34.57,34.18,34.18,9935
20201215,34.24,34.48,34.24,34.44,6448
20201216,34.39,34.51,34.39,34.48,6569
20201217,34.59,34.61,34.54,34.6,12962
20201218,34.77,34.77,34.39,34.67,21138
20201221,34.28,34.55,34.05,34.46,1057997
20201222,34.44,34.47,34.38,34.38,10356
20201223,34.48,34.59,34.45,34.53,12648
20201224,34.52,34.55,34.46,34.55,4433
20201228,34.79,34.9,34.78,34.89,10454
20201229,34.91,34.93,34.87,34.9,6136
20201230,34.93,34.96,34.87,34.91,3173
20201231,34.9,35.07,34.83,35.07,4788
20210104,35.22,35.22,34.46,34.6,8503
20210105,34.8,35.03,34.73,34.95,9110
20210106,34.99,35.25,34.96,34.97,21948
20210107,35.35,35.47,35.29,35.42,300968
20210108,35.5,35.53,35.24,35.53,26709
20210111,35.38,35.55,35.38,35.38,87734
20210112,35.39,35.39,35.08,35.28,22760
20210113,35.16,35.47,35.16,35.45,19534
20210114,35.36,35.48,35.25,35.25,10328
20210115,34.95,35.07,34.94,34.94,11659
20210119,35.13,35.13,34.98,35.08,569069
20210120,35.39,35.54,35.38,35.53,13705
20210121,35.47,35.58,35.44,35.58,5124
20210122,35.3,35.56,35.3,35.51,29683
20210125,35.5,35.58,35.39,35.52,16425
20210126,35.74,35.75,35.62,35.66,958749
20210127,35.18,35.22,34.61,34.65,21274
20210128,34.96,35.44,34.96,35.07,12819
20210129,34.92,34.92,34.45,34.57,20180
20210201,34.76,35.02,34.76,34.96,13875
20210202,35.29,35.49,35.29,35.29,81442
20210203,35.4,35.47,35.27,35.45,22333
20210204,35.61,35.69,35.58,35.66,41231
20210205,35.86,35.95,35.8,35.92,7545
20210208,36.12,36.17,35.91,36.11,17244
20210209,35.97,36.14,35.97,36.13,6832
20210210,36.14,36.14,35.84,35.95,11406
20210211,36.02,36.12,35.93,36.1,131728
20210212,36.08,36.22,36.01,36.22,20255
20210216,36.36,36.36,36.18,36.21,26356
20210217,36.09,36.23,36.01,36.23,8960
20210218,35.92,36.03,35.86,36.03,3664
20210219,35.97,35.99,35.73,35.77,7992
20210222,35.49,35.67,35.43,35.51,43673
20210223,35.22,35.58,35.15,35.5,8500
20210224,35.37,35.73,35.37,35.73,271670
20210225,35.68,35.68,34.95,35.05,13310
20210226,35.02,35.12,34.84,35.06,15055
20210301,34.84,35.6,34.84,35.47,7644
20210302,35.52,35.52,35.31,35.32,19620
20210303,35.19,35.19,34.87,34.87,8189
20210304,34.77,35.01,34.17,34.34,55230
20210305,34.67,34.95,34.52,34.95,6119
20210308,34.98,35.37,34.81,34.81,235250
20210309,35.17,35.59,35.17,35.35,56832
20210310,35.56,35.71,35.56,35.68,63260
20210311,35.76,35.95,35.76,35.83,5430
20210312,35.65,35.79,35.65,35.77,9559
20210315,35.81,36.03,35.71,36.03,5131
20210316,36.13,36.14,36.05,36.05,48123
20210317,35.88,36.05,35.8,36.05,4763
20210318,35.83,35.96,35.61,35.61,2931
20210319,35.39,35.67,35.39,35.64,3200
20210322,35.56,36.01,35.56,36,10635
20210323,35.9,36.07,35.79,35.82,18955
20210324,35.9,35.93,35.72,35.72,3121
20210325,35.42,35.68,35.36,35.68,7788
20210326,35.92,36.22,35.89,36.22,7737
20210329,36.06,36.42,36.06,36.34,118091
20210330,36.15,36.2,36.06,36.06,69056
20210331,36.27,36.45,36.27,36.32,76959
20210401,36.39,36.59,36.39,36.59,17026
20210405,36.8,37.13,36.8,37.09,9130
20210406,37.08,37.18,37.08,37.13,41070
20210407,37.14,37.18,37.1,37.13,69411
20210408,37.34,37.35,37.26,37.33,11701
20210409,37.32,37.6,37.32,37.6,12873
20210412,37.5,37.61,37.5,37.61,6609
20210413,37.73,37.78,37.64,37.75,78617
20210414,37.68,37.68,37.54,37.55,3442
20210415,37.73,37.93,37.73,37.86,3466
20210416,38.1,38.14,38.02,38.13,8605
20210419,38.05,38.06,37.89,37.96,38463
20210420,37.83,37.83,37.73,37.78,4572
20210421,37.5,38,37.5,37.98,12529
20210422,38.02,38.04,37.6,37.76,86737
20210423,37.91,38.05,37.91,38.05,844632
20210426,37.96,38.01,37.93,37.98,7897
20210427,37.89,37.95,37.85,37.91,7928
20210428,37.9,37.99,37.88,37.96,5969
20210429,37.97,38.14,37.89,38.14,8689
20210430,37.94,37.98,37.9,37.9,12519
20210503,38.08,38.21,38.08,38.13,6070
20210504,37.9,37.9,37.73,37.9,12537
20210505,38.07,38.18,37.97,38,14601
20210506,37.98,38.31,37.98,38.31,117015
20210507,38.5,38.58,38.46,38.54,32216
20210510,38.58,38.61,38.32,38.32,3623
20210511,37.87,37.98,37.75,37.95,53782
20210512,37.68,37.76,37.27,37.27,62462
20210513,37.38,37.8,37.38,37.72,16852
20210514,38.07,38.17,38.07,38.17,5787
20210517,38.09,38.09,37.9,37.93,7335
20210518,37.85,37.91,37.74,37.74,63146
20210519,37.14,37.49,37.14,37.32,13847
20210520,37.68,38.04,37.68,37.99,86554
20210521,38.11,38.16,37.88,37.89,11848
20210524,38.12,38.31,38.12,38.23,5167
20210525,38.23,38.23,38.09,38.17,4662
20210526,38.13,38.23,38.13,38.17,7466
20210527,38.19,38.19,38.08,38.14,58238
20210528,38.27,38.31,38.15,38.15,10180
20210601,38.19,38.19,37.88,37.88,86340
20210602,38.02,38.1,37.99,38,6246
20210603,37.78,38.04,37.77,37.95,7036
20210604,38.27,38.3,38.22,38.3,4942
20210607,38.23,38.28,38.2,38.27,150875
20210608,38.23,38.23,38.14,38.2,23610
20210609,38.28,38.32,38.23,38.23,8760
20210610,38.32,38.52,38.32,38.52,3596
20210611,38.49,38.55,38.41,38.53,8410
20210614,38.44,38.66,38.44,38.66,50771
20210615,38.57,38.58,38.5,38.51,16300
20210616,38.53,38.53,38.16,38.32,33099
20210617,38.34,38.53,38.32,38.43,61945
20210618,38.18,38.18,37.95,37.95,6831
20210621,38.18,38.44,38.18,38.44,13693
20210622,38.44,38.71,38.43,38.64,30655
20210623,38.66,38.77,38.53,38.56,14076
20210624,38.83,38.88,38.77,38.82,13657
20210625,38.87,39.07,38.87,38.99,7980
20210628,39.02,39.12,38.92,39.12,136437
20210629,39.17,39.19,39.09,39.12,15004
20210630,39.19,39.21,39.12,39.21,7912
20210701,39.28,39.41,39.27,39.41,36578
20210702,39.63,39.78,39.63,39.78,8652
20210706,39.76,39.77,39.52,39.77,31951
20210707,39.79,39.94,39.78,39.89,8438
20210708,39.49,39.68,39.4,39.62,17080
20210709,39.8,40.03,39.8,40,6900
20210712,40.05,40.11,40.05,40.11,5173
20210713,40.09,40.25,40.09,40.11,5636
20210714,40.24,40.29,40.12,40.24,10702
20210715,40.12,40.16,40.03,40.15,15445
20210716,40.18,40.18,39.92,39.95,37445
20210719,39.57,39.57,39.16,39.37,9938
20210720,39.45,39.93,39.45,39.8,437225
20210721,39.96,40.12,39.96,40.09,8637
20210722,40.16,40.26,40.05,40.26,53979
20210723,40.35,40.61,40.35,40.61,5057
20210726,40.56,40.69,40.52,40.64,28970
20210727,40.57,40.6,40.38,40.46,15292
20210728,40.47,40.65,40.45,40.49,15561
20210729,40.66,40.73,40.65,40.65,3775
20210730,40.5,40.56,40.49,40.5,29632
20210802,40.65,40.65,40.4,40.4,43634
20210803,40.53,40.73,40.41,40.68,9603
20210804,40.56,40.69,40.55,40.65,11847
20210805,40.76,40.87,40.72,40.82,7995
20210806,40.89,40.89,40.84,40.88,3764
20210809,40.97,40.97,40.82,40.89,7988
20210810,40.87,41.02,40.87,40.94,4379
20210811,41.07,41.1,40.93,40.97,11150
20210812,40.88,41.14,40.88,41.14,9765
20210813,41.18,41.34,41.18,41.29,29221
20210816,41.31,41.49,41.17,41.49,48449
20210817,41.39,41.44,41.15,41.41,10426
20210818,41.39,41.39,40.86,40.86,9142
20210819,40.48,41.14,40.48,41.04,12458
20210820,41.18,41.33,41.18,41.27,5534
20210823,41.49,41.7,41.49,41.66,69911
20210824,41.59,41.61,41.51,41.55,7255
20210825,41.57,41.57,41.45,41.5,14603
20210826,41.46,41.5,41.32,41.33,8849
20210827,41.34,41.51,41.31,41.51,89279
20210830,41.61,41.77,41.61,41.75,4380
20210831,41.63,41.69,41.55,41.6,49159
20210901,41.61,41.68,41.57,41.62,53799
20210902,41.71,41.75,41.58,41.68,9877
20210903,41.68,41.8,41.64,41.78,22387
20210907,41.62,41.7,41.61,41.64,8668
20210908,41.63,41.63,41.52,41.6,5119
20210909,41.66,41.66,41.43,41.43,9095
20210910,41.53,41.53,41.12,41.12,10869
20210913,41.46,41.46,40.97,41.11,491670
20210914,41.31,41.31,40.87,40.87,7369
20210915,40.99,41.21,40.98,41.21,9013
20210916,41.25,41.25,40.89,41.19,8831
20210917,40.96,41.03,40.92,40.92,66222
20210920,40.38,40.54,39.93,40.2,55965
20210921,40.64,40.64,40.36,40.53,12527
20210922,40.56,40.82,40.55,40.67,21591
20210923,41.03,41.22,41.03,41.13,68008
20210924,41.13,41.16,40.98,41.09,6781
20210927,41.01,41.04,40.88,40.91,6618
20210928,40.47,40.56,40.13,40.22,6573
20210929,40.39,40.57,40.32,40.36,8599
20210930,40.46,40.59,39.96,39.96,10190
20211001,39.85,40.48,39.85,40.48,15238
20211004,40.2,40.2,39.74,39.97,7877
20211005,40.03,40.55,40.03,40.49,4587
20211006,40.08,40.48,40,40.48,30268
20211007,40.93,41.11,40.93,40.95,9805
20211008,40.93,40.95,40.8,40.92,7332
20211011,40.86,40.99,40.64,40.65,7240
20211012,40.71,40.71,40.29,40.35,7624
20211013,40.45,40.45,40.12,40.36,287311
20211014,40.75,40.98,40.75,40.95,10850
20211015,41.19,41.24,41.13,41.22,9046
20211018,41.05,41.39,41.05,41.36,11105
20211019,41.46,41.72,41.46,41.72,6066
20211020,41.81,41.94,41.81,41.92,173975
20211021,41.92,41.92,41.81,41.92,7214
20211022,41.99,42,41.84,41.95,14823
20211025,42.01,42.2,41.99,42.13,8076
20211026,42.29,42.39,42.28,42.32,68057
20211027,42.24,42.24,42.13,42.22,6202
20211028,42.28,42.38,42.25,42.35,93194
20211029,42.32,42.67,42.32,42.67,39583
20211101,42.73,42.73,42.5,42.5,4241
20211102,42.77,42.85,42.76,42.81,9994
20211103,42.7,42.88,42.68,42.79,40419
20211104,43.09,43.2,43.07,43.19,13537
20211105,43.26,43.3,43.05,43.14,116834
20211108,43.2,43.22,43.02,43.17,31132
20211109,43.12,43.12,42.82,42.92,13705
20211110,42.95,43.05,42.79,42.79,66091
20211111,42.96,42.96,42.83,42.86,4387
20211112,42.79,43.05,42.79,43.03,31893
20211115,43.07,43.09,42.93,42.95,11596
20211116,43.01,43.24,43.01,43.2,196829
20211117,43.14,43.16,43.05,43.12,576765
20211118,43.08,43.08,42.85,43.06,7163
20211119,43.11,43.11,42.96,42.96,11095
20211122,43.09,43.29,42.92,42.92,37390
20211123,42.82,42.99,42.74,42.94,5048890
20211124,42.83,43.03,42.83,43.03,11496
20211126,42.66,42.83,42.45,42.52,8128
20211129,42.77,42.97,42.67,42.85,24688
20211130,42.65,42.68,42.1,42.13,9919
20211201,42.52,42.68,41.65,41.65,16049
20211202,41.61,42.18,41.61,42.15,13327
20211203,42.28,42.28,41.62,41.93,10794
20211206,42.1,42.43,42.1,42.36,107525
20211207,42.72,42.91,42.72,42.83,6637
20211208,42.99,43.02,42.7,43.02,242899
20211209,42.87,42.91,42.79,42.9,13702
20211210,43.31,43.48,43.14,43.48,11961
20211213,43.42,43.52,43.26,43.41,11203
20211214,43.05,43.16,42.86,43.02,11641
20211215,43.08,43.84,43.06,43.84,22884
20211216,43.98,44.06,43.62,43.83,42937
20211217,43.52,43.52,43.21,43.29,7204
20211220,42.81,42.87,42.61,42.79,13363
20211221,43.05,43.29,42.89,43.27,52676
20211222,43.3,43.76,43.3,43.76,8567
20211223,43.91,44.07,43.91,43.98,10200
20211227,44.21,44.49,44.18,44.49,13544
20211228,44.54,44.59,44.38,44.42,21013
20211229,44.48,44.6099,44.4178,44.6008,16156
20211230,44.6,44.65,44.39,44.39,73537
20211231,44.4425,44.48,44.3,44.3,10672
20220103,44.42,44.6,44.21,44.6,56120
20220104,44.73,44.73,44.31,44.52,111750
20220105,44.46,44.59,43.91,43.91,27381
20220106,43.81,43.96,43.645,43.76,24100
20220107,43.71,43.8064,43.58,43.69,8752
20220110,43.42,43.62,43.0583,43.62,11484
20220111,43.4884,43.96,43.4884,43.93,1261281
20220112,44.11,44.13,43.9772,44.04,52999
20220113,44.11,44.15,43.42,43.44,21553
20220114,43.29,43.44,43.124,43.44,78302
20220118,42.925,42.96,42.7101,42.82,13597
20220119,42.98,43.07,42.56,42.56,15615
20220120,42.69,43.0083,42.11,42.16,209072
20220121,41.94,42.08,41.32,41.32,166966
20220124,40.81,41.3,39.81,41.27,664312
20220125,40.79,41.2198,40.3718,40.87,1010057
20220126,41.26,41.5,40.598,40.81,10378
20220127,41.05,41.4387,40.71,40.72,19298
20220128,40.8,41.77,40.49,41.77,12192
20220131,41.77,42.5,41.77,42.5,14332
20220201,42.52,42.7,42.25,42.7,10153
20220202,42.77,43.06,42.641,42.96,64829
20220203,42.61,42.6141,42.25,42.26,9713
20220204,42.175,42.4643,41.9947,42.35,18834
20220207,42.35,42.43,42.03,42.15,12904
20220208,42.09,42.33,42.06,42.33,9236
20220209,42.69,42.81,42.63,42.81,56111
20220210,42.37,42.68,41.94,42.1,10865
20220211,42.09,42.28,41.34,41.34,7684
20220214,41.25,41.34,40.96,41.27,55720
20220215,41.81,41.86,41.6078,41.83,9592
20220216,41.63,41.91,41.49,41.81,11171
20220217,41.3212,41.45,41.16,41.17,83501
20220218,40.99,41.052,40.7,40.88,446167
