Date,Open,High,Low,Close,Volume
20180216,74.84,75.2,74.81,75.05,3998
20180220,74.73,75.25,74.51,74.51,5365
20180221,74.86,75.77,74.79,74.79,3247
20180222,76.53,76.53,74.52,74.59,6764
20180223,75.17,75.27,74.86,75.27,6573
20180226,76.03,76.29,75.73,76.26,21253
20180227,76.42,76.42,75.47,75.47,4217
20180228,75.72,75.72,74.56,74.56,9748
20180301,74.52,74.52,73.16,73.75,32533
20180302,73.13,74.73,73.12,74.73,3165
20180305,74.32,75.38,74.14,75.38,11237
20180306,75.58,75.85,75.39,75.85,7746
20180307,75.1,76.16,75.1,76.16,3038
20180308,76.71,76.71,75.98,76.37,4722
20180309,77.31,77.86,77.31,77.82,3537
20180312,78.2,78.2,77.63,77.84,5123
20180313,78.18,78.19,77.23,77.23,3571
20180314,77.39,77.39,76.82,77.03,3417
20180315,77.16,77.16,76.63,76.72,7462
20180316,76.84,77.07,76.72,77.07,1120
20180319,76.72,76.72,75.47,75.73,3481
20180320,76.74,76.93,76.68,76.77,2553
20180321,76.87,77.33,76.87,76.92,3848
20180322,76.28,76.28,74.91,74.91,3608
20180323,75.01,75.06,73.27,73.27,6236
20180326,74.45,75.38,74.18,75.33,4067
20180327,75.23,75.23,73.31,73.31,4166
20180328,73.39,73.39,72.56,72.81,3543
20180329,73.12,74.59,73.12,74.59,2990
20180402,73.74,73.74,71.6,71.6,8476
20180403,72.59,72.95,72.18,72.95,4120
20180404,72.13,73.81,72.04,73.81,2112
20180405,74.39,74.47,73.94,74.37,3123
20180406,73.64,73.89,72.08,72.62,7574
20180409,73.16,73.82,73.16,73.16,1924
20180410,73.98,74.35,73.58,74.35,917
20180411,74.47,74.67,74.47,74.55,948
20180412,74.81,75.41,74.81,75.39,2927
20180413,74.63,74.8,74.5,74.57,671
20180416,75.34,75.41,75.1,75.41,4045
20180417,75.88,76.7,75.88,76.7,8677
20180418,76.63,77.04,76.58,76.9,2665
20180419,76.44,76.46,75.95,76.09,1806
20180420,76.16,76.16,75.6,75.6,776
20180423,75.92,75.95,75.36,75.36,1979
20180424,75.95,76.1,74.21,74.29,4393
20180425,73.46,74.31,73.46,74.27,2279
20180426,74.91,75.12,74.88,75.12,1663
20180427,74.67,74.89,74.67,74.73,4144
20180430,75.18,75.19,74.3,74.3,5888
20180501,74.19,74.19,73.89,73.89,2220
20180502,74.65,74.65,74.61,74.61,1521
20180503,74.2,74.42,74.2,74.42,1250
20180504,75.06,75.48,75.06,75.48,762
20180507,75.69,76.13,75.66,76.05,5893
20180508,75.9,75.9,75.9,75.9,113
20180509,76.51,76.98,76.44,76.98,823
20180510,77.77,77.79,77.6,77.6,4324
20180511,77.74,77.89,77.65,77.76,1247
20180514,78.11,78.23,77.72,77.72,909
20180515,77.1,77.4,77.1,77.19,1285
20180516,77.68,78.16,77.68,78.15,1648
20180517,78.44,78.44,78.29,78.29,637
20180518,78.23,78.39,78.13,78.37,2797
20180521,78.93,79.04,78.77,78.79,1430
20180522,78.89,78.89,78.6,78.7,1010
20180523,78.3,78.5,78.05,78.5,2097
20180524,78.85,78.86,78.85,78.86,654
20180525,78.73,78.73,78.64,78.64,548
20180529,78.13,78.53,77.82,77.82,3240
20180530,79.06,79.39,79.06,79.39,2771
20180531,79.22,79.37,78.73,78.73,4586
20180601,79.31,79.72,79.19,79.66,10559
20180604,80.04,80.09,79.6,80.07,7638
20180605,80.34,80.59,80.25,80.51,7459
20180606,80.75,81.1,80.57,81.1,7911
20180607,81.27,81.27,80.23,80.68,29382
20180608,80.5,81.04,80.5,80.99,5824
20180611,81.2,81.25,81.05,81.06,6162
20180612,81.21,81.69,81.2,81.42,7912
20180613,81.66,81.74,81.37,81.37,5798
20180614,81.79,81.79,81.42,81.55,11290
20180615,81.24,81.31,81,81.28,12187
20180618,80.9,81.6,80.9,81.6,3999
20180619,80.99,81.25,80.39,81.24,6637
20180620,81.7,81.96,81.7,81.82,4520
20180621,81.92,81.92,80.87,80.87,6602
20180622,80.87,80.87,80.75,80.78,2077
20180625,80.31,80.31,78.42,78.45,5718
20180626,78.98,79.38,78.83,79.27,4435
20180627,79.18,79.73,78.12,78.12,1517
20180628,78.04,78.67,77.57,78.67,5844
20180629,79.05,79.29,78.6,78.6,6971
20180702,78.13,78.98,78.13,78.96,2598
20180703,79.35,79.35,78.73,78.76,4008
20180705,78.95,79.34,78.77,79.31,3247
20180706,79.7,80.26,79.7,80.21,8876
20180709,80.48,80.94,80.43,80.94,3549
20180710,81.26,81.26,80.72,80.77,3537
20180711,80.19,80.59,80.19,80.32,3737
20180712,80.56,80.92,80.44,80.92,1306
20180713,81.18,81.18,80.91,81,4803
20180716,81.08,81.08,80.48,80.48,13630
20180717,80.38,81.37,80.38,81.34,2615
20180718,81.34,81.61,81.02,81.61,2523
20180719,81.62,81.62,81.59,81.6,356
20180720,81.69,81.82,81.6,81.69,3900
20180723,81.39,81.66,81.31,81.64,1667
20180724,82.1,82.1,80.72,80.72,3473
20180725,81.38,81.67,81.38,81.63,1383
20180726,82.08,82.17,81.84,81.97,1436
20180727,82.22,82.22,80.09,80.28,5410
20180730,80.4,80.4,78.88,79.15,11914
20180731,79.35,80.06,79.1,79.83,3056
20180801,79.99,80.09,79.54,79.94,12295
20180802,79.41,80.58,79.41,80.55,3026
20180803,80.72,80.72,80.18,80.32,2007
20180806,80.21,80.94,80.21,80.92,5021
20180807,81.44,81.54,81.34,81.34,5545
20180808,81.21,81.34,81.21,81.34,877
20180809,81.83,81.83,81.45,81.45,1662
20180810,80.89,81.78,80.89,81.55,2118
20180813,81.65,81.74,80.98,80.98,2018
20180814,81.73,81.85,81.73,81.85,442
20180815,81.39,81.39,80.18,80.18,1278
20180816,80.68,81.08,80.68,80.94,979
20180817,81.02,81.19,80.94,81.19,975
20180820,81.49,81.67,81.35,81.67,12940
20180821,81.97,82.44,81.97,82.25,3409
20180822,82.27,82.8,82.27,82.75,2048
20180823,82.85,83.03,82.85,83.03,1470
20180824,83.37,83.7,83.37,83.63,1844
20180827,84.09,84.24,83.99,83.99,3844
20180828,83.94,84.21,83.94,84.21,1026
20180829,84.72,84.78,84.72,84.76,3505
20180830,84.78,84.91,84.51,84.52,9889
20180831,84.68,85.12,84.68,85.12,1132
20180904,85.03,85.23,84.8,85.16,1739
20180905,85.16,85.16,83.6,84.09,5655
20180906,83.52,83.69,83.39,83.55,2921
20180907,83.3,83.92,83.1,83.27,3531
20180910,83.53,83.83,83.53,83.71,1420
20180911,83.76,84.16,83.76,84.05,4012
20180912,84.07,84.07,83.31,83.98,7573
20180913,84.25,84.25,83.98,84.1,1268
20180914,84.25,84.48,83.94,84.2,8850
20180917,84.29,84.29,82.91,82.91,10799
20180918,83.24,83.82,83.24,83.82,7024
20180919,83.4,83.4,82.85,82.85,1444
20180920,83.23,83.44,83.23,83.44,384
20180921,83.84,83.86,83.29,83.29,2175
20180924,83.16,83.73,83.16,83.61,2354
20180925,84,84.29,83.92,84.17,4644
20180926,84.02,84.38,83.79,83.79,2948
20180927,83.94,84.09,83.93,83.93,1470
20180928,84.3,84.41,83.98,84.07,5215
20181001,84.6,84.6,83.63,83.63,1404
20181002,83.85,83.85,82.78,82.78,5382
20181003,83.02,83.55,82.99,83.31,4818
20181004,82.78,82.78,81.64,81.71,4991
20181005,81.97,81.97,80.94,81.38,7148
20181008,81.21,81.23,79.75,80.68,39438
20181009,80.27,81.2,80.27,80.8,2837
20181010,80.45,80.45,77.17,77.17,9025
20181011,76.68,77.76,76.17,76.17,6616
20181012,77.52,77.99,76.36,76.99,5813
20181015,77.11,77.37,76.99,77.1,2224
20181016,77.44,79.4,77.44,79.39,3056
20181017,78.52,78.88,78.52,78.73,2669
20181018,78.73,78.73,77.18,77.67,6460
20181019,77.94,77.94,76.29,76.37,2801
20181022,76.31,76.38,75.88,76.38,2521
20181023,75.18,75.98,74.3,75.98,9192
20181024,75.61,75.61,73.2,73.2,7612
20181025,74,74.56,74,74.36,2430
20181026,73.29,73.61,72.72,73.23,5005
20181029,74.15,74.52,71.43,71.43,5593
20181030,72.36,73.39,72.34,72.97,14160
20181031,75.74,75.74,75.16,75.16,3072
20181101,75.17,76.22,75.14,76.22,54196
20181102,76.84,76.84,75.42,75.83,5244
20181105,75.88,75.88,75.24,75.78,2558
20181106,75.58,76.03,75.58,75.94,4637
20181107,76.75,78.18,76.75,78.17,15011
20181108,78.14,78.28,77.62,77.62,4697
20181109,77.36,77.36,75.79,75.98,4093
20181112,76.17,76.17,74.35,74.38,2169
20181113,73.71,73.74,73.53,73.56,568
20181114,74.45,74.45,72.85,73.31,5321
20181115,72.44,73.86,72.24,73.86,5056
20181116,74,74.3,73.91,74.29,4709
20181119,73.62,73.62,71.6,71.6,2518
20181120,70.14,70.99,69.61,70.01,6563
20181121,70.56,71.29,70.52,71.04,3198
20181123,70.85,71.21,70.85,71.03,1733
20181126,71.47,71.9,71.47,71.9,1698
20181127,71.49,71.8,71.41,71.62,7825
20181128,71.95,74.1,71.88,74.04,8336
20181129,73.91,74.16,73.43,74.16,2095
20181130,74.22,74.55,74.08,74.55,3908
20181203,75.86,75.86,74.95,75.61,4870
20181204,75.31,75.31,73.08,73.14,2427
20181206,71.73,72.81,71.26,72.81,8990
20181207,72.93,72.93,70.45,70.65,5151
20181210,70.74,70.99,69.79,70.95,14866
20181211,71.9,71.91,70.81,71.16,2490
20181212,71.91,72.24,71.9,71.99,1576
20181213,71.5,71.57,70.64,70.64,1181
20181214,70.21,70.21,69.42,69.42,3460
20181217,69.03,69.03,67.43,67.43,3743
20181218,68.09,68.12,67.18,67.18,2020
20181219,67.63,68.33,66.13,66.57,3196
20181220,66.22,66.22,64.66,64.76,4351
20181221,65.5,65.5,63.13,63.28,22624
20181224,63.04,63.04,62.24,62.56,1485
20181226,62.05,64.17,62.05,64.17,6579
20181227,64.66,65.46,63.9,65.46,3641
20181228,65.97,66.34,65.59,65.91,36612
20181231,66.42,66.43,66.08,66.34,4878
20190102,65.68,66.38,65.45,66.03,2211
20190103,65.51,65.51,64.81,64.95,650
20190104,66.33,67.1,66.33,67.1,1153
20190107,67.27,68.8,67.27,68.48,3749
20190108,69.15,69.36,69.15,69.36,410
20190109,69.86,69.99,69.86,69.9,2362
20190110,69.37,70.15,69.37,70.12,12993
20190111,69.89,70.13,69.89,70.13,14745
20190114,69.71,69.71,69.51,69.7,3201
20190115,69.65,70.5,69.65,70.48,3092
20190116,70.8,70.8,70.52,70.74,6323
20190117,70.94,71.35,70.91,71.35,837
20190118,72.09,72.09,71.97,71.97,335
20190122,71.42,71.42,70.84,70.84,1497
20190123,71.55,71.55,70.87,70.93,1252
20190124,71.08,71.13,71.07,71.11,13805
20190125,71.77,71.8,71.66,71.66,806
20190128,71.08,71.08,70.67,71.02,2328
20190129,71.06,71.06,70.75,70.83,3258
20190130,71.26,72.04,71.26,71.83,4709
20190131,73,73,72.76,72.97,1037
20190201,73.29,73.29,72.79,72.98,2633
20190204,73.26,73.58,73.12,73.58,1278
20190205,74.07,74.07,73.73,73.86,1951
20190206,73.81,73.81,73.59,73.74,2416
20190207,73.05,73.36,72.93,73.34,2468
20190208,73.33,73.89,73.33,73.89,5384
20190211,74.35,74.38,74.25,74.32,2332
20190212,74.86,75.23,74.86,75.23,1961
20190213,75.33,75.51,75.07,75.31,2773
20190214,75.15,75.76,75.15,75.76,434
20190215,76.02,76.21,76.02,76.21,862
20190219,76.27,76.45,76.25,76.41,1905
20190220,76.31,76.37,76.26,76.33,1910
20190221,76.08,76.22,75.93,76.18,2933
20190222,76.72,77.03,76.72,76.82,3799
20190225,77.46,77.46,77.38,77.44,6616
20190226,76.87,76.96,76.65,76.96,2064
20190227,77.02,77.02,76.7,76.89,644
20190228,77.32,77.41,77.32,77.36,1508
20190301,77.48,77.57,77.09,77.57,1382
20190304,77.9,77.9,76.17,76.59,1732
20190305,76.71,76.71,76.63,76.71,4246
20190306,76.07,76.07,75.6,75.7,2171
20190307,75.31,75.79,75.31,75.4,3639
20190308,74.81,75.11,74.81,75.08,2467
20190311,75.84,76.53,75.84,76.53,1038
20190312,76.52,76.83,76.52,76.83,1607
20190313,77.28,77.47,77.24,77.25,2841
20190314,76.96,77.12,76.91,77.12,983
20190315,77.4,77.57,77.4,77.46,956
20190318,77.22,77.23,77.04,77.23,2422
20190319,77.56,77.62,77.3,77.53,15659
20190320,77.18,77.18,76.79,76.82,991
20190321,77.48,77.87,77.48,77.87,446
20190322,77.08,77.08,76.56,76.84,1090
20190325,76.27,76.82,76.23,76.47,7944
20190326,77.35,77.44,77.08,77.08,733
20190327,76.59,76.59,75.95,76.5,1334
20190328,77.07,77.07,76.79,76.96,3578
20190329,77.03,77.39,77.03,77.3,2112
20190401,77.69,77.69,77.61,77.61,618
20190402,77.39,77.79,77.39,77.79,2358
20190403,78.26,78.26,77.91,77.93,3855
20190404,77.98,77.98,77.4,77.55,2217
20190405,77.82,78.16,77.82,78.12,1643
20190408,78.07,78.07,77.67,77.95,4529
20190409,77.89,77.89,77.65,77.71,1865
20190410,77.99,78.37,77.99,78.37,1026
20190411,78.24,78.28,78.13,78.13,1801
20190412,78.77,78.77,78.29,78.29,214
20190415,78.31,78.31,78.31,78.31,138
20190416,78.3,78.3,77.68,77.68,1221
20190417,77.1,77.1,76.78,76.78,643
20190418,76.74,76.74,76.25,76.46,1568
20190422,76.54,76.64,76.54,76.64,1641
20190423,77.18,77.85,77.18,77.85,2378
20190424,78.06,78.13,78.04,78.13,395
20190425,77.95,78.12,77.57,78.12,471
20190426,78.19,78.65,78.19,78.62,2179
20190429,78.61,78.71,78.61,78.68,1122
20190430,78.62,78.87,78.62,78.84,1647
20190501,78.81,78.81,78.16,78.16,5956
20190502,78.17,78.43,78.17,78.29,768
20190503,79.03,79.17,79.03,79.17,447
20190506,78.17,78.69,78.17,78.69,320
20190507,78.43,78.43,77.69,77.69,1497
20190508,77.88,78.13,77.88,78.13,931
20190509,76.85,77.79,76.85,77.78,993
20190510,77.49,78.15,77.09,78.15,1410
20190513,76.77,77.03,76.37,76.37,2834
20190514,76.83,77.48,76.83,77.45,2391
20190515,77.41,77.9,77.41,77.9,657
20190516,78.51,78.68,78.35,78.35,445
20190517,77.95,78.21,77.95,77.97,2567
20190520,77.17,77.72,77.1,77.3,17129
20190521,77.94,78.11,77.94,78.09,2220
20190522,77.98,77.99,77.97,77.97,1035
20190523,76.75,76.75,76.62,76.62,425
20190524,77.63,77.63,77.63,77.63,112
20190528,77.5,77.73,77.5,77.73,651
20190529,76.47,76.47,75.98,76.23,7400
20190530,76.69,76.74,76.41,76.61,13913
20190531,76.32,76.38,76.32,76.32,598
20190603,76.24,76.24,75.59,75.59,284
20190604,76.37,76.66,76.26,76.57,6668
20190605,78,78.28,77.74,78.28,633
20190606,78.37,78.4,78.19,78.4,1168
20190607,78.87,79.61,78.85,79.3,6308
20190610,79.5,79.5,79.5,79.5,10
20190611,79.3,79.3,79.3,79.3,727
20190612,79.21,79.5,79.21,79.5,991
20190613,79.7,79.7,79.7,79.7,10
20190614,79.63,79.66,79.32,79.63,4577
20190617,79.95,79.95,79.83,79.83,317
20190618,80.45,80.76,80.45,80.58,2925
20190619,80.58,81.27,80.45,81.27,2383
20190620,82.04,82.05,82.04,82.05,704
20190621,81.67,81.67,81.15,81.26,1121
20190624,80.9,80.97,80.77,80.77,1506
20190625,80.68,80.68,80.25,80.25,8541
20190626,80.08,80.08,79.07,79.11,956
20190627,79.61,80,79.61,79.96,2671
20190628,80.3,80.73,80.17,80.73,1173
20190701,81.33,81.33,81.14,81.22,2480
20190702,81.48,81.6,81.47,81.6,775
20190703,82.42,82.53,82.42,82.53,418
20190705,82.1,82.5,81.67,82.44,1961
20190708,82.17,82.22,82.15,82.2,1615
20190709,82.23,82.29,82.23,82.29,316
20190710,83,83.06,82.97,83.06,1377
20190711,82.9,82.9,82.54,82.54,423
20190712,82.61,83.04,82.61,83,1257
20190715,83.23,83.23,82.9,82.91,7894
20190716,83.06,83.06,82.78,82.81,316
20190717,82.63,82.74,82.63,82.74,316
20190718,82.63,82.96,82.41,82.96,1886
20190719,83.05,83.05,82.96,82.96,605
20190722,82.43,82.46,82.43,82.46,248
20190723,81.93,81.99,81.93,81.99,735
20190724,82.93,82.97,82.93,82.97,623
20190725,82.64,82.64,82.59,82.59,410
20190726,82.96,83.01,82.95,83.01,3327
20190729,83.34,83.34,82.62,82.83,690
20190730,82.41,82.95,82.41,82.93,839
20190731,83.34,83.4,83.34,83.4,538
20190801,82.5,83.14,82.5,82.83,2103
20190802,80.94,80.94,80.94,80.94,112
20190805,78.99,79.05,78.81,78.81,1006
20190806,79.44,79.9,79.22,79.23,1286
20190807,79.23,79.82,79.23,79.82,1889
20190808,81.34,82.18,81.34,82.18,3093
20190809,81.66,81.87,81.66,81.74,449
20190812,81.28,81.28,80.49,80.49,990
20190813,81.48,81.59,81.48,81.58,1249
20190814,80.41,80.41,79.42,79.57,2797
20190815,79.75,79.75,79.65,79.68,418
20190816,80.96,81.06,80.96,81.06,2606
20190819,81.9,81.9,81.9,81.9,190
20190820,81.53,81.53,81.53,81.53,542
20190821,82.14,82.14,82.12,82.12,275
20190822,81.54,82.04,81.39,82.04,1163
20190823,82.02,82.02,80.31,80.31,755
20190826,80.55,80.69,80.55,80.66,1514
20190827,81.28,81.28,80.84,80.84,2415
20190828,80.83,80.83,80.83,80.83,214
20190829,81.36,81.85,81.36,81.85,1103
20190830,82.18,82.18,81.2,81.24,5368
20190903,80.73,80.98,80.73,80.98,2798
20190904,81.33,81.33,81.33,81.33,10
20190905,82.12,82.26,81.68,81.79,1550
20190906,82,82.19,82,82.06,870
20190909,80.95,80.95,80.33,80.33,555
20190910,80.04,80.04,79.18,79.22,2913
20190911,80.37,80.37,80.37,80.37,112
20190912,80.86,80.86,80.73,80.73,1133
20190913,80.79,80.79,80.79,80.79,224
20190916,80.08,80.51,80.08,80.51,1398
20190917,80.48,80.48,80.48,80.48,124
20190918,81.08,81.1,80.32,81.1,672
20190919,81.64,81.64,81.37,81.38,1329
20190920,81.04,81.06,80.76,81,1067
20190923,80.87,80.98,80.87,80.98,443
20190924,80.3,80.3,79.9,79.9,927
20190925,80.16,80.16,80.16,80.16,10
20190926,80.23,80.26,80.07,80.09,1398
20190927,79.44,79.91,78.54,78.59,1957
20190930,79.37,79.48,79.37,79.48,698
20191001,78.36,78.36,78.36,78.36,10
20191002,77.29,77.65,77.17,77.65,906
20191003,77.3,77.85,77.3,77.85,448
20191004,78.79,79.09,78.79,79.09,352
20191007,79.46,79.63,79.46,79.63,370
20191008,78.37,78.37,78.21,78.21,214
20191009,78.87,78.9,78.87,78.9,239
20191010,79.06,79.35,79.06,79.23,405
20191011,80.35,80.39,80.17,80.21,1096
20191014,79.92,79.92,79.69,79.69,801
20191015,80.35,80.35,80.35,80.35,112
20191016,79.75,79.91,79.75,79.85,1330
20191017,80.47,80.56,80.46,80.56,1299
20191018,80.3,80.33,80.13,80.13,724
20191021,80.45,80.47,80.45,80.47,443
20191022,79.48,79.48,79.48,79.48,10
20191023,79.61,79.62,79.42,79.42,624
20191024,79.92,79.92,79.81,79.87,369
20191025,80.13,80.13,80.1,80.1,1014
20191028,80.53,80.62,80.53,80.55,546
20191029,80.96,80.96,80.73,80.73,539
20191030,80.67,80.67,80.61,80.65,418
20191031,80.62,80.67,80.47,80.57,5086
20191101,80.98,81.15,80.85,80.98,1849
20191104,81,81,80.35,80.35,1479
20191105,79.89,80.02,79.79,79.99,2099
20191106,79.98,79.98,79.91,79.94,652
20191107,80.21,80.22,79.81,79.82,1570
20191108,79.95,80.1,79.95,80.1,725
20191111,80.27,80.27,80.27,80.27,519
20191112,80.82,80.82,80.82,80.82,132
20191113,81.24,81.24,81.21,81.24,1497
20191114,81.38,81.47,81.31,81.39,616
20191115,81.86,81.86,81.86,81.86,214
20191118,82.13,82.3,82.13,82.3,4915
20191119,82.47,82.8,82.37,82.76,2723
20191120,82.96,83.2,82.84,82.84,775
20191121,82.53,82.56,82.22,82.31,3064
20191122,82.01,82.01,81.95,81.97,1075
20191125,82.26,82.99,82.26,82.99,238
20191126,83.45,83.64,83.45,83.5,3207
20191127,83.99,83.99,83.99,83.99,341
20191129,83.75,83.75,83.63,83.63,621
20191202,83.55,83.55,82.26,82.43,2905
20191203,82.08,82.26,82.04,82.12,4193
20191204,82.83,83.19,82.83,83.19,1325
20191205,83.03,83.03,83.03,83.03,10
20191206,83.67,83.67,83.45,83.45,1533
20191209,83.45,83.6,83.45,83.6,1257
20191210,83.41,83.41,83.14,83.14,412
20191211,83.04,83.3,83.03,83.3,833
20191212,83.5,83.5,83.12,83.33,1580
20191213,83.48,83.48,83.4,83.4,1437
20191216,84.19,84.47,84.19,84.47,393
20191217,84.05,84.16,84.02,84.16,686
20191218,84.04,84.19,84.01,84.19,4064
20191219,84.59,84.59,84.59,84.59,10
20191220,84.51,84.77,84.51,84.77,814
20191223,85.4,85.5,85.14,85.14,711
20191224,85.29,85.29,85.29,85.29,10
20191226,85.54,85.54,85.34,85.36,835
20191227,85.82,85.82,85.08,85.35,1995
20191230,85.01,85.01,84.73,84.79,3280
20191231,84.87,84.99,84.87,84.99,582
20200102,84.97,84.97,84.88,84.88,547
20200103,84.67,85.39,84.67,85.32,1212
20200106,84.95,85.49,84.95,85.45,3938
20200107,85.64,85.73,85.59,85.62,2104
20200108,85.92,85.92,85.9,85.9,491
20200109,86.07,86.57,86.07,86.25,753
20200110,86.21,86.21,86.08,86.11,405
20200113,86.55,86.99,86.55,86.99,2515
20200114,86.87,87,86.87,86.97,1088
20200115,87.26,87.39,87.26,87.34,813
20200116,88.04,88.07,87.98,88.07,5167
20200117,88.4,88.41,88.4,88.41,212
20200121,88.34,88.34,88.34,88.34,213
20200122,88.68,88.68,88.68,88.68,203
20200123,88.31,88.31,88.15,88.15,264
20200124,88.69,88.69,87.62,87.62,517
20200127,85.95,86.79,85.95,86.6,4217
20200128,87.59,87.59,87.59,87.59,213
20200129,87.68,87.8,87.29,87.72,2159
20200130,87,87.43,86.78,87.43,4314
20200131,86.34,86.34,85.95,85.95,639
20200203,86.39,86.57,86.18,86.55,5104
20200204,88.04,88.08,88.04,88.08,1745
20200205,88.17,88.17,88.14,88.14,330
20200206,88.46,88.46,88.32,88.36,1346
20200207,87.96,87.96,87.52,87.68,516
20200210,87.88,88.62,87.88,88.62,771
20200211,89.19,89.34,88.99,89.18,2989
20200212,89.78,89.86,89.78,89.86,223
20200213,89.59,90.24,89.59,90.24,324
20200214,90.4,90.4,90.11,90.37,794
20200218,89.85,90.16,89.85,90.11,1528
20200219,90.74,91.13,90.72,91.13,5634
20200220,90.9,90.9,90.39,90.39,319
20200221,89.81,89.92,89.31,89.4,4802
20200224,86.65,87.21,86.52,87.17,49281
20200225,87.24,87.24,83.93,84.04,4912
20200226,84.43,84.43,83.54,83.54,1131
20200227,81.42,82.86,81.24,81.24,1722
20200228,77.34,79.28,76.66,79.28,2977
20200302,80.8,82.55,80.05,82.52,7290
20200303,82.48,83.01,80.85,80.85,900
20200304,82.84,84.25,82.84,84.25,3467
20200305,82.02,82.35,81.36,81.45,2920
20200306,78.9,79.26,78.9,79.09,2543
20200309,74.64,76.08,73.77,74.39,4310
20200310,76.4,76.9,73.21,74.78,7054
20200311,72.96,72.96,71.34,71.42,1278
20200312,67.75,67.75,65.47,65.47,2231
20200313,68.78,68.78,64.24,66.41,8021
20200316,63.06,63.06,59.81,59.81,8507
20200317,59.51,63.39,59.51,63.1,7421
20200318,60.92,60.92,56.33,57.08,2997
20200319,57.06,61.22,57.06,60.29,7934
20200320,60.62,61.26,58.9,58.9,12402
20200323,57.69,58.29,55.98,56.16,73001
20200324,60.86,63.06,60.86,63.06,7697
20200325,63.19,66.38,63.02,64.07,8836
20200326,66.79,68.36,66.69,68.32,8552
20200327,65.57,67.87,65.57,65.91,6560
20200330,66.29,68.06,66.29,67.98,6855
20200331,67.69,67.82,66.47,66.58,5198
20200401,63.96,63.98,62.55,62.55,2810
20200402,63.16,63.74,62.45,63,4526
20200403,63.23,63.4,61.28,61.95,4069
20200406,65.02,67.12,65.02,67.12,11269
20200407,69.71,69.71,67.57,67.79,4439
20200408,69.13,70.46,69.07,70.46,9556
20200409,71.47,72.88,71.47,72.2,3736
20200413,70.88,71.2,70.41,71.2,2680
20200414,72.92,73.49,72.92,73.49,726
20200415,70.75,71.76,70.75,71.76,1289
20200416,71.64,72.03,71.15,71.36,2483
20200417,73.57,74.05,73.57,74.01,2452
20200420,73.27,74.37,73.18,73.18,2565
20200421,71.99,71.99,70.75,71.4,1554
20200422,72.98,72.98,72.98,72.98,322
20200423,73.17,73.37,72.88,73.09,2371
20200424,73.71,74.05,73.71,74.05,1864
20200427,74.59,75.78,74.59,75.66,887
20200428,76.2,76.2,75.97,75.97,1866
20200429,77.34,78,77.34,77.56,3167
20200430,77.34,77.34,75.69,75.82,5316
20200501,73.85,73.85,72.93,73.38,11772
20200504,73.12,73.81,73.12,73.32,4696
20200505,75.47,76.52,75.47,75.62,2404
20200506,76.06,76.31,76.06,76.3,1573
20200507,76.33,76.91,76.33,76.83,1318
20200508,77.76,78.11,77.71,77.71,2488
20200511,78.51,79.48,78.51,79.45,1649
20200512,79.33,79.33,78.76,78.76,587
20200513,77.41,77.41,75.04,75.5,1182
20200514,74.5,75.46,74.29,75.44,1371
20200515,76.82,77.13,76.82,77.13,1516
20200518,79.52,79.96,79.38,79.53,3253
20200519,79.74,79.74,79.67,79.67,419
20200520,80.17,80.17,79.81,79.81,561
20200521,79.05,79.59,79.05,79.59,965
20200522,79.56,79.56,79.56,79.56,692
20200526,81.89,81.89,80.74,80.74,806
20200527,78.42,79.79,78.42,79.79,1156
20200528,81.29,82.04,80.9,80.9,1682
20200529,80.63,80.63,80.47,80.47,523
20200601,82.08,82.47,81.94,82.47,2438
20200602,82.49,82.49,81.98,82.3,1184
20200603,83.06,83.13,82.98,83.08,893
20200604,82.68,82.7,82.01,82.1,873
20200605,83.95,83.95,83.27,83.41,1303
20200608,83.43,84.07,83.24,83.92,3233
20200609,84.43,84.43,84.17,84.17,16615
20200610,84.22,84.25,83.79,84.25,2978
20200611,82.13,82.13,80.02,80.02,738
20200612,81.42,81.52,79.05,79.05,619
20200615,79.25,80.86,79.25,80.86,497
20200616,84.49,84.49,83.33,83.33,3675
20200617,83.89,84.14,83.74,84.11,1487
20200618,83.68,83.68,83.68,83.68,30
20200619,83.87,84.15,83.87,84.15,434
20200622,84.01,87.27,83.78,84.87,17076
20200623,85.77,85.77,85.18,85.18,449
20200624,83.97,84.12,82.52,83.08,108946
20200625,83.38,83.86,83.13,83.46,9694
20200626,83.59,83.59,83.45,83.5,510
20200629,83.27,83.27,83.01,83.01,851
20200630,83.95,85.06,83.95,85.06,5003
20200701,85.06,85.55,84.69,85.27,5510
20200702,86.35,86.36,86.33,86.33,1109
20200706,87.08,87.48,86.71,86.8,3195
20200707,87.26,87.59,87.26,87.59,232
20200708,87.31,87.66,87.31,87.32,1365
20200709,88.6,88.6,86.94,88.05,6199
20200710,87.76,87.76,87.76,87.76,165
20200713,89.07,89.45,85.98,85.98,6840
20200714,85.48,86.35,85.48,86.35,616
20200715,88.2,88.2,87.68,87.68,376
20200716,87.75,87.75,87.4,87.4,439
20200717,88.42,89.32,88.32,89.22,665
20200720,89.6,90.94,89.6,90.94,1638
20200721,90.97,91.04,90.35,90.35,7507
20200722,90.76,90.76,90.64,90.73,718
20200723,91.48,91.81,88.93,89.57,3471
20200724,88.93,89,87.53,88.53,799
20200727,89.14,90.41,89.14,90.37,2984
20200728,90.01,90.22,90.01,90.22,1242
20200729,90.26,90.67,90.23,90.67,868
20200730,90.01,91.29,90.01,91.29,1444
20200731,91.01,91.09,89.99,90.47,1651
20200803,92.6,93.24,92.6,93.24,896
20200804,93.27,93.27,93.26,93.26,1209
20200805,93.91,94.04,93.86,94.04,1050
20200806,94.36,94.36,93.87,93.87,400
20200807,93.08,93.08,93.08,93.08,131
20200810,93.82,93.82,93.82,93.82,188
20200811,92.19,92.22,91.55,91.55,2339
20200812,92.02,92.16,91.78,92.16,2356
20200813,92.11,93.44,92.11,92.99,6105
20200814,92.38,92.48,92.28,92.47,584
20200817,93.14,94.3,93.14,94.22,636
20200818,94.42,94.43,93.72,94.36,4427
20200819,94.6,94.87,94.6,94.87,1181
20200820,94.38,94.74,94.38,94.74,1166
20200821,94.27,94.27,94.27,94.27,1040
20200824,94.97,94.97,93.5,93.5,1679
20200825,93.72,93.72,93.56,93.56,1059
20200826,94.95,95.06,94.95,95.03,1040
20200827,94.27,94.61,93.7,94.35,2654
20200828,94.48,94.8,94.41,94.66,5778
20200831,94.7,95.28,94.7,95.26,6802
20200901,95.64,96.22,95.64,96.22,5042
20200902,96.86,96.86,95.24,96.36,14517
20200903,96.6,96.6,91.72,91.76,6008
20200904,92.02,92.02,88.15,91.12,2418
20200908,87.74,89.02,87.74,88.24,4019
20200909,90.11,91.07,90.06,91.07,4648
20200910,90.86,91.6,89.48,89.69,1854
20200911,90.06,90.06,88.5,89,1633
20200914,90.96,91.78,90.96,91.48,1007
20200915,92.64,92.64,92.49,92.56,1123
20200916,93.28,93.28,93.28,93.28,232
20200917,91.66,91.66,90.85,90.85,296
20200918,91.15,91.8,91.15,91.8,4937
20200921,90.01,90.3,89.07,90.06,11726
20200922,91.24,92.5,90.95,92.37,4349
20200923,92.43,92.43,89.75,89.75,1462
20200924,89.76,90.01,88.66,90.01,22936
20200925,89.75,91.6,89.75,91.6,733
20200928,92.94,93.08,92.74,93.05,2771
20200929,93.09,93.94,93.09,93.87,2513
20200930,94.31,94.81,93.45,94.06,8127
20201001,95.07,95.61,94.66,95.59,14356
20201002,93.36,95.38,93.36,94.45,937
20201005,96,97.25,95.93,97.25,3379
20201006,97.35,97.56,96.17,96.65,1791
20201007,97.63,98.54,97.63,98.5,3148
20201008,98.81,98.81,98.76,98.76,636
20201009,99.77,100.12,99.77,100.04,1145
20201012,100.34,101.17,100.34,101.17,4139
20201013,101.06,102.2,100.87,102.04,10855
20201014,100.82,101.21,100.74,101.16,1349
20201015,99.14,101.1,99.14,101.1,7522
20201016,101.66,101.75,101,101,3891
20201019,101.25,101.25,99.24,99.57,5806
20201020,99.55,100.01,99.27,99.36,3198
20201021,98.42,98.5,98.18,98.18,1323
20201022,97.65,98.16,97.02,98.16,1559
20201023,97.86,98.54,97.71,98.54,1660
20201026,97.68,97.68,96.3,96.3,1260
20201027,97.02,97.02,96.95,96.95,525
20201028,95.14,95.14,94.37,94.87,2080
20201029,94.27,95.2,94.27,95.2,1822
20201030,93.59,93.59,91.51,91.51,1382
20201102,93.09,93.58,91.7,91.73,5097
20201103,93.69,94.69,93.58,94.69,1567
20201104,96.29,98.78,96.29,98.46,2402
20201105,100.61,101.33,100.44,101.33,711
20201106,101.44,101.44,100.4,101.35,2604
20201109,102.94,102.94,97.8,97.8,2038
20201110,98.2,98.2,96.57,97.07,1142
20201111,97.79,99.04,97.79,98.82,7580
20201112,99.03,99.68,98.25,98.6,51703
20201113,99.04,99.29,98.73,99.18,6939
20201116,99.57,99.76,99.57,99.76,346
20201117,100.31,100.55,100.31,100.55,960
20201118,101.01,101.01,100.46,100.46,535
20201119,100.63,100.63,100.57,100.57,333
20201120,101.94,101.98,101.6,101.6,1187
20201123,102.13,102.63,102.13,102.63,1196
20201124,102.37,103.07,102.37,102.56,2974
20201125,103.07,103.54,103.06,103.54,2044
20201127,104.82,104.94,104.82,104.82,1293
20201130,104.03,105.34,104.03,105.25,4247
20201201,106.1,106.1,105.18,105.38,7237
20201202,103.47,104.72,103.47,104.54,2029
20201203,105.45,105.86,104.88,105.86,626
20201204,106.25,106.72,106.25,106.72,415
20201207,106.56,107.49,106.56,107.49,2765
20201208,107.49,108.68,107.49,108.68,1154
20201209,108.87,108.92,106.11,106.37,2162
20201210,106.05,108.06,106.05,108.06,1659
20201211,107.46,107.65,107.45,107.65,999
20201214,109.03,109.47,108.46,108.54,5917
20201215,109.56,110.13,109.04,110.03,2355
20201216,110.15,110.62,110.15,110.59,767
20201217,111.79,112.34,111.79,112.23,2846
20201218,112.44,112.95,111.9,111.9,1971
20201221,111.59,113.03,111.25,112.57,4355
20201222,113.76,114.43,113.76,114.41,8143
20201223,115.28,115.28,114.05,114.18,1342
20201224,114.42,114.42,113.63,113.73,398
20201228,114.92,114.92,112.93,112.93,8829
20201229,112.59,112.59,110.43,110.98,9943
20201230,111.24,112.47,111.24,112.34,1362
20201231,111.68,111.74,111.28,111.74,1465
20210104,112.78,112.78,110.02,110.29,10242
20210105,110.01,112.22,110.01,112.22,2428
20210106,112.67,115.18,112.52,114.09,1130
20210107,114.42,117.53,114.42,117.5,5878
20210108,118.04,118.45,116.89,117.65,13797
20210111,116.32,119.31,116.32,117.85,31452
20210112,118.91,119.46,118.91,119.3,4993
20210113,119.03,119.91,119.03,119.22,1128
20210114,120.18,121.28,120.18,120.7,7046
20210115,119.86,119.86,118.53,119.24,4643
20210119,119.71,120.73,119.71,120.73,7866
20210120,121.85,122.09,121.35,121.82,2993
20210121,122.43,122.43,121.33,121.74,5714
20210122,121.24,122.47,121.24,122.47,2835
20210125,123.39,124.57,121.92,122.09,11662
20210126,121.97,122.56,121.97,122.23,11028
20210127,119.74,120.3,117.58,117.62,11824
20210128,118.46,120.26,118.46,120.05,5121
20210129,119.6,119.6,116.91,117.63,11480
20210201,119.7,121.28,119.09,121.24,20896
20210202,123.29,124.04,122.72,123.95,8659
20210203,124.37,124.49,123.19,124.35,7622
20210204,126.14,126.19,125.62,125.97,4452
20210205,127.39,127.66,126.77,127.64,10734
20210208,129.72,130.64,129.67,130.64,34239
20210209,131.19,131.64,130.73,131.23,5835
20210210,132.5,132.5,129.28,130.55,6480
20210211,131.37,131.91,131.17,131.22,1062
20210212,131.35,132.29,131.35,132.09,2610
20210216,133.91,133.91,131.7,132.63,19650
20210217,131.24,131.24,128.41,130.5,6032
20210218,128.94,129.11,127.62,128.94,11935
20210219,130.3,131.98,130.3,130.81,7225
20210222,130.38,130.38,128.59,128.59,3382
20210223,126.19,126.49,120.72,126.49,10259
20210224,125.72,128.1,125.72,128.1,3694
20210225,128.19,128.19,122.9,122.9,10226
20210226,124.3,124.88,123.06,124.24,2350
20210301,126.45,128.91,126.45,128.85,10648
20210302,129.6,129.6,126.69,126.69,4868
20210303,126.57,126.57,123.01,123.19,6486
20210304,122.33,122.33,116.4,117.66,6686
20210305,120.16,120.16,113.64,118.89,8054
20210308,119.51,121.33,118.02,118.02,8968
20210309,121.63,122.99,121.63,122.8,16946
20210310,124.17,124.97,123.44,123.95,2553
20210311,125.83,127.41,125.24,127.41,15001
20210312,127.21,127.27,125.89,126.95,4099
20210315,127.67,128.56,127.39,128.56,4996
20210316,129.34,129.34,125.97,127.26,6612
20210317,125.97,128.2,125.18,128.02,3602
20210318,127.46,127.46,123.56,123.56,3830
20210319,123.73,125.2,122.86,125.11,3410
20210322,125.21,125.89,124.69,125.84,3366
20210323,123.92,124.12,121.02,121.02,12740
20210324,122.78,122.78,118.61,118.61,3108
20210325,116.37,119.7,115.82,119.7,8634
20210326,120.6,121.61,118.8,119.53,1733
20210329,121.68,121.72,118.72,118.91,7900
20210330,118.67,120.78,118.67,120.78,4037
20210331,121.93,123.79,121.89,123.51,4481
20210401,124.87,125.27,124.32,125.1,5277
20210405,127.41,127.41,125.09,125.71,15173
20210406,126.11,126.68,125.82,125.84,10494
20210407,126.1,126.1,124.1,124.1,5550
20210408,124.85,125.66,124.26,125.48,2907
20210409,126.01,126.01,125.33,125.77,2681
20210412,125.34,126.13,125.32,125.79,5964
20210413,125.61,126.17,125.12,126.17,2412
20210414,126.32,128,126.26,126.26,2868
20210415,126.58,127.14,126.38,126.9,4682
20210416,127.95,127.95,126.61,127.07,1178
20210419,127.13,127.13,124.21,124.82,2371
20210420,124.1,124.1,121.25,121.92,1007
20210421,123.75,124.83,123.75,124.83,3383
20210422,126.29,126.29,124.1,124.53,4866
20210423,126.27,127.2,126.27,127.12,2057
20210426,127.77,128.77,127.77,128.72,4707
20210427,129.24,129.31,128.64,129.07,2230
20210428,129.37,129.37,128.43,129.29,7347
20210429,130.05,130.05,127.51,127.79,2251
20210430,127.69,127.75,126.23,126.31,4450
20210503,127.39,127.39,126.62,127.08,2447
20210504,126.36,126.36,123.46,124.52,8729
20210505,125.68,126.39,125.19,126.07,1321
20210506,124.86,125.38,123.3,125.04,5174
20210507,125.6,127.56,118.53,127.56,34561
20210510,126.34,126.64,125,125,6131
20210511,120.58,124.39,120.51,124.39,2515
20210512,122.92,122.92,120.73,120.79,1726
20210513,120.11,121.78,119.69,120.85,5097
20210514,122.79,124.54,122.79,124.54,11432
20210517,124.49,124.64,123.89,124.64,1211
20210518,126.02,126.07,125.53,125.58,1547
20210519,120.68,121.19,120.64,121.19,1121
20210520,123.32,123.55,122.85,123.55,3640
20210521,125.21,125.21,124.63,124.63,1609
20210524,124.81,125.29,124.81,125.15,1644
20210525,125.6,125.77,124.72,124.72,1356
20210526,125.49,126.76,125.49,126.73,10784
20210527,127.57,128.6,127.57,128.53,2932
20210528,129.33,129.33,127.56,128.44,4698
20210601,129.25,129.46,128.8,129.38,11546
20210602,129.02,129.02,128.66,128.68,3236
20210603,127.52,128.32,127.52,128.29,1738
20210604,128.78,129.24,128.65,129.24,3008
20210607,130.05,130.45,129.74,130.35,3277
20210608,129.82,131.33,129.82,131.24,13609
20210609,130.66,130.71,129.71,129.85,43612
20210610,130.38,130.38,129.02,129.02,1523
20210611,129.49,130.18,129.49,130.18,803
20210614,131.16,131.16,128.71,129.02,2794
20210615,128.33,129.06,128.29,128.69,1591
20210616,128.78,128.85,127.69,128.85,6211
20210617,128.76,128.76,126.3,126.53,1227
20210618,124.8,124.8,124.24,124.24,1567
20210621,125.15,127.29,125.15,127.29,4122
20210622,126.78,127.99,126.78,127.96,1615
20210623,129.75,129.75,129.66,129.68,2389
20210624,129.87,130.71,129.74,130.71,1426
20210625,131.19,131.47,131.11,131.45,2779
20210628,130.42,130.45,130.11,130.32,1782
20210629,131.22,131.22,130.24,130.24,2194
20210630,130.42,130.95,130.34,130.75,15093
20210701,131.35,131.82,131.23,131.58,9369
20210702,132.24,132.24,130.88,131.17,1629
20210706,131.4,131.4,128.45,128.45,3226
20210707,129.12,129.12,127.73,128.5,7364
20210708,124.76,127.57,124.67,126.36,7308
20210709,128.28,130.08,128.28,129.93,4431
20210712,130.68,130.9,129.6,130.8,2767
20210713,131.58,131.58,128.86,128.86,7818
20210714,129.03,130.08,127.12,127.19,8863
20210715,126.55,126.55,124.56,125.21,1545
20210716,125.09,125.09,123.31,123.31,2167
20210719,121.8,122.38,119.78,120.99,1261
20210720,123.64,125.37,123.64,125.24,3337
20210721,127.35,128.59,127.35,128.28,1320
20210722,128.74,128.74,126.85,126.85,1377
20210723,128.51,128.51,126.82,127.81,7989
20210726,128.07,128.57,127.89,128.4,9369
20210727,126.76,126.77,125.68,125.77,2915
20210728,128.64,128.89,126.1,128.26,212542
20210729,129.26,130.13,129.26,129.44,34905
20210730,129.06,129.79,127.85,127.85,14832
20210802,128.52,130.33,128.02,128.02,7833
20210803,127.57,129.11,127.12,129.11,2498
20210804,130.22,130.22,127.8,127.8,10562
20210805,129.04,130.17,128.96,129.96,2112
20210806,130.85,131.18,130.85,131,4637
20210809,129.6,131.6,129.6,131.5,18291
20210810,131.41,132.31,131.41,131.94,4052
20210811,133.62,133.62,130.58,131.99,5534
20210812,132.35,132.48,131.46,132.48,3582
20210813,132.13,132.13,130.98,131.03,5347
20210816,130.28,130.28,129.17,130.26,2004
20210817,129.12,129.12,126.38,127.53,5490
20210818,127.01,128.44,127.01,127.18,4906
20210819,125.51,125.51,124.51,124.51,1071
20210820,125.61,126.67,125.61,126.6,6791
20210823,128.52,129.44,128.52,129.33,5516
20210824,130.14,130.91,130.14,130.82,5197
20210825,131.18,132.35,131.18,131.9,6034
20210826,131.35,131.35,130.2,130.38,2445
20210827,131.09,133.64,131.09,133.52,6647
20210830,133.34,133.34,132.73,132.98,3255
20210831,133,133,132.25,132.58,1182
20210901,132.79,133.01,131.86,132.84,4449
20210902,133.74,134.2,133.44,133.44,6163
20210903,133.62,133.62,132.75,133.23,3299
20210907,133.05,133.12,132.47,132.59,5959
20210908,131.52,131.52,130.41,130.75,128192
20210909,132.18,132.35,131.38,131.38,2943
20210910,132.19,132.19,130.42,130.42,3794
20210913,130.85,130.85,130.27,130.41,882
20210914,130.13,130.13,128.7,128.7,825
20210915,129.52,131.08,129.52,130.98,2305
20210916,130.27,131.22,130.2,131.22,1608
20210917,130.4,130.4,129.85,129.85,237
20210920,126.88,127.51,125.12,126.81,7544
20210921,128.01,128.01,126.92,127.13,5294
20210922,128.25,129.73,128.25,129.37,2825
20210923,131.44,132.74,131.44,132.27,2794
20210924,132.07,132.18,131.84,132.08,1582
20210927,132.79,133.27,132.79,133.12,3773
20210928,131.37,131.37,129.94,130.86,5920
20210929,130.1,130.53,129.37,130.02,3727
20210930,129.7,129.99,128.14,128.14,1549
20211001,128.88,129.78,127.2,129.78,3606
20211004,129.23,129.23,128.08,128.31,2379
20211005,129.04,130.62,128.9,130.04,1716
20211006,128.82,128.98,127.45,128.93,6897
20211007,131.73,131.91,131.25,131.25,22610
20211008,131.67,131.67,130.67,130.71,2152
20211011,131.38,131.55,130.42,130.42,1771
20211012,130.01,130.57,129.72,129.72,2697
20211013,130.43,130.43,129.9,130.33,3487
20211014,131.76,132.37,131.76,132.16,1718
20211015,133.23,133.56,133.23,133.26,885
20211018,132.37,133.7,132.37,133.69,3109
20211019,134.16,134.54,133.97,134,5550
20211020,134.4,135.12,134.27,134.86,3658
20211021,135.66,135.66,134.97,135.33,1404
20211022,135.2,135.54,135.19,135.54,3059
20211025,136.08,137.23,136.08,136.96,1098
20211026,137.08,137.53,136.34,136.53,4075
20211027,135.71,135.8,134.21,134.21,5709
20211028,134.19,136.22,134.19,136.22,3897
20211029,136.49,136.75,136.33,136.73,3976
20211101,137.66,138.66,137.41,138.66,4221
20211102,139.47,139.47,138.48,139.13,4856
20211103,139.23,140.82,139.23,140.53,5117
20211104,141.09,142.24,139.77,140.06,4807
20211105,141.32,141.35,140.79,140.79,791
20211108,142.48,142.66,141.95,142.01,3135
20211109,142.22,142.22,140.54,141.32,5261
20211110,141.18,141.18,138.4,139.03,8840
20211111,140.53,140.53,140.22,140.3,4720
20211112,141.79,141.79,140.18,140.68,4335
20211115,141.03,141.03,139.88,139.92,7533
20211116,140.94,141,140.7,140.7,2527
20211117,140.66,140.66,139.04,139.08,4080
20211118,140.02,140.09,138.26,139.2,7952
20211119,138.28,138.53,137.79,137.86,7351
20211122,139.51,139.51,138.52,138.9,2279
20211123,138.58,138.58,136.63,137.69,9957
20211124,137.99,138.12,137.99,138.1,991
20211126,134.49,134.49,133.49,133.79,1120
20211129,136.56,136.56,134.86,135.15,3927
20211130,134.11,134.11,131.14,131.64,6112
20211201,135.34,135.34,129.28,129.69,22601
20211202,130.41,131.79,128.91,131.28,15846
20211203,132.69,132.69,127.33,128.25,13099
20211206,128.58,130.18,127.23,129.51,14324
20211207,132.27,133.88,132.27,132.82,2009
20211208,133.1,134.2,133.1,133.99,7875
20211209,133.3,133.3,131.68,131.86,3651
20211210,131.53,132.04,131.52,132.04,2107
20211213,129.43,130.41,129.43,129.69,3161
20211214,129.18,129.18,128.12,128.99,678
20211215,128.3,130.77,127.03,130.77,4094
20211216,131.5,132.12,128.62,128.82,2917
20211217,128.4,129.09,128.4,128.52,2240
20211220,125.51,126.36,124.39,125.82,7190
20211221,127.78,129.85,127.78,129.83,4276
20211222,130.6,131.22,130.6,131.13,5200
20211223,131.9,132.69,131.9,132.44,1700
20211227,133.28,134.2656,132.8,134.2656,7510
20211228,134.6,135.21,133.4642,133.87,3817
20211229,133.74,133.91,133.129,133.66,4871
20211230,134.08,134.61,133.2768,133.2768,5695
20211231,133.4,133.515,133.1956,133.29,3356
20220103,133.33,134.085,133.05,133.415,5396
20220104,134.32,134.32,133.3654,134.148,3048
20220105,134,134.295,129.96,129.96,11146
20220106,130.33,131.66,128.89,130.81,36678
20220107,131.35,131.35,129.22,129.24,7912
20220110,129.24,129.24,125.72,128.33,16774
20220111,128.32,130.69,127.93,130.69,45422
20220112,132.76,132.76,129.88,130.645,23273
20220113,131.215,131.462,129.1984,130,6922
20220114,127.9799,128.01,127,128.01,2387
20220118,126.21,126.7945,124.47,124.95,32197
20220119,125.12,125.12,123.16,123.16,12425
20220120,122.76,124.6899,120.17,120.17,10402
20220121,119.33,120.24,117.55,117.67,43612
20220124,115,119.175,112.6,119.175,20211
20220125,116.9,119.36,115.75,117.89,13614
20220126,120.59,120.8733,116.35,116.83,34098
20220127,119.2,119.3,115,115.73,26096
20220128,114.919,117.17,114.919,117.17,14355
20220131,119.32,121.216,119.15,121.216,52816
20220201,123.65,123.65,121,122.8835,13623
20220202,123.01,123.725,122.31,123.6543,19518
20220203,122.43,122.43,121.05,121.06,9527
20220204,122.27,122.935,121.13,122.935,8781
20220207,122.77,123.1983,122.21,122.21,5146
20220208,122.072,123.7183,122.072,123.7183,6970
20220209,125.36,126,125.32,125.99,4703
20220210,126.3064,127.09,123.8652,123.9,5825
20220211,124.45,125.05,122,122.57,9463
20220214,122.11,122.155,121.21,121.66,7617
20220215,123.8,124.19,123.8,123.87,3088
20220216,124.08,124.7937,124.06,124.625,2046
20220217,123.0481,123.06,121.5658,121.82,3429
20220218,120.79,122.175,120.7124,120.8985,1710
