Date,Open,High,Low,Close,Volume
20150825,44.18,44.29,44.12,44.23,30515
20150826,44.19,44.43,44.17,44.17,129680
20150827,44.17,44.2,44.14,44.17,32230
20150828,44.25,44.25,44.15,44.16,14853
20150831,44.26,44.26,44.12,44.15,38508
20150901,44.25,44.25,44.11,44.12,48888
20150902,44.11,44.17,44.02,44.03,25083
20150903,44.12,44.21,44.12,44.18,118126
20150904,44.16,44.18,44.12,44.17,27007
20150908,44.11,44.11,44.01,44.03,49468
20150909,43.96,44.06,43.95,44.02,118827
20150910,44.03,44.03,43.96,43.99,67374
20150911,44.04,44.06,44.03,44.05,25446
20150914,44.06,44.06,44.02,44.03,8918
20150915,43.99,43.99,43.84,43.87,19195
20150916,43.92,43.92,43.87,43.88,13433
20150917,43.95,44.08,43.94,44.08,3759
20150918,44.13,44.19,44.11,44.16,17706
20150921,44.07,44.07,44,44.04,50675
20150922,44.18,44.24,44.15,44.21,16253
20150923,44.19,44.24,44.19,44.22,18139
20150924,44.28,44.3,44.21,44.25,25923
20150925,44.26,44.26,44.22,44.26,27541
20150928,44.27,44.33,44.26,44.33,186325
20150929,44.38,44.41,44.35,44.4,33744
20150930,44.39,44.4,44.37,44.39,14282
20151001,44.44,44.44,44.38,44.42,23271
20151002,44.53,44.54,44.48,44.5,17210
20151005,44.49,44.49,44.39,44.46,91573
20151006,44.49,44.51,44.45,44.5,33228
20151007,44.43,44.48,44.4,44.46,36795
20151008,44.5,44.5,44.43,44.45,42827
20151009,44.44,44.45,44.38,44.41,21665
20151012,44.48,44.51,44.44,44.51,11979
20151013,44.52,44.52,44.48,44.5,3700
20151014,44.53,44.59,44.46,44.59,28465
20151015,44.5,44.51,44.44,44.46,35564
20151016,44.52,44.52,44.46,44.46,42530
20151019,44.52,44.52,44.46,44.47,12591
20151020,44.47,44.47,44.45,44.46,12077
20151021,44.54,44.59,44.52,44.57,13866
20151022,44.55,44.57,44.51,44.53,161347
20151023,44.5,44.52,44.47,44.5,132090
20151026,44.61,44.61,44.58,44.6,38728
20151027,44.62,44.64,44.6,44.61,22600
20151028,44.66,44.66,44.56,44.57,23947
20151029,44.63,44.63,44.53,44.55,47675
20151030,44.6,44.62,44.59,44.62,51116
20151102,44.57,44.59,44.54,44.54,36960
20151103,44.58,44.58,44.5,44.51,28053
20151104,44.54,44.59,44.43,44.55,102535
20151105,44.58,44.58,44.51,44.54,25359
20151106,44.33,44.47,44.31,44.38,74442
20151109,44.42,44.43,44.34,44.4,100367
20151110,44.42,44.48,44.36,44.43,46635
20151111,44.4,44.42,44.36,44.41,41160
20151112,44.43,44.48,44.38,44.43,40741
20151113,44.5,44.5,44.42,44.49,21107
20151116,44.55,44.56,44.48,44.53,39938
20151117,44.52,44.57,44.48,44.53,50834
20151118,44.58,44.58,44.52,44.53,63867
20151119,44.59,44.59,44.56,44.57,42784
20151120,44.7,44.7,44.63,44.66,45760
20151123,44.77,44.77,44.66,44.67,106454
20151124,44.71,44.74,44.66,44.73,54307
20151125,44.74,44.8,44.74,44.75,68474
20151127,44.81,44.81,44.77,44.77,34428
20151130,44.78,44.8,44.75,44.78,54840
20151201,44.81,44.91,44.8,44.87,90931
20151202,44.85,44.88,44.79,44.86,26871
20151203,44.82,44.82,44.71,44.74,71583
20151204,44.81,44.84,44.76,44.82,74436
20151207,44.79,44.88,44.71,44.84,45123
20151208,44.95,44.95,44.82,44.86,77794
20151209,44.9,44.92,44.83,44.91,72920
20151210,44.88,44.92,44.82,44.91,76397
20151211,45.07,45.16,45.02,45.13,62407
20151214,45.04,45.04,44.88,44.95,48149
20151215,45,45,44.91,44.96,43664
20151216,44.91,44.97,44.87,44.96,77032
20151217,45.08,45.09,44.99,45.09,295824
20151218,44.99,45.07,44.98,45.07,147511
20151221,45.1,45.1,45.02,45.07,62533
20151222,45.05,45.07,45.03,45.04,71765
20151223,45.07,45.1,45.05,45.1,53304
20151224,45.1,45.22,45.06,45.18,205686
20151228,45.2,45.21,45.14,45.19,241987
20151229,45.23,45.27,45.19,45.24,125500
20151230,45.26,45.3,45.26,45.28,157907
20151231,45.29,45.33,45.28,45.31,66967
20160104,45.37,45.41,45.32,45.36,74670
20160105,45.37,45.47,45.34,45.43,73467
20160106,45.55,45.66,45.51,45.62,121192
20160107,45.65,45.65,45.55,45.59,113537
20160108,45.59,45.63,45.54,45.63,135869
20160111,45.56,45.56,45.42,45.5,102418
20160112,45.55,45.55,45.42,45.48,128812
20160113,45.53,45.55,45.49,45.52,30535
20160114,45.54,45.59,45.48,45.49,69561
20160115,45.56,45.74,45.55,45.56,231355
20160119,45.46,45.55,45.46,45.5,86978
20160120,45.66,45.69,45.59,45.64,113384
20160121,45.7,45.7,45.56,45.6,38284
20160122,45.55,45.6,45.55,45.57,158607
20160125,45.6,45.6,45.51,45.52,71317
20160126,45.51,45.53,45.48,45.49,81030
20160127,45.5,45.51,45.47,45.5,30729
20160128,45.54,45.54,45.5,45.51,74590
20160129,45.61,45.61,45.57,45.58,68134
20160201,45.61,45.61,45.57,45.59,72439
20160202,45.7,45.7,45.65,45.68,97207
20160203,45.72,45.72,45.67,45.69,83839
20160204,45.7,45.73,45.65,45.69,82159
20160205,45.78,45.81,45.7,45.78,58662
20160208,45.76,45.85,45.75,45.81,86363
20160209,45.92,45.92,45.8,45.83,106318
20160210,45.83,45.88,45.8,45.87,220004
20160211,46.03,46.04,45.9,45.96,70096
20160212,45.87,45.98,45.8,45.86,79584
20160216,45.95,45.95,45.81,45.83,80424
20160217,45.74,45.79,45.69,45.76,49649
20160218,45.75,45.85,45.75,45.79,100355
20160219,45.78,45.83,45.75,45.78,125749
20160222,45.79,45.8,45.72,45.73,49670
20160223,45.68,45.76,45.66,45.69,94344
20160224,45.78,45.82,45.66,45.71,47392
20160225,45.8,45.8,45.7,45.75,93882
20160226,45.66,45.66,45.61,45.63,38629
20160229,45.68,45.71,45.66,45.68,218425
20160301,45.77,45.77,45.59,45.63,79554
20160302,45.65,45.65,45.53,45.54,54061
20160303,45.54,45.62,45.46,45.54,194141
20160304,45.56,45.56,45.49,45.51,86402
20160307,45.51,45.51,45.44,45.48,87400
20160308,45.53,45.57,45.5,45.54,43353
20160309,45.47,45.52,45.46,45.47,131053
20160310,45.51,45.52,45.44,45.52,45986
20160311,45.56,45.56,45.45,45.52,93296
20160314,45.62,45.62,45.54,45.56,67624
20160315,45.58,45.58,45.53,45.54,72780
20160316,45.58,45.58,45.49,45.53,49174
20160317,45.63,45.63,45.57,45.57,35802
20160318,45.57,45.67,45.57,45.67,40076
20160321,45.66,45.68,45.63,45.64,78574
20160322,45.69,45.71,45.62,45.63,82521
20160323,45.69,45.71,45.63,45.66,92215
20160324,45.69,45.77,45.63,45.66,67769
20160328,45.71,45.73,45.62,45.69,89020
20160329,45.72,45.78,45.69,45.75,71642
20160330,45.72,45.73,45.67,45.69,85749
20160331,45.81,45.87,45.79,45.81,53640
20160401,45.88,45.9,45.82,45.87,65044
20160404,45.92,45.92,45.88,45.89,142828
20160405,46.01,46.02,45.95,45.99,54705
20160406,46.03,46.03,45.96,45.97,58618
20160407,46.1,46.12,46.06,46.08,180306
20160408,46.09,46.09,46.05,46.09,43681
20160411,46.11,46.11,46.09,46.11,41039
20160412,46.1,46.33,46.07,46.1,69307
20160413,46.2,46.2,46.08,46.09,128532
20160414,46.14,46.14,46.04,46.07,83561
20160415,46.14,46.18,46.09,46.16,142251
20160418,46.16,46.2,46.13,46.14,97581
20160419,46.18,46.18,46.11,46.12,45986
20160420,46.2,46.23,46.06,46.08,51424
20160421,46.11,46.11,46,46.04,46360
20160422,46.16,46.16,46.07,46.13,80867
20160425,46.13,46.15,46.12,46.13,85974
20160426,46.14,46.14,46.08,46.09,102979
20160427,46.1,46.14,46.1,46.12,99124
20160428,46.31,46.31,46.1,46.19,99046
20160429,46.17,46.26,46.12,46.23,94666
20160502,46.27,46.27,46.18,46.19,110782
20160503,46.36,46.36,46.27,46.29,104371
20160504,46.27,46.32,46.26,46.32,97805
20160505,46.34,46.34,46.26,46.33,44329
20160506,46.39,46.39,46.32,46.35,89410
20160509,46.38,46.4,46.32,46.32,106117
20160510,46.37,46.39,46.29,46.31,84966
20160511,46.43,46.43,46.33,46.41,163796
20160512,46.41,46.43,46.39,46.42,70416
20160513,46.45,46.51,46.43,46.49,84022
20160516,46.43,46.44,46.41,46.42,84671
20160517,46.49,46.51,46.41,46.5,74393
20160518,46.51,46.51,46.31,46.33,149527
20160519,46.36,46.43,46.36,46.39,49697
20160520,46.4,46.4,46.37,46.39,75042
20160523,46.36,46.36,46.32,46.34,48628
20160524,46.33,46.33,46.28,46.29,60175
20160525,46.28,46.34,46.28,46.31,76513
20160526,46.34,46.38,46.32,46.34,46752
20160527,46.33,46.35,46.27,46.28,83220
20160531,46.28,46.35,46.26,46.34,76097
20160601,46.42,46.42,46.29,46.31,50940
20160602,46.39,46.42,46.35,46.41,114474
20160603,46.38,46.53,46.38,46.5,123443
20160606,46.43,46.49,46.33,46.45,108675
20160607,46.5,46.5,46.43,46.49,75388
20160608,46.43,46.54,46.43,46.5,46287
20160609,46.6,46.66,46.55,46.65,87949
20160610,46.67,46.75,46.66,46.73,106229
20160613,46.64,46.72,46.64,46.69,73168
20160614,46.77,46.79,46.72,46.79,45732
20160615,46.8,46.87,46.74,46.85,33736
20160616,46.86,46.94,46.86,46.91,138008
20160617,46.91,46.91,46.86,46.88,43239
20160620,46.76,46.82,46.75,46.8,50156
20160621,46.86,46.89,46.77,46.81,100909
20160622,46.84,46.84,46.75,46.75,166072
20160623,46.68,46.68,46.59,46.62,68304
20160624,47.03,47.17,46.96,47.17,169690
20160627,47.19,47.2,47.14,47.19,98669
20160628,47.18,47.19,47.13,47.19,74758
20160629,47.12,47.19,47.06,47.07,105768
20160630,47.12,47.14,47.06,47.13,122918
20160701,47.18,47.22,47.15,47.17,81572
20160705,47.24,47.34,47.17,47.34,130490
20160706,47.34,47.34,47.25,47.28,61891
20160707,47.17,47.25,47.15,47.25,89893
20160708,47.17,47.26,47.15,47.26,70121
20160711,47.24,47.25,47.15,47.15,99753
20160712,47.14,47.15,47.03,47.07,168679
20160713,47.13,47.14,47.06,47.11,104428
20160714,47,47.01,46.95,47.01,92419
20160715,46.91,46.95,46.9,46.93,135483
20160718,46.97,47.02,46.93,46.94,81972
20160719,46.93,46.94,46.91,46.94,113390
20160720,46.93,46.93,46.89,46.91,62429
20160721,46.84,46.91,46.83,46.89,94669
20160722,46.85,46.93,46.83,46.91,95869
20160725,46.91,46.92,46.88,46.9,47722
20160726,46.96,46.96,46.89,46.92,46567
20160727,46.96,47.04,46.94,47.01,108789
20160728,46.99,47.05,46.94,47.04,92399
20160729,47.07,47.14,47.03,47.14,49008
20160801,46.98,47.04,46.93,47.02,48881
20160802,46.91,46.99,46.9,46.95,136619
20160803,47.01,47.01,46.93,47,85672
20160804,47.04,47.17,47.03,47.08,100461
20160805,46.95,46.95,46.9,46.93,107025
20160808,46.93,47.04,46.93,47.01,175288
20160809,47.05,47.08,47.03,47.05,207432
20160810,47.09,47.12,47.05,47.06,91080
20160811,47.08,47.12,46.98,46.99,109420
20160812,47.19,47.19,47.08,47.09,65310
20160815,47.11,47.12,47.07,47.07,80968
20160816,47.19,47.19,47.07,47.07,114364
20160817,47.13,47.17,47.06,47.1,65601
20160818,47.2,47.22,47.15,47.2,192856
20160819,47.13,47.15,47.11,47.14,93363
20160822,47.22,47.23,47.18,47.23,93578
20160823,47.2,47.21,47.17,47.18,88350
20160824,47.21,47.21,47.15,47.18,84474
20160825,47.19,47.2,47.15,47.15,60257
20160826,47.2,47.23,47.1,47.11,118398
20160829,47.21,47.24,47.16,47.22,46777
20160830,47.21,47.21,47.17,47.19,52642
20160831,47.17,47.17,47.13,47.15,69277
20160901,47.12,47.22,47.06,47.06,147422
20160902,47.13,47.13,47.07,47.1,47655
20160906,47.14,47.2,47.11,47.17,125923
20160907,47.12,47.12,47.09,47.1,85070
20160908,47.1,47.12,46.99,47.04,100342
20160909,47.07,47.07,46.91,46.96,185709
20160912,47.04,47.04,46.96,46.97,265076
20160913,46.99,46.99,46.84,46.85,98532
20160914,46.86,46.95,46.85,46.86,222062
20160915,46.85,46.87,46.81,46.85,112385
20160916,46.89,46.89,46.84,46.87,51647
20160919,46.86,46.87,46.85,46.85,43723
20160920,46.86,46.88,46.82,46.83,81982
20160921,46.84,46.88,46.8,46.85,101209
20160922,46.9,47.06,46.89,46.9,87374
20160923,46.89,47.04,46.88,46.93,129453
20160926,46.95,46.99,46.92,46.96,65789
20160927,47.01,47.02,46.98,47.02,67900
20160928,47,47.01,46.96,46.98,135494
20160929,46.97,47.03,46.96,46.99,154080
20160930,46.96,46.98,46.84,46.87,150643
20161003,46.94,46.99,46.88,46.89,53801
20161004,46.91,46.96,46.76,46.78,363723
20161005,46.83,46.87,46.69,46.71,146387
20161006,46.71,46.71,46.63,46.65,158130
20161007,46.69,46.69,46.62,46.68,39974
20161010,46.62,46.65,46.57,46.63,98517
20161011,46.68,46.68,46.57,46.57,154599
20161012,46.57,46.57,46.52,46.54,119550
20161013,46.55,46.55,46.5,46.54,82199
20161014,46.45,46.53,46.45,46.45,81038
20161017,46.45,46.53,46.45,46.52,99283
20161018,46.45,46.49,46.42,46.44,152905
20161019,46.39,46.46,46.39,46.44,75851
20161020,46.51,46.55,46.45,46.5,36713
20161021,46.57,46.6,46.51,46.53,99404
20161024,46.54,46.54,46.4,46.44,117125
20161025,46.46,46.53,46.42,46.49,160837
20161026,46.48,46.48,46.41,46.47,92230
20161027,46.45,46.45,46.31,46.36,72208
20161028,46.39,46.45,46.35,46.45,88646
20161031,46.49,46.52,46.45,46.51,59464
20161101,46.43,46.47,46.38,46.43,82966
20161102,46.52,46.54,46.49,46.52,157889
20161103,46.45,46.55,46.45,46.53,206344
20161104,46.58,46.59,46.54,46.58,99118
20161107,46.45,46.53,46.44,46.47,85142
20161108,46.56,46.59,46.49,46.52,92999
20161109,46.33,46.33,46.05,46.1,367261
20161110,46.22,46.22,45.64,45.77,551120
20161111,45.82,45.86,45.73,45.77,119897
20161114,45.48,45.52,45.03,45.15,879940
20161115,45.29,45.41,45.29,45.39,214880
20161116,45.35,45.37,45.27,45.34,310682
20161117,45.27,45.38,45.23,45.29,204247
20161118,45.24,45.36,45.24,45.29,139680
20161121,45.3,45.41,45.24,45.29,214714
20161122,45.32,45.32,45.15,45.23,257722
20161123,45.14,45.21,45.05,45.07,296337
20161125,45.09,45.15,45.05,45.07,54931
20161128,45.12,45.12,45.01,45.02,173774
20161129,45.02,45.02,44.85,44.88,392541
20161130,44.76,44.76,44.69,44.73,385786
20161201,44.69,44.69,44.53,44.59,673144
20161202,44.47,45.89,44.47,44.75,693440
20161205,44.67,44.81,44.63,44.74,258550
20161206,44.97,45.04,44.86,44.98,316513
20161207,45.22,45.48,45.15,45.34,351589
20161208,45.24,45.34,45.22,45.28,205455
20161209,45.27,45.29,45.2,45.25,252882
20161212,45.28,45.29,45.17,45.22,489937
20161213,45.23,45.23,45.13,45.13,328648
20161214,45.24,45.26,45.08,45.1,353018
20161215,45.22,45.22,44.99,45,418560
20161216,45,45.07,44.93,44.96,566284
20161219,45.01,45.15,44.98,45.07,600906
20161220,45.02,45.18,44.99,45.05,465425
20161221,45.14,45.16,45.04,45.11,443008
20161222,45.09,45.25,45.06,45.22,559959
20161223,45.29,45.29,45.16,45.24,299334
20161227,45.14,45.28,45.14,45.26,767294
20161228,45.2,45.38,45.18,45.36,331696
20161229,45.33,45.38,45.3,45.36,278866
20161230,45.36,45.42,45.34,45.39,348514
20170103,45.31,45.39,45.29,45.33,217941
20170104,45.33,45.52,45.33,45.4,269951
20170105,45.54,45.58,45.48,45.57,400713
20170106,45.51,45.53,45.47,45.52,188034
20170109,45.57,45.64,45.52,45.56,225870
20170110,45.61,45.64,45.58,45.59,276177
20170111,45.68,45.72,45.63,45.69,2417696
20170112,45.72,45.8,45.72,45.79,276951
20170113,45.8,45.84,45.74,45.83,585442
20170117,45.85,45.88,45.84,45.85,130415
20170118,45.78,45.8,45.73,45.76,168876
20170119,45.72,45.73,45.49,45.54,127197
20170120,45.53,45.53,45.42,45.47,212104
20170123,45.48,45.61,45.48,45.52,276999
20170124,45.54,45.54,45.45,45.45,375019
20170125,45.52,45.52,45.42,45.42,209481
20170126,45.48,45.48,45.39,45.41,218467
20170127,45.5,45.5,45.41,45.42,152959
20170130,45.46,45.48,45.33,45.36,313028
20170131,45.42,45.53,45.42,45.5,119616
20170201,45.4,45.46,45.34,45.44,249467
20170202,45.49,45.54,45.44,45.46,96855
20170203,45.54,45.59,45.44,45.49,288790
20170206,45.59,45.62,45.56,45.57,306323
20170207,45.53,45.59,45.53,45.53,298104
20170208,45.64,45.67,45.59,45.62,297562
20170209,45.68,45.68,45.54,45.54,139142
20170210,45.6,45.6,45.53,45.55,145834
20170213,45.57,45.72,45.53,45.62,622589
20170214,45.6,45.63,45.49,45.5,231795
20170215,45.5,45.53,45.4,45.42,172531
20170216,45.49,45.51,45.42,45.44,213864
20170217,45.58,45.58,45.5,45.53,226565
20170221,45.55,45.6,45.54,45.57,150328
20170222,45.66,45.66,45.57,45.63,178323
20170223,45.69,45.72,45.59,45.67,134742
20170224,45.74,45.79,45.71,45.77,346133
20170227,45.77,45.78,45.71,45.72,114305
20170228,45.78,45.79,45.74,45.74,239289
20170301,45.67,45.83,45.58,45.61,183216
20170302,45.6,45.6,45.53,45.56,299077
20170303,45.57,45.57,45.48,45.5,154011
20170306,45.48,45.52,45.48,45.5,101222
20170307,45.5,45.54,45.46,45.48,195260
20170308,45.4,45.52,45.38,45.46,633186
20170309,45.4,45.49,45.35,45.37,517402
20170310,45.47,45.47,45.36,45.38,142164
20170313,45.38,45.41,45.37,45.37,120021
20170314,45.43,45.43,45.38,45.39,232820
20170315,45.42,45.52,45.38,45.46,170178
20170316,45.53,45.55,45.49,45.52,418237
20170317,45.54,45.55,45.51,45.54,194788
20170320,45.54,45.58,45.51,45.56,380359
20170321,45.6,45.67,45.56,45.65,189440
20170322,45.69,45.85,45.69,45.74,356597
20170323,45.75,45.77,45.73,45.76,138965
20170324,45.76,45.87,45.76,45.8,114792
20170327,45.86,45.91,45.83,45.85,183795
20170328,45.86,45.89,45.82,45.85,121958
20170329,45.94,45.97,45.91,45.93,148667
20170330,45.92,45.92,45.84,45.88,174625
20170331,45.88,45.9,45.85,45.88,157444
20170403,45.91,46,45.86,45.96,2784419
20170404,45.93,45.98,45.88,45.93,370187
20170405,45.93,46,45.92,45.99,334415
20170406,46.01,46.02,46,46.01,172847
20170407,46.06,46.08,46,46.02,259860
20170410,46.08,46.1,46.02,46.07,393529
20170411,46.12,46.18,46.09,46.16,169063
20170412,46.14,46.2,46.13,46.18,314736
20170413,46.22,46.23,46.2,46.22,128163
20170417,46.22,46.24,46.2,46.21,166105
20170418,46.26,46.36,46.26,46.32,282505
20170419,46.34,46.35,46.31,46.32,183494
20170420,46.33,46.33,46.25,46.26,297239
20170421,46.32,46.33,46.27,46.28,329916
20170424,46.21,46.24,46.17,46.17,247486
20170425,46.19,46.19,46.09,46.11,202143
20170426,46.12,46.13,46.07,46.12,150534
20170427,46.12,46.14,46.12,46.12,218406
20170428,46.1,46.12,46.07,46.11,164976
20170501,46.1,46.12,46.04,46.06,185945
20170502,46.06,46.1,46.04,46.1,242654
20170503,46.11,46.15,46.1,46.1,313438
20170504,46.07,46.12,46.07,46.1,204730
20170505,46.11,46.15,46.11,46.14,236933
20170508,46.12,46.14,46.1,46.11,158932
20170509,46.12,46.13,46.1,46.11,96901
20170510,46.16,46.19,46.16,46.17,167918
20170511,46.2,46.23,46.19,46.21,225407
20170512,46.24,46.3,46.24,46.29,118240
20170515,46.3,46.3,46.27,46.28,315130
20170516,46.32,46.35,46.3,46.34,271579
20170517,46.46,46.5,46.43,46.49,309343
20170518,46.56,46.59,46.52,46.57,286154
20170519,46.53,46.6,46.53,46.59,336632
20170522,46.55,46.61,46.55,46.58,188142
20170523,46.64,46.69,46.61,46.63,275928
20170524,46.64,46.7,46.62,46.68,339619
20170525,46.7,46.71,46.66,46.69,221526
20170526,46.7,46.71,46.68,46.71,207043
20170530,46.73,46.78,46.72,46.77,347026
20170531,46.79,46.84,46.78,46.83,221027
20170601,46.82,46.83,46.79,46.79,302901
20170602,46.87,46.95,46.86,46.94,452109
20170605,46.91,46.91,46.87,46.87,380245
20170606,46.98,47.01,46.97,46.98,304587
20170607,46.99,46.99,46.94,46.96,283179
20170608,46.97,46.98,46.9,46.9,344170
20170609,46.91,46.91,46.8,46.85,409785
20170612,46.86,46.9,46.79,46.8,298924
20170613,46.86,46.86,46.8,46.81,256880
20170614,46.94,46.96,46.85,46.87,305438
20170615,46.9,46.9,46.84,46.86,203831
20170616,46.87,46.92,46.86,46.91,244947
20170619,46.86,46.89,46.83,46.85,236984
20170620,46.89,46.92,46.86,46.89,188171
20170621,46.88,46.91,46.86,46.88,237229
20170622,46.93,46.93,46.86,46.91,153256
20170623,46.91,46.94,46.88,46.93,175874
20170626,46.94,46.95,46.93,46.94,104888
20170627,46.88,46.89,46.86,46.87,303238
20170628,46.86,46.86,46.8,46.84,243332
20170629,46.79,46.79,46.66,46.68,237551
20170630,46.7,46.73,46.68,46.71,127611
20170703,46.73,46.75,46.68,46.68,96672
20170705,46.69,46.74,46.63,46.73,773589
20170706,46.65,46.65,46.6,46.63,176449
20170707,46.62,46.68,46.62,46.64,133237
20170710,46.67,46.7,46.48,46.65,826140
20170711,46.66,46.68,46.64,46.68,145222
20170712,46.74,46.78,46.71,46.74,179790
20170713,46.74,46.75,46.69,46.73,199253
20170714,46.81,46.84,46.8,46.83,230928
20170717,46.85,46.88,46.83,46.86,230381
20170718,46.95,46.98,46.92,46.98,161188
20170719,46.97,47.01,46.96,46.98,193229
20170720,47.04,47.05,47.02,47.02,291577
20170721,47.08,47.11,47.06,47.07,185919
20170724,47.08,47.09,47.07,47.08,253517
20170725,47.07,47.09,47.04,47.06,263296
20170726,47.05,47.08,47.03,47.04,321537
20170727,47.06,47.09,47.03,47.05,270746
20170728,47.04,47.1,47.04,47.08,146655
20170731,47.06,47.1,47.06,47.1,217835
20170801,47.07,47.14,47.07,47.12,194973
20170802,47.15,47.15,47.09,47.1,386657
20170803,47.15,47.2,47.15,47.19,310915
20170804,47.16,47.18,47.12,47.17,181234
20170807,47.19,47.21,47.18,47.2,275946
20170808,47.19,47.2,47.15,47.18,159059
20170809,47.23,47.27,47.22,47.24,229227
20170810,47.29,47.31,47.26,47.28,417368
20170811,47.29,47.33,47.28,47.3,402055
20170814,47.29,47.32,47.27,47.28,327129
20170815,47.24,47.27,47.24,47.26,294167
20170816,47.24,47.28,47.21,47.25,735942
20170817,47.26,47.28,47.22,47.27,417145
20170818,47.29,47.31,47.27,47.27,128473
20170821,47.3,47.31,47.28,47.31,192631
20170822,47.29,47.33,47.28,47.31,173747
20170823,47.33,47.4,47.32,47.4,266894
20170824,47.34,47.4,47.34,47.36,309242
20170825,47.38,47.42,47.36,47.4,394105
20170828,47.37,47.4,47.35,47.38,350951
20170829,47.45,47.51,47.43,47.45,535615
20170830,47.43,47.49,47.43,47.45,348066
20170831,47.48,47.5,47.45,47.49,220804
20170901,47.48,47.5,47.44,47.48,237776
20170905,47.53,47.59,47.5,47.54,244875
20170906,47.55,47.59,47.52,47.54,306385
20170907,47.58,47.64,47.57,47.6,300202
20170908,47.6,47.62,47.58,47.6,227826
20170911,47.57,47.59,47.52,47.54,300900
20170912,47.54,47.54,47.46,47.46,238522
20170913,47.49,47.49,47.4,47.41,244448
20170914,47.44,47.47,47.41,47.43,148718
20170915,47.46,47.46,47.4,47.41,169586
20170918,47.43,47.43,47.37,47.39,204839
20170919,47.43,47.44,47.37,47.37,203213
20170920,47.39,47.44,47.3,47.33,179832
20170921,47.36,47.4,47.33,47.35,291563
20170922,47.4,47.41,47.37,47.38,235939
20170925,47.39,47.43,47.39,47.41,263225
20170926,47.39,47.45,47.38,47.41,302417
20170927,47.34,47.34,47.26,47.29,296457
20170928,47.26,47.28,47.22,47.27,216655
20170929,47.29,47.29,47.24,47.26,175957
20171002,47.27,47.28,47.23,47.23,320082
20171003,47.23,47.27,47.23,47.25,200696
20171004,47.26,47.3,47.26,47.28,354189
20171005,47.3,47.31,47.28,47.3,240116
20171006,47.25,47.33,47.24,47.33,575073
20171009,47.33,47.34,47.3,47.33,148298
20171010,47.33,47.37,47.32,47.34,219022
20171011,47.36,47.43,47.36,47.4,245072
20171012,47.4,47.43,47.38,47.4,300530
20171013,47.47,47.48,47.43,47.47,237439
20171016,47.45,47.49,47.44,47.47,260321
20171017,47.48,47.55,47.46,47.55,363196
20171018,47.52,47.52,47.5,47.5,155825
20171019,47.55,47.61,47.54,47.55,774299
20171020,47.48,47.48,47.43,47.44,254816
20171023,47.47,47.49,47.43,47.45,294422
20171024,47.41,47.43,47.38,47.42,281103
20171025,47.36,47.36,47.3,47.33,1431586
20171026,47.35,47.35,47.29,47.3,287016
20171027,47.31,47.32,47.3,47.31,192896
20171030,47.35,47.35,47.29,47.33,339674
20171031,47.33,47.34,47.29,47.33,274240
20171101,47.33,47.34,47.32,47.33,246294
20171102,47.35,47.4,47.35,47.39,214669
20171103,47.4,47.44,47.37,47.4,394074
20171106,47.44,47.47,47.44,47.46,358643
20171107,47.48,47.61,47.48,47.59,655609
20171108,47.62,47.64,47.6,47.61,254587
20171109,47.63,47.63,47.55,47.55,534032
20171110,47.44,47.46,47.42,47.43,281615
20171113,47.47,47.47,47.42,47.45,244705
20171114,47.42,47.44,47.41,47.44,202997
20171115,47.49,47.49,47.42,47.45,304124
20171116,47.48,47.48,47.42,47.44,341043
20171117,47.4,47.43,47.37,47.4,216636
20171120,47.38,47.4,47.33,47.36,211784
20171121,47.4,47.4,47.33,47.33,372807
20171122,47.33,47.33,47.22,47.26,384783
20171124,47.17,47.26,47.16,47.25,316327
20171127,47.2,47.24,47.17,47.19,374577
20171128,47.12,47.15,47.1,47.14,338919
20171129,47,47.1,47,47.07,440473
20171130,47.07,47.25,47.06,47.18,665078
20171201,47.18,47.35,47.15,47.29,400109
20171204,47.24,47.35,47.2,47.35,340883
20171205,47.32,47.5,47.32,47.47,324990
20171206,47.55,47.68,47.54,47.67,428304
20171207,47.62,47.67,47.58,47.61,304695
20171208,47.63,47.63,47.27,47.28,571468
20171211,47.38,47.38,47.31,47.31,203251
20171212,47.18,47.33,47.15,47.33,580878
20171213,47.31,47.5,47.31,47.49,532380
20171214,47.49,47.51,47.44,47.48,347484
20171215,47.47,47.47,47.4,47.4,279057
20171218,47.44,47.48,47.39,47.39,301332
20171219,47.33,47.33,47.22,47.26,400151
20171220,47.19,47.2,47.1,47.17,419654
20171221,47.16,47.31,47.15,47.3,477478
20171222,47.22,47.28,47.22,47.24,438219
20171226,47.27,47.38,47.27,47.33,527903
20171227,47.42,47.54,47.42,47.51,347916
20171228,47.52,47.55,47.47,47.5,592653
20171229,47.52,47.55,47.48,47.51,255174
20180102,47.51,47.52,47.44,47.44,410498
20180103,47.47,47.48,47.44,47.45,989204
20180104,47.54,47.54,47.37,47.38,925964
20180105,47.43,47.46,47.38,47.42,350123
20180108,47.49,47.49,47.43,47.44,601823
20180109,47.42,47.44,47.36,47.37,564664
20180110,47.26,47.33,47.22,47.3,516506
20180111,47.31,47.32,47.24,47.29,503310
20180112,47.21,47.24,47.18,47.23,336392
20180116,47.28,47.32,47.25,47.28,507366
20180117,47.31,47.33,47.28,47.29,458247
20180118,47.29,47.32,47.25,47.26,724823
20180119,47.31,47.32,47.24,47.27,532161
20180122,47.32,47.33,47.23,47.26,611682
20180123,47.35,47.35,47.21,47.27,741129
20180124,47.26,47.26,47.16,47.17,567780
20180125,47.2,47.25,47.15,47.24,496113
20180126,47.15,47.18,47.1,47.12,369817
20180129,47.08,47.08,46.99,47.01,523508
20180130,47,47.02,46.93,46.96,503871
20180131,46.97,47.06,46.95,46.96,445889
20180201,46.97,46.97,46.8,46.8,547960
20180202,46.79,46.8,46.69,46.69,1114047
20180205,46.7,46.89,46.67,46.87,650964
20180206,46.88,47.05,46.85,46.86,611899
20180207,46.94,46.97,46.8,46.8,752300
20180208,46.73,46.82,46.72,46.79,540484
20180209,46.73,46.85,46.73,46.75,494112
20180212,46.71,46.85,46.7,46.8,558485
20180213,46.82,46.88,46.78,46.82,615456
20180214,46.76,46.79,46.67,46.67,454921
20180215,46.71,46.77,46.69,46.69,417153
20180216,46.79,46.83,46.76,46.76,339804
20180220,46.76,46.76,46.68,46.73,522775
20180221,46.81,46.81,46.58,46.58,781212
20180222,46.67,46.77,46.6,46.62,1153723
20180223,46.77,46.79,46.73,46.75,271124
20180226,46.83,46.83,46.73,46.74,342257
20180227,46.75,46.76,46.62,46.71,368598
20180228,46.73,46.73,46.67,46.68,398970
20180301,46.75,46.83,46.74,46.81,289850
20180302,46.77,46.81,46.7,46.73,315525
20180305,46.79,46.79,46.69,46.69,400762
20180306,46.77,46.82,46.76,46.77,301138
20180307,46.77,46.8,46.73,46.8,358688
20180308,46.77,46.86,46.77,46.79,469200
20180309,46.74,46.75,46.69,46.74,261187
20180312,46.77,46.78,46.71,46.74,273220
20180313,46.76,46.76,46.69,46.71,292750
20180314,46.7,46.78,46.7,46.75,494784
20180315,46.79,46.8,46.75,46.77,407833
20180316,46.75,46.79,46.73,46.74,265918
20180319,46.7,46.77,46.7,46.75,332946
20180320,46.77,46.77,46.69,46.71,353185
20180321,46.72,46.72,46.65,46.68,410644
20180322,46.8,46.85,46.76,46.76,366791
20180323,46.77,46.79,46.73,46.78,296940
20180326,46.76,46.79,46.71,46.71,341433
20180327,46.79,46.84,46.76,46.84,609846
20180328,46.88,46.89,46.81,46.81,355880
20180329,46.84,46.89,46.82,46.87,337242
20180402,46.81,46.91,46.78,46.88,698677
20180403,46.9,46.9,46.79,46.81,397568
20180404,46.89,46.91,46.75,46.8,537118
20180405,46.81,46.81,46.75,46.78,262027
20180406,46.88,46.88,46.79,46.84,419281
20180409,46.81,46.82,46.77,46.81,270406
20180410,46.81,46.86,46.79,46.84,808023
20180411,46.94,46.94,46.88,46.91,228409
20180412,46.89,46.9,46.82,46.86,418540
20180413,46.87,46.89,46.81,46.88,296762
20180416,46.84,46.89,46.83,46.85,217259
20180417,46.84,46.89,46.84,46.85,346062
20180418,46.86,46.86,46.83,46.84,255443
20180419,46.78,46.8,46.7,46.77,480048
20180420,46.75,46.77,46.74,46.75,318908
20180423,46.75,46.75,46.71,46.72,337906
20180424,46.73,46.73,46.68,46.7,516575
20180425,46.68,46.68,46.55,46.56,690447
20180426,46.6,46.65,46.57,46.62,447366
20180427,46.61,46.68,46.61,46.66,341415
20180430,46.66,46.72,46.64,46.7,360853
20180501,46.71,46.72,46.67,46.71,260497
20180502,46.75,46.8,46.72,46.75,265379
20180503,46.89,46.91,46.85,46.87,320134
20180504,46.89,46.93,46.89,46.89,324962
20180507,46.92,46.93,46.89,46.91,372728
20180508,46.88,46.96,46.87,46.95,624709
20180509,46.92,46.97,46.89,46.92,411033
20180510,46.99,47.02,46.96,47.02,276179
20180511,46.98,47.02,46.98,47,246179
20180514,47.03,47.04,46.99,47.01,320585
20180515,46.9,46.95,46.85,46.88,604165
20180516,46.94,46.94,46.88,46.9,411865
20180517,46.9,46.9,46.85,46.87,408497
20180518,46.87,46.91,46.86,46.89,532049
20180521,46.82,46.87,46.82,46.85,313465
20180522,46.89,46.91,46.87,46.87,430871
20180523,47,47,46.95,46.98,630699
20180524,47.05,47.1,46.99,47.06,251842
20180525,47.09,47.18,47.08,47.16,1570357
20180529,47.24,47.34,47.24,47.3,5277095
20180530,47.17,47.22,47.16,47.19,540006
20180531,47.3,47.31,47.24,47.24,3043019
20180601,47.13,47.21,47.13,47.18,539924
20180604,47.21,47.24,47.13,47.17,3414525
20180605,47.25,47.25,47.18,47.24,420462
20180606,47.25,47.25,47.15,47.19,1049598
20180607,47.13,47.24,47.13,47.19,304088
20180608,47.17,47.23,47.17,47.2,415425
20180611,47.18,47.2,47.14,47.17,354638
20180612,47.15,47.22,47.12,47.16,426116
20180613,47.14,47.2,47.11,47.11,395456
20180614,47.2,47.21,47.15,47.2,358289
20180615,47.23,47.23,47.18,47.2,407638
20180618,47.22,47.22,47.18,47.21,365546
20180619,47.33,47.33,47.26,47.29,323760
20180620,47.22,47.26,47.22,47.22,521334
20180621,47.26,47.3,47.23,47.28,332985
20180622,47.21,47.26,47.2,47.24,300268
20180625,47.25,47.31,47.25,47.27,395790
20180626,47.24,47.27,47.24,47.25,264424
20180627,47.29,47.32,47.29,47.29,311487
20180628,47.3,47.31,47.24,47.24,282220
20180629,47.29,47.32,47.25,47.29,508946
20180702,47.3,47.31,47.27,47.28,433310
20180703,47.26,47.4,47.26,47.37,191713
20180705,47.37,47.4,47.33,47.33,429296
20180706,47.43,47.44,47.38,47.44,337827
20180709,47.35,47.4,47.35,47.38,358036
20180710,47.35,47.4,47.35,47.39,272950
20180711,47.42,47.48,47.42,47.48,255927
20180712,47.47,47.47,47.43,47.47,220253
20180713,47.48,47.51,47.46,47.5,295218
20180716,47.45,47.46,47.38,47.42,306876
20180717,47.48,47.48,47.43,47.45,338449
20180718,47.48,47.51,47.45,47.51,245153
20180719,47.52,47.56,47.51,47.56,335021
20180720,47.5,47.53,47.46,47.49,419446
20180723,47.52,47.52,47.4,47.4,434642
20180724,47.44,47.44,47.4,47.42,252830
20180725,47.49,47.49,47.41,47.42,397328
20180726,47.47,47.47,47.35,47.35,594560
20180727,47.39,47.42,47.36,47.36,248654
20180730,47.38,47.38,47.33,47.36,338015
20180731,47.42,47.43,47.37,47.42,244728
20180801,47.34,47.37,47.31,47.34,476830
20180802,47.34,47.4,47.33,47.4,414752
20180803,47.4,47.4,47.35,47.35,502482
20180806,47.38,47.4,47.36,47.39,437919
20180807,47.37,47.38,47.31,47.32,481984
20180808,47.35,47.38,47.35,47.37,453833
20180809,47.4,47.41,47.36,47.41,366855
20180810,47.4,47.44,47.38,47.42,247784
20180813,47.41,47.45,47.41,47.45,274591
20180814,47.42,47.45,47.42,47.44,371881
20180815,47.5,47.53,47.47,47.47,487475
20180816,47.5,47.5,47.45,47.48,352371
20180817,47.48,47.5,47.46,47.47,207760
20180820,47.54,47.54,47.5,47.52,506298
20180821,47.5,47.51,47.46,47.5,220295
20180822,47.54,47.54,47.51,47.52,304799
20180823,47.51,47.53,47.47,47.5,276492
20180824,47.48,47.53,47.47,47.51,542913
20180827,47.53,47.53,47.49,47.5,565504
20180828,47.5,47.5,47.46,47.47,450057
20180829,47.48,47.5,47.47,47.47,486780
20180830,47.51,47.51,47.48,47.49,544340
20180831,47.52,47.52,47.49,47.49,207698
20180904,47.45,47.45,47.41,47.41,520502
20180905,47.45,47.45,47.39,47.42,728388
20180906,47.46,47.46,47.41,47.41,351503
20180907,47.35,47.35,47.26,47.29,1161533
20180910,47.29,47.33,47.28,47.3,513432
20180911,47.3,47.32,47.26,47.29,629475
20180912,47.31,47.32,47.27,47.28,436686
20180913,47.32,47.32,47.28,47.31,412559
20180914,47.25,47.3,47.24,47.25,554226
20180917,47.24,47.27,47.24,47.27,672364
20180918,47.23,47.25,47.17,47.18,784985
20180919,47.16,47.19,47.13,47.15,1594693
20180920,47.12,47.15,47.07,47.09,1052481
20180921,47.1,47.18,47.08,47.12,573126
20180924,47.13,47.13,47.07,47.09,1454064
20180925,47.04,47.06,46.99,47,1918424
20180926,47.11,47.13,47.03,47.12,783243
20180927,47.11,47.17,47.08,47.13,467998
20180928,47.17,47.19,47.13,47.14,490045
20181001,47.11,47.14,47.09,47.1,510937
20181002,47.15,47.17,47.12,47.13,797990
20181003,47.14,47.14,46.97,46.97,882354
20181004,46.96,46.96,46.9,46.93,2244565
20181005,46.93,46.93,46.8,46.81,2007320
20181008,46.87,46.91,46.83,46.83,1555060
20181009,46.95,46.95,46.82,46.85,1267868
20181010,46.77,46.79,46.73,46.76,1853376
20181011,46.85,46.87,46.81,46.84,727572
20181012,46.78,46.83,46.76,46.77,676131
20181015,46.78,46.79,46.73,46.74,1450882
20181016,46.78,46.83,46.78,46.79,1689106
20181017,46.79,46.81,46.75,46.75,481293
20181018,46.75,46.86,46.74,46.85,648893
20181019,46.79,46.85,46.79,46.81,659955
20181022,46.83,46.86,46.79,46.82,934732
20181023,46.95,46.96,46.89,46.91,584414
20181024,46.93,46.99,46.9,46.97,387970
20181025,46.96,46.97,46.91,46.97,679945
20181026,46.97,47.02,46.97,47.01,625592
20181029,46.99,47.01,46.95,47,687591
20181030,46.96,46.97,46.92,46.93,1164024
20181031,46.93,46.93,46.83,46.89,1915630
20181101,46.86,46.88,46.82,46.83,1602366
20181102,46.82,46.83,46.7,46.71,1575517
20181105,46.73,46.79,46.73,46.78,1693400
20181106,46.77,46.79,46.72,46.73,1025297
20181107,46.84,46.88,46.74,46.8,1362819
20181108,46.85,46.86,46.8,46.82,816156
20181109,46.84,46.92,46.84,46.9,1298669
20181112,46.89,46.98,46.89,46.97,719592
20181113,46.93,47.01,46.93,46.97,1085146
20181114,46.89,47.03,46.89,47,1121814
20181115,47.04,47.04,46.98,47.04,811403
20181116,47.03,47.11,47.03,47.11,677800
20181119,47.09,47.13,47.05,47.13,1239755
20181120,47.17,47.19,47.12,47.15,730556
20181121,47.17,47.19,47.13,47.17,936231
20181123,47.2,47.23,47.19,47.2,221149
20181126,47.19,47.2,47.15,47.2,507667
20181127,47.15,47.21,47.15,47.19,767613
20181128,47.19,47.25,47.18,47.22,542929
20181129,47.31,47.35,47.29,47.33,677207
20181130,47.38,47.4,47.34,47.34,1298928
20181203,47.34,47.43,47.31,47.43,635113
20181204,47.49,47.62,47.49,47.56,1674488
20181206,47.62,47.72,47.62,47.65,1032808
20181207,47.61,47.73,47.61,47.67,826552
20181210,47.66,47.76,47.66,47.71,712553
20181211,47.68,47.71,47.6,47.65,1277649
20181212,47.66,47.66,47.6,47.64,914273
20181213,47.67,47.67,47.62,47.62,928917
20181214,47.65,47.67,47.63,47.67,513687
20181217,47.6,47.68,47.6,47.66,861670
20181218,47.69,47.77,47.67,47.76,1330588
20181219,47.79,47.88,47.75,47.86,1792588
20181220,47.87,47.89,47.83,47.84,1753126
20181221,47.83,47.92,47.83,47.89,821291
20181224,47.92,47.97,47.88,47.92,549975
20181226,47.92,47.96,47.79,47.81,1100913
20181227,47.93,48,47.89,47.91,1099717
20181228,47.97,48.03,47.93,48,1072499
20181231,48.01,48.03,47.95,48.02,861160
20190102,48.03,48.03,47.96,48.02,886988
20190103,48.05,48.16,48.01,48.14,433500
20190104,48.08,48.08,47.95,48.01,1240020
20190107,48.15,48.15,48.06,48.06,820256
20190108,48.09,48.11,48,48.02,585676
20190109,48.05,48.05,47.84,48,472716
20190110,47.94,48.01,47.94,48,427541
20190111,48.07,48.08,48.04,48.06,292997
20190114,48.07,48.12,48.06,48.08,492732
20190115,48.12,48.12,48.04,48.04,355500
20190116,48.08,48.12,48.06,48.11,510716
20190117,48.11,48.13,48.06,48.07,441548
20190118,48.14,48.15,48.07,48.07,700746
20190122,48.15,48.15,48.06,48.1,591407
20190123,48.05,48.09,48.04,48.06,559633
20190124,48.09,48.11,48.04,48.1,505031
20190125,48.09,48.09,48.03,48.05,380120
20190128,48.09,48.11,48.07,48.09,384671
20190129,48.14,48.16,48.09,48.15,335043
20190130,48.15,48.17,48.08,48.14,599937
20190131,48.2,48.29,48.19,48.26,566936
20190201,48.28,48.28,48.17,48.21,1261045
20190204,48.17,48.28,48.17,48.26,661265
20190205,48.26,48.29,48.22,48.28,831788
20190206,48.26,48.31,48.25,48.28,574921
20190207,48.35,48.41,48.32,48.4,436413
20190208,48.42,48.45,48.38,48.43,1098681
20190211,48.43,48.45,48.41,48.43,610951
20190212,48.39,48.45,48.39,48.42,850842
20190213,48.41,48.41,48.36,48.37,373323
20190214,48.45,48.48,48.41,48.42,574019
20190215,48.42,48.45,48.39,48.43,443148
20190219,48.46,48.49,48.45,48.48,426946
20190220,48.49,48.53,48.48,48.52,573238
20190221,48.47,48.48,48.46,48.47,421426
20190222,48.49,48.54,48.48,48.53,461496
20190225,48.48,48.53,48.48,48.48,771989
20190226,48.54,48.65,48.54,48.59,551685
20190227,48.56,48.57,48.52,48.52,575821
20190228,48.58,48.58,48.49,48.52,303804
20190301,48.51,48.55,48.47,48.48,426913
20190304,48.5,48.55,48.5,48.54,440786
20190305,48.52,48.56,48.5,48.53,514689
20190306,48.56,48.61,48.55,48.6,451440
20190307,48.65,48.71,48.65,48.67,700957
20190308,48.74,48.74,48.68,48.73,353704
20190311,48.73,48.73,48.68,48.71,323477
20190312,48.72,48.77,48.71,48.74,450918
20190313,48.73,48.76,48.72,48.74,641571
20190314,48.73,48.73,48.68,48.71,473662
20190315,48.75,48.8,48.74,48.79,624115
20190318,48.79,48.82,48.76,48.76,629686
20190319,48.75,48.83,48.74,48.8,465304
20190320,48.81,48.9,48.81,48.86,689493
20190321,48.95,48.97,48.9,48.91,371473
20190322,49.05,49.13,49.05,49.12,556909
20190325,49.1,49.2,49.08,49.17,349168
20190326,49.17,49.21,49.16,49.21,444863
20190327,49.23,49.29,49.21,49.26,525206
20190328,49.28,49.31,49.24,49.31,588757
20190329,49.21,49.32,49.21,49.25,590435
20190401,49.2,49.21,49.11,49.21,1609243
20190402,49.16,49.22,49.16,49.22,337341
20190403,49.14,49.18,49.12,49.14,451389
20190404,49.14,49.17,49.12,49.17,271637
20190405,49.15,49.18,49.13,49.16,508618
20190408,49.16,49.17,49.13,49.15,462598
20190409,49.18,49.19,49.15,49.18,682688
20190410,49.18,49.22,49.18,49.19,372067
20190411,49.21,49.23,49.19,49.19,453266
20190412,49.17,49.17,49.15,49.15,416616
20190415,49.18,49.2,49.17,49.18,464825
20190416,49.17,49.21,49.16,49.21,645191
20190417,49.19,49.21,49.17,49.17,442071
20190418,49.19,49.23,49.17,49.22,536223
20190422,49.19,49.23,49.16,49.22,656535
20190423,49.24,49.28,49.21,49.26,597056
20190424,49.36,49.37,49.33,49.36,528843
20190425,49.36,49.39,49.35,49.35,559218
20190426,49.43,49.5,49.41,49.46,600201
20190429,49.42,49.48,49.42,49.45,416511
20190430,49.5,49.52,49.45,49.47,585086
20190501,49.51,49.56,49.49,49.49,529982
20190502,49.52,49.56,49.47,49.5,658477
20190503,49.55,49.57,49.52,49.56,348397
20190506,49.66,49.66,49.61,49.61,466302
20190507,49.67,49.71,49.64,49.68,458365
20190508,49.71,49.73,49.65,49.65,576890
20190509,49.77,49.78,49.74,49.77,381635
20190510,49.74,49.81,49.74,49.77,327307
20190513,49.87,49.89,49.84,49.86,692413
20190514,49.88,49.9,49.87,49.87,464408
20190515,49.94,49.97,49.93,49.96,260783
20190516,49.94,49.97,49.93,49.96,458745
20190517,50.01,50.01,49.97,49.98,355720
20190520,49.98,50,49.96,49.97,413979
20190521,49.96,49.96,49.91,49.91,783780
20190522,49.91,49.94,49.89,49.92,690346
20190523,49.94,50.01,49.94,49.97,509665
20190524,49.99,50.04,49.97,50.02,364972
20190528,50.06,50.06,50.02,50.02,363621
20190529,50.12,50.12,50.08,50.08,688241
20190530,50.09,50.14,50.05,50.1,384490
20190531,50.22,50.26,50.19,50.2,374457
20190603,50.27,50.3,50.24,50.28,454650
20190604,50.27,50.28,50.24,50.26,799830
20190605,50.25,50.27,50.22,50.23,429920
20190606,50.26,50.29,50.22,50.22,353281
20190607,50.33,50.34,50.29,50.32,405331
20190610,50.3,50.3,50.23,50.23,452816
20190611,50.24,50.26,50.23,50.25,376163
20190612,50.22,50.27,50.22,50.26,378785
20190613,50.24,50.27,50.23,50.24,353291
20190614,50.24,50.26,50.2,50.26,347187
20190617,50.22,50.3,50.22,50.27,871345
20190618,50.36,50.37,50.28,50.31,485566
20190619,50.27,50.32,50.24,50.31,432995
20190620,50.34,50.37,50.33,50.36,301140
20190621,50.34,50.34,50.3,50.32,415967
20190624,50.38,50.41,50.35,50.35,790621
20190625,50.39,50.41,50.36,50.37,380594
20190626,50.36,50.4,50.34,50.35,335184
20190627,50.41,50.43,50.38,50.41,294592
20190628,50.41,50.42,50.4,50.41,346326
20190701,50.41,50.43,50.37,50.39,697220
20190702,50.44,50.5,50.4,50.45,742864
20190703,50.49,50.51,50.47,50.5,241191
20190705,50.44,50.47,50.41,50.43,387797
20190708,50.46,50.49,50.45,50.47,405520
20190709,50.51,50.56,50.48,50.55,696321
20190710,50.58,50.61,50.55,50.58,616402
20190711,50.57,50.58,50.46,50.46,514249
20190712,50.54,50.58,50.51,50.55,316712
20190715,50.57,50.59,50.55,50.57,360402
20190716,50.55,50.59,50.54,50.56,410226
20190717,50.59,50.66,50.59,50.62,902507
20190718,50.63,50.68,50.62,50.67,556333
20190719,50.67,50.69,50.66,50.66,671974
20190722,50.66,50.67,50.66,50.66,319432
20190723,50.64,50.7,50.64,50.65,344504
20190724,50.72,50.74,50.69,50.73,376012
20190725,50.73,50.75,50.71,50.74,965539
20190726,50.75,50.78,50.73,50.76,629559
20190729,50.77,50.78,50.74,50.77,383795
20190730,50.78,50.81,50.75,50.8,415484
20190731,50.8,50.86,50.78,50.86,564157
20190801,50.85,50.99,50.85,50.93,723542
20190802,51.01,51.01,50.98,51,365162
20190805,51.12,51.17,51.09,51.11,762314
20190806,51.16,51.2,51.14,51.19,417150
20190807,51.33,51.35,51.25,51.25,1234048
20190808,51.3,51.35,51.26,51.33,789534
20190809,51.32,51.35,51.27,51.32,581454
20190812,51.41,51.47,51.39,51.44,426689
20190813,51.43,51.43,51.34,51.39,607026
20190814,51.58,51.61,51.54,51.56,694439
20190815,51.55,51.66,51.55,51.65,469540
20190816,51.6,51.61,51.58,51.59,587973
20190819,51.51,51.56,51.46,51.51,430802
20190820,51.6,51.61,51.56,51.56,438301
20190821,51.52,51.55,51.49,51.49,404951
20190822,51.51,51.52,51.47,51.47,284766
20190823,51.51,51.68,51.45,51.62,660136
20190826,51.57,51.57,51.48,51.49,444627
20190827,51.57,51.57,51.53,51.56,324597
20190828,51.6,51.63,51.59,51.6,494043
20190829,51.61,51.62,51.57,51.62,378449
20190830,51.6,51.62,51.58,51.6,368603
20190903,51.58,51.66,51.57,51.61,510475
20190904,51.62,51.65,51.59,51.59,410572
20190905,51.56,51.56,51.43,51.5,586220
20190906,51.51,51.51,51.45,51.47,408522
20190909,51.37,51.37,51.31,51.32,500294
20190910,51.31,51.33,51.24,51.28,705684
20190911,51.21,51.22,51.13,51.13,516420
20190912,51.13,51.17,51.04,51.1,453991
20190913,51.02,51.02,50.88,50.88,454172
20190916,50.91,50.93,50.83,50.83,360906
20190917,50.88,50.92,50.86,50.88,373698
20190918,50.92,51,50.9,50.99,373556
20190919,51.04,51.06,51.01,51.02,686093
20190920,51.07,51.17,51.02,51.17,455989
20190923,51.21,51.24,51.18,51.18,540355
20190924,51.26,51.29,51.22,51.28,431895
20190925,51.27,51.29,51.14,51.16,473117
20190926,51.21,51.23,51.14,51.21,324969
20190927,51.2,51.23,51.18,51.21,274011
20190930,51.21,51.24,51.16,51.24,415495
20191001,51.12,51.27,51.1,51.25,787738
20191002,51.27,51.34,51.26,51.34,404947
20191003,51.38,51.47,51.35,51.46,410281
20191004,51.45,51.47,51.42,51.46,380366
20191007,51.43,51.46,51.4,51.41,369750
20191008,51.48,51.56,51.46,51.56,403434
20191009,51.56,51.57,51.52,51.52,354213
20191010,51.54,51.54,51.47,51.49,378911
20191011,51.43,51.43,51.32,51.38,499941
20191014,51.43,51.46,51.36,51.42,272498
20191015,51.43,51.43,51.32,51.33,327077
20191016,51.36,51.36,51.3,51.33,991168
20191017,51.27,51.29,51.22,51.25,364742
20191018,51.27,51.27,51.23,51.24,668811
20191021,51.21,51.22,51.16,51.18,467239
20191022,51.18,51.18,51.14,51.17,344554
20191023,51.19,51.21,51.16,51.16,599989
20191024,51.13,51.18,51.13,51.17,506286
20191025,51.18,51.19,51.13,51.18,384622
20191028,51.17,51.17,51.1,51.14,851569
20191029,51.17,51.17,51.11,51.12,392465
20191030,51.15,51.22,51.13,51.16,528722
20191031,51.3,51.35,51.26,51.31,1197291
20191101,51.35,51.35,51.28,51.28,845301
20191104,51.31,51.31,51.26,51.28,600676
20191105,51.22,51.24,51.17,51.18,1037613
20191106,51.25,51.25,51.19,51.19,717246
20191107,51.12,51.13,51.02,51.04,626807
20191108,51.05,51.07,50.95,51.01,1012732
20191111,51.05,51.05,51.01,51.02,401159
20191112,51.02,51.04,50.99,51.02,385253
20191113,51.08,51.16,51.05,51.11,932464
20191114,51.17,51.2,51.13,51.16,1149641
20191115,51.17,51.19,51.15,51.17,444184
20191118,51.21,51.21,51.14,51.17,1363095
20191119,51.2,51.23,51.18,51.22,870223
20191120,51.3,51.32,51.28,51.28,630632
20191121,51.25,51.29,51.24,51.28,511278
20191122,51.32,51.32,51.29,51.29,433435
20191125,51.32,51.36,51.32,51.34,641318
20191126,51.4,51.4,51.35,51.37,746187
20191127,51.4,51.4,51.36,51.4,1615484
20191129,51.42,51.42,51.37,51.38,1245068
20191202,51.41,51.41,51.27,51.31,811830
20191203,51.43,51.47,51.36,51.42,1200796
20191204,51.46,51.46,51.35,51.41,545822
20191205,51.42,51.45,51.36,51.41,796529
20191206,51.41,51.44,51.35,51.37,663075
20191209,51.46,51.46,51.37,51.39,504035
20191210,51.46,51.47,51.42,51.42,544792
20191211,51.49,51.53,51.46,51.53,591065
20191212,51.53,51.57,51.35,51.36,782051
20191213,51.47,51.52,51.41,51.5,640642
20191216,51.49,51.49,51.45,51.49,707245
20191217,51.5,51.53,51.46,51.47,835873
20191218,51.52,51.53,51.47,51.52,970266
20191219,51.5,51.54,51.42,51.52,1267854
20191220,51.48,51.51,51.44,51.5,1107502
20191223,51.51,51.53,51.49,51.51,972610
20191224,51.54,51.56,51.51,51.55,1021055
20191226,51.51,51.57,51.5,51.56,570236
20191227,51.55,51.62,51.55,51.58,596227
20191230,51.57,51.61,51.54,51.58,1976354
20191231,51.55,51.59,51.53,51.54,948401
20200102,51.59,51.61,51.56,51.6,699414
20200103,51.71,51.78,51.7,51.78,926439
20200106,51.82,51.82,51.76,51.79,867100
20200107,51.84,51.87,51.83,51.86,629807
20200108,51.9,51.91,51.84,51.87,940895
20200109,51.87,51.91,51.85,51.9,941972
20200110,51.91,51.92,51.89,51.9,1079572
20200113,51.9,51.93,51.89,51.92,1029738
20200114,51.94,51.97,51.92,51.96,629193
20200115,52.03,52.04,52,52.01,1317993
20200116,52.07,52.09,52.04,52.08,1222367
20200117,52.08,52.09,52.01,52.04,605762
20200121,52.09,52.13,52.06,52.12,799676
20200122,52.09,52.14,52.09,52.13,1112201
20200123,52.19,52.2,52.16,52.19,966657
20200124,52.23,52.25,52.21,52.22,1415093
20200127,52.33,52.37,52.32,52.36,1173464
20200128,52.36,52.36,52.29,52.31,511504
20200129,52.38,52.41,52.37,52.4,1272180
20200130,52.41,52.5,52.37,52.37,712266
20200131,52.46,52.47,52.41,52.46,740612
20200203,52.43,52.46,52.39,52.46,647804
20200204,52.39,52.39,52.31,52.34,873732
20200205,52.32,52.32,52.27,52.29,832742
20200206,52.31,52.32,52.25,52.28,926262
20200207,52.37,52.4,52.32,52.37,1190462
20200210,52.4,52.4,52.38,52.39,858003
20200211,52.44,52.44,52.38,52.39,704751
20200212,52.4,52.4,52.35,52.37,1006833
20200213,52.41,52.42,52.37,52.37,802160
20200214,52.43,52.43,52.38,52.4,753917
20200218,52.48,52.48,52.45,52.47,758408
20200219,52.49,52.51,52.47,52.48,953501
20200220,52.56,52.59,52.54,52.58,820726
20200221,52.67,52.71,52.64,52.67,1033110
20200224,52.92,52.92,52.87,52.9,858370
20200225,52.94,52.99,52.9,52.97,839193
20200226,52.95,53.01,52.94,52.99,1130324
20200227,53.09,53.13,52.98,53.02,941528
20200228,53.08,53.08,52.89,52.92,1531865
20200302,53.06,53.11,52.89,52.97,1242450
20200303,53.05,53.1,52.95,53.01,852834
20200304,53.02,53.08,52.98,53.01,675070
20200305,53.07,53.08,52.98,53.03,544008
20200306,53.15,53.19,53.03,53.14,950917
20200309,53.27,53.52,53.14,53.29,1388761
20200310,53.18,53.26,52.73,52.86,1126187
20200311,52.97,52.97,51.55,51.99,1652189
20200312,51.06,51.33,48.79,48.97,4543715
20200313,50.17,50.71,49.74,50.46,6901029
20200316,49.16,50.06,48,49.67,5958753
20200317,49.57,50.13,49.38,49.4,2679193
20200318,49.05,49.23,45.89,46.43,4419560
20200319,46.04,46.37,42.5,44.64,10506540
20200320,44.01,47.21,44.01,45.29,9212345
20200323,45.28,47.71,44.79,46.84,3532120
20200324,47.55,48.96,47.18,48.02,3465805
20200325,48.81,50.5,48.81,50.33,2545966
20200326,50.54,51.95,50.54,51.68,2635974
20200327,51.51,51.8,51.24,51.57,2576748
20200330,51.32,51.49,51.24,51.36,1286063
20200331,51.24,51.47,51.1,51.12,1163638
20200401,51.11,51.19,49.48,50.31,2897800
20200402,50.28,50.28,49.63,49.98,1333132
20200403,49.92,50.39,49.86,50.05,2564217
20200406,50.42,50.61,50.26,50.6,1375671
20200407,50.94,51.07,50.81,50.95,1849992
20200408,51.03,51.12,50.88,51.11,1742169
20200409,51.3,51.88,51.16,51.45,1729161
20200413,51.48,51.56,51.11,51.37,1497487
20200414,51.61,51.7,51.4,51.66,1728270
20200415,51.63,51.75,51.54,51.65,1976076
20200416,51.63,51.63,51.15,51.45,1875636
20200417,51.57,51.67,50.67,51.64,1234407
20200420,51.57,51.58,51.33,51.53,1537941
20200421,51.53,51.55,51.36,51.45,1589894
20200422,51.35,51.43,51.17,51.26,1167408
20200423,51.27,51.27,51.04,51.1,1084638
20200424,50.93,50.97,50.64,50.92,1116878
20200427,50.82,51.08,50.71,50.88,1226158
20200428,51.01,51.01,50.67,50.76,801960
20200429,50.77,50.78,50.44,50.57,1254256
20200430,50.51,50.76,50.51,50.53,1289142
20200501,50.8,50.89,50.67,50.78,992966
20200504,50.93,50.98,50.8,50.88,991016
20200505,50.99,51.09,50.89,51.08,1187269
20200506,51.09,51.09,50.86,51,1298682
20200507,51.12,51.12,51.02,51.07,1075513
20200508,51.12,51.18,51.09,51.18,834452
20200511,51.17,51.22,51.11,51.16,913566
20200512,51.25,51.27,51.14,51.21,810739
20200513,51.32,51.38,51.25,51.33,708633
20200514,51.33,51.44,51.29,51.43,652704
20200515,51.49,51.55,51.41,51.52,571306
20200518,51.58,51.61,51.51,51.6,618001
20200519,51.63,51.66,51.59,51.63,661312
20200520,51.76,51.86,51.7,51.8,720755
20200521,51.91,51.96,51.86,51.92,545877
20200522,52.03,52.08,51.96,52.07,652854
20200526,52.18,52.18,52.11,52.14,750755
20200527,52.21,52.22,52.16,52.17,765939
20200528,52.21,52.21,52.08,52.15,1211481
20200529,52.28,52.33,52.13,52.21,1367442
20200601,52.32,52.32,52.18,52.25,1098878
20200602,52.22,52.31,52.11,52.25,1116545
20200603,52.26,52.26,52.2,52.22,999149
20200604,52.24,52.28,52.21,52.21,811049
20200605,52.24,52.26,52.16,52.2,1251672
20200608,52.26,52.26,52.04,52.05,2007788
20200609,52.31,52.38,52.16,52.36,1267063
20200610,52.4,52.4,52.29,52.36,1302182
20200611,52.45,52.5,52.3,52.36,1381462
20200612,52.42,52.44,52.35,52.42,904930
20200615,52.5,52.5,52.4,52.47,558761
20200616,52.45,52.45,52.39,52.4,651730
20200617,52.46,52.47,52.42,52.45,981714
20200618,52.49,52.49,52.4,52.46,799494
20200619,52.48,52.52,52.46,52.51,688971
20200622,52.53,52.58,52.45,52.51,2268063
20200623,52.5,52.55,52.49,52.55,1289331
20200624,52.55,52.59,52.51,52.54,1038508
20200625,52.57,52.6,52.53,52.54,756575
20200626,52.6,52.63,52.55,52.56,646243
20200629,52.58,52.64,52.55,52.59,1251004
20200630,52.62,52.63,52.55,52.56,969074
20200701,52.63,52.64,52.58,52.61,998652
20200702,52.63,52.67,52.5,52.59,933436
20200706,52.63,52.72,52.57,52.65,829339
20200707,52.69,52.72,52.62,52.69,706805
20200708,52.7,52.73,52.68,52.72,509909
20200709,52.74,52.8,52.66,52.79,877043
20200710,52.8,52.85,52.79,52.85,735189
20200713,52.86,52.86,52.81,52.81,708145
20200714,52.85,52.94,52.85,52.93,726607
20200715,52.93,52.97,52.91,52.96,1135377
20200716,53,53.04,52.96,53.02,643604
20200717,53.04,53.04,53.01,53.03,701066
20200720,53.1,53.11,53.05,53.09,779930
20200721,53.14,53.16,53.12,53.16,1004902
20200722,53.2,53.2,53.17,53.18,595800
20200723,53.2,53.22,53.19,53.2,551670
20200724,53.24,53.24,53.2,53.22,855629
20200727,53.25,53.25,53.17,53.21,818930
20200728,53.29,53.3,53.23,53.28,649063
20200729,53.29,53.3,53.26,53.29,631551
20200730,53.34,53.39,53.29,53.37,628378
20200731,53.37,53.43,53.34,53.42,978266
20200803,53.43,53.44,53.36,53.42,1155667
20200804,53.49,53.51,53.45,53.51,1374158
20200805,53.47,53.52,53.45,53.51,717645
20200806,53.56,53.6,53.53,53.58,693447
20200807,53.62,53.67,53.6,53.61,785594
20200810,53.61,53.65,53.61,53.64,616899
20200811,53.65,53.66,53.59,53.61,939155
20200812,53.6,53.62,53.48,53.56,1059531
20200813,53.58,53.58,53.48,53.52,649176
20200814,53.56,53.57,53.47,53.48,585928
20200817,53.49,53.5,53.46,53.49,687597
20200818,53.48,53.49,53.41,53.44,634853
20200819,53.49,53.49,53.35,53.39,990029
20200820,53.41,53.41,53.24,53.28,614543
20200821,53.27,53.33,53.26,53.3,629418
20200824,53.32,53.37,53.3,53.36,580389
20200825,53.26,53.31,53.23,53.31,713999
20200826,53.26,53.27,53.19,53.19,909303
20200827,53.25,53.25,53.12,53.12,759078
20200828,53.17,53.18,53.09,53.15,855110
20200831,53.16,53.17,53.1,53.11,1069128
20200901,53.11,53.17,53.1,53.15,688108
20200902,53.15,53.17,53.12,53.15,958474
20200903,53.17,53.19,53.12,53.18,1243516
20200904,53.17,53.17,53.11,53.14,899439
20200908,53.15,53.16,53.11,53.11,1160563
20200909,53.1,53.17,53.1,53.15,840276
20200910,53.17,53.18,53.13,53.14,825607
20200911,53.16,53.17,53.14,53.15,872393
20200914,53.17,53.17,53.13,53.16,712549
20200915,53.15,53.16,53.11,53.13,889433
20200916,53.17,53.18,53.11,53.14,836714
20200917,53.18,53.19,53.14,53.15,910213
20200918,53.16,53.18,53.13,53.16,831232
20200921,53.16,53.2,53.14,53.15,779036
20200922,53.2,53.23,53.16,53.18,960042
20200923,53.23,53.23,53.16,53.18,1001174
20200924,53.18,53.22,53.17,53.19,578242
20200925,53.15,53.25,53.15,53.18,1181934
20200928,53.14,53.19,53.14,53.19,683658
20200929,53.16,53.21,53.16,53.2,1070710
20200930,53.18,53.18,53.11,53.12,830496
20201001,53.13,53.13,53.09,53.12,2121411
20201002,53.09,53.11,53.06,53.08,635137
20201005,53.06,53.07,53.03,53.06,702688
20201006,53.05,53.05,52.99,53.02,1212643
20201007,52.99,52.99,52.9,52.92,790344
20201008,52.9,52.94,52.89,52.91,981177
20201009,52.93,52.96,52.91,52.94,696694
20201012,52.95,52.95,52.92,52.95,672414
20201013,52.96,53,52.93,52.97,1037405
20201014,53,53.01,52.95,52.96,971722
20201015,52.99,52.99,52.95,52.97,2387861
20201016,52.98,52.98,52.96,52.96,611574
20201019,52.99,52.99,52.92,52.94,580418
20201020,52.96,52.96,52.91,52.91,636864
20201021,52.93,52.93,52.87,52.9,927864
20201022,52.94,52.94,52.88,52.91,695346
20201023,52.93,52.94,52.9,52.91,474556
20201026,52.92,52.93,52.9,52.9,644608
20201027,52.96,52.98,52.93,52.95,811184
20201028,53,53.01,52.92,52.95,1339587
20201029,52.95,52.99,52.93,52.93,634653
20201030,52.95,52.96,52.88,52.91,782879
20201102,52.93,52.97,52.93,52.96,597457
20201103,52.99,52.99,52.96,52.98,808825
20201104,53.29,53.29,53.12,53.2,907100
20201105,53.27,53.29,53.22,53.27,878517
20201106,53.28,53.34,53.27,53.32,1285378
20201109,53.27,53.28,53.21,53.26,1013409
20201110,53.23,53.27,53.17,53.18,1168824
20201111,53.27,53.27,53.21,53.23,681988
20201112,53.24,53.3,53.23,53.28,720449
20201113,53.31,53.35,53.31,53.33,778479
20201116,53.37,53.39,53.35,53.37,830338
20201117,53.46,53.51,53.44,53.5,1117536
20201118,53.56,53.59,53.51,53.57,1089691
20201119,53.63,53.72,53.61,53.68,985585
20201120,53.74,53.76,53.69,53.71,784564
20201123,53.71,53.79,53.71,53.78,731285
20201124,53.77,53.78,53.73,53.73,972980
20201125,53.75,53.77,53.7,53.73,981890
20201127,53.8,53.8,53.77,53.79,610606
20201130,53.82,53.82,53.78,53.79,672057
20201201,53.79,53.8,53.74,53.74,968766
20201202,53.79,53.79,53.74,53.77,871487
20201203,53.83,53.83,53.8,53.83,1134895
20201204,53.84,53.84,53.78,53.82,1189439
20201207,53.84,53.9,53.82,53.89,706012
20201208,53.91,53.98,53.9,53.98,824598
20201209,53.96,53.97,53.91,53.97,1088902
20201210,53.99,53.99,53.96,53.97,844013
20201211,53.99,54.02,53.98,54.02,799305
20201214,54.02,54.03,53.93,53.97,679836
20201215,54.03,54.04,53.98,54.04,729582
20201216,54.02,54.04,53.97,54.02,1118140
20201217,54.06,54.07,53.96,53.96,1212379
20201218,54.02,54.04,53.96,53.97,1244976
20201221,54.04,54.11,53.99,54.1,850105
20201222,54.08,54.14,54.08,54.13,1185343
20201223,54.2,54.2,54.1,54.13,1385774
20201224,54.18,54.18,54.13,54.15,673652
20201228,54.13,54.18,54.13,54.17,902779
20201229,54.2,54.2,54.18,54.18,841372
20201230,54.2,54.2,54.17,54.19,1379217
20201231,54.19,54.21,54.19,54.2,1073601
20210104,54.22,54.23,54.18,54.21,1545732
20210105,54.23,54.27,54.2,54.26,1699172
20210106,54.21,54.25,54.21,54.25,2681438
20210107,54.27,54.29,54.26,54.26,2428740
20210108,54.27,54.27,54.05,54.13,1302932
20210111,54.16,54.17,54.08,54.1,1205754
20210112,54.1,54.13,54.05,54.12,1197969
20210113,54.13,54.14,54.08,54.09,862296
20210114,54.09,54.12,54.07,54.1,1054967
20210115,54.12,54.17,54.1,54.16,877576
20210119,54.18,54.22,54.15,54.21,1324867
20210120,54.19,54.24,54.18,54.22,1224007
20210121,54.22,54.23,54.15,54.16,1052291
20210122,54.21,54.26,54.2,54.23,1369462
20210125,54.26,54.3,54.26,54.29,1094647
20210126,54.32,54.4,54.31,54.4,1163451
20210127,54.42,54.47,54.4,54.45,993174
20210128,54.44,54.45,54.34,54.35,1010999
20210129,54.4,54.41,54.36,54.38,824747
20210201,54.42,54.44,54.38,54.42,1210049
20210202,54.45,54.45,54.4,54.43,942383
20210203,54.43,54.46,54.39,54.41,1167165
20210204,54.46,54.47,54.42,54.46,1400054
20210205,54.43,54.47,54.43,54.45,1066115
20210208,54.45,54.48,54.44,54.47,1319570
20210209,54.47,54.56,54.47,54.56,1294365
20210210,54.56,54.61,54.55,54.57,1763880
20210211,54.61,54.62,54.57,54.59,1049676
20210212,54.6,54.61,54.58,54.59,913653
20210216,54.6,54.6,54.48,54.49,1291682
20210217,54.49,54.51,54.38,54.42,1382004
20210218,54.36,54.36,54.22,54.24,1081350
20210219,54.24,54.25,54.04,54.1,1136143
20210222,54.07,54.12,53.79,53.86,1588358
20210223,53.71,53.86,53.69,53.86,1481032
20210224,53.63,53.73,53.62,53.69,3571858
20210225,53.61,53.61,53.42,53.5,2565657
20210226,53.42,53.6,53.4,53.59,1351076
20210301,53.49,53.59,53.49,53.59,1242953
20210302,53.54,53.63,53.53,53.58,1307629
20210303,53.58,53.58,53.51,53.57,1348439
20210304,53.58,53.68,53.4,53.57,1691500
20210305,53.6,53.65,53.56,53.64,959981
20210308,53.68,53.7,53.65,53.67,784716
20210309,53.75,53.82,53.72,53.77,1411459
20210310,53.8,53.88,53.78,53.87,989588
20210311,53.94,53.97,53.91,53.94,1317579
20210312,53.88,53.88,53.75,53.81,1223956
20210315,53.88,53.92,53.87,53.91,789342
20210316,53.9,53.97,53.9,53.94,871574
20210317,53.85,53.9,53.81,53.86,988783
20210318,53.78,53.78,53.58,53.65,1210856
20210319,53.7,53.7,53.6,53.68,1054505
20210322,53.68,53.69,53.65,53.68,1387905
20210323,53.76,53.79,53.73,53.73,1159210
20210324,53.8,53.82,53.75,53.79,903392
20210325,53.87,53.88,53.8,53.82,790557
20210326,53.78,53.85,53.78,53.83,688085
20210329,53.88,53.88,53.8,53.81,813014
20210330,53.8,53.87,53.79,53.86,703807
20210331,53.86,53.9,53.84,53.85,927841
20210401,53.95,53.95,53.87,53.92,913852
20210405,53.91,53.93,53.85,53.86,1206879
20210406,53.91,53.98,53.9,53.94,914041
20210407,53.95,54.03,53.94,54,1052797
20210408,54,54.1,54,54.05,919763
20210409,54.11,54.11,54.04,54.08,779337
20210412,54.09,54.16,54.07,54.09,781208
20210413,54.14,54.19,54.12,54.15,887871
20210414,54.17,54.25,54.15,54.21,1273336
20210415,54.33,54.45,54.33,54.4,1441996
20210416,54.39,54.41,54.37,54.39,956723
20210419,54.37,54.41,54.33,54.37,986056
20210420,54.37,54.41,54.35,54.38,1060065
20210421,54.4,54.43,54.37,54.38,768567
20210422,54.39,54.45,54.38,54.44,913617
20210423,54.45,54.45,54.4,54.41,1193061
20210426,54.46,54.46,54.41,54.43,899097
20210427,54.47,54.52,54.39,54.41,6489429
20210428,54.41,54.42,54.31,54.4,1275922
20210429,54.36,54.36,54.29,54.31,1295490
20210430,54.31,54.33,54.29,54.32,858206
20210503,54.33,54.36,54.3,54.32,1490848
20210504,54.31,54.36,54.29,54.3,1166443
20210505,54.34,54.36,54.32,54.35,1337791
20210506,54.37,54.4,54.35,54.37,1074550
20210507,54.41,54.43,54.37,54.42,1239252
20210510,54.41,54.44,54.39,54.4,970335
20210511,54.36,54.39,54.32,54.36,1033056
20210512,54.32,54.33,54.25,54.3,1371254
20210513,54.26,54.3,54.25,54.29,853364
20210514,54.37,54.37,54.3,54.35,737159
20210517,54.31,54.37,54.31,54.35,895283
20210518,54.36,54.38,54.32,54.35,979726
20210519,54.35,54.38,54.29,54.3,1000825
20210520,54.27,54.38,54.27,54.35,1217982
20210521,54.42,54.42,54.37,54.38,1022849
20210524,54.39,54.43,54.38,54.4,774848
20210525,54.44,54.48,54.42,54.47,827062
20210526,54.48,54.52,54.46,54.52,1096104
20210527,54.52,54.52,54.48,54.5,676172
20210528,54.5,54.55,54.49,54.49,606560
20210601,54.56,54.56,54.52,54.53,890489
20210602,54.54,54.61,54.54,54.55,1000965
20210603,54.59,54.6,54.53,54.55,1147632
20210604,54.6,54.66,54.59,54.65,1099675
20210607,54.62,54.65,54.61,54.63,2172549
20210608,54.69,54.71,54.68,54.7,1069340
20210609,54.76,54.85,54.76,54.83,1060106
20210610,54.84,54.88,54.83,54.87,1530608
20210611,54.88,54.88,54.82,54.83,921943
20210614,54.87,54.88,54.84,54.86,1095912
20210615,54.85,54.87,54.8,54.83,943909
20210616,54.83,54.83,54.68,54.7,980563
20210617,54.7,54.77,54.68,54.75,1827204
20210618,54.75,54.77,54.69,54.71,1091991
20210621,54.72,54.72,54.65,54.67,923507
20210622,54.73,54.73,54.63,54.68,959870
20210623,54.67,54.68,54.56,54.6,1238427
20210624,54.57,54.62,54.57,54.59,804737
20210625,54.59,54.62,54.57,54.59,878398
20210628,54.66,54.67,54.64,54.65,951677
20210629,54.65,54.68,54.64,54.66,973388
20210630,54.69,54.73,54.68,54.71,1202305
20210701,54.71,54.72,54.67,54.71,1281779
20210702,54.74,54.77,54.72,54.76,860232
20210706,54.79,54.83,54.78,54.8,1034201
20210707,54.9,54.92,54.86,54.89,1009432
20210708,54.99,55.01,54.96,54.97,1012599
20210709,54.93,54.95,54.93,54.95,797056
20210712,55,55,54.92,54.96,889707
20210713,55.02,55.02,54.91,54.94,931063
20210714,54.95,55,54.95,54.98,686906
20210715,55,55.01,54.98,54.99,842515
20210716,55,55.03,54.99,55,827833
20210719,55.11,55.13,55.07,55.07,1283092
20210720,55.16,55.17,55.04,55.06,937652
20210721,55.09,55.09,55,55.01,1099759
20210722,55.05,55.08,55.01,55.07,1305881
20210723,55.04,55.04,54.99,55.01,1419447
20210726,55.04,55.07,55.03,55.05,1218889
20210727,55.07,55.1,55.05,55.05,1176930
20210728,55.03,55.07,55,55.04,1444134
20210729,55.03,55.03,54.99,55,689924
20210730,55,55.02,54.96,54.97,970311
20210802,54.98,55.05,54.96,55.02,1179125
20210803,55.05,55.06,55.03,55.03,731382
20210804,55.05,55.06,54.98,55.03,1086091
20210805,55.06,55.06,55.03,55.04,894458
20210806,54.95,55.01,54.95,54.95,965151
20210809,54.98,54.99,54.91,54.94,871866
20210810,54.99,54.99,54.91,54.93,841435
20210811,54.91,54.92,54.86,54.86,946628
20210812,54.88,54.88,54.8,54.8,1613383
20210813,54.86,54.88,54.83,54.84,876761
20210816,54.86,54.88,54.83,54.83,1597588
20210817,54.86,54.86,54.83,54.84,887464
20210818,54.86,54.87,54.82,54.84,1012821
20210819,54.86,54.86,54.83,54.85,981253
20210820,54.86,54.86,54.81,54.81,834525
20210823,54.84,54.86,54.83,54.83,1038467
20210824,54.82,54.86,54.81,54.83,1054028
20210825,54.83,54.85,54.78,54.78,742566
20210826,54.79,54.81,54.76,54.78,1041426
20210827,54.79,54.83,54.78,54.8,881420
20210830,54.83,54.83,54.8,54.81,973562
20210831,54.81,54.83,54.78,54.79,999624
20210901,54.82,54.84,54.77,54.82,1350910
20210902,54.79,54.82,54.79,54.81,1643049
20210903,54.76,54.79,54.74,54.77,848738
20210907,54.73,54.75,54.64,54.66,1576997
20210908,54.68,54.82,54.66,54.81,2025747
20210909,54.83,54.86,54.79,54.83,1763084
20210910,54.83,54.84,54.76,54.78,947674
20210913,54.78,54.8,54.78,54.8,984999
20210914,54.79,54.83,54.78,54.8,1046969
20210915,54.84,54.84,54.78,54.81,772704
20210916,54.76,54.8,54.75,54.76,914962
20210917,54.76,54.8,54.74,54.8,854899
20210920,54.87,54.87,54.82,54.83,1351077
20210921,54.84,54.86,54.82,54.83,926700
20210922,54.85,54.85,54.79,54.81,872328
20210923,54.74,54.77,54.68,54.72,1517709
20210924,54.71,54.71,54.67,54.67,908742
20210927,54.64,54.67,54.62,54.63,1074382
20210928,54.56,54.59,54.48,54.51,2908380
20210929,54.53,54.53,54.45,54.45,2388334
20210930,54.45,54.48,54.4,54.4,1804653
20211001,54.43,54.46,54.42,54.43,2415894
20211004,54.43,54.44,54.38,54.4,1589075
20211005,54.4,54.44,54.37,54.39,1271245
20211006,54.4,54.41,54.36,54.39,1663093
20211007,54.36,54.37,54.32,54.34,1379026
20211008,54.35,54.36,54.31,54.31,962686
20211011,54.29,54.29,54.25,54.28,927603
20211012,54.38,54.4,54.31,54.39,1077807
20211013,54.38,54.4,54.33,54.39,1455049
20211014,54.38,54.39,54.36,54.38,1157887
20211015,54.38,54.4,54.32,54.35,899371
20211018,54.35,54.41,54.35,54.39,935075
20211019,54.38,54.41,54.34,54.35,1183563
20211020,54.36,54.36,54.31,54.33,1933700
20211021,54.32,54.32,54.16,54.22,2321569
20211022,54.23,54.27,54.2,54.27,2127150
20211025,54.26,54.26,54.21,54.24,999311
20211026,54.2,54.23,54.19,54.22,1854283
20211027,54.3,54.35,54.28,54.35,1298512
20211028,54.33,54.35,54.31,54.34,941499
20211029,54.35,54.4,54.33,54.39,1015404
20211101,54.34,54.36,54.31,54.34,1175278
20211102,54.36,54.41,54.36,54.39,1156329
20211103,54.4,54.45,54.39,54.42,1158035
20211104,54.47,54.53,54.46,54.5,1929504
20211105,54.52,54.63,54.52,54.62,1742957
20211108,54.6,54.6,54.56,54.59,949209
20211109,54.69,54.72,54.64,54.67,1447826
20211110,54.71,54.72,54.63,54.63,1034070
20211111,54.65,54.67,54.6,54.6,890953
20211112,54.67,54.67,54.61,54.61,1242317
20211115,54.65,54.65,54.57,54.57,1333596
20211116,54.59,54.62,54.53,54.54,1550828
20211117,54.58,54.58,54.51,54.55,1208735
20211118,54.53,54.6,54.52,54.58,951803
20211119,54.6,54.68,54.6,54.63,1652198
20211122,54.64,54.65,54.59,54.61,1533979
20211123,54.63,54.63,54.58,54.59,1206492
20211124,54.58,54.62,54.56,54.59,1344993
20211126,54.65,54.75,54.65,54.72,772312
20211129,54.68,54.74,54.68,54.72,1338400
20211130,54.78,54.85,54.74,54.82,2267511
20211201,54.81,54.85,54.76,54.83,1386702
20211202,54.81,54.81,54.76,54.79,1746277
20211203,54.81,54.86,54.78,54.85,2388362
20211206,54.85,54.86,54.77,54.77,898039
20211207,54.78,54.81,54.75,54.77,939688
20211208,54.79,54.79,54.73,54.74,1355983
20211209,54.77,54.79,54.75,54.75,969173
20211210,54.83,54.83,54.78,54.8,1314749
20211213,54.83,54.85,54.82,54.82,1495485
20211214,54.83,54.86,54.81,54.85,1887579
20211215,54.82,54.84,54.79,54.82,959025
20211216,54.87,54.87,54.84,54.84,1052152
20211217,54.84,54.89,54.84,54.84,1121705
20211220,54.82,54.89,54.82,54.85,1462368
20211221,54.87,54.87,54.8,54.83,1238833
20211222,54.79,54.89,54.79,54.88,1279744
20211223,54.9,54.92,54.85,54.89,1602709
20211227,54.89,54.9,54.86,54.86,1821815
20211228,54.89,54.91,54.86,54.9,1461016
20211229,54.89,54.89,54.86,54.86,1388750
20211230,54.87,54.88,54.84,54.87,1520845
20211231,54.9,54.9,54.84,54.84,1050550
20220103,54.85,54.85,54.8,54.81,1602125
20220104,54.82,54.87,54.79,54.81,2039876
20220105,54.83,54.83,54.71,54.73,1899067
20220106,54.7,54.72,54.64,54.67,1635104
20220107,54.65,54.65,54.52,54.55,2574213
20220110,54.56,54.56,54.42,54.42,2324909
20220111,54.4,54.44,54.38,54.4,3782585
20220112,54.42,54.44,54.39,54.4,3319495
20220113,54.41,54.44,54.39,54.42,1902711
20220114,54.4,54.42,54.33,54.33,2013907
20220118,54.28,54.32,54.2,54.21,4404186
20220119,54.21,54.27,54.17,54.19,3879592
20220120,54.22,54.23,54.12,54.15,2561405
20220121,54.13,54.15,54.02,54.03,4557868
20220124,54.07,54.09,53.96,53.98,5545556
20220125,53.97,53.99,53.87,53.88,3807655
20220126,53.88,53.88,53.59,53.67,4939275
20220127,53.67,53.76,53.56,53.66,6175635
20220128,53.61,53.63,53.43,53.5,5903922
20220131,53.43,53.47,53.35,53.44,3634299
20220201,53.48,53.58,53.46,53.55,2689442
20220202,53.65,53.68,53.59,53.67,2780872
20220203,53.65,53.74,53.625,53.72,3081494
20220204,53.71,53.7759,53.57,53.67,4430698
20220207,53.67,53.7,53.61,53.66,3329451
20220208,53.61,53.6295,53.5007,53.57,2807171
20220209,53.55,53.5776,53.51,53.515,2207479
20220210,53.47,53.47,53.25,53.27,2995602
20220211,53.29,53.29,53.07,53.19,4982530
20220214,53.13,53.15,53.04,53.07,3893420
20220215,53.05,53.065,52.95,52.99,2819619
20220216,52.98,53.01,52.87,52.96,5445717
20220217,52.99,53.08,52.99,53.06,4780719
20220218,53.1,53.11,53.07,53.1,5026281
