Date,Open,High,Low,Close,Volume
20140827,24.34,24.38,24.34,24.38,5581
20140828,24.45,24.47,24.45,24.46,21773
20140829,24.49,24.49,24.46,24.48,103389
20140902,24.5,24.55,24.5,24.54,44622
20140903,24.64,24.64,24.53,24.55,54303
20140904,24.61,24.61,24.49,24.5,10278
20140905,24.54,24.66,24.54,24.66,12884
20140908,24.69,24.69,24.56,24.63,85994
20140909,24.46,24.51,24.45,24.47,22196
20140910,24.47,24.47,24.41,24.44,7069
20140911,24.41,24.48,24.41,24.46,15648
20140912,24.43,24.43,24.37,24.37,1348
20140915,24.44,24.44,24.41,24.41,6920
20140916,24.48,24.49,24.43,24.46,12944
20140917,24.44,24.44,24.33,24.39,1593
20140918,24.47,24.49,24.47,24.49,341
20140919,24.35,24.42,24.35,24.42,2930
20140922,24.19,24.19,24.14,24.19,2284
20140923,24.17,24.17,24.13,24.13,2373
20140924,24.14,24.16,24.11,24.16,12800
20140925,24.05,24.05,24.05,24.05,856
20140926,24.19,24.2,24.15,24.2,7531
20140929,24.16,24.19,24.14,24.18,24041
20140930,24.18,24.18,24.14,24.14,8136
20141001,23.99,24.01,23.9,23.9,9254
20141002,23.93,23.94,23.78,23.91,8053
20141003,23.99,24.03,23.99,24.03,1535
20141006,24.04,24.05,24.01,24.04,13395
20141007,23.9,23.9,23.74,23.74,9228
20141008,23.8,23.85,23.8,23.85,5848
20141009,23.91,23.91,23.91,23.91,2584
20141010,23.76,23.77,23.73,23.73,3490
20141013,23.61,23.61,23.57,23.57,4488
20141014,23.68,23.71,23.64,23.68,8948
20141015,23.56,23.62,23.55,23.62,9444
20141016,23.74,23.8,23.74,23.76,3981
20141017,23.78,23.78,23.73,23.73,3595
20141020,23.82,23.88,23.8,23.88,2756
20141021,23.99,24.03,23.98,24.03,6371
20141022,24.17,24.17,24.06,24.06,4749
20141023,24.1,24.13,24.07,24.1,3153
20141024,24.09,24.2,24.04,24.2,8995
20141027,25.42,25.42,24.15,24.17,5256
20141028,24.29,24.36,24.29,24.36,4128
20141029,24.29,24.32,24.29,24.31,5792
20141030,24.45,24.59,24.45,24.59,9440
20141031,24.7,24.71,24.67,24.7,5487
20141103,24.79,24.8,24.75,24.75,23510
20141104,24.75,24.82,24.75,24.82,58198
20141105,24.92,24.95,24.87,24.92,13794
20141106,25.03,25.05,25.02,25.02,1650
20141107,25.1,25.13,25.1,25.12,8721
20141110,25.15,25.15,25.13,25.13,1428
20141111,25.17,25.18,25.15,25.15,779
20141112,25.25,25.29,25.24,25.29,2441
20141113,25.12,25.14,25.11,25.14,12690
20141114,25.17,25.2,25.14,25.17,7341
20141117,25.15,25.17,25.13,25.13,6071
20141118,25.24,25.24,25.21,25.21,6564
20141119,25.16,25.2,25.15,25.18,5421
20141120,25.31,25.39,25.31,25.37,9762
20141121,25.4,25.43,25.39,25.43,3628
20141124,25.44,25.49,25.44,25.49,9745
20141125,25.68,25.68,25.5,25.5,4057
20141126,25.53,25.54,25.44,25.45,6264
20141128,25.08,25.1,25.08,25.1,3796
20141201,24.75,24.75,24.68,24.7,6727
20141202,24.75,24.82,24.75,24.82,13589
20141203,25,25.07,24.98,25.06,7346
20141204,25.06,25.06,24.93,24.96,11338
20141205,25.04,25.04,24.98,25.01,6446
20141208,25.01,25.01,24.74,24.81,12126
20141209,24.7,24.92,24.7,24.86,11239
20141210,24.75,24.75,24.42,24.42,10249
20141211,24.64,24.64,24.54,24.54,7692
20141212,24.79,24.79,24.27,24.27,4493
20141215,24.32,24.32,23.95,24.05,14157
20141216,24.15,24.15,24.04,24.08,5350
20141217,24.23,24.24,24.17,24.2,6649
20141218,24.39,24.47,24.39,24.47,4321
20141219,24.54,24.6,24.54,24.6,4923
20141222,24.35,24.41,24.35,24.41,4775
20141223,24.49,24.49,24.47,24.47,11252
20141224,24.51,24.53,24.49,24.53,6706
20141226,24.58,24.6,24.58,24.6,7855
20141229,24.63,24.65,24.58,24.61,5713
20141230,24.59,24.6,24.51,24.55,6154
20141231,24.49,24.5,24.49,24.49,3836
20150102,24.51,24.51,24.16,24.25,10240
20150105,23.81,23.82,23.75,23.82,7650
20150106,23.45,23.6,23.45,23.59,11569
20150107,23.68,23.74,23.68,23.74,10747
20150108,24.09,24.18,24.09,24.16,5202
20150109,24.05,24.07,24.03,24.06,9436
20150112,23.77,23.81,23.77,23.77,3442
20150113,23.87,24,23.67,23.67,4494
20150114,23.71,23.71,23.41,23.61,6941
20150115,23.55,23.55,23.36,23.4,16408
20150116,23.49,23.58,23.49,23.56,5109
20150120,23.54,23.64,23.47,23.59,5264
20150121,23.72,23.74,23.64,23.74,7342
20150122,23.79,23.96,23.75,23.96,6784
20150123,23.99,24,23.88,23.89,3726
20150126,23.96,24.14,23.9,24.14,8590
20150127,24.1,24.13,24.1,24.12,9180
20150128,23.83,23.9,23.81,23.81,6213
20150129,23.54,23.71,23.52,23.71,7685
20150130,23.66,23.75,23.54,23.54,26145
20150202,23.48,23.78,23.48,23.78,16653
20150203,24.08,24.22,23.99,24.22,11170
20150204,24.11,24.16,24.1,24.16,15986
20150205,24.32,24.4,24.32,24.4,7484
20150206,24.44,24.49,24.38,24.38,20925
20150209,24.23,24.27,24.22,24.22,11140
20150210,24.14,24.24,24.14,24.24,17537
20150211,24.22,24.23,24.17,24.17,54974
20150212,24.63,24.72,24.63,24.72,7525
20150213,24.84,24.97,24.84,24.97,12967
20150217,24.79,25.06,24.79,25.03,13007
20150218,24.94,25.01,24.91,25.01,12425
20150219,25.07,25.11,25.04,25.11,8628
20150220,25.04,25.04,25.02,25.04,4420
20150223,24.96,25.05,24.96,25.02,5695
20150224,25.1,25.14,25.04,25.14,4086
20150225,25.04,25.21,25.04,25.17,9986
20150226,25.15,25.15,24.99,25.05,13072
20150227,25.06,25.07,24.99,25.02,7696
20150302,25.03,25.03,24.87,24.95,11527
20150303,24.9,24.9,24.83,24.86,6332
20150304,24.84,24.84,24.7,24.71,3337
20150305,24.76,24.82,24.72,24.82,8912
20150306,24.6,24.65,24.59,24.61,8743
20150309,24.58,24.59,24.51,24.56,15938
20150310,25.78,25.78,24.05,24.09,13617
20150311,24.2,24.3,24.11,24.3,10220
20150312,24.37,24.5,24.37,24.48,5035
20150313,24.63,24.63,24.18,24.3,10822
20150316,24.22,24.25,24.17,24.23,5843
20150317,24.2,24.3,24.14,24.29,7865
20150318,24.29,24.56,24.29,24.56,3791
20150319,24.44,24.46,24.41,24.46,8397
20150320,24.56,24.61,24.53,24.61,22301
20150323,25.06,25.06,24.67,24.77,13013
20150324,24.63,24.64,24.59,24.63,11090
20150325,24.45,24.45,24.14,24.14,155049
20150326,24.27,24.3,24.03,24.15,550209
20150327,24.04,24.09,24.02,24.06,47054
20150330,24.66,24.66,24.24,24.27,37416
20150331,24.2,24.31,24.2,24.29,15803
20150401,24.05,24.43,24.01,24.26,818792
20150402,24.49,24.49,24.4,24.43,17393
20150406,24.54,24.73,24.53,24.73,10014
20150407,24.8,24.8,24.72,24.74,8793
20150408,24.85,24.87,24.77,24.81,8349
20150409,24.84,24.9,24.78,24.85,8591
20150410,24.78,24.9,24.78,24.88,16187
20150413,24.85,24.86,24.79,24.81,16572
20150414,24.84,24.91,24.83,24.86,26889
20150415,25.04,25.37,25.01,25.33,35465
20150416,25.17,25.27,25.14,25.19,27186
20150417,24.98,24.98,24.79,24.84,12314
20150420,25.1,25.1,25.02,25.06,22683
20150421,24.94,24.94,24.85,24.87,18616
20150422,24.77,25.12,24.77,25.06,8352
20150423,25.23,25.27,25.19,25.22,13559
20150424,24.99,25.03,24.96,24.96,17415
20150427,25.12,25.12,24.89,24.9,7457
20150428,24.82,24.92,24.67,24.92,19546
20150429,24.85,25.02,24.82,24.99,16994
20150430,24.75,24.85,24.56,24.66,26067
20150501,24.68,24.84,24.62,24.78,36736
20150504,24.88,25.02,24.88,25,11730
20150505,24.73,24.78,24.61,24.62,17573
20150506,24.55,24.56,24.47,24.48,6068
20150507,24.36,24.57,24.34,24.5,16278
20150508,24.97,25.04,24.97,25.04,10939
20150511,24.98,25.05,24.96,24.98,11164
20150512,24.86,25,24.86,24.99,8555
20150513,25.06,25.1,24.98,25.01,22912
20150514,25.15,25.15,25.07,25.11,8118
20150515,25.1,25.14,25.03,25.12,13357
20150518,25.08,25.27,25.08,25.26,7828
20150519,25.22,25.22,25.14,25.18,20146
20150520,25.15,25.25,25.09,25.16,352551
20150521,25.26,25.29,25.2,25.26,117918
20150522,25.28,25.28,25.25,25.25,4761
20150526,24.96,25,24.92,24.95,12534
20150527,24.97,25.3,24.97,25.3,13165
20150528,25.12,25.18,25.12,25.18,5268
20150529,25.15,25.18,25.01,25.05,9191
20150601,25.05,25.06,24.99,25.03,16821
20150602,25.02,25.29,25.02,25.22,12885
20150603,25.29,25.36,25.23,25.33,4573
20150604,25.21,25.21,25.08,25.11,5191
20150605,25.15,25.27,25.12,25.26,18332
20150608,25.33,25.33,25.04,25.09,14392
20150609,25.03,25.12,24.94,25.02,16826
20150610,25.38,25.47,25.38,25.42,19887
20150611,25.45,25.47,25.39,25.43,8378
20150612,25.29,25.37,25.23,25.23,4509
20150615,25.1,25.26,25.1,25.17,7576
20150616,25.07,25.4,25.07,25.35,6678
20150617,25.3,25.4,25.26,25.4,4979
20150618,25.43,25.54,25.43,25.5,9307
20150619,25.47,25.5,25.4,25.4,6929
20150622,25.55,25.64,25.55,25.64,9453
20150623,25.65,25.75,25.64,25.73,13459
20150624,25.77,25.77,25.36,25.41,16638
20150625,25.51,25.53,25.37,25.42,17016
20150626,25.36,25.36,25.27,25.34,11846
20150629,25.15,25.15,24.79,24.8,4462
20150630,24.59,24.68,24.56,24.58,17586
20150701,25.16,25.16,24.59,24.68,13697
20150702,24.79,24.79,24.56,24.63,12461
20150706,24.61,24.66,24.39,24.47,19029
20150707,24.09,24.55,24.09,24.52,7450
20150708,24.14,24.14,23.94,23.99,9437
20150709,24.2,24.2,24.08,24.08,6825
20150710,24.23,24.32,24.21,24.27,18237
20150713,24.49,24.58,24.47,24.58,9349
20150714,24.53,24.64,24.53,24.62,4471
20150715,24.59,24.68,24.57,24.6,13265
20150716,24.83,24.83,24.67,24.72,21176
20150717,24.9,24.9,24.51,24.54,10767
20150720,24.52,24.52,24.42,24.42,9689
20150721,24.5,24.5,24.15,24.17,8782
20150722,24.16,24.2,24.13,24.18,12811
20150723,24.37,24.37,24.08,24.08,17420
20150724,24.15,24.15,23.64,23.66,16688
20150727,23.48,23.49,23.4,23.4,8084
20150728,23.46,23.67,23.46,23.62,6927
20150729,23.75,23.91,23.75,23.91,15913
20150730,23.86,23.88,23.8,23.88,9426
20150731,23.96,23.99,23.85,23.85,7559
20150803,23.87,23.87,23.72,23.72,20468
20150804,23.67,23.68,23.55,23.66,8521
20150805,23.59,23.66,23.41,23.42,8726
20150806,23.17,23.17,22.98,23.13,8949
20150807,23.02,23.1,22.99,23.1,29590
20150810,23.41,23.48,23.41,23.44,6679
20150811,23.12,23.15,23.03,23.09,5963
20150812,22.96,23.02,22.68,23,10826
20150813,22.93,23.11,22.93,23.03,12427
20150814,22.94,23.04,22.93,23.04,9155
20150817,22.97,23.21,22.95,23.21,10378
20150818,23.24,23.24,23.17,23.18,5481
20150819,23,23.14,22.88,23.06,11030
20150820,22.69,22.69,22.58,22.58,5916
20150821,22.15,22.24,22.02,22.02,9377
20150824,21.58,21.81,21.4,21.47,13566
20150825,21.61,21.61,21.09,21.11,6888
20150826,21.12,21.3,21.02,21.3,11611
20150827,21.52,21.53,21.41,21.41,8391
20150828,21.43,21.44,21.4,21.42,20277
20150831,21.42,21.43,21.33,21.38,9052
20150901,20.93,21.15,20.93,20.97,8079
20150902,21.05,21.1,21.02,21.1,18316
20150903,21.31,21.35,21.2,21.25,26354
20150904,21.15,21.15,21.05,21.11,19624
20150908,21.41,21.47,21.35,21.42,23553
20150909,21.41,21.47,21.27,21.27,14570
20150910,21.32,21.41,21.3,21.3,13893
20150911,21.28,21.38,21.26,21.38,9270
20150914,21.34,21.34,21.29,21.32,12034
20150915,21.35,21.47,21.35,21.43,8532
20150916,21.4,21.54,21.4,21.54,6557
20150917,21.54,21.59,21.47,21.53,15341
20150918,21.3,21.31,21.2,21.2,18409
20150921,21.29,21.38,21.24,21.31,12105
20150922,21.08,21.11,21.02,21.07,390174
20150923,21.14,21.15,21.05,21.12,18058
20150924,20.99,21.1,20.99,21.09,9141
20150925,21.28,21.31,21.17,21.17,14117
20150928,21,21,20.77,20.77,12074
20150929,20.77,20.79,20.67,20.74,15503
20150930,20.88,21.04,20.88,20.98,13890
20151001,20.91,20.91,20.75,20.84,12166
20151002,20.64,20.84,20.58,20.83,11058
20151005,21.07,21.18,21.04,21.17,18500
20151006,21.15,21.17,20.98,21.04,13454
20151007,21.14,21.22,21.09,21.22,15354
20151008,21.23,21.36,21.23,21.35,10137
20151009,21.39,21.41,21.29,21.29,38087
20151012,21.38,21.46,21.38,21.43,14266
20151013,21.44,21.47,21.29,21.29,3889
20151014,21.2,21.24,21.06,21.1,20088
20151015,21.18,21.3,21.05,21.3,18130
20151016,21.3,21.42,21.3,21.39,13921
20151019,21.45,21.46,21.4,21.46,9782
20151020,21.57,21.63,21.54,21.63,7883
20151021,21.67,21.69,21.46,21.55,14479
20151022,21.68,21.79,21.65,21.67,13017
20151023,21.91,21.92,21.79,21.92,8304
20151026,21.81,21.91,21.81,21.85,20028
20151027,21.91,21.91,21.76,21.81,10474
20151028,22,22.23,22,22.23,6387
20151029,22.1,22.1,22,22.06,27050
20151030,22.07,22.15,22,22,14000
20151102,22.15,22.28,22.15,22.27,9920
20151103,22.25,22.33,22.25,22.25,7465
20151104,22.2,22.2,22.14,22.2,6634
20151105,22.16,22.26,22.16,22.24,7356
20151106,22.33,22.48,22.32,22.44,13460
20151109,22.23,22.24,22.15,22.18,9149
20151110,22.19,22.29,22.15,22.25,8746
20151111,22.27,22.44,22.26,22.28,7707
20151112,22.09,22.14,21.89,21.89,7102
20151113,21.68,21.85,21.67,21.73,15267
20151116,21.75,21.9,21.75,21.9,9617
20151117,22.05,22.11,21.94,21.95,11289
20151118,21.97,22.12,21.97,22.12,520567
20151119,22.17,22.25,22.14,22.25,313167
20151120,22.34,22.43,22.34,22.39,20374
20151123,22.49,22.53,22.38,22.46,13498
20151124,22.21,22.47,22.21,22.43,15458
20151125,22.4,22.52,22.4,22.48,15618
20151127,22.54,22.59,22.53,22.53,3569
20151130,22.5,22.53,22.48,22.5,4935
20151201,22.54,22.67,22.52,22.67,12330
20151202,22.62,22.66,22.47,22.53,5349
20151203,22.44,22.54,22.19,22.23,16013
20151204,22.48,22.69,22.47,22.69,19650
20151207,22.5,22.51,22.45,22.49,10398
20151208,22.28,22.42,22.28,22.41,6887
20151209,22.27,22.28,21.91,22.02,13530
20151210,22.07,22.21,22.07,22.12,8644
20151211,21.87,21.93,21.73,21.73,13532
20151214,21.76,21.79,21.69,21.79,15936
20151215,21.95,22.02,21.94,21.98,13077
20151216,21.93,22.21,21.9,22.21,28473
20151217,21.95,21.98,21.86,21.89,18481
20151218,21.68,21.69,21.63,21.67,7524
20151221,21.67,21.7,21.61,21.7,9590
20151222,21.67,21.88,21.67,21.85,12901
20151223,21.97,22.06,21.96,22.04,15336
20151224,22.06,22.27,22.06,22.2,14202
20151228,22.08,22.2,22.01,22.2,7579
20151229,22.41,22.5,22.34,22.5,16668
20151230,22.39,22.5,22.34,22.34,16976
20151231,22.13,22.31,22.08,22.08,17218
20160104,21.54,21.6,21.52,21.53,5232
20160105,21.62,21.69,21.59,21.65,17387
20160106,21.46,21.48,21.28,21.4,17097
20160107,21.09,21.09,20.86,20.9,32323
20160108,20.93,20.94,20.58,20.58,67646
20160111,20.54,20.61,20.44,20.61,15008
20160112,20.75,20.75,20.67,20.73,11692
20160113,20.66,20.68,20.47,20.51,12182
20160114,20.38,20.61,20.36,20.54,12410
20160115,20.3,20.4,20.24,20.32,15189
20160119,20.41,20.42,20.27,20.34,33609
20160120,20.15,20.33,20.1,20.27,8214
20160121,20.24,20.4,20.24,20.35,11239
20160122,20.44,20.49,20.42,20.47,16235
20160125,20.42,20.45,20.33,20.33,14943
20160126,20.5,20.53,20.46,20.49,14325
20160127,20.45,20.58,20.44,20.45,9332
20160128,20.51,20.58,20.46,20.53,5776
20160129,20.69,20.8,20.64,20.8,13522
20160201,20.72,20.8,20.72,20.78,7662
20160202,20.6,20.65,20.57,20.62,8322
20160203,20.45,20.61,20.45,20.58,9331
20160204,20.54,20.58,20.41,20.47,20506
20160205,20.42,20.42,20.18,20.21,12554
20160208,19.918,19.997,19.861,19.997,15256
20160209,19.986,20.03,19.921,20.03,11673
20160210,20.07,20.09,20.01,20.01,17564
20160211,19.859,19.906,19.784,19.906,11959
20160212,19.957,20.05,19.957,20.04,8635
20160216,20.13,20.2,20.13,20.16,7929
20160217,20.29,20.33,20.23,20.27,14971
20160218,20.29,20.33,20.25,20.32,8396
20160219,20.28,20.36,20.28,20.33,11301
20160222,20.38,20.44,20.37,20.41,6981
20160223,20.37,20.41,20.33,20.39,7126
20160224,20.28,20.4,20.28,20.35,9593
20160225,20.52,20.6,20.5,20.56,7712
20160226,20.58,20.61,20.53,20.53,11213
20160229,20.5,20.52,20.42,20.42,6922
20160301,20.53,20.62,20.53,20.56,7676
20160302,20.52,20.56,20.49,20.53,6198
20160303,20.49,20.6,20.48,20.58,11012
20160304,20.57,20.71,20.57,20.66,8757
20160307,20.65,20.71,20.6,20.6,10098
20160308,20.62,20.73,20.59,20.64,17898
20160309,20.62,20.62,20.56,20.61,9449
20160310,20.62,20.65,20.52,20.64,9357
20160311,20.74,20.74,20.69,20.7,19124
20160314,20.78,20.78,20.72,20.75,11985
20160315,20.72,20.73,20.65,20.65,5951
20160316,20.69,20.74,20.61,20.71,12992
20160317,20.7,20.87,20.7,20.84,11353
20160318,20.91,20.92,20.85,20.88,12508
20160321,20.79,20.88,20.79,20.84,21590
20160322,20.77,20.89,20.77,20.85,9466
20160323,20.79,20.83,20.77,20.78,17538
20160324,20.67,20.7,20.61,20.68,10783
20160328,20.69,20.82,20.69,20.76,14673
20160329,20.73,20.92,20.73,20.89,14385
20160330,21.01,21.01,20.94,20.99,9517
20160331,20.86,21.03,20.86,20.96,669870
20160401,20.9,21.06,20.9,21.01,134931
20160404,20.96,20.96,20.87,20.9,17308
20160405,20.78,20.79,20.73,20.73,19077
20160406,20.79,20.87,20.79,20.87,15623
20160407,20.75,20.79,20.66,20.67,4928
20160408,20.83,20.84,20.77,20.8,64439
20160411,20.88,20.88,20.78,20.78,14157
20160412,20.79,20.86,20.79,20.83,10724
20160413,20.93,21.04,20.92,21.04,7090
20160414,21.03,21.06,20.99,21.02,6816
20160415,20.96,21.02,20.96,21.02,10734
20160418,21.03,21.09,21.02,21.07,8616
20160419,21.14,21.15,21.1,21.1,8080
20160420,21.04,21.18,21.03,21.18,5713
20160421,21.1,21.11,20.94,20.95,11497
20160422,20.92,21.09,20.92,21.02,13720
20160425,20.92,20.95,20.89,20.89,8957
20160426,20.89,21.05,20.89,21.03,12729
20160427,21.03,21.03,20.89,21,18230
20160428,20.83,21.03,20.83,20.87,6313
20160429,20.72,20.8,20.69,20.69,5804
20160502,20.87,20.95,20.87,20.9,10315
20160503,21.06,21.06,20.7,20.75,17348
20160504,20.71,20.83,20.7,20.83,12400
20160505,20.82,20.85,20.72,20.72,18132
20160506,20.62,20.86,20.62,20.81,9526
20160509,20.89,20.98,20.89,20.95,14453
20160510,20.95,21.05,20.95,21.01,5710
20160511,20.95,20.98,20.78,20.78,6257
20160512,20.82,20.87,20.74,20.87,4640
20160513,20.76,20.82,20.58,20.59,8044
20160516,20.76,20.85,20.76,20.85,11031
20160517,20.74,20.83,20.54,20.54,9721
20160518,20.51,20.57,20.41,20.54,10908
20160519,20.43,20.53,20.37,20.53,9958
20160520,20.7,20.72,20.65,20.69,9435
20160523,20.68,20.72,20.63,20.68,11488
20160524,20.99,21.09,20.99,21.09,5221
20160525,21.1,21.12,21.06,21.06,8764
20160526,21.12,21.14,21.1,21.11,9214
20160527,21.2,21.3,21.2,21.28,15255
20160531,21.3,21.3,21.21,21.29,20740
20160601,21.26,21.34,21.18,21.33,24152
20160602,21.33,21.4,21.31,21.38,18602
20160603,21.26,21.33,21.19,21.33,13361
20160606,21.32,21.46,21.32,21.42,13024
20160607,21.47,21.62,21.47,21.54,6723
20160608,21.55,21.73,21.55,21.73,5741
20160609,21.61,21.72,21.61,21.71,7529
20160610,21.54,21.54,21.28,21.39,12128
20160613,21.53,21.53,21.21,21.21,16058
20160614,21.03,21.15,21.03,21.12,5401
20160615,21.19,21.31,21.14,21.14,11309
20160616,21.06,21.17,20.99,21.17,9119
20160617,21.11,21.15,21.04,21.15,10875
20160620,21.09,21.48,21.09,21.41,6397
20160621,21.31,21.32,21.24,21.31,11355
20160622,21.31,21.39,21.28,21.28,18133
20160623,21.41,21.5,21.41,21.5,8578
20160624,21.06,21.06,20.8,20.84,6838
20160627,20.36,20.38,20.24,20.36,4609
20160628,20.38,20.65,20.38,20.63,9471
20160629,20.79,20.89,20.78,20.89,13200
20160630,20.82,21.07,20.82,21.07,8541
20160701,21.23,21.24,21.15,21.17,8755
20160705,21.11,21.14,21.07,21.14,6569
20160706,21.09,21.25,21.09,21.25,6869
20160707,21.27,21.28,21.15,21.2,11794
20160708,21.28,21.51,21.28,21.51,5887
20160711,21.52,21.61,21.51,21.57,24529
20160712,21.51,21.61,21.5,21.57,6505
20160713,21.63,21.63,21.58,21.58,13063
20160714,21.68,21.68,21.56,21.56,8634
20160715,21.56,21.59,21.53,21.53,6008
20160718,21.55,21.61,21.53,21.59,16915
20160719,21.55,21.6,21.52,21.55,4696
20160720,21.6,21.79,21.6,21.77,12995
20160721,21.77,21.81,21.67,21.72,8172
20160722,21.76,21.93,21.76,21.89,8561
20160725,21.85,21.91,21.85,21.88,8304
20160726,21.91,21.95,21.89,21.92,8269
20160727,21.93,21.93,21.8,21.86,6788
20160728,21.87,21.99,21.83,21.98,17616
20160729,21.89,22.06,21.89,21.98,10330
20160801,21.89,21.97,21.89,21.91,29534
20160802,21.69,21.69,21.59,21.61,11498
20160803,21.57,21.65,21.55,21.63,5235
20160804,21.59,21.74,21.59,21.7,11569
20160805,21.75,21.84,21.74,21.8,10652
20160808,21.73,21.73,21.7,21.73,8452
20160809,21.73,21.77,21.7,21.71,13721
20160810,21.72,21.74,21.67,21.71,8793
20160811,21.72,21.76,21.71,21.71,15966
20160812,21.68,21.69,21.6,21.69,12483
20160815,21.72,21.76,21.7,21.72,9536
20160816,21.58,21.58,21.47,21.47,8535
20160817,21.38,21.51,21.38,21.51,9294
20160818,21.42,21.63,21.42,21.62,11832
20160819,21.62,21.69,21.62,21.69,5466
20160822,21.69,21.76,21.67,21.73,13523
20160823,21.89,21.95,21.88,21.91,21851
20160824,21.84,21.9,21.79,21.79,8574
20160825,21.72,21.77,21.72,21.77,11732
20160826,21.71,21.81,21.59,21.59,4255
20160829,21.77,21.82,21.75,21.79,9672
20160830,21.74,21.76,21.7,21.7,9834
20160831,21.66,21.71,21.63,21.71,6222
20160901,21.55,21.67,21.55,21.65,11779
20160902,21.75,21.81,21.7,21.81,18968
20160906,21.78,21.78,21.68,21.72,9559
20160907,21.72,21.78,21.72,21.78,1071
20160908,21.73,21.73,21.68,21.71,22201
20160909,21.48,21.48,21.2,21.22,14023
20160912,20.96,21.32,20.96,21.3,24797
20160913,21.1,21.1,21.01,21.05,9676
20160914,20.99,21.09,20.99,20.99,17068
20160915,20.92,21.19,20.92,21.17,15809
20160916,21.03,21.07,20.77,21.03,8506
20160919,21.18,21.2,21.06,21.11,15377
20160920,21.12,21.16,21.06,21.1,11170
20160921,21.14,21.2,20.94,21.2,8864
20160922,21.33,21.42,21.33,21.41,9366
20160923,21.28,21.35,21.27,21.27,18683
20160926,21.17,21.17,21.12,21.15,5492
20160927,21.12,21.21,21.08,21.15,22469
20160928,21.19,21.21,21.08,21.18,15417
20160929,21.25,21.25,21.05,21.1,34771
20160930,21.1,21.33,21.1,21.33,20509
20161003,21.13,21.26,21.13,21.23,15290
20161004,21.26,21.31,21.12,21.16,26117
20161005,21.23,21.31,21.23,21.26,15838
20161006,21.13,21.27,21.13,21.25,8452
20161007,21.25,21.25,21.02,21.08,6174
20161010,21.24,21.25,21.21,21.21,9393
20161011,21.13,21.13,20.9,20.93,12953
20161012,20.93,21,20.93,20.99,7254
20161013,20.7,20.83,20.7,20.79,8133
20161014,20.77,20.86,20.77,20.82,11055
20161017,20.77,20.77,20.7,20.7,5898
20161018,20.74,20.85,20.73,20.76,13344
20161019,20.68,20.86,20.59,20.81,10997
20161020,20.55,20.58,20.54,20.54,6702
20161021,20.39,20.54,20.38,20.51,7665
20161024,20.65,20.65,20.59,20.6,19232
20161025,20.51,20.51,20.46,20.46,10854
20161026,20.46,20.51,20.43,20.43,10537
20161027,20.28,20.28,20.18,20.18,9251
20161028,20.22,20.26,20.13,20.19,5950
20161031,20.22,20.28,20.21,20.23,10651
20161101,20.17,20.17,19.977,20.12,8738
20161102,20.09,20.13,20.03,20.04,12714
20161103,20.05,20.06,19.972,20,12386
20161104,19.977,20.11,19.977,20.05,17972
20161107,20.22,20.35,20.22,20.32,13173
20161108,20.28,20.51,20.28,20.43,17148
20161109,20.25,20.95,20.25,20.94,29341
20161110,21.24,21.38,21.19,21.34,14809
20161111,21.41,21.7,21.41,21.7,8880
20161114,22.13,22.16,22.04,22.1,6588
20161115,21.91,22.1,21.87,22.09,8401
20161116,22.01,22.04,21.94,22.01,11384
20161117,22.1,22.23,22.1,22.2,14888
20161118,22.2,22.23,22.16,22.2,11316
20161121,22.17,22.28,22.15,22.28,11046
20161122,22.35,22.44,22.35,22.42,16719
20161123,22.51,22.64,22.49,22.64,13165
20161125,22.72,22.74,22.66,22.69,8928
20161128,22.53,22.58,22.53,22.55,4455
20161129,22.55,22.58,22.54,22.55,6823
20161130,22.64,22.64,22.53,22.57,5219
20161201,22.67,22.68,22.58,22.61,20519
20161202,22.6,22.6,22.48,22.56,9765
20161205,22.6,22.77,22.6,22.77,9656
20161206,22.77,22.97,22.76,22.97,8451
20161207,22.96,23.29,22.96,23.23,5000
20161208,23.39,23.51,23.39,23.43,8901
20161209,23.3,23.35,23.28,23.34,7130
20161212,23.2,23.21,23.12,23.13,9679
20161213,23.23,23.28,23.12,23.24,7834
20161214,23.2,23.25,23.13,23.16,6503
20161215,23.26,23.28,23.2,23.21,10125
20161216,23.2,23.34,23.07,23.11,12659
20161219,23.11,23.19,23.06,23.16,11745
20161220,23.27,23.38,23.27,23.38,8438
20161221,23.33,23.35,23.24,23.26,8822
20161222,23.13,23.14,22.97,23.02,3942
20161223,23,23.03,22.99,23,53892
20161227,23.14,23.14,23.07,23.13,23700
20161228,23.14,23.14,22.83,22.85,40524
20161229,22.91,22.91,22.77,22.77,4033
20161230,22.77,22.78,22.7,22.7,3260
20170103,22.79,22.79,22.73,22.79,7840
20170104,23,23.17,23,23.17,7005
20170105,22.8,22.89,22.8,22.86,18778
20170106,22.84,22.94,22.84,22.87,3880
20170109,22.74,22.77,22.66,22.71,5085
20170110,22.71,22.88,22.71,22.86,4636
20170111,22.85,22.91,22.77,22.91,4215
20170112,22.79,22.79,22.57,22.77,30701
20170113,23.02,23.02,22.93,22.95,6221
20170117,22.83,22.83,22.61,22.66,4984
20170118,22.73,22.73,22.66,22.67,12679
20170119,22.77,22.77,22.56,22.58,5716
20170120,22.68,22.72,22.61,22.64,23416
20170123,22.52,22.62,22.52,22.62,2840
20170124,22.75,22.94,22.74,22.9,9412
20170125,23.16,23.17,23.1,23.16,2938
20170126,23.17,23.17,23.1,23.14,4891
20170127,22.94,23,22.93,22.99,4607
20170130,22.74,22.85,22.71,22.85,3260
20170131,22.71,22.85,22.69,22.85,11527
20170201,22.91,22.91,22.75,22.78,10386
20170202,22.73,22.78,22.66,22.68,5996
20170203,22.85,22.97,22.85,22.96,3788
20170206,22.87,22.92,22.81,22.82,9118
20170207,22.81,22.87,22.7,22.74,12648
20170208,22.61,22.71,22.61,22.71,7700
20170209,22.93,22.98,22.9,22.94,12213
20170210,23.04,23.11,23.03,23.08,5915
20170213,23.23,23.24,23.16,23.18,5216
20170214,23.08,23.19,23.08,23.16,4800
20170215,23.11,23.29,23.11,23.29,3323
20170216,23.27,23.31,23.2,23.31,4767
20170217,23.3,23.36,23.3,23.35,9596
20170221,23.35,23.57,23.35,23.55,15549
20170222,23.53,23.55,23.47,23.51,7571
20170223,23.36,23.46,23.35,23.41,4716
20170224,23.3,23.46,23.3,23.45,9045
20170227,23.45,23.56,23.43,23.54,11712
20170228,23.46,23.47,23.31,23.35,2427
20170301,23.8,23.86,23.74,23.84,13309
20170302,23.8,23.8,23.61,23.62,4943
20170303,23.55,23.6,23.54,23.6,5201
20170306,23.48,23.57,23.48,23.53,2765
20170307,23.48,23.53,23.43,23.48,7069
20170308,23.53,23.55,23.38,23.44,8901
20170309,23.39,23.41,23.24,23.29,11377
20170310,23.26,23.27,23.18,23.22,3574
20170313,23.34,23.36,23.29,23.3,19574
20170314,23.19,23.27,23.15,23.24,9229
20170315,23.19,23.4,23.19,23.38,4716
20170316,23.43,23.51,23.42,23.45,5402
20170317,23.45,23.55,23.4,23.54,3616
20170320,23.45,23.48,23.39,23.39,5645
20170321,23.19,23.19,22.82,22.82,6692
20170322,22.75,22.78,22.7,22.75,4546
20170323,22.85,22.96,22.85,22.87,5635
20170324,22.94,22.96,22.77,22.77,4655
20170327,22.53,22.77,22.52,22.72,14416
20170328,22.69,22.91,22.69,22.91,7309
20170329,22.83,22.93,22.83,22.93,3524
20170330,23.03,23.1,22.99,23.08,4030
20170331,23.04,23.16,23.03,23.12,4943
20170403,22.93,22.95,22.74,22.82,7577
20170404,22.82,22.82,22.74,22.74,11924
20170405,23.04,23.04,22.65,22.65,9064
20170406,22.66,22.83,22.59,22.76,9500
20170407,22.7,22.81,22.7,22.73,4027
20170410,22.86,22.88,22.67,22.75,4699
20170411,22.89,22.89,22.64,22.84,6391
20170412,22.76,22.76,22.61,22.61,4374
20170413,22.6,22.6,22.35,22.39,9631
20170417,22.46,22.51,22.46,22.49,5649
20170418,22.55,22.69,22.52,22.69,5401
20170419,22.79,22.86,22.74,22.74,4697
20170420,22.78,23.14,22.78,23.14,4728
20170421,23.07,23.11,23.04,23.04,4752
20170424,23.15,23.35,23.15,23.34,9141
20170425,23.34,23.62,23.34,23.61,5927
20170426,23.65,23.78,23.65,23.78,7447
20170427,23.81,23.81,23.72,23.79,6108
20170428,23.76,23.76,23.56,23.61,5807
20170501,23.58,23.71,23.58,23.67,4277
20170502,23.56,23.7,23.56,23.69,9655
20170503,23.49,23.54,23.46,23.54,17158
20170504,23.49,23.62,23.47,23.59,8048
20170505,23.55,23.59,23.52,23.57,3916
20170508,23.5,23.59,23.49,23.55,11753
20170509,23.54,23.55,23.47,23.48,2486
20170510,23.43,23.61,23.43,23.61,3465
20170511,23.49,23.49,23.36,23.49,5599
20170512,23.29,23.31,23.27,23.3,3420
20170515,23.38,23.4,23.35,23.36,4900
20170516,23.37,23.4,23.28,23.4,5163
20170517,23.03,23.03,22.84,22.9,2717
20170518,22.97,22.97,22.74,22.88,9102
20170519,22.87,23.07,22.87,23.07,4077
20170522,23.05,23.06,23.01,23.06,3986
20170523,23.15,23.15,23.06,23.06,2294
20170524,23.11,23.11,23.01,23.02,4955
20170525,23.08,23.12,23.05,23.12,2312
20170526,23.04,23.13,23.04,23.1,4486
20170530,23.06,23.12,23.01,23.08,3189
20170531,22.91,23.13,22.91,23.1,9798
20170601,23.17,23.39,23.17,23.39,4011
20170602,23.43,23.62,23.43,23.52,2974
20170605,23.5,23.5,23.37,23.37,8857
20170606,23.2,23.23,23.12,23.23,4456
20170607,23.15,23.16,23.01,23.11,464096
20170608,23.12,23.38,23.04,23.37,72895
20170609,23.25,23.66,23.24,23.55,5370
20170612,23.48,23.48,23.45,23.48,4532
20170613,23.58,23.6,23.57,23.59,93167
20170614,23.54,23.55,23.39,23.49,10639
20170615,23.27,23.39,23.27,23.37,5978
20170616,23.27,23.29,23.25,23.27,4608
20170619,23.5,23.53,23.43,23.43,1858
20170620,23.31,23.31,23.28,23.3,7455
20170621,23.3,23.33,23.16,23.17,19979
20170622,23.16,23.3,23.14,23.24,4732
20170623,23.22,23.38,23.21,23.34,9418
20170626,23.43,23.48,23.4,23.48,4870
20170627,23.39,23.47,23.32,23.32,5151
20170628,23.71,23.74,23.7,23.74,4161
20170629,23.66,23.71,23.51,23.6,2619
20170630,23.62,23.68,23.59,23.68,1668
20170703,23.83,23.92,23.83,23.9,2064
20170705,23.77,23.81,23.68,23.75,6327
20170706,23.61,23.73,23.6,23.6,1634
20170707,23.65,23.82,23.61,23.82,5086
20170710,23.82,23.87,23.82,23.84,942
20170711,23.72,23.72,23.68,23.72,2178
20170712,23.93,23.96,23.84,23.88,2663
20170713,23.81,23.86,23.81,23.84,3023
20170714,23.9,23.97,23.89,23.97,1520
20170717,24.02,24.04,24.02,24.04,510
20170718,23.9,23.97,23.89,23.95,1961
20170719,24.08,24.11,24.03,24.09,3211
20170720,24.04,24.08,23.95,24.04,3975
20170721,24.06,24.06,23.98,23.99,4802
20170724,24.03,24.07,24.03,24.07,2488
20170725,24.01,24.13,24.01,24.07,2348
20170726,23.96,23.98,23.83,23.83,1904
20170727,23.71,23.75,23.47,23.47,641
20170728,23.43,23.44,23.36,23.39,6108
20170731,23.33,23.39,23.33,23.38,1221
20170801,23.4,23.51,23.4,23.51,2139
20170802,23.28,23.37,23.28,23.32,4132
20170803,23.32,23.32,23.18,23.21,7243
20170804,23.23,23.25,23.21,23.24,4569
20170807,23.2,23.3,23.2,23.24,844
20170808,23.22,23.42,23.22,23.27,3492
20170809,23.07,23.14,23.02,23.02,2641
20170810,22.74,22.77,22.69,22.77,2061
20170811,22.61,22.62,22.59,22.62,4828
20170814,22.69,22.99,22.69,22.99,1921
20170815,22.92,22.99,22.86,22.89,4124
20170816,22.88,23,22.88,22.91,2307
20170817,22.74,22.74,22.57,22.57,637
20170818,22.31,22.48,22.31,22.43,6973
20170821,22.34,22.35,22.32,22.33,11787
20170822,22.4,22.47,22.4,22.47,2300
20170823,22.31,22.35,22.26,22.26,5999
20170824,22.23,22.23,22.15,22.15,1507
20170825,22.21,22.28,22.21,22.28,3158
20170828,22.22,22.26,22.22,22.25,3084
20170829,22.11,22.28,22.11,22.28,1840
20170830,22.33,22.34,22.3,22.3,1017
20170831,22.43,22.49,22.43,22.49,6083
20170901,22.39,22.61,22.39,22.57,2911
20170905,22.51,22.51,22.3,22.35,2623
20170906,22.31,22.4,22.3,22.34,5268
20170907,22.28,22.34,22.28,22.32,3197
20170908,22.45,22.46,22.41,22.43,2372
20170911,22.56,22.6,22.56,22.6,960
20170912,22.69,22.71,22.69,22.71,3896
20170913,22.7,22.76,22.7,22.73,2423
20170914,22.7,22.77,22.7,22.73,1967
20170915,22.77,22.83,22.77,22.83,1042
20170918,23.01,23.04,22.98,23,1591
20170919,23,23.04,23,23.04,1899
20170920,23.01,23.12,23.01,23.11,4508
20170921,23.08,23.12,23.08,23.1,2235
20170922,23.11,23.21,23.11,23.21,3105
20170925,23.22,23.22,23.12,23.22,3317
20170926,23.31,23.34,23.3,23.34,2338
20170927,23.46,23.47,23.42,23.47,5396
20170928,23.61,23.75,23.61,23.75,3821
20170929,23.81,23.87,23.81,23.82,2399
20171002,23.89,24.06,23.86,24.06,3354
20171003,23.99,24.06,23.98,24.06,6290
20171004,24.15,24.15,24.03,24.07,1779
20171005,24.07,24.16,24.06,24.1,4555
20171006,24.07,24.13,24.04,24.11,1668
20171009,24.11,24.12,24.04,24.05,3557
20171010,24.09,24.12,24.08,24.12,3859
20171011,24.13,24.17,24.12,24.12,3914
20171012,24.14,24.26,24.14,24.24,4390
20171013,24.2,24.25,24.2,24.22,6163
20171016,24.28,24.3,24.25,24.3,5444
20171017,24.28,24.3,24.21,24.21,2108
20171018,24.28,24.36,24.28,24.35,5087
20171019,24.14,24.33,24.14,24.32,2018
20171020,24.51,24.52,24.5,24.52,3102
20171023,24.54,24.54,24.5,24.51,1875
20171024,24.57,24.59,24.56,24.56,1667
20171025,24.61,24.61,24.4,24.55,2889
20171026,24.7,24.73,24.7,24.71,1654
20171027,24.67,24.76,24.65,24.76,2022
20171030,24.62,24.7,24.5,24.55,1710
20171031,24.6,24.78,24.6,24.78,4589
20171101,24.63,24.63,24.55,24.59,2456
20171102,24.53,24.64,24.53,24.58,2858
20171103,24.52,24.59,24.52,24.56,11718
20171106,24.55,24.57,24.54,24.54,2069
20171107,24.38,24.39,24.29,24.33,3784
20171108,24.24,24.35,24.2,24.35,2671
20171109,24.24,24.24,24.01,24.12,2891
20171110,24.14,24.17,24.12,24.13,4376
20171113,24.03,24.13,24.03,24.12,2577
20171114,24.09,24.19,24.09,24.14,1953
20171115,24.09,24.09,24.01,24.01,3563
20171116,24.1,24.28,24.1,24.24,6723
20171117,24.1,24.25,24.08,24.22,4414
20171120,24.3,24.37,24.3,24.34,3769
20171121,24.34,24.53,24.34,24.52,2867
20171122,24.5,24.5,24.47,24.47,1823
20171124,24.46,24.48,24.44,24.48,4336
20171127,24.47,24.49,24.44,24.44,2536
20171128,24.51,24.68,24.51,24.67,2470
20171129,24.89,24.92,24.79,24.82,2614
20171130,24.88,25.08,24.88,25.01,1418
20171201,24.63,24.78,24.62,24.78,1609
20171204,25.17,25.17,24.88,24.89,2846
20171205,24.82,24.85,24.72,24.72,1097
20171206,24.7,24.76,24.67,24.68,2068
20171207,24.7,24.74,24.68,24.68,2773
20171208,24.66,24.81,24.66,24.73,1986
20171211,24.73,24.73,24.62,24.62,2301
20171212,24.58,24.62,24.54,24.54,2056
20171213,24.59,24.72,24.56,24.56,2718
20171214,24.63,24.63,24.5,24.5,1751
20171215,24.39,24.79,24.39,24.78,4938
20171218,24.88,24.89,24.8,24.84,7060
20171219,24.91,24.91,24.84,24.89,2159
20171220,24.9,24.9,24.78,24.85,7078
20171221,24.94,24.96,24.92,24.95,1313
20171222,24.76,24.8,24.76,24.8,733
20171226,24.86,24.86,24.75,24.77,3849
20171227,24.79,24.81,24.74,24.74,2023
20171228,24.78,24.79,24.75,24.76,2427
20171229,24.77,24.8,24.74,24.74,2017
20180102,24.78,24.78,24.66,24.66,9116
20180103,24.81,24.89,24.77,24.89,6685
20180104,24.87,25.07,24.87,25.05,1881
20180105,25,25.18,25,25.18,3068
20180108,25.15,25.29,25.15,25.29,1425
20180109,25.38,25.44,25.38,25.38,3787
20180110,25.32,25.42,25.32,25.34,3788
20180111,25.53,25.65,25.51,25.65,3679
20180112,25.62,25.9,25.62,25.78,1276
20180116,25.98,25.98,25.53,25.53,1960
20180117,25.61,25.79,25.61,25.79,2973
20180118,25.65,25.68,25.62,25.66,4430
20180119,25.81,25.91,25.81,25.91,1296
20180122,25.83,25.92,25.8,25.91,2862
20180123,25.98,26.09,25.95,26.02,7044
20180124,26.01,26.03,25.91,26.03,2123
20180125,25.85,25.99,25.85,25.99,900
20180126,25.95,26.03,25.93,26.03,721
20180129,26.09,26.09,26,26,918
20180130,25.69,25.74,25.63,25.64,3546
20180131,25.66,25.67,25.52,25.52,1147
20180201,25.36,25.56,25.36,25.56,1053
20180202,25.43,25.43,25.18,25.18,4341
20180205,25.11,25.11,24.55,24.64,5772
20180206,24.26,24.6,24.26,24.56,18801
20180207,24.44,24.49,24.44,24.47,1602
20180208,24.33,24.44,24.33,24.41,1105
20180209,24.25,24.29,24.17,24.29,1710
20180212,24.3,24.36,24.28,24.35,1833
20180213,24.29,24.33,24.29,24.32,6117
20180214,24.35,24.36,24.34,24.36,1436
20180215,24.39,24.44,24.39,24.42,3725
20180216,24.46,24.53,24.44,24.47,4726
20180220,24.3,24.47,24.3,24.38,12855
20180221,24.5,24.62,24.5,24.52,730413
20180222,24.53,24.56,24.48,24.49,68597
20180223,24.52,24.53,24.46,24.53,2825
20180226,24.57,24.62,24.54,24.62,6017
20180227,24.65,24.68,24.54,24.54,13307
20180228,24.52,24.52,24.3,24.3,4560
20180301,24.22,24.27,24.12,24.2,7376
20180302,24.01,24.23,24,24.22,15400
20180305,24.17,24.4,24.17,24.4,7249
20180306,24.42,24.56,24.41,24.56,32797
20180307,24.53,24.63,24.52,24.6,3005
20180308,24.61,24.65,24.59,24.65,2512
20180309,24.93,24.98,24.92,24.98,2561
20180312,25.02,25.02,24.94,25.02,12329
20180313,25.06,25.07,24.93,24.93,6445
20180314,24.9,24.9,24.73,24.74,6771
20180315,24.74,24.77,24.69,24.73,6534
20180316,24.89,25,24.85,24.87,3786
20180319,24.82,24.82,24.55,24.69,3170
20180320,24.75,24.78,24.68,24.69,10462
20180321,24.67,24.74,24.65,24.73,27267
20180322,24.37,24.39,24.37,24.39,3408
20180323,24.11,24.11,23.73,23.86,5872
20180326,23.8,23.8,23.62,23.8,1731
20180327,23.78,23.83,23.59,23.59,10704
20180328,23.66,23.73,23.62,23.65,1727
20180329,23.77,23.93,23.77,23.91,12940
20180402,23.78,23.78,23.35,23.45,6124
20180403,23.56,23.75,23.56,23.72,3027
20180404,23.63,23.83,23.63,23.82,2793
20180405,23.95,23.98,23.93,23.93,3781
20180406,23.96,23.96,23.62,23.62,3919
20180409,23.84,23.86,23.74,23.74,5369
20180410,23.93,23.99,23.93,23.99,2871
20180411,23.81,23.91,23.81,23.81,4109
20180412,23.97,23.97,23.93,23.96,2182
20180413,23.87,23.9,23.84,23.9,942
20180416,24.06,24.19,24.06,24.19,2259
20180417,24.2,24.35,24.2,24.24,6450
20180418,24.32,24.33,24.31,24.31,2586
20180419,24.19,24.21,24.11,24.11,6153
20180420,23.92,23.98,23.92,23.98,1359
20180423,24.04,24.04,23.93,23.93,359
20180424,24.04,24.1,23.76,23.89,6440
20180425,23.86,24.03,23.86,24.03,3437
20180426,23.83,23.92,23.83,23.92,1565
20180427,23.7,23.72,23.7,23.72,741
20180430,23.88,23.88,23.64,23.66,5382
20180501,23.33,23.53,23.3,23.52,3418
20180502,23.48,23.5,23.41,23.41,3787
20180503,23.23,23.53,23.23,23.47,17572
20180504,23.5,23.69,23.5,23.69,2342
20180507,23.56,23.73,23.56,23.68,4061
20180508,23.71,23.71,23.59,23.62,3786
20180509,23.51,23.68,23.5,23.68,3437
20180510,23.74,23.78,23.74,23.76,1917
20180511,23.75,23.78,23.75,23.78,6706
20180514,23.62,23.65,23.59,23.63,7955
20180515,23.65,23.71,23.65,23.7,13586
20180516,23.79,23.94,23.75,23.92,5891
20180517,24.01,24.03,23.95,23.97,7774
20180518,24,24.05,23.98,24.03,6773
20180521,24.14,24.19,24.13,24.16,22429
20180522,24.25,24.26,24.07,24.07,34097
20180523,24,24.19,24,24.19,5500
20180524,24.04,24.31,24.04,24.31,11784
20180525,24.15,24.38,24.15,24.33,26948
20180529,24.33,24.33,24.12,24.18,8630
20180530,24.55,24.66,24.55,24.61,2129
20180531,24.59,24.61,24.42,24.42,2716
20180601,24.51,24.55,24.5,24.55,5641
20180604,24.64,24.76,24.64,24.76,7304
20180605,24.83,24.85,24.71,24.71,3568
20180606,24.8,24.86,24.75,24.86,2965
20180607,24.85,24.86,24.7,24.76,3083
20180608,24.78,24.87,24.78,24.86,7224
20180611,24.78,24.83,24.72,24.75,5922
20180612,24.75,24.79,24.67,24.7,3353
20180613,24.73,24.73,24.66,24.66,4057
20180614,24.72,24.77,24.69,24.77,4312
20180615,24.76,24.82,24.75,24.8,2575
20180618,24.96,24.97,24.78,24.9,3448
20180619,24.68,24.88,24.68,24.85,5299
20180620,24.85,25,24.85,24.97,5243
20180621,24.74,24.86,24.74,24.85,7155
20180622,24.71,24.72,24.57,24.62,6891
20180625,24.71,24.71,24.29,24.34,5773
20180626,24.36,24.43,24.34,24.42,3972
20180627,24.33,24.34,24.16,24.16,5461
20180628,23.99,24.1,23.96,24.08,11271
20180629,24.09,24.2,24.09,24.1,6998
20180702,23.87,24.05,23.87,24.04,3086
20180703,24.2,24.2,24.16,24.17,3674
20180705,24.1,24.28,24.1,24.28,7141
20180706,24.36,24.51,24.36,24.45,5600
20180709,24.46,24.59,24.46,24.51,14554
20180710,24.57,24.57,24.5,24.53,1006
20180711,24.57,24.58,24.44,24.48,6233
20180712,24.41,24.5,24.41,24.47,3918
20180713,24.53,24.54,24.47,24.47,4724
20180716,24.32,24.34,24.23,24.24,4147
20180717,24.4,24.46,24.37,24.45,3526
20180718,24.36,24.45,24.36,24.45,3603
20180719,24.59,24.67,24.59,24.67,6333
20180720,24.55,24.67,24.55,24.59,12038
20180723,24.54,24.63,24.53,24.61,6355
20180724,24.55,24.55,24.33,24.36,10353
20180725,24.04,24.08,23.98,24.07,6770
20180726,24.46,24.58,24.46,24.54,3129
20180727,24.46,24.46,24.34,24.35,2630
20180730,24.38,24.38,24.25,24.25,5796
20180731,24.32,24.45,24.32,24.44,3290
20180801,24.35,24.35,24.13,24.28,4636
20180802,24.31,24.46,24.31,24.41,4772
20180803,24.28,24.3,24.28,24.3,1294
20180806,24.39,24.4,24.36,24.39,2339
20180807,24.58,24.58,24.51,24.54,2213
20180808,24.46,24.49,24.46,24.49,1376
20180809,24.71,24.71,24.56,24.59,5890
20180810,24.59,24.67,24.53,24.55,1849
20180813,24.53,24.53,24.34,24.48,3850
20180814,24.66,24.73,24.66,24.72,13994
20180815,24.45,24.52,24.42,24.46,8273
20180816,24.72,24.75,24.7,24.73,3952
20180817,24.85,24.99,24.85,24.94,2992
20180820,25.12,25.12,24.99,25.11,4184
20180821,24.96,25.38,24.96,25.32,70677
20180822,25.17,25.17,25.1,25.12,23649
20180823,25.04,25.06,24.94,25,7087
20180824,24.94,25.01,24.92,25,7977
20180827,25.18,25.18,25.04,25.04,23028
20180828,24.97,24.97,24.91,24.91,8103
20180829,25.03,25.03,24.99,25.01,5271
20180830,24.85,25.01,24.8,24.87,2903
20180831,24.89,24.94,24.87,24.94,7048
20180904,25.11,25.11,24.83,24.97,5718
20180905,24.88,25.08,24.88,25.01,173100
20180906,25.04,25.06,24.98,25.02,4788
20180907,24.82,24.88,24.8,24.88,3561
20180910,24.9,25.07,24.9,25.06,15883
20180911,24.95,25.07,24.93,25.01,5646
20180912,24.94,25.03,24.89,24.96,63880
20180913,24.95,24.96,24.91,24.96,4971
20180914,25.01,25.16,25.01,25.16,2304
20180917,24.93,24.97,24.92,24.97,1771
20180918,24.8,24.95,24.8,24.93,7310
20180919,24.95,24.95,24.77,24.78,6827
20180920,24.78,24.8,24.76,24.77,6234
20180921,24.68,24.72,24.68,24.72,7493
20180924,24.56,24.56,24.36,24.46,3758
20180925,24.5,24.5,24.41,24.43,5123
20180926,24.38,24.41,24.34,24.4,2388
20180927,24.14,24.23,24.14,24.15,4271
20180928,24.12,24.17,24.12,24.17,1154
20181001,24.1,24.13,24.08,24.12,5595
20181002,23.89,23.97,23.88,23.89,7169
20181003,24.01,24.04,23.96,23.97,6587
20181004,23.86,23.87,23.74,23.76,2287
20181005,23.76,23.76,23.54,23.64,5692
20181008,23.58,23.64,23.49,23.64,3578
20181009,23.59,23.59,23.55,23.57,2411
20181010,23.19,23.19,23.11,23.12,822
20181011,22.67,22.8,22.48,22.59,2265
20181012,22.6,22.6,22.22,22.31,4292
20181015,22.3,22.49,22.3,22.45,4173
20181016,22.52,22.6,22.52,22.58,5596
20181017,22.55,22.63,22.55,22.6,4674
20181018,22.61,22.61,22.47,22.5,5219
20181019,22.52,22.52,22.41,22.44,3262
20181022,22.45,22.5,22.43,22.44,5106
20181023,22.34,22.42,22.29,22.42,7056
20181024,22.32,22.32,22.15,22.17,2730
20181025,22.15,22.17,22.1,22.1,3812
20181026,22,22.02,22,22.02,1084
20181029,22.06,22.06,22.04,22.04,6606
20181030,21.99,22.06,21.99,22.03,3900
20181031,22.05,22.05,21.97,22.04,4305
20181101,22.02,22.03,21.99,22.03,2475
20181102,22,22.05,21.98,22.05,4271
20181105,22.03,22.09,22.03,22.05,3120
20181106,22.04,22.08,22.04,22.08,1348
20181107,21.99,22.12,21.99,22.12,13612
20181108,22.12,22.15,22.12,22.15,1526
20181109,22.09,22.09,22,22.03,5725
20181112,22.03,22.03,21.97,21.99,113773
20181113,21.95,21.97,21.95,21.95,3142
20181114,21.99,21.99,21.9,21.94,5009
20181115,21.85,21.97,21.85,21.95,3319
20181116,21.87,21.96,21.87,21.91,4004
20181119,21.88,21.88,21.75,21.77,3408
20181120,21.58,21.72,21.58,21.59,4780
20181121,21.8,21.8,21.76,21.77,3927
20181123,21.76,21.79,21.76,21.77,6905
20181126,21.77,21.79,21.77,21.79,884
20181127,21.77,21.8,21.76,21.76,3123
20181128,21.81,21.88,21.81,21.85,5567
20181129,21.8,21.89,21.8,21.87,2931
20181130,21.88,21.92,21.86,21.92,6795
20181203,21.98,22.01,21.93,22,1997
20181204,21.87,21.87,21.65,21.7,4508
20181206,21.38,21.43,21.27,21.41,7228
20181207,21.55,21.55,21.29,21.3,20575
20181210,21.22,21.26,21.11,21.21,4210
20181211,21.34,21.34,21.2,21.29,5691
20181212,21.33,21.4,21.33,21.36,4559
20181213,21.25,21.28,21.22,21.25,6672
20181214,21.23,21.23,21.17,21.17,5914
20181217,21.17,21.17,21.08,21.08,6518
20181218,21.11,21.12,21.08,21.08,5501
20181219,21.07,21.12,21.07,21.1,4268
20181220,21.06,21.06,20.96,20.99,4580
20181221,21.02,21.02,20.93,20.94,29389
20181224,20.96,21.02,20.95,20.96,8194
20181226,20.94,21.01,20.94,20.99,19804
20181227,20.96,20.97,20.95,20.97,1745
20181228,20.98,21.04,20.98,20.98,4406
20181231,20.98,21.01,20.98,21.01,1072
20190102,20.98,21.01,20.98,20.98,2044
20190103,20.98,21.03,20.98,21.03,10096
20190104,21.16,21.16,21,21.03,6535
20190107,20.9,21,20.9,20.98,6288
20190108,20.98,21,20.98,20.99,3058
20190109,21.17,21.17,20.98,20.98,2797
20190110,21,21.02,20.97,21,2423
20190111,20.95,21,20.94,21,4455
20190114,20.96,20.99,20.94,20.94,9131
20190115,20.91,20.96,20.9,20.91,5400
20190116,20.97,21.01,20.97,20.98,7169
20190117,21.06,21.07,21.01,21.03,5860
20190118,21.05,21.19,21.05,21.12,6983
20190122,21.06,21.07,21.01,21.01,5839
20190123,21.03,21.05,20.91,20.99,7171
20190124,20.97,20.98,20.95,20.95,6227
20190125,21.15,21.15,20.98,20.98,7499
20190128,20.93,20.97,20.86,20.97,16938
20190129,21.05,21.12,21.03,21.05,7148
20190130,20.9,21.03,20.9,20.99,5284
20190131,20.98,21.05,20.98,21.05,2210
20190201,21.06,21.1,21.02,21.05,1961
20190204,21.08,21.22,21.08,21.19,2708
20190205,21.31,21.36,21.26,21.26,2488
20190206,21.23,21.32,21.2,21.27,5855
20190207,20.92,21.11,20.88,21.02,3213
20190208,20.89,21.05,20.82,21.04,21405
20190211,21.35,21.48,21.34,21.48,4560
20190212,21.5,21.84,21.5,21.83,4181
20190213,21.91,21.91,21.73,21.84,3353
20190214,21.7,21.78,21.7,21.77,4686
20190215,22.08,22.17,22.04,22.04,2224
20190219,22.05,22.33,21.97,22.33,5803
20190220,22.28,22.49,22.28,22.47,9311
20190221,22.46,22.46,22.33,22.33,8718
20190222,22.43,22.52,22.43,22.52,10858
20190225,22.52,22.64,22.52,22.54,1413
20190226,22.53,22.59,22.5,22.56,7393
20190227,22.44,22.63,22.44,22.59,9081
20190228,22.47,22.49,22.44,22.44,13012
20190301,22.5,22.55,22.42,22.55,8483
20190304,22.78,22.78,22.29,22.43,2848
20190305,22.36,22.48,22.33,22.45,7173
20190306,22.31,22.32,22,22,4403
20190307,21.81,21.86,21.69,21.73,3503
20190308,21.58,21.59,21.54,21.59,2287
20190311,21.73,21.83,21.73,21.8,4326
20190312,21.79,21.87,21.78,21.87,8961
20190313,21.95,22.03,21.93,21.97,173113
20190314,21.83,21.92,21.79,21.81,390681
20190315,21.86,21.92,21.8,21.84,36238
20190318,21.69,21.95,21.69,21.95,6195
20190319,21.93,21.93,21.7,21.7,6718
20190320,21.53,21.61,21.52,21.61,6803
20190321,21.57,21.58,21.54,21.54,1428
20190322,21.11,21.11,20.96,21,6653
20190325,21.03,21.03,20.91,20.94,1716
20190326,21.12,21.12,21,21,4298
20190327,21.15,21.19,21.08,21.19,5316
20190328,21.31,21.37,21.26,21.36,8932
20190329,21.42,21.42,21.39,21.4,4234
20190401,21.59,21.68,21.59,21.67,2951
20190402,21.54,21.59,21.51,21.59,7806
20190403,21.73,21.75,21.69,21.73,3106
20190404,21.82,21.83,21.76,21.83,53703
20190405,21.95,21.99,21.95,21.98,1524
20190408,21.87,21.95,21.87,21.9,5738
20190409,21.8,21.8,21.7,21.78,2171
20190410,21.65,21.78,21.65,21.78,10367
20190411,21.9,21.9,21.86,21.87,14886
20190412,22.01,22.06,22,22.05,5575
20190415,22.02,22.02,21.94,22,10050
20190416,22,22.04,22,22.04,534
20190417,22.11,22.15,22.08,22.08,947
20190418,22.16,22.19,22.07,22.18,1262
20190422,22.08,22.08,22.06,22.06,1861
20190423,22.33,22.36,22.31,22.32,4797
20190424,22.35,22.35,22.24,22.29,3403
20190425,22.06,22.27,22.06,22.11,1716
20190426,22.24,22.28,22.23,22.23,1760
20190429,22.32,22.37,22.27,22.3,12409
20190430,22.15,22.17,22.07,22.11,4785
20190501,22,22,21.99,22,1982
20190502,21.94,21.96,21.85,21.96,1815
20190503,22.18,22.18,22.13,22.18,5308
20190506,21.95,22.09,21.93,22.08,2348
20190507,21.81,21.85,21.63,21.63,8101
20190508,21.69,21.73,21.66,21.71,2419
20190509,21.49,21.79,21.46,21.79,7346
20190510,21.49,21.81,21.45,21.81,2248
20190513,21.22,21.26,21.1,21.12,2203
20190514,21.14,21.31,21.13,21.29,2437
20190515,21.19,21.26,21.19,21.22,6311
20190516,21.41,21.45,21.39,21.45,4819
20190517,21.31,21.39,21.2,21.2,10107
20190520,21.11,21.2,21.11,21.16,3140
20190521,21.32,21.34,21.28,21.32,5420
20190522,21.26,21.26,21.11,21.11,1255
20190523,20.71,20.82,20.68,20.68,6745
20190524,20.78,20.85,20.77,20.82,2677
20190528,20.77,20.81,20.72,20.72,3516
20190529,20.52,20.57,20.51,20.51,1516
20190530,20.62,20.62,20.47,20.48,3304
20190531,20.23,20.4,20.23,20.3,418257
20190603,20.42,20.56,20.38,20.46,215987
20190604,20.77,20.95,20.77,20.95,3322
20190605,20.91,21.03,20.91,20.98,1874
20190606,20.97,20.97,20.86,20.94,4488
20190607,21.04,21.11,21.02,21.05,2310
20190610,21.18,21.2,21.14,21.14,4081
20190611,21.15,21.16,21.04,21.09,1869
20190612,21.09,21.14,21.06,21.1,4033
20190613,21.24,21.28,21.17,21.23,4662
20190614,21.19,21.26,21.18,21.22,6551
20190617,21.2,21.25,21.14,21.14,5585
20190618,21.39,21.39,21.32,21.32,2260
20190619,21.3,21.34,21.28,21.34,3431
20190620,21.46,21.46,21.36,21.44,7198
20190621,21.39,21.47,21.38,21.38,3378
20190624,21.3,21.41,21.27,21.28,10793
20190625,21.26,21.31,21.24,21.3,5557
20190626,21.26,21.27,21.24,21.24,2211
20190627,21.34,21.46,21.34,21.42,3673
20190628,21.59,21.66,21.59,21.65,4158
20190701,21.79,21.79,21.72,21.78,2230
20190702,21.73,21.73,21.61,21.61,2657
20190703,21.8,21.87,21.8,21.87,5449
20190705,21.8,21.86,21.69,21.83,3401
20190708,21.87,21.87,21.7,21.74,4668
20190709,21.64,21.71,21.63,21.71,26291
20190710,21.74,21.77,21.65,21.75,3396
20190711,21.57,21.66,21.57,21.62,2686
20190712,21.78,21.98,21.78,21.98,8295
20190715,21.86,21.89,21.82,21.85,4623
20190716,21.87,21.91,21.82,21.86,2394
20190717,21.8,21.8,21.71,21.75,1120
20190718,21.64,21.71,21.63,21.71,3164
20190719,21.77,21.82,21.74,21.82,1068
20190722,21.56,21.65,21.56,21.63,961
20190723,21.57,21.62,21.53,21.62,1329
20190724,21.59,21.78,21.59,21.78,2537
20190725,21.77,21.83,21.73,21.78,1863
20190726,21.87,21.95,21.86,21.9,1399
20190729,21.91,21.92,21.91,21.92,811
20190730,21.66,21.89,21.66,21.89,8522
20190731,21.76,21.89,21.76,21.89,1205
20190801,21.72,21.73,21.7,21.71,843
20190802,21.14,21.16,21.09,21.16,3656
20190805,20.75,20.75,20.64,20.66,1141
20190806,20.84,21,20.82,21,7085
20190807,20.8,20.96,20.8,20.93,1165
20190808,21.2,21.33,21.2,21.3,1237
20190809,21.15,21.19,21.11,21.19,1629
20190812,20.99,21.01,20.95,20.95,1416
20190813,21.03,21.16,21.03,21.13,4716
20190814,20.82,20.89,20.79,20.79,5830
20190815,20.78,20.78,20.72,20.73,1798
20190816,20.86,20.94,20.82,20.93,1851
20190819,21.15,21.19,21.14,21.14,637
20190820,21.11,21.18,21.09,21.18,1887
20190821,21.31,21.31,21.26,21.27,2626
20190822,21.16,21.3,21.16,21.3,3365
20190823,21.28,21.31,20.83,20.83,909
20190826,20.92,20.97,20.9,20.95,1132
20190827,21.02,21.07,21.01,21.05,2506
20190828,21.01,21.18,21.01,21.15,1495
20190829,21.22,21.39,21.22,21.35,4007
20190830,21.46,21.46,21.33,21.38,2522
20190903,21.21,21.25,21.18,21.18,2760
20190904,21.35,21.36,21.33,21.33,940
20190905,21.55,21.65,21.55,21.63,4014
20190906,21.66,21.69,21.62,21.62,1104
20190909,21.53,21.54,21.44,21.49,3228
20190910,21.42,21.59,21.41,21.53,203366
20190911,21.65,21.7,21.63,21.7,8758
20190912,21.71,21.86,21.69,21.84,3519
20190913,21.89,21.89,21.89,21.89,413
20190916,21.67,21.67,21.67,21.67,398
20190917,21.615,21.6399,21.615,21.6399,304
20190918,21.6,21.6,21.52,21.52,859
20190919,21.63,21.665,21.5,21.5,1394
20190920,21.56,21.56,21.4084,21.4084,1134
20190923,21.25,21.4701,21.25,21.4701,582
20190925,21.37,21.5539,21.37,21.5539,1444
20190926,21.481,21.481,21.48,21.48,7002
20190927,21.48,21.48,21.46,21.4671,661
20190930,21.5803,21.5803,21.5753,21.5753,347
20191001,21.5901,21.5901,21.5129,21.5129,230
20191002,20.92,20.92,20.8239,20.8239,734
20191003,20.84,20.84,20.84,20.84,126
20191004,20.962,20.962,20.962,20.962,103
20191007,21.0001,21.0339,21.0001,21.0339,490
20191008,20.7599,20.8439,20.7599,20.8339,1515
20191009,20.8,20.8667,20.8,20.8667,397
20191010,20.9401,20.9401,20.9,20.9203,1283
20191011,21.3001,21.3001,21.3001,21.3001,234
20191014,21.1919,21.2039,21.18,21.18,1341
20191015,21.3301,21.345,21.3301,21.345,388
20191016,21.38,21.4399,21.38,21.4139,2796
20191017,21.53,21.6279,21.53,21.6279,2256
20191018,21.62,21.6902,21.56,21.665,1385
20191021,21.75,21.83,21.75,21.77,1172
20191022,21.905,21.94,21.905,21.94,266
20191023,21.9379,21.9439,21.8838,21.8838,1178
20191024,21.91,21.91,21.91,21.91,3751
20191025,22,22.0759,22,22.0759,546
