Date,Open,High,Low,Close,Volume
20190531,20.37,20.4879,20.37,20.4879,1319332
20190603,20.5334,21.765,20.5001,20.64,951231
20190604,20.49,20.49,20.3523,20.4001,14625
20190605,20.37,20.38,20.2925,20.32,10016
20190606,20.4501,20.49,20.3247,20.35,9358
20190607,20.57,20.57,20.46,20.53,24256
20190610,20.43,20.43,20.29,20.36,6692
20190611,20.3206,20.3574,20.29,20.3574,4704
20190612,20.32,20.3302,20.3008,20.3302,9375
20190613,20.38,20.43,20.38,20.4274,8734
20190614,20.44,20.5029,20.44,20.45,16051
20190617,20.4,20.54,20.4,20.5068,13424
20190618,20.59,20.6,20.55,20.5619,4981
20190619,20.6,20.6292,20.55,20.6292,36072
20190620,20.8,20.8,20.72,20.7542,10575
20190621,20.7297,20.7552,20.711,20.7374,43028
20190624,20.7217,20.77,20.71,20.71,17045
20190625,20.6959,20.6959,20.6223,20.6341,17637
20190626,20.65,20.67,20.61,20.619,4369
20190627,20.6531,20.7,20.6531,20.66,8221
20190628,20.7003,20.74,20.66,20.6984,13838
20190701,20.79,20.79,20.69,20.6957,23058
20190702,20.7431,20.75,20.7,20.7433,26764
20190703,20.7505,20.81,20.75,20.81,14411
20190705,20.7,20.75,20.68,20.71,6069
20190708,20.694,20.73,20.65,20.6635,7289
20190709,20.67,20.68,20.61,20.62,19331
20190710,20.6941,20.73,20.67,20.7156,12257
20190711,20.67,20.69,20.61,20.63,12241
20190712,20.64,20.6876,20.62,20.6682,15056
20190715,20.69,20.73,20.67,20.68,14790
20190716,20.68,20.69,20.63,20.68,75693
20190717,20.66,20.71,20.64,20.64,61462
20190718,20.75,20.75,20.6,20.6601,14782
20190719,20.61,20.69,20.61,20.61,5238
20190722,20.6,20.7,20.6,20.66,8114
20190723,20.66,20.695,20.66,20.695,492488
20190724,20.66,20.75,20.66,20.7,209919
20190725,20.6951,20.73,20.66,20.6901,9405
20190726,20.73,20.78,20.73,20.78,3056
20190729,20.7644,20.7644,20.69,20.7109,15501
20190730,20.65,20.7495,20.65,20.7495,6596
20190731,20.7431,20.79,20.63,20.6657,10778
20190801,20.71,20.8,20.71,20.7461,3986
20190802,20.62,20.68,20.6,20.6573,16536
20190805,20.5499,20.5499,20.41,20.4301,12068
20190806,20.52,20.54,20.46,20.54,12694
20190807,20.47,20.559,20.46,20.559,3280
20190808,20.65,20.65,20.59,20.6023,3965
20190809,20.59,20.62,20.57,20.57,1607
20190812,20.53,20.5622,20.51,20.51,12110
20190813,20.7295,20.7295,20.5801,20.68,18864
20190814,20.9,21.0899,20.9,21.0367,14184
20190815,21.1,21.29,21.1,21.29,12339
20190816,21.1136,21.2,21.0323,21.1,151246
20190819,20.85,20.9199,20.82,20.82,7302
20190820,21.0599,21.0599,20.96,21.0497,7570
20190821,20.93,21.0839,20.93,20.9461,308549
20190822,20.8542,20.8547,20.7898,20.85,9267
20190823,20.9722,21.1161,20.95,21.0606,5180
20190826,21.12,21.12,21.0175,21.0175,3160
20190827,21.1858,21.19,21.085,21.1274,46203
20190828,21.15,21.1981,21.15,21.1877,5594
20190829,21.14,21.26,21.14,21.2134,10162
20190830,21.1794,21.1794,21.14,21.16,5161
20190903,21.03,21.1199,21.03,21.1199,11798
20190904,21.14,21.16,21.1,21.16,5623
20190905,21.2102,21.28,21.1947,21.23,10291
20190906,21.4,21.4,21.2416,21.25,9910
20190909,21.2501,21.29,21.23,21.2405,6416
20190910,21.2447,21.3026,21.2447,21.2674,6823
20190911,21.2988,21.302,21.26,21.2842,8918
20190912,21.2801,21.3234,21.28,21.309,2447
20190913,21.308,21.315,21.26,21.2865,5606
20190916,21.3344,21.3364,21.28,21.3364,6071
20190917,21.0489,21.0489,21.02,21.0385,4787
20190918,21.0652,21.0652,20.99,21.0458,5724
20190919,21.04,21.079,21.01,21.01,12984
20190920,21.08,21.08,20.9808,21.021,13561
20190923,20.94,21.07,20.94,21.07,4832
20190924,21.0541,21.0635,20.99,20.99,4140
20190925,20.91,21,20.91,20.98,6472
20190926,20.96,21.0199,20.96,20.982,4082
20190927,20.95,20.9589,20.9201,20.932,3388
20190930,20.92,20.9735,20.92,20.94,9394
20191001,20.96,20.9825,20.9,20.9264,7485
20191002,20.89,20.89,20.78,20.7918,6419
20191003,20.95,20.95,20.74,20.8065,2513
20191004,20.8453,20.86,20.8,20.8202,20765
20191007,20.83,20.89,20.83,20.8636,12495
20191008,20.77,20.81,20.76,20.7839,12761
20191009,20.98,20.98,20.8,20.8413,15570
20191010,20.8405,20.89,20.83,20.8669,9656
20191011,21.05,21.05,20.89,21,201886
20191014,21.05,21.05,20.9707,20.9951,31340
20191015,21.01,21.035,21.0005,21.0005,8092
20191016,21.0256,21.0291,20.99,21.0045,8854
20191017,21.03,21.07,21.002,21.07,9170
20191018,21.07,21.07,21,21.0436,14879
20191021,21.0454,21.089,21.035,21.05,6660
20191022,21.07,21.08,21.02,21.038,8940
20191023,21.03,21.08,21.03,21.0796,11309
20191024,21.062,21.09,21.0565,21.09,4499
20191025,21.0959,21.13,21.0758,21.1002,18306
20191028,21.1164,21.1276,21.09,21.09,4256
20191029,21.2,21.2,21.07,21.104,9619
20191030,21.069,21.069,21.0241,21.0572,2584
20191031,21.0289,21.04,20.97,21.019,12397
20191101,21.048,21.0768,21.048,21.05,132784
20191104,21.12,21.1299,21.07,21.1068,12099
20191105,21.19,21.19,21.02,21.0769,18337
20191106,21.15,21.15,21.0114,21.07,11305
20191107,21.0602,21.061,21.0201,21.0346,6401
20191108,21.0059,21.05,20.9806,21.0293,32845
20191111,21.0313,21.049,20.9801,21.0272,6042
20191112,21.0078,21.0186,20.9906,20.9906,1723
20191113,21.01,21.03,20.9711,21.02,12238
20191114,21.01,21.03,20.972,21.0119,15858
20191115,20.99,21.045,20.99,21.002,12409
20191118,20.88,21.029,20.88,20.97,3813
20191119,21.019,21.02,20.96,20.9736,15633
20191120,21.0174,21.0176,20.97,21.0003,6643
20191121,20.99,21.0167,20.96,20.9935,6647
20191122,21.02,21.02,20.95,20.95,14263
20191125,20.99,21.019,20.96,21.0015,10875
20191126,21.09,21.09,21.04,21.083,10921
20191127,21.13,21.13,21.02,21.052,22837
20191129,20.9906,21.068,20.97,21.005,5115
20191202,21.26,21.26,20.77,20.8095,3861
20191203,20.6962,20.7655,20.69,20.7397,42323
20191204,20.87,20.87,20.77,20.84,5882
20191205,20.798,20.86,20.78,20.825,9116
20191206,20.89,20.89,20.84,20.865,5424
20191209,20.9031,20.9031,20.85,20.85,3258
20191210,20.8928,20.95,20.8793,20.9241,7675
20191211,20.9437,20.9479,20.91,20.91,2913
20191212,21.06,21.06,20.93,21.01,8719
20191213,21.015,21.06,20.985,21.0392,4440
20191216,21,21.12,21,21.1125,22573
20191217,21.19,21.19,21.08,21.17,15068
20191218,21.14,21.21,21.14,21.21,9027
20191219,21.24,21.24,21.09,21.16,12007
20191220,21.31,21.31,21.14,21.1613,32589
20191223,21.16,21.19,21.1207,21.13,10250
20191224,21.15,21.19,21.13,21.17,7704
20191226,21.05,21.21,21.05,21.17,1415
20191227,21.22,21.23,21.17,21.2116,24323
20191230,20.41,20.4331,20.38,20.4331,3881
20191231,20.43,20.4338,20.3833,20.39,9564
20200102,20.51,20.51,20.4214,20.4988,17591
20200103,20.49,20.51,20.44,20.4672,12141
20200106,20.33,20.49,20.33,20.4591,3284
20200107,20.4161,20.47,20.41,20.46,39449
20200108,20.34,20.47,20.34,20.43,28685
20200109,20.4519,20.499,20.43,20.4968,7258
20200110,20.43,20.51,20.43,20.46,4590
20200113,20.47,20.4886,20.47,20.4886,1766
20200114,20.58,20.58,20.44,20.52,12783
20200115,20.5117,20.539,20.5117,20.52,2354
20200116,20.525,20.54,20.49,20.49,3385
20200117,20.63,20.63,20.49,20.4955,4756
20200121,20.49,20.5399,20.48,20.48,13206
20200122,20.53,20.53,20.47,20.5053,29836
20200123,20.59,20.59,20.45,20.4863,4830
20200124,20.4488,20.4604,20.41,20.459,4198
20200127,20.33,20.38,20.3058,20.33,14382
20200128,20.33,20.43,20.2902,20.429,9402
20200129,20.53,20.53,20.36,20.36,48325
20200130,20.35,20.36,20.2974,20.32,4616
20200131,20.3258,20.3612,20.3112,20.3112,1405
20200203,20.31,20.44,20.29,20.29,7577
20200204,20.52,20.52,20.4,20.4,3769
20200205,20.5123,20.5293,20.46,20.4706,9881
20200206,20.46,20.5472,20.46,20.5,12875
20200207,20.499,20.53,20.46,20.48,208370
20200210,20.48,20.55,20.4742,20.5,24079
20200211,20.5828,20.5828,20.52,20.57,13508
20200212,20.57,20.6239,20.55,20.57,12575
20200213,20.6237,20.63,20.57,20.57,3424
20200214,20.5971,20.605,20.56,20.57,3892
20200218,20.5379,20.6,20.53,20.54,8322
20200219,20.71,20.71,20.55,20.55,6007
20200220,20.71,20.71,20.55,20.56,9267
20200221,20.71,20.71,20.533,20.5953,10635
20200224,20.52,20.52,20.36,20.3607,7465
20200225,20.42,20.42,20.26,20.26,6851
20200226,20.2781,20.28,20.16,20.28,7152
20200227,20.21,20.21,20.0409,20.0409,6144
20200228,19.83,20.006,19.7975,19.9584,6604
20200302,19.9796,20.109,19.9796,20.0185,6179
20200303,20.33,20.3441,20.07,20.16,24352
20200304,20.3716,20.41,20.27,20.4089,23560
20200305,20.249,20.249,20.07,20.07,31844
20200306,19.82,19.845,19.81,19.845,1727
20200309,18.91,19.11,18.55,19.01,33047
20200310,18.47,18.551,17.96,17.9616,5553
20200311,17.919,18.029,17.29,17.29,7338
20200312,17.86,17.86,16.84,17.12,6986
20200313,16.98,16.98,16.67,16.8984,14479
20200316,16.9,17.98,16.9,17.45,7147
20200317,17.54,17.54,16.43,16.609,10955
20200318,16.4521,16.47,15,15.62,4927
20200319,15.81,16.12,15.5809,15.905,6847
20200320,16.05,16.32,16.05,16.21,2780
20200323,16.28,16.76,16.28,16.69,3059
20200324,16.81,16.81,16.5792,16.78,16821
20200325,16.65,16.79,16.65,16.77,4348
20200326,16.7499,16.76,16.65,16.73,90554
20200327,16.66,16.95,16.66,16.95,13355
20200330,17.03,17.03,16.93,16.955,3080
20200331,16.83,16.8707,16.79,16.8707,12160
20200401,16.9407,17.07,16.8635,16.89,31756
20200402,16.992,16.992,16.92,16.98,1927
20200403,17.03,17.05,16.9827,16.9827,41966
20200406,17.01,17.01,16.83,16.8965,2212
20200407,16.84,16.84,16.63,16.74,122511
20200408,16.75,16.8,16.7,16.71,2966
20200409,16.725,16.77,16.69,16.75,6633
20200413,16.6463,16.7158,16.6463,16.6763,4366
20200414,16.74,16.74,16.5905,16.5905,8573
20200415,16.71,17,16.71,16.965,182089
20200416,17.09,17.1134,17.0893,17.105,8205
20200417,17.1,17.1,17.1,17.1,311
20200420,17,17.04,16.92,17.04,7522
20200421,16.69,16.69,16.5,16.62,14097
20200422,16.95,16.95,16.67,16.755,38445
20200423,16.79,16.82,16.6545,16.7099,16609
20200424,16.61,16.62,16.53,16.6009,8882
20200427,16.679,16.68,16.66,16.66,10879
20200428,16.67,16.7,16.57,16.68,12512
20200429,16.7741,16.8835,16.7401,16.8835,27988
20200430,16.8,16.9705,16.8,16.92,4478
20200501,16.7701,16.8399,16.65,16.65,29727
20200504,16.6644,16.6712,16.62,16.66,22503
20200505,16.746,16.7705,16.72,16.7705,2358
20200506,16.72,16.7745,16.71,16.71,8556
20200507,16.781,16.87,16.77,16.77,5820
20200508,16.88,16.91,16.87,16.88,4780
20200511,16.85,16.88,16.83,16.86,3693
20200512,16.925,16.95,16.84,16.88,26761
20200513,16.83,16.83,16.68,16.695,89203
20200514,16.61,16.6891,16.61,16.655,6091
20200515,16.66,16.67,16.6473,16.67,548
20200518,16.98,16.98,16.89,16.9,8770
20200519,16.89,16.945,16.88,16.88,31457
20200520,16.73,17.148,16.73,17.148,20006
20200521,17.1943,17.1943,17.09,17.09,9068
20200522,17.12,17.12,17.1,17.11,1524
20200526,17.1846,17.1846,17.07,17.07,5925
20200527,17.11,17.11,17.06,17.1,5458
20200528,17.05,17.235,17.05,17.225,4039
20200529,17.1,17.2,17.1,17.2,2636
20200601,17.28,17.3041,17.28,17.3,2101
20200602,17.27,17.515,17.27,17.515,3888
20200603,17.6395,17.6395,17.59,17.61,4778
20200604,17.53,17.57,17.51,17.5465,9484
20200605,17.7863,17.8699,17.77,17.77,909
20200608,17.7519,17.78,17.71,17.73,15383
20200609,17.72,17.7853,17.72,17.7853,3441
20200610,17.7143,17.7563,17.57,17.7563,4245
20200611,17.12,17.144,16.57,16.64,11099
20200612,16.75,16.99,16.525,16.525,20715
20200615,16.94,17.005,16.92,16.92,3594
20200616,17.42,17.4528,17.21,17.36,5425
20200617,17.275,17.34,17.26,17.27,4886
20200618,17.175,17.2486,17.175,17.18,4529
20200619,17.325,17.325,17.1281,17.1953,25464
20200622,16,17.28,16,17.24,3850
20200623,17.38,17.415,17.34,17.35,5926
20200624,16.82,16.911,16.8,16.86,11041
20200625,16.78,16.9009,16.78,16.87,2078
20200626,16.62,16.635,16.58,16.6,11119
20200629,16.82,16.82,16.665,16.74,10598
20200630,16.62,16.92,16.62,16.92,3573
20200701,17.07,17.105,17.02,17.0906,3860
20200702,17.21,17.2689,16.75,17.2689,66096
20200706,17.49,17.49,17.39,17.3949,1842
20200707,17.13,17.42,17.13,17.205,7172
20200708,17.311,17.335,17.231,17.2691,14040
20200709,17.11,17.264,17.11,17.245,4200
20200710,17.2949,17.3839,17.2949,17.3839,2257
20200713,17.675,17.685,17.3,17.3,1419
20200714,17.3,17.3906,17.3,17.327,2780
20200715,17.68,17.75,17.6001,17.61,5712
20200716,17.65,17.6514,17.56,17.6514,2528
20200717,17.64,17.6995,17.64,17.6995,788
20200720,17.7229,17.8144,17.7229,17.8144,1819
20200721,17.96,17.9856,17.9096,17.9856,3510
20200722,17.9213,17.95,17.89,17.95,3148
20200723,17.9806,17.9806,17.73,17.73,3147
20200724,17.62,17.64,17.5771,17.63,2657
20200727,17.71,17.76,17.71,17.76,1420
20200728,17.76,17.8255,17.7416,17.7416,5080
20200729,17.8483,17.8678,17.811,17.86,3948
20200730,17.65,17.845,17.65,17.845,5010
20200731,17.76,17.8802,17.72,17.8802,3684
20200803,18.0254,18.1236,18.0254,18.1236,1045
20200804,17.87,18.165,17.87,18.12,10602
20200805,18.28,18.285,18.24,18.26,3486
20200806,18.29,18.36,18.24,18.36,1954
20200807,18.38,18.4096,18.36,18.36,13605
20200810,18.38,18.4436,18.38,18.4,2908
20200811,18.48,18.57,18.47,18.4772,2217
20200812,18.541,18.565,18.49,18.555,9164
20200813,18.41,18.625,18.41,18.52,42431
20200814,18.47,18.53,18.46,18.47,3699
20200817,18.6148,18.6148,18.58,18.6,5058
20200818,18.54,18.6464,18.54,18.62,2665
20200819,18.64,18.6785,18.58,18.6007,5656
20200820,18.542,18.65,18.541,18.649,5703
20200821,18.606,18.6766,18.58,18.62,17583
20200824,18.79,18.8078,18.74,18.78,15561
20200825,18.82,18.8887,18.78,18.87,8951
20200826,18.84,19.061,18.84,19.05,1972
20200827,19.15,19.2247,19.02,19.17,5343
20200828,19.16,19.22,19.16,19.22,3900
20200831,19.17,19.2951,19.17,19.2251,2406
20200901,19.2,19.355,19.19,19.355,3077
20200902,19.34,19.57,19.34,19.57,2309
20200903,19.08,19.163,18.83,18.9,3908
20200904,18.48,18.74,18.48,18.74,3439
20200908,18.32,18.48,18.32,18.32,6502
20200909,18.5121,18.72,18.5121,18.71,2456
20200910,18.7718,18.7718,18.3473,18.3473,3356
20200911,18.4252,18.4252,18.19,18.27,5650
20200914,18.6843,18.6843,18.58,18.5985,1942
20200915,18.77,18.7702,18.73,18.73,2489
20200916,18.7855,18.82,18.68,18.685,971
20200917,18.53,18.53,18.36,18.36,4142
20200918,18.23,18.31,18.23,18.31,663
20200921,17.8,18.045,17.74,18.045,319318
20200922,18.08,18.24,18.08,18.24,6142
20200923,18.179,18.179,17.87,17.87,1039
20200924,17.81,17.984,17.81,17.8242,1634
20200925,17.77,18.1079,17.43,18.1079,4737
20200928,18.4068,18.495,18.4,18.495,1785
20200929,18.32,18.4572,18.32,18.42,5760
20200930,18.551,18.61,18.45,18.45,3642
20201001,18.6,18.68,18.6,18.61,9058
20201002,18.45,18.565,18.45,18.565,1314
20201005,18.74,18.8,18.74,18.75,2255
20201006,18.91,18.92,18.83,18.84,9255
20201007,18.89,18.979,18.86,18.979,166263
20201008,18.99,19.1199,18.99,19.08,2239
20201009,19.26,19.305,19.2367,19.2367,1676
20201012,19.5631,19.6422,19.5631,19.6005,3843
20201013,19.505,19.505,19.4,19.46,929
20201014,19.49,19.49,19.3,19.36,5837
20201015,19.19,19.31,19.14,19.31,4033
20201016,19.361,19.4449,19.33,19.33,3555
20201019,19.22,19.24,19.101,19.1105,1507
20201020,19,19.1081,19,19.1032,1006
20201021,19.355,19.355,19.31,19.35,7013
20201022,19.34,19.3819,19.33,19.38,6881
20201023,19.43,19.43,19.35,19.4119,2896
20201026,19.36,19.36,19.3055,19.3055,486
20201027,19.3512,19.36,19.28,19.29,4595
20201028,19.72,19.72,19.14,19.14,2106
20201029,19.169,19.19,19.11,19.175,40288
20201030,19.2,19.2233,19.12,19.17,6562
20201102,19.3154,19.3154,19.19,19.26,11603
20201103,19.42,19.4226,19.34,19.41,4197
20201104,19.37,19.6332,19.37,19.57,1666
20201105,19.7343,19.75,19.66,19.69,7095
20201106,19.66,19.7,19.59,19.6,6718
20201109,20.7,20.7,19.81,19.8688,4756
20201110,19.7401,19.91,19.7401,19.79,7152
20201111,19.75,19.8228,19.71,19.75,4475
20201112,19.61,19.7405,19.61,19.67,4845
20201113,19.67,19.74,19.65,19.74,6437
20201116,19.78,19.8261,19.75,19.78,16935
20201117,19.81,19.88,19.81,19.88,3920
20201118,19.83,19.8445,19.82,19.844,3788
20201119,19.78,19.88,19.78,19.86,6434
20201120,19.72,19.82,19.72,19.82,491
20201123,19.9112,19.913,19.83,19.87,4873
20201124,19.94,19.995,19.92,19.937,2091
20201125,19.91,19.95,19.91,19.95,625
20201127,19.95,19.995,19.94,19.995,1695
20201130,19.93,20.0023,19.93,20.0023,821
20201201,20.08,20.08,20.0108,20.0108,9512
20201202,20.03,20.14,20.02,20.08,10891
20201203,20.19,20.19,20.1,20.16,6772
20201204,20.12,20.1913,20.12,20.14,1113
20201207,20.18,20.21,20.1301,20.15,2772
20201208,20.23,20.24,20.23,20.23,3000
20201209,20.35,20.35,20.1,20.1,11176
20201210,20.17,20.2115,20.16,20.2115,3165
20201211,20.15,20.15,20.1009,20.13,2038
20201214,20.17,20.1807,20.11,20.175,4249
20201215,20.23,20.2309,20.17,20.19,2334
20201216,20.18,20.245,20.14,20.14,2937
20201217,20.17,20.2516,20.17,20.21,3778
20201218,20.21,20.25,20.1972,20.1972,1135
20201221,20.2,20.2,20.14,20.14,2059
20201222,20.16,20.249,20.15,20.17,5463
20201223,20.13,20.32,20.13,20.26,5158
20201224,20.3,20.36,20.29,20.3399,1769
20201228,20.3826,20.3826,20.31,20.31,3521
20201229,20.0973,20.0973,20,20.0001,2148
20201230,19.93,20.13,19.93,20.03,7307
20201231,20.47,20.47,20.03,20.139,3341
20210104,20,20.058,19.96,20,11592
20210105,19.86,20.049,19.82,20,75873
20210106,19.99,20.03,19.99,20,3279
20210107,19.95,20.0991,19.95,20.035,4889
20210108,20.065,20.11,20.0121,20.0375,5014
20210111,19.81,19.98,19.81,19.94,1296
20210112,19.95,19.96,19.92,19.96,6681
20210113,20.08,20.08,20.0206,20.0206,5899
20210114,20,20.1,20,20.04,3233
20210115,19.98,20.0758,19.98,20.03,4411
20210119,20.03,20.06,20.03,20.06,2817
20210120,20.108,20.16,20.09,20.09,4863
20210121,20.09,20.14,20.08,20.08,2629
20210122,20.03,20.0619,20.03,20.03,2346
20210125,20.02,20.07,20.02,20.04,2496
20210126,20.01,20.09,20.01,20.04,2137
20210127,20.045,20.045,19.96,19.9608,4006
20210128,20.04,20.14,19.01,20.01,24979
20210129,19.81,20.08,19.81,19.96,3089
20210201,20.0269,20.0269,20,20.01,2549
20210202,20.07,20.13,20.07,20.091,3302
20210203,20.02,20.17,20.02,20.13,7150
20210204,20.16,20.168,20.14,20.15,1238
20210205,20.2393,20.25,20.17,20.17,2069
20210208,20.16,20.27,20.16,20.23,2750
20210209,20.2264,20.28,20.22,20.23,3793
20210210,20.18,20.25,20.18,20.22,2908
20210211,20.22,20.257,20.21,20.21,1161
20210212,20.2756,20.2756,20.24,20.24,2000
20210216,20.23,20.27,20.2,20.2,11036
20210217,20.37,20.37,20.19,20.21,9309
20210218,20.19,20.2,20.17,20.2,1665
20210219,20.2581,20.27,20.2,20.2,9171
20210222,20.22,20.22,20.19,20.19,661
20210223,20.13,20.185,20.13,20.18,1837
20210224,20.21,20.22,20.17,20.17,3140
20210225,20.09,20.14,20.02,20.02,4816
20210226,20.031,20.1,19.99,19.99,3363
20210301,20.13,20.195,20.13,20.195,2397
20210302,20.17,20.1995,20.14,20.15,6490
20210303,20.1367,20.1367,20.07,20.0949,1922
20210304,20.0606,20.16,19.9407,19.9407,3991
20210305,19.94,20.04,19.94,20.04,3150
20210308,20.0639,20.0639,19.89,19.89,3767
20210309,19.99,19.99,19.92,19.92,2089
20210310,19.99,20.035,19.99,19.99,2097
20210311,20.0361,20.12,20.02,20.03,3705
20210312,19.961,20.03,19.96,19.97,1218
20210315,19.73,20.01,19.73,19.96,12970
20210316,19.9,19.92,19.86,19.92,5513
20210317,19.8607,19.96,19.81,19.96,2714
20210318,19.848,19.848,19.73,19.73,4545
20210319,19.76,19.83,19.75,19.77,6343
20210322,19.88,19.88,19.84,19.84,1200
20210323,19.71,19.99,19.71,19.99,193239
20210324,20,20.05,19.98,19.991,10333
20210325,19.985,19.9869,19.95,19.9817,4677
20210326,20,20.04,19.99,20,2590
20210329,20.0233,20.082,20.021,20.0615,4446
20210330,20.04,20.045,19.97,19.98,14389
20210331,20.02,20.0899,20.02,20.0575,6643
20210401,20.085,20.11,20.03,20.07,121998
20210405,20.1179,20.1179,20.1089,20.1089,249
20210406,20.19,20.19,20.19,20.19,2404
20210407,20.16,20.16,20.13,20.15,1395
20210408,20.21,20.22,20.16,20.16,6301
20210409,20.18,20.205,20.12,20.185,4809
20210412,20.13,20.16,20.11,20.11,5031
20210413,20.11,20.27,20.11,20.27,1437
20210414,20.18,20.19,20.15,20.17,990
20210415,20.2055,20.26,20.191,20.215,3517
20210416,20.14,20.21,20.14,20.18,4429
20210419,20.171,20.2,20.14,20.1607,3546
20210420,20.02,20.17,20.02,20.14,3403
20210421,20.19,20.21,20.14,20.14,8475
20210422,20.1,20.15,20.1,20.15,1634
20210423,20.209,20.25,20.181,20.181,2277
20210426,20.2235,20.2235,20.2235,20.2235,720
20210427,20.23,20.24,20.17,20.17,3034
20210428,20.12,20.25,20.12,20.25,4762
20210430,20.26,20.26,20.19,20.211,4506
20210503,20.24,20.28,20.23,20.2301,5336
20210504,20.21,20.2693,20.19,20.2693,2946
20210505,20.221,20.29,20.22,20.23,4117
20210506,20.23,20.23,20.22,20.22,1332
20210507,20.25,20.32,20.25,20.319,3825
20210510,20.32,20.32,20.22,20.22,4158
20210512,20.2,20.2,20.165,20.195,2966
20210514,20.21,20.235,20.2,20.2,1859
20210517,20.19,20.25,20.19,20.2,3774
20210518,20.14,20.24,20.14,20.24,11877
20210519,20.14,20.17,20.11,20.11,24349
20210520,20.18,20.2,20.18,20.19,1253
20210521,20.181,20.229,20.171,20.229,963
20210524,20.21,20.27,20.21,20.27,877
20210525,20.79,20.79,20.2647,20.28,2927
20210526,20.23,20.28,20.23,20.24,1488
20210527,20.25,20.3,20.23,20.23,2699
20210528,20.13,20.3,20.13,20.2401,5199
20210601,20.252,20.32,20.252,20.27,3532
20210602,20.281,20.3391,20.28,20.33,1682
20210603,20.271,20.31,20.27,20.3,2234
20210604,20.31,20.36,20.29,20.33,28028
20210607,20.377,20.39,20.31,20.39,749
20210608,20.382,20.41,20.34,20.34,2658
20210609,20.3,20.382,20.3,20.38,9487
20210610,20.4499,20.4499,20.4499,20.4499,674
20210611,20.411,20.4439,20.41,20.42,3544
20210614,20.39,20.39,20.39,20.39,1537
20210616,20.47,20.47,20.469,20.47,1333
20210617,20.38,20.449,20.38,20.4,2839
20210618,20.381,20.44,20.381,20.44,1814
20210621,20.411,20.411,20.41,20.411,1156
20210622,20.41,20.469,20.41,20.469,2731
20210623,20.4856,20.4856,20.4301,20.4301,2399
20210625,20.35,20.35,20.29,20.3204,696
20210628,20.3244,20.35,20.3,20.35,1326
20210629,20.37,20.37,20.3101,20.37,2385
20210630,20.36,20.36,20.33,20.331,1766
20210701,20.381,20.45,20.38,20.422,8964
20210702,20.4236,20.4236,20.4001,20.4001,468
20210706,20.42,20.49,20.42,20.49,1254
20210707,20.46,20.5149,20.46,20.5149,2002
20210708,20.45,20.52,20.45,20.52,683
20210709,20.516,20.516,20.46,20.4601,2346
20210712,20.5,20.53,20.46,20.46,3601
20210713,20.43,20.52,20.421,20.4899,7266
20210714,20.46,20.46,20.43,20.4568,1221
20210715,20.41,20.47,20.41,20.47,2715
20210719,20.31,20.3101,20.25,20.251,3390
20210720,20.3347,20.3347,20.3347,20.3347,1037
20210721,20.37,20.41,20.37,20.41,1276
20210722,20.42,20.47,20.39,20.469,1657
20210723,20.421,20.4406,20.42,20.4406,1854
20210726,20.42,20.49,20.42,20.48,6829
20210727,20.38,20.381,20.38,20.381,226
20210728,20.4191,20.48,20.41,20.464,16220
20210729,20.5,20.5,20.441,20.441,234
20210730,20.441,20.4856,20.44,20.4856,792
20210802,20.441,20.5,20.44,20.5,812
20210803,20.5,20.5,20.27,20.4894,2713
20210804,20.42,20.4299,20.38,20.38,500
20210805,20.46,20.495,20.451,20.47,2697
20210806,20.52,20.55,20.52,20.55,489
20210809,20.05,20.58,20.05,20.501,2000
20210810,20.57,20.57,20.52,20.569,1090
20210811,20.551,20.6,20.53,20.6,6869
20210812,20.54,20.64,20.54,20.5908,4308
20210813,20.6338,20.67,20.62,20.67,3027
20210816,20.59,20.5999,20.57,20.57,993
20210817,20.4946,20.55,20.4946,20.55,641
20210818,20.5097,20.5097,20.421,20.421,320
20210820,20.45,20.51,20.4315,20.45,1085
20210823,20.6542,20.7076,20.65,20.67,2553
20210824,20.72,20.77,20.72,20.77,3095
20210825,20.78,20.84,20.78,20.84,2036
20210826,20.749,20.769,20.7,20.769,3592
20210827,20.88,20.93,20.83,20.93,2662
20210830,20.9744,21.01,20.95,20.95,1744
20210831,20.985,20.985,20.89,20.96,4249
20210901,20.9201,21,20.9201,20.95,1478
20210902,21.02,21.0267,20.99,20.99,2261
20210907,20.959,20.96,20.91,20.91,2855
20210908,20.91,20.91,20.8038,20.84,3474
20210909,20.8562,20.8562,20.8562,20.8562,141
20210910,20.83,20.83,20.6706,20.6706,2942
20210913,20.68,20.68,20.63,20.63,973
20210914,20.61,20.61,20.49,20.49,1293
20210915,20.5628,20.7046,20.5628,20.7046,1221
20210916,20.59,20.759,20.59,20.759,1191
20210917,20.55,20.55,20.54,20.55,1550
20210920,20.06,20.21,19.97,20.11,2190
20210921,20.312,20.312,20.18,20.18,409
20210922,20.499,20.5,20.499,20.5,604
20210923,20.601,20.601,20.601,20.601,115
20210924,20.62,20.62,20.6089,20.6089,674
20210927,20.5,20.52,20.5,20.52,1654
20210928,20.088,20.088,20.088,20.088,107
20210929,20.14,20.14,20.14,20.14,521
20210930,20.04,20.04,19.88,19.88,594
20211001,19.941,19.941,19.94,19.94,1090
20211004,19.7781,19.7781,19.741,19.741,531
20211005,20.02,20.08,20.02,20.0619,660
20211006,19.82,20.05,19.82,20.05,2621
20211007,20.385,20.385,20.339,20.34,1194
20211008,20.27,20.3,20.18,20.18,1163
20211011,20.34,20.34,20.31,20.3399,975
20211012,20.111,20.111,20.085,20.0932,2013
20211013,20.0706,20.11,20.06,20.091,5515
20211014,20.431,20.4843,20.43,20.4843,993
20211015,20.571,20.571,20.57,20.57,966
20211018,20.68,20.68,20.65,20.65,696
20211019,20.64,20.84,20.64,20.829,1727
20211020,20.82,20.91,20.82,20.91,1782
20211021,20.83,20.9,20.83,20.88,1276
20211022,21,21,20.93,20.93,621
20211025,20.95,21.0643,20.95,21.0643,32775
20211026,21.14,21.14,21.14,21.14,400
20211027,20.99,20.99,20.99,20.99,151
20211028,21.02,21.13,21.02,21.13,367
20211029,20.99,21.18,20.99,21.09,1353
20211101,21.2004,21.21,21.2004,21.21,2806
20211102,21.33,21.35,21.32,21.32,2444
20211103,21.31,21.52,21.3,21.51,5444
20211104,21.48,21.48,21.48,21.48,312
20211105,21.671,21.671,21.671,21.671,475
20211108,21.702,21.72,21.702,21.72,619
20211109,21.5584,21.561,21.555,21.561,711
20211111,21.4799,21.4799,21.4208,21.44,4244
20211112,21.54,21.57,21.54,21.57,669
20211115,21.5942,21.6,21.541,21.6,652
20211116,21.6843,21.72,21.6843,21.72,1772
20211117,21.6,21.6,21.6,21.6,500
20211118,21.589,21.5899,21.56,21.581,1011
20211119,21.56,21.56,21.56,21.56,100
20211122,21.49,21.59,21.49,21.59,375
20211123,21.34,21.37,21.34,21.36,3383
20211124,21.464,21.464,21.464,21.464,754
20211126,21.07,21.14,21.05,21.05,988
20211129,21.1801,21.3,21.1801,21.29,1330
20211130,21.43,21.43,21.391,21.43,2942
20211201,21.3,21.36,21.29,21.36,3913
20211202,21.41,21.4318,21.41,21.431,1195
20211203,21.501,21.72,21.49,21.719,3144
20211206,21.65,21.71,21.65,21.66,1885
20211207,21.64,21.64,21.64,21.64,156
20211208,21.57,21.57,21.32,21.338,5672
20211209,21.39,21.39,21.39,21.39,269
20211213,21.5138,21.5482,21.51,21.54,2033
20211214,21.34,21.3421,21.32,21.33,15003
20211215,21.4,21.4,21.33,21.34,3523
20211217,21.4,21.43,21.4,21.4,3064
20211220,21.2809,21.2809,21.24,21.24,1925
20211221,21.42,21.42,21.36,21.378,988
20211222,21.4417,21.47,21.44,21.44,3224
20211223,21.45,21.5,21.45,21.49,913
20211227,21.56,21.58,21.5456,21.55,2756
20211228,21.5146,21.52,21.48,21.52,3676
20211229,21.319,21.319,21.271,21.271,400
20211230,21.3,21.33,21.3,21.33,1633
20211231,21.35,21.35,21.3184,21.3184,562
20220103,21.32,21.32,21.26,21.26,5113
20220104,21.25,21.25,21.191,21.22,1845
20220105,21.16,21.16,21.01,21.01,872
20220106,21.02,21.1,21,21,1468
20220107,20.981,20.981,20.98,20.98,537
20220110,20.9064,20.99,20.89,20.99,1832
20220111,21.028,21.12,21.028,21.12,2936
20220112,21.1,21.12,21.09,21.12,12327
20220113,21.081,21.09,21.0406,21.0406,2354
20220114,21.01,21.0535,21.01,21.02,1632
20220118,21,21,20.89,20.89,2736
20220119,20.91,20.95,20.91,20.95,599
20220120,20.993,21,20.88,20.88,2798
20220121,20.82,20.9,20.82,20.84,2934
20220124,20.75,20.75,20.705,20.705,694
20220125,20.78,21.06,20.75,21.06,7376
20220126,21.08,21.28,20.7,20.8,7395
20220127,21.079,21.08,20.63,20.63,8470
20220128,20.898,21.18,20.75,21.18,4339
20220131,21.45,21.63,21.45,21.63,2955
20220201,21.62,21.83,21.55,21.83,3909
20220202,21.8318,21.94,21.8318,21.94,912
20220203,21.7107,21.7107,21.63,21.63,1116
20220204,21.494,21.62,21.494,21.62,1076
20220207,21.67,21.67,21.63,21.63,2434
20220208,21.64,21.73,21.64,21.73,2942
20220209,22.002,22.002,21.978,21.978,295
20220210,21.939,22.03,21.809,21.809,1690
20220214,21.29,21.34,21.19,21.19,1097
20220215,21.479,21.56,21.479,21.5,5496
20220216,21.41,21.41,21.41,21.41,3262
20220217,21.315,21.35,21.25,21.25,2925
20220218,20.99,21.03,20.99,21.0295,1404
