Date,Open,High,Low,Close,Volume
20170210,25.25,25.28,25.25,25.28,4800
20170213,25.54,25.54,25.54,25.54,203
20170214,25.46,25.46,25.46,25.46,1000
20170215,25.46,25.46,25.46,25.46,5584
20170216,25.55,25.55,25.55,25.55,525
20170217,25.4799,25.4799,25.4799,25.4799,758
20170221,25.6702,25.6906,25.6702,25.6906,602
20170223,25.7202,25.74,25.7202,25.7399,857
20170224,25.55,25.61,25.5402,25.61,1000
20170227,25.62,25.67,25.62,25.67,1553
20170228,25.62,25.62,25.62,25.62,773
20170301,25.8599,25.9402,25.8599,25.938,600
20170302,25.8305,25.8399,25.827,25.8399,501
20170303,25.7371,25.7371,25.7371,25.7371,100
20170306,25.6568,25.73,25.6568,25.7299,500
20170308,25.6702,25.68,25.5836,25.5836,1620
20170309,25.6,25.63,25.6,25.63,300
20170310,25.77,25.77,25.7085,25.7085,700
20170313,25.8202,25.8202,25.77,25.77,2185
20170315,25.8513,25.8513,25.81,25.81,1415
20170316,26.0088,26.0088,26.0088,26.0088,200
20170317,26.0437,26.0437,26.03,26.03,1300
20170320,25.96,25.96,25.96,25.96,1000
20170321,26.1,26.1,25.7637,25.7637,1374
20170322,25.69,25.69,25.69,25.69,100
20170324,25.8599,25.8599,25.8599,25.8599,499
20170330,25.91,25.91,25.91,25.91,1000
20170331,25.88,25.94,25.87,25.87,1400
20170404,25.81,25.81,25.81,25.81,1200
20170405,25.949,25.949,25.949,25.949,200
20170407,25.79,25.79,25.78,25.78,3500
20170410,25.77,25.79,25.77,25.79,2500
20170411,25.66,25.66,25.6502,25.66,5400
20170412,25.71,25.71,25.6699,25.67,1600
20170413,25.6,25.63,25.5772,25.5772,3500
20170417,25.63,25.68,25.63,25.68,3130
20170419,25.65,25.67,25.65,25.67,1500
20170420,25.7,25.8,25.7,25.8,600
20170421,25.74,25.74,25.7,25.7,600
20170424,26.12,26.12,26.12,26.12,1000
20170425,26.26,26.2614,26.25,26.25,3000
20170426,26.28,26.3,26.28,26.3,3000
20170501,26.27,26.27,26.27,26.27,500
20170504,26.33,26.33,26.33,26.33,500
20170505,26.39,26.39,26.39,26.39,1000
20170508,26.46,26.46,26.46,26.46,300
20170510,26.47,26.47,26.47,26.47,500
20170511,26.41,26.41,26.41,26.41,500
20170512,26.45,26.45,26.45,26.45,500
20170515,26.64,26.64,26.64,26.64,500
20170516,26.692,26.692,26.69,26.69,600
20170517,26.49,26.49,26.49,26.49,1000
20170519,26.55,26.55,26.55,26.55,500
20170526,26.79,26.79,26.79,26.79,1000
20170605,27.02,27.02,27.02,27.02,100
20170612,26.88,26.88,26.88,26.88,500
20170613,27.1,27.1,27.07,27.07,413500
20170615,26.8,26.8,26.8,26.8,1000
20170616,26.95,26.95,26.95,26.95,47500
20170619,27.1878,27.1878,27.1878,27.1878,300
20170623,27.0691,27.0691,27.0691,27.0691,200
20170626,27.1,27.1,27.1,27.1,206000
20170627,27.06,27.06,27.06,27.06,200
20170703,27.03,27.03,27.03,27.03,100
20170712,27.2304,27.2304,27.2304,27.2304,300
20170719,27.5301,27.5301,27.5301,27.5301,380
20170720,27.6186,27.6186,27.6186,27.6186,800
20170727,27.62,27.63,27.62,27.63,409000
20170807,27.73,27.74,27.73,27.74,600000
20170808,27.84,27.84,27.8,27.8,200
20170818,27.29,27.31,27.29,27.31,1100000
20170829,27.37,27.44,27.35,27.36,114200
20170911,27.84,27.92,27.84,27.92,696
20170912,28.08,28.08,27.94,27.94,63300
20170913,28.02,28.02,27.83,27.88,184284
20170914,27.93,27.93,27.86,27.89,72900
20170915,27.99,27.99,27.96,27.96,32900
20170918,28.14,28.15,28.12,28.12,22000
20170920,28.1,28.1,28.1,28.1,100
20170921,28.1261,28.2,28.1261,28.19,82800
20170925,28.11,28.11,28.11,28.11,200
20170929,28.22,28.22,28.22,28.22,23800
20171002,28.23,28.23,28.16,28.16,417500
20171005,28.36,28.36,28.35,28.35,200
20171013,28.7,28.7,28.647,28.647,600
20171016,28.66,28.6601,28.66,28.6601,1000
20171023,28.62,28.62,28.59,28.59,167100
20171024,28.7,28.7,28.7,28.7,6200
20171108,28.95,28.95,28.95,28.95,152
20171113,28.73,28.73,28.71,28.71,360000
20171120,28.85,28.85,28.85,28.85,100
20171122,29.03,29.03,29.03,29.03,100
20171130,29.37,29.37,29.37,29.37,100
20171213,29.5,29.549,29.4806,29.549,940
20171214,29.51,29.51,29.3762,29.3762,1390
20171215,29.46,29.53,29.4437,29.53,718
20171218,29.769,29.79,29.7629,29.79,494
20171219,29.675,29.675,29.675,29.675,165
20171220,29.72,29.72,29.635,29.635,845
20171221,29.709,29.7706,29.709,29.765,885
20171222,29.709,29.709,29.679,29.69,2395
20171226,29.57,29.6174,29.57,29.6174,21200
20171228,29.63,29.63,29.63,29.63,415
20180102,29.8,29.8,29.78,29.78,700
20180103,29.99,29.99,29.99,29.99,200
20180105,30.325,30.325,30.325,30.325,210
20180109,30.44,30.44,30.4338,30.4338,310
20180110,30.43,30.43,30.43,30.43,119
20180111,30.5103,30.5103,30.5103,30.5103,235
20180116,30.9238,30.9238,30.808,30.808,480
20180117,31.028,31.028,31.028,31.028,500
20180122,31.315,31.315,31.315,31.315,300
20180126,31.57,31.6807,31.57,31.6807,620
20180129,31.55,31.59,31.55,31.59,1200
20180201,31.219,31.219,31.219,31.219,203
20180202,30.9052,30.91,30.818,30.818,645
20180205,30.4332,30.4332,30.4332,30.4332,500
20180206,29.03,29.81,29.03,29.8,1067535
20180208,29.17,29.26,29.09,29.17,542900
20180209,29.0202,29.0202,28.23,28.9179,4085
20180212,29.35,29.35,29.35,29.35,300
20180214,29.6925,29.888,29.6925,29.888,455
20180215,30.14,30.26,30.05,30.26,600
20180221,30.24,30.24,30.24,30.24,203
20180222,30.219,30.219,30.219,30.219,100
20180226,30.725,30.725,30.725,30.725,177
20180302,29.36,29.36,29.36,29.36,100
20180307,29.929,29.929,29.929,29.929,200
20180314,30.36,30.36,30.36,30.36,200
20180316,30.38,30.38,30.38,30.38,100
20180322,29.61,29.65,29.61,29.65,357050
20180323,29.25,29.25,29.24,29.24,510750
20180326,29.0707,29.18,28.99,29.15,1505690
20180327,29.64,29.64,29.61,29.61,200
20180328,29.14,29.14,29.14,29.14,100
20180329,29.4741,29.4741,29.4741,29.4741,300
20180402,28.67,28.85,28.67,28.85,300
20180403,29.12,29.12,29.12,29.12,100
20180404,28.95,29.31,28.95,29.31,400
20180405,29.5651,29.5651,29.5651,29.5651,300
20180409,29.35,29.5296,29.33,29.33,600
20180410,29.62,29.71,29.62,29.71,400
20180411,29.61,29.65,29.61,29.65,200
20180413,29.7088,29.7088,29.7088,29.7088,240
20180416,29.87,29.88,29.87,29.88,200
20180417,30.0935,30.0935,30.0935,30.0935,300
20180418,30.14,30.14,29.96,29.96,3500000
20180419,29.98,30.01,29.85,29.86,2100
20180425,29.51,29.54,29.45,29.45,34200
20180426,29.63,29.78,29.63,29.77,600
20180430,29.87,29.87,29.87,29.87,100
20180503,29.32,29.32,29.32,29.32,100
20180504,29.79,29.79,29.69,29.71,349000
20180507,29.82,29.82,29.7,29.74,211700
20180508,29.67,29.71,29.62,29.695,5043
20180510,30.16,30.26,30.16,30.19,343400
20180511,30.28,30.28,30.28,30.28,100
20180514,30.38,30.38,30.33,30.33,160600
20180515,29.99,29.99,29.96,29.96,325000
20180523,30.08,30.08,30.08,30.08,100
20180529,29.73,29.73,29.73,29.73,282
20180530,29.8501,29.8501,29.8501,29.8501,400
20180531,29.7379,29.7379,29.7379,29.7379,170000
20180604,30.189,30.189,30.189,30.189,300
20180607,30.4296,30.4296,30.26,30.3,320430
20180608,30.35,30.37,30.35,30.37,1100
20180611,30.43,30.4491,30.43,30.4491,515
20180612,30.48,30.48,30.48,30.48,161000
20180614,30.45,30.45,30.45,30.45,200
20180620,30.07,30.07,30.07,30.07,220
20180627,29.09,29.09,29.09,29.09,300
20180703,29.4397,29.4397,29.4397,29.4397,350
20180705,29.4349,29.4349,29.4349,29.4349,200
20180710,30.0235,30.0235,30.0235,30.0235,150
20180711,29.72,29.72,29.72,29.72,245
20180713,30.022,30.022,30.022,30.022,124
20180717,29.9497,30.0663,29.9497,30.0663,818
20180718,30.05,30.05,30.05,30.05,290
20180719,30.0715,30.09,30.07,30.07,601700
20180720,30.09,30.12,30.09,30.12,2300
20180723,30.1691,30.1827,30.16,30.16,2700
20180724,30.34,30.34,30.23,30.23,211400
20180725,30.4,30.4,30.4,30.4,100
20180801,30.21,30.24,30.21,30.24,400
20180817,29.98,29.98,29.97,29.97,1200
20180820,30.2448,30.2448,30.2448,30.2448,140
20180821,30.375,30.375,30.375,30.375,197
20180822,30.405,30.405,30.405,30.405,100
20180823,30.29,30.29,30.29,30.29,100
20180824,30.485,30.485,30.485,30.485,200
20180827,30.765,30.765,30.765,30.765,100
20180828,30.82,30.82,30.745,30.75,640
20180829,30.912,30.912,30.912,30.912,100
20180830,30.742,30.742,30.625,30.625,366
20180905,30.21,30.26,30.21,30.26,920
20180906,30.14,30.14,30.14,30.14,345600
20180910,30.16,30.19,30.15,30.17,344000
20180914,30.5397,30.5397,30.43,30.43,350
20180918,30.69,30.69,30.69,30.69,600
20180921,31.03,31.03,31.03,31.03,296
20180926,30.7457,30.7457,30.7457,30.7457,100
20181003,30.72,30.72,30.67,30.67,401
20181008,29.88,29.88,29.88,29.88,22000
20181015,28.84,28.84,28.84,28.84,178000
20181018,29.0608,29.0608,28.79,28.79,180100
20181019,28.96,28.96,28.9101,28.9101,500
20181024,28.18,28.18,28.06,28.06,160746
20181025,28.24,28.35,28.24,28.35,200
20181031,28.52,28.52,28.52,28.52,173500
20181106,28.83,28.83,28.76,28.78,3453400
20181108,29.34,29.35,29.18,29.2,1001130
20181109,29.04,29.04,28.87,28.87,512726
20181112,28.85,28.85,28.85,28.85,170
20181113,28.59,28.61,28.59,28.61,2800
20181114,28.69,28.7,28.69,28.7,1200
20181120,27.83,27.88,27.83,27.88,7000
20181127,28.281,28.292,28.281,28.292,202
20181210,27.58,27.58,27.58,27.58,100
20181218,27.176,27.176,27.176,27.176,100
20181227,25.89,25.89,25.89,25.89,300
20181228,26.07,26.2,25.92,25.95,1800
20181231,26.18,26.18,26.02,26.06,1100
20190102,25.766,26.14,25.766,26.11,1876
20190103,25.73,25.91,25.65,25.68,1100
20190104,26.04,26.35,26.04,26.35,800
20190107,26.47,26.66,26.44,26.66,800
20190108,26.85,26.85,26.69,26.84,1059
20190109,27.06,27.12,26.98,27.07,700
20190110,26.94,27.17,26.94,27.17,700
20190111,27.05,27.13,27.05,27.11,600
20190114,26.96,27.05,26.96,27.05,600
20190115,27.13,27.19,27.13,27.14,900
20190116,27.32,27.4,27.32,27.4,11200
20190117,27.24,27.53,27.24,27.46,775
20190118,27.65,27.81,27.65,27.81,500
20190122,27.55,27.55,27.34,27.37,600
20190123,27.34,27.46,27.34,27.46,400
20190124,27.49,27.57,27.49,27.52,700
20190125,27.78,27.86,27.78,27.86,665
20190128,27.54,27.59,27.52,27.59,600
20190129,27.65,27.65,27.65,27.65,100
20190130,27.79,28.02,27.79,28.02,1700
20190131,27.97,28.14,27.97,28.14,900
20190201,28.17,28.18,28.13,28.18,1300
20190204,28.15,28.33,28.14,28.33,8300
20190205,28.47,28.51,28.47,28.51,400
20190206,28.46,28.47,28.46,28.47,500
20190207,28.23,28.27,28.06,28.12,700
20190208,28.02,28.1,27.96,28.1,217400
20190211,28.14,28.1433,28.14,28.1433,310
20190212,28.37,28.4,28.36,28.38,4300
20190214,28.38,28.5,28.38,28.5,600
20190215,28.73,28.75,28.72,28.74,2400
20190219,28.74,28.9,28.74,28.83,7058
20190220,28.95,28.97,28.84,28.94,500500
20190221,28.88,28.88,28.88,28.88,300
20190222,29.02,29.03,28.98,28.98,2496
20190226,29.12,29.12,29.12,29.12,100
20190227,28.98,29.0689,28.98,29.0689,400
20190301,29.03,29.08,29.03,29.08,200
20190304,28.86,28.94,28.86,28.94,400
20190305,29.02,29.02,29.02,29.02,100
20190306,28.91,28.91,28.91,28.91,100
20190307,28.61,28.65,28.61,28.65,300
20190308,28.4,28.49,28.3903,28.49,1218
20190311,28.63,28.82,28.63,28.82,500
20190312,28.97,28.97,28.97,28.97,100
20190313,29.07,29.17,29.07,29.17,913
20190314,29.11,29.11,29.11,29.11,100
20190315,29.26,29.29,29.26,29.29,300
20190318,29.41,29.42,29.36,29.42,300
20190319,29.57,29.57,29.51,29.55,4522
20190320,29.3,29.5097,29.3,29.5097,605
20190321,29.32,29.56,29.32,29.56,700
20190322,29.05,29.16,29.05,29.1048,500
20190325,29,29.04,28.92,28.9767,1700
20190326,28.96,28.98,28.943,28.943,400
20190327,28.74,28.83,28.7,28.83,1800
20190403,29.5599,29.5599,29.5599,29.5599,100
20190409,29.57,29.57,29.545,29.545,1050
20190412,29.79,29.81,29.79,29.81,1300
20190418,29.83,29.86,29.81,29.86,959
20190422,29.8,29.8,29.8,29.8,200
20190423,29.87,30.01,29.87,30.01,1100
20190425,29.78,29.87,29.78,29.87,200
20190426,29.9,29.915,29.9,29.915,460
20190429,30.07,30.1,30.07,30.1,200
20190430,29.96,30.01,29.96,30.01,300
20190501,30.16,30.16,30.12,30.16,300
20190502,29.91,29.91,29.76,29.83,510
20190503,30.04,30.07,30.04,30.07,435
20190506,29.59,29.85,29.59,29.85,800
20190507,29.6,29.6,29.33,29.33,949
20190508,29.4,29.52,29.4,29.52,3100
20190510,29.02,29.43,29.02,29.43,1260
20190513,28.88,28.91,28.67,28.74,1000
20190514,28.89,29.07,28.89,29.07,800
20190515,28.83,29.03,28.83,29.03,2300
20190516,29.25,29.45,29.25,29.4,3000
20190517,29.16,29.25,29.16,29.25,600
20190520,28.96,29.06,28.94,29.03,5200
20190521,29.16,29.21,29.16,29.21,300
20190523,28.5,28.7566,28.5,28.7566,611
20190531,28.325,28.325,28.298,28.298,2000
20190607,29.3101,29.3101,29.3101,29.3101,248
20190610,29.61,29.61,29.61,29.61,100
20190611,29.56,29.56,29.56,29.56,100
20190626,29.966,29.9665,29.966,29.9665,496
20190702,30.39,30.39,30.39,30.39,100
20190703,30.56,30.619,30.56,30.619,100
20190705,30.3663,30.3663,30.3663,30.3663,245
20190708,30.32,30.32,30.32,30.32,100
20190717,30.44,30.44,30.44,30.44,300
20190802,29.66,29.66,29.66,29.66,600
20190815,28.83,28.8895,28.83,28.8895,400
20190903,29.37,29.37,29.37,29.37,7500
20190905,30.202,30.202,30.1972,30.1972,644
20190912,30.57,30.57,30.57,30.57,100
20190913,30.7,30.7,30.7,30.7,100
20190916,30.49,30.49,30.49,30.49,100
20190923,30.4195,30.4195,30.3778,30.3778,360
20191003,28.7595,28.7595,28.7595,28.7595,300
20191008,29.17,29.17,29.17,29.17,800
20191009,29.1956,29.1956,29.1956,29.1956,110
20191010,29.4296,29.4296,29.4296,29.4296,290
20191011,29.9478,29.9478,29.92,29.92,240
20191018,30.09,30.09,30.09,30.09,544
20191021,30.2,30.2,30.2,30.2,300
