Date,Open,High,Low,Close,Volume
20080416,24.52,24.52,24.49,24.49,8000
20080418,24.91,25.05,24.91,25.05,2100
20080421,25.55,25.55,25.55,25.55,2000
20080422,25.37,25.39,25.37,25.39,22500
20080423,25.55,25.83,25.55,25.83,12000
20080424,26.05,26.25,26.05,26.25,23100
20080425,26.48,26.51,26.1,26.1,5300
20080428,26.1,26.12,26.01,26.12,15000
20080429,26.11,26.52,26.11,26.52,4415
20080430,26.5,26.5,26.37,26.37,1700
20080501,26.98,26.98,26.98,26.98,350
20080502,27.05,27.05,26.5,26.54,3100
20080505,26.47,26.56,26.47,26.56,2100
20080506,26.67,26.67,26.43,26.43,10535
20080508,26.1,26.1,25.95,25.95,2500
20080509,25.75,25.82,25.74,25.74,2400
20080512,25.94,25.99,25.94,25.99,850
20080513,26.19,26.25,26.19,26.25,10000
20080514,26.59,26.59,26.59,26.59,500
20080515,26.84,26.84,26.84,26.84,100
20080516,26.4,26.4,26.4,26.4,100
20080519,26.64,26.64,26.64,26.64,5000
20080520,26.48,26.48,26.44,26.44,850
20080522,26.54,26.54,26.54,26.54,5000
20080527,27.1,27.1,27.1,27.1,5000
20080528,27.35,27.35,27.14,27.16,10150
20080530,27.08,27.09,27.08,27.09,10000
20080602,26.49,26.5,26.49,26.5,200
20080603,26.63,26.63,26.63,26.63,5000
20080606,25.88,25.88,25.46,25.46,300
20080611,25.2,25.2,23.95,23.96,1385
20080612,24.48,24.48,24.48,24.48,100
20080616,23,23.62,23,23.59,12700
20080620,23.38,23.49,23.38,23.49,700
20080623,23.65,23.7,23.65,23.7,200
20080626,22.53,22.54,22.41,22.41,12200
20080630,23.53,23.53,23.26,23.26,3000
20080701,23.14,23.25,23.14,23.25,6500
20080702,23.32,23.32,23.32,23.32,200
20080707,23.41,23.54,23.41,23.54,4200
20080708,24.19,24.2,23.9,23.93,5800
20080709,24.08,24.08,23.85,23.85,800
20080710,23.74,23.74,23.74,23.74,100
20080714,24.01,24.01,23.78,23.98,3600
20080715,24.02,24.43,23.99,24.43,10100
20080716,24.4,24.4,24.4,24.4,100
20080718,25.01,25.01,25.01,25.01,100
20080721,25.92,26,25.78,26,960
20080722,26,26,26,26,600
20080723,26.56,26.56,26.53,26.55,1900
20080725,26.39,26.39,26.37,26.39,3900
20080728,25.8,26,25.8,26,5698
20080730,25.9,25.9,25.9,25.9,100
20080731,25.83,25.96,25.83,25.96,3000
20080804,26.54,27.29,26.54,27.29,1115
20080805,27.92,27.92,27.35,27.4,985
20080807,27.3,27.55,27.3,27.53,2800
20080808,27.81,27.81,27.81,27.81,1079
20080811,28.25,28.25,27.91,27.91,1900
20080812,27.9,27.9,27.9,27.9,100
20080813,27.86,27.86,26.36,26.37,6530
20080814,26.19,26.48,26.16,26.39,28400
20080815,27.17,27.17,27.17,27.17,100
20080819,26.09,26.37,25.84,26.37,5515
20080820,26.05,26.08,26.05,26.08,300
20080821,25.23,25.23,24.72,25.05,8800
20080822,25.39,25.45,25.39,25.45,4000
20080825,24.95,25.66,24.95,25.66,856
20080826,26.17,26.17,25.86,25.86,3848
20080827,25.62,26.17,25.62,26.17,4913
20080902,27.67,27.67,27.57,27.57,2400
20080903,27.55,27.8,27.55,27.61,3078
20080904,27.61,27.61,27.61,27.61,720
20080905,28.24,28.5,28.24,28.5,700
20080909,28.94,29.04,28.6,28.73,2150
20080910,28.86,28.86,28.66,28.84,2600
20080911,29.14,29.14,28.96,28.96,1400
20080912,28.44,28.63,28.2,28.63,700
20080915,28.12,28.16,28.12,28.16,510
20080916,28.71,29.37,28.71,29.37,3078
20080917,30.27,30.27,28.2,28.2,1365
20080918,30.16,30.16,30.16,30.16,1000
20080919,28.19,29.87,27.82,29.87,1572
20080922,28.47,28.47,28.16,28.16,1457
20080926,28.82,28.82,28.82,28.82,1500
20080929,29.56,30.33,29.56,30.33,11200
20080930,29.76,29.76,29.76,29.76,175
20081001,30.81,30.81,30.58,30.58,360
20081002,31,32.78,30.58,32.66,13566
20081003,32.5,32.8,32.32,32.8,2390
20081006,34.27,34.91,34.27,34.91,350
20081007,34.35,34.48,34.07,34.48,1000
20081008,34.48,35.15,34.48,35.15,335
20081009,34.09,34.46,33.5,34.46,5560
20081010,34.34,35.46,34.34,34.75,27389
20081013,34.83,34.83,34.45,34.77,5100
20081014,33.7,35.16,33.7,35.02,6560
20081015,35.66,36.15,35.39,36.15,9296
20081016,36.74,36.74,36.17,36.17,6790
20081017,36.01,36.07,35.36,35.36,3885
20081020,35.13,35.13,35.13,35.13,150
20081021,35.23,35.5,35.23,35.5,450
20081022,36.45,36.8,36.45,36.76,867
20081023,36.93,36.93,34.21,34.21,1475
20081024,38.43,38.43,36.61,37.3,11005
20081027,37.21,37.64,36.43,36.43,12667
20081028,35.56,36.25,35.56,36.25,515
20081029,35.02,35.75,34.04,34.4,1909
20081030,35.04,35.04,34.93,34.93,451
20081031,35.45,35.45,35.45,35.45,240
20081103,34.59,34.8,23.29,34.6,5100
20081104,33.46,33.71,32.59,33.65,4056
20081105,33.96,35.28,33.96,35.28,1068
20081106,35.29,36.47,34.76,36.29,1174
20081110,35.85,35.85,35.85,35.85,500
20081112,36.17,36.17,36.08,36.08,1000
20081113,37.15,37.15,36.26,36.26,710
20081114,36.23,36.23,36.23,36.23,110
20081117,35.9,35.9,35.9,35.9,100
20081118,36.53,36.53,36.53,36.53,1600
20081119,35.93,35.93,35.93,35.93,2000
20081120,37.15,37.9,37.15,37.9,638
20081121,37.9,37.9,37.9,37.9,300
20081124,38.1,38.1,37.37,37.37,300
20081125,37.35,37.35,37.29,37.29,272
20081126,37.29,37.29,37.29,37.29,100
20081128,36.84,36.84,36.84,36.84,100
20081201,37.69,37.69,37.2,37.2,369
20081202,37.92,38.25,37.92,38.25,439
20081203,38.48,38.59,38.42,38.5,1630
20081204,39.34,39.7,39.34,39.7,300
20081205,40.57,41.99,40.57,41.41,20037
20081208,40.25,40.25,38.1,39.79,762
20081209,39.6,39.8,39.54,39.8,2921
20081210,39.49,39.49,38.68,38.72,1380
20081211,38.45,38.45,37.99,37.99,330
20081212,37.41,37.41,37.41,37.41,1000
20081215,37.05,37.34,37.03,37.34,810
20081216,37.34,37.34,37.34,37.34,267
20081217,36.15,36.51,36.15,36.51,400
20081218,35.95,36.4,35.95,36.4,882
20081219,37.14,37.14,37.14,37.14,500
20081222,36.77,36.83,36.77,36.83,1000
20081224,35.99,36.1201,35.99,36.1201,1600
20081229,34.01,35.38,34.01,35.3,4508
20081230,35.55,35.55,35.55,35.55,1000
20081231,34.67,34.7,33.86,34.33,4516
20090102,34.97,34.97,32.3,33.806,2252
20090105,34.22,34.22,34.2,34.21,700
20090106,33.37,33.37,32.67,32.951,1227
20090107,33.61,34.41,33.61,34.03,5520
20090108,34.2139,34.2139,33.82,34.13,4838
20090109,33.6,33.63,33.6,33.63,600
20090112,33.71,35.74,33.71,35.74,4100
20090113,36,36,36,36,600
20090114,35.91,35.91,34.95,34.95,1400
20090115,36.05,36.05,35.83,35.83,600
20090116,35.24,35.24,35.24,35.24,500
20090120,34.69,35.07,34.69,35.07,1240
20090121,34.94,34.94,34.94,34.94,600
20090122,35.4,35.4,35.4,35.4,300
20090123,34.67,34.67,34.67,34.67,500
20090127,34.87,34.87,34.87,34.87,100
20090128,34.9,34.9,34.9,34.9,1000
20090129,35.33,35.37,35.33,35.37,2500
20090202,35.77,35.77,35.77,35.77,100
20090203,36.27,36.27,36.27,36.27,154
20090204,36.55,36.55,36.55,36.55,600
20090209,35.2,35.2,34.76,34.76,309
20090210,35.4062,35.4834,35.4062,35.4834,1400
20090211,35.7,35.7,35.5,35.5,500
20090220,37.81,37.97,37.81,37.97,3000
20090223,37.4,37.92,37.4,37.92,528
20090224,38,38,38,38,3745
20090227,37.52,37.53,37.514,37.514,716
20090302,37.81,38.95,37.81,38.95,3520
20090303,38.92,39.13,38.9,39.113,1724
20090304,38.39,38.39,38.39,38.39,300
20090306,38.5,38.5,38.5,38.5,100
20090309,38.2,38.2,38.15,38.15,1060
20090310,37.7699,37.7699,37.5737,37.5737,700
20090311,38.29,38.29,38.29,38.29,1500
20090313,37.05,37.4099,37.03,37.37,857
20090316,37.87,37.87,36.6544,36.6544,1900
20090317,36.58,36.58,36.58,36.58,136
20090318,36.33,36.39,36.33,36.39,473
20090319,35.388,35.45,34.98,35.14,2744
20090320,35.55,35.55,35.55,35.55,340
20090323,34.85,35.15,34.81,35.15,2938
20090324,35.39,35.39,35.39,35.39,210
20090325,34.4,36.5,34.4,36.5,3440
20090330,37.68,37.68,37.61,37.6683,321
20090331,36.5,36.5,36.5,36.5,1190
20090401,36.41,36.41,36.4099,36.4099,2400
20090403,35.49,35.54,35.49,35.54,4145
20090407,35.82,35.8201,35.82,35.8201,2870
20090408,36.43,36.43,36.43,36.43,980
20090414,35.62,35.62,35.62,35.62,300
20090416,36.0001,36.0001,36.0001,36.0001,100
20090421,37.017,37.017,37.017,37.017,215
20090424,35.106,36.5699,35.106,36.5699,315
20090427,35.88,36.57,35.88,36.45,1396
20090429,34.6701,36.6099,34.6701,36.6099,200
20090430,36.1,36.1,36.1,36.1,100
20090506,33.1501,33.1501,33.1501,33.1501,120
20090507,32.84,33.22,32.83,32.8301,3840
20090512,31.43,31.43,31.43,31.43,100
20090515,32.0201,32.0201,32.0201,32.0201,300
20090604,31.75,31.75,31.03,31.03,500
20090611,31.59,31.59,31.22,31.22,300
20090615,32.63,32.63,32.59,32.59,5000
20090616,32.6699,32.9701,32.6699,32.9701,11500
20090617,33.0399,33.27,32.85,32.85,6000
20090618,32.84,32.96,32.6,32.92,3900
20090622,33.8799,34,33.83,34,4084
20090623,31.18,33.55,29.28,33.2,3100
20090624,32.7801,33.37,32.7801,33.3699,400
20090625,33.59,33.59,33.59,33.59,183
20090629,33.028,33.028,33.028,33.028,500
20090630,33.928,34.05,33.928,34.05,700
20090701,33.5,33.97,33.5,33.75,800
20090702,34.21,34.51,34.1653,34.51,11000
20090706,35.14,35.237,34.8,35.237,7356
20090707,34.65,35.82,34.65,35.79,2201
20090708,36.12,36.12,36.12,36.12,149
20090709,35.675,35.84,35.675,35.765,448
20090710,35.76,35.76,35.73,35.73,4200
20090713,35.6064,35.68,35.6,35.67,7737
20090714,35.08,35.08,35.08,35.08,100
20090716,35.495,35.495,35.4201,35.4201,234
20090717,35.62,35.62,35.62,35.62,300
20090721,35.075,35.6215,35.05,35.6,800
20090722,35.72,35.72,35.67,35.67,1206
20090723,35.3,35.3,34.8,34.8,3600
20090724,35.04,35.3,35.04,35.3,300
20090728,35.25,35.25,35.25,35.25,1600
20090729,35.488,35.488,35.488,35.488,100
20090730,35.1,35.1,34.16,34.31,6900
20090731,34.57,34.57,33.99,33.99,534
20090803,32.78,33.02,32.7,32.7,700
20090804,32.89,32.93,32.58,32.85,17498
20090805,32.61,32.82,32.61,32.82,5800
20090806,33.4,33.4,33.27,33.27,3400
20090807,33.27,33.62,33.27,33.62,10200
20090811,33.17,33.17,32.94,32.94,1381
20090812,33.74,33.74,32.78,32.78,473
20090817,35.13,35.13,35.13,35.13,223
20090818,34.5,34.67,34.28,34.28,1815
20090819,34,34,34,34,4400
20090824,34,34,33.7,33.7,430
20090825,33.3615,33.3615,33.29,33.29,200
20090831,33,33,33,33,200
20090901,33.5,33.5,33.5,33.5,100
20090902,34.6,34.6,33.55,33.65,635
20090904,34.84,35.35,34.84,35.35,1175
20090908,35.23,35.23,35.23,35.23,1300
20090909,35.22,35.22,35,35,5505
20090910,34.66,34.66,34.66,34.66,2000
20090911,33.85,34.69,33.85,34.69,328
20090915,34,34.1,34,34,1500
20090918,33.6,34.31,33.6,34.31,760
20090925,35.085,35.12,35.085,35.12,302
20090928,33.755,33.755,33.72,33.72,302
20090929,33.71,33.71,33.71,33.71,150
20091002,35.28,35.28,35.28,35.28,270
20091006,34.37,34.37,34.37,34.37,500
20091008,34.62,34.62,34.62,34.62,900
20091009,33.04,33.04,33.04,33.04,133
20091014,31.7,32.15,31.525,32.11,1170
20091015,31.806,31.806,31.806,31.806,170
20091016,31.81,31.81,31.81,31.81,200
20091019,31.45,31.525,31.35,31.35,3500
20091020,31.47,32,31.47,32,800
20091021,30.82,30.821,30.82,30.821,2200
20091023,30.95,30.95,30.95,30.95,500
20091026,30.6,32.3,30.6,32.3,251
20091027,32.6,33.28,32.6,32.98,1200
20091028,33.62,33.62,33.62,33.62,1972
20091103,33.6,33.6,31.73,31.74,8719
20091105,32.76,32.76,32.71,32.71,408
20091106,33.61,33.61,33.61,33.61,100
20091110,33.7,33.7,33.7,33.7,100
20091112,31.74,31.74,31.74,31.74,100
20091113,33.39,33.39,31.57,31.57,254
20091118,31.03,31.03,30.81,30.81,200
20091119,31.8,31.95,31.8,31.95,1743
20091124,32.07,32.34,31.98,32.34,3350
20091127,31.5397,31.55,31.5397,31.55,425
20091130,31.504,31.504,31.11,31.11,2140
20091201,30.87,31.08,30.82,31.04,747
20091202,31.204,31.37,31.18,31.18,2600
20091203,31.24,31.42,31.16,31.4,500
20091204,31.9,31.9,31.74,31.74,2302
20091207,31.8,32.11,31.8,32.11,3400
20091208,32.08,32.08,32.08,32.08,315
20091209,32.39,32.39,32.39,32.39,226
20091216,31.28,31.28,31.28,31.28,2225
20091222,32.07,32.07,32.07,32.07,175
20091230,31.08,31.08,31.04,31.04,1187
20091231,30.97,31.1,30.97,31.1,8883
20100104,30.54,30.54,30.54,30.54,700
20100105,30.64,30.82,30.64,30.82,1246
20100107,30.4,30.52,30.4,30.52,930
20100108,30.65,30.65,30.65,30.65,200
20100112,31.07,32.07,31.07,32.07,8360
20100113,31.99,31.99,31.99,31.99,300
20100115,32.22,32.22,32.22,32.22,895
20100119,32.76,32.76,32.76,32.76,100
20100121,32.47,32.71,32.37,32.47,912
20100122,32.34,32.6101,32.34,32.6101,600
20100127,33.38,33.39,33.355,33.355,1263
20100128,33.23,33.23,33.122,33.122,295
20100201,33.1899,33.1899,32.68,32.68,440
20100203,31,31,31,31,100
20100204,33,33.23,33,33.23,1000
20100205,34.2,34.2,33.3,33.3,1440
20100209,32.46,32.94,32.46,32.94,1000
20100211,38.67,38.67,32.94,32.94,190
20100212,32.39,32.72,32.0201,32.72,620
20100216,32,32.12,32,32.12,425
20100217,32.1,32.8,32.1,32.8,1600
20100219,33.03,33.03,33.03,33.03,100
20100222,32.84,32.85,32.84,32.85,2100
20100301,33.38,33.38,33.38,33.38,200
20100302,33.9299,33.9299,33.9299,33.9299,300
20100303,33.65,33.65,33.65,33.65,150
20100305,34.16,34.16,34.13,34.13,1100
20100308,34.374,34.38,34.23,34.24,1700
20100309,34.73,34.73,34.73,34.73,500
20100310,35.33,35.35,35.33,35.35,2000
20100311,35.5901,35.5901,35.5901,35.5901,300
20100312,35.55,35.55,35.55,35.55,100
20100315,35.49,35.49,35.49,35.49,100
20100316,35.58,35.58,35.58,35.58,200
20100317,35.66,35.66,35.55,35.55,439
20100322,35.55,35.55,35.55,35.55,481
20100323,35.56,35.85,35.55,35.85,882
20100325,36.1599,36.16,36.1599,36.1599,300
20100330,36.39,36.39,36.39,36.39,192
20100331,36.43,36.52,36.43,36.52,879
20100401,37.53,37.53,36.82,36.95,3559
20100405,36.6687,36.77,36.56,36.77,1724
20100406,36.88,36.88,36.63,36.66,1740
20100407,36.32,36.32,34.76,36.27,3050
20100409,36.33,36.5201,36.33,36.52,1850
20100413,36.04,36.04,36.04,36.04,300
20100414,35.53,35.53,35.36,35.36,1800
20100415,35.49,35.49,35.4,35.4,900
20100416,35.45,35.75,35.45,35.75,200
20100419,35.78,35.78,35.78,35.78,300
20100421,35.32,35.32,35.0401,35.0401,500
20100427,35,36.95,35,36.95,1100
20100428,38,38,38,38,270
20100429,31.78,36.42,31.78,36.41,1325
20100503,32.28,36.33,32.28,36.33,200
20100504,39.59,39.59,39.59,39.59,275
20100505,36.77,36.77,36.77,36.77,100
20100506,36.92,40,36.76,40,993
20100507,37.53,37.53,37.31,37.31,1133
20100510,37.28,37.28,37.17,37.2366,500
20100514,37.95,37.95,37.95,37.95,100
20100517,38.4,38.4,38.4,38.4,100
20100519,38.37,38.37,38.37,38.37,546
20100520,37.79,37.79,37.79,37.79,100
20100525,37.96,37.96,37.96,37.96,133
20100527,37.55,37.55,37.4,37.4,200
20100601,38.53,38.53,38.32,38.32,640
20100602,38.91,38.91,38.91,38.91,400
20100603,39.11,40.875,38.9,38.99,70853
20100604,42.98,42.98,38.99,39.29,9426
20100607,39.81,39.84,39.3816,39.809,2500
20100608,39.56,39.57,39.3,39.3,1350
20100609,39.39,39.46,39.225,39.46,885
20100610,39.1,39.1,38.97,39,530
20100611,39,39,38.67,38.67,4800
20100614,38.33,38.37,38.23,38.32,2300
20100615,38.3,38.41,38.3,38.37,1500
20100617,38.23,38.46,38.16,38.18,4361
20100618,37.9101,37.99,37.9101,37.99,235
20100621,37.8,38.38,37.48,38.2,4325
20100622,38.28,38.45,38.24,38.45,1484
20100623,38.14,38.6401,38.14,38.6401,7100
20100624,39.325,39.325,38.4,38.65,2360
20100625,38.66,38.91,38.66,38.91,200
20100628,39.2,39.63,39.19,39.19,1165
20100629,39.77,40.09,39.62,40.05,7512
20100630,38.67,39.1,37.69,38.83,7900
20100701,38.84,38.93,38.83,38.83,2300
20100702,38,38.01,37.93,38,1100
20100706,37.615,38.2,37.61,38.2,1344
20100707,38.32,38.32,36.94,36.96,4240
20100708,36.9,36.9,36.28,36.38,3450
20100709,36,37.8399,34.77,37.8399,2790
20100712,36.5,36.796,36.5,36.51,500
20100713,36.09,36.2101,36.09,36.2101,700
20100714,36.2,36.2,35.86,35.86,1609
20100715,35.69,35.69,34.25,34.8,65202
20100716,34.41,35.35,34.41,35.35,2810
20100719,33.5,35.66,33.5,35.4115,2700
20100720,34.69,35.85,34.69,35.85,700
20100721,35.1,35.41,35.1,35.4,1900
20100722,34.85,35.4,34.63,35.4,8500
20100723,35.26,35.39,35.26,35.39,300
20100727,35.76,35.76,35.76,35.76,100
20100728,35.64,35.64,34.89,34.89,10117
20100730,34.456,34.456,33.66,33.85,4900
20100802,33,33.44,32.95,33.14,1200
20100803,33.39,33.64,33.39,33.64,240
20100805,32.3,32.8,32.2,32.8,1413
20100806,33.42,33.695,33,33.695,4600
20100809,33.25,33.49,33.08,33.49,6374
20100810,33.5,33.5,33.49,33.5,2500
20100811,32.952,34.06,32.933,33.68,2670
20100812,33.41,33.475,33.04,33.15,900
20100816,32.85,33.02,32.85,33.02,5600
20100817,33.13,33.42,32.995,33.25,13502
20100818,32.93,32.93,32.93,32.93,300
20100819,33.13,33.13,32.945,32.945,700
20100820,33.18,33.18,33.18,33.18,650
20100823,33.09,33.1,33.004,33.07,2570
20100824,33.55,33.55,33.5499,33.5499,300
20100825,33.8,33.8,33.092,33.59,6113
20100826,33.4146,33.4146,33.36,33.36,250
20100827,32.774,32.92,32.72,32.92,2280
20100830,32.5,32.5,32.39,32.39,1700
20100831,34.9349,36,32.59,33.08,29053
20100901,33.9,34.24,33.9,34,1108
20100902,33.27,33.27,32.29,32.29,4000
20100903,32.03,32.03,31.6715,31.6715,300
20100907,31.38,31.41,31.38,31.41,200
20100909,31.45,31.45,31.45,31.45,500
20100913,30.49,30.54,30.3,30.33,1100
20100914,30.15,30.15,30.15,30.15,100
20100915,30.02,30.177,29.838,30.17,2400
20100916,30.11,30.11,30.11,30.11,832
20100917,29.82,29.82,29.8199,29.8199,500
20100920,29.36,29.37,28.9115,29.204,6505
20100921,28.87,29.5801,28.87,29.5801,7752
20100922,29.4113,29.4113,29.3486,29.3487,1302
20100923,29.44,29.44,29.44,29.44,100
20100924,28.39,28.39,28.35,28.35,9789
20100927,28.16,28.57,28.16,28.57,3500
20100928,28.56,28.58,28.56,28.58,1916
20100929,29.94,29.95,29.1722,29.1722,3600
20100930,30,30.687,29.91,29.947,1600
20101001,30.51,31.11,30.5001,30.7825,3965
20101004,30.9,31,30.9,31,358
20101005,30.7,30.7,30.149,30.149,2231
20101007,29.76,29.88,29.41,29.71,37902
20101008,29.5,29.5,27.5,27.6199,5400
20101011,27.03,27.37,26.81,27.37,600
20101012,27.48,27.48,27.11,27.11,600
20101013,26.855,27.0401,26.855,27.0401,800
20101014,27.1199,27.1199,27.1199,27.1199,103
20101015,26.89,27.19,26.89,27.19,2200
20101019,27.64,27.64,27.2759,27.57,1586
20101022,26.95,26.95,26.82,26.95,500
20101025,26.67,26.73,26.5,26.652,1380
20101026,26.435,26.53,26.435,26.53,325
20101027,26.5,26.5,26.35,26.35,700
20101028,25.81,25.81,25.81,25.81,100
20101029,25,27.43,24.9,25.5601,2421
20101101,25.5801,25.77,25.5801,25.72,2712
20101102,25.5,25.59,25.5,25.5293,1555
20101103,25.53,25.53,25.4,25.4,4065
20101104,25.42,25.42,24.252,24.92,2670
20101105,25.04,25.04,25.04,25.04,100
20101108,24.9,24.9,24.78,24.78,220
20101109,24,24.66,24,24.66,10400
20101110,24.62,24.7,24.62,24.7,975
20101111,25.41,26.33,25.41,25.91,8200
20101112,26.22,27.99,26.22,27.4,5310
20101115,26.7201,27.1,26.091,27.01,2755
20101116,27.1,29.144,27.1,28.9299,1991
20101117,28.4,28.4,27.66,28.06,1027
20101118,27.0201,27.0201,26.74,26.74,1675
20101123,26.75,26.75,26.75,26.75,300
20101129,26.74,27.06,26.74,27.06,2700
20101130,27.25,27.33,26.296,26.296,1000
20101202,25.74,25.74,25.74,25.74,499
20101203,25.5,25.5,25.5,25.5,100
20101206,25.598,25.788,25.52,25.532,3290
20101207,25.51,25.881,25.51,25.881,300
20101208,25.75,27.255,25.48,25.48,1575
20101210,25.76,25.76,25.76,25.76,200
20101213,25.95,25.95,25.25,25.25,700
20101214,25.02,25.12,25.02,25.12,200
20101215,26.5,26.5,26.5,26.5,100
20101220,26.5,26.5,24.48,24.48,900
20101221,24.5,24.5,24.28,24.33,500
20101222,24.2899,24.3172,24.13,24.1301,1590
20101223,23.9788,23.9789,23.91,23.9212,2005
20101228,23.58,23.61,23.567,23.567,2675
20101229,23.56,23.56,23.56,23.56,100
20101230,24.28,24.47,24.28,24.47,4300
20101231,24.55,24.55,23.931,23.931,2110
20110104,23.94,23.94,23.94,23.94,100
20110106,23.79,23.79,23.7899,23.7899,207
20110107,23.96,23.96,23.81,23.9,34881
20110110,23.78,24.14,23.659,24.14,26091
20110111,24.01,24.01,23.55,23.58,1300
20110112,21.7301,23.5299,21.7301,23.4,800
20110113,23.27,23.27,23.1,23.1,1291
20110114,23.39,23.39,23.35,23.35,600
20110119,22.63,22.8,22.62,22.79,1000
20110120,22.92,22.92,22.92,22.92,211
20110121,22.67,22.67,22.67,22.67,100
20110124,22.65,22.65,22.4,22.609,400
20110125,22.77,22.89,22.72,22.89,1180
20110127,22.22,22.22,22.22,22.22,300
20110131,22.45,22.45,22.4,22.4,200
20110201,22.2,22.2,22,22.05,4915
20110202,22.1,22.1,22.1,22.1,100
20110203,21.85,22.15,21.85,22.15,7200
20110204,21.96,21.96,21.96,21.96,100
20110207,21.3101,21.7501,21.3101,21.7501,881
20110208,22,22,21.73,21.8301,699
20110209,21.96,21.96,21.58,21.58,2822
20110210,21.366,21.366,21.366,21.366,300
20110211,23.2399,23.2399,21.83,21.83,550
20110216,22.2,22.54,22.2,22.51,2130
20110217,22.51,22.51,22.0299,22.0299,700
20110218,22.29,22.53,22.29,22.3001,400
20110222,22.15,25.24,22.15,23.44,4975
20110223,24.484,24.484,23.21,23.21,2250
20110224,23.34,23.52,23.34,23.52,1240
20110225,22.52,22.7301,22.41,22.7301,700
20110301,20.916,22.71,20.916,22.68,2525
20110302,22.65,22.65,22.44,22.44,1326
20110303,22.086,22.086,22.086,22.086,125
20110304,22.15,22.2999,22.15,22.2999,584
20110307,22.73,22.73,22.35,22.35,872
20110308,22.5218,22.5218,22.5218,22.5218,100
20110310,23.25,24.3599,23.1501,23.699,7855
20110311,23.7499,23.7499,23.63,23.694,700
20110314,25.47,25.47,23.68,23.84,3520
20110315,26,26,24.6199,24.821,2530
20110316,25.48,25.48,24.025,24.58,1750
20110317,24.04,24.04,23.62,23.62,4100
20110318,23.5,23.5,22.0015,22.0015,200
20110328,23.5408,23.58,23.5408,23.58,1150
20110329,23.58,23.58,23.58,23.58,100
20110330,23.5,23.58,23.5,23.58,550
20110331,21,21,21,21,150
20110401,21.81,22.69,21.81,22.69,300
20110406,22.7,22.7,22.39,22.39,400
20110408,22.51,22.51,22.27,22.288,2100
20110411,22.44,22.53,22.36,22.36,600
20110415,23.18,23.19,23.18,23.18,1400
20110419,22.75,22.81,22.75,22.81,400
20110420,22.64,22.88,22.45,22.88,515
20110421,22.3,22.75,22.3,22.53,2350
20110426,23,23,22.326,22.48,615
20110427,23.69,23.69,22.8,22.948,635
20110429,23.54,23.97,22.7309,23.08,1600
20110502,22.79,23.11,22.79,23,980
20110503,23.16,23.46,23.16,23.19,1280
20110504,23.3,24,23.205,23.56,13995
20110505,23.62,24.6899,23.62,24.61,2429
20110509,24.37,24.37,23.6,23.6,18600
20110511,24.03,24.48,24.03,24.1301,1230
20110512,24.0282,24.0282,24.0282,24.0282,200
20110513,24.99,24.99,24.11,24.484,5100
20110516,24.28,24.28,24.19,24.19,400
20110517,24.19,24.19,23.6798,23.6798,1050
20110518,22.56,23.35,22.56,22.8,1640
20110520,22.45,23.27,22.45,23.19,342
20110523,23.35,23.35,23.2,23.2,1000
20110525,23,23.15,22.93,23.15,1200
20110531,23.13,23.13,23.04,23.0599,2900
20110601,23,23.08,22.99,23.08,2300
20110603,22.54,22.56,22.53,22.56,500
20110606,22.97,23.22,22.85,23.22,500
20110609,22.31,22.43,22.02,22.25,1100
20110610,22.61,22.68,22.58,22.68,5395
20110614,23.07,23.21,23,23.2,46013
20110616,23.39,23.42,23.3,23.3,3200
20110617,23.3285,23.48,23.3285,23.48,900
20110620,23.57,23.57,23.48,23.48,280
20110621,23.18,23.19,23.18,23.19,2000
20110622,23.33,23.83,23.33,23.83,9200
20110623,24.32,24.6491,23.76,23.76,2348
20110627,24.45,24.62,24.43,24.45,2800
20110628,24.47,24.47,23.64,23.64,1600
20110629,23.64,23.66,23.64,23.66,200
20110630,24.25,25,23.88,25,10100
20110701,26,26.01,24.68,24.76,7910
20110705,24.2,24.2,24.1,24.15,5000
20110706,24.13,24.29,24.13,24.23,3483
20110707,23.74,23.74,23.74,23.74,100
20110708,23.94,23.9699,23.45,23.6699,1750
20110711,23.5401,23.5401,23.5401,23.5401,100
20110712,23.15,23.25,23.0599,23.06,1245
20110719,22.41,22.43,22.18,22.24,86676
20110720,22.33,22.33,22.33,22.33,150
20110721,22.33,22.4,22.33,22.4,400
20110722,22.22,22.22,22.22,22.22,266
20110725,22.5,22.66,22.5,22.65,57619
20110726,22.05,22.05,22.05,22.05,100
20110727,22.1,22.1001,22.1,22.1001,220
20110729,22.776,22.776,22.54,22.54,360
20110803,22.5,22.5,22.38,22.38,360
20110804,22.81,22.81,22.81,22.81,100
20110805,23,23,22.94,22.94,200
20110808,23.31,23.7,23.23,23.7,4425
20110809,23.56,23.56,23.05,23.22,1535
20110810,23.281,23.331,23.279,23.279,300
20110811,22.64,22.6401,22.64,22.6401,622
20110815,22.66,22.66,22.47,22.47,14200
20110816,22.5,22.5,22.25,22.25,24600
20110817,21.97,21.97,21.88,21.88,2500
20110818,22.47,22.47,22.47,22.47,200
20110822,21.57,21.8,21.57,21.8,485
20110824,20.88,21.69,20.88,21.69,400
20110825,19.9,21.69,19.9,21.45,1594
20110826,21.09,21.09,21.09,21.09,500
20110830,21.11,21.11,20.99,20.99,4900
20110909,21.81,21.81,21.81,21.81,100
20110914,22.05,22.05,22.05,22.05,1000
20110915,22.18,22.37,21.93,22.37,400
20110916,22.4123,22.4123,22.39,22.3901,975
20110920,22.5,22.71,22.49,22.71,2900
20110922,22.7,23.6,22.7,23.6,900
20110926,22.17,22.17,22.17,22.17,100
20110927,23.2801,23.73,23.28,23.39,4550
20110928,23.82,24.27,23.82,24.08,2300
20110929,24.69,24.7,24.03,24.03,930
20110930,23.86,24.98,23.86,24.9479,8091
20111003,25.3399,25.3399,24.49,24.49,1300
20111005,24.5,24.5,24.5,24.5,100
20111006,24,24,24,24,2400
20111011,22.7535,22.7535,22.7535,22.7535,1200
20111012,23.07,23.34,22.85,22.85,2500
20111013,22.72,22.8,22.72,22.72,830
20111014,22.75,22.75,22.75,22.75,200
20111025,23,23.325,22.99,23.325,300
20111028,22.92,22.92,22.73,22.73,468
20111031,22.8001,22.8001,22.8001,22.8001,6200
20111101,23.62,23.68,22.88,22.88,4500
20111102,23.45,23.45,23.45,23.45,2000
20111108,22.94,22.9401,22.94,22.9401,200
20111109,23.31,23.52,23.31,23.52,1600
20111110,23.94,23.99,23.94,23.99,1876
20111111,23.9,23.9,23.9,23.9,100
20111117,24.33,24.33,24.33,24.33,190
20111121,23.45,24.55,23.45,24.5,400
20111122,25,25.54,25,25.32,8447
20111123,25.6,26,25.5,25.8,12565
20111125,25.89,26.86,25.89,26.35,5510
20111128,26.32,26.32,25.25,25.9,18961
20111129,26.25,26.25,25.312,25.35,3843
20111130,25.2701,25.2812,24.782,25.16,3043
20111201,25.348,25.46,25.27,25.38,1500
20111202,25.54,25.66,24.84,24.84,950
20111205,24.7,25.421,24.55,25.42,1907
20111206,25.43,25.43,25.43,25.43,100
20111207,25.26,25.49,25.15,25.15,13366
20111208,24.6,25.62,24.6,25.62,500
20111209,25.61,25.6355,25.3,25.6355,3010
20111213,25.54,25.54,25.54,25.54,100
20111214,25.64,26.086,25.64,26.086,1390
20111215,25.42,26.74,25.42,26.2,4800
20111219,25.28,25.28,25.28,25.28,217
20111221,25.49,25.52,24.9,24.9,2900
20111222,24.849,24.85,24.849,24.85,365
20111227,24.6,24.6,24.12,24.13,2819
20111228,24.11,24.2601,24.11,24.2601,2231
20111229,24.09,24.27,24.09,24.27,1042
20111230,24.35,24.42,24.35,24.378,1500
20120103,23.6925,23.9745,23.5975,23.67,11306
20120104,24.62,24.62,23.63,23.806,2776
20120105,24.94,24.94,24.276,24.77,1120
20120106,24.2565,24.7,24.2185,24.5345,6225
20120109,24.17,24.49,23.99,23.99,729
20120110,24.07,24.46,23.97,24.23,34004
20120111,24.08,24.21,24.08,24.21,300
20120112,24.5,24.5,24.5,24.5,100
20120113,24.63,24.72,24.63,24.72,640
20120117,25.049,25.07,24.9,24.94,29775
20120119,24.94,24.94,24.94,24.94,108
20120120,25.079,25.21,24.99,25.21,650
20120123,24.74,24.94,24.6,24.6,3300
20120126,24.28,24.28,23.83,23.95,1085
20120127,23.9571,24.49,23.95,24.49,2962
20120130,24.34,24.45,24.31,24.45,852
20120131,24.13,24.6,24.011,24.23,1976
20120206,23.928,23.94,23.753,23.8,1250
20120207,23.85,23.85,23.85,23.85,240
20120208,24.11,24.11,24.11,24.11,100
20120209,22.9,24.19,22.72,24.04,1625
20120210,24.326,25.2699,24.326,25.2699,1518
20120213,25.1,25.1,24.46,24.46,3100
20120214,24.51,24.54,24.51,24.54,300
20120216,24.651,24.651,24.651,24.651,300
20120217,24.2808,24.47,24.2808,24.47,300
20120221,24.35,24.35,24.35,24.35,390
20120222,24.6001,24.78,24.13,24.13,3300
20120223,24.35,24.64,24.13,24.43,5000
20120224,24.3499,24.6202,24.3499,24.35,4900
20120227,24.35,24.55,24.35,24.45,800
20120228,23.94,24.4,23.9,24.03,4095
20120229,24,24,24,24,100
20120301,24.02,24.38,24.02,24.38,1200
20120302,24.3799,24.4001,24.16,24.35,6102
20120305,23.666,23.666,23.666,23.666,100
20120308,24.54,24.54,24.54,24.54,500
20120309,24.38,24.6,24.38,24.6,300
20120312,24.25,24.25,24.25,24.25,100
20120313,24.186,24.186,24.186,24.186,100
20120314,24.2999,24.51,24.2599,24.4401,2300
20120316,23.56,23.56,23.56,23.56,200
20120319,23.55,23.81,23.55,23.8,900
20120320,23.806,23.806,23.806,23.806,100
20120321,23.83,23.99,23.81,23.83,22301
20120322,23.84,23.85,23.62,23.6213,5100
20120323,23.74,23.7401,23.74,23.74,900
20120326,23.86,23.86,23.65,23.85,2900
20120327,24.89,24.89,24.001,24.001,516
20120402,24.82,24.82,23.4,23.4,200
20120403,23.68,23.68,23.68,23.68,100
20120412,24.538,24.538,24.538,24.538,250
20120413,24.222,24.222,24.222,24.222,250
20120417,24.7,24.7,24.7,24.7,166
20120423,24.73,24.73,24.73,24.73,100
20120425,24.5,24.5,24.5,24.5,1100
20120503,25,25.15,25,25.15,1600
20120507,25.9814,25.9814,25.92,25.92,400
20120509,25.54,25.62,25.54,25.6,900
20120511,25.9,26,25.9,26,3628
20120514,26,26,26,26,1650
20120515,26.13,26.49,26.01,26.49,684
20120516,26.6,26.6,25.484,25.484,614
20120517,25.28,25.365,25.28,25.365,600
20120524,25.92,25.92,25.92,25.92,200
20120529,25.46,25.46,25.42,25.42,464
20120604,25.42,25.42,25.42,25.42,410
20120606,26.11,26.11,25.8,25.8,400
20120607,25.54,25.64,25.54,25.64,6151
20120608,25.38,25.38,25.38,25.38,100
20120613,25.85,26.02,25.66,25.66,6300
20120618,25.6,25.6,25.2905,25.2905,900
20120621,24.55,24.55,24.55,24.55,100
20120622,24.5,24.5,24.41,24.44,500
20120626,23.16,23.3,23.16,23.3,1630
20120703,22.57,22.57,22.03,22.03,1838
20120705,21.5,21.5,21.5,21.5,100
20120711,21.43,21.43,20.7,20.73,430
20120713,20.87,20.87,20.87,20.87,156
20120716,19.95,19.95,19.86,19.86,400
20120717,20.11,20.11,20.09,20.09,440
20120719,19.68,19.68,19.68,19.68,100
20120720,19.12,19.43,19.12,19.43,300
20120724,21.16,21.16,20.8991,20.8991,1200
20120725,19.9498,20.0495,19.676,20.0495,1600
20120727,21.06,21.15,21.06,21.15,2750
20120730,19.13,19.13,18.79,18.79,3300
20120731,19.76,19.76,19.76,19.76,417
20120801,20.12,21.21,20.11,20.69,6200
20120802,19.3101,22.29,19.3101,22.29,1100
20120803,20,20,19.816,19.816,1719
20120807,19.605,21.79,19.6,21.79,4100
20120808,19.77,19.77,19.77,19.77,319
20120809,19.96,19.96,19.96,19.96,500
20120813,20.25,20.25,20.25,20.25,300
20120814,20.25,20.51,20.25,20.51,1400
20120817,19.75,19.75,19.75,19.75,300
20120820,19.48,19.8,19.48,19.8,1600
20120823,20,20,20,20,650
20120824,21.15,21.15,20.75,20.75,608
20120827,20.25,20.25,20.25,20.25,300
20120828,18.51,18.51,18.51,18.51,200
20120829,19.255,19.59,19.255,19.57,2700
20120831,19.77,19.77,19.77,19.77,291
20120907,20.79,20.79,20.79,20.79,100
20120910,19.55,19.55,19.55,19.55,100
20120913,19.07,19.37,19.025,19.188,580
20120917,19.99,20.17,19.31,19.439,1509
20120919,20,20,20,20,300
20120921,20.72,20.72,20.57,20.57,600
20120926,20.34,21.13,20.34,21.0584,650
20120927,21.15,21.15,20.88,20.907,714
20121002,20.37,20.42,20.37,20.42,230
20121003,21.06,21.06,21.06,21.06,103
20121005,21.14,21.14,21.14,21.14,300
20121008,20.4435,20.4435,20.4435,20.4435,327
20121010,20.27,20.27,20.21,20.21,250
20121016,22.9799,22.9799,22.9799,22.9799,143
20121017,20.88,20.88,20.5818,20.5818,900
20121018,20.88,20.88,20.88,20.88,100
20121019,20.27,20.2701,20.27,20.2701,356
20121108,20.47,20.47,20.47,20.47,195
20121109,20.57,20.57,20.57,20.57,100
20121112,20.97,21.36,20.97,21.36,300
20121114,20.95,20.9862,20.95,20.9862,648
20121116,21.14,21.14,20.681,20.96,1575
20121126,20.95,20.95,20.74,20.85,1200
20121206,20.55,20.8,20.55,20.8,200
20121207,20.51,20.81,20.51,20.81,600
20121210,20.51,20.79,20.51,20.76,2000
20121211,20.88,20.88,20.56,20.67,2245
20121212,20.8,21.15,20.8,21,4000
20121218,21,21.1001,20.51,21.1,6700
20121219,20.7899,21.4,20.71,21.4,9700
20121220,21.2499,21.51,20.96,21.3,12800
20121221,21.14,21.31,21.1,21.28,2000
20121224,21.0999,21.45,21.07,21.18,7645
20121228,21.07,21.07,21.07,21.07,4813
20121231,21.27,21.55,21.2499,21.34,11190
20130102,21.19,23.12,20.61,23.12,4100
20130103,21.5799,22,21.42,21.71,11600
20130104,21.7199,22.04,21.7199,21.78,11885
20130107,21.67,21.67,21.67,21.67,2050
20130108,21.56,21.56,21.56,21.56,1916
20130110,21.45,21.45,21.45,21.45,186
20130114,21.59,21.73,21.59,21.73,1900
20130116,22.444,22.444,22.444,22.444,200
20130117,22.7599,22.7599,22.7599,22.7599,500
20130122,21.43,22,21.22,22,1113
20130201,21.22,21.22,21.22,21.22,1000
20130204,20.87,21,20.85,20.87,407
20130220,21.88,22.0813,21.88,22.0813,800
20130225,22.1,22.75,22.1,22.75,2400
20130226,23.9,23.9,23.9,23.9,151
20130228,22.68,22.7799,22.2999,22.69,9025
20130305,22.93,22.93,22.9,22.93,1151
20130308,23.62,23.62,23.62,23.62,485
20130314,21.81,21.81,21.81,21.81,116
20130318,22.5,22.58,22.5,22.58,300
20130326,22.678,22.678,22.678,22.678,103
20130405,23.13,23.13,23.11,23.11,800
20130409,23.11,23.11,23.11,23.11,100
20130410,20.7204,20.7204,20.7204,20.7204,100
20130419,23.7899,23.7899,23.7899,23.7899,200
20130423,23.434,23.434,23.434,23.434,173
20130424,22.77,23.5,22.77,23.44,461
20130425,22.49,22.49,22.49,22.49,200
20130426,23.44,23.44,20.3001,20.3001,414
20130429,21.54,21.87,21.54,21.87,200
20130430,21.546,21.546,21.546,21.546,100
20130501,21.64,22.29,21.64,22.29,200
20130510,23.196,23.196,23.196,23.196,440
20130516,21.93,21.93,21.93,21.93,100
20130520,22.15,22.15,22.15,22.15,101
20130529,21.63,21.63,21.63,21.63,150
20130612,21.196,21.196,21.196,21.196,440
20130613,21.7801,21.84,21.78,21.84,800
20130719,20.73,21.9,20.5,21.42,1800
20130809,22.43,22.43,22.43,22.43,200
20130822,20.601,20.601,20.601,20.601,100
20130916,21.294,21.294,21.294,21.294,100
20130918,20.621,20.621,20.621,20.621,165
20131007,22,22,22,22,400
20131018,22,22.001,22,22.001,400
20131021,21.04,21.45,21.04,21.2,1716
20131023,21.1,21.1,21.1,21.1,200
20131028,21.2,21.2,21.2,21.2,100
20131105,22,22,21.82,21.82,850
20131106,21.7,21.95,21.7,21.95,400
20131107,22,22,22,22,100
20131212,22.5,22.5,22.5,22.5,293
20131218,23.48,23.58,23.48,23.55,400
20140107,22.71,22.71,22.71,22.71,400
20140124,22.68,22.68,22.68,22.68,100
20140221,24.9999,24.9999,24.9999,24.9999,105
20140225,24.45,24.45,22.01,22.01,200
20140305,23.9,25.9,23.9,25.9,1206
20140306,25.89,28.49,25.89,26,810
20140307,26.49,26.5,26.49,26.49,600
20140310,27,27,27,27,1170
20140312,26.95,26.95,25.98,25.98,492
20140313,27.9999,27.9999,27.9999,27.9999,558
20140314,25.4,27.9651,25.4,27.9651,3653
20140317,27.8897,27.8897,25.25,25.2503,2548
20140318,29.9999,29.9999,27.5201,29.9999,5205
20140319,28,29.98,25.5,27.69,3300
20140320,30,31.78,30,31.78,738
20140321,26.3999,26.4001,25.8,26.4001,2072
20140324,29.91,31.25,28.71,29.82,2500
20140325,34.07,34.07,32.85,33.05,600
20140327,27.326,27.595,27.326,27.595,800
20140328,28,31.79,28,28,2424
20140331,27.85,28.59,24.2201,24.2201,4400
20140401,24,24,23.66,24,447
20140403,24.6,24.6,24.6,24.6,100
20140404,24.6,26,24.6,26,247
20140410,24.2999,25,24.2999,25,1900
20140417,25.3,25.3,25,25,1100
20140424,24.0001,24.0001,24.0001,24.0001,115
20140501,24.3,24.5301,24.3,24.5,2274
20140512,23.9999,24,23.9999,24,742
20140513,24.5,24.5001,24.5,24.5001,575
20140514,25.02,25.22,24.02,24.85,1500
20140515,25.01,25.01,24,24.7,3900
20140516,24.46,24.75,24.46,24.64,1200
20140519,24.001,24.3,24.001,24.3,473
20140520,23.99,24.3,23.99,23.99,5773
20140527,24.4399,24.6,24.4399,24.6,1100
20140530,24.89,24.97,24.89,24.97,800
20140602,24.82,25.32,24.64,25.14,10442
20140603,25.24,25.24,25.23,25.24,500
20140604,25.24,25.24,25.24,25.24,500
20140605,25.68,25.68,25.68,25.68,200
20140606,25.5,25.6,25.41,25.6,1650
20140617,25.11,25.11,25.02,25.02,2412
20140620,24.606,24.63,24.59,24.63,750
20140630,24.8,26.26,24.8,26.12,4900
20140701,26.3,26.3,26.3,26.3,500
20140708,26.17,26.68,26.17,26.17,2660
20140709,26.5,26.5,26.5,26.5,272
20140714,27.05,27.15,26.93,27.05,7372
20140715,27.36,28.93,27.2,27.59,14077
20140716,27.56,28.07,26.83,27.79,6002
20140717,27.65,27.86,27.32,27.64,7300
20140718,27.5,27.52,27.5,27.52,700
20140721,28.76,28.76,28.31,28.31,800
20140722,27.29,27.85,27.29,27.8,1700
20140724,27.22,27.27,27.22,27.27,400
20140729,27.56,27.56,27.56,27.56,300
20140801,28.3,28.3,28.3,28.3,200
20140804,27.4001,27.4001,27.4001,27.4001,100
20140812,27.76,30.54,27.76,28.5,1300
20140827,28.16,28.16,28.16,28.16,700
20140829,28.06,28.06,28.06,28.06,222
20140903,28.17,28.17,28.17,28.17,625
20140904,28.53,28.53,28.53,28.53,296
20140905,28.89,29.32,28.79,29,7702
20140908,29.01,29.1499,29,29,6612
20140909,29.09,30,29.0805,29.16,6602
20140910,29.914,29.914,29.914,29.914,1000
20140912,29.95,29.95,29.95,29.95,100
20140915,30,30,30,30,200
20140923,31,31,31,31,391
20140924,30.85,31.26,30.85,31,2550
20141006,31.1499,31.1499,31.1499,31.1499,650
20141013,30.4,30.4,30.36,30.36,200
20141020,29.89,29.9101,29.89,29.9101,1100
20141024,29.2,29.2,29.2,29.2,500
20141124,28.76,29,28.76,29,566
20150114,37.31,43.5,33.1,33.1,2513
20150115,32.05,32.05,32.05,32.05,100
20150120,30.4,30.4,30.4,30.4,100
20150121,33.99,34.64,29.53,29.57,3097
20150123,29,30.21,29,30.21,4300
20150204,33.5,33.5,33.5,33.5,100
20150226,33.5,33.5,33.5,33.5,200
20150421,32.19,32.19,32.19,32.19,100
20150422,29.58,32.1,29.58,32.1,250
20150423,32,32.45,32,32.45,400
20150424,32.1,32.1,32.1,32.1,200
20150507,36.04,36.04,36.04,36.04,100
20150508,40.36,40.36,36.03,36.03,250
20150512,39.553,39.553,32.1735,32.68,450
20150514,33,33,33,33,100
20150520,35,35,35,35,486
20150521,33.24,33.5,33.24,33.5,686
20150609,33.51,33.51,33.51,33.51,400
20150618,39.38,39.38,39.38,39.38,200
20150619,33.52,33.52,33.52,33.52,150
20150622,26.55,26.55,26.55,26.55,199
20150706,24.32,26.39,24.32,26.39,700
20150707,29.98,29.98,29.96,29.96,700
20150708,29.79,30,29.79,30,299
20150721,31.72,31.7324,31.72,31.7324,350
20150724,31.89,31.89,31.89,31.89,1000
20150727,32.9499,32.9499,32.9499,32.9499,455
20150804,33.5,33.5,33.5,33.5,100
20150805,34.5,34.5,34.5,34.5,116
20150812,32.592,33.2,32.592,33.2,750
20150813,34.2899,34.2899,34.2899,34.2899,300
20150820,34.12,34.12,34.12,34.12,200
20150824,34.82,34.82,34.5,34.7,1284
20150825,35,35,34.2,34.2,300
20150828,33.84,33.84,33.84,33.84,250
20150901,34.23,34.2301,34.23,34.2301,600
20150903,34.6,34.6,34.6,34.6,713
20150914,34.44,34.44,34.44,34.44,100
20150924,35.03,35.03,35.03,35.03,150
20150928,35.03,35.03,35.03,35.03,100
20150930,33.7,33.7,32.7,32.7,320
20151020,33.7399,33.7399,33.7399,33.7399,260
20151021,32.38,32.38,32.38,32.38,260
20151027,33.3899,33.3899,33.3899,33.3899,225
20151109,34.133,34.133,34.133,34.133,550
20151112,33.027,33.027,33.027,33.027,150
20151118,34.2,34.3,34.198,34.3,650
20151125,37.73,37.73,37.73,37.73,100
20151127,34.67,35,34.67,35,493
20151201,33.47,33.47,33.47,33.47,150
20151217,35.2178,35.2178,34.17,34.17,200
20151218,32.66,32.66,32.65,32.65,200
20151229,35.98,35.98,35.98,35.98,100
20160113,34.9495,34.9499,34.9495,34.9499,757
20160115,33.8201,33.8201,33.8201,33.8201,772
20160119,27.97,33.54,27.97,33.54,1050
20160203,34.2,34.6801,34.2,34.6801,3300
20160204,34.2985,34.85,34.29,34.7312,3700
20160205,34.5,35.0597,34.5,34.7,3300
20160211,34.48,34.48,34.31,34.31,900
20160226,34.3,34.3,34.3,34.3,100
20160330,31.81,31.81,31.81,31.81,100
20160525,30.55,30.55,30.55,30.55,100
20160601,29.59,29.59,29.5,29.52,600
20160602,29.0899,29.1301,29.0899,29.1301,400
20160627,29.15,29.15,28.95,28.97,400
20160719,30.421,30.421,30.421,30.421,493
20160720,30.76,30.76,30.5,30.5,200
20160722,31.14,31.14,31.14,31.14,400
20160727,31.04,31.24,31.04,31.24,300
20161117,31.24,31.24,31.24,31.24,100
20170321,31.24,31.24,31.24,31.24,200
20170816,33.8,33.8,33.8,33.8,200
20171011,33.8,33.8,33.8,33.8,200
20171211,34.8,34.8,34.8,34.8,200
20180306,34.8,34.8,33.4,33.4,300
20180605,21.13,21.13,21.13,21.13,100
20180615,24.24,34.92,24.24,34.92,1159
20180621,37,37,37,37,100
