Date,Open,High,Low,Close,Volume
20171018,22.31,22.36,22.22,22.34,238200
20171019,22.58,22.58,22.14,22.39,211083
20171020,22.67,22.67,22.44,22.47,626564
20171023,22.99,23.01,22.23,22.28,1875632
20171024,22.33,22.38,22.29,22.3,582609
20171025,22.31,22.35,21.87,22.05,458920
20171026,22.17,22.18,22.05,22.11,448869
20171027,22.2,22.2,21.94,22.12,300018
20171030,22.15,22.15,21.89,21.93,407076
20171031,21.98,22.11,21.93,22.07,190794
20171101,22.19,22.27,21.91,22,289720
20171102,22.01,22.01,21.8,21.85,105686
20171103,21.89,21.89,21.69,21.78,137597
20171106,21.74,21.9,21.74,21.88,218602
20171107,21.92,21.92,21.58,21.65,419874
20171108,21.59,21.78,21.53,21.74,164981
20171109,21.74,21.74,21.51,21.68,232863
20171110,21.6,21.72,21.6,21.61,57508
20171113,21.51,21.6,21.42,21.58,122877
20171114,21.51,21.58,21.44,21.52,174749
20171115,21.35,21.54,21.28,21.46,55858
20171116,21.51,21.78,21.51,21.7,85775
20171117,21.74,21.91,21.71,21.87,48162
20171120,21.97,22.07,21.9,22.05,86344
20171121,22.17,22.22,22.13,22.17,120634
20171122,22.27,22.31,22.15,22.16,83737
20171124,22.2,22.27,22.15,22.21,49353
20171127,22.22,22.27,22.13,22.17,53656
20171128,22.16,22.49,22.14,22.49,98560
20171129,22.55,22.71,22.5,22.55,179510
20171130,22.58,22.79,22.58,22.66,142671
20171201,22.66,22.67,22.05,22.58,231551
20171204,22.81,22.96,22.62,22.63,109861
20171205,22.63,22.65,22.42,22.46,98543
20171206,22.42,22.46,22.34,22.35,96432
20171207,22.42,22.54,22.32,22.48,130221
20171208,22.58,22.65,22.52,22.6,103068
20171211,22.66,22.72,22.65,22.66,133107
20171212,22.75,22.83,22.74,22.74,134929
20171213,22.84,22.84,22.67,22.68,102807
20171214,22.72,22.73,22.44,22.46,144724
20171215,22.62,22.79,22.51,22.74,53613
20171218,22.9,23.02,22.86,23,62674
20171219,23.07,23.1,22.95,22.96,96437
20171220,23.02,23.02,22.9,22.96,64857
20171221,22.96,23.2,22.96,23.13,95774
20171222,23.2,23.2,23.02,23.11,62541
20171226,23.16,23.16,23.04,23.07,85045
20171227,23.16,23.16,23.06,23.09,63946
20171228,23.1,23.15,23.07,23.13,58373
20171229,23.21,23.21,22.95,22.96,65430
20180102,23.06,23.14,22.97,23.1,73262
20180103,23.18,23.28,23.14,23.27,105183
20180104,23.4,23.57,23.32,23.53,144001
20180105,23.61,23.71,23.55,23.71,151740
20180108,23.77,23.84,23.63,23.75,166979
20180109,23.8,23.93,23.77,23.86,135321
20180110,23.82,23.93,23.77,23.85,96480
20180111,23.92,24.18,23.86,24.16,186566
20180112,24.17,24.32,24.17,24.31,292524
20180116,24.47,24.54,23.99,24.08,376512
20180117,24.28,24.32,24.03,24.25,163329
20180118,24.3,24.3,24.15,24.21,86732
20180119,24.27,24.43,24.22,24.43,126407
20180122,24.46,24.58,24.36,24.58,199254
20180123,24.63,24.71,24.55,24.67,1258136
20180124,24.77,24.83,24.52,24.65,535498
20180125,24.75,24.79,24.48,24.59,288018
20180126,24.71,24.78,24.6,24.77,160579
20180129,24.79,24.81,24.65,24.69,238532
20180130,24.45,24.54,24.35,24.43,246320
20180131,24.57,24.62,24.24,24.3,181199
20180201,24.22,24.48,24.21,24.36,141325
20180202,24.28,24.35,23.84,23.94,287240
20180205,23.73,23.92,22.84,22.91,510658
20180206,22.44,23.46,22.28,23.38,360336
20180207,23.31,23.59,23.25,23.28,121739
20180208,23.3,23.36,22.36,22.36,229925
20180209,22.64,22.83,21.99,22.68,287029
20180212,22.86,23.13,22.7,22.99,93749
20180213,22.95,23.09,22.83,23.06,46975
20180214,22.97,23.48,22.9,23.47,120729
20180215,23.7,23.71,23.37,23.71,142659
20180216,23.73,23.9,23.69,23.71,100490
20180220,23.69,23.85,23.59,23.69,100323
20180221,23.68,23.94,23.55,23.55,77822
20180222,23.58,23.77,23.45,23.48,70693
20180223,23.47,23.86,23.47,23.85,96075
20180226,23.88,24.05,23.86,24.02,109177
20180227,24.04,24.16,23.78,23.78,61188
20180228,23.94,23.94,23.5,23.5,43778
20180301,23.42,23.6,23.13,23.31,113061
20180302,23.14,23.59,23.06,23.54,68000
20180305,23.41,23.83,23.34,23.77,61106
20180306,23.94,23.94,23.68,23.92,74922
20180307,23.77,24.01,23.77,23.99,49760
20180308,24.01,24.11,23.93,24.01,42817
20180309,24.16,24.46,24.16,24.45,88294
20180312,24.56,24.6,24.35,24.47,94318
20180313,24.58,24.61,24.23,24.31,54930
20180314,24.38,24.42,24.09,24.12,53094
20180315,24.19,24.21,24,24.08,34466
20180316,24.08,24.18,24.02,24.13,35562
20180319,24.04,24.08,23.56,23.75,74937
20180320,23.81,23.91,23.74,23.82,30721
20180321,23.85,24.13,23.82,23.97,37842
20180322,23.65,23.8,23.32,23.33,78021
20180323,23.21,23.3,22.69,22.71,122433
20180326,23.08,23.35,22.83,23.31,69826
20180327,23.35,23.48,22.79,22.88,57047
20180328,22.84,22.95,22.66,22.78,48872
20180329,22.93,23.27,22.81,23.13,21909
20180402,23.02,23.08,22.36,22.55,89949
20180403,22.72,22.92,22.57,22.86,45666
20180404,22.47,23.08,22.43,23.03,30335
20180405,23.13,23.33,23.12,23.28,48282
20180406,23,23.21,22.63,22.81,37622
20180409,22.86,23.03,22.72,22.72,67242
20180410,23.06,23.16,22.87,23.09,79580
20180411,22.91,23.15,22.9,23.05,30879
20180412,23.13,23.3,23.09,23.27,20724
20180413,23.34,23.38,23.04,23.12,28881
20180416,23.23,23.44,23.21,23.34,67637
20180417,23.52,23.67,23.46,23.59,74791
20180418,23.69,23.83,23.69,23.75,34125
20180419,23.75,23.79,23.65,23.69,67234
20180420,23.65,23.74,23.58,23.63,28825
20180423,23.73,23.77,23.54,23.59,35225
20180424,23.67,23.74,23.19,23.34,28288
20180425,23.27,23.39,23.1,23.29,50585
20180426,23.47,23.6,23.43,23.52,46635
20180427,23.51,23.65,23.49,23.57,37721
20180430,23.62,23.72,23.39,23.39,41541
20180501,23.47,23.64,23.31,23.63,49636
20180502,23.5,23.72,23.46,23.46,25681
20180503,23.39,23.45,23.08,23.33,60599
20180504,23.24,23.75,23.24,23.66,27327
20180507,23.66,23.94,23.66,23.84,86321
20180508,23.87,23.9,23.76,23.88,30695
20180509,23.95,24.29,23.95,24.23,66659
20180510,24.34,24.52,24.29,24.5,125839
20180511,24.45,24.54,24.38,24.49,51958
20180514,24.54,24.64,24.42,24.47,61377
20180515,24.38,24.39,24.25,24.36,31509
20180516,24.24,24.57,24.24,24.55,72253
20180517,24.57,24.73,24.5,24.64,68960
20180518,24.64,24.68,24.57,24.65,44456
20180521,24.76,24.8,24.71,24.75,56465
20180522,24.8,24.81,24.61,24.64,32750
20180523,24.5,24.63,24.46,24.63,35946
20180524,24.54,24.6,24.33,24.6,97166
20180525,24.45,24.54,24.44,24.53,65065
20180529,24.36,24.41,24.1,24.27,54464
20180530,24.4,24.61,24.4,24.56,108060
20180531,24.6,24.63,24.38,24.41,25713
20180601,24.61,24.76,24.58,24.7,33815
20180604,24.81,24.9,24.74,24.89,93240
20180605,24.94,24.99,24.85,24.95,74436
20180606,24.99,25.12,24.89,25.12,93391
20180607,25.13,25.25,25.05,25.18,115012
20180608,25.18,25.3,25.13,25.3,48204
20180611,25.32,25.47,25.32,25.41,79154
20180612,25.51,25.53,25.38,25.46,103206
20180613,25.55,25.55,25.39,25.39,47957
20180614,25.45,25.5,25.38,25.46,61552
20180615,25.33,25.47,25.23,25.46,85146
20180618,25.31,25.62,25.31,25.62,101218
20180619,25.52,25.55,25.3,25.54,93275
20180620,25.6,25.72,25.6,25.66,120222
20180621,25.71,25.71,25.39,25.45,71764
20180622,25.61,25.63,25.42,25.42,94399
20180625,25.37,25.37,24.86,25.02,139778
20180626,25.13,25.13,24.89,25.04,54545
20180627,25.03,25.19,24.71,24.75,72907
20180628,24.71,24.88,24.59,24.84,48259
20180629,24.92,25.14,24.89,24.89,52734
20180702,24.7,24.97,24.65,24.97,53935
20180703,25.07,25.09,24.88,24.88,47310
20180705,24.91,25.13,24.91,25.07,51444
20180706,25.15,25.39,25.11,25.39,107585
20180709,25.47,25.67,25.47,25.67,130088
20180710,25.64,25.74,25.58,25.68,94464
20180711,25.55,25.59,25.39,25.45,58558
20180712,25.57,25.69,25.44,25.68,56092
20180713,25.72,25.76,25.63,25.68,49865
20180716,25.69,25.74,25.56,25.63,43687
20180717,25.59,25.82,25.58,25.8,57206
20180718,25.71,25.93,25.71,25.93,60725
20180719,25.89,25.95,25.74,25.92,106818
20180720,25.82,25.89,25.79,25.84,75928
20180723,25.87,25.89,25.69,25.87,97870
20180724,25.95,26,25.65,25.76,84445
20180725,25.79,25.95,25.64,25.91,58777
20180726,25.9,26,25.83,25.93,90365
20180727,25.96,25.99,25.51,25.63,69462
20180730,25.6,25.68,25.31,25.35,129351
20180731,25.43,25.64,25.43,25.61,97019
20180801,25.65,25.74,25.51,25.57,49088
20180802,25.55,25.74,25.39,25.71,65172
20180803,25.76,25.78,25.64,25.75,31938
20180806,25.78,25.87,25.69,25.87,98657
20180807,25.95,26.03,25.89,25.98,90848
20180808,25.96,25.99,25.88,25.96,27144
20180809,25.99,26.05,25.92,25.95,56588
20180810,25.78,25.88,25.65,25.76,34372
20180813,25.74,25.87,25.61,25.66,48322
20180814,25.74,25.86,25.7,25.84,24462
20180815,25.78,25.78,25.38,25.56,89703
20180816,25.7,25.9,25.67,25.72,49558
20180817,25.78,25.89,25.69,25.82,36943
20180820,25.93,25.96,25.8,25.96,95628
20180821,25.99,26.15,25.96,26.13,70571
20180822,26.13,26.18,26.04,26.14,36627
20180823,26.19,26.22,26.07,26.11,37743
20180824,26.19,26.33,26.15,26.3,129607
20180827,26.41,26.53,26.38,26.5,665474
20180828,26.56,26.56,26.39,26.44,201204
20180829,26.51,26.58,26.42,26.57,167229
20180830,26.45,26.53,26.31,26.39,142891
20180831,26.31,26.4,26.29,26.4,58327
20180904,26.33,26.39,26.22,26.29,85996
20180905,26.24,26.29,26.04,26.19,116089
20180906,26.19,26.22,25.95,26.01,136085
20180907,25.87,26.1,25.87,25.94,77635
20180910,26.09,26.15,25.97,26.04,240774
20180911,25.95,26.12,25.86,26.1,114347
20180912,26.04,26.08,25.87,26.04,58702
20180913,26.19,26.19,26.03,26.14,49926
20180914,26.19,26.2,26.06,26.17,62872
20180917,26.18,26.19,25.88,25.93,74014
20180918,25.87,26.06,25.87,26,67208
20180919,26.04,26.13,26,26.08,43999
20180920,26.1,26.3,26.1,26.24,48114
20180921,26.29,26.38,26.24,26.27,65426
20180924,26.22,26.27,26.09,26.19,54286
20180925,26.31,26.31,26.19,26.19,32803
20180926,26.29,26.37,26.11,26.12,48881
20180927,26.26,26.32,26.19,26.23,53588
20180928,26.16,26.31,26.16,26.26,35154
20181001,26.38,26.42,26.15,26.21,76410
20181002,26.18,26.21,26.04,26.11,63272
20181003,26.21,26.31,26.15,26.19,44147
20181004,26.12,26.15,25.81,25.96,82972
20181005,25.92,26,25.51,25.65,138554
20181008,25.59,25.67,25.34,25.54,97073
20181009,25.54,25.59,25.45,25.54,43492
20181010,25.52,25.52,24.63,24.63,341368
20181011,24.49,24.8,24.12,24.27,145753
20181012,24.64,24.74,24.2,24.55,78562
20181015,24.48,24.63,24.37,24.46,88417
20181016,24.64,25.03,24.59,25,95286
20181017,25.08,25.08,24.68,24.98,83309
20181018,24.89,24.89,24.37,24.5,75083
20181019,24.66,24.74,24.24,24.34,217528
20181022,24.38,24.45,24.16,24.19,115032
20181023,24.01,24.17,23.61,24.09,155450
20181024,24.01,24.07,23.13,23.16,113453
20181025,23.29,23.71,23.26,23.57,83653
20181026,23.13,23.35,22.77,23,103114
20181029,23.32,23.45,22.51,22.79,70879
20181030,22.73,23.22,22.73,23.17,50464
20181031,23.5,23.82,23.44,23.6,64648
20181101,23.72,24.07,23.66,24.02,114010
20181102,24.07,24.27,23.77,23.93,51699
20181105,23.87,24.03,23.76,23.89,34504
20181106,23.95,24,23.82,23.94,77921
20181107,24.21,24.55,24.21,24.55,101450
20181108,24.51,24.51,24.26,24.32,33730
20181109,24.2,24.22,23.84,23.95,24724
20181112,24.02,24.02,23.39,23.43,73714
20181113,23.41,23.75,23.34,23.41,54210
20181114,23.47,23.72,23.06,23.16,27551
20181115,22.97,23.53,22.97,23.42,37312
20181116,23.42,23.55,23.31,23.48,27682
20181119,23.43,23.54,22.73,22.81,50498
20181120,22.46,22.72,22.18,22.33,87905
20181121,22.61,22.83,22.56,22.67,30177
20181123,22.57,22.68,22.55,22.55,13201
20181126,22.64,22.99,22.64,22.99,29211
20181127,22.89,22.95,22.78,22.89,20953
20181128,22.94,23.53,22.94,23.51,26347
20181129,23.5,23.66,23.32,23.49,29226
20181130,23.43,23.72,23.36,23.69,39903
20181203,24.12,24.41,23.83,23.96,43495
20181204,23.94,23.94,23.09,23.13,144553
20181206,22.71,23.05,22.41,23.05,58188
20181207,22.97,23.21,22.37,22.51,23100
20181210,22.4,22.58,22.11,22.48,78315
20181211,22.78,22.84,22.31,22.57,40245
20181212,22.7,22.96,22.6,22.6,33062
20181213,22.6,22.73,22.41,22.5,22579
20181214,22.23,22.35,21.98,22.01,50560
20181217,21.86,21.99,21.36,21.45,115514
20181218,21.53,21.76,21.41,21.57,120284
20181219,21.49,21.92,21.02,21.11,53911
20181220,20.98,21.14,20.43,20.67,135251
20181221,20.7,20.92,20.13,20.21,237530
20181224,20.08,20.19,19.755,19.755,142477
20181226,19.842,20.87,19.756,20.87,88526
20181227,20.78,21.09,20.34,21.09,105116
20181228,21.24,21.31,20.9,21.04,82282
20181231,21.13,21.28,20.98,21.21,94154
20190102,20.87,21.4,20.85,21.29,29355
20190103,21.1,21.12,20.81,20.81,41485
20190104,20.99,21.76,20.99,21.65,77798
20190107,21.68,22.16,21.68,21.95,29444
20190108,22.25,22.31,21.96,22.27,22403
20190109,22.36,22.58,22.33,22.5,39229
20190110,22.4,22.67,22.33,22.67,33530
20190111,22.68,22.7,22.46,22.67,25539
20190114,22.43,22.6,22.37,22.56,47774
20190115,22.64,22.86,22.64,22.86,49108
20190116,22.9,23.01,22.85,22.92,86566
20190117,22.87,23.18,22.77,23.07,23922
20190118,23.3,23.54,23.25,23.46,29919
20190122,23.39,23.42,23,23.13,64506
20190123,23.19,23.33,22.84,23.01,33740
20190124,23.01,23.29,23.01,23.17,38092
20190125,23.38,23.64,23.38,23.57,46075
20190128,23.41,23.51,23.29,23.46,27967
20190129,23.45,23.51,23.3,23.32,26639
20190130,23.51,23.73,23.33,23.64,29054
20190131,23.74,23.98,23.74,23.96,95921
20190201,23.93,24.16,23.93,24.09,26018
20190204,24.06,24.27,24.06,24.23,44236
20190205,24.27,24.43,24.26,24.39,75728
20190206,24.43,24.47,24.23,24.36,17967
20190207,24.1,24.18,23.93,24.07,34401
20190208,23.98,24.14,23.93,24.09,21971
20190211,24.2,24.31,24.15,24.27,149818
20190212,24.41,24.61,24.41,24.56,28655
20190213,24.56,24.74,24.56,24.65,28638
20190214,24.53,24.72,24.39,24.61,51503
20190215,24.75,24.85,24.75,24.85,60577
20190219,24.75,25,24.75,24.96,37420
20190220,24.92,25.03,24.91,25.03,38279
20190221,24.97,24.97,24.72,24.8,35094
20190222,24.87,25.04,24.85,24.96,30494
20190225,25.07,25.2,25.02,25.04,38990
20190226,24.97,25.07,24.96,24.98,25534
20190227,24.87,25.05,24.87,25,32018
20190228,24.96,25.06,24.92,24.95,25541
20190301,25.05,25.22,24.99,25.15,62033
20190304,25.24,25.29,24.8,25.02,72236
20190305,25.04,25.09,24.95,25.05,55360
20190306,25.05,25.05,24.77,24.8,37584
20190307,24.71,24.71,24.5,24.54,61796
20190308,24.35,24.47,24.2,24.45,67544
20190311,24.45,24.88,24.45,24.83,29545
20190312,24.9,25.05,24.86,24.99,39911
20190313,25.03,25.22,25.01,25.15,50697
20190314,25.15,25.16,25.06,25.08,13326
20190315,25.14,25.28,25.14,25.17,73828
20190318,25.19,25.34,25.16,25.28,26727
20190319,25.34,25.41,25.15,25.26,39451
20190320,25.19,25.29,25.05,25.1,27731
20190321,25.11,25.5,25.11,25.43,32508
20190322,25.39,25.39,24.81,24.81,72395
20190325,24.76,24.94,24.64,24.79,77399
20190326,24.92,25.14,24.88,25.02,20364
20190327,24.93,25.09,24.74,24.89,37888
20190328,24.97,25.08,24.87,25.05,14366
20190329,25.2,25.25,25.13,25.21,21684
20190401,25.43,25.56,25.33,25.51,59287
20190402,25.43,25.57,25.43,25.52,29689
20190403,25.62,25.72,25.54,25.59,41689
20190404,25.59,25.67,25.46,25.62,41874
20190405,25.61,25.77,25.61,25.73,26993
20190408,25.76,25.77,25.61,25.77,36218
20190409,25.68,25.73,25.62,25.66,67163
20190410,25.65,25.82,25.65,25.79,23324
20190411,25.81,25.86,25.74,25.79,69684
20190412,25.96,26.02,25.9,25.98,38313
20190415,25.97,26.01,25.9,25.95,34008
20190416,26.02,26.09,25.98,26.02,21905
20190417,26.12,26.12,25.86,25.86,34786
20190418,25.92,25.92,25.73,25.86,26564
20190422,25.81,25.91,25.78,25.89,35174
20190423,25.88,26.26,25.88,26.21,49984
20190424,26.18,26.28,26.18,26.18,63261
20190425,26.07,26.21,25.97,26.16,13987
20190426,26.11,26.24,26.03,26.21,21780
20190429,26.21,26.39,26.21,26.3,43272
20190430,26.23,26.32,26.13,26.27,16619
20190501,26.21,26.26,26.05,26.05,40442
20190502,25.9,26.09,25.73,25.91,22818
20190503,26.01,26.26,26.01,26.22,28317
20190506,25.74,26.26,25.74,26.16,48624
20190507,25.88,26.05,25.6,25.77,222939
20190508,25.69,25.91,25.69,25.75,63837
20190509,25.48,25.71,25.29,25.61,24717
20190510,25.42,25.82,25.28,25.72,52165
20190513,25.13,25.34,24.87,24.93,102976
20190514,25.01,25.42,25.01,25.24,23816
20190515,25.13,25.47,25.03,25.43,18378
20190516,25.55,25.74,25.5,25.55,23284
20190517,25.32,25.63,25.3,25.44,23564
20190520,25.18,25.24,25.03,25.12,22879
20190521,25.22,25.52,25.22,25.42,58480
20190522,25.44,25.44,25.22,25.25,18158
20190523,25.09,25.09,24.71,24.83,41973
20190524,25.03,25.08,24.83,24.91,11572
20190528,24.9,25.03,24.69,24.7,21982
20190529,24.52,24.55,24.35,24.48,41610
20190530,24.47,24.7,24.41,24.49,16825
20190531,24.27,24.35,23.99,24.12,49443
20190603,24.11,24.26,23.94,24.04,31649
20190604,24.26,24.7,24.26,24.7,28547
20190605,24.84,24.86,24.61,24.84,19454
20190606,24.85,25.04,24.79,25.03,36837
20190607,25.02,25.21,25.02,25.12,27873
20190610,25.28,25.52,25.28,25.31,26871
20190611,25.44,25.51,25.17,25.23,17902
20190612,25.14,25.32,25.12,25.15,10653
20190613,25.21,25.36,25.17,25.23,16736
20190614,25.18,25.2,25.07,25.18,27617
20190617,25.14,25.24,25.1,25.12,25846
20190618,25.21,25.59,25.21,25.44,66809
20190619,25.43,25.57,25.4,25.53,23890
20190620,25.7,25.81,25.6,25.77,28841
20190621,25.67,25.86,25.67,25.78,60669
20190624,25.67,25.85,25.63,25.7,55808
20190625,25.6,25.6,25.35,25.35,16227
20190626,25.33,25.52,25.33,25.37,13232
20190627,25.38,25.56,25.38,25.47,28321
20190628,25.48,25.69,25.48,25.68,48257
20190701,25.85,26.03,25.8,25.86,33420
20190702,25.88,25.97,25.84,25.97,62956
20190703,25.93,26.36,25.93,26.13,51456
20190705,25.92,26.18,25.92,26.18,24075
20190708,26.09,26.09,25.93,25.96,18702
20190709,25.66,26.05,25.66,26.02,31358
20190710,26.11,26.23,26.1,26.12,22940
20190711,26.23,26.23,26.11,26.21,14789
20190712,26.23,26.35,26.21,26.32,28230
20190715,26.34,26.36,26.27,26.32,27604
20190716,26.25,26.36,26.17,26.18,18529
20190717,26.08,26.23,26.08,26.12,14028
20190718,25.91,26.22,25.91,26.21,45134
20190719,26.22,26.28,26.04,26.11,11635
20190722,26.03,26.13,26.01,26.02,26526
20190723,26.06,26.21,26.03,26.14,11116
20190724,26.05,26.37,26.05,26.36,31844
20190725,26.26,26.3,26.14,26.17,40418
20190726,26.2,26.41,26.2,26.41,25810
20190729,26.31,26.32,26.15,26.32,15581
20190730,26.05,26.25,26.05,26.22,46419
20190731,26.14,26.25,25.77,25.98,36983
20190801,25.85,26.13,25.55,25.71,44150
20190802,25.47,25.47,25.16,25.24,77498
20190805,25.09,25.09,24.3,24.51,186379
20190806,24.75,24.93,24.63,24.87,56742
20190807,24.67,25,24.49,24.89,39934
20190808,24.94,25.52,24.94,25.42,66711
20190809,25.42,25.47,25.18,25.37,43056
20190812,25.33,25.33,24.92,24.98,33243
20190813,24.81,25.52,24.81,25.35,36628
20190814,24.98,25.06,24.57,24.61,50338
20190815,24.68,24.77,24.6,24.77,28479
20190816,24.96,25.09,24.87,25.08,27050
20190819,25.31,25.37,25.22,25.28,25104
20190820,25.2,25.3,25.12,25.12,13790
20190821,25.27,25.43,25.27,25.34,22759
20190822,25.39,25.49,25.24,25.43,21167
20190823,25.41,25.45,24.81,24.87,25896
20190826,25.11,25.11,24.88,25.06,25045
20190827,25.08,25.26,24.9,25.07,23843
20190828,24.87,25.13,24.87,25.08,24773
20190829,25.26,25.5,25.26,25.43,21305
20190830,25.57,25.62,25.38,25.52,27525
20190903,25.32,25.46,25.21,25.29,24954
20190904,25.48,25.55,25.44,25.52,31014
20190905,25.59,25.89,25.59,25.86,23714
20190906,25.84,25.98,25.84,25.87,34640
20190909,25.91,25.93,25.6,25.72,21374
20190910,25.53,25.58,25.4,25.55,11790
20190911,25.59,25.82,25.59,25.74,32534
20190912,25.84,26.01,25.84,25.88,27990
20190913,25.85,25.98,25.83,25.83,27643
20190916,25.71,25.86,25.61,25.84,29975
20190917,25.75,26,25.75,25.95,12994
20190918,25.92,25.99,25.82,25.92,44229
20190919,26,26.15,25.95,25.95,12616
20190920,26.08,26.08,25.74,25.84,18149
20190923,25.77,25.89,25.75,25.87,29211
20190924,25.95,25.96,25.51,25.54,12744
20190925,25.56,25.78,25.42,25.71,16438
20190926,25.71,25.74,25.58,25.66,18111
20190927,25.72,25.76,25.3,25.44,18104
20190930,25.42,25.61,25.42,25.53,21251
20191001,25.6,25.72,25.29,25.3,20176
20191002,25.23,25.23,24.82,24.98,21021
20191003,24.92,25.15,24.61,25.15,11051
20191004,25.14,25.46,25.14,25.43,23394
20191007,25.36,25.53,25.34,25.4,20332
20191008,25.18,25.2,24.99,25.03,21428
20191009,25.19,25.32,25.11,25.25,8332
20191010,25.11,25.43,25.11,25.39,10127
20191011,25.6,25.85,25.6,25.69,20689
20191014,25.58,25.72,25.58,25.71,44169
20191015,25.67,25.93,25.67,25.83,29733
20191016,25.85,25.85,25.7,25.76,7798
20191017,25.83,25.94,25.83,25.91,24710
20191018,25.86,25.86,25.61,25.72,8504
20191021,25.89,25.9,25.78,25.83,15810
20191022,25.98,25.98,25.62,25.62,17046
20191023,25.59,25.75,25.56,25.56,8889
20191024,25.66,25.87,25.66,25.86,11385
20191025,25.73,25.94,25.72,25.91,13174
20191028,26.02,26.08,25.95,26.01,15473
20191029,26.04,26.11,25.95,25.97,13269
20191030,26,26.15,25.96,26.12,7627
20191031,26.08,26.13,25.88,25.95,10712
20191101,26.11,26.23,26.11,26.2,14665
20191104,26.29,26.35,26.14,26.14,19595
20191105,26.18,26.2,26.01,26.08,31156
20191106,26.02,26.07,25.95,26.01,11465
20191107,26.05,26.32,26.05,26.17,23757
20191108,26.17,26.3,26.17,26.3,11229
20191111,26.19,26.27,26.17,26.26,21978
20191112,26.23,26.38,26.23,26.33,22249
20191113,26.23,26.42,26.23,26.37,21770
20191114,26.41,26.49,26.31,26.42,14646
20191115,26.54,26.76,26.53,26.68,18408
20191118,26.69,26.84,26.69,26.76,18378
20191119,26.81,26.92,26.75,26.91,14734
20191120,26.79,26.96,26.76,26.94,34060
20191121,26.86,26.95,26.74,26.78,15819
20191122,26.9,26.9,26.69,26.79,25136
20191125,26.91,27.11,26.91,27.02,23667
20191126,27.1,27.19,27.02,27.17,40907
20191127,27.22,27.25,27.17,27.25,17004
20191129,27.26,27.27,27.15,27.22,10990
20191202,27.2,27.2,26.8,26.93,24944
20191203,26.64,26.73,26.52,26.73,24486
20191204,26.91,27,26.78,26.89,53119
20191205,26.93,27.03,26.89,26.93,10363
20191206,27.08,27.2,27.08,27.13,16458
20191209,27.11,27.19,27.06,27.06,52284
20191210,27.04,27.14,26.95,27.07,13396
20191211,27.03,27.13,26.99,27.06,8296
20191212,27.11,27.27,27.06,27.25,18665
20191213,27.12,27.29,27.04,27.21,16706
20191216,27.36,27.54,27.35,27.46,37392
20191217,27.53,27.53,27.42,27.5,23346
20191218,27.5,27.57,27.48,27.57,13455
20191219,27.55,27.71,27.54,27.66,14712
20191220,27.69,27.87,27.69,27.87,23054
20191223,27.87,27.93,27.82,27.83,12848
20191224,27.82,27.91,27.77,27.78,6583
20191226,27.95,27.96,27.86,27.93,12787
20191227,28.03,28.03,27.89,27.94,12522
20191230,27.99,27.99,27.71,27.72,48969
20191231,27.76,27.85,27.73,27.78,16505
20200102,27.9,28.04,27.69,28.01,47196
20200103,27.79,28.02,27.66,27.91,35973
20200106,27.74,28.09,27.74,28.09,33033
20200107,28.02,28.15,27.99,28.1,28200
20200108,28.13,28.38,28.13,28.3,47473
20200109,28.44,28.44,28.32,28.4,57465
20200110,28.46,28.46,28.27,28.31,21826
20200113,28.4,28.53,28.36,28.5,36895
20200114,28.5,28.63,28.43,28.49,36931
20200115,28.48,28.68,28.48,28.57,16633
20200116,28.69,28.82,28.69,28.82,21635
20200117,28.94,28.97,28.84,28.89,64595
20200121,28.86,28.97,28.82,28.82,20589
20200122,28.99,29.03,28.89,28.92,39425
20200123,28.88,29.01,28.72,29.01,11636
20200124,29.03,29.03,28.49,28.64,30483
20200127,28.07,28.28,27.95,28.16,87175
20200128,28.27,28.52,28.24,28.46,9956
20200129,28.61,28.62,28.41,28.49,7494
20200130,28.26,28.45,28.1,28.44,27944
20200131,28.43,28.44,27.91,27.99,15324
20200203,28.1,28.39,28.1,28.19,27926
20200204,28.54,28.78,28.54,28.69,41518
20200205,28.99,29.02,28.77,28.93,85336
20200206,28.98,29.03,28.91,28.96,35762
20200207,28.86,28.89,28.76,28.78,21673
20200210,28.73,29,28.62,28.96,29385
20200211,29.2,29.26,29.08,29.11,42732
20200212,29.26,29.43,29.22,29.43,24111
20200213,29.23,29.42,29.23,29.31,16788
20200214,29.4,29.49,29.36,29.42,35794
20200218,29.43,29.47,29.33,29.47,27864
20200219,29.51,29.64,29.51,29.61,22462
20200220,29.63,29.66,29.31,29.52,15814
20200221,29.36,29.43,29.07,29.15,25918
20200224,28.23,28.4,28.02,28.17,76150
20200225,28.37,28.37,27.2,27.26,88182
20200226,27.36,27.64,26.97,26.97,25395
20200227,26.5,26.97,26,26,62732
20200228,25.15,25.83,24.92,25.82,206564
20200302,25.96,26.76,25.66,26.67,52702
20200303,26.9,27.24,25.9,26.18,133126
20200304,26.59,27.13,26.4,27.03,16077
20200305,26.29,26.82,26.17,26.32,36520
20200306,25.54,25.88,25.21,25.85,25973
20200309,23.35,24.55,22.99,23.77,59893
20200310,24.57,24.67,23.53,24.67,35426
20200311,24.16,24.18,23.15,23.32,36322
20200312,21.73,22.44,21.11,21.14,92399
20200313,22.22,22.74,20.85,22.74,54440
20200316,19.923,21.49,19.77,20.11,46137
20200317,20.27,21.26,19.717,21.07,63334
20200318,19.785,20.47,19.09,19.854,40314
20200319,19.904,20.93,19.413,20.32,29249
20200320,20.78,20.84,19.712,19.757,29805
20200323,19.658,19.658,18.757,19.335,43193
20200324,20.15,20.9,20.1,20.84,44325
20200325,20.87,21.72,20.64,21.19,50344
20200326,21.3,22.12,21.3,22.12,29091
20200327,21.76,22.27,21.45,21.65,23798
20200330,21.79,22.3,21.79,22.19,39872
20200331,22.2,22.38,21.91,21.95,10220
20200401,21.29,21.52,21.01,21.27,15143
20200402,21.17,21.57,20.99,21.57,25553
20200403,21.51,21.62,21.12,21.38,19385
20200406,22.01,22.69,21.78,22.69,14574
20200407,23.18,23.18,22.45,22.45,21152
20200408,22.54,23.07,22.54,22.93,12617
20200409,23.11,23.49,23.11,23.2,18467
20200413,23.09,23.4,22.94,23.33,26673
20200414,23.52,24.13,23.52,24.01,32171
20200415,23.63,24.09,23.52,24.07,12848
20200416,24.23,24.4,24.07,24.3,17460
20200417,24.92,24.98,24.61,24.98,22781
20200420,24.52,25.2,24.52,24.88,20573
20200421,24.5,24.52,23.86,24.19,17225
20200422,24.54,24.79,24.4,24.68,4790
20200423,24.73,25,24.63,24.72,16493
20200424,24.72,25.12,24.68,25.07,6240
20200427,25.28,25.43,25.17,25.28,20692
20200428,25.64,25.64,24.87,24.89,15462
20200429,25.32,25.45,25.03,25.32,18668
20200430,25.12,25.25,24.97,24.99,20772
20200501,24.62,24.9,24.4,24.58,22695
20200504,24.4,24.92,24.4,24.87,13137
20200505,25.2,25.36,25,25.13,11731
20200506,25.23,25.48,25.13,25.22,14650
20200507,25.5,25.74,25.48,25.58,17558
20200508,25.85,26.04,25.68,26.02,16654
20200511,25.85,26.6,25.85,26.51,32150
20200512,26.52,26.58,25.98,26.04,24010
20200513,25.95,26.15,25.39,25.67,18932
20200514,25.66,25.89,25.27,25.89,17972
20200515,25.56,26.07,25.56,25.91,12064
20200518,26.64,26.78,26.5,26.57,26675
20200519,26.55,26.64,26.36,26.45,7601
20200520,26.52,26.68,26.46,26.6,10975
20200521,26.51,26.61,26.26,26.5,9408
20200522,26.4,26.56,26.31,26.56,11882
20200526,27.08,27.08,26.31,26.31,36961
20200527,26.29,26.38,25.68,26.26,14602
20200528,26.39,26.89,26.39,26.58,11230
20200529,26.56,27.04,26.56,27.04,23295
20200601,27.04,27.18,26.91,27.15,13420
20200602,27.16,27.16,26.77,27.09,11312
20200603,27.16,27.19,27.05,27.19,16017
20200604,26.97,27.17,26.67,26.73,11690
20200605,27.11,27.16,26.81,27,21564
20200608,27.05,27.41,27.01,27.41,27588
20200609,27.27,27.58,27.27,27.44,22836
20200610,27.5,27.72,27.41,27.56,12672
20200611,26.81,27.15,26.21,26.35,24650
20200612,26.69,26.84,25.98,26.36,22659
20200615,25.98,26.88,25.98,26.88,24332
20200616,27.45,27.45,27.07,27.19,54289
20200617,27.31,27.48,27.15,27.27,15315
20200618,27.13,27.35,27.02,27.29,24551
20200619,27.54,27.63,27.26,27.32,22570
20200622,27.23,27.7,27.23,27.6,22979
20200623,27.67,27.93,27.61,27.62,19740
20200624,27.51,27.6,27.01,27.13,11528
20200625,27.09,27.46,27.03,27.4,9688
20200626,27.31,27.37,27.01,27.01,14123
20200629,27.04,27.17,26.76,27.04,11600
20200630,27.35,27.72,27.28,27.66,6186
20200701,27.74,28.04,27.65,28.03,29519
20200702,28.2,28.33,27.95,28.03,30323
20200706,28.32,28.52,28.28,28.41,25225
20200707,28.43,28.71,28.38,28.47,14914
20200708,28.54,28.64,28.39,28.6,11226
20200709,28.7,28.82,28.31,28.72,20742
20200710,28.77,28.86,28.6,28.84,8448
20200713,28.95,29.34,28.31,28.31,23221
20200714,28.13,28.66,27.99,28.66,12378
20200715,28.79,29.1,28.79,28.88,10736
20200716,28.6,28.89,28.6,28.74,11902
20200717,28.97,29.19,28.81,29.17,8071
20200720,29.17,29.64,29.1,29.63,16901
20200721,29.53,29.65,29.48,29.48,22354
20200722,29.62,29.71,29.5,29.7,9950
20200723,29.66,29.9,29.28,29.29,16621
20200724,29.05,29.1,28.84,28.97,6815
20200727,29.15,29.47,29.11,29.47,12770
20200728,29.31,29.47,29.22,29.22,11216
20200729,29.32,29.66,29.32,29.65,5489
20200730,29.31,29.75,29.27,29.75,11822
20200731,29.89,29.9,29.49,29.88,8830
20200803,29.9,30.34,29.9,30.34,18116
20200804,30.28,30.56,30.26,30.56,14257
20200805,30.56,30.61,30.35,30.4,11249
20200806,30.35,30.49,30.25,30.37,18829
20200807,30.24,30.44,29.94,30.19,10201
20200810,30.21,30.21,29.76,30.1,40544
20200811,30,30,29.42,29.42,9308
20200812,29.63,29.89,29.56,29.75,20969
20200813,29.78,30.17,29.78,29.89,9211
20200814,29.97,30.14,29.8,29.8,8519
20200817,30.07,30.34,30.01,30.29,18125
20200818,30.41,30.59,30.28,30.58,44544
20200819,30.57,30.64,30.41,30.41,7233
20200820,30.25,30.67,30.2,30.61,12192
20200821,30.65,30.74,30.56,30.74,17676
20200824,30.97,31.04,30.34,30.48,11459
20200825,30.45,30.59,30.25,30.57,8326
20200826,30.59,30.99,30.59,30.93,11341
20200827,31.07,31.07,30.72,30.94,8423
20200828,31.17,31.17,30.94,31.03,13456
20200831,31.02,31.3,30.95,31.3,25852
20200901,31.48,31.71,31.4,31.71,19992
20200902,32.05,32.05,31.31,31.9,21174
20200903,31.43,31.43,30.04,30.31,40160
20200904,30.15,30.31,28.56,29.58,66455
20200908,28.95,29.27,28.7,28.75,11244
20200909,29.09,29.54,29.09,29.54,9726
20200910,29.63,29.89,28.95,29.19,11240
20200911,29.22,29.27,28.59,28.81,15777
20200914,29.07,29.58,29.07,29.47,20812
20200915,29.64,29.82,29.62,29.69,4908
20200916,29.89,29.96,29.65,29.66,9547
20200917,29.09,29.44,29.03,29.44,8008
20200918,29.38,29.56,29.02,29.3,4584
20200921,28.7,29.32,28.68,29.27,12580
20200922,29.32,29.78,29.18,29.75,5021
20200923,29.78,29.78,28.93,28.98,44506
20200924,28.59,29.18,28.43,28.78,41906
20200925,28.88,29.61,28.88,29.54,6496
20200928,29.89,30.06,29.81,30.06,43055
20200929,30.06,30.17,29.91,30.08,6897
20200930,29.97,30.42,29.96,30.09,8098
20201001,30.2,30.6,30.15,30.56,20338
20201002,29.95,30.56,29.95,30.43,12539
20201005,30.46,30.95,30.46,30.92,9146
20201006,30.87,31.12,30.52,30.56,7607
20201007,31.11,31.25,30.88,31.2,7040
20201008,31.4,31.41,31.28,31.34,5509
20201009,31.43,31.67,31.43,31.56,9279
20201012,31.8,32.21,31.77,32.11,25516
20201013,32.08,32.5,32.08,32.43,13030
20201014,32.46,32.49,31.95,32.02,37555
20201015,31.63,32.03,31.37,31.96,7051
20201016,32.2,32.2,31.78,31.78,12872
20201019,31.86,32.12,31.35,31.35,6818
20201020,31.5,31.66,31.31,31.39,12526
20201021,31.48,31.48,30.91,30.91,34435
20201022,31.09,31.18,30.66,31.16,41033
20201023,31.13,31.18,30.91,31.17,7259
20201026,31.03,31.13,30.4,30.81,13588
20201027,30.72,30.96,30.69,30.96,14341
20201028,30.33,30.33,29.79,29.91,17692
20201029,29.92,30.25,29.7,30.16,9986
20201030,29.74,29.9,28.87,29.16,19271
20201102,29.32,29.68,29.16,29.34,27564
20201103,29.57,30.07,29.47,30.07,10280
20201104,30.58,31.1,30.46,30.89,8723
20201105,31.57,31.9,31.46,31.89,29153
20201106,31.85,32.01,31.47,31.95,50017
20201109,32.21,32.21,30.87,30.87,25443
20201110,30.64,30.64,29.79,30.43,36014
20201111,30.67,31.13,30.59,31.06,20539
20201112,31.28,31.4,30.95,31.14,20745
20201113,31.18,31.39,31.13,31.32,9056
20201116,31.43,31.53,31.23,31.44,10591
20201117,31.47,31.71,31.39,31.61,5780
20201118,31.72,31.78,31.41,31.46,23092
20201119,31.31,31.9,31.16,31.89,8942
20201120,31.91,32.12,31.86,31.95,13585
20201123,31.89,32.31,31.89,32.25,15773
20201124,32.41,32.5,32.11,32.5,15808
20201125,32.38,32.8,32.38,32.79,9087
20201127,32.96,33.22,32.96,33.2,17611
20201130,33.35,33.39,32.68,33.24,16254
20201201,33.65,33.73,33.37,33.48,28295
20201202,33.13,33.38,32.91,33.3,22925
20201203,33.58,33.79,33.45,33.67,12465
20201204,33.67,34.04,33.67,33.98,10883
20201207,34.07,34.35,34.07,34.33,18859
20201208,34.37,34.75,34.28,34.75,12806
20201209,34.84,34.87,33.84,34.05,22484
20201210,33.79,34.52,33.79,34.52,13569
20201211,34.38,34.52,34.22,34.48,6458
20201214,34.91,34.91,34.54,34.57,16770
20201215,34.84,34.89,34.6,34.89,12250
20201216,35.07,35.07,34.76,34.95,8037
20201217,35.34,35.45,35.15,35.45,30489
20201218,35.69,35.69,35.26,35.41,11090
20201221,35.37,35.62,35.07,35.57,28546
20201222,35.62,35.8,35.38,35.8,11359
20201223,35.8,35.97,35.45,35.86,9595
20201224,35.97,35.97,35.6,35.77,24792
20201228,36.09,36.21,35,35.06,34564
20201229,34.99,35.13,34.4,34.62,18531
20201230,34.66,35.21,34.66,35.03,10243
20201231,35.12,35.12,34.8,34.89,10860
20210104,35.22,35.36,34.35,34.71,27871
20210105,34.63,35.16,34.63,35.08,42240
20210106,35.22,36.22,35.08,35.78,16563
20210107,36.4,36.96,36.4,36.92,33998
20210108,37.28,37.34,36.66,37.07,27045
20210111,36.93,37.3,36.51,36.93,57313
20210112,37.1,37.81,37.1,37.79,15830
20210113,37.76,38.03,37.55,37.84,16986
20210114,38.12,38.48,38.09,38.31,24018
20210115,38.25,38.25,37.3,37.43,17062
20210119,37.8,38.29,37.8,38.29,19601
20210120,38.76,38.76,38.21,38.53,60260
20210121,38.72,38.79,38.33,38.75,26949
20210122,38.33,38.82,38.33,38.82,18639
20210125,39.25,39.71,38.12,39.14,56484
20210126,39.57,39.61,38.84,38.92,232199
20210127,38.45,38.74,37.52,37.92,153100
20210128,38.23,38.59,37.86,38.28,66062
20210129,38.53,38.62,37.39,37.76,101156
20210201,38.58,38.58,37.57,38.53,80837
20210202,38.84,38.93,38.36,38.93,83321
20210203,39.14,39.27,38.76,39.12,37022
20210204,39.26,39.51,39.06,39.4,50880
20210205,39.81,39.97,39.5,39.85,75686
20210208,40.29,40.84,40.29,40.81,68963
20210209,40.83,41.26,40.65,40.96,59451
20210210,41.52,41.62,40.29,40.78,78320
20210211,41.22,41.43,40.69,41.02,104150
20210212,41.04,41.43,40.66,41.43,54924
20210216,41.83,41.9,40.83,41.15,84988
20210217,40.98,40.98,39.85,40.53,59294
20210218,40.05,40.07,39.31,39.55,62338
20210219,40.15,40.69,40.12,40.26,54500
20210222,39.98,40.02,38.9,38.93,47505
20210223,38.15,38.75,36.47,38.47,67004
20210224,38.65,39.31,38.15,39.31,39923
20210225,39.19,39.43,37.35,37.48,34911
20210226,38.03,38.21,37,37.78,22197
20210301,38.49,39.31,38.41,39.28,29763
20210302,39.55,39.55,38.5,38.56,39553
20210303,38.53,38.67,37.37,37.41,34354
20210304,37.14,37.82,35.51,36.23,57990
20210305,36.49,36.75,34.61,36.75,63419
20210308,36.94,37.22,35.89,35.95,56447
20210309,36.91,37.63,36.67,37.41,25094
20210310,38.15,38.26,37.54,37.74,22943
20210311,38.14,39,38.14,39,63056
20210312,38.5,39,38.24,39,41038
20210315,39.13,39.5,38.85,39.42,45460
20210316,39.76,39.76,38.5,38.84,25459
20210317,38.59,39.36,37.86,39.35,15339
20210318,38.65,39.06,37.72,37.87,59864
20210319,37.81,38.41,37.42,38.14,70821
20210322,38.35,38.72,38.22,38.36,12548
20210323,38.43,38.43,37.23,37.25,18270
20210324,37.84,37.84,36.5,36.5,20128
20210325,35.9,36.85,35.51,36.75,37103
20210326,36.95,37.25,36.4,37.07,9830
20210329,36.95,37.26,36.34,36.41,16120
20210330,36.29,37.08,36.15,36.77,15089
20210331,37.01,37.85,37.01,37.66,12242
20210401,37.92,38.27,37.92,38.26,55231
20210405,38.59,38.59,38.19,38.43,83676
20210406,38.33,38.7,38.33,38.42,26348
20210407,38.42,38.48,38.03,38.12,19783
20210408,38.5,38.64,38.26,38.47,38796
20210409,38.54,38.82,38.44,38.82,12400
20210412,38.47,38.54,38.35,38.38,16918
20210413,38.52,38.83,38.46,38.76,23476
20210414,38.85,39.33,38.69,38.75,25826
20210415,38.96,39.03,38.74,38.84,26345
20210416,39.1,39.15,38.7,38.88,37519
20210419,38.74,38.88,38.21,38.3,23435
20210420,38.22,38.35,37.4,37.61,52087
20210421,37.5,38.49,37.5,38.49,18722
20210422,38.5,39.05,38.15,38.3,16978
20210423,38.35,39.04,38.35,38.9,20098
20210426,38.86,39.55,38.86,39.55,44399
20210427,39.56,39.56,39.28,39.4,13537
20210428,39.2,39.41,38.99,39.11,12150
20210429,39.39,39.39,38.43,38.79,9643
20210430,38.58,38.72,38.26,38.26,6846
20210503,38.5,38.6,38.04,38.04,52452
20210504,37.57,37.65,36.74,37.18,25260
20210505,37.32,37.68,36.89,37.05,16648
20210506,36.87,36.87,35.96,36.57,49989
20210507,36.8,37.36,36.8,37.14,9494
20210510,37.18,37.18,36.08,36.08,21693
20210511,35.15,36.15,34.67,36.07,41632
20210512,35.46,35.82,34.61,34.61,23090
20210513,34.87,35.29,34.39,34.84,14938
20210514,35.04,35.95,35.04,35.86,9590
20210517,35.69,35.89,35.41,35.82,9855
20210518,35.87,36.23,35.74,35.74,4974
20210519,34.9,35.4,34.77,35.18,10668
20210520,35.72,36,35.52,35.83,9182
20210521,36.14,36.24,35.83,35.94,6673
20210524,36.16,36.55,36.16,36.48,7181
20210525,36.7,36.85,36.52,36.6,37591
20210526,36.93,37.12,36.74,37.07,12918
20210527,37.19,37.38,36.93,37.38,20314
20210528,37.6,37.6,37.42,37.42,7699
20210601,37.77,37.77,37.31,37.7,7218
20210602,37.69,37.78,37.55,37.62,11604
20210603,37.49,37.62,37,37.35,8278
20210604,37.43,37.83,37.43,37.78,14203
20210607,37.76,38.39,37.7,38.3,12173
20210608,38.58,38.97,38.19,38.79,12598
20210609,38.93,39.12,38.79,38.8,10155
20210610,38.93,39.12,38.66,38.97,9309
20210611,39.15,39.47,39,39.47,14007
20210614,39.58,39.8,39.53,39.66,19192
20210615,39.38,39.57,38.92,39.05,35321
20210616,39.19,39.26,38.68,39.08,32337
20210617,39.11,39.74,39.08,39.71,89232
20210618,39.51,39.61,39.29,39.45,25511
20210621,39.36,40.04,39.13,39.96,21368
20210622,40.01,40.38,39.84,40.34,28314
20210623,40.34,40.68,40.34,40.63,17619
20210624,40.85,41.09,40.64,40.9,14927
20210625,40.95,41.09,40.63,41.04,12162
20210628,40.99,41.28,40.99,41.26,33852
20210629,41.3,41.31,41.04,41.05,65560
20210630,41.14,41.29,40.65,40.76,11736
20210701,40.98,40.98,40.5,40.78,43479
20210702,40.96,41.06,40.66,40.79,11586
20210706,40.72,40.91,40.56,40.81,17190
20210707,40.95,41.11,40.18,40.45,13680
20210708,39.55,40.38,38.98,40.13,32834
20210709,40.23,40.64,40.07,40.61,37757
20210712,40.6,40.8,40.52,40.56,12255
20210713,40.65,40.68,40.21,40.29,10713
20210714,40.31,40.31,39.42,39.44,11705
20210715,39.33,39.71,38.83,39.08,15533
20210716,39.24,39.33,38.89,38.96,23700
20210719,38.2,38.88,38.06,38.77,23329
20210720,38.79,39.82,38.79,39.75,9380
20210721,39.73,40.1,39.61,40.04,9732
20210722,40.08,40.19,39.95,40.16,5509
20210723,40.31,40.6,40.19,40.57,6742
20210726,40.63,40.63,40.36,40.54,8655
20210727,40.53,40.53,39.58,39.97,13122
20210728,40.15,40.65,40.09,40.61,12194
20210729,40.61,41.06,40.61,40.76,7168
20210730,40.4,40.85,40.4,40.79,11353
20210802,41.05,41.05,40.72,40.95,13555
20210803,40.79,40.9,40.54,40.81,5961
20210804,40.71,41.02,40.71,40.76,4311
20210805,40.81,41.2,40.81,41.2,48965
20210806,41.2,41.3,40.98,41.05,5478
20210809,41.06,41.3,40.79,41.17,13852
20210810,41.27,41.37,41.02,41.04,5805
20210811,41.12,41.18,40.66,41.01,7519
20210812,40.81,41.2,40.81,41.12,4160
20210813,41.25,41.25,40.89,40.99,56912
20210816,41.06,41.06,40.47,40.79,31322
20210817,40.68,40.68,40.17,40.48,17243
20210818,40.64,40.7,40.31,40.31,10799
20210819,39.82,40.3,39.82,40.04,8809
20210820,40.37,40.69,40.25,40.64,18501
20210823,40.84,41.19,40.84,41.19,15540
20210824,41.43,41.57,41.26,41.57,36397
20210825,41.54,41.74,41.51,41.73,6949
20210826,41.56,41.69,41.48,41.48,4832
20210827,41.38,42.05,41.38,42,19763
20210830,42.21,42.28,41.96,42.27,14757
20210831,42.13,42.28,42,42.28,11838
20210901,42.28,42.68,42.2,42.57,10976
20210902,42.86,42.98,42.76,42.79,36716
20210903,42.8,42.93,42.63,42.85,9395
20210907,42.87,42.94,42.59,42.64,30010
20210908,42.64,42.64,42.29,42.4,7685
20210909,42.34,42.76,42.34,42.48,9376
20210910,42.79,42.79,42.1,42.18,14117
20210913,42.32,42.32,41.71,41.91,10735
20210914,41.99,42.12,41.66,41.68,29093
20210915,41.86,42.24,41.69,42.24,6863
20210916,42.15,42.3,41.88,42.3,9778
20210917,42.23,42.23,41.84,42.06,7155
20210920,41.17,41.43,40.52,41.04,27069
20210921,41.3,41.59,41.18,41.46,40543
20210922,41.66,42.08,41.52,42,17659
20210923,42.22,42.42,42.03,42.41,37737
20210924,42.26,42.32,41.96,42.31,8177
20210927,41.98,42.23,41.8,42.04,9499
20210928,41.68,41.68,40.73,40.82,11710
20210929,40.85,41.02,40.43,40.43,44199
20210930,40.72,40.86,40.51,40.51,5304
20211001,40.65,41.08,40.16,41.06,16371
20211004,40.78,40.78,39.96,39.98,27316
20211005,40.16,40.8,40.16,40.53,8902
20211006,40.04,40.62,39.91,40.54,6893
20211007,40.91,41.61,40.91,41.39,13504
20211008,41.44,41.63,41.2,41.23,4517
20211011,41.25,41.57,41.17,41.2,5764
20211012,41.3,41.3,41.08,41.17,10115
20211013,41.25,41.45,41.2,41.4,12750
20211014,41.87,42.04,41.69,41.85,16258
20211015,42.18,42.27,41.98,41.98,8365
20211018,41.93,42.44,41.92,42.44,54737
20211019,42.25,42.52,42.14,42.36,11629
20211020,42.24,42.49,42.22,42.42,9100
20211021,42.37,42.67,42.37,42.62,26136
20211022,42.53,42.62,42.25,42.32,6473
20211025,42.33,42.65,42.29,42.53,8363
20211026,42.67,42.75,42.3,42.46,15633
20211027,42.42,42.49,42.05,42.05,7478
20211028,42.22,42.47,42.14,42.47,5223
20211029,42.34,42.63,42.28,42.6,5361
20211101,42.58,42.92,42.43,42.92,16494
20211102,42.96,43.11,42.74,43.1,4428
20211103,43.04,43.61,43.02,43.54,7365
20211104,43.65,43.81,43.49,43.64,9969
20211105,43.87,43.95,43.58,43.7,8944
20211108,43.83,43.98,43.74,43.84,26450
20211109,43.89,43.95,43.61,43.91,8590
20211110,43.65,43.76,42.89,43.1,13920
20211111,43.26,43.46,43.26,43.43,22448
20211112,43.56,43.78,43.39,43.78,24827
20211115,43.9,43.9,43.42,43.77,30536
20211116,43.68,44.03,43.56,43.85,19248
20211117,43.95,43.95,43.56,43.69,5900
20211118,43.62,43.62,43.26,43.6,9296
20211119,43.33,43.59,43.29,43.3,14006
20211122,43.33,43.67,42.97,43.05,13091
20211123,42.81,43.03,42.24,42.63,13728
20211124,42.39,42.93,42.3,42.79,17441
20211126,41.98,42.38,41.65,42.09,27076
20211129,42.41,42.5,42.19,42.43,19852
20211130,42.07,42.2,41.17,41.29,9398
20211201,41.73,41.99,40.5,40.53,14480
20211202,40.33,41.21,40.33,41.03,25707
20211203,41.17,41.17,39.84,39.97,12367
20211206,40.31,40.87,39.7,40.74,22643
20211207,41.45,41.94,41.45,41.78,8282
20211208,41.89,42,41.61,42,20100
20211209,42.02,42.02,41.24,41.31,9118
20211210,41.41,41.41,40.87,41.35,15717
20211213,41.3,41.3,40.59,40.6,12047
20211214,40.28,40.35,39.9,40.07,30233
20211215,40.31,40.73,39.93,40.65,90689
20211216,40.87,41,40.16,40.39,15898
20211217,39.9,40.6,39.86,40.14,13253
20211220,39.64,39.71,39.34,39.71,12552
20211221,40.07,40.65,40.05,40.63,6184
20211222,40.66,41.12,40.65,41.12,9837
20211223,41.29,41.55,41.21,41.45,17224
20211227,41.46,42.09,41.46,42.09,8515
20211228,42.28,42.28,41.7,41.86,9294
20211229,41.85,41.98,41.62,41.93,36914
20211230,42.05,42.149,41.7722,41.7722,39244
20211231,41.9,42.0114,41.77,41.87,14036
20220103,41.87,41.87,41.05,41.28,22741
20220104,41.34,41.42,40.5101,40.74,70036
20220105,40.57,40.57,39.32,39.32,27427
20220106,39.32,39.68,39.01,39.3,26775
20220107,39.325,39.69,39.011,39.07,13862
20220110,38.54,39.0289,38.09,38.96,26079
20220111,38.94,39.3862,38.7,39.3599,8402
20220112,39.53,39.7177,39.32,39.32,35391
20220113,39.49,39.5,38.55,38.55,69703
20220114,38.2,38.5224,37.79,38.18,12421
20220118,37.7,37.8,37.34,37.34,11602
20220119,37.53,37.8299,36.95,36.95,17943
20220120,37,37.649,36.42,36.42,13895
20220121,36.22,36.7294,35.86,35.86,31334
20220124,35.26,36.25,34.2861,36.16,44184
20220125,35.58,35.9174,35.125,35.34,14641
20220126,35.76,36.29,34.97,35.1,10629
20220127,35.62,35.7,34.58,34.77,7771
20220128,34.48,35.52,34.334,35.52,6542
20220131,35.53,36.8393,35.53,36.8,6690
20220201,37,37.36,36.565,37.28,35611
20220202,37.75,37.75,37,37.33,10289
20220203,36.77,37.09,36.44,36.44,5688
20220204,36.375,36.8562,36.04,36.57,14680
20220207,36.69,36.915,36.45,36.5,20471
20220208,36.18,37.0799,36.18,36.98,8954
20220209,37.39,38.26,37.39,38.26,19719
20220210,37.48,38.165,37.3913,37.55,5080
20220211,37.49,37.54,36.14,36.34,7156
20220214,36.36,36.6522,35.785,35.98,21645
20220215,36.6075,37,36.6075,36.95,11958
20220216,36.6856,37.19,36.6255,37.06,4908
20220217,36.84,36.84,35.89,35.89,21644
20220218,36,36.0776,35.48,35.64,31748
