Date,Open,High,Low,Close,Volume
20190204,19.828,20.07,19.825,20.02,1938151
20190205,20.15,20.28,20.1,20.22,107773
20190206,20.19,20.21,19.99,20.14,44743
20190207,19.965,19.995,19.68,19.847,58369
20190208,19.68,19.887,19.631,19.857,18247
20190211,20.04,20.11,19.936,19.957,88671
20190212,20.1,20.25,20.07,20.25,24636
20190213,20.28,20.38,20.25,20.25,23419
20190214,20.15,20.29,20.07,20.25,13588
20190215,20.33,20.33,20.21,20.29,11438
20190219,20.29,20.5,20.29,20.44,98871
20190220,20.42,20.48,20.27,20.28,8541
20190221,20.29,20.29,20.12,20.18,9860
20190222,20.45,20.72,20.45,20.71,61849
20190225,20.96,21.06,20.86,20.9,53230
20190226,20.82,20.82,20.63,20.77,30669
20190227,20.64,20.9,20.6,20.88,24100
20190228,20.74,20.95,20.71,20.87,51086
20190301,21.05,21.05,20.78,20.87,28542
20190304,20.98,21,20.42,20.61,20868
20190305,20.66,20.81,20.54,20.75,8988
20190306,20.81,20.81,20.6,20.6,17191
20190307,20.61,20.61,20.27,20.32,21155
20190308,20,20.21,19.84,20.21,25687
20190311,20.56,20.78,20.55,20.78,9223
20190312,20.76,20.85,20.7,20.8,22030
20190313,20.87,21.07,20.87,20.98,18260
20190314,20.88,20.96,20.88,20.9,29581
20190315,20.95,21.06,20.93,20.97,12714
20190318,21.16,21.23,21.03,21.14,71136
20190319,21.22,21.25,21.11,21.16,64979
20190320,21.16,21.22,20.87,21.09,30550
20190321,20.95,21.41,20.92,21.39,23117
20190322,21.29,21.32,20.82,20.85,31193
20190325,20.76,20.87,20.63,20.83,23407
20190326,21.05,21.1,20.84,20.9,19293
20190327,21,21.03,20.66,20.87,35756
20190328,20.94,21.06,20.84,21.02,26677
20190329,21.12,21.23,21.11,21.22,24793
20190401,21.33,21.47,21.33,21.47,28726
20190402,21.5,21.5,21.38,21.48,31531
20190403,21.67,21.85,21.67,21.7,24968
20190404,21.73,21.73,21.43,21.52,21382
20190405,21.71,21.82,21.71,21.78,22936
20190408,21.8,21.88,21.69,21.87,26841
20190409,21.88,21.9,21.79,21.8,16020
20190410,21.83,21.93,21.81,21.93,12897
20190411,21.86,21.86,21.78,21.79,20331
20190412,21.96,22.08,21.84,21.93,33104
20190415,21.94,21.96,21.79,21.87,19917
20190416,22.01,22.06,21.94,22.01,37638
20190417,22.17,22.27,21.93,21.99,14576
20190418,21.97,21.97,21.73,21.9,14235
20190422,21.86,22.04,21.86,22.04,11201
20190423,22.05,22.31,22.05,22.26,21914
20190424,22.33,22.4,22.2,22.2,31495
20190425,22.14,22.19,21.99,22.15,22832
20190426,22.17,22.24,22.02,22.22,18699
20190429,22.26,22.37,22.26,22.3,16720
20190430,22.31,22.34,22.19,22.3,36070
20190501,22.45,22.55,22.26,22.29,38003
20190502,22.14,22.14,21.82,22.02,31781
20190503,22.2,22.45,22.13,22.45,42326
20190506,21.86,22.38,21.75,22.36,48813
20190507,22.22,22.23,21.71,21.75,47015
20190508,21.95,22.13,21.91,22.07,31564
20190509,21.66,21.91,21.43,21.85,31285
20190510,21.91,22,21.61,21.92,19039
20190513,21.39,21.39,21.08,21.08,34464
20190514,21.26,21.59,21.21,21.5,18165
20190515,21.4,21.75,21.33,21.72,63431
20190516,21.76,22.12,21.76,21.96,45342
20190517,21.62,21.78,21.54,21.54,21852
20190520,21.23,21.34,21.12,21.22,53730
20190521,21.38,21.49,21.38,21.46,9765
20190522,21.41,21.55,21.38,21.46,14033
20190523,21.12,21.12,20.82,20.85,25684
20190524,21.22,21.22,20.98,21.09,23887
20190528,21.18,21.34,21.08,21.08,10868
20190529,20.95,21.01,20.8,20.87,10930
20190530,20.88,20.99,20.83,20.93,19344
20190531,20.71,20.82,20.64,20.69,15726
20190603,20.67,20.75,20.23,20.24,47418
20190604,20.43,20.76,20.36,20.76,22753
20190605,20.97,21.08,20.75,20.95,17340
20190606,21.05,21.2,20.98,21.2,6081
20190607,21.27,21.59,21.27,21.53,14735
20190610,21.72,21.98,21.72,21.72,13850
20190611,21.99,22,21.63,21.72,8831
20190612,21.63,21.67,21.59,21.63,15426
20190613,21.71,21.75,21.68,21.72,5153
20190614,21.65,21.65,21.52,21.59,12038
20190617,21.68,21.77,21.65,21.72,8393
20190618,21.96,22.19,21.81,22.07,29506
20190619,22.02,22.16,21.95,22.13,14691
20190620,22.47,22.54,22.28,22.43,13073
20190621,22.35,22.39,22.25,22.26,21475
20190624,22.24,22.3,22.1,22.14,17879
20190625,22.12,22.12,21.72,21.72,16164
20190626,21.86,22.01,21.86,21.87,5982
20190627,22.01,22.16,22.01,22.14,12297
20190628,22.19,22.29,22.12,22.28,7922
20190701,22.66,22.74,22.46,22.51,24683
20190702,22.45,22.48,22.41,22.47,12441
20190703,22.53,22.62,22.5,22.62,5346
20190705,22.51,22.61,22.36,22.59,19643
20190708,22.45,22.45,22.35,22.42,15689
20190709,22.27,22.71,22.27,22.7,25265
20190710,22.76,22.89,22.76,22.8,7978
20190711,22.85,22.9,22.78,22.83,13374
20190712,22.85,22.93,22.78,22.89,13444
20190715,22.96,22.98,22.91,22.98,17524
20190716,23,23,22.8,22.81,17358
20190717,22.77,22.89,22.76,22.76,10078
20190718,22.66,22.8,22.64,22.76,10014
20190719,22.99,22.99,22.64,22.64,16962
20190722,22.67,22.79,22.67,22.69,9281
20190723,22.79,22.89,22.75,22.89,8590
20190724,22.84,23.04,22.81,23.02,8387
20190725,22.93,22.93,22.76,22.81,18908
20190726,22.91,23.04,22.91,23.01,14285
20190729,22.99,23.01,22.66,22.8,12019
20190730,22.65,22.74,22.58,22.64,9483
20190731,22.65,22.75,22.3,22.59,11651
20190801,22.65,23.03,22.34,22.44,9458
20190802,22.1,22.1,21.62,21.8,28181
20190805,21.2,21.2,20.63,20.83,28810
20190806,21.13,21.13,20.86,21.05,14733
20190807,20.85,21.24,20.78,21.23,11622
20190808,21.27,21.44,21.11,21.43,32735
20190809,21.4,21.44,21.12,21.28,7682
20190812,21.02,21.02,20.75,20.77,12943
20190813,20.78,21.21,20.74,21.14,12429
20190814,20.72,20.74,20.41,20.51,14962
20190815,20.61,20.62,20.42,20.56,12111
20190816,20.79,20.95,20.79,20.94,9153
20190819,21.29,21.29,21.21,21.26,11634
20190820,21.28,21.36,21.23,21.24,7324
20190821,21.52,21.62,21.48,21.56,13890
20190822,21.59,21.59,21.3,21.43,11685
20190823,21.42,21.59,20.93,20.93,12243
20190826,21.19,21.33,21.16,21.21,10551
20190827,21.31,21.32,20.97,21.09,7372
20190828,20.78,21.03,20.78,20.99,21957
20190829,21.22,21.36,21.18,21.31,7956
20190830,21.43,21.43,21.17,21.25,6402
20190903,21.23,21.34,21.11,21.16,6991
20190904,21.34,21.4,21.33,21.37,6079
20190905,21.63,21.76,21.61,21.72,20820
20190906,21.7,21.82,21.68,21.68,8906
20190909,21.78,21.78,21.36,21.46,10581
20190910,21.21,21.41,21.19,21.37,11275
20190911,21.52,21.68,21.49,21.64,8956
20190912,21.8,21.86,21.69,21.74,7431
20190913,21.75,21.75,21.65,21.68,14676
20190916,21.48,21.67,21.48,21.63,7107
20190917,21.67,21.75,21.63,21.74,4242
20190918,21.7,21.7,21.5,21.69,7065
20190919,21.65,21.77,21.55,21.57,5816
20190920,21.64,21.65,21.42,21.5,7229
20190923,21.4,21.41,21.29,21.36,13499
20190924,21.4,21.4,20.94,20.99,32851
20190925,20.94,21.28,20.83,21.28,16231
20190926,21.34,21.36,21.24,21.32,5347
20190927,21.35,21.38,20.88,20.96,7268
20190930,21.02,21.18,21,21.16,4272
20191001,21.19,21.25,20.99,20.99,8243
20191002,20.82,20.82,20.5,20.63,27999
20191003,20.72,20.97,20.57,20.97,7672
20191004,21.05,21.23,21,21.23,4684
20191007,21.19,21.26,21.15,21.15,5224
20191008,20.96,20.96,20.72,20.72,7680
20191009,20.92,20.99,20.92,20.99,4988
20191010,20.99,21.17,20.98,21.08,3787
20191011,21.31,21.51,21.31,21.41,9888
20191014,21.31,21.37,21.3,21.36,7084
20191015,21.4,21.74,21.4,21.69,12283
20191016,21.41,21.48,21.41,21.45,4327
20191017,21.63,21.63,21.54,21.57,6767
20191018,21.49,21.49,21.16,21.25,9748
20191021,21.42,21.63,21.42,21.63,11221
20191022,21.58,21.6,21.28,21.28,4217
20191023,21.15,21.32,21.15,21.21,7183
20191024,21.37,21.64,21.37,21.64,3452
20191025,21.65,21.88,21.65,21.87,11231
20191028,21.96,22.18,21.96,22.18,7279
20191029,22.04,22.05,21.93,21.93,2983
20191030,21.84,21.98,21.79,21.98,10168
20191031,21.91,21.91,21.76,21.84,5150
20191101,22.03,22.13,22.02,22.07,10560
20191104,22.37,22.37,22.22,22.3,10712
20191105,22.27,22.27,22.1,22.12,6808
20191106,22.14,22.19,22.13,22.17,12667
20191107,22.41,22.63,22.38,22.47,3701
20191108,22.44,22.48,22.43,22.48,5143
20191111,22.31,22.54,22.31,22.54,5142
20191112,22.61,22.63,22.44,22.49,7711
20191113,22.48,22.74,22.48,22.74,93495
20191114,22.7,22.76,22.69,22.69,6187
20191115,22.76,22.84,22.74,22.84,6190
20191118,22.88,22.94,22.78,22.91,6708
20191119,23.05,23.06,22.83,22.9,14595
20191120,22.77,23,22.71,22.86,18813
20191121,22.88,22.95,22.84,22.89,6331
20191122,23.06,23.11,22.93,23.11,10499
20191125,23.26,23.5,23.26,23.48,54417
20191126,23.48,23.57,23.45,23.52,66193
20191127,23.61,23.63,23.52,23.61,10283
20191129,23.54,23.56,23.5,23.5,4150
20191202,23.52,23.52,23.06,23.21,5717
20191203,22.82,23.17,22.72,23.14,19724
20191204,23.22,23.31,23.21,23.23,8841
20191205,23.24,23.3,23.23,23.3,9298
20191206,23.44,23.45,23.4,23.4,13488
20191209,23.3,23.44,23.28,23.3,10078
20191210,23.23,23.23,23.1,23.1,7261
20191211,23.13,23.22,23.04,23.2,8172
20191212,23.23,23.43,23.18,23.2,3486
20191213,23.43,23.43,23.29,23.29,10930
20191216,23.53,23.73,23.53,23.68,8471
20191217,23.78,23.78,23.65,23.71,10435
20191218,23.75,23.85,23.75,23.75,23142
20191219,23.72,23.81,23.72,23.8,16097
20191220,23.86,23.88,23.82,23.83,7383
20191223,23.86,23.92,23.82,23.85,14474
20191224,23.86,23.94,23.82,23.94,10073
20191226,23.98,24.14,23.98,24.08,12428
20191227,24.25,24.25,24.04,24.12,39608
20191230,24.13,24.13,23.83,23.85,20687
20191231,23.8,23.9,23.78,23.89,10441
20200102,24.15,24.48,24.15,24.44,11769
20200103,24.12,24.33,24.06,24.24,20590
20200106,24.16,24.37,24.16,24.37,14981
20200107,24.46,24.64,24.46,24.58,24403
20200108,24.53,24.89,24.53,24.79,23240
20200109,25.01,25.05,24.86,25.01,18193
20200110,25.15,25.23,25.05,25.12,24847
20200113,25.27,25.53,25.23,25.51,45885
20200114,25.43,25.43,25.25,25.32,45743
20200115,25.35,25.61,25.35,25.43,50415
20200116,25.57,25.78,25.52,25.61,54492
20200117,25.75,25.75,25.63,25.69,28082
20200121,25.44,25.55,25.33,25.4,58016
20200122,25.59,25.74,25.47,25.52,15039
20200123,25.37,25.55,25.26,25.55,22798
20200124,25.68,25.8,25.28,25.46,35285
20200127,24.68,25.08,24.56,24.95,34145
20200128,25.09,25.41,25,25.41,30014
20200129,25.63,25.7,25.46,25.59,25765
20200130,25.26,25.56,25.17,25.56,23262
20200131,25.48,25.48,25.09,25.16,15895
20200203,25.3,25.66,25.3,25.6,54634
20200204,26.14,26.4,26.09,26.31,60301
20200205,26.62,26.71,25.96,26.02,54626
20200206,26.1,26.14,25.94,26.07,29176
20200207,26.12,26.19,25.96,26.01,36550
20200210,25.93,26.29,25.93,26.26,53737
20200211,26.47,26.64,26.4,26.45,45902
20200212,26.76,26.85,26.59,26.83,87398
20200213,26.65,26.99,26.65,26.85,81686
20200214,26.93,27.01,26.85,26.94,73335
20200218,26.9,26.98,26.82,26.94,42149
20200219,27.11,27.4,27.05,27.27,97562
20200220,27.41,27.63,26.9,27.31,78958
20200221,27.25,27.25,26.68,26.82,74547
20200224,25.55,25.89,25.21,25.71,113486
20200225,25.92,25.97,24.87,24.94,87924
20200226,25.05,25.46,24.81,24.98,133334
20200227,24.66,25.27,24.31,24.41,86236
20200228,23.52,24.57,23.51,24.48,86962
20200302,24.68,25.1,24.29,25.1,56344
20200303,25.21,25.4,24.21,24.47,40708
20200304,24.75,25.18,24.58,25.13,61582
20200305,24.64,24.93,24.31,24.37,32273
20200306,23.85,24.03,23.45,23.95,58704
20200309,22.42,22.91,21.92,22.22,62306
20200310,22.87,23.01,22.03,23,110224
20200311,22.32,22.5,21.44,21.78,115997
20200312,20.13,20.38,19.471,19.487,101601
20200313,20.71,21.02,19.731,21.02,66494
20200316,18.41,19.464,17.862,18.341,99053
20200317,18.859,19.472,18.162,19.079,51411
20200318,17.962,18.431,16.876,17.624,82415
20200319,17.753,18.59,17.365,18.26,73760
20200320,18.819,19.208,17.833,17.883,68371
20200323,17.923,18.052,17.197,17.853,112832
20200324,18.819,19.746,18.819,19.666,120909
20200325,19.845,21.09,19.678,20.23,98581
20200326,20.43,21.16,20.43,21.13,62967
20200327,20.33,20.71,20.14,20.29,47001
20200330,20.47,20.65,20.04,20.63,26907
20200331,20.73,20.88,20.17,20.34,37075
20200401,19.726,19.726,19.043,19.153,72775
20200402,19.109,19.535,18.969,19.218,29929
20200403,19.128,19.178,18.59,18.749,28481
20200406,19.596,20.54,19.596,20.52,63233
20200407,21.3,21.46,20.7,20.75,54976
20200408,21.06,21.54,20.99,21.44,73013
20200409,21.71,22.24,21.69,21.76,159353
20200413,21.81,21.82,21.3,21.76,34786
20200414,22.39,22.67,22.25,22.61,112118
20200415,22.08,22.3,21.88,22.26,47579
20200416,22.37,22.53,22.12,22.37,31084
20200417,22.85,22.87,22.6,22.83,77792
20200420,22.67,23.31,22.58,22.94,87615
20200421,22.64,22.66,22.01,22.21,43171
20200422,22.76,23.15,22.73,23.11,46252
20200423,23.25,23.41,22.97,23.01,60789
20200424,23.13,23.38,23.01,23.33,28757
20200427,23.58,23.83,23.55,23.8,50646
20200428,24.06,24.07,23.33,23.39,74959
20200429,23.82,24.44,23.78,24.39,47923
20200430,24.39,24.49,24.05,24.15,37922
20200501,23.48,23.72,23.33,23.52,53503
20200504,23.32,23.8,23.22,23.8,33888
20200505,24.19,24.51,24.11,24.15,51612
20200506,24.5,24.68,24.36,24.43,71402
20200507,25.01,25.65,25.01,25.55,113734
20200508,25.8,26.36,25.61,26.24,92956
20200511,26.14,26.52,26.09,26.38,187292
20200512,26.54,26.56,25.96,25.96,217268
20200513,26.01,26.24,25.29,25.69,166449
20200514,25.31,26.06,25.09,26.06,100040
20200515,25.77,26.21,25.65,26.16,62545
20200518,26.72,26.84,26.56,26.61,59895
20200519,26.6,27.24,26.6,26.76,117711
20200520,27.27,27.55,27.14,27.43,169513
20200521,27.28,27.4,26.84,27.24,168156
20200522,27.22,27.48,27.04,27.47,71986
20200526,28.23,28.33,27.66,27.69,259746
20200527,27.89,27.89,26.77,27.63,161573
20200528,27.7,28.05,27.51,27.59,97187
20200529,27.65,28.25,27.65,28.21,86761
20200601,28.27,28.69,28.21,28.64,172272
20200602,28.81,29.15,28.7,29.14,218572
20200603,29.4,29.7,29.23,29.61,199844
20200604,29.62,29.73,29.01,29.2,170967
20200605,29.41,29.78,29.36,29.57,94980
20200608,29.71,29.76,29.47,29.75,117335
20200609,29.48,29.98,29.46,29.78,159356
20200610,29.99,30.31,29.84,30.16,214090
20200611,29.31,29.64,28.54,28.56,217315
20200612,29.43,29.6,28.61,29.19,173142
20200615,28.59,29.87,28.52,29.79,113281
20200616,30.66,30.66,29.94,30.44,248763
20200617,30.69,31.07,30.62,30.83,205669
20200618,30.55,30.85,30.5,30.79,167249
20200619,31.23,31.36,30.88,30.94,189787
20200622,31.09,31.63,31.09,31.56,352539
20200623,31.97,32.22,31.85,31.94,242713
20200624,31.72,31.91,30.77,31.1,252813
20200625,31.09,31.59,31.03,31.57,172109
20200626,31.59,31.68,30.85,31.02,160756
20200629,31.13,31.18,30.51,31.16,179516
20200630,31.1,31.56,31.1,31.45,122579
20200701,31.5,32.45,31.5,32.32,193499
20200702,32.88,32.98,32.57,32.65,250913
20200706,33.81,34.39,33.67,33.8,556637
20200707,33.69,34.37,33.58,33.88,279203
20200708,34.3,35.12,34.3,35.11,568459
20200709,35.28,35.49,34.51,34.99,327130
20200710,34.88,35.01,34.44,34.86,266290
20200713,35.23,35.34,33.59,33.64,396401
20200714,33.33,33.67,32.56,33.65,292749
20200715,34.1,34.2,33.51,33.97,196614
20200716,33.35,33.62,33.16,33.49,172285
20200717,33.74,33.92,33.47,33.82,350064
20200720,33.91,35.08,33.91,34.99,350012
20200721,35.49,35.7,34.94,35.03,314831
20200722,34.88,35.25,34.74,35.01,172212
20200723,34.98,35.21,33.97,34.21,247560
20200724,33.72,34.05,33.24,33.91,201929
20200727,34.25,34.73,34.13,34.69,226165
20200728,34.54,34.78,34.35,34.36,147722
20200729,34.64,35.28,34.64,35.22,234696
20200730,34.92,35.48,34.72,35.45,204095
20200731,36.3,36.36,35.52,36.11,331929
20200803,36.61,37.24,36.61,37.14,810472
20200804,37.22,37.33,36.96,37.28,443828
20200805,37.97,38.3,37.96,38.12,624899
20200806,38.21,38.41,37.98,38.35,453082
20200807,38.13,38.49,37.29,37.71,470922
20200810,37.95,37.95,36.74,36.99,434696
20200811,37.01,37.11,36.26,36.32,391852
20200812,36.63,37.02,36.59,36.78,440518
20200813,36.88,37.33,36.88,37.05,313524
20200814,37.07,37.14,36.75,36.98,208738
20200817,37.28,37.93,37.27,37.87,364292
20200818,38.2,38.41,37.88,38.3,387903
20200819,38.42,38.63,38.15,38.26,540234
20200820,38.06,38.64,37.91,38.57,373579
20200821,38.58,38.75,38.43,38.61,460343
20200824,39.25,39.27,38.6,38.84,624824
20200825,38.91,39.27,38.57,39.26,327190
20200826,39.53,40,39.52,39.83,742424
20200827,40.18,40.45,39.84,40.07,698559
20200828,40.19,40.31,40,40.22,501954
20200831,40.06,40.4,39.87,40.2,628423
20200901,40.66,41.47,40.53,41.45,572580
20200902,42.05,42.17,40.69,41.45,734099
20200903,40.58,40.58,38.8,39.29,1109203
20200904,39.03,39.29,36.64,38.38,1597356
20200908,36.88,37.84,36.65,36.81,570752
20200909,37.59,37.95,37.01,37.72,689935
20200910,38.07,38.44,37.02,37.14,474676
20200911,37.59,37.7,36.59,37.03,401310
20200914,37.54,38.01,37.49,37.89,315202
20200915,38.39,38.7,38.22,38.63,499501
20200916,38.68,38.98,38.25,38.29,407333
20200917,37.36,37.85,37.25,37.71,264390
20200918,38.07,38.09,37.1,37.58,238511
20200921,36.93,37.94,36.71,37.91,1309709
20200922,38.23,38.74,37.8,38.73,862673
20200923,38.74,38.92,37.73,37.9,541074
20200924,37.49,38.29,37.17,37.86,571424
20200925,37.69,38.58,37.53,38.52,298536
20200928,39.32,39.37,38.88,39.18,662926
20200929,39.26,39.53,39.2,39.27,428866
20200930,39.3,39.91,39.26,39.48,623649
20201001,39.97,40.57,39.9,40.48,786308
20201002,39.69,40.58,39.59,40.14,620072
20201005,40.5,40.96,40.5,40.93,582295
20201006,40.92,41.4,40.37,40.63,566664
20201007,41.25,41.54,41.23,41.46,504183
20201008,41.96,41.96,41.66,41.88,674093
20201009,42.1,42.52,42.05,42.48,631375
20201012,43.16,43.37,42.89,43.11,922831
20201013,43.15,43.56,43,43.44,640851
20201014,43.53,43.62,42.51,42.86,626413
20201015,41.93,42.65,41.8,42.63,410901
20201016,42.99,43.08,42.46,42.49,408078
20201019,42.72,42.94,42.07,42.22,932352
20201020,42.48,42.93,42.36,42.49,539401
20201021,42.84,43.33,42.44,42.6,621980
20201022,42.76,42.93,41.98,42.49,513615
20201023,42.64,42.82,42.21,42.81,312241
20201026,42.44,42.76,41.32,41.83,702583
20201027,42.21,42.52,42.09,42.44,420832
20201028,41.7,41.72,41.17,41.39,486045
20201029,42.22,42.75,42.15,42.52,727153
20201030,41.96,41.97,40.42,40.72,854185
20201102,41.04,41.34,40.24,40.69,606957
20201103,40.87,41.53,40.57,41.36,511437
20201104,42.39,43.64,42.38,43.52,858840
20201105,44.61,44.63,44.09,44.53,1367812
20201106,44.73,45.53,44.3,45.42,752153
20201109,45.53,45.6,43.47,43.47,1423820
20201110,42.91,43.01,40.85,41.69,1244382
20201111,42.27,43.18,42.16,43.15,732396
20201112,43.38,43.68,42.95,43.08,514651
20201113,43.67,43.81,43.11,43.61,441694
20201116,43.66,43.9,43.15,43.71,679655
20201117,43.44,43.91,43.3,43.7,439360
20201118,43.79,43.83,43.43,43.47,520116
20201119,43.52,44.42,43.52,44.33,556050
20201120,44.47,45.14,44.39,44.85,604159
20201123,45.31,45.43,44.7,45.26,1037328
20201124,45.48,45.51,44.71,45.09,703233
20201125,45.05,46.02,45.03,45.99,521597
20201127,46.53,46.75,46.09,46.75,512110
20201130,46.76,46.82,45.44,46.5,1037336
20201201,46.9,46.92,46.16,46.3,954411
20201202,45.89,46.43,45.45,46.43,639011
20201203,46.54,46.94,46.46,46.67,987573
20201204,46.98,47.19,46.78,47.03,781649
20201207,47.11,47.62,47.03,47.55,1284242
20201208,47.61,48.04,47.4,47.97,1141253
20201209,48.11,48.29,46.73,46.95,1332275
20201210,46.7,47.97,46.42,47.95,1105524
20201211,47.79,48.29,47.49,48.01,983969
20201214,48.34,48.67,48.04,48.11,1298981
20201215,48.35,48.65,48.19,48.58,975525
20201216,49.02,49.28,48.52,49.2,1413118
20201217,49.68,50.33,49.68,50.28,1816549
20201218,50.49,50.49,49.96,50.26,1498971
20201221,49.68,50.3,49.32,50.22,2199298
20201222,50.65,51.11,50.32,51.09,2333528
20201223,51.9,52.01,50.58,50.63,2051214
20201224,50.62,50.66,49.91,50.07,992922
20201228,50.6,50.63,48.88,49.14,1874736
20201229,49.61,49.7735,48.63,49.24,1375686
20201230,49.66,49.97,49.427,49.86,995232
20201231,50.01,50.02,49.4,49.7,1003343
20210104,50.25,50.3,48.461,49.25,1949122
20210105,49.19,50.36,49.05,50.34,1286056
20210106,49.77,50.24,49.23,49.34,1658091
20210107,50.31,51.119,50.0701,51.06,1600436
20210108,51.765,52.21,51.25,51.985,2102608
20210111,50.96,51.4,50.355,50.96,1588920
20210112,51.53,51.93,51.27,51.93,1672264
20210113,52.15,52.55,51.8167,52.13,1379578
20210114,52.77,53.17,52.2165,52.295,1944916
20210115,52.58,52.6,51.39,51.7,1488297
20210119,52.86,53.08,52.38,53.069,1904651
20210120,54.46,54.48,53.65,54.105,2089615
20210121,54.65,54.68,53.755,54.11,1728410
20210122,53.85,54.64,53.85,54.58,1358765
20210125,55.9,56.21,53.89,55.03,2419628
20210126,55.03,55.07,53.92,53.99,1925234
20210127,52.75,52.885,51.23,51.4343,2509522
20210128,51.94,53.13,51.62,52.7,1599282
20210129,52.66,52.929,51.5539,52.16,1347794
20210201,53.14,54.19,52.7343,54.1227,2063500
20210202,55.065,55.9,54.97,55.81,2330031
20210203,56.6,56.62,55.7,56.12,2537055
20210204,56.9,56.95,56.384,56.95,2100714
20210205,57.34,57.82,56.98,57.79,2297165
20210208,58.94,58.98,58.5,58.97,3740924
20210209,59.43,60.47,59.16,60.255,4987947
20210210,61.005,61.139,59.21,60.32,4984607
20210211,61.65,62.44,61.4,61.9301,5725970
20210212,61.83,62.55,61.2704,62.5298,3887914
20210216,63.76,64.49,63.065,63.58,7602956
20210217,63.5799,63.6,61.835,63.07,5451253
20210218,61.45,62,60.51,61.805,4757268
20210219,62.51,63.29,62.4201,62.64,3699188
20210222,61.36,61.36,59.74,59.82,4821252
20210223,56.89,58.75,52.5,58.515,8714998
20210224,57.53,57.94,56.31,57.53,3942630
20210225,57.46,58.11,54.61,54.92,4997710
20210226,54.89,55.84,53.611,55.27,4180003
20210301,57.17,57.91,56.45,57.87,3426172
20210302,58.4,58.5,57.01,57.01,2290946
20210303,57.08,57.27,54.321,54.54,3089745
20210304,53.55,54.31,49.91,51.3299,7545719
20210305,51.81,51.96,47.13,51.05,6602102
20210308,50.49,51.11,48.18,48.2,3651465
20210309,50.48,52.13,50.35,51.86,3317378
20210310,53.25,53.4,51.37,51.67,2807955
20210311,53.58,55.17,53.162,54.85,3351656
20210312,53.54,54.24,52.69,54.23,1618712
20210315,54.21,55.22,53.71,55.2,1315127
20210316,55.83,56.3,54.17,54.92,1779414
20210317,53.5,55.77,53.22,55.31,1607101
20210318,54.39,54.532,52.1,52.32,1617264
20210319,52.63,53.65,51.93,53.25,1161939
20210322,53.49,53.8,52.73,53.35,1346341
20210323,53.26,53.38,52.05,52.31,1220502
20210324,52.35,52.35,49.46,49.56,1929167
20210325,48.32,49.66,48,49.48,2260478
20210326,49.69,50.43,48.4,49.99,1389802
20210329,49.61,49.8199,48.43,48.78,1206568
20210330,48.57,49.81,48.2301,49.725,1417800
20210331,50.12,51.37,50.12,51.1,1661768
20210401,52.46,53.23,52.25,52.63,1977391
20210405,53.47,53.48,52.14,52.79,1139997
20210406,52.74,54.19,52.74,53.83,1088077
20210407,53.16,53.9,52.91,53.15,932622
20210408,53.75,54.81,53.75,54.8,1552053
20210409,54.4,54.89,54.06,54.84,956219
20210412,53.935,54.6871,53.87,54.45,725708
20210413,54.61,55.37,54.61,55.14,1281098
20210414,55.73,55.95,53.67,53.74,1740756
20210415,54.64,54.88,54.212,54.67,1128456
20210416,54.7,54.78,53.5,53.84,1122601
20210419,53.2,53.5503,52.11,52.61,1334674
20210420,52.48,52.8,51.215,51.83,1247541
20210421,51.28,52.6,50.985,52.5,1003300
20210422,52.72,53.4499,51.96,52.29,1243401
20210423,52.47,53.43,52.47,53.295,744551
20210426,53.33,54.32,53.0701,54.265,755239
20210427,54.45,54.84,53.93,54.18,460817
20210428,53.9,54.49,53.43,54.17,747267
20210429,54.61,54.61,52.71,53.28,932069
20210430,52.4,53.0897,52.11,52.2,744741
20210503,52.53,52.63,51.44,51.5,1151356
20210504,50.78,50.83,49.15,50.18,1964073
20210505,50.64,50.8399,49.52,49.79,1046094
20210506,49.6,49.619,48.1301,48.86,1775469
20210507,49.53,50.19,49.1,49.42,1235359
20210510,48.73,48.9,46.95,47.01,2206289
20210511,44.97,47.9799,44.81,47.76,2304337
20210512,46.8,47.29,45.645,45.87,1720932
20210513,46.26,46.589,44.1045,44.84,2096566
20210514,45.54,46.56,45.3,46.42,826700
20210517,46.01,46.4101,45.41,46.28,748895
20210518,46.33,47.34,46.05,46.69,621702
20210519,45.14,46.64,45.06,46.62,887449
20210520,46.97,48.24,46.96,48.11,849099
20210521,48.57,48.6,47.65,47.73,735786
20210524,47.98,48.8599,47.8001,48.71,679722
20210525,49.2,49.57,48.92,49.04,692342
20210526,49.5,49.93,49.37,49.7,1180947
20210527,49.76,49.97,48.92,49.89,625979
20210528,49.89,50.39,49.73,49.79,750293
20210601,50.52,51.04,50.01,50.4,1123790
20210602,50.15,50.425,49.95,50.23,668022
20210603,49.53,49.72,48.755,48.82,739969
20210604,49.18,49.6799,49.1,49.47,544092
20210607,49.33,49.9,48.97,49.86,477458
20210608,50.01,50.45,49.3,49.82,455038
20210609,50.04,50.49,49.6,49.61,549923
20210610,49.63,50.15,49.45,50.13,438757
20210611,50.23,50.5199,50.15,50.49,493155
20210614,50.7,51.39,50.67,51.31,922394
20210615,50.94,51.15,50.43,50.58,535925
20210616,50.54,50.99,49.76,50.41,625688
20210617,50.34,52.18,50.13,52.03,1871863
20210618,51.68,52.47,51.62,52.08,1476757
20210621,51.86,52.02,50.94,51.76,965781
20210622,51.54,52.29,51.4,52.21,576876
20210623,52.35,53.1,52.35,52.92,985849
20210624,53.5,54.27,53.47,53.82,1071036
20210625,54,54.23,53.3301,53.74,613327
20210628,54,54.6,54,54.59,1232405
20210629,54.41,54.82,54.2,54.76,679219
20210630,54.53,54.53,53.985,54.1,855876
20210701,54.01,54.19,53,53.3801,875052
20210702,53.59,53.8891,53.1199,53.32,578584
20210706,53.02,53.53,52.76,53.22,711740
20210707,53.5,53.6899,52.35,52.73,1217107
20210708,50.98,51.949,50.64,51.69,1500528
20210709,51.97,52.92,51.77,52.92,740744
20210712,53,53.36,52.4201,52.68,497222
20210713,52.55,53.145,52.26,52.43,803008
20210714,52.88,52.98,51.49,51.57,748736
20210715,51.64,52.1099,50.68,51.18,1146559
20210716,51.36,51.54,50.67,50.85,534668
20210719,49.75,50.65,49.51,50.56,895421
20210720,50.63,51.95,50.22,51.67,850882
20210721,51.64,52.86,51.52,52.76,1051522
20210722,52.96,53.328,52.87,53.24,864258
20210723,53.23,53.54,52.72,53.45,652149
20210726,52.99,53.04,52.21,52.31,830982
20210727,51.6,51.8399,49.56,50.76,1459835
20210728,51.16,52.34,50.8,52.266,1128135
20210729,52.16,52.66,51.92,51.95,545747
20210730,50.8,51.4,50.5,50.68,812731
20210802,51,52.02,50.88,51.58,1026345
20210803,51.48,51.52,50.451,51.21,844988
20210804,51.31,52.4,51.31,52.28,1020463
20210805,52.24,53.51,52,53.22,808297
20210806,53.07,53.205,52.075,52.48,884628
20210809,52.73,53.63,52.44,53.31,809203
20210810,53.46,53.8,52.61,52.73,694203
20210811,53.24,53.419,52.1001,52.6,635841
20210812,52.35,52.63,51.94,52.54,664110
20210813,52.45,52.77,52.18,52.21,505320
20210816,51.92,51.96,50.59,51.239,811922
20210817,50.6,51.085,50.15,50.6,1170705
20210818,50.56,51.235,50.4301,50.5,578374
20210819,49.87,50.64,49.66,50.19,702023
20210820,50.31,50.9799,50.26,50.85,513668
20210823,51.39,52.19,51.3,52.11,571934
20210824,52.53,53.245,52.5,53.16,632050
20210825,53.05,53.35,52.8501,53.3,458531
20210826,53.11,53.4,52.37,52.44,549663
20210827,52.76,53.68,52.6204,53.65,550368
20210830,53.62,54.08,53.25,53.87,603573
20210831,53.86,54.19,53.56,53.8798,588874
20210901,54.03,54.9499,54.03,54.53,808088
20210902,54.78,54.97,54.27,54.43,420941
20210903,54.4,55.09,54.21,55.02,531698
20210907,55.05,55.28,54.64,54.79,755647
20210908,54.39,54.42,53,53.28,728389
20210909,53.12,53.68,53.01,53.13,378975
20210910,53.49,53.68,52.47,52.5,775531
20210913,52.72,52.72,51.13,52.07,1072366
20210914,52.34,52.67,51.6601,51.86,469191
20210915,51.89,52.18,51.38,52.14,485608
20210916,51.83,52.6,51.76,52.59,491955
20210917,52.69,52.88,52.17,52.84,518453
20210920,51.1,51.795,50.34,51.2,1299525
20210921,51.47,51.769,50.98,51.415,576912
20210922,51.56,52.5,51.3801,52.25,725903
20210923,52.46,52.83,52.29,52.73,703410
20210924,52.01,52.2,51.56,52.01,823202
20210927,51.59,51.85,51.13,51.78,606963
20210928,50.98,51.04,49.431,49.68,1526920
20210929,50.09,50.14,48.76,48.83,962450
20210930,49.12,49.77,49.03,49.4,797645
20211001,49.54,49.925,49.012,49.8,556060
20211004,49.34,49.34,47.66,48.12,1542893
20211005,48.41,49.66,48.36,49.25,795918
20211006,48.71,50.07,48.68,49.89,955192
20211007,50.45,51.3799,50.43,51,651150
20211008,51.16,51.5199,50.441,50.5,554294
20211011,50.36,50.933,49.96,49.99,869408
20211012,50.111,50.67,49.96,50.44,442051
20211013,50.79,51.6,50.79,51.56,563739
20211014,52.22,52.69,52.2,52.46,748366
20211015,52.75,53.02,52.45,52.94,653548
20211018,52.36,53.495,52.28,53.34,745345
20211019,53.54,54.19,53.45,54.05,587909
20211020,54.28,54.6005,53.98,54.38,900419
20211021,54.07,54.72,53.93,54.43,493701
20211022,53.94,54.15,52.75,53.07,779574
20211025,53.29,54.24,53.05,54.17,717088
20211026,54.54,54.68,53.29,53.59,618531
20211027,53.28,53.52,52.29,52.31,438532
20211028,52.52,53.47,52.33,53.45,495970
20211029,53,53.55,52.92,53.43,406522
20211101,53.53,54.31,53.53,54.26,630347
20211102,54.29,54.35,53.13,53.43,499750
20211103,53.08,53.38,52.601,53.34,762297
20211104,53.65,54.19,53.33,53.83,720710
20211105,54.18,54.36,52.83,53.2,903209
20211108,53.49,53.99,53.4,53.67,659669
20211109,53.74,53.9,52.631,53,920321
20211110,52.09,52.48,50.48,50.9,1522732
20211111,51.83,51.95,51.53,51.66,547342
20211112,51.91,52.8,51.91,52.75,809159
20211115,52.99,53.5,52.53,52.8,635871
20211116,52.44,52.97,52.26,52.94,531856
20211117,52.64,52.75,51.56,51.7,598957
20211118,51.79,51.82,50.511,50.67,684790
20211119,50.7,51.3,50.25,50.36,1145196
20211122,50.27,50.27,47.3,47.79,1750965
20211123,47.54,48.3091,46.48,47.49,2328868
20211124,46.82,48.23,46.69,48.16,1060702
20211126,47.44,48.015,46.86,47.49,570865
20211129,48.02,48.2299,46.74,47.6701,881600
20211130,47.68,48.27,46.0901,46.45,1549906
20211201,47.12,47.23,44.01,44.03,2554887
20211202,44.01,44.8,43.16,44.1199,2885286
20211203,43.74,43.87,40.88,41.75,2473074
20211206,41.1,42.16,40.05,42.07,2722479
20211207,43.55,44.45,43.41,43.96,1899209
20211208,44,45.03,43.3603,44.99,1081072
20211209,44.87,45.22,43.02,43.31,1542342
20211210,43.68,44.05,42.13,42.47,1027723
20211213,42.08,42.47,40.76,41.37,1495251
20211214,40.57,41.3,40.13,40.73,2058103
20211215,40.51,41.55,39.28,41.32,3766964
20211216,41.82,41.96,39.47,39.92,2365246
20211217,39.11,40.68,38.5,40.35,2619264
20211220,39.31,39.84,38.92,39.26,1881336
20211221,39.88,41.23,39.64,41.17,1524766
20211222,41.07,41.57,40.68,41.19,1691990
20211223,41.11,41.95,40.71,41.81,1484413
20211227,41.81,42.17,41.64,41.8,1753948
20211228,41.54,41.84,40.71,40.79,1759788
20211229,40.65,40.78,39.78,40.35,1459317
20211230,40.3,41.96,40.27,41.39,1262345
20211231,41.19,41.62,40.81,40.83,1028772
20220103,41.2,41.411,40.3,41.04,1772394
20220104,40.88,40.95,38.54,39.25,2360659
20220105,38.82,38.98,36.46,36.64,2584919
20220106,36.57,37.3098,35.44,36.85,2556038
20220107,36.84,37.7599,36.1601,36.47,1209212
20220110,35.6,36.09,34.4,36.06,1953849
20220111,36,37.79,35.73,37.57,1843417
20220112,38.26,38.6,37.021,37.28,1569374
20220113,37.51,37.51,35.2201,35.36,1098353
20220114,35.18,35.7,34.14,34.99,1538493
20220118,34.1,34.51,33.301,33.39,1260556
20220119,33.58,34.27,33.04,33.095,902228
20220120,33.73,34.97,33.0101,33.09,1121167
20220121,32.65,32.96,30.85,31,2153330
20220124,29.3,31.35,28.07,31.28,2800962
20220125,30.45,31.33,29.69,30.51,1739045
20220126,31.5,31.94,29.53,29.76,1639674
20220127,30.25,30.28,28.6,28.74,894381
20220128,28.66,30.06,27.97,29.99,1085618
20220131,30.34,32.57,30.3321,32.52,2464690
20220201,33.31,33.5,32.01,33.42,1676760
20220202,33.33,33.33,31.02,31.3,2109708
20220203,30.15,30.725,29.44,29.53,1062766
20220204,30.03,31.55,29.38,31.28,1656257
20220207,31.38,32.13,30.89,31.19,683101
20220208,30.85,31.62,30.47,31.53,584645
20220209,32.5,33.43,32.16,33.38,846265
20220210,32.72,34.38,32.29,32.54,1516049
20220211,32.82,33.4,31.28,31.67,2092282
20220214,31.24,32.52,31.11,31.56,812361
20220215,32.48,33.265,32.12,33.18,646758
20220216,32.65,32.66,31.66,32,1298072
20220217,31.66,31.75,30.02,30.14,1141248
20220218,29.9232,30.0899,28.81,28.99,2294442
