Date,Open,High,Low,Close,Volume
20100310,11.723,11.824,11.33,11.673,8798866
20100311,11.952,11.952,11.533,11.684,1332835
20100312,11.838,11.939,11.687,11.88,1426264
20100315,11.927,11.927,11.516,11.6,843660
20100316,11.644,11.694,11.509,11.61,344605
20100317,11.723,11.731,11.522,11.53,355296
20100318,11.714,11.714,11.413,11.53,254188
20100319,11.363,11.581,10.928,11.304,1222399
20100322,11.402,11.402,11.05,11.1,577365
20100323,10.977,11.22,10.977,11.178,338853
20100324,11.258,11.3,10.948,11.149,319189
20100325,11.318,11.511,11.226,11.31,470546
20100326,11.265,11.307,11.139,11.231,276510
20100329,11.227,11.562,11.227,11.503,198219
20100330,11.47,11.554,11.386,11.478,198074
20100331,11.316,11.526,11.308,11.367,503788
20100401,11.395,11.495,11.395,11.478,455674
20100405,11.621,11.73,11.454,11.73,809864
20100406,11.724,11.766,11.581,11.607,390682
20100407,11.63,11.722,11.521,11.68,427144
20100408,11.663,11.73,11.546,11.713,1062890
20100409,11.561,11.728,11.519,11.703,176487
20100412,11.652,11.669,11.409,11.56,222028
20100413,11.502,11.527,11.008,11.1,535750
20100414,11.106,11.583,11.106,11.311,384250
20100415,11.646,11.646,11.311,11.462,597286
20100416,11.546,11.546,11.311,11.42,216731
20100419,11.542,11.592,11.425,11.45,485333
20100420,11.519,11.678,11.519,11.662,589006
20100421,11.646,11.714,11.579,11.68,256303
20100422,11.64,11.874,11.473,11.665,649256
20100423,11.773,11.915,11.597,11.89,398551
20100426,11.931,11.931,11.638,11.78,328792
20100427,11.838,12.148,11.621,11.838,790722
20100428,11.976,12.034,11.632,11.842,618365
20100429,11.839,11.939,11.596,11.78,566299
20100430,11.786,11.819,11.543,11.66,337512
20100503,11.614,11.709,11.521,11.614,310652
20100504,11.304,11.48,11.086,11.253,505181
20100505,11.097,11.248,10.728,11.005,350384
20100506,10.894,10.97,9.27,10.467,775738
20100507,10.317,10.626,9.36,10.007,856926
20100510,10.466,10.826,10.173,10.55,409981
20100511,10.494,10.854,10.377,10.72,279157
20100512,11.135,11.185,10.792,11.135,375235
20100513,11.178,11.371,11.027,11.252,208829
20100514,11.135,11.135,10.599,10.717,227267
20100517,10.709,10.868,10.39,10.65,115462
20100518,10.758,10.884,10.725,10.783,204642
20100519,10.736,10.795,10.267,10.485,187579
20100520,10.34,10.541,9.762,9.762,355441
20100521,9.535,9.853,9.535,9.82,402765
20100524,9.78,9.889,9.671,9.788,210963
20100525,9.836,9.97,9.518,9.954,307685
20100526,10.055,10.356,9.979,10.13,177354
20100527,10.24,10.583,10.189,10.55,232807
20100528,10.552,10.611,10.217,10.46,92043
20100601,10.322,10.423,10.029,10.247,302529
20100602,10.271,10.505,10.262,10.405,120373
20100603,10.35,10.475,10.107,10.4,120065
20100604,10.266,10.3,9.881,10.04,134638
20100607,10.014,10.307,9.93,9.93,331164
20100608,9.947,10.022,9.587,9.88,124289
20100609,10.052,10.446,9.922,9.968,861941
20100610,10.172,10.264,9.703,10.055,352479
20100611,10.113,10.18,9.92,10.138,201505
20100614,10.194,10.429,10.136,10.312,178868
20100615,10.367,10.752,10.275,10.61,208641
20100616,10.565,10.591,10.155,10.465,262051
20100617,10.476,10.501,10.25,10.35,100292
20100618,10.383,10.467,10.249,10.433,250126
20100621,10.625,10.692,10.306,10.357,111663
20100622,10.298,10.365,9.854,10.013,259842
20100623,9.984,10.135,9.732,9.917,202477
20100624,9.785,9.861,9.635,9.66,170367
20100625,9.763,9.981,9.662,9.897,1941613
20100628,9.808,9.917,9.478,9.817,140718
20100629,9.649,9.716,9.356,9.498,216950
20100630,9.528,9.713,9.461,9.553,208085
20100701,9.503,9.545,8.916,9.008,318184
20100702,9.035,9.102,8.441,8.583,221114
20100706,8.66,8.819,8.291,8.417,293322
20100707,8.47,8.629,8.311,8.478,389723
20100708,8.648,8.74,8.38,8.682,170158
20100709,8.787,8.787,8.444,8.72,725864
20100712,8.773,8.873,8.538,8.546,167917
20100713,8.715,9.067,8.64,8.992,265734
20100714,8.949,9.201,8.773,9.067,104644
20100715,9.063,9.147,8.795,9.122,201551
20100716,9.069,9.379,8.91,8.968,205075
20100719,8.986,9.011,8.525,8.86,133724
20100720,8.72,9.298,8.637,9.298,132568
20100721,9.332,9.383,9.148,9.19,110519
20100722,9.233,9.585,9.233,9.535,209497
20100723,9.5,9.609,9.341,9.5,153769
20100726,9.553,9.603,9.478,9.578,167932
20100727,9.632,9.632,9.473,9.54,77097
20100728,9.541,9.541,9.348,9.457,70986
20100729,9.494,9.704,9.319,9.62,79139
20100730,9.47,9.687,9.386,9.545,49493
20100802,9.736,9.862,9.602,9.82,86970
20100803,9.777,9.777,9.375,9.442,137827
20100804,9.485,9.527,9.376,9.46,69370
20100805,9.412,9.663,9.412,9.42,65217
20100806,9.365,9.86,9.273,9.617,151131
20100809,9.689,10.049,9.564,9.832,190410
20100810,9.589,9.589,9.221,9.38,711102
20100811,9.313,9.589,9.095,9.128,310579
20100812,8.968,9.102,8.683,8.708,379571
20100813,8.697,9.032,8.546,8.638,527598
20100816,8.616,9.319,8.582,9.21,852025
20100817,9.337,9.761,9.209,9.422,324422
20100818,9.517,9.89,9.287,9.788,658553
20100819,9.769,9.769,9.251,9.378,180633
20100820,9.356,9.517,9.322,9.5,135606
20100823,9.57,9.646,9.315,9.4,118054
20100824,9.369,9.471,9.259,9.259,145348
20100825,9.13,9.539,9.028,9.53,159691
20100826,9.548,9.684,9.182,9.259,121768
20100827,9.337,9.77,9.337,9.762,131966
20100830,9.728,9.796,9.43,9.439,160156
20100831,9.424,9.585,9.364,9.492,145299
20100901,9.649,9.717,9.546,9.631,176102
20100902,9.727,9.727,9.429,9.48,110757
20100903,9.55,9.737,9.55,9.695,105129
20100907,9.718,9.718,9.377,9.446,127696
20100908,9.418,9.621,9.418,9.443,246367
20100909,9.602,9.679,9.331,9.382,220891
20100910,9.409,9.579,9.35,9.468,84023
20100913,9.525,9.618,9.321,9.525,196884
20100914,9.543,9.543,9.399,9.433,78204
20100915,9.396,9.795,9.37,9.534,179647
20100916,9.498,9.599,9.353,9.54,74157
20100917,9.66,9.66,9.362,9.413,138261
20100920,9.442,9.688,9.365,9.62,139689
20100921,9.615,9.632,9.402,9.539,116847
20100922,9.496,9.7,9.393,9.479,295315
20100923,9.392,9.554,9.383,9.529,230404
20100924,9.662,9.678,9.407,9.662,166542
20100927,9.757,9.757,9.384,9.435,255907
20100928,9.505,9.505,9.369,9.403,183675
20100929,9.418,9.478,9.265,9.35,192353
20100930,9.437,9.437,9.147,9.334,258233
20101001,9.439,9.558,9.363,9.482,318137
20101004,9.435,9.656,9.18,9.375,255870
20101005,9.387,9.481,9.268,9.344,368125
20101006,9.345,9.362,9.278,9.32,139103
20101007,9.37,9.43,9.26,9.285,218388
20101008,9.27,9.431,9.261,9.372,187025
20101011,9.379,9.456,9.294,9.43,155322
20101012,9.394,9.471,9.326,9.351,152801
20101013,9.435,9.672,9.358,9.63,225678
20101014,9.66,9.66,9.405,9.515,141709
20101015,9.59,9.641,9.215,9.343,174863
20101018,9.363,9.499,9.26,9.303,178302
20101019,9.232,9.436,9.215,9.309,159168
20101020,9.386,9.489,9.267,9.463,117650
20101021,9.553,9.638,9.4,9.578,291793
20101022,9.644,9.644,9.415,9.423,140481
20101025,9.481,9.769,9.481,9.694,167173
20101026,9.704,9.84,9.466,9.492,210941
20101027,9.502,9.748,9.485,9.535,170208
20101028,9.6,9.676,9.395,9.54,180621
20101029,9.515,9.698,9.507,9.608,115728
20101101,9.673,9.81,9.588,9.767,130226
20101102,9.869,10.014,9.758,9.911,251750
20101103,9.957,9.999,9.83,9.932,125076
20101104,10.033,10.467,9.99,10.067,273183
20101105,10.067,10.407,10.008,10.237,221422
20101108,10.245,10.526,10.219,10.491,260776
20101109,10.56,10.594,10.204,10.28,171981
20101110,10.609,10.798,10.548,10.6,359232
20101111,10.595,10.931,10.362,10.75,483821
20101112,10.694,10.694,10.366,10.564,266759
20101115,10.547,10.779,10.547,10.641,195184
20101116,10.505,10.531,10.109,10.324,272372
20101117,10.323,10.349,10.099,10.22,95133
20101118,10.334,10.549,10.153,10.204,249058
20101119,10.124,10.503,9.995,10.451,171675
20101122,10.366,10.53,10.349,10.53,114477
20101123,10.399,10.7,10.27,10.657,198323
20101124,10.684,10.684,10.478,10.633,85059
20101126,10.57,10.605,10.467,10.501,57839
20101129,10.452,10.573,10.108,10.521,196808
20101130,10.401,10.496,10.07,10.1,727453
20101201,10.315,10.659,10.177,10.203,195120
20101202,10.179,10.369,9.964,10.05,213695
20101203,9.987,10.133,9.97,10.013,137837
20101206,10.032,10.153,9.877,9.911,176296
20101207,10.023,10.075,9.894,9.963,164581
20101208,10.02,10.089,9.667,9.761,168361
20101209,9.813,9.822,9.486,9.511,147841
20101210,9.517,9.629,9.474,9.491,110950
20101213,9.561,9.736,9.424,9.57,199365
20101214,9.559,9.679,9.473,9.499,259138
20101215,9.496,9.604,9.401,9.487,179898
20101216,9.474,9.535,9.414,9.449,113621
20101217,9.432,9.526,9.38,9.389,137873
20101220,9.402,9.496,9.238,9.359,146733
20101221,9.376,9.385,9.195,9.281,276288
20101222,9.299,9.325,9.093,9.17,265545
20101223,9.161,9.247,9.148,9.179,193092
20101227,9.127,9.231,9.101,9.101,137299
20101228,9.113,9.121,8.828,8.889,165901
20101229,8.87,8.956,8.784,8.784,223211
20101230,8.806,8.892,8.78,8.789,334388
20101231,8.816,8.945,8.73,8.799,499349
20110103,8.878,9.033,8.826,8.981,214355
20110104,9.032,9.127,8.92,8.92,138335
20110105,8.906,9.173,8.803,9.121,215915
20110106,9.212,9.427,9.199,9.393,293439
20110107,9.43,9.534,9.258,9.353,207657
20110110,9.316,9.393,9.298,9.341,167890
20110111,9.375,9.375,9.108,9.211,124913
20110112,9.316,9.316,9.11,9.153,160526
20110113,9.145,9.188,8.887,8.921,205709
20110114,8.915,8.915,8.794,8.794,120803
20110118,8.887,8.913,8.758,8.87,170322
20110119,8.848,8.856,8.744,8.77,214143
20110120,8.773,8.928,8.713,8.747,258353
20110121,8.795,8.838,8.546,8.614,199558
20110124,8.506,8.523,7.877,8.221,729433
20110125,8.124,8.141,7.762,7.96,446409
20110126,8.098,8.098,7.848,7.883,219013
20110127,7.84,7.857,7.538,7.59,433027
20110128,7.557,7.721,7.341,7.359,389110
20110131,7.364,7.485,7.106,7.131,444087
20110201,7.159,7.616,7.116,7.573,652465
20110202,7.578,7.707,7.492,7.699,631720
20110203,7.735,7.804,7.537,7.64,340606
20110204,7.636,7.73,7.532,7.661,243399
20110207,7.713,7.757,7.567,7.601,280651
20110208,7.584,7.713,7.549,7.67,266965
20110209,7.67,7.698,7.575,7.661,153684
20110210,7.627,7.679,7.524,7.584,126343
20110211,7.547,7.702,7.547,7.641,159316
20110214,7.646,7.87,7.577,7.594,256316
20110215,7.594,7.672,7.483,7.577,245657
20110216,7.618,7.764,7.584,7.747,210849
20110217,7.876,8.092,7.876,8.057,358054
20110218,8.045,8.2,7.89,8.14,199266
20110222,8.109,8.109,7.609,7.807,331521
20110223,7.749,7.956,7.465,7.87,317306
20110224,7.812,8.157,7.649,7.907,290414
20110225,7.896,8.155,7.896,8.043,169846
20110228,8.126,8.203,8.057,8.134,189911
20110301,8.209,8.26,7.881,7.89,170484
20110302,7.9,8.132,7.857,7.969,94437
20110303,8.001,8.351,7.948,8.132,214088
20110304,8.121,8.121,7.893,8.086,130632
20110307,8.136,8.136,7.732,7.96,135957
20110308,7.953,8.093,7.865,7.909,192423
20110309,7.895,7.931,7.632,7.746,263673
20110310,7.639,7.674,7.463,7.639,329717
20110311,7.736,7.903,7.639,7.85,218142
20110314,7.809,8.02,7.677,7.844,128185
20110315,7.56,7.779,7.375,7.682,208443
20110316,7.674,7.788,7.516,7.718,179552
20110317,8.291,8.318,7.765,7.782,161032
20110318,7.875,7.875,7.568,7.761,218231
20110321,7.884,8.069,7.691,7.788,169821
20110322,7.788,7.823,7.682,7.788,74211
20110323,7.787,7.989,7.735,7.901,117527
20110324,7.961,7.979,7.839,7.909,54885
20110325,7.919,8.077,7.787,7.849,113878
20110328,7.889,7.985,7.862,7.889,111234
20110329,7.893,7.893,7.761,7.814,86900
20110330,7.867,7.92,7.806,7.916,145360
20110331,7.939,8.079,7.912,7.991,144884
20110401,8.076,8.076,7.989,8.041,92343
20110404,8.027,8.185,8.027,8.15,260590
20110405,8.157,8.157,7.806,7.85,225018
20110406,7.983,8.184,7.913,8.071,259511
20110407,8.122,8.227,7.99,7.999,125265
20110408,8.032,8.093,7.891,7.909,80217
20110411,7.928,7.989,7.744,7.77,96478
20110412,7.715,7.759,7.601,7.619,225368
20110413,7.654,7.733,7.566,7.61,143602
20110414,7.543,7.656,7.472,7.508,115165
20110415,7.49,7.561,7.306,7.368,358328
20110418,7.236,7.297,7.062,7.149,291469
20110419,7.141,7.307,6.9042,7.22,247800
20110420,7.348,7.348,6.962,7.138,250770
20110421,7.138,7.138,6.9711,7.041,104817
20110425,7.07,7.158,7.024,7.052,129633
20110426,7.101,7.277,7.101,7.162,177849
20110427,7.22,7.282,7.036,7.08,111313
20110428,7.08,7.168,7.018,7.141,120521
20110429,7.179,7.197,6.986,7.039,168081
20110502,7.055,7.178,7.022,7.108,144979
20110503,7.041,7.102,6.9361,6.9976,285389
20110504,6.7349,6.9632,6.1027,6.4363,597333
20110505,6.3417,6.4207,6.105,6.14,208197
20110506,6.2195,6.4739,6.2195,6.4388,185315
20110509,6.478,6.5387,6.2761,6.3112,126321
20110510,6.3639,6.5131,6.241,6.3112,290120
20110511,6.3736,6.471,6.1611,6.1789,259120
20110512,6.1465,6.1554,6.0307,6.1112,145075
20110513,6.1457,6.1545,5.9335,5.96,170382
20110516,5.906,5.9413,5.517,5.5699,318570
20110517,5.5454,5.7577,5.51,5.7488,403024
20110518,5.7623,5.8331,5.7003,5.78,273601
20110519,5.8215,6.0604,5.7242,5.9188,350656
20110520,5.8585,5.8585,5.7523,5.7788,173579
20110523,5.6427,5.9257,5.5985,5.7577,262619
20110524,5.7834,5.7834,5.5358,5.58,158954
20110525,5.5523,5.7471,5.4727,5.57,422045
20110526,5.5769,5.7539,5.4707,5.63,364257
20110527,5.6766,5.9068,5.4463,5.6411,348868
20110531,5.7451,5.7628,5.5326,5.6211,317904
20110601,5.6173,5.6615,5.4935,5.5023,185274
20110602,5.5377,5.635,5.4227,5.5288,180261
20110603,5.4462,5.5877,5.4197,5.5788,266656
20110606,5.5517,5.5782,5.3303,5.4277,395381
20110607,5.4554,5.4642,5.3493,5.4112,161130
20110608,5.425,5.8055,5.3542,5.5488,395888
20110609,5.5589,5.6208,5.4703,5.5589,134054
20110610,5.5345,5.5345,5.2162,5.3488,213161
20110613,5.3845,5.4377,5.048,5.11,194735
20110614,5.1765,5.4773,5.1499,5.3623,205756
20110615,5.3228,5.438,5.1723,5.1811,123836
20110616,5.2038,5.5666,5.1569,5.3188,203622
20110617,5.3065,5.3861,5.1846,5.2888,192281
20110620,5.2373,5.6354,5.2373,5.3788,241871
20110621,5.4266,5.4354,5.3292,5.3823,128976
20110622,5.3928,5.4752,5.26,5.2777,94769
20110623,5.1662,5.2988,5.0335,5.29,138823
20110624,5.2788,5.3319,5.1911,5.2788,259779
20110627,5.2846,5.3289,5.2315,5.3023,81407
20110628,5.3542,5.3542,5.2303,5.3012,81381
20110629,5.3181,5.3181,5.0261,5.15,184662
20110630,5.1862,5.2216,5.0446,5.0711,171639
20110701,5.0823,5.1708,4.9672,5.0911,118086
20110705,5.0958,5.1223,4.795,4.8923,207747
20110706,4.8635,5.0403,4.8193,4.8723,214744
20110707,4.8927,4.9988,4.875,4.99,125679
20110708,4.8631,4.8984,4.7569,4.8188,361816
20110711,4.7242,4.7596,4.6535,4.6888,185231
20110712,4.6531,4.6796,4.6,4.6177,177971
20110713,4.6506,4.7099,4.4203,4.5,270224
20110714,4.4874,4.4913,4.3723,4.3989,196729
20110715,4.3777,4.4484,4.3423,4.3777,241088
20110718,4.3338,4.3427,4.1658,4.2188,227586
20110719,4.262,4.4388,4.2001,4.43,277955
20110720,4.4397,4.7138,4.4308,4.5988,146652
20110721,4.6343,4.8377,4.6033,4.8112,144393
20110722,4.801,4.8364,4.5535,4.5712,191561
20110725,4.5216,4.5835,4.38,4.3888,113874
20110726,4.4245,5.1855,4.2652,4.9288,591077
20110727,4.9961,5.1818,4.8723,4.8988,637758
20110728,4.9157,5.0397,4.8803,4.9423,162620
20110729,4.8689,5.0548,4.6918,4.8689,159886
20110801,4.9256,5.0282,4.4658,4.5012,287899
20110802,4.4465,4.6242,4.42,4.4288,265361
20110803,4.4016,4.6451,4.4016,4.618,181705
20110804,4.5305,4.5395,4.332,4.359,214648
20110805,4.4084,4.4165,4.0371,4.3,246513
20110808,4.1581,4.1581,3.5706,3.6789,328271
20110809,3.7805,3.97,3.6226,3.952,461304
20110810,3.8508,3.8508,3.5525,3.67,321560
20110811,3.3685,3.829,3.2872,3.8019,463003
20110812,3.8453,4.1342,3.7821,4.08,222068
20110815,4.1361,4.1896,3.8833,4.091,158430
20110816,4.0381,4.1103,3.9929,4.011,109736
20110817,4.0451,4.3251,3.8194,4.0181,356798
20110818,3.8685,3.9498,3.6922,3.769,173384
20110819,3.7171,3.7802,3.6449,3.69,187165
20110822,3.8013,3.8013,3.6929,3.7381,157859
20110823,3.8421,4.05,3.7969,4.05,123438
20110824,4.0138,4.1585,3.9415,4.041,218841
20110825,4.0682,4.1133,3.96,3.96,160923
20110826,3.9739,4.1003,3.9648,4.001,125326
20110829,4.0675,4.3471,4.0675,4.311,150553
20110830,4.3112,4.5642,4.2569,4.501,251417
20110831,4.5588,4.7574,4.5136,4.631,347374
20110901,4.6192,4.8087,4.4568,4.502,198467
20110902,4.3922,4.5004,4.302,4.329,176122
20110906,4.1566,4.5633,4.1024,4.509,225898
20110907,4.6265,4.6265,4.4819,4.491,119824
20110908,4.4806,4.6703,4.4806,4.571,150819
20110909,4.5219,4.6393,4.4678,4.54,251437
20110912,4.4668,4.548,4.4398,4.548,116471
20110913,4.5731,4.8081,4.5731,4.781,233812
20110914,4.8529,4.9704,4.8303,4.8619,237512
20110915,4.9323,4.9684,4.7742,4.851,101562
20110916,4.8955,4.8955,4.6968,4.7419,169015
20110919,4.6664,4.7386,4.3414,4.531,117313
20110920,4.5696,4.5696,4.38,4.389,124120
20110921,4.4365,4.535,4.2919,4.319,140720
20110922,4.1582,4.2393,4.041,4.0771,211579
20110923,4.0543,4.3071,3.9911,4.3071,215778
20110926,4.3217,4.4661,4.2315,4.421,109558
20110927,4.5129,4.7386,4.4678,4.54,157222
20110928,4.5137,4.5679,4.261,4.2881,137684
20110929,4.4022,4.4539,4.2759,4.339,148378
20110930,4.2632,4.3799,4.1729,4.2,131368
20111003,4.1472,4.3369,3.84,3.8671,129102
20111004,3.764,4.5222,3.764,4.4771,242894
20111005,4.4252,4.4522,4.2445,4.371,117290
20111006,4.3539,4.4433,4.2906,4.3719,59994
20111007,4.3755,4.4297,4.1049,4.15,104806
20111010,4.2747,4.6,4.2701,4.5729,105530
20111011,4.5881,4.9849,4.5881,4.841,122600
20111012,4.8917,5.2347,4.8736,4.9729,210411
20111013,4.9655,5.1551,4.776,5.0919,128079
20111014,5.2394,5.3658,5.1039,5.1219,195882
20111017,5.0715,5.2068,4.882,4.891,87419
20111018,4.9266,5.1063,4.8725,5.071,151916
20111019,5.0845,5.1838,4.9129,4.9581,95952
20111020,4.9458,5.1264,4.9368,4.9729,188373
20111021,5.1256,5.3963,5.1256,5.27,232108
20111024,5.2771,5.4124,5.1778,5.232,114130
20111025,5.1695,5.1965,4.9665,4.989,143605
20111026,5.0606,5.4213,4.916,5.151,173276
20111027,5.3861,5.4763,5.2056,5.332,232923
20111028,5.3719,5.5977,5.3719,5.39,104395
20111031,5.2277,5.2818,4.9838,5.0381,236141
20111101,4.909,5.0354,4.8549,4.918,86376
20111102,5.0532,5.1073,4.8546,5.0171,125799
20111103,5.0546,5.2351,4.9463,5.1719,95086
20111104,5.151,5.2413,5.1419,5.151,50270
20111107,5.1908,5.2984,4.8568,4.911,143696
20111108,4.9407,5.1346,4.8484,5.0792,90733
20111109,4.8716,5.1669,4.8716,5.0285,87284
20111110,5.0823,5.2115,4.9624,5.0916,142789
20111111,5.1685,5.2146,5.1223,5.1315,134247
20111114,5.1379,5.2025,4.953,4.9992,41942
20111115,4.9846,5.0677,4.8969,5.0215,88501
20111116,4.953,4.9991,4.8423,4.8792,54581
20111117,4.8646,4.8738,4.7084,4.8277,81234
20111118,4.7823,4.8193,4.6623,4.6992,53845
20111121,4.6116,4.6761,4.5193,4.6392,87429
20111122,4.6203,4.6203,4.3246,4.3708,114697
20111123,4.3268,4.3637,4.087,4.1977,98119
20111125,4.133,4.253,4.05,4.05,51523
20111128,4.2239,4.3346,4.1962,4.2608,177434
20111129,4.2715,4.2715,4.0777,4.177,58956
20111130,4.3341,4.787,4.3065,4.7315,239691
20111201,4.7008,4.7008,4.5346,4.6177,63943
20111202,4.6508,4.66,4.4939,4.6415,73620
20111205,4.7494,4.7494,4.4999,4.62,89604
20111206,4.5847,4.7876,4.5295,4.76,64665
20111207,4.703,4.8416,4.6199,4.7585,82638
20111208,4.69,4.8008,4.4315,4.45,87912
20111209,4.4514,4.7285,4.4514,4.7008,69692
20111212,4.6085,4.6639,4.5069,4.59,91879
20111213,4.6254,4.7269,4.5238,4.5885,53552
20111214,4.5323,4.6892,4.4843,4.6615,77139
20111215,4.767,4.7854,4.5729,4.7208,89429
20111216,4.7446,4.8,4.6431,4.6708,91805
20111219,4.7346,4.7992,4.4392,4.4392,93906
20111220,4.5461,4.6292,4.5277,4.6015,82782
20111221,4.5661,4.5846,4.437,4.5384,84109
20111222,4.5461,4.62,4.4444,4.62,85061
20111223,4.6854,4.7132,4.593,4.6208,59285
20111227,4.6138,4.6323,4.457,4.54,92203
20111228,4.5179,4.5641,4.2408,4.2592,122314
20111229,4.243,4.243,4.0585,4.16,277456
20111230,4.1405,4.3923,4.0758,4.3715,205185
20120103,4.5239,4.5885,4.2469,4.33,169278
20120104,4.2738,4.2794,4.1354,4.1817,90513
20120105,4.1762,4.1762,4.1115,4.1484,93576
20120106,4.1185,4.1462,3.9338,3.98,129584
20120109,4.037,4.0831,3.9815,4,60934
20120110,4.0578,4.15,4.0122,4.1491,77978
20120111,4.1438,4.1623,4.0146,4.0885,99649
20120112,4.0553,4.2493,4.0184,4.0923,135893
20120113,4.0692,4.1154,4.06,4.0692,71612
20120117,4.0859,4.1597,3.7447,3.7816,189968
20120118,3.8223,4.1454,3.8223,4.0808,234513
20120119,4.1177,4.1639,4.0346,4.1085,175382
20120120,4.103,4.1677,4.0753,4.1215,159402
20120123,4.09,4.1546,4.0623,4.0715,97130
20120124,4.0747,4.1472,3.9823,3.9823,85433
20120125,3.993,4.0022,3.8731,3.91,118678
20120126,3.9556,3.9556,3.7338,3.7708,187144
20120127,3.7723,3.8277,3.7354,3.8138,103673
20120130,3.7724,3.9846,3.7724,3.9384,79653
20120131,3.947,3.9562,3.8915,3.9008,83880
20120201,3.9354,3.9539,3.7969,3.8708,144067
20120202,3.8669,3.8946,3.8023,3.8485,90293
20120203,3.9379,3.9379,3.716,3.7992,217916
20120206,3.7746,4.0146,3.7746,3.9408,235482
20120207,3.9824,4.0073,3.8808,3.89,167415
20120208,3.9223,3.9777,3.8207,3.9685,180574
20120209,3.957,4.1046,3.8094,4.0216,280228
20120210,4.0078,4.0078,3.86,3.86,140746
20120213,3.9353,4.0462,3.8614,4.0092,285923
20120214,3.9991,4.3408,3.9991,4.2392,799417
20120215,4.3368,4.3737,4.0231,4.0231,377334
20120216,4.0309,4.2799,3.9663,4.16,334016
20120217,4.177,4.1954,4.0661,4.1492,137260
20120221,4.1615,4.1615,4.0231,4.06,143906
20120222,4.279,4.279,4.0392,4.0392,229794
20120223,4.0715,4.1823,3.9792,4.0808,270740
20120224,4.113,4.1685,4.0945,4.1685,208219
20120227,4.1346,4.3192,4.07,4.2823,266616
20120228,4.31,4.4854,4.31,4.4392,389608
20120229,4.483,4.483,4.312,4.35,295822
20120301,4.36,4.4075,4.094,4.151,202333
20120302,4.2153,4.2458,3.9115,3.959,224963
20120305,3.9364,3.9742,3.7941,3.851,184719
20120306,3.8154,3.8249,3.6256,3.73,288356
20120307,3.7748,3.7843,3.6326,3.6515,196246
20120308,3.752,3.847,3.6855,3.7615,119503
20120309,3.7916,3.9622,3.7717,3.801,157136
20120312,3.837,3.8465,3.7135,3.7895,93855
20120313,3.8005,3.8479,3.7057,3.7816,128419
20120314,3.7833,3.7833,3.6316,3.66,159805
20120315,3.6536,3.7247,3.5966,3.72,205741
20120316,3.7287,4.0323,3.7192,3.909,460790
20120319,3.8915,4.0173,3.882,3.8915,129085
20120320,3.895,3.9235,3.8,3.8095,55648
20120321,3.846,3.846,3.7605,3.7795,115513
20120322,3.7374,3.7801,3.6521,3.6995,203687
20120323,3.723,3.8085,3.7183,3.78,100160
20120326,3.8446,3.968,3.8067,3.9205,118773
20120327,3.9664,3.9854,3.9,3.9,66218
20120328,3.9169,3.9738,3.8315,3.8695,87413
20120329,3.8295,3.8579,3.7821,3.82,78344
20120330,3.8925,4.0065,3.8735,3.9495,112667
20120402,3.9661,4.099,3.8713,4.08,123890
20120403,4.0773,4.2479,4.0678,4.191,261560
20120404,4.14,4.197,4.045,4.1495,88543
20120405,4.1085,4.1464,4.0326,4.08,96093
20120409,3.9833,4.0781,3.8126,3.879,118308
20120410,3.821,3.8779,3.7262,3.8495,143340
20120411,3.8879,3.9638,3.8121,3.8405,136780
20120412,3.8294,4.0284,3.7725,3.981,158750
20120413,3.9649,3.9743,3.8226,3.87,57098
20120416,3.8725,3.9864,3.8061,3.92,60497
20120417,3.9486,4.1385,3.9486,4.1005,127060
20120418,4.0915,4.139,4.063,4.1295,82891
20120419,4.1177,4.3058,4.0702,4.26,177333
20120420,4.3241,4.4284,4.2957,4.381,168700
20120423,4.294,4.37,4.161,4.1895,173247
20120424,4.1956,4.3,4.1576,4.2811,151249
20120425,4.3421,4.399,4.2947,4.3705,111772
20120426,4.3641,4.4874,4.3641,4.4305,107661
20120427,4.4635,4.53,4.3875,4.5205,99510
20120430,4.4764,4.4853,4.3531,4.4195,191989
20120501,4.3931,4.4121,4.0705,4.08,310163
20120502,4.0685,4.1345,3.9641,4.0305,182242
20120503,4.0379,4.0948,3.981,4,106273
20120504,3.9917,4.0296,3.84,3.8495,125573
20120507,3.8441,3.9675,3.8441,3.9295,86127
20120508,3.918,3.918,3.7932,3.8988,106428
20120509,3.845,3.9892,3.7979,3.97,59060
20120510,4.0153,4.0383,3.8808,3.9,33340
20120511,3.8496,3.8592,3.8016,3.8208,102582
20120514,3.792,3.8976,3.7056,3.8496,152401
20120515,3.8357,3.8468,3.6819,3.73,101573
20120516,3.7653,3.8133,3.65,3.65,148595
20120517,3.6619,3.7484,3.6619,3.71,112861
20120518,3.6935,3.6935,3.5204,3.5589,151855
20120521,3.5739,3.6988,3.5259,3.6892,88453
20120522,3.7492,3.9607,3.6819,3.73,85559
20120523,3.6546,3.7892,3.6161,3.7892,67381
20120524,3.7777,3.8065,3.6912,3.7296,105376
20120525,3.698,3.7831,3.6404,3.65,49999
20120529,3.6776,3.716,3.5874,3.62,50332
20120530,3.5792,3.6368,3.5312,3.5696,63840
20120531,3.5596,3.6076,3.4445,3.5212,156627
20120601,3.4615,3.5865,3.4519,3.4904,105842
20120604,3.51,3.5966,3.1542,3.26,203930
20120605,3.2141,3.3388,3.2141,3.3292,79744
20120606,3.3488,3.3776,3.2432,3.3008,62135
20120607,3.3662,3.3662,2.9911,3.0104,291972
20120608,3.0444,3.15,3.0155,3.15,58555
20120611,3.1747,3.2568,3.04,3.0496,126314
20120612,3.0244,3.1396,2.9956,3.1396,120965
20120613,3.108,3.108,3.0312,3.06,118973
20120614,3.062,3.1196,3.0044,3.11,94649
20120615,3.1028,3.2372,3.0451,3.1796,97451
20120618,3.1392,3.168,3.0048,3.1104,119392
20120619,3.1161,3.3181,3.0873,3.27,238916
20120620,3.226,3.3892,3.226,3.37,104807
20120621,3.378,3.3876,3.3108,3.3492,192415
20120622,3.3746,3.5573,3.3458,3.4996,1787589
20120625,3.4582,3.4582,3.0643,3.1508,169647
20120626,3.1792,3.1888,3.0351,3.16,76713
20120627,3.1772,3.1868,3.062,3.158,122778
20120628,3.0916,3.178,3.0724,3.13,90107
20120629,3.2137,3.2904,3.1657,3.2904,71822
20120702,3.3008,3.3968,3.2624,3.32,67958
20120703,3.3308,3.4172,3.2924,3.3404,18181
20120705,3.3105,3.5792,3.3105,3.56,107684
20120706,3.5081,3.5656,3.4023,3.4984,44007
20120709,3.4612,3.5285,3.3842,3.4804,48646
20120710,3.5148,3.5244,3.2844,3.3708,62997
20120711,3.362,3.5829,3.3235,3.4292,57686
20120712,3.3761,3.5685,3.328,3.5204,68608
20120713,3.5212,3.55,3.4253,3.55,16901
20120716,3.5528,3.5576,3.3608,3.3896,64554
20120717,3.3904,3.4384,3.2847,3.4288,36692
20120718,3.39,3.4092,3.3612,3.3708,12143
20120719,3.3688,3.3976,3.3112,3.34,37406
20120720,3.2912,3.3573,3.2624,3.32,29689
20120723,3.2781,3.3357,3.2204,3.23,29037
20120724,3.2256,3.2448,3.12,3.12,43821
20120725,3.168,3.216,3.12,3.12,64726
20120726,3.1951,3.1951,3.0512,3.08,84414
20120727,3.1124,3.17,3.0932,3.1604,54774
20120730,3.1772,3.2444,3.1004,3.1196,8984
20120731,3.1363,3.1651,3.05,3.0596,32153
20120801,3.0665,3.1242,2.98,2.9896,33580
20120802,2.9768,3.188,2.9768,3.1592,100842
20120803,3.2504,3.3465,3.2023,3.2792,80522
20120806,3.2315,3.27,3.2181,3.2508,27763
20120807,3.2692,3.3173,3.2115,3.25,37410
20120808,3.1896,3.2761,3.1704,3.18,109741
20120809,3.1812,3.2581,3.1523,3.2196,9445
20120810,3.2127,3.3089,3.2127,3.3089,11792
20120813,3.3281,3.3476,3.25,3.2695,64359
20120814,3.2595,3.3278,3.2205,3.2205,40570
20120815,3.1898,3.258,3.0727,3.1702,77909
20120816,3.1382,3.1772,3.0213,3.0895,76408
20120817,3.0465,3.0952,2.9395,2.9395,114179
20120820,2.9216,3.0287,2.9055,2.98,42961
20120821,2.9705,3.0874,2.9316,3.0095,63009
20120822,3.0276,3.0276,2.9497,2.9497,39898
20120823,2.9318,3.0487,2.9221,3.0097,36290
20120824,2.9792,3.0571,2.95,2.9597,28836
20120827,2.9795,3.0184,2.9503,2.9697,29477
20120828,2.9508,3.0579,2.9508,2.9995,40761
20120829,2.9905,3.0587,2.9808,3.01,37203
20120830,2.982,3.06,2.9723,3.0503,21543
20120831,3.0974,3.1071,2.9805,2.9805,56574
20120904,3.0084,3.0084,2.9305,2.9597,67917
20120905,2.9603,2.9797,2.9505,2.97,36830
20120906,2.9728,3.1092,2.9533,3.1092,65347
20120907,3.082,3.1893,3.0527,3.1795,63461
20120910,3.1926,3.4074,3.1925,3.3098,216715
20120911,3.3271,3.3856,3.2198,3.2393,83070
20120912,3.2595,3.2702,3.2068,3.24,5779
20120913,3.2207,3.3866,3.1719,3.2695,66758
20120914,3.2908,3.3979,3.2372,3.3297,62737
20120917,3.3292,3.3389,3.2708,3.3195,14506
20120918,3.2234,3.4084,3.2137,3.35,57210
20120919,3.3131,3.5664,3.3131,3.4105,225900
20120920,3.3692,3.3887,3.2631,3.3108,48828
20120921,3.3016,3.3697,3.2431,3.36,70591
20120924,3.3093,3.3093,3.2214,3.2507,36657
20120925,3.2976,3.3171,3.1317,3.1902,42412
20120926,3.1675,3.1691,3.0895,3.109,36775
20120927,3.1154,3.1793,3.0866,3.1598,20783
20120928,3.1207,3.1793,3.1207,3.1402,9379
20121001,3.1767,3.1767,3.0403,3.0597,52512
20121002,3.0795,3.1087,3.021,3.0503,17914
20121003,3.0692,3.0692,3.0108,3.04,36598
20121004,3.079,3.079,2.9718,3.04,76225
20121005,3.0789,3.1179,2.9913,3.0254,27884
20121008,2.99,3.0387,2.9803,2.99,39862
20121009,2.9913,3.04,2.9523,3.0205,129820
20121010,2.9805,3.0487,2.961,3,108338
20121011,3.0025,3.1092,2.9728,3.0605,100124
20121012,3.0527,3.1893,3.0332,3.1698,63526
20121015,3.1998,3.2193,3.0729,3.1998,50946
20121016,3.2195,3.239,3.1707,3.2,53044
20121017,3.2012,3.2695,3.1719,3.25,37662
20121018,3.2513,3.3681,3.2513,3.3195,100266
20121019,3.2613,3.31,3.2078,3.3003,36234
20121022,3.2711,3.4074,3.2711,3.3197,45585
20121023,3.3113,3.3795,3.2237,3.3795,144883
20121024,3.3813,3.4592,3.3423,3.43,56074
20121025,3.4274,3.4274,3.3115,3.33,57441
20121026,3.3608,3.39,3.3121,3.3803,29365
20121031,3.3492,3.4076,3.2908,3.3297,41274
20121101,3.3005,3.3395,3.2616,3.3103,59435
20121102,3.2911,3.3592,3.2911,3.3105,26337
20121105,3.3392,3.3489,3.2613,3.3197,43904
20121106,3.32,3.3492,3.2713,3.3492,80984
20121107,3.2993,3.3286,3.2114,3.27,71910
20121108,3.2419,3.31,3.1834,3.2905,137242
20121109,3.2712,3.32,3.1735,3.2809,99782
20121112,3.2996,3.3192,3.2213,3.2702,45215
20121113,3.2496,3.2887,3.2006,3.23,34229
20121114,3.2064,3.2064,2.9229,3.0598,215396
20121115,3.0084,3.0377,2.7837,2.9107,223163
20121116,2.9083,2.9083,2.8006,2.83,140235
20121119,2.8592,2.869,2.7808,2.82,173553
20121120,2.8381,2.8381,2.7304,2.7696,172061
20121121,2.7519,2.8204,2.7029,2.8204,94524
20121123,2.8139,2.9898,2.726,2.98,27429
20121126,2.9488,3.0074,2.8902,2.9098,78455
20121127,2.9298,2.9591,2.8419,2.92,49179
20121128,2.9,2.9293,2.8316,2.9195,54994
20121129,2.8721,2.9795,2.8135,2.96,120531
20121130,2.9377,2.9377,2.7908,2.8104,424103
20121203,2.81,2.8687,2.7806,2.81,69094
20121204,2.8004,2.9081,2.7612,2.82,41398
20121205,2.7696,2.8479,2.75,2.7696,56079
20121206,2.7494,2.8081,2.6906,2.72,58927
20121207,2.7398,2.7496,2.6909,2.73,101309
20121210,2.6896,2.7385,2.6602,2.67,122915
20121211,2.6806,2.7491,2.6415,2.71,69904
20121212,2.7127,2.8792,2.7127,2.84,114810
20121213,2.8128,2.9416,2.8124,2.9398,166920
20121214,2.8145,3.0295,2.8145,3.01,90951
20121217,2.9711,3.02,2.9223,3.02,86297
20121218,3.0018,3.08,2.9724,3.08,65285
20121219,3.0691,3.0691,3.0149,3.03,71377
20121220,3.0398,3.0495,2.9714,3.03,44007
20121221,3.0216,3.1193,2.9741,3.09,152420
20121224,3.0798,3.1287,2.982,3.0407,218997
20121226,3.0479,3.0499,2.8721,2.9307,27500
20121227,2.9378,2.9476,2.8207,2.8402,63337
20121228,2.8795,2.8893,2.7819,2.8795,170710
20121231,2.8612,2.9295,2.8514,2.9002,75722
20130102,3.0009,3.0693,2.9041,3.04,41459
20130103,3.0322,3.13,2.9833,3.1202,40212
20130104,3.1315,3.2489,3.0827,3.2,132312
20130107,3.1898,3.3561,3.1898,3.1996,220717
20130108,3.2111,3.4264,3.1817,3.26,79034
20130109,3.2896,3.3611,3.2504,3.2504,75396
20130110,3.3009,3.3888,3.2228,3.34,139850
20130111,3.3098,3.3391,3.2512,3.3,20249
20130114,3.2885,3.2885,3.1417,3.22,48876
20130115,3.1806,3.2677,3.1219,3.21,30507
20130116,3.2013,3.3579,3.0936,3.2698,63925
20130117,3.3,3.3391,3.2024,3.2902,95981
20130118,3.3209,3.36,3.2623,3.3307,11575
20130122,3.3591,3.3884,3.32,3.3395,60913
20130123,3.3321,3.4591,3.3076,3.42,98100
20130124,3.4066,3.4066,3.2304,3.2402,138140
20130125,3.4176,3.4665,3.2419,3.2907,72474
20130128,3.3185,3.3185,3.2402,3.25,27772
20130129,3.2591,3.265,3.1809,3.2298,25415
20130130,3.4262,3.4262,3.2011,3.2696,33639
20130131,3.2285,3.3263,3.1307,3.1893,53915
20130201,3.1419,3.2692,3.1419,3.23,38794
20130204,3.1973,3.1973,3.08,3.0898,50955
20130205,3.0804,3.1191,3.0413,3.0804,62177
20130206,3.0998,3.0998,3.002,3.0704,31353
20130207,3.0507,3.1387,2.992,3.08,63107
20130208,3.1089,3.148,3.0111,3.06,29049
20130211,3.0298,3.0298,2.9516,3.02,23785
20130212,3.0228,3.15,3.0228,3.15,25983
20130213,3.1521,3.3283,3.1521,3.2696,44245
20130214,3.27,3.3092,3.2308,3.2602,36396
20130215,3.2998,3.3781,3.241,3.29,64188
20130219,3.3136,3.47,3.3136,3.47,178966
20130220,3.4386,3.4582,3.3312,3.3605,65114
20130221,3.2916,3.3991,3.233,3.36,104979
20130222,3.3511,3.4684,3.2828,3.3902,67561
20130225,3.3995,3.4288,3.3702,3.38,49651
20130226,3.3702,3.4093,3.253,3.4093,68272
20130227,3.382,3.47,3.3234,3.4602,100365
20130228,3.463,3.7467,3.463,3.5902,157046
20130301,3.5923,3.7,3.5728,3.7,105812
20130304,3.6548,3.9064,3.6548,3.8502,160824
20130305,3.9194,4.0174,3.8018,3.8802,59120
20130306,3.8879,3.9173,3.6725,3.8194,38122
20130307,3.7696,3.8381,3.6717,3.75,47410
20130308,3.801,3.85,3.7814,3.85,140533
20130311,3.8614,3.9888,3.8614,3.9202,71035
20130312,3.9484,3.968,3.8014,3.87,38634
20130313,3.84,3.8596,3.7616,3.8204,81363
20130314,3.86,3.8992,3.8208,3.8404,65907
20130315,3.8239,3.8592,3.7025,3.82,177797
20130318,3.771,3.9082,3.7318,3.8396,32317
20130319,3.8298,3.8494,3.748,3.8298,37886
20130320,3.8708,3.9198,3.8218,3.91,32523
20130321,3.8725,4.1176,3.8725,4,133474
20130322,4.0338,4.2883,4.0338,4.1904,313756
20130325,4.2092,4.2289,4.1317,4.17,172797
20130326,4.1567,4.1662,3.9606,3.9802,32004
20130327,3.9298,3.9298,3.8612,3.9053,139869
20130328,3.9316,4.0295,3.9262,4.0002,101273
20130401,3.9647,3.9648,3.5829,3.7004,82854
20130402,3.6906,3.7396,3.6906,3.7102,30705
20130403,3.6883,3.6883,3.551,3.6,42381
20130404,3.5257,3.5257,3.3102,3.32,116714
20130405,3.3824,3.5294,3.3824,3.4902,128046
20130408,3.4986,3.4986,3.381,3.43,57244
20130409,3.4714,3.6576,3.4419,3.5204,98375
20130410,3.551,3.6196,3.5313,3.6196,52977
20130411,3.5809,3.68,3.5809,3.6506,33560
20130412,3.6587,3.6587,3.5508,3.59,22709
20130415,3.5388,3.5388,3.48,3.4996,34577
20130416,3.5592,3.6279,3.4808,3.52,127983
20130417,3.508,3.508,3.285,3.3904,54802
20130418,3.3368,3.3368,3.0424,3.2093,194884
20130419,3.1702,3.18,3.1015,3.1702,30019
20130422,3.1915,3.2502,3.1523,3.2404,32416
20130423,3.319,3.3875,3.1819,3.3092,158977
20130424,3.3501,3.3501,3.2816,3.3306,23167
20130425,3.3581,3.4266,3.2308,3.2994,148752
20130426,3.2608,3.3783,3.2315,3.2412,39390
20130429,3.2912,3.4773,3.2227,3.35,32839
20130430,3.3412,3.4882,3.3412,3.4098,22964
20130501,3.3861,3.4843,3.1996,3.2291,38817
20130502,3.1611,3.2495,3.112,3.22,73731
20130503,3.2724,3.5272,3.1842,3.3802,168903
20130506,3.3706,3.4392,3.253,3.3902,76100
20130507,3.4392,3.4882,3.3314,3.3902,72865
20130508,3.3698,3.4452,3.1935,3.3796,93826
20130509,3.4022,3.5988,3.353,3.5398,412498
20130510,3.5581,3.6073,3.4107,3.4893,37905
20130513,3.4697,3.6171,3.4205,3.4402,493112
20130514,3.4905,3.6173,3.4315,3.52,78796
20130515,3.5213,3.6197,3.4525,3.6,53700
20130516,3.523,3.8901,3.4935,3.71,156575
20130517,3.7511,3.8296,3.6823,3.81,82891
20130520,3.7921,3.966,3.7921,3.8904,91153
20130521,3.9014,4.0291,3.9014,3.9702,132165
20130522,3.6393,3.659,3.4426,3.6,1861171
20130523,3.6702,3.6898,3.5422,3.6898,182951
20130524,3.5841,3.8493,3.5841,3.81,156390
20130528,3.8402,3.8952,3.7616,3.85,83613
20130529,3.8466,3.8466,3.6105,3.6498,323008
20130530,3.6397,3.6397,3.62,3.6249,81914
20130531,3.5998,3.6392,3.59,3.6097,109295
20130603,3.5997,3.5997,3.5505,3.5702,105674
20130604,3.56,3.6141,3.56,3.5797,173542
20130605,3.549,3.549,3.4408,3.4802,333906
20130606,3.4898,3.4898,3.4407,3.4603,42767
20130607,3.4798,3.4798,3.3914,3.4602,116576
20130610,3.4502,3.4993,3.4158,3.4403,37285
20130611,3.4402,3.4697,3.4009,3.4598,73627
20130612,3.489,3.5675,3.4398,3.4398,134806
20130613,3.4031,3.5998,3.4031,3.5703,182711
20130614,3.551,3.6395,3.5411,3.6198,78741
20130617,3.6582,3.6582,3.55,3.5598,60446
20130618,3.5511,3.6495,3.5347,3.6397,57850
20130619,3.6287,3.6385,3.55,3.5795,49422
20130620,3.5281,3.5281,3.3807,3.42,152845
20130621,3.4014,3.5095,3.3522,3.4898,43317
20130624,3.4093,3.4093,3.3503,3.37,109035
20130625,3.3995,3.429,3.3503,3.3503,55255
20130626,3.3914,3.47,3.352,3.4602,77002
20130627,3.4518,3.6387,3.4421,3.5698,77368
20130628,3.591,3.6402,3.5319,3.6402,864108
20130701,3.7285,3.8072,3.6105,3.64,110809
20130702,3.6382,3.6578,3.4317,3.53,155133
20130703,3.54,3.6088,3.54,3.5695,46687
20130705,3.6102,3.6102,3.561,3.5905,18462
20130708,3.6011,3.6798,3.5716,3.6503,297610
20130709,3.74,3.7892,3.6711,3.7203,136548
20130710,3.7392,3.7687,3.6703,3.69,52336
20130711,3.7876,3.7876,3.6203,3.6498,46963
20130712,3.6622,3.719,3.6403,3.66,332317
20130715,3.6606,3.7197,3.6311,3.6803,176806
20130716,3.7097,3.7099,3.6014,3.6998,49653
20130717,3.6997,3.7292,3.6406,3.6997,32114
20130718,3.7106,3.7795,3.7106,3.7451,121901
20130719,3.8576,3.8576,3.711,3.7198,111039
20130722,3.7006,3.7597,3.7006,3.7498,50647
20130723,3.74,3.8581,3.6642,3.74,196033
20130724,3.7609,3.918,3.7609,3.8247,156973
20130725,3.8011,3.8796,3.7127,3.8698,100791
20130726,3.8419,3.9795,3.8419,3.9697,115448
20130729,3.9691,4.0084,3.9102,3.92,91937
20130730,3.9173,3.937,3.7205,3.7303,187886
20130731,3.7197,3.7886,3.7,3.7098,83210
20130801,3.9662,4.0351,3.73,3.73,161648
20130802,3.7302,3.8089,3.7105,3.74,96851
20130805,3.7309,3.8291,3.7309,3.7996,105419
20130806,3.7924,4.0184,3.7649,3.93,130560
20130807,3.9288,4.027,3.8502,3.8698,123041
20130808,3.9396,3.9396,3.7825,3.92,90230
20130809,3.9286,3.9875,3.8009,3.85,81718
20130812,3.7804,3.8786,3.6331,3.7607,83204
20130813,3.77,3.8881,3.7503,3.7798,77648
20130814,3.8686,3.9867,3.652,3.78,431131
20130815,3.7754,4.2289,3.7754,4.1401,441652
20130816,4.1615,4.4376,4.1615,4.2799,388041
20130819,4.3092,4.4078,4.1218,4.2401,228209
20130820,4.2708,4.3892,4.2412,4.33,128078
20130821,4.3608,4.5384,4.3115,4.42,299934
20130822,4.4524,4.6297,4.4425,4.6001,133108
20130823,4.6601,4.7094,4.6109,4.67,262744
20130826,4.7113,4.9676,4.672,4.8099,359239
20130827,4.8178,4.8178,4.6306,4.6601,285894
20130828,4.6585,4.7176,4.56,4.5698,123343
20130829,4.5492,4.6182,4.4212,4.5,88304
20130830,4.4885,4.528,4.3405,4.3701,152284
20130903,4.4095,4.4282,4.3009,4.3503,135625
20130904,4.5325,4.8577,4.4931,4.7,1532471
20130905,4.756,5.1695,4.7461,5.1498,630988
20130906,5.5346,5.6234,5.0808,5.1203,1003581
20130909,5.2534,5.5087,5.2534,5.4999,1033634
20130910,5.5483,5.6222,5.2033,5.4201,954861
20130911,5.4209,5.5588,5.2533,5.4899,691096
20130912,5.4457,5.5246,5.0709,5.1201,433103
20130913,5.1288,5.1682,4.9907,5.0301,419096
20130916,5.0786,5.1674,4.9307,4.98,625508
20130917,4.9816,5.1395,4.9126,5.0803,1144458
20130918,5.1875,5.2467,5.0001,5.01,737972
20130919,5.1779,5.2766,5.0103,5.0399,792426
20130920,4.5633,4.8294,4.5337,4.79,8699498
20130923,4.7973,4.8564,4.5806,4.6299,766403
20130924,4.6936,5.0085,4.6526,4.9599,1276951
20130925,5.0033,5.417,5.0033,5.2298,2046357
20130926,5.2706,5.4578,5.0243,5.3001,1831760
20130927,5.2485,5.2682,5.0909,5.15,1079526
20130930,5.096,5.1256,4.8003,4.8101,999893
20131001,4.8431,5.2475,4.8431,5.07,1041685
20131002,5.0705,5.2234,5.0311,5.1149,791196
20131003,5.1608,5.2986,5.0229,5.21,1138433
20131004,5.3167,5.3167,5.08,5.08,906654
20131007,5.08,5.218,4.9715,5.08,587295
20131008,5.1152,5.1251,4.652,4.7801,1104762
20131009,4.8766,4.9061,4.5515,4.6401,1374915
20131010,4.7541,5.1092,4.7541,5.0401,957254
20131011,5.0382,5.0579,4.841,4.9001,450284
20131014,4.8504,4.9184,4.7814,4.8701,342303
20131015,4.8507,5.0577,4.8113,4.9,596967
20131016,4.9323,5.1493,4.9224,5.0901,791172
20131017,5.0611,5.3768,5.0413,5.1301,1381407
20131018,5.1702,5.2292,4.9338,5.1898,861546
20131021,5.2577,5.2873,5.0407,5.0801,655198
20131022,5.0892,5.1188,4.7933,5.0399,905361
20131023,4.9596,4.9793,4.8807,4.9497,546520
20131024,5.0872,5.1168,4.8604,4.89,628775
20131025,4.9668,4.9668,4.75,4.7598,709121
20131028,4.6302,4.748,4.4915,4.5802,1105039
20131029,4.5712,4.6796,4.4825,4.6599,600962
20131030,4.6373,4.7064,4.4005,4.4499,733852
20131031,4.4496,4.5877,4.3016,4.42,1537173
20131101,4.4554,4.8399,4.4554,4.83,762892
20131104,4.929,5.0473,4.722,4.8699,584733
20131105,4.9819,5.2285,4.972,5.12,1350505
20131106,5.1856,5.2053,4.742,4.8701,1154496
20131107,5.1127,5.1226,4.5512,4.6201,1141689
20131108,4.6197,4.7675,4.5507,4.6,692621
20131111,4.6443,4.9993,4.6443,4.95,653095
20131112,4.9187,5.0073,4.7906,4.8399,425085
20131113,4.604,4.8899,4.5744,4.8701,3696598
20131114,4.7311,4.9786,4.7014,4.8598,1159591
20131115,4.839,4.9379,4.74,4.7499,487330
20131118,4.788,4.788,4.5802,4.6,932104
20131119,4.7089,4.8227,4.5902,4.6199,675440
20131120,4.6203,4.7094,4.5807,4.6599,482303
20131121,4.887,4.887,4.61,4.6199,384635
20131122,4.6594,4.6791,4.5802,4.6099,493931
20131125,4.6205,4.7096,4.6166,4.67,228129
20131126,4.6595,4.699,4.6001,4.6199,250744
20131127,4.7694,4.8881,4.6803,4.7199,528843
20131129,4.8813,5.0694,4.8714,5.0001,850512
20131202,5.0681,5.1473,4.8701,4.8899,767919
20131203,4.8894,5.028,4.7508,4.8399,697886
20131204,4.802,5.0693,4.7921,5,908613
20131205,5.0637,5.4198,5.0637,5.4099,2603523
20131206,5.5275,5.5275,5.2408,5.3051,1014262
20131209,5.3491,5.4174,5.0816,5.25,931361
20131210,5.1904,5.3588,5.1508,5.2201,1077596
20131211,5.2226,5.46,5.094,5.4501,1100581
20131212,5.4198,5.5582,5.2912,5.4099,893220
20131213,5.3821,5.6888,5.3228,5.5701,2397987
20131216,5.5702,5.6889,5.4713,5.5999,900507
20131217,5.5665,5.5764,5.1315,5.2699,1502670
20131218,5.271,5.3996,5.1523,5.36,988795
20131219,5.3434,5.7392,5.3335,5.6501,1131992
20131220,5.6643,6.1297,5.6643,6.0901,2107574
20131223,6.1808,6.3588,6.0918,6.25,1650616
20131224,6.2891,6.4177,6.1902,6.2001,710468
20131226,6.233,6.5793,6.233,6.5001,1238191
20131227,6.7849,6.7849,6.231,6.3101,1659312
20131230,6.2885,6.3282,5.9712,6.14,1578845
20131231,6.0832,6.4789,6.0337,6.37,1226405
20140102,6.2117,6.37,5.9743,6.37,1414318
20140103,6.33,6.4279,6.1816,6.3201,1008305
20140106,6.3215,6.6084,6.2325,6.4699,1147870
20140107,6.4499,6.6675,6.4004,6.4598,880220
20140108,6.4312,6.6192,6.2531,6.54,1475192
20140109,6.6742,6.6841,6.0801,6.0999,1719859
20140110,5.8426,6.1496,5.8327,6.1348,1709670
20140113,6.1071,6.1566,5.7508,5.8399,1326192
20140114,5.8319,6.0695,5.7626,6.0101,956834
20140115,6.0016,6.2195,5.962,6.1799,1409411
20140116,6.2497,6.3545,6.1706,6.22,566643
20140117,6.1992,6.328,6.0309,6.1299,710434
20140121,6.2076,6.2076,5.9106,5.97,701725
20140122,5.9692,6.0385,5.8603,5.8999,940580
20140123,5.8385,5.8385,5.6307,5.6901,1106030
20140124,5.5859,5.5859,5.1451,5.16,2602107
20140127,5.1212,5.3689,5.0519,5.2599,1057577
20140128,5.112,5.3888,5.0626,5.2999,1004260
20140129,5.212,5.4246,5.0933,5.3999,512365
20140130,5.4389,5.478,5.3103,5.3499,741948
20140131,5.255,5.8191,5.1164,5.7399,1219957
20140203,5.6569,5.7657,5.3306,5.3899,526126
20140204,5.4512,5.6194,5.3938,5.5403,405047
20140205,5.5424,5.8294,5.483,5.77,863881
20140206,5.7722,6.3464,5.7623,5.9999,1577274
20140207,6.0498,6.0795,5.9607,6.03,699108
20140210,6.0289,6.0586,5.8309,5.9101,655446
20140211,5.9147,6.3697,5.9147,6.34,1526949
20140212,6.3408,6.4595,6.2319,6.4001,823983
20140213,6.3316,6.6086,6.3316,6.4701,725720
20140214,6.5192,6.5242,6.361,6.4599,513630
20140218,6.4585,6.4703,6.2359,6.3101,515471
20140219,6.3067,6.3265,5.98,5.98,452018
20140220,5.9719,6.2294,5.9719,6.1799,561166
20140221,6.2108,6.2998,6.1515,6.2899,322437
20140224,6.262,6.5192,6.2521,6.4599,699012
20140225,6.5286,6.5286,6.3505,6.3901,592548
20140226,6.4397,6.7265,6.3309,6.41,1067417
20140227,6.6762,6.6861,6.1124,6.3201,681048
20140228,6.394,6.8493,6.3742,6.7899,1471367
20140303,6.7013,6.9686,6.5429,6.8201,933458
20140304,6.9312,7.179,6.9015,7.05,1199313
20140305,7.143,7.5,7.104,7.46,1194304
20140306,7.699,7.888,7.421,7.54,1136648
20140307,7.589,7.589,7.39,7.44,978822
20140310,7.419,7.449,7.202,7.28,565871
20140311,7.249,7.427,7.05,7.06,821167
20140312,6.9002,6.9798,6.741,6.935,801534
20140313,7.009,7.078,6.7405,6.8101,711409
20140314,6.7392,6.8286,6.5901,6.5901,476373
20140317,6.6298,6.8584,6.4608,6.5901,529905
20140318,6.7107,6.83,6.6013,6.8101,490979
20140319,6.8094,7.0082,6.5947,6.71,521770
20140320,6.6989,6.7684,6.4604,6.5101,542858
20140321,6.6096,6.6096,6.3612,6.5401,510852
20140324,6.5784,6.6082,6.1223,6.3101,538977
20140325,6.3499,6.5089,6.2604,6.3201,474010
20140326,6.387,6.4367,5.9003,5.94,753310
20140327,5.9307,6.1691,5.8115,6.0301,405367
20140328,6.0405,6.2392,6.0206,6.1101,306047
20140331,6.2203,6.3495,6.1508,6.2601,292728
20140401,6.2706,6.5091,6.2159,6.36,522127
20140402,6.3597,6.4194,6.2803,6.315,299022
20140403,6.3382,6.4474,6.0103,6.0501,548017
20140404,6.122,7.0463,6.1195,6.4649,5286150
20140407,6.3689,6.4136,6.1304,6.2,1178774
20140408,6.1993,6.1993,5.9608,6.0999,1376637
20140409,6.1301,6.2394,6.1003,6.152,773939
20140410,6.179,6.2882,6.0101,6.035,838428
20140411,5.9805,6.1494,5.8514,6.06,672247
20140414,6.1689,6.2087,5.9504,6.01,759872
20140415,5.9907,6.1546,5.8913,6.09,891435
20140416,6.1208,6.2599,6.1208,6.2499,410848
20140417,6.2806,6.4098,6.2111,6.3701,408998
20140421,6.3802,6.4995,6.3405,6.4299,280975
20140422,6.4002,6.4996,6.3506,6.4499,559608
20140423,6.4394,6.499,6.2406,6.3301,349478
20140424,6.3498,6.4889,6.1809,6.32,956941
20140425,6.2603,6.3597,6.1808,6.3199,423090
20140428,6.2981,6.3573,5.8511,6.0199,1002258
20140429,6.0089,6.0188,5.7904,5.8599,1262214
20140430,5.8606,5.9897,5.6719,5.95,1845943
20140501,5.9412,6.1896,5.8717,6.1399,685822
20140502,6.1611,6.4394,6.1512,6.3499,710689
20140505,6.319,6.3587,6.1401,6.1679,443889
20140506,6.1289,6.2382,5.9501,5.97,449443
20140507,5.9689,6.0086,5.6312,5.8299,888809
20140508,5.8105,5.9099,5.5225,5.9099,1289932
20140509,5.8511,6.0498,5.7518,6.0299,701786
20140512,6.0808,6.2397,6.051,6.1901,412257
20140513,6.1801,6.2397,6.1403,6.19,121436
20140514,6.2199,6.3094,6.1504,6.21,219097
20140515,6.18,6.2098,6.0012,6.1899,366184
20140516,6.1706,6.3099,6.1407,6.3,302990
20140519,6.2906,6.5195,6.2906,6.415,391362
20140520,6.4097,6.4943,6.3102,6.34,517401
20140521,6.3406,6.5596,6.3406,6.4601,596933
20140522,6.5005,6.6598,6.5005,6.61,391951
20140523,6.6009,6.8896,6.6009,6.8,349018
20140527,6.8001,6.9893,6.8001,6.82,329373
20140528,6.9186,6.9186,6.62,6.63,416048
20140529,6.6792,6.7439,6.5,6.5,417662
20140530,6.599,6.6288,6.2904,6.38,519439
20140602,6.4291,6.4291,6.1703,6.245,454321
20140603,6.2498,6.2498,6.0408,6.21,948142
20140604,6.1709,6.3899,6.1212,6.37,384269
20140605,6.3304,6.4598,6.3005,6.3901,618251
20140606,6.4195,6.4195,6.2603,6.33,289429
20140609,6.3301,6.4595,6.2704,6.34,368823
20140610,6.3711,6.61,6.3213,6.61,361528
20140611,6.45,6.5196,6.2708,6.435,637194
20140612,6.4093,6.4192,6.1306,6.26,555895
20140613,6.2599,6.3395,6.1604,6.23,466185
20140616,6.2814,6.6099,6.2615,6.59,565071
20140617,6.59,6.6199,6.4507,6.595,505577
20140618,6.57,6.6098,6.4505,6.58,366631
20140619,6.6002,6.6798,6.5504,6.63,293912
20140620,6.5706,6.7996,6.5308,6.72,515707
20140623,6.7092,6.7291,6.4603,6.53,661567
20140624,6.4977,6.5375,5.9803,6.03,935307
20140625,6.0005,6.1598,5.9607,6.11,833092
20140626,6.1098,6.1397,5.9307,6.06,530472
20140627,6.0486,6.1083,5.78,5.8397,4728189
20140630,5.7908,5.9599,5.7212,5.95,1526229
20140701,6.001,6.2697,6.001,6.21,1323459
20140702,6.1887,6.2086,5.8903,5.9499,825493
20140703,5.9398,5.9696,5.8304,5.9,392553
20140707,5.8985,5.8985,5.5404,5.62,1322960
20140708,5.599,5.599,5.2907,5.4299,856585
20140709,5.4394,5.4792,5.2703,5.3399,440666
20140710,5.241,5.4299,5.1117,5.42,683610
20140711,5.4199,5.4398,5.2907,5.41,715243
20140714,5.449,5.449,5.27,5.2799,327726
20140715,5.2893,5.2893,5.1004,5.17,483626
20140716,5.191,5.3998,5.1612,5.3601,749508
20140717,5.3195,5.3643,5.2301,5.2301,445920
20140718,5.231,5.4597,5.231,5.405,290478
20140721,5.4199,5.5592,5.3802,5.415,393049
20140722,5.4606,5.6894,5.4606,5.58,497665
20140723,5.5697,5.6095,5.4006,5.52,472325
20140724,5.5098,5.649,5.4601,5.4601,423354
20140725,5.4193,5.469,5.2801,5.2999,320563
20140728,5.2799,5.3793,5.2103,5.2699,303387
20140729,5.2798,5.3195,5.1505,5.2499,259180
20140730,5.2698,5.3096,5.1505,5.24,324069
20140731,4.9604,5.2891,4.3927,5.06,548033
20140801,5.0598,5.0997,4.9204,5.02,575949
20140804,5.0302,5.1249,4.9306,5.1,431443
20140805,5.05,5.0799,4.9504,5.05,401234
20140806,5.0407,5.1998,5.0308,5.1699,153581
20140807,5.1795,5.1795,4.9604,5.055,334663
20140808,5.0402,5.1027,4.9804,5.075,311001
20140811,5.1117,5.4498,5.0719,5.4001,468609
20140812,5.3607,5.56,5.291,5.56,495567
20140813,5.5604,5.7098,5.4956,5.65,307315
20140814,5.6407,5.9198,5.6407,5.84,316198
20140815,5.9197,5.9795,5.6904,5.82,220595
20140818,5.8502,5.9977,5.8104,5.91,293780
20140819,5.8998,5.9696,5.7852,5.84,305029
20140820,5.8198,5.9095,5.6703,5.75,321745
20140821,5.7906,5.99,5.7807,5.97,502579
20140822,5.9497,6.0494,5.8201,5.855,425098
20140825,5.8797,5.9793,5.7401,5.79,275911
20140826,5.8399,5.8399,5.7103,5.81,203022
20140827,5.8197,5.8197,5.6702,5.71,267929
20140828,5.6805,5.9695,5.6307,5.83,374846
20140829,5.8201,5.8699,5.7204,5.86,161586
20140902,5.8796,5.8796,5.7202,5.77,287684
20140903,5.8192,5.9687,5.4429,5.6061,694152
20140904,5.6295,5.779,5.4701,5.51,571472
20140905,5.4708,5.7399,5.4708,5.71,325622
20140908,5.7108,5.9699,5.6809,5.95,326984
20140909,5.9595,5.9595,5.7901,5.82,301026
20140910,5.8305,6.0697,5.7507,5.965,542372
20140911,5.9397,5.9696,5.8152,5.86,222089
20140912,5.8591,5.8591,5.5502,5.61,358881
20140915,5.5995,5.6194,5.3553,5.46,328259
20140916,5.4301,5.5895,5.3902,5.45,215991
20140917,5.4399,5.5395,5.39,5.4,183817
20140918,5.3802,5.5297,5.3603,5.45,319689
20140919,5.449,5.5287,5.0705,5.19,595141
20140922,5.1289,5.1888,4.5901,4.645,1191921
20140923,4.6297,4.7095,4.4301,4.48,916880
20140924,4.4897,4.5496,4.35,4.36,600259
20140925,4.3596,4.3596,4.1202,4.21,811349
20140926,4.21,4.3497,4.1901,4.23,539509
20140929,4.1502,4.3298,4.1502,4.24,467367
20140930,4.2298,4.3195,4.11,4.13,402297
20141001,4.1393,4.1891,3.7503,3.87,1310588
20141002,3.8498,3.9197,3.5905,3.79,2069822
20141003,3.8401,3.9897,3.7403,3.87,849186
20141006,3.8692,3.9889,3.5401,3.59,1256559
20141007,3.4995,3.5992,3.34,3.35,1358901
20141008,3.3902,3.465,3.2456,3.46,838213
20141009,3.3994,3.4293,3.2001,3.22,965496
20141010,3.2398,3.2697,3.0903,3.175,822930
20141013,3.1693,3.2291,2.96,2.96,704784
20141014,2.991,3.9581,2.9412,3.33,2904404
20141015,3.1311,3.51,2.9915,3.5,2999399
20141016,3.5196,3.6592,3.3302,3.4,1185994
20141017,3.5197,3.6394,3.3801,3.43,752269
20141020,3.4002,3.6495,3.4002,3.4701,622310
20141021,3.7407,4.1796,3.6509,4.03,1576209
20141022,4.0888,4.2883,3.6401,3.66,1620312
20141023,3.7201,3.8697,3.6702,3.76,517993
20141024,3.78,3.79,3.6104,3.785,684900
20141027,3.8991,3.8991,3.5501,3.57,994788
20141028,3.7504,4.0497,3.6109,3.9001,1120301
20141029,3.8702,4.0896,3.7505,3.94,1088541
20141030,3.8998,3.9397,3.7652,3.85,549400
20141031,3.9395,3.9594,3.7001,3.74,627255
20141103,3.7705,4.0797,3.7605,3.95,1500674
20141104,3.8702,4.0198,3.6707,3.94,1235841
20141105,3.8592,3.909,3.4204,3.56,2146941
20141106,3.4899,3.5198,3.2406,3.44,1102354
20141107,3.4295,3.4594,3.2202,3.27,1740772
20141110,3.2899,3.3697,3.2401,3.2401,898265
20141111,3.23,3.2948,3.2001,3.24,372722
20141112,3.2303,3.3499,3.2004,3.3101,360235
20141113,3.3394,3.3693,3.14,3.16,674287
20141114,3.1608,3.44,3.1408,3.43,687062
20141117,3.4197,3.4496,3.2901,3.33,858560
20141118,3.35,3.4683,3.27,3.28,504579
20141119,3.3,3.31,3.19,3.23,680116
20141120,3.22,3.49,3.22,3.49,595646
20141121,3.51,3.745,3.48,3.66,1092023
20141124,3.66,3.72,3.56,3.67,471797
20141125,3.68,3.725,3.435,3.44,387185
20141126,3.45,3.48,3.35,3.47,343290
20141128,3.42,3.44,3,3.14,1018500
20141201,3.11,3.12,2.72,2.8199,1513586
20141202,2.85,2.88,2.69,2.77,1438274
20141203,2.75,2.84,2.7,2.76,1228888
20141204,2.75,2.88,2.7,2.82,496831
20141205,2.82,2.97,2.82,2.87,526413
20141208,2.85,2.865,2.45,2.49,897287
20141209,2.44,2.627,2.4201,2.605,641762
20141210,2.58,2.6,2.4349,2.44,742012
20141211,2.46,2.555,2.42,2.51,762716
20141212,2.46,2.55,2.44,2.51,860565
20141215,2.53,2.6,2.41,2.435,500178
20141216,2.43,2.51,2.34,2.37,585910
20141217,2.38,2.55,2.3,2.53,994277
20141218,2.58,2.597,2.4,2.48,762618
20141219,2.48,2.54,2.39,2.525,667626
20141222,2.52,2.635,2.44,2.56,711970
20141223,2.59,2.62,2.5,2.58,478932
20141224,2.56,2.62,2.43,2.47,303331
20141226,2.48,2.55,2.44,2.45,215531
20141229,2.44,2.515,2.43,2.43,345971
20141230,2.44,2.44,2.32,2.39,650409
20141231,2.4,2.52,2.33,2.52,656317
20150102,2.54,2.55,2.38,2.39,467843
20150105,2.36,2.4,2.26,2.29,460472
20150106,2.38,2.38,2.11,2.25,658764
20150107,2.12,2.21,1.93,2.125,1260695
20150108,2.16,2.37,2.09,2.36,1289984
20150109,2.34,2.35,2.03,2.11,1209932
20150112,2.14,2.16,2.03,2.07,410724
20150113,2.11,2.16,1.92,1.96,759220
20150114,1.91,1.99,1.88,1.95,697939
20150115,1.97,1.99,1.75,1.795,530286
20150116,1.77,1.86,1.74,1.745,419797
20150120,1.76,1.91,1.68,1.76,3895046
20150121,1.74,1.805,1.71,1.78,347589
20150122,1.79,1.8084,1.73,1.74,951196
20150123,1.77,1.78,1.7,1.765,297764
20150126,1.76,1.76,1.7,1.7,285312
20150127,1.75,1.75,1.62,1.67,586009
20150128,1.69,1.7,1.49,1.5,1120786
20150129,1.49,1.56,1.45,1.51,832225
20150130,1.48,1.679,1.48,1.63,1048795
20150202,1.61,1.67,1.56,1.6,543719
20150203,1.6,1.71,1.58,1.7,4028754
20150204,1.7,1.73,1.62,1.6999,955066
20150205,1.7,1.84,1.68,1.83,1130578
20150206,1.83,1.83,1.75,1.79,897398
20150209,1.79,1.82,1.75,1.75,542952
20150210,1.78,1.78,1.63,1.69,676245
20150211,1.67,1.73,1.66,1.665,283941
20150212,1.68,1.71,1.64,1.65,1382456
20150213,1.66,1.77,1.66,1.75,572357
20150217,1.76,1.8,1.69,1.7,448751
20150218,1.68,1.75,1.62,1.64,417509
20150219,1.64,1.7,1.62,1.65,485370
20150220,1.7,1.72,1.63,1.7,669385
20150223,1.7,1.7,1.61,1.61,260002
20150224,1.62,1.82,1.61,1.71,941245
20150225,1.67,1.8,1.66,1.77,688548
20150226,1.77,1.88,1.77,1.84,569752
20150227,1.84,1.86,1.75,1.81,471884
20150302,1.78,1.82,1.73,1.75,350724
20150303,1.58,1.73,1.55,1.68,634284
20150304,1.65,1.7,1.62,1.63,322944
20150305,1.62,1.65,1.55,1.56,385963
20150306,1.54,1.58,1.48,1.53,475267
20150309,1.52,1.55,1.43,1.44,374973
20150310,1.43,1.43,1.28,1.32,721533
20150311,1.33,1.44,1.3001,1.38,577944
20150312,1.4,1.48,1.38,1.44,382375
20150313,1.44,1.46,1.38,1.45,315112
20150316,1.45,1.47,1.35,1.36,417745
20150317,1.35,1.36,1.27,1.32,417576
20150318,1.31,1.32,1.21,1.28,547382
20150319,1.27,1.39,1.24,1.24,880651
20150320,1.27,1.39,1.27,1.38,611780
20150323,1.4,1.518,1.4,1.45,440063
20150324,1.45,1.52,1.43,1.495,205993
20150325,1.49,1.52,1.43,1.45,175744
20150326,1.45,1.5,1.42,1.46,97851
20150327,1.46,1.5,1.45,1.47,178770
20150330,1.49,1.54,1.47,1.51,91188
20150331,1.48,1.555,1.43,1.485,309757
20150401,1.48,1.65,1.47,1.505,203607
20150402,1.49,1.57,1.49,1.5,225198
20150406,1.5,1.63,1.5,1.59,333539
20150407,1.59,1.68,1.57,1.62,243678
20150408,1.68,1.7,1.34,1.35,5009473
20150409,1.38,1.45,1.36,1.39,2637663
20150410,1.4,1.48,1.39,1.41,2140741
20150413,1.41,1.415,1.38,1.39,926064
20150414,1.4,1.44,1.32,1.36,1556995
20150415,1.36,1.4,1.34,1.38,777384
20150416,1.38,1.44,1.3601,1.44,513112
20150417,1.42,1.57,1.41,1.5,1049578
20150420,1.56,1.56,1.47,1.52,672944
20150421,1.53,1.54,1.5,1.53,364107
20150422,1.58,1.645,1.52,1.6,1651827
20150423,1.62,1.71,1.58,1.65,794777
20150424,1.64,1.68,1.57,1.61,428522
20150427,1.61,1.63,1.55,1.61,534994
20150428,1.62,1.64,1.49,1.52,751237
20150429,1.49,1.5,1.42,1.44,183163
20150430,1.42,1.44,1.36,1.43,638445
20150501,1.42,1.45,1.38,1.42,408696
20150504,1.44,1.44,1.41,1.44,266457
20150505,1.42,1.43,1.39,1.42,414568
20150506,1.4,1.42,1.4,1.41,405380
20150507,1.42,1.42,1.38,1.39,493322
20150508,1.41,1.44,1.38,1.42,501760
20150511,1.42,1.43,1.4,1.42,161097
20150512,1.42,1.46,1.39,1.45,301303
20150513,1.47,1.48,1.4351,1.45,151390
20150514,1.45,1.52,1.45,1.52,346401
20150515,1.52,1.52,1.47,1.495,172562
20150518,1.51,1.53,1.45,1.47,115192
20150519,1.45,1.49,1.42,1.44,299959
20150520,1.44,1.47,1.38,1.46,242632
20150521,1.46,1.51,1.45,1.495,376761
20150522,1.5,1.56,1.49,1.5,521629
20150526,1.5,1.55,1.47,1.54,598219
20150527,1.56,1.57,1.52,1.55,342596
20150528,1.56,1.56,1.5,1.51,132665
20150529,1.5,1.54,1.49,1.51,118927
20150601,1.54,1.54,1.5,1.51,157820
20150602,1.5,1.55,1.5,1.52,181083
20150603,1.53,1.56,1.5201,1.56,218226
20150604,1.54,1.56,1.48,1.49,219120
20150605,1.51,1.51,1.45,1.48,298380
20150608,1.5,1.53,1.46,1.485,110985
20150609,1.48,1.51,1.47,1.5,244537
20150610,1.52,1.52,1.47,1.5,315358
20150611,1.49,1.53,1.45,1.5,197432
20150612,1.5,1.55,1.49,1.54,234237
20150615,1.54,1.55,1.52,1.54,106842
20150616,1.52,1.56,1.515,1.53,193103
20150617,1.55,1.64,1.5,1.51,210923
20150618,1.52,1.58,1.5,1.55,208522
20150619,1.57,1.58,1.53,1.55,247642
20150622,1.56,1.57,1.5,1.56,1071396
20150623,1.55,1.59,1.55,1.58,353532
20150624,1.57,1.65,1.57,1.61,372890
20150625,1.62,1.64,1.6,1.64,644441
20150626,1.64,1.64,1.51,1.57,3942266
20150629,1.54,1.59,1.54,1.575,206984
20150630,1.59,1.595,1.57,1.58,461557
20150701,1.6,1.64,1.59,1.61,298065
20150702,1.61,1.61,1.57,1.59,293219
20150706,1.6,1.6,1.57,1.6,214721
20150707,1.61,1.61,1.5,1.52,226939
20150708,1.52,1.53,1.5,1.5,126077
20150709,1.52,1.53,1.36,1.46,942139
20150710,1.49,1.53,1.4,1.51,281792
20150713,1.52,1.58,1.5,1.51,218100
20150714,1.54,1.54,1.47,1.51,258491
20150715,1.48,1.65,1.48,1.495,397971
20150716,1.52,1.57,1.51,1.55,74835
20150717,1.59,1.65,1.51,1.58,1165501
20210701,25.695,25.72,25.695,25.72,124520
20210702,25.72,25.938,25.7117,25.72,10347
20210706,25.72,25.73,25.685,25.73,13975
20210707,25.7292,25.73,25.71,25.7125,9682
20210708,25.7,25.71,25.67,25.7,12040
20210709,25.71,25.74,25.71,25.73,7601
20210712,25.67,25.74,25.67,25.74,16969
20210714,25.74,25.74,25.72,25.72,4728
20210715,25.72,25.72,25.72,25.72,200
20210716,25.73,25.73,25.72,25.72,1375
20210719,25.68,25.68,25.61,25.6316,11029
20210720,25.67,25.71,25.67,25.7,5390
20210721,25.72,25.73,25.7,25.7238,4991
20210722,25.74,25.74,25.7254,25.7254,2481
20210723,25.753,25.76,25.753,25.76,2119
20210726,25.75,25.76,25.7375,25.75,8403
20210727,25.74,25.74,25.7363,25.74,2300
20210728,25.7496,25.75,25.7344,25.735,3006
20210729,25.7444,25.7444,25.7444,25.7444,2110
20210730,25.74,25.77,25.73,25.76,27443
20210802,25.77,25.77,25.75,25.76,1894
20210803,25.7475,25.7559,25.745,25.7559,1612
20210804,25.77,25.77,25.77,25.77,3444
20210805,25.78,25.78,25.7796,25.78,3460
20210806,25.74,25.79,25.74,25.79,5112
20210809,25.79,25.79,25.7666,25.79,7961
20210810,25.79,25.79,25.79,25.79,3600
20210811,25.79,25.8,25.78,25.8,2143
20210812,25.8,25.81,25.8,25.81,6366
20210813,25.7966,25.81,25.7966,25.81,2149
20210816,25.79,25.8,25.7877,25.7999,4810
20210817,25.77,25.79,25.7605,25.7605,1816
20210818,25.77,25.8,25.76,25.78,8404
20210819,25.77,25.77,25.765,25.765,1970
20210820,25.7612,25.78,25.73,25.769,32683
20210823,25.7812,25.82,25.77,25.82,15597
20210824,25.82,25.82,25.7951,25.8195,3682
20210825,25.82,25.82,25.8032,25.82,6808
20210826,25.82,25.82,25.7902,25.7902,457
20210827,25.7891,25.83,25.7891,25.83,3789
20210830,25.81,25.81,25.81,25.81,1200
20210831,25.81,25.83,25.81,25.8282,1733
20210901,25.8299,25.8299,25.81,25.81,1009
20210902,25.84,25.84,25.8295,25.84,4593
20210903,25.8263,25.84,25.82,25.84,5260
20210907,25.83,25.84,25.83,25.83,1034
20210908,25.8299,25.83,25.79,25.8299,23916
20210909,25.81,25.8163,25.81,25.8163,300
20210910,25.8399,25.84,25.8299,25.8299,9869
20210914,25.81,25.82,25.8071,25.8147,1684
20210915,25.83,25.83,25.8265,25.8282,2749
20210916,25.81,25.83,25.81,25.83,1100
20210917,25.82,25.83,25.82,25.82,1040
20210920,25.78,25.78,25.74,25.74,70402
20210921,25.81,25.82,25.8,25.82,3416
20210923,25.8134,25.83,25.81,25.83,1326
20210924,25.83,25.84,25.8192,25.84,9155
20210927,25.84,25.85,25.8254,25.84,9374
20210928,25.81,25.82,25.8,25.81,12665
20210929,25.8299,25.8299,25.81,25.81,2240
20210930,25.83,25.83,25.78,25.8105,94570
20211001,26.36,26.36,25.7,25.75,114218
20211004,25.71,25.73,25.6799,25.69,415733
20211005,25.71,25.75,25.71,25.7497,8858
20211006,25.71,25.74,25.69,25.73,30959
20211007,25.7899,25.79,25.77,25.78,28792
20211008,25.765,25.79,25.765,25.79,11482
20211011,25.77,25.805,25.77,25.78,23025
20211012,25.77,25.78,25.7602,25.77,9255
20211013,25.77,25.7824,25.763,25.7824,9404
20211014,25.82,25.82,25.8,25.8,3251
20211018,25.8299,25.84,25.815,25.84,2989
20211019,25.85,25.87,25.83,25.87,17547
20211020,25.86,25.86,25.84,25.86,7073
20211021,25.8599,25.8599,25.845,25.845,540
20211022,25.87,25.87,25.87,25.87,3013
20211025,25.87,25.87,25.8482,25.85,67127
20211026,25.873,25.88,25.855,25.87,30813
20211027,25.87,25.87,25.86,25.87,8743
20211028,25.87,25.8795,25.85,25.86,19303
20211029,25.86,25.88,25.855,25.8643,2882
20211101,25.84,25.8599,25.82,25.84,16574
20211102,25.8899,25.8899,25.8899,25.8899,580
20211103,25.87,25.9,25.86,25.89,21695
20211104,25.88,25.91,25.88,25.9,38044
20211105,25.91,25.91,25.89,25.89,16220
20211108,25.91,25.91,25.8917,25.8917,7216
20211109,25.88,25.91,25.88,25.89,9699
20211110,25.89,25.9,25.8762,25.89,17100
20211111,25.8899,25.92,25.8899,25.92,10845
20211112,25.89,25.9,25.86,25.9,69775
20211115,25.88,25.9,25.8601,25.87,13109
20211116,25.89,25.95,25.88,25.91,19164
20211117,25.91,25.9196,25.9,25.91,1992
20211118,25.91,25.92,25.9073,25.91,17855
20211119,25.91,25.91,25.89,25.89,3865
20211122,25.9,25.9,25.88,25.88,4952
20211123,25.8808,25.8899,25.87,25.8899,2751
20211124,25.89,25.89,25.8826,25.89,606
20211126,25.83,25.87,25.83,25.85,4780
20211129,25.89,25.9,25.85,25.89,13239
20211130,25.87,25.89,25.85,25.87,36624
20211201,25.9,25.9,25.86,25.86,16542
20211202,25.84,25.88,25.83,25.86,17037
20211203,25.86,25.88,25.82,25.83,9719
20211206,25.87,25.88,25.84,25.88,11541
20211207,25.9,25.9,25.875,25.895,5010
20211208,25.9,25.9123,25.9,25.9,3921
20211209,25.9098,25.915,25.9098,25.915,2243
20211210,25.92,25.9299,25.9,25.9125,3015
20211213,25.95,25.95,25.8804,25.8804,7290
20211214,25.92,25.92,25.88,25.91,5113
20211215,25.895,25.93,25.87,25.905,12713
20211216,25.91,25.9299,25.905,25.92,19502
20211217,25.89,25.9,25.87,25.89,11567
20211220,25.9,25.9,25.89,25.89,3194
20211221,26.03,26.09,25.89,25.89,111897
20211222,25.93,25.95,25.929,25.94,300756
20211223,25.93,25.99,25.92,25.94,52200
20211227,25.93,25.93,25.8,25.93,9344
20211228,25.9382,25.9382,25.92,25.92,28446
20211229,25.93,25.94,25.92,25.93,35000
20211230,25.93,25.93,25.915,25.92,233206
20211231,25.91,25.95,25.89,25.89,535336
20220103,25.925,25.95,25.83,25.945,95989
20220104,25.9699,25.9699,25.92,25.95,203909
20220105,25.9273,25.95,25.88,25.89,67512
20220106,25.88,25.89,25.83,25.84,108045
20220107,25.8575,25.9,25.8518,25.88,60820
20220110,25.79,25.89,25.78,25.89,6921
20220111,25.85,25.93,25.8473,25.92,43796
20220112,25.9215,25.9396,25.91,25.91,30830
20220113,25.92,25.939,25.88,25.88,41429
20220114,25.87,25.9,25.8344,25.9,19811
20220118,25.87,25.87,25.81,25.83,26195
20220119,25.84,25.85,25.8,25.8,120651
20220120,25.8,25.84,25.735,25.74,38063
20220121,25.72,25.73,25.6497,25.66,50732
20220124,25.55,25.63,25.35,25.63,56990
20220125,25.51,25.631,25.5079,25.55,85639
20220126,25.699,25.699,25.56,25.62,69859
20220127,25.61,25.669,25.55,25.5777,19636
20220128,25.595,25.67,25.54,25.67,313798
20220131,25.7115,25.81,25.7115,25.81,156736
20220201,25.78,25.83,25.76,25.83,46876
20220202,25.85,25.87,25.8,25.87,28183
20220203,25.82,25.82,25.7741,25.78,28905
20220204,25.86,25.86,25.739,25.81,36265
20220207,25.81,25.84,25.7861,25.82,72837
20220208,25.792,25.85,25.792,25.84,19464
20220209,25.8501,25.89,25.8501,25.88,27492
20220210,25.84,25.88,25.8,25.815,28764
20220211,25.829,25.829,25.69,25.76,25816
20220214,25.7201,25.75,25.6773,25.74,47542
20220215,25.775,25.81,25.7699,25.8,16680
20220216,25.8,25.83,25.78,25.825,36919
20220217,25.79,25.81,25.75,25.755,73298
20220218,25.75,25.75,25.71,25.74,245819
