Date,Open,High,Low,Close,Volume
20180829,25.79,25.79,25.5029,25.63,46980
20180830,25.66,25.68,25.64,25.64,17966
20180831,25.64,25.65,25.6299,25.6299,6803
20180904,25.8,25.8,25.6274,25.64,11774
20180905,25.4,25.54,25.4,25.4896,26414
20180906,25.68,25.77,25.477,25.56,6785
20180907,26.69,26.69,25.5,25.56,28900
20180910,25.545,25.545,25.545,25.545,400
20180912,25.6,25.67,25.5845,25.59,12965
20180913,25.71,25.74,25.7,25.74,1212
20180914,25.73,25.73,25.6898,25.73,6363
20180917,25.6778,25.6778,25.65,25.65,973
20180918,25.71,25.78,25.71,25.78,1179
20180919,25.785,25.785,25.7409,25.77,1757
20180920,25.85,25.88,25.83,25.88,665
20180921,25.96,25.9627,25.93,25.93,1088
20180924,25.7862,25.7938,25.7862,25.7938,1135
20180925,25.7542,25.7542,25.7542,25.7542,500
20180926,25.75,25.75,25.75,25.75,394
20180927,25.8,25.83,25.791,25.83,1001
20180928,25.79,25.83,25.79,25.83,1420
20181001,25.85,25.85,25.78,25.78,38498
20181002,25.7,25.7,25.7,25.7,100
20181003,25.81,25.9132,25.81,25.9132,2200
20181004,25.7099,25.7099,25.57,25.62,2724
20181005,25.64,25.64,25.58,25.58,2800
20181008,25.56,25.56,25.5599,25.5599,525
20181009,25.56,25.56,25.5599,25.5599,100
20181010,25.43,25.43,25.21,25.21,3400
20181011,25.04,25.04,24.74,24.85,25950
20181012,24.96,24.9808,24.89,24.89,2207
20181015,24.9,24.9007,24.8204,24.8204,3168
20181016,25.08,25.08,25.08,25.08,2500
20181017,25.18,25.18,25.06,25.1175,1357
20181018,24.81,24.81,24.81,24.81,200
20181019,24.87,24.88,24.86,24.88,4700
20181024,24.6469,24.6469,24.4,24.4,10200
20181025,24.2664,24.61,24.2664,24.5902,6891
20181026,24.24,24.24,24.24,24.24,11100
20181031,24.6,24.64,24.6,24.6399,440
20181102,24.828,24.828,24.65,24.65,11200
20181107,25.07,25.07,25.07,25.07,718
20181109,25.13,25.13,25.13,25.13,100
20181112,24.75,24.75,24.75,24.75,100
20181114,24.6035,24.6035,24.52,24.52,900
20181116,24.8,24.8,24.8,24.8,178
20181121,24.3389,24.3389,24.3389,24.3389,275
20181129,24.7745,24.88,24.7745,24.88,1536
20181130,24.858,24.858,24.78,24.78,500
20181203,25.05,25.05,25.05,25.05,798
20181204,25.059,25.059,24.606,24.606,1600
20181206,24.34,24.4,24.33,24.3927,660
20181207,24.38,24.38,24.1632,24.1732,1700
20181210,24.17,24.17,24.15,24.15,350
20181211,24.35,24.35,24.32,24.32,619
20181213,24.35,24.35,24.3477,24.35,5454
20181217,24.0493,24.0493,23.73,23.73,1300
20181218,23.87,23.87,23.71,23.71,200
20181219,23.75,23.76,23.75,23.76,3700
20181220,23.25,23.25,23.25,23.25,100
20181221,23.28,23.28,23.27,23.27,3800
20181226,22.447,22.447,22.447,22.447,300
20181227,23.06,23.2546,23.06,23.24,1777
20181228,23.32,23.52,23.32,23.379,1800
20181231,23.41,23.41,23.41,23.41,100
20190110,24.08,24.1,24.08,24.08,1500
20190114,24.0985,24.0985,24.0984,24.0984,500
20190115,24.18,24.2194,24.1617,24.2194,500
20190116,24.26,24.29,24.1974,24.29,19711
20190117,24.39,24.39,24.33,24.36,1731
20190122,24.245,24.245,24.245,24.245,100
20190123,24.28,24.3,24.23,24.3,2400
20190124,24.311,24.33,24.311,24.33,4300
20190129,24.41,24.41,24.41,24.41,354
20190131,24.8,24.8,24.69,24.69,898
20190201,24.7999,24.7999,24.73,24.73,6550
20190204,24.7,24.7001,24.7,24.7001,300
20190205,24.86,24.9099,24.854,24.9099,6992
20190206,24.88,24.88,24.88,24.88,6100
20190207,24.77,24.77,24.7193,24.7597,13829
20190208,24.71,24.74,24.68,24.722,5425
20190211,24.78,24.79,24.78,24.79,2000
20190213,25.0001,25.09,25.0001,25.08,16942
20190214,24.96,25.04,24.96,25.0051,4711
20190215,25.0769,25.16,25.0769,25.16,8344
20190219,25.31,25.31,25.1423,25.21,4488
20190220,25.16,25.16,25.15,25.15,270
20190221,25.0901,25.15,25.0801,25.0801,6330
20190222,25.1933,25.1933,25.1933,25.1933,500
20190225,25.35,25.35,25.2369,25.28,3818
20190226,25.29,25.29,25.18,25.1801,5744
20190228,25.1501,25.22,25.1501,25.19,3094
20190301,25.24,25.24,25.23,25.23,1105
20190304,25.48,25.48,25.12,25.2,4875
20190305,25.21,25.21,25.2,25.21,8486
20190306,25.171,25.171,25.0935,25.0935,3536
20190307,24.9898,25.04,24.974,24.98,18217
20190308,24.96,24.96,24.92,24.9398,17706
20190311,25.121,25.1835,25.1209,25.1835,1300
20190312,25.1817,25.2392,25.14,25.21,2647
20190313,25.2881,25.37,25.2881,25.3213,4960
20190314,25.3,25.3,25.3,25.3,20895
20190315,25.3502,25.3502,25.3502,25.3502,310
20190318,25.3805,25.42,25.3805,25.42,5520
20190319,25.47,25.52,25.36,25.36,28423
20190320,25.3452,25.4088,25.3452,25.4088,1439
20190321,25.4301,25.5547,25.4301,25.5341,2445
20190322,25.51,25.51,25.28,25.3392,5873
20190325,25.21,25.259,25.1705,25.2301,5730
20190326,25.4,25.41,25.31,25.3383,2104
20190328,25.29,25.29,25.29,25.29,400
20190329,25.39,25.39,25.3801,25.3801,436
20190401,25.488,25.5959,25.488,25.5959,38904
20190402,25.565,25.61,25.5239,25.54,10433
20190403,25.6004,25.6354,25.59,25.59,10092
20190404,25.617,25.69,25.5929,25.69,7282
20190405,25.73,25.76,25.7196,25.75,7177
20190408,25.78,25.78,25.6931,25.77,4283
20190409,25.68,25.7,25.67,25.67,7269
20190410,25.73,25.74,25.6783,25.6783,7089
20190411,25.75,25.77,25.64,25.73,56558
20190412,25.82,25.87,25.82,25.8445,7401
20190415,25.783,25.81,25.783,25.81,36584
20190416,25.8299,25.84,25.79,25.8,18072
20190417,25.81,25.8299,25.7657,25.7832,30943
20190418,25.95,25.95,25.755,25.83,32006
20190422,25.7861,25.83,25.77,25.8096,10676
20190423,25.885,25.99,25.885,25.97,9586
20190424,25.97,25.98,25.95,25.98,2548
20190425,25.87,25.97,25.87,25.9399,83660
20190426,25.93,25.99,25.9099,25.99,202806
20190429,26.05,26.0777,26.0401,26.0401,11791
20190430,26.03,26.05,25.91,26,6015
20190501,26.08,26.12,25.94,25.94,108984
20190502,26.07,26.07,25.81,25.89,38203
20190503,26.1,26.1,25.97,26.06,40337
20190506,25.87,26,25.81,25.98,69032
20190507,25.79,25.79,25.64,25.64,1357066
20190508,25.72,25.8,25.7198,25.7198,37579
20190509,25.61,25.74,25.41,25.66,191223
20190510,25.65,25.78,25.45,25.72,37199
20190513,25.6,25.6,25.3701,25.39,9320
20190514,25.49,25.6,25.49,25.498,63200
20190515,25.56,25.62,25.54,25.59,44091
20190516,25.69,25.78,25.6401,25.7,34663
20190517,25.6396,25.685,25.53,25.53,340796
20190520,25.51,25.59,25.49,25.52,170833
20190521,25.62,25.65,25.57,25.64,41868
20190522,25.54,25.62,25.54,25.619,14275
20190523,25.52,25.52,25.4,25.4381,46314
20190524,25.5041,25.55,25.4681,25.51,9659
20190528,25.51,25.53,25.4,25.4,19221
20190529,25.34,25.37,25.33,25.34,38553
20190530,25.33,25.39,25.33,25.3601,59576
20190531,25.33,25.34,25.274,25.31,31877
20190603,25.29,25.32,25.25,25.28,11814
20190604,25.39,25.44,25.34,25.44,28472
20190605,25.42,25.49,25.39,25.49,9203
20190606,25.4401,25.55,25.4401,25.55,7746
20190607,25.5994,25.7,25.5994,25.67,18335
20190610,25.769,25.78,25.7001,25.7001,29024
20190611,25.72,25.72,25.6695,25.7,2531
20190612,25.658,25.68,25.6211,25.641,3389
20190613,25.69,25.7,25.6213,25.64,1752
20190614,25.67,25.7,25.66,25.7,11565
20190617,25.641,25.69,25.6197,25.662,23535
20190618,25.68,25.87,25.68,25.776,40872
20190619,25.815,25.8401,25.805,25.8401,69864
20190620,25.74,26.04,25.74,26.005,20034
20190621,25.92,26.01,25.92,25.96,5929
20190624,25.955,26.01,25.92,25.9665,9197
20190625,25.899,25.899,25.7405,25.7405,20664
20190626,25.7108,25.77,25.67,25.708,80256
20190627,25.7157,25.79,25.695,25.74,415333
20190628,25.93,25.93,25.7,25.76,1955650
20190701,26.08,26.09,25.9,25.9654,296282
20190702,26.15,26.15,25.93,26.06,72550
20190703,26.03,26.22,26.03,26.22,19621
20190705,26.26,26.26,25.99,26.15,43897
20190708,26.38,26.38,26,26.0597,44916
20190709,26.059,26.1,26.0348,26.06,21238
20190710,26.1647,26.215,26.13,26.18,37237
20190711,26.15,26.26,26.15,26.2105,97940
20190712,26.58,26.58,26.2401,26.32,29844
20190715,26.34,26.34,26.26,26.3149,22799
20190716,26.45,26.45,26.2101,26.28,60079
20190717,26.53,26.53,26.15,26.15,18083
20190718,26.15,26.23,26.1001,26.21,39035
20190719,26.22,26.24,26.09,26.1,26452
20190722,26.14,26.155,26.13,26.15,20793
20190723,26.1899,26.28,26.1801,26.28,60748
20190724,26.2414,26.3499,26.2414,26.33,59602
20190725,26.318,26.318,26.22,26.22,56888
20190726,26.25,26.4,26.25,26.4,23822
20190729,26.3833,26.399,26.33,26.38,18825
20190730,26.34,26.3499,26.29,26.3197,8237
20190731,26.3599,26.3599,26.09,26.14,14534
20190801,26.3,26.31,25.87,25.96,64746
20190802,25.86,25.86,25.729,25.78,24951
20190805,25.78,25.78,25.17,25.27,87637
20190806,25.379,25.4896,25.2441,25.4859,11619
20190807,25.37,25.47,25.37,25.3867,5923
20190808,25.83,25.84,25.81,25.81,16044
20190809,25.84,25.84,25.68,25.82,4615
20190812,25.63,25.63,25.49,25.49,9736
20190813,25.85,25.93,25.7801,25.7801,19707
20190814,25.4461,25.4461,25.24,25.24,15001
20190815,25.35,25.3596,25.15,25.35,23787
20190816,25.57,25.63,25.49,25.6,5699
20190819,25.7875,25.85,25.7875,25.8013,6714
20190820,25.65,25.76,25.65,25.7,22481
20190821,25.99,25.99,25.75,25.76,63154
20190822,26.03,26.03,25.74,25.8539,40295
20190823,25.7,25.72,25.25,25.25,33088
20190826,25.3907,25.4868,25.3907,25.41,19204
20190827,25.56,25.56,25.3501,25.39,56037
20190828,25.39,25.55,25.39,25.5,9645
20190829,25.8099,25.82,25.75,25.81,4449
20190830,25.846,25.86,25.71,25.8,8543
20190903,25.5436,25.7,25.5436,25.7,48468
20190904,25.835,25.91,25.7889,25.91,53424
20190905,26,26.16,25.98,26.16,15833
20190906,26.19,26.19,26.19,26.19,800
20190909,26.1301,26.142,26.12,26.13,5100
20190910,26.0215,26.1,25.981,26.09,34176
20190911,26.19,26.2301,26.19,26.2301,1906
20190912,26.3011,26.3501,26.3011,26.35,4786
20190913,26.34,26.34,26.28,26.33,3654
20190916,26.06,26.2599,26.06,26.24,2570
20190917,26.24,26.3176,26.2,26.26,19994
20190918,26.265,26.33,26.22,26.33,9505
20190919,26.32,26.39,26.32,26.35,8397
20190920,26.3428,26.3428,26.2414,26.2414,2605
20190923,26.2,26.28,26.2,26.26,4552
20190924,26.0399,26.11,26.0399,26.11,7814
20190925,26.094,26.094,26.094,26.094,1411
20190926,26.0855,26.2,26.0855,26.175,5101
20190927,26.12,26.2199,25.9719,26,10290
20190930,26.189,26.19,26.1648,26.17,240692
20191001,26.11,26.14,25.95,25.98,54333
20191002,25.62,25.68,25.585,25.61,23355
20191003,25.601,25.72,25.41,25.7067,5352
20191004,25.87,26,25.87,25.99,5677
20191007,25.92,26.06,25.92,26.02,99589
20191008,25.77,25.7799,25.6785,25.73,43866
20191009,25.82,25.84,25.8181,25.82,3834
20191010,25.7945,26.01,25.7945,25.9532,94635
20191011,26.17,26.2868,26.11,26.12,75853
20191014,26.08,26.145,26.08,26.14,6170
20191015,26.2806,26.34,26.2806,26.308,7283
20191016,26.27,26.2767,26.24,26.26,5223
20191017,26.3,26.36,26.3,26.35,62502
20191018,26.3,26.3,26.18,26.26,12484
20191021,26.35,26.39,26.3,26.39,11043
20191022,26.4095,26.42,26.37,26.37,4361
20191023,26.2601,26.36,26.2601,26.36,4113
20191024,26.3301,26.38,26.33,26.33,127927
20191025,26.33,26.4553,26.33,26.4433,1839
20191028,26.52,26.5861,26.5,26.56,64100
20191029,26.5449,26.62,26.5449,26.5802,1563
20191030,26.4706,26.59,26.47,26.59,9814
20191031,26.5,26.52,26.47,26.52,609
20191101,26.67,26.72,26.61,26.71,124646
20191104,26.76,26.7716,26.76,26.7716,49072
20191105,26.8,26.8,26.75,26.75,6514
20191106,26.77,26.8,26.73,26.73,12344
20191107,26.86,26.9,26.805,26.81,11307
20191108,26.82,26.82,26.81,26.82,13337
20191111,26.835,26.835,26.8111,26.8201,2867
20191112,26.86,26.94,26.86,26.91,15859
20191113,26.87,26.9031,26.841,26.841,725
20191114,26.89,26.93,26.89,26.93,4813
20191115,26.975,27.04,26.975,27.03,57122
20191118,27.08,27.1,27.05,27.05,3107
20191119,27.08,27.12,27.065,27.085,4200
20191120,27.0391,27.08,26.92,26.9618,9685
20191121,26.941,27.01,26.941,26.9698,6627
20191122,26.9799,27.0379,26.95,27.0214,7150
20191125,27.16,27.16,27.11,27.1554,4664
20191126,27.16,27.16,27.16,27.16,2000
20191127,27.24,27.3,27.236,27.2801,4252
20191129,27.2545,27.2545,27.2175,27.2175,1234
20191202,27.08,27.08,26.99,27,193425
20191203,26.82,26.91,26.82,26.91,1665
20191204,26.95,27.06,26.95,27,36162
20191205,27.0192,27.06,26.9962,27.05,3355
20191206,27.2339,27.2368,27.2102,27.2368,15296
20191209,27.19,27.2,27.1621,27.17,6429
20191210,27.12,27.21,27.12,27.155,27232
20191211,27.22,27.22,27.11,27.2,25700
20191212,27.2905,27.36,27.29,27.36,23405
20191213,27.38,27.38,27.3306,27.35,3579
20191216,27.72,27.72,27.48,27.5278,7260
20191217,27.54,27.54,27.51,27.51,3904
20191218,27.51,27.54,27.49,27.49,4395
20191219,27.45,27.57,27.45,27.5322,13351
20191220,27.62,27.6495,27.61,27.64,16569
20191223,27.62,27.62,27.6001,27.61,1346
20191224,27.62,27.62,27.59,27.605,36333
20191226,27.6301,27.72,27.63,27.72,2812
20191227,27.68,27.7,27.67,27.7,3086
20191230,27.5904,27.6502,27.59,27.59,13870
20191231,27.59,27.63,27.545,27.63,2288
20200102,27.66,27.7709,27.66,27.7709,33326
20200103,27.687,27.73,27.67,27.67,23131
20200106,27.72,27.73,27.67,27.73,22119
20200107,27.7262,27.745,27.7,27.7,9449
20200108,27.7742,27.79,27.73,27.78,3589
20200109,27.87,27.9162,27.87,27.9162,421
20200110,27.92,27.9457,27.855,27.87,15498
20200113,27.84,27.9499,27.84,27.9499,6350
20200114,27.97,28.007,27.96,27.9659,11044
20200115,27.97,27.9802,27.94,27.94,23688
20200116,27.97,28.07,27.97,28.05,25268
20200117,28.06,28.09,28.06,28.09,4600
20200121,28.07,28.11,28.05,28.0851,61587
20200122,28.1,28.1,28.1,28.1,458
20200123,28.05,28.0912,27.99,28.06,9968
20200124,28.075,28.075,27.9,27.934,15635
20200127,27.7472,27.7472,27.7,27.74,12908
20200128,27.895,27.9199,27.86,27.9199,5368
20200129,27.91,27.9499,27.86,27.86,3817
20200130,27.74,27.9,27.74,27.9,9776
20200131,27.89,27.89,27.6993,27.6993,6111
20200203,27.77,27.84,27.76,27.78,90148
20200204,28.0119,28.02,28,28,3884
20200205,28.13,28.17,28.08,28.12,27250
20200206,28.15,28.21,28.14,28.15,23021
20200207,28.1296,28.21,28.11,28.1137,13351
20200210,28.2087,28.21,28.14,28.21,22166
20200211,28.22,28.32,28.22,28.25,12810
20200212,28.25,28.32,28.25,28.31,5420
20200213,28.2937,28.36,28.27,28.34,3470
20200214,28.26,28.33,28.258,28.315,4878
20200218,28.28,28.32,28.28,28.32,5125
20200219,28.301,28.3824,28.301,28.34,7703
20200220,28.336,28.336,28.241,28.26,5385
20200221,28.16,28.185,28.16,28.185,806
20200224,27.76,27.83,27.72,27.735,24405
20200225,27.71,27.71,27.11,27.18,89654
20200226,27.32,27.32,27.11,27.1409,6988
20200227,26.47,26.79,26.385,26.42,11529
20200228,25.66,26.05,25.56,26.01,425957
20200302,26.31,27.04,26.24,27.04,46188
20200303,27.0813,27.1167,26.3,26.5,40869
20200304,26.83,27.19,26.7,27.19,43678
20200305,26.7603,26.79,26.43,26.5,25115
20200306,26.02,26.1599,25.8121,26.08,62529
20200309,25.4099,25.4099,24.5235,24.87,21395
20200310,25.315,25.67,24.7,25.67,29694
20200311,25.19,25.19,24.43,24.62,87023
20200312,22.87,24,22.87,23.28,38576
20200313,23.3,24.59,22.83,24.59,246753
20200316,23,23,21.93,21.93,6702
20200317,22.23,23.17,22.15,23.165,162744
20200318,22.41,22.41,21.455,22.07,39088
20200319,21.82,22.73,21.82,22.73,27844
20200320,22.32,22.67,21.7,21.7,57864
20200323,21.38,21.72,21.08,21.5329,34824
20200324,22.22,22.7701,22.22,22.77,28346
20200325,23.05,23.58,22.6912,23.1549,24431
20200326,23.64,23.8405,23.6391,23.78,24811
20200327,23.3464,23.6962,23.3464,23.6962,1975
20200330,23.63,23.94,23.63,23.9,15190
20200331,23.98,23.98,23.7994,23.7994,3468
20200401,23.16,23.2295,22.88,22.9629,69653
20200402,22.92,23.27,22.73,23.14,28464
20200403,23.2415,23.2415,22.96,23.23,7658
20200406,23.77,24.3455,23.77,24.3455,43583
20200407,24.71,24.73,24.33,24.38,47624
20200408,24.6936,24.7583,24.615,24.7583,3495
20200409,25.1,25.24,24.99,25.056,326851
20200413,24.825,24.91,24.7602,24.89,4443
20200414,25.42,25.5299,25.3504,25.52,128025
20200415,25.03,25.03,25.03,25.03,100
20200416,25.09,25.129,24.99,25.1,5091
20200417,25.53,25.64,25.41,25.61,5005
20200420,25.5161,25.58,25.29,25.37,18322
20200421,24.9,24.9,24.75,24.8551,12589
20200422,25.06,25.205,25.06,25.18,9530
20200423,25.28,25.5,25.21,25.32,29856
20200424,25.1999,25.42,25.155,25.4046,9116
20200427,25.65,25.75,25.65,25.75,87607
20200428,25.96,25.96,25.65,25.655,43624
20200429,25.925,26.23,25.9054,26.1,17589
20200430,25.9914,26.01,25.89,25.95,110079
20200501,25.67,25.67,25.41,25.465,19151
20200504,25.315,25.52,25.315,25.48,14149
20200505,25.63,25.86,25.58,25.62,70426
20200506,25.71,25.75,25.5301,25.5301,27451
20200507,25.51,25.89,25.51,25.8047,14454
20200508,26.04,26.0753,25.95,26.0753,5110
20200511,25.91,26.115,25.91,26.115,2321
20200512,25.99,26.03,25.75,25.76,14317
20200513,25.51,25.52,25.29,25.32,15086
20200514,25.39,25.4748,25.18,25.435,4771
20200515,25.5,25.5799,25.3857,25.5799,7108
20200518,25.91,26.19,25.91,26.13,274171
20200519,26.205,26.222,26.14,26.16,9630
20200520,26.26,26.28,26.26,26.28,6130
20200521,26.29,26.315,26.14,26.185,2623
20200522,26.152,26.25,26.0788,26.22,36793
20200526,26.57,26.6499,26.46,26.46,119460
20200527,26.52,26.73,26.4501,26.68,287965
20200528,26.75,26.9129,26.67,26.67,34066
20200529,26.6,26.76,26.48,26.755,284402
20200601,26.77,26.8604,26.76,26.8604,27100
20200602,26.885,26.96,26.82,26.96,57794
20200603,27.0879,27.34,27.0879,27.34,16405
20200604,27.28,27.2802,27.06,27.06,82666
20200605,27.58,27.9,27.58,27.72,545661
20200608,27.825,27.975,27.825,27.925,12228
20200609,27.62,28.02,27.62,27.95,352285
20200610,27.8693,27.93,27.68,27.78,37389
20200611,27.4,27.4,26.53,26.53,13800
20200612,27.05,27.05,26.51,26.67,520866
20200615,26.6,26.85,26.53,26.85,55915
20200616,27.31,27.41,27.1458,27.21,15757
20200617,27.31,27.42,27.245,27.245,3611
20200618,27.14,27.2493,27.1302,27.1302,1686
20200619,27.47,27.47,26.94,27.03,23212
20200622,26.88,27.13,26.88,27.1,84784
20200623,27.37,27.4,27.34,27.4,120251
20200624,26.91,26.9301,26.52,26.6601,558748
20200625,26.6,26.78,26.59,26.78,59489
20200626,26.512,26.512,26.2601,26.38,9833
20200629,26.43,26.5499,26.27,26.48,27079
20200630,26.6,27.0395,26.5754,26.99,56793
20200701,27.22,27.22,26.9642,27.15,1157259
20200702,27.25,27.33,27.08,27.09,31593
20200706,27.35,27.4699,27.17,27.334,31977
20200707,27.36,27.47,27.3,27.3,24479
20200708,27.27,27.27,27.1441,27.26,16975
20200709,27.27,27.27,27.0699,27.215,12903
20200710,27.2401,27.41,27.24,27.41,7633
20200713,27.59,27.715,27.18,27.18,13219
20200714,27.08,27.45,27.08,27.45,12376
20200715,27.64,27.6443,27.51,27.59,10023
20200716,27.53,27.65,27.52,27.64,21572
20200717,27.6099,27.67,27.5571,27.628,11077
20200720,27.75,27.88,27.73,27.8675,18470
20200721,27.62,27.91,27.62,27.82,15159
20200722,27.806,27.87,27.79,27.87,3747
20200723,27.8762,27.9,27.7099,27.75,6693
20200724,27.62,27.64,27.56,27.62,43030
20200727,27.6855,27.76,27.62,27.76,5515
20200728,27.64,27.79,27.61,27.61,15755
20200729,27.7,27.9,27.7,27.85,18215
20200730,27.77,27.815,27.56,27.81,27871
20200731,27.78,27.92,27.6442,27.92,8572
20200803,28.0439,28.07,28.01,28.07,16939
20200804,28.05,28.14,28,28.14,67645
20200805,28.15,28.25,28.15,28.24,219437
20200806,28.09,28.33,28.09,28.26,9412
20200807,28.23,28.26,28.23,28.24,2608
20200810,28.24,28.39,28.24,28.3,25069
20200811,28.3703,28.3902,28.3703,28.3902,1637
20200813,28.48,28.495,28.3637,28.42,11974
20200814,28.37,28.37,28.336,28.336,2162
20200817,28.4,28.415,28.38,28.41,2906
20200818,28.457,28.47,28.457,28.47,275
20200819,28.49,28.57,28.36,28.36,27328
20200820,28.3264,28.3992,28.32,28.3992,3216
20200821,28.4225,28.4225,28.4225,28.4225,439
20200824,28.575,28.6,28.575,28.6,1010
20200825,28.67,28.67,28.6587,28.669,5444
20200826,28.77,28.773,28.77,28.773,3100
20200827,28.77,28.839,28.77,28.7903,8387
20200828,28.76,28.8227,28.74,28.79,3997
20200831,28.82,28.8201,28.82,28.8201,2000
20200901,28.805,28.8599,28.79,28.8599,6093
20200902,28.8999,28.905,28.88,28.88,5077
20200903,28.71,28.71,28.2901,28.38,6280
20200904,28.4,28.52,28.04,28.345,3878
20200908,28.1827,28.19,28.03,28.03,6886
20200909,28.3,28.515,28.3,28.4,2700
20200910,28.48,28.48,28.09,28.12,59383
20200911,28.3,28.3,28.17,28.23,1160
20200914,28.4457,28.4714,28.4,28.4132,3998
20200915,28.5499,28.5499,28.52,28.52,650
20200916,28.56,28.56,28.4901,28.4901,3992
20200918,28.185,28.185,28.065,28.07,906
20200921,27.81,27.89,27.6961,27.89,2166
20200922,27.9895,28.03,27.9895,28.03,363
20200923,27.99,27.99,27.85,27.85,1773
20200924,27.44,27.75,27.44,27.65,18385
20200925,27.6601,27.965,27.6601,27.945,2192
20200928,28.2399,28.28,28.21,28.2463,6294
20200929,28.16,28.16,28.16,28.16,393
20200930,28.41,28.41,28.31,28.31,17900
20201001,28.3,28.3629,28.29,28.3629,5589
20201002,28.1941,28.265,28.14,28.265,2702
20201005,28.37,28.42,28.36,28.4,1147
20201006,28.52,28.52,28.28,28.28,5228
20201007,28.4406,28.565,28.4406,28.525,2902
20201008,28.649,28.649,28.649,28.649,400
20201009,28.724,28.8799,28.7106,28.8799,5394
20201012,28.937,29.15,28.937,29.145,2975
20201013,29.09,29.12,28.9401,28.9401,3942
20201014,28.92,29.02,28.92,29.02,20912
20201015,28.8191,28.9161,28.785,28.9161,1101
20201016,28.9762,29.005,28.9301,29.005,3595
20201020,28.73,28.82,28.689,28.7201,14959
20201021,28.79,28.79,28.68,28.68,13315
20201023,28.83,28.866,28.82,28.82,1084
20201026,28.61,28.61,28.4954,28.59,102392
20201027,28.59,28.61,28.5208,28.6,5537
20201028,28.125,28.125,27.9699,27.9701,3412
20201029,28.06,28.24,28.0515,28.17,4516
20201030,27.82,27.83,27.755,27.83,2450
20201102,28.06,28.1574,28.0239,28.15,10520
20201103,28.57,28.62,28.4645,28.52,4401
20201104,28.91,29.035,28.9001,29.035,528
20201105,29.15,29.1682,29.08,29.1682,7059
20201106,28.9701,29.1261,28.9701,29.1261,1167
20201109,29.55,29.5762,29.47,29.47,13396
20201110,29.27,29.36,29.27,29.3356,5054
20201111,29.4001,29.4399,29.36,29.43,3446
20201112,29.38,29.38,29.22,29.3,3637
20201113,29.31,29.46,29.31,29.46,6129
20201116,29.6591,29.67,29.5601,29.595,5232
20201117,29.59,29.665,29.5499,29.62,9214
20201118,29.7,29.7,29.47,29.47,2099
20201119,29.385,29.54,29.385,29.54,6795
20201120,29.36,29.52,29.36,29.52,6131
20201123,29.5599,29.58,29.475,29.5401,73999
20201124,29.56,29.7799,29.56,29.6901,22204
20201125,29.72,29.759,29.63,29.71,8817
20201127,29.753,29.753,29.6868,29.6868,300
20201130,29.655,29.6799,29.54,29.66,31123
20201201,29.85,29.89,29.73,29.73,10488
20201202,29.73,29.7999,29.73,29.765,31385
20201203,29.88,29.89,29.77,29.86,27004
20201204,29.82,29.9,29.82,29.8475,5618
20201207,29.855,29.9299,29.8,29.81,7768
20201208,29.8109,29.9225,29.8109,29.92,1450
20201209,29.9201,29.9201,29.79,29.845,8591
20201210,29.8201,29.8595,29.7601,29.805,4759
20201211,29.83,29.83,29.6001,29.83,6300
20201214,29.88,29.88,29.7377,29.7999,1764
20201215,29.78,29.9099,29.75,29.87,4192
20201216,29.865,29.96,29.81,29.9092,6727
20201217,29.9541,30.02,29.9378,29.9378,4215
20201218,30,30.01,29.8,29.8,4467
20201221,29.7008,29.855,29.7008,29.825,1378
20201222,29.845,29.89,29.7606,29.8319,4446
20201223,29.9,29.98,29.9,29.98,1855
20201224,29.8979,29.945,29.8979,29.945,150
20201228,30.065,30.14,30.065,30.09,15526
20201229,30.0381,30.13,29.9901,30.05,9413
20201230,30.01,30.08,29.9344,30.01,19975
20201231,29.89,30.12,29.89,30.11,7743
20210104,30.105,30.105,29.72,29.91,35036
20210105,29.865,30.06,29.865,29.9724,67112
20210106,30.025,30.2298,30.025,30.11,14624
20210107,30.22,30.26,30.1701,30.23,18363
20210108,30.12,30.33,30.12,30.21,18069
20210111,30.15,30.25,30.11,30.19,14279
20210112,30.1864,30.2292,30.07,30.2,9562
20210113,30.185,30.25,30.17,30.17,11302
20210114,30.2,30.296,30.18,30.18,10499
20210115,30.15,30.21,30.09,30.18,7938
20210119,30.05,30.22,30.05,30.22,11821
20210120,30.255,30.2999,30.23,30.27,39732
20210121,30.2999,30.3,30.24,30.3,6977
20210122,30.26,30.3,30.2201,30.3,8913
20210125,30.2415,30.3,30.19,30.3,11814
20210126,30.26,30.3,30.22,30.22,32525
20210127,30.1001,30.1599,29.891,29.9,10024
20210128,29.71,30.2199,29.71,30.06,7796
20210129,29.8708,29.9699,29.7001,29.7001,3562
20210201,29.86,30.0377,29.795,30.025,7495
20210202,30.1282,30.29,30.11,30.28,3448
20210203,30.1972,30.3,30.1972,30.29,5094
20210204,30.296,30.3843,30.28,30.34,15352
20210205,30.3527,30.4,30.33,30.4,15820
20210208,30.4,30.5,30.35,30.37,8083
20210209,30.34,30.54,30.34,30.42,13408
20210210,30.4441,30.4441,30.32,30.38,5027
20210211,30.29,30.47,30.29,30.35,4543
20210212,30.465,30.58,30.3903,30.531,19704
20210216,30.54,30.6,30.45,30.55,20465
20210217,30.45,30.5002,30.37,30.46,14113
20210218,30.4128,30.495,30.4128,30.4674,13405
20210219,30.505,30.51,30.48,30.48,3549
20210222,30.4799,30.49,30.38,30.39,25320
20210223,30.4,30.43,30.3,30.41,4677
20210224,30.3901,30.585,30.3901,30.527,12629
20210225,30.545,30.545,30.27,30.32,5659
20210226,30.22,30.355,30.22,30.34,17697
20210301,30.4701,30.5911,30.4701,30.59,6578
20210302,30.4989,30.59,30.46,30.535,13266
20210303,30.4452,30.51,30.42,30.4265,2529
20210304,30.31,30.42,30.1403,30.25,46446
20210305,30.2971,30.42,30.21,30.42,32748
20210308,30.535,30.575,30.47,30.54,4172
20210309,30.62,30.63,30.5301,30.575,18272
20210310,30.68,30.69,30.5801,30.625,5097
20210311,30.693,30.7691,30.6683,30.67,2941
20210312,30.51,30.71,30.51,30.62,12334
20210315,30.65,30.769,30.65,30.75,5479
20210316,30.7701,30.85,30.76,30.76,10163
20210317,30.765,30.885,30.73,30.88,163366
20210318,30.7674,30.8517,30.71,30.71,8656
20210319,30.6881,30.815,30.6881,30.78,5507
20210322,30.83,30.95,30.79,30.8899,10946
20210323,30.915,30.93,30.765,30.78,11295
20210324,30.8,30.91,30.76,30.76,4663
20210325,30.6999,30.8,30.6999,30.8,994
20210326,30.8703,30.95,30.85,30.85,5048
20210329,30.9,30.998,30.8277,30.965,9751
20210330,30.85,30.97,30.85,30.9,2029
20210331,30.97,31.01,30.886,30.97,68049
20210401,30.84,31.0723,30.84,31.015,21370
20210405,31.085,31.1066,31.04,31.04,1433
20210406,31.1078,31.1078,31.04,31.04,4861
20210407,31.105,31.15,31.06,31.105,2185
20210408,31.135,31.1599,31.135,31.1599,275
20210409,31.135,31.168,31.1141,31.16,1025
20210412,31.15,31.2,31.12,31.155,2028
20210413,31.1412,31.19,31.085,31.085,41056
20210414,31.1,31.2299,31.1,31.12,336278
20210415,31.16,31.16,31.1,31.1,3623
20210416,31.22,31.23,31.1725,31.1839,3181
20210419,31.1723,31.1723,31.1,31.1,11840
20210420,31.2199,31.2199,31.05,31.1199,6167
20210421,31.2298,31.2298,31.14,31.2,7356
20210422,31.13,31.1964,31.0601,31.115,3553
20210423,31.1605,31.21,31.1303,31.2099,5053
20210426,31.17,31.25,31.14,31.25,7790
20210427,31.205,31.205,31.14,31.17,27069
20210428,31.18,31.19,31.16,31.16,3127
20210429,31.16,31.2491,31.16,31.16,12972
20210430,31.2491,31.25,31.1204,31.14,19787
20210503,31.205,31.2299,31.15,31.16,8626
20210504,31.23,31.23,31.13,31.13,14067
20210505,31.205,31.238,31.155,31.17,42379
20210506,31.23,31.24,31.15,31.2,6868
20210507,31.1971,31.25,31.18,31.19,7139
20210510,31.205,31.24,31.171,31.19,4625
20210511,31.2268,31.2299,31.1301,31.15,5363
20210512,31.185,31.185,31.04,31.04,3011
20210513,31.165,31.165,31.135,31.135,1272
20210514,31.19,31.21,31.182,31.19,4281
20210517,31.21,31.24,31.17,31.18,4197
20210518,31.205,31.238,31.17,31.17,2755
20210519,31.18,31.218,31.15,31.218,3695
20210520,31.172,31.25,31.17,31.18,5862
20210521,31.25,31.25,31.18,31.18,1260
20210524,31.25,31.25,31.225,31.24,3772
20210525,31.25,31.25,31.22,31.25,29998
20210526,31.295,31.295,31.295,31.295,641
20210527,31.335,31.355,31.2965,31.34,3937
20210528,31.335,31.366,31.3309,31.3309,2470
20210601,31.35,31.35,31.27,31.305,4422
20210602,31.343,31.36,31.27,31.28,11709
20210603,31.3199,31.38,31.311,31.3212,13735
20210604,31.3642,31.38,31.27,31.33,13859
20210607,31.35,31.38,31.29,31.35,7137
20210608,31.3447,31.3699,31.2807,31.2807,2465
20210609,31.3423,31.36,31.29,31.33,3373
20210610,31.27,31.35,31.27,31.305,11461
20210611,31.335,31.37,31.3,31.3,705
20210614,31.39,31.41,31.3,31.3,5107
20210615,31.27,31.37,31.27,31.3,6541
20210616,31.4,31.4,31.3549,31.355,2208
20210617,31.3424,31.42,31.3424,31.42,74900
20210618,31.34,31.38,31.33,31.38,4167
20210621,31.41,31.43,31.36,31.37,45311
20210622,31.415,31.43,31.36,31.36,18678
20210623,31.42,31.42,31.36,31.395,6959
20210624,31.428,31.43,31.38,31.39,5374
20210625,31.38,31.42,31.37,31.37,24738
20210628,31.4,31.4199,31.3705,31.38,17208
20210629,31.4,31.42,31.38,31.38,71540
20210630,31.4,31.43,31.38,31.415,814747
20210701,31.49,31.5099,31.37,31.48,520878
20210702,31.58,31.63,31.44,31.6,63726
20210706,31.67,31.67,31.42,31.55,90495
20210707,31.62,31.6599,31.46,31.626,71976
20210708,31.4,31.51,31.272,31.37,202661
20210709,31.46,31.66,31.46,31.64,19417
20210712,31.6,31.7299,31.58,31.6845,42258
20210713,31.6,31.7699,31.6,31.63,57360
20210714,31.7177,31.719,31.59,31.63,71198
20210715,31.7,31.7,31.4601,31.595,40494
20210716,31.71,31.74,31.45,31.46,24629
20210719,31.28,31.28,30.9401,31.15,136275
20210720,31.13,31.54,31.13,31.49,53180
20210721,31.56,31.64,31.4801,31.64,2103580
20210722,31.56,31.669,31.5501,31.6539,82379
20210723,31.8,31.85,31.6601,31.83,54817
20210726,31.7501,31.88,31.7401,31.816,7479
20210727,31.79,31.81,31.63,31.81,32025
20210728,31.88,31.88,31.6901,31.79,25558
20210729,31.88,31.92,31.81,31.92,25693
20210730,31.75,31.83,31.75,31.7501,22425
20210802,31.8,31.86,31.7001,31.75,9259
20210803,31.7,31.9,31.69,31.9,18837
20210804,31.805,31.88,31.7601,31.8301,17475
20210805,31.7947,31.93,31.7947,31.88,46926
20210806,31.9,31.998,31.8701,31.94,15089
20210809,31.95,31.965,31.86,31.89,11050
20210810,32.04,32.04,31.9101,32,17653
20210811,31.985,32.02,31.92,31.975,26062
20210812,31.985,32.089,31.985,32.04,13310
20210813,32.02,32.11,32.0001,32.05,7355
20210816,32.045,32.1,31.995,32.095,69495
20210817,31.9901,32.03,31.9,32.01,17209
20210818,31.99,32.026,31.82,31.82,12393
20210819,31.6601,31.84,31.6601,31.7832,11132
20210820,31.85,31.9699,31.85,31.91,5878
20210823,32.02,32.21,32.02,32.09,9809
20210824,32.15,32.2299,32.1033,32.1101,13422
20210825,32.25,32.25,32.14,32.17,31516
20210826,32.12,32.17,32.0501,32.0501,50872
20210827,32.2399,32.24,32.1914,32.24,6661
20210830,32.26,32.41,32.25,32.3309,22185
20210831,32.3499,32.398,32.26,32.33,375472
20210901,32.35,32.43,32.3,32.3,12859
20210902,32.357,32.4199,32.3001,32.345,5930
20210903,32.37,32.41,32.3001,32.41,13074
20210907,32.35,32.386,32.2701,32.33,6759
20210908,32.255,32.29,32.2001,32.245,7688
20210909,32.255,32.368,32.16,32.185,36510
20210910,32.21,32.23,32.122,32.19,7835
20210913,32.16,32.18,32.0001,32.1399,13898
20210914,31.991,32.0999,31.95,31.95,13880
20210915,32.04,32.189,31.99,32.1425,14640
20210916,32.16,32.256,32.0301,32.22,13032
20210917,32.0301,32.06,31.98,32.005,8270
20210920,31.745,31.778,31.41,31.6,28085
20210921,31.73,31.79,31.585,31.6,24536
20210922,31.68,31.98,31.65,31.925,16633
20210923,32,32.19,32,32.19,12840
20210924,31.96,32.18,31.96,32.092,15876
20210927,32.14,32.19,32.0501,32.14,9352
20210928,31.925,31.95,31.68,31.79,13902
20210929,31.7273,31.785,31.6801,31.7101,10115
20210930,31.7,31.7376,31.48,31.595,30345
20211001,31.64,31.8,31.4304,31.755,16236
20211004,31.5895,31.5895,31.35,31.3801,30146
20211005,31.4728,31.81,31.4728,31.74,77625
20211006,31.58,31.78,31.4205,31.725,9138
20211007,31.945,32.03,31.93,31.94,13812
20211008,31.89,31.9,31.84,31.8837,11056
20211011,31.8549,31.989,31.7701,31.7701,26871
20211012,31.73,31.81,31.66,31.7061,71122
20211013,31.655,31.8099,31.59,31.7457,12425
20211014,31.89,32.1391,31.89,32.1242,7140
20211015,32.1535,32.32,32.1535,32.212,13190
20211018,32.145,32.35,32.145,32.31,20622
20211019,32.3685,32.48,32.365,32.4057,7607
20211020,32.47,32.52,32.45,32.46,6552
20211021,32.45,32.54,32.45,32.5001,6597
20211022,32.48,32.61,32.454,32.6,17507
20211025,32.56,32.73,32.56,32.6457,9037
20211026,32.74,32.809,32.64,32.71,11809
20211027,32.6668,32.75,32.62,32.62,12098
20211028,32.64,32.75,32.64,32.75,7297
20211029,32.626,32.82,32.624,32.82,33449
20211101,32.72,32.81,32.71,32.73,8142
20211102,32.77,32.9,32.77,32.855,14306
20211103,32.815,32.97,32.78,32.94,8182
20211104,33,33.0242,32.9406,33.02,9300
20211105,33.0692,33.129,32.98,33.06,15279
20211108,32.98,33.07,32.9701,33.005,11439
20211109,32.95,32.96,32.9,32.93,2280221
20211110,32.9139,32.93,32.91,32.9199,19653
20211111,32.84,32.87,32.81,32.87,10223
20211112,32.84,32.995,32.82,32.995,28029
20211115,33.035,33.035,32.94,32.96,7876
20211116,32.98,33.09,32.98,33.09,18207
20211117,33.02,33.02,32.96,32.98,801
20211118,33.0006,33.02,32.95,33,16632
20211119,33.015,33.07,33.015,33.04,1524
20211122,33.01,33.19,33.01,33.0501,17307
20211123,32.99,33.0399,32.8601,32.9301,7256
20211124,32.93,33.02,32.93,32.96,4169
20211126,32.6022,32.6152,32.6,32.6152,395
20211129,32.69,32.8958,32.68,32.855,13438
20211130,32.79,32.79,32.51,32.6,5151
20211201,32.68,32.75,32.37,32.37,6033
20211202,32.1501,32.5799,32.1501,32.5498,4349
20211203,32.53,32.53,32.2401,32.26,3276
20211206,32.46,32.5999,32.45,32.59,3802
20211207,32.72,32.955,32.72,32.88,4199
20211208,32.92,33.01,32.91,33.01,21697
20211209,32.9,32.996,32.9,32.92,1841
20211210,32.99,33.0499,32.9876,33.04,2011
20211213,33.059,33.059,32.9533,32.9533,1099
20211214,32.76,32.86,32.72,32.86,6905
20211215,32.74,33.02,32.74,33.01,1430
20211216,33.09,33.1171,32.88,32.88,3231
20211217,32.7701,32.9399,32.7701,32.9399,921
20211220,32.54,32.57,32.43,32.5,5886
20211221,32.69,32.865,32.67,32.865,2759
20211222,32.9442,33.04,32.915,32.9774,4204
20211223,33.19,33.229,33.1469,33.229,793
20211227,33.3,33.349,33.2727,33.335,2984
20211228,33.34,33.399,33.34,33.37,10257
20211229,33.375,33.4042,33.33,33.3709,40699
20211230,33.4,33.43,33.33,33.33,12003
20211231,33.35,33.375,33.2601,33.34,25009
20220103,33.4352,33.47,33.33,33.41,275009
20220104,33.44,33.4999,33.414,33.44,44845
20220105,33.435,33.47,33.22,33.22,22538
20220106,33.2063,33.2063,33.0664,33.1309,3833
20220107,33.185,33.19,33.11,33.15,2707
20220110,32.925,33.15,32.87,33.15,33492
20220111,33.16,33.28,33.16,33.28,32373
20220112,33.35,33.382,33.27,33.32,18228
20220113,33.35,33.42,33.09,33.09,8566
20220114,33.1399,33.1399,33.04,33.04,4476
20220118,32.8627,32.91,32.76,32.76,27862
20220119,32.7769,32.8,32.7339,32.79,5808
20220120,32.65,32.9,32.43,32.43,5093
20220121,32.42,32.465,32.23,32.24,5401
20220124,31.61,31.83,31.239,31.76,65177
20220125,31.61,32.11,31.55,31.92,51408
20220126,32.2315,32.29,31.74,31.785,23647
20220127,32.01,32.114,31.72,31.808,7121
20220128,31.66,32.18,31.66,32.18,13229
20220131,32.392,32.52,32.392,32.52,1710
20220201,32.61,32.7369,32.61,32.7369,482954
20220202,32.8086,32.93,32.75,32.93,6760
20220203,32.74,32.74,32.5001,32.5001,12223
20220204,32.35,32.555,32.35,32.555,327
20220207,32.62,32.7099,32.5,32.546,9059
20220208,32.492,32.6899,32.492,32.66,13966
20220209,32.88,32.99,32.85,32.99,7992
20220210,32.9257,32.9257,32.565,32.565,972
20220211,32.66,32.67,32.11,32.16,39900
20220214,32.14,32.18,32.01,32.05,17067
20220215,32.36,32.44,32.32,32.44,25931
20220216,32.3001,32.495,32.3001,32.495,81125
20220217,32.26,32.296,32.245,32.29,2900
20220218,32.14,32.14,31.89,31.9,6428
