Date,Open,High,Low,Close,Volume
20171018,25,25,25,25,40
20171019,24.8999,24.8999,24.8925,24.8999,800
20171020,25.19,25.19,25.09,25.09,561
20171023,25.22,25.22,25.139,25.139,265
20171024,25.139,25.139,25.139,25.139,190
20171025,24.98,24.98,24.98,24.98,424
20171026,25.08,25.08,25.05,25.05,1758
20171027,25.009,25.009,25.009,25.009,539
20171030,24.999,24.999,24.95,24.98,2000
20171101,25.23,25.35,25.23,25.35,700
20171102,25.35,25.35,25.35,25.35,16
20171103,25.39,25.4042,25.39,25.4042,1583
20171106,25.4401,25.4401,25.4401,25.4401,300
20171108,25.3901,25.3901,25.3901,25.3901,216
20171109,25.3901,25.3901,25.3901,25.3901,40
20171113,25.199,25.199,25.199,25.199,325
20171120,25.4157,25.4157,25.4157,25.4157,587
20171124,25.7114,25.7114,25.7114,25.7114,125
20171127,25.61,25.61,25.61,25.61,149
20171130,25.61,25.61,25.61,25.61,24
20171205,25.61,25.61,25.61,25.61,7
20171208,25.57,25.57,25.57,25.57,100
20171211,25.66,25.66,25.66,25.66,100
20171213,25.64,25.64,25.64,25.64,5
20171215,25.61,25.61,25.61,25.61,1180
20171218,25.85,25.85,25.85,25.85,234
20171219,25.94,25.94,25.9399,25.9399,200
20171220,25.9399,25.9399,25.9399,25.9399,15
20171227,26.05,26.05,26.05,26.05,1015
20180102,26.389,26.41,26.38,26.41,1500
20180103,26.41,26.41,26.41,26.41,2
20180104,26.839,26.839,26.819,26.819,1385
20180105,26.919,26.919,26.919,26.919,400
20180108,26.94,26.94,26.94,26.94,24
20180109,26.94,26.94,26.94,26.94,2
20180110,26.99,26.9975,26.979,26.989,552
20180111,26.989,26.989,26.989,26.989,79
20180112,26.989,26.989,26.989,26.989,16
20180117,26.989,26.989,26.989,26.989,68
20180118,26.989,26.989,26.989,26.989,75
20180123,28,28.02,28,28.02,300
20180124,28.07,28.07,28.02,28.02,280
20180126,28.02,28.02,28.02,28.02,28
20180129,28.14,28.14,28.14,28.14,119
20180130,27.78,27.78,27.78,27.78,360
20180206,27.78,27.78,27.78,27.78,20
20180208,25.93,25.93,25.9225,25.9225,846
20180215,26.7,26.715,26.7,26.715,775
20180223,26.78,26.78,26.78,26.78,13
20180226,26.78,26.78,26.78,26.78,72
20180301,26.78,26.78,26.78,26.78,20
20180305,26.18,26.18,26.18,26.18,4
20180306,26.57,26.5716,26.57,26.5716,300
20180307,26.5716,26.5716,26.5716,26.5716,20
20180308,26.5716,26.5716,26.5716,26.5716,53
20180309,26.93,26.9316,26.93,26.9316,400
20180314,26.9316,26.9316,26.9316,26.9316,18
20180320,26.9316,26.9316,26.9316,26.9316,20
20180321,26.9316,26.9316,26.9316,26.9316,50
20180327,26.9316,26.9316,26.9316,26.9316,50
20180402,26.9316,26.9316,26.9316,26.9316,7
20180404,25.72,25.72,25.72,25.72,2
20180405,26.46,26.46,26.46,26.46,4
20180406,26.39,26.39,26.39,26.39,195
20180409,26.35,26.35,26.35,26.35,2
20180410,26.66,26.66,26.66,26.66,6
20180411,26.52,26.52,26.52,26.52,2
20180412,26.52,26.52,26.52,26.52,6
20180413,26.95,26.95,26.95,26.95,1
20180423,26.95,26.95,26.95,26.95,10
20180424,27.009,27.009,27.009,27.009,750
20180425,27.009,27.009,27.009,27.009,10
20180426,27.009,27.009,27.009,27.009,45
20180427,27.009,27.009,27.009,27.009,11
20180501,26.69,26.69,26.56,26.67,836
20180502,26.731,26.74,26.725,26.74,832
20180503,26.74,26.74,26.74,26.74,11
20180504,26.54,26.54,26.54,26.54,5
20180507,26.54,26.54,26.54,26.54,22
20180511,27.325,27.325,27.325,27.325,122
20180516,27.325,27.325,27.325,27.325,30
20180517,27.325,27.325,27.325,27.325,83
20180522,27.325,27.325,27.325,27.325,10
20180524,27.325,27.325,27.325,27.325,10
20180529,27.325,27.325,27.325,27.325,10
20180530,26.9,26.9,26.891,26.891,380
20180531,26.891,26.891,26.891,26.891,10
20180606,27.41,27.41,27.41,27.41,375
20180611,27.41,27.41,27.41,27.41,99
20180612,27.41,27.41,27.41,27.41,1000
20180613,27.37,27.37,27.37,27.37,375
20180615,27.1,27.1,27.1,27.1,101
20180619,27.1,27.1,27.1,27.1,1
20180706,26.21,26.21,26.21,26.21,4
20180709,26.67,26.67,26.67,26.67,183
20180710,26.88,26.88,26.8792,26.8792,258
20180713,26.8792,26.8792,26.8792,26.8792,10
20180727,26.8792,26.8792,26.8792,26.8792,87
20180806,26.46,26.46,26.46,26.46,105
20180814,26.25,26.25,26.25,26.25,19
20180816,26.08,26.08,26.08,26.08,43
20180817,26.08,26.08,26.08,26.08,2
20180827,27.0601,27.0778,27.0601,27.0778,1000
20180828,27.09,27.09,27.09,27.09,129
20180829,27.1252,27.1252,27.1252,27.1252,200
20180830,27,27,27,27,650
20181026,23.9147,24,23.9147,24,315
20181029,24.19,24.19,24.19,24.19,240
20181108,25.28,25.28,25.28,25.28,100
20181128,24.3,24.3,24.3,24.3,100
20181130,24.53,24.53,24.53,24.53,885
20181211,23.41,23.41,23.41,23.41,100
20181219,22.64,22.64,22.64,22.64,100
20181221,22.42,22.42,22.42,22.42,234
20181224,21.53,21.53,21.4678,21.4678,1000
20190103,22.17,22.17,22.17,22.17,100
20190110,23.491,23.491,23.491,23.491,500
20190116,23.63,23.63,23.63,23.63,100
20190118,24.2,24.2,24.1818,24.1818,350
20190130,24.43,24.43,24.43,24.43,100
20190201,24.5803,24.5803,24.5803,24.5803,500
20190205,24.74,24.74,24.74,24.74,183
20190219,25.27,25.27,25.27,25.27,100
20190401,25.84,25.84,25.84,25.84,100
20190703,25.6501,25.6704,25.6501,25.6704,200
20190705,25.35,25.35,25.35,25.35,100
20190708,25.36,25.36,25.36,25.36,100
20190725,25.6961,25.6961,25.6961,25.6961,400
20190729,25.57,25.606,25.56,25.606,1400
