Date,Open,High,Low,Close,Volume
20100607,17.383,17.383,17.383,17.383,116
20100608,17.4,17.4,17.381,17.4,2211
20100609,17.4,17.4,17.383,17.383,861
20100610,17.357,17.357,17.357,17.357,698
20100611,17.237,17.297,17.237,17.297,9543
20100615,17.383,17.383,17.357,17.357,5253
20100616,17.3,17.308,17.297,17.297,6494
20100617,17.366,17.4,17.366,17.4,16293
20100618,17.443,17.443,17.443,17.443,1023
20100621,17.426,17.443,17.426,17.443,5469
20100622,17.426,17.435,17.426,17.435,9892
20100623,17.564,17.564,17.555,17.555,1978
20100624,17.607,17.607,17.546,17.598,13413
20100625,17.572,17.598,17.572,17.598,1164
20100628,17.624,17.632,17.624,17.632,10265
20100629,17.727,17.727,17.727,17.727,3236
20100630,17.736,17.736,17.729,17.736,3986
20100701,17.827,17.827,17.827,17.827,168
20100702,17.784,17.784,17.775,17.775,1277
20100706,17.679,17.698,17.679,17.698,1655
20100708,17.775,17.81,17.773,17.81,10498
20100709,17.738,17.738,17.689,17.689,1121
20100712,17.758,17.775,17.758,17.758,6251
20100714,17.775,17.801,17.772,17.792,13759
20100715,17.861,17.861,17.847,17.861,5145
20100716,17.901,17.978,17.892,17.965,14609
20100719,18.002,18.01,17.998,18.008,5155
20100720,17.99,17.99,17.99,17.99,3739
20100721,18.008,18.051,18.007,18.025,7650
20100722,18.051,18.059,18.021,18.059,12352
20100723,18.025,18.042,18.008,18.008,37621
20100726,17.956,18.051,17.956,17.973,14075
20100727,17.982,18.033,17.971,17.99,5620
20100728,18.016,18.042,18.016,18.025,10578
20100729,18.077,18.12,18.077,18.077,5806
20100730,18.128,18.128,18.085,18.094,6851
20100802,18.197,18.241,18.137,18.197,16637
20100803,18.139,18.139,18.13,18.137,4690
20100804,18.189,18.189,18.16,18.18,3271
20100805,18.146,18.206,18.146,18.206,25066
20100806,18.197,18.197,18.185,18.197,8429
20100809,18.267,18.267,18.257,18.258,5794
20100810,18.232,18.327,18.232,18.318,8088
20100811,18.336,18.353,18.32,18.327,26009
20100812,18.353,18.353,18.334,18.344,2808
20100813,18.284,18.336,18.284,18.336,3587
20100816,18.448,18.448,18.405,18.405,2286
20100817,18.465,18.465,18.457,18.457,2855
20100818,18.422,18.422,18.396,18.413,1738
20100819,18.413,18.439,18.413,18.439,8211
20100820,18.465,18.483,18.465,18.474,7945
20100823,18.439,18.439,18.422,18.422,232
20100824,18.484,18.484,18.432,18.474,8309
20100825,18.515,18.517,18.474,18.474,10995
20100826,18.474,18.474,18.465,18.465,2808
20100827,18.448,18.448,18.413,18.431,27646
20100830,18.388,18.396,18.388,18.396,11456
20100831,18.457,18.457,18.433,18.457,7280
20100901,18.452,18.452,18.452,18.452,6943
20100903,18.305,18.305,18.305,18.305,2788
20100907,18.338,18.372,18.338,18.357,32246
20100908,18.444,18.444,18.431,18.435,15497
20100909,18.392,18.392,18.392,18.392,354
20100910,18.305,18.305,18.305,18.305,2168
20100913,18.305,18.305,18.305,18.305,2222
20100914,18.4,18.4,18.4,18.4,1154
20100915,18.461,18.461,18.435,18.435,4003
20100916,18.392,18.409,18.374,18.392,15087
20100917,18.366,18.374,18.357,18.374,11523
20100920,18.487,18.487,18.418,18.426,11019
20100921,18.444,18.513,18.444,18.496,22754
20100922,18.574,18.634,18.574,18.608,3520
20100923,18.626,18.626,18.591,18.608,12080
20100924,18.582,18.582,18.579,18.582,4646
20100927,18.556,18.565,18.556,18.565,6164
20100928,18.582,18.643,18.582,18.643,4094
20100929,18.695,18.695,18.686,18.686,8318
20100930,18.652,18.652,18.6,18.643,8063
20101001,18.658,18.667,18.658,18.666,773
20101004,18.646,18.646,18.64,18.64,4128
20101005,18.647,18.786,18.647,18.684,9663
20101006,18.762,18.788,18.762,18.779,9546
20101007,18.892,18.892,18.875,18.875,3431
20101008,18.849,18.849,18.849,18.849,116
20101011,18.927,18.944,18.918,18.927,8219
20101012,18.884,18.884,18.831,18.831,1966
20101013,18.927,18.927,18.814,18.814,20559
20101014,18.805,18.831,18.753,18.762,10038
20101015,18.76,18.76,18.673,18.692,3983
20101018,18.654,18.654,18.64,18.64,1723
20101019,18.675,18.675,18.675,18.675,5756
20101020,18.727,18.736,18.71,18.71,1232
20101021,18.719,18.727,18.675,18.701,7205
20101022,18.675,18.675,18.675,18.675,1272
20101025,18.676,18.702,18.65,18.684,5621
20101026,18.692,18.692,18.692,18.692,576
20101027,18.649,18.649,18.597,18.649,4566
20101028,18.649,18.649,18.649,18.649,1136
20101029,18.675,18.675,18.675,18.675,576
20101101,18.833,18.833,18.794,18.807,1188
20101103,18.815,18.815,18.815,18.815,316
20101104,18.876,18.876,18.833,18.833,10906
20101105,18.95,18.95,18.911,18.911,6492
20101108,18.894,18.894,18.894,18.894,264
20101109,18.902,18.902,18.902,18.902,2296
20101110,18.772,18.815,18.763,18.815,6658
20101111,18.713,18.833,18.698,18.728,5727
20101112,18.789,18.807,18.789,18.807,2709
20101115,18.589,18.589,18.545,18.545,369
20101116,18.493,18.528,18.459,18.528,6231
20101117,18.554,18.554,18.554,18.554,2066
20101118,18.502,18.502,18.449,18.449,3388
20101119,18.484,18.493,18.484,18.493,3556
20101122,18.554,18.615,18.554,18.615,2307
20101123,18.702,18.702,18.702,18.702,804
20101124,18.506,18.506,18.449,18.449,3071
20101126,18.423,18.467,18.423,18.467,5342
20101129,18.576,18.584,18.569,18.571,7651
20101130,18.545,18.606,18.545,18.563,83944
20101201,18.491,18.526,18.491,18.526,16229
20101202,18.334,18.395,18.334,18.351,10989
20101203,18.491,18.491,18.404,18.439,12987
20101206,18.465,18.491,18.395,18.491,4937
20101207,18.404,18.404,18.404,18.404,2803
20101208,18.199,18.199,18.164,18.185,6098
20101209,18.255,18.255,18.212,18.255,688
20101210,18.264,18.264,18.229,18.229,4809
20101213,18.182,18.252,18.182,18.203,1608
20101214,18.107,18.133,18.107,18.133,458
20101215,18.019,18.045,18.019,18.045,1430
20101216,18.072,18.072,18.045,18.045,2537
20101217,18.098,18.176,18.098,18.176,1820
20101220,18.308,18.308,18.308,18.308,2632
20101221,18.282,18.3,18.247,18.299,5297
20101222,18.328,18.336,18.29,18.29,2765
20101223,18.229,18.238,18.198,18.238,4515
20101227,18.22,18.22,18.22,18.22,572
20101228,18.211,18.238,18.211,18.211,6128
20101229,18.161,18.318,18.161,18.284,1118
20101230,18.346,18.346,18.319,18.319,1819
20101231,18.416,18.468,18.346,18.468,30396
20110103,18.179,18.372,18.179,18.372,6369
20110104,18.416,18.459,18.395,18.451,41103
20110105,18.372,18.398,18.328,18.354,957997
20110106,18.354,18.381,18.35,18.381,4335
20110107,18.468,18.486,18.442,18.477,6817
20110110,18.512,18.512,18.451,18.503,2948
20110111,18.503,18.512,18.46,18.468,45530
20110112,18.398,18.442,18.363,18.442,31592
20110113,18.451,18.512,18.442,18.512,12484
20110114,18.565,18.573,18.498,18.512,20569
20110118,18.477,18.486,18.42,18.459,47305
20110119,18.468,18.468,18.425,18.468,2935
20110120,18.423,18.423,18.367,18.398,2642
20110121,18.424,18.434,18.419,18.433,7903
20110124,18.424,18.477,18.424,18.477,6469
20110125,18.512,18.547,18.486,18.538,14523
20110126,18.511,18.511,18.449,18.477,9767
20110127,18.416,18.433,18.382,18.433,19744
20110128,18.459,18.556,18.44,18.556,9355
20110131,18.553,18.582,18.51,18.53,8573
20110201,18.496,18.501,18.458,18.493,3612
20110202,18.437,18.464,18.367,18.422,12423
20110203,18.378,18.387,18.336,18.378,4687
20110204,18.326,18.335,18.141,18.291,27983
20110207,18.255,18.273,18.255,18.273,8420
20110208,18.291,18.308,18.238,18.238,85600
20110209,18.255,18.317,18.247,18.264,16446
20110210,18.273,18.273,18.212,18.229,9698
20110211,18.255,18.317,18.255,18.317,12250
20110214,18.361,18.378,18.308,18.308,7655
20110215,18.37,18.396,18.343,18.396,9053
20110216,18.396,18.396,18.326,18.37,9921
20110217,18.387,18.405,18.387,18.396,16974
20110218,18.396,18.431,18.396,18.431,25570
20110222,18.458,18.475,18.431,18.475,16043
20110223,18.572,18.624,18.545,18.563,55286
20110224,18.51,18.537,18.51,18.519,8393
20110225,18.528,18.545,18.519,18.545,12757
20110228,18.568,18.577,18.563,18.563,12446
20110301,18.538,18.556,18.521,18.531,12245
20110302,18.505,18.549,18.505,18.522,26460
20110303,18.426,18.461,18.417,18.452,9969
20110304,18.477,18.529,18.477,18.522,14433
20110307,18.532,18.549,18.532,18.54,4933
20110308,18.54,18.54,18.47,18.54,11326
20110309,18.505,18.566,18.505,18.566,16889
20110310,18.624,18.694,18.606,18.69,23383
20110311,18.69,18.69,18.679,18.69,6174
20110314,18.681,18.725,18.681,18.716,19862
20110315,18.737,18.76,18.734,18.734,7822
20110316,18.716,18.752,18.699,18.751,10540
20110317,18.769,18.822,18.769,18.822,20680
20110318,18.787,18.809,18.734,18.795,30563
20110321,18.751,18.751,18.72,18.743,5711
20110322,18.699,18.707,18.699,18.707,15655
20110323,18.707,18.707,18.663,18.707,10792
20110324,18.655,18.655,18.646,18.646,12588
20110325,18.602,18.611,18.562,18.575,7352
20110328,18.611,18.611,18.496,18.558,16190
20110329,18.537,18.537,18.529,18.531,3155
20110330,18.533,18.551,18.49,18.54,18516
20110331,18.584,18.584,18.494,18.522,13707
20110401,18.538,18.583,18.515,18.558,8151
20110404,18.602,18.602,18.54,18.593,11122
20110405,18.593,18.593,18.54,18.54,10307
20110406,18.575,18.575,18.437,18.514,11686
20110407,18.556,18.556,18.503,18.505,12616
20110408,18.544,18.588,18.5,18.558,23342
20110411,18.496,18.522,18.372,18.425,894286
20110412,18.567,18.567,18.47,18.531,10644
20110413,18.417,18.558,18.416,18.558,5240
20110414,18.622,18.622,18.516,18.531,9506
20110415,18.602,18.628,18.567,18.62,7332
20110418,18.584,18.628,18.584,18.611,9277
20110419,18.726,18.726,18.655,18.673,6158
20110420,18.708,18.708,18.628,18.637,6221
20110421,18.699,18.699,18.62,18.637,17177
20110425,18.77,18.77,18.65,18.673,10194
20110426,18.832,18.832,18.704,18.743,13878
20110427,18.8,18.8,18.685,18.761,9047
20110428,18.867,18.867,18.743,18.796,19664
20110429,18.92,18.92,18.779,18.84,16453
20110502,18.895,18.949,18.833,18.869,40396
20110503,18.887,18.912,18.842,18.86,20481
20110504,18.931,18.94,18.851,18.913,13499
20110505,18.969,18.969,18.903,18.922,40258
20110506,18.993,18.993,18.913,18.949,14976
20110509,18.975,18.975,18.957,18.966,16512
20110510,18.993,18.993,18.92,18.922,20897
20110511,18.922,18.949,18.878,18.949,10613
20110512,18.97,18.979,18.931,18.957,11367
20110513,18.878,19.002,18.878,19.002,1516
20110516,18.965,18.982,18.902,18.975,36018
20110517,19.136,19.136,18.973,19.002,10460
20110518,18.984,19.011,18.941,18.975,15537
20110519,18.994,18.994,18.887,18.966,5520
20110520,19.004,19.004,18.966,18.966,6682
20110523,19.028,19.037,18.975,19.002,14731
20110524,19.019,19.019,18.958,19.011,11716
20110525,19.014,19.037,18.987,19.037,2795
20110526,19.031,19.075,19.013,19.073,12818
20110527,19.073,19.116,19.073,19.108,12967
20110531,19.099,19.161,19.081,19.161,5117
20110601,19.195,19.248,19.168,19.186,4736
20110602,19.204,19.204,19.097,19.097,11053
20110603,19.142,19.204,19.086,19.142,12842
20110606,19.124,19.168,19.097,19.106,15319
20110607,19.143,19.24,19.14,19.213,29465
20110608,19.195,19.266,19.159,19.195,31763
20110609,19.204,19.222,19.106,19.151,18922
20110610,19.115,19.193,19.115,19.133,13260
20110613,19.115,19.133,19.071,19.115,13369
20110614,18.982,19.035,18.982,18.982,15070
20110615,19.071,19.142,18.991,19.106,47550
20110616,19.142,19.151,19.071,19.115,36182
20110617,19.142,19.168,19.114,19.151,7782
20110620,19.159,19.168,19.106,19.142,4725
20110621,19.204,19.204,19.097,19.151,21341
20110622,19.204,19.364,19.106,19.133,17457
20110623,19.142,19.186,19.115,19.168,8750
20110624,19.181,19.234,19.101,19.231,6096
20110627,19.213,19.213,19.124,19.159,28844
20110628,19.133,19.151,19.035,19.035,20557
20110629,19.008,19.013,18.946,18.973,9368
20110630,18.955,19.062,18.919,18.973,19387
20110701,18.975,18.975,18.842,18.895,5094
20110705,19.038,19.038,19.011,19.011,9279
20110706,19.038,19.047,19.002,19.011,7671
20110707,19.091,19.091,19.011,19.038,30739
20110708,19.091,19.234,19.091,19.163,28012
20110711,19.172,19.243,19.172,19.216,37967
20110712,19.252,19.261,19.207,19.261,15244
20110713,19.261,19.279,19.261,19.279,7838
20110714,19.335,19.335,19.225,19.225,15792
20110715,19.216,19.216,19.216,19.216,11808
20110718,19.214,19.225,19.189,19.225,6015
20110719,19.216,19.225,19.181,19.225,19759
20110720,19.261,19.261,19.181,19.225,7188
20110721,19.261,19.261,19.127,19.189,5879
20110722,19.27,19.296,19.234,19.234,7540
20110725,19.207,19.288,19.207,19.234,24074
20110726,19.266,19.284,19.204,19.279,21948
20110727,19.288,19.288,19.241,19.261,4134
20110728,19.277,19.304,19.232,19.296,8581
20110729,19.389,19.389,19.333,19.386,8571
20110801,19.512,19.601,19.485,19.547,15359
20110802,19.601,19.61,19.521,19.592,8425
20110803,19.553,19.589,19.521,19.521,7292
20110804,19.539,19.592,19.521,19.539,11990
20110805,19.55,19.577,19.424,19.449,12447
20110808,19.417,19.435,19.247,19.378,7445
20110809,19.31,19.515,19.241,19.494,25970
20110810,19.539,19.574,19.512,19.512,10270
20110811,19.288,19.503,19.243,19.243,6803
20110812,19.44,19.512,19.422,19.422,3494
20110815,19.27,19.503,19.27,19.413,10431
20110816,19.247,19.44,19.247,19.44,10421
20110817,19.274,19.462,19.274,19.44,9408
20110818,19.422,19.539,19.351,19.351,8290
20110819,19.243,19.306,19.243,19.306,2765
20110822,19.213,19.347,19.213,19.27,22886
20110823,19.235,19.252,19.19,19.208,13230
20110824,19.074,19.235,19.056,19.109,10105
20110825,19.1,19.226,19.1,19.217,3776
20110826,19.154,19.252,19.154,19.19,6391
20110829,19.074,19.226,19.074,19.226,17252
20110830,19.185,19.337,19.185,19.315,7617
20110831,19.299,19.398,19.21,19.333,6015
20110901,19.315,19.468,19.315,19.378,12742
20110902,19.414,19.414,19.381,19.414,6357
20110906,19.432,19.432,19.337,19.378,7105
20110907,19.432,19.494,19.343,19.414,9768
20110908,19.458,19.458,19.342,19.369,10480
20110909,19.414,19.432,19.369,19.369,8609
20110912,19.306,19.378,19.279,19.279,18892
20110913,19.288,19.297,19.234,19.288,17494
20110914,19.342,19.342,19.234,19.243,16447
20110915,19.216,19.261,19.18,19.18,18334
20110916,19.136,19.36,19.136,19.261,83302
20110919,19.288,19.297,19.27,19.279,18816
20110920,19.234,19.324,19.234,19.297,19989
20110921,19.091,19.18,19.082,19.163,9207
20110922,19.163,19.171,19.104,19.145,19411
20110923,19.1,19.1,19.037,19.037,12066
20110926,19.234,19.234,18.911,19.01,219493
20110927,18.975,19.029,18.894,19.019,10932
20110928,18.983,18.983,18.849,18.92,11663
20110929,19.001,19.001,18.92,18.947,12223
20110930,18.947,18.947,18.876,18.902,13414
20111003,18.953,18.953,18.859,18.872,7547
20111004,18.89,18.89,18.722,18.773,21768
20111005,18.827,18.827,18.737,18.755,11105
20111006,18.732,19.775,18.714,18.791,64726
20111007,18.719,18.809,18.719,18.791,4958
20111010,18.638,18.71,18.611,18.665,5025
20111011,18.678,18.741,18.678,18.737,31452
20111012,18.701,18.836,18.701,18.827,8754
20111013,18.738,18.873,18.738,18.863,8371
20111014,18.782,18.872,18.782,18.872,3196
20111017,18.809,18.987,18.809,18.908,5652
20111018,18.953,18.993,18.917,18.917,16828
20111019,19.088,19.088,18.98,18.98,18992
20111020,19.079,19.169,18.998,19.079,19642
20111021,19.079,19.169,19.026,19.106,12650
20111024,19.205,19.223,19.115,19.16,2465
20111025,19.156,19.201,19.084,19.196,37748
20111026,19.234,19.279,19.231,19.267,6574
20111027,19.285,19.375,19.241,19.312,13352
20111028,19.303,19.357,19.294,19.303,14456
20111031,19.367,19.376,19.331,19.375,4591
20111101,19.358,19.367,19.304,19.358,7622
20111102,19.368,19.512,19.368,19.494,10797
20111103,19.472,19.49,19.391,19.484,6244
20111104,19.442,19.496,19.442,19.484,18916
20111107,19.448,19.494,19.43,19.466,14066
20111108,19.484,19.484,19.403,19.439,21150
20111109,19.403,19.412,19.36,19.367,19914
20111110,19.367,19.412,19.313,19.367,40790
20111111,19.304,19.394,19.304,19.349,16611
20111114,19.369,19.387,19.342,19.349,15322
20111115,19.332,19.332,19.242,19.268,16586
20111116,19.295,19.295,19.241,19.268,9088
20111117,19.232,19.232,19.16,19.178,9978
20111118,19.25,19.25,19.106,19.178,18988
20111121,19.124,19.124,19.018,19.025,16681
20111122,19.016,19.07,18.934,19.07,2707
20111123,18.916,18.971,18.853,18.953,16785
20111125,18.835,18.862,18.835,18.862,484
20111128,18.953,19.016,18.916,19.016,21470
20111129,18.889,18.989,18.889,18.943,12340
20111130,19.007,19.052,18.962,19.034,28846
20111201,18.904,19.031,18.904,19.031,7482
20111202,19.085,19.148,19.067,19.085,64780
20111205,19.121,19.178,19.077,19.176,15452
20111206,19.121,19.165,19.067,19.148,7286
20111207,19.148,19.194,19.121,19.194,22570
20111208,19.158,19.185,19.148,19.185,42057
20111209,19.194,19.212,19.167,19.176,36092
20111212,19.158,19.176,19.139,19.148,19603
20111213,19.148,19.23,19.148,19.194,29145
20111214,19.158,19.203,19.148,19.158,17632
20111215,19.185,19.221,19.154,19.221,5225
20111216,19.203,19.239,19.198,19.212,12514
20111219,19.203,19.238,19.203,19.212,3561
20111220,19.194,19.266,19.194,19.266,18060
20111221,19.194,19.194,19.139,19.158,34734
20111222,19.176,19.203,19.152,19.185,53347
20111223,19.158,19.176,19.067,19.121,21760
20111227,19.118,19.191,19.118,19.167,16066
20111228,19.147,19.264,19.147,19.255,37569
20111229,19.219,19.264,19.177,19.246,22723
20111230,19.305,19.346,19.278,19.328,29389
20120103,19.283,19.364,19.283,19.319,62127
20120104,19.283,19.355,19.264,19.346,51410
20120105,19.292,19.355,19.274,19.337,69395
20120106,19.344,19.4,19.337,19.337,14247
20120109,19.337,19.437,19.337,19.428,18624
20120110,19.391,19.464,19.391,19.428,39874
20120111,19.419,19.5,19.419,19.491,57226
20120112,19.455,19.509,19.455,19.482,14579
20120113,19.5,19.555,19.482,19.536,66458
20120117,19.609,19.609,19.527,19.573,45481
20120118,19.582,19.618,19.572,19.6,71515
20120119,19.672,19.672,19.618,19.627,61179
20120120,19.627,19.654,19.627,19.636,57571
20120123,19.618,19.618,19.573,19.618,53410
20120124,19.627,19.627,19.591,19.6,8456
20120125,19.645,19.763,19.586,19.763,67072
20120126,19.827,19.827,19.784,19.808,14557
20120127,19.817,19.845,19.807,19.836,23735
20120130,19.845,19.845,19.79,19.817,67864
20120131,19.817,19.854,19.8,19.854,25353
20120201,19.928,19.928,19.819,19.91,90923
20120202,19.892,19.991,19.874,19.919,15187
20120203,19.928,20.004,19.928,19.956,41002
20120206,19.937,20.03,19.937,20.03,25270
20120207,19.965,19.983,19.946,19.974,39878
20120208,19.983,20.001,19.974,19.974,197834
20120209,19.969,19.987,19.951,19.965,28439
20120210,19.946,19.996,19.942,19.992,33468
20120213,19.946,20.04,19.946,20.01,21849
20120214,19.965,20.001,19.956,19.965,37138
20120215,19.986,20.03,19.986,19.99,10607
20120216,19.974,19.974,19.919,19.956,49495
20120217,19.937,19.974,19.927,19.974,26680
20120221,19.937,19.974,19.928,19.956,38933
20120222,19.928,19.956,19.928,19.956,14211
20120223,19.937,19.983,19.928,19.974,47041
20120224,19.974,20.001,19.965,19.992,71497
20120227,20.04,20.06,20,20.06,49650
20120228,20.04,20.11,20.04,20.09,25822
20120229,20.15,20.16,20.1,20.13,51960
20120301,20.08,20.16,20.08,20.15,34198
20120302,20.12,20.18,20.12,20.17,29743
20120305,20.14,20.15,20.09,20.11,36540
20120306,20.1,20.12,20.07,20.08,67200
20120307,20.12,20.12,20.08,20.09,16163
20120308,20.12,20.12,20.08,20.09,35563
20120309,20.09,20.09,20.05,20.05,25334
20120312,20.13,20.13,20.06,20.08,31254
20120313,20.06,20.06,20.01,20.02,24931
20120314,20,20,19.939,19.948,15902
20120315,19.993,20.002,19.974,19.993,48598
20120316,20,20.02,19.972,20.02,91710
20120319,19.975,19.975,19.945,19.948,19691
20120320,19.921,19.931,19.867,19.92,43488
20120321,19.957,19.993,19.947,19.993,273394
20120322,19.993,20.01,19.975,19.984,77271
20120323,20.01,20.03,19.996,20.02,13254
20120326,20.06,20.06,20,20.04,13989
20120327,20.07,20.09,20.06,20.09,13952
20120328,20.08,20.08,20.04,20.06,22704
20120329,20.09,20.09,20.02,20.07,5893
20120330,20.08,20.09,20.04,20.06,21865
20120402,20.14,20.14,20.09,20.11,54775
20120403,20.12,20.12,20.01,20.01,43343
20120404,20.06,20.06,20.03,20.05,29743
20120405,20.07,20.08,20.04,20.07,22673
20120409,20.14,20.14,20.09,20.11,12495
20120410,20.28,20.28,20.08,20.1,16881
20120411,20.15,20.15,20.08,20.11,15971
20120412,20.14,20.14,20.05,20.1,39568
20120413,20.18,20.18,20.08,20.08,47065
20120416,20.14,20.14,20.04,20.1,14735
20120417,20.16,20.16,20.09,20.12,20305
20120418,20.14,20.14,20.12,20.14,15746
20120419,20.14,20.17,20.14,20.15,24549
20120420,20.14,20.15,20.13,20.15,18408
20120423,20.16,20.16,20.13,20.16,27765
20120424,20.17,20.17,20.13,20.16,154416
20120425,20.12,20.15,20.12,20.15,24025
20120426,20.18,20.2,20.15,20.18,83554
20120427,20.2,20.21,20.18,20.21,181787
20120430,20.23,20.26,20.22,20.26,12034
20120501,20.29,20.29,20.21,20.24,78906
20120502,20.25,20.25,20.23,20.24,29782
20120503,20.25,20.28,20.24,20.27,30460
20120504,20.3,20.31,20.28,20.29,13939
20120507,20.29,20.29,20.28,20.29,18395
20120508,20.3,20.31,20.28,20.28,33131
20120509,20.32,20.32,20.28,20.29,91244
20120510,20.27,20.27,20.24,20.27,64511
20120511,20.23,20.27,20.23,20.27,72565
20120514,20.3,20.3,20.24,20.24,30790
20120515,20.26,20.26,20.2,20.22,45654
20120516,20.17,20.22,20.16,20.19,55155
20120517,20.14,20.14,20.11,20.12,22331
20120518,20.06,20.08,20.03,20.07,19489
20120521,20.04,20.07,20.01,20.05,39813
20120522,20.05,20.06,20.01,20.05,66521
20120523,20.09,20.09,20.01,20.03,49712
20120524,20.01,20.04,20.01,20.03,30117
20120525,20.01,20.05,20.01,20.04,11084
20120529,20.05,20.06,20.04,20.04,29821
20120530,20.08,20.09,20.05,20.06,31596
20120531,20.09,20.1,20.03,20.07,54166
20120601,20.05,20.12,20.05,20.09,17306
20120604,20.09,20.09,19.998,20.03,22897
20120605,20.05,20.06,20.01,20.04,54398
20120606,20.06,20.06,20.03,20.04,18748
20120607,20.04,20.14,20.03,20.14,34591
20120608,20.14,20.14,20.09,20.13,32718
20120611,20.12,20.19,20.11,20.18,55445
20120612,20.13,20.13,20.08,20.1,42510
20120613,20.12,20.14,20.08,20.14,30856
20120614,20.1,20.14,20.1,20.12,30069
20120615,20.17,20.18,20.14,20.18,51891
20120618,20.2,20.2,20.16,20.2,17487
20120619,20.21,20.25,20.15,20.18,38338
20120620,20.23,20.26,20.18,20.24,24453
20120621,20.15,20.26,20.15,20.25,39264
20120622,20.24,20.24,20.18,20.24,7557
20120625,20.29,20.29,20.24,20.27,10583
20120626,20.21,20.26,20.21,20.23,18189
20120627,20.21,20.26,20.21,20.26,31120
20120628,20.29,20.29,20.26,20.29,25876
20120629,20.32,20.35,20.27,20.32,75333
20120702,20.38,20.41,20.32,20.39,50568
20120703,20.31,20.4,20.31,20.38,13447
20120705,20.39,20.43,20.39,20.43,17173
20120706,20.42,20.45,20.41,20.44,18568
20120709,20.46,20.48,20.44,20.46,40793
20120710,20.46,20.48,20.46,20.48,39526
20120711,20.49,20.49,20.43,20.46,27090
20120712,20.42,20.48,20.41,20.47,7649
20120713,20.49,20.53,20.44,20.49,40161
20120716,20.56,20.57,20.53,20.55,6474
20120717,20.58,20.59,20.54,20.58,50125
20120718,20.53,20.65,20.53,20.63,27535
20120719,20.6,20.67,20.6,20.64,18375
20120720,20.65,20.66,20.61,20.66,17063
20120723,20.64,20.64,20.62,20.63,26166
20120724,20.63,20.65,20.61,20.64,17687
20120725,20.64,20.64,20.62,20.63,31732
20120726,20.57,20.66,20.57,20.66,35555
20120727,20.58,20.6,20.56,20.59,65696
20120730,20.67,20.7,20.58,20.69,17385
20120731,20.72,20.72,20.67,20.7,24786
20120801,20.7,20.79,20.69,20.71,12991
20120802,20.73,20.76,20.56,20.61,230196
20120803,20.64,20.68,20.61,20.67,41361
20120806,20.71,20.76,20.69,20.73,40407
20120807,20.7,20.73,20.69,20.73,60463
20120808,20.72,20.73,20.65,20.68,11039
20120809,20.64,20.71,20.61,20.71,138997
20120810,20.71,20.73,20.71,20.73,54826
20120813,20.73,20.74,20.72,20.74,123400
20120814,20.62,20.73,20.62,20.72,109217
20120815,20.68,20.69,20.66,20.66,12288
20120816,20.61,20.69,20.61,20.66,51639
20120817,20.62,20.72,20.62,20.68,41116
20120820,20.7,20.73,20.68,20.71,78741
20120821,20.7,20.73,20.69,20.73,19345
20120822,20.75,20.8,20.69,20.8,34873
20120823,20.81,20.82,20.8,20.82,17379
20120824,20.79,20.8,20.77,20.78,34911
20120827,20.81,20.81,20.79,20.81,20397
20120828,20.8,20.81,20.78,20.81,45014
20120829,20.81,20.82,20.78,20.82,17890
20120830,20.82,20.84,20.8,20.83,39250
20120831,20.84,20.91,20.82,20.91,36464
20120904,20.87,20.89,20.83,20.86,28200
20120905,20.88,20.89,20.85,20.88,16876
20120906,20.88,20.89,20.85,20.88,61533
20120907,20.97,20.98,20.91,20.94,83252
20120910,20.95,20.97,20.95,20.96,29043
20120911,20.93,20.95,20.93,20.93,16528
20120912,20.89,20.92,20.89,20.92,108194
20120913,20.91,20.99,20.91,20.98,30537
20120914,20.95,20.98,20.94,20.98,54021
20120917,20.97,21,20.94,20.99,35966
20120918,21.06,21.06,21.01,21.05,43951
20120919,21.07,21.07,21.04,21.06,62372
20120920,21.06,21.07,21.03,21.05,63317
20120921,21.04,21.08,21.01,21.08,30122
20120924,21.06,21.08,21.05,21.08,23826
20120925,21.05,21.08,21.02,21.07,44417
20120926,21.04,21.09,21.04,21.08,23713
20120927,21.08,21.1,21.04,21.09,49620
20120928,21.03,21.14,21.03,21.13,108480
20121001,21.14,21.18,21.08,21.18,63456
20121002,21.17,21.19,21.11,21.19,79120
20121003,21.16,21.2,21.08,21.2,91012
20121004,21.2,21.21,21.19,21.21,14160
20121005,21.21,21.21,21.19,21.21,39388
20121008,21.21,21.24,21.21,21.24,44114
20121009,21.2,21.21,21.18,21.21,24807
20121010,21.18,21.21,21.18,21.21,53886
20121011,21.17,21.22,21.17,21.21,60124
20121012,21.19,21.25,21.14,21.22,55944
20121015,21.18,21.26,21.18,21.26,48942
20121016,21.19,21.26,21.19,21.26,19302
20121017,21.24,21.31,21.21,21.25,49816
20121018,21.26,21.27,21.2,21.26,70041
20121019,21.26,21.26,21.23,21.26,86624
20121022,21.2,21.22,21.16,21.21,200899
20121023,21.18,21.21,21.1,21.21,40084
20121024,21.14,21.23,21.14,21.14,33052
20121025,21.17,21.18,21.11,21.18,58762
20121026,21.21,21.22,21.2,21.21,19158
20121031,21.23,21.25,21.18,21.25,37320
20121101,21.26,21.26,21.24,21.26,13851
20121102,21.29,21.29,21.21,21.21,47767
20121105,21.28,21.29,21.24,21.26,118105
20121106,21.25,21.25,21.18,21.22,60077
20121107,21.29,21.29,21.21,21.24,88727
20121108,21.25,21.26,21.18,21.25,97022
20121109,21.25,21.26,21.2,21.22,95905
20121112,21.24,21.24,21.17,21.24,29327
20121113,21.26,21.26,21.21,21.25,50803
20121114,21.18,21.25,21.18,21.23,64090
20121115,21.14,21.23,21.14,21.22,121802
20121116,21.2,21.22,21.18,21.22,54156
20121119,21.23,21.23,21.19,21.2,27657
20121120,21.2,21.21,21.17,21.18,22552
20121121,21.19,21.19,21.16,21.19,79249
20121123,21.19,21.19,21.14,21.18,20665
20121126,21.2,21.21,21.13,21.19,32876
20121127,21.2,21.22,21.15,21.2,34644
20121128,21.18,21.23,21.15,21.18,39445
20121129,21.2,21.24,21.2,21.24,31648
20121130,21.25,21.26,21.23,21.26,6054
20121203,21.21,21.25,21.21,21.25,39923
20121204,21.2,21.27,21.2,21.27,41006
20121205,21.28,21.3,21.25,21.3,74194
20121206,21.3,21.3,21.22,21.28,33401
20121207,21.27,21.29,21.24,21.28,25184
20121210,21.21,21.3,21.21,21.29,35950
20121211,21.27,21.28,21.23,21.23,28737
20121212,21.28,21.29,21.22,21.27,40319
20121213,21.25,21.25,21.2,21.22,163927
20121214,21.25,21.25,21.19,21.24,25571
20121217,21.23,21.23,21.12,21.13,105624
20121218,21.15,21.21,21.14,21.15,95822
20121219,21.2,21.21,21.18,21.21,94298
20121220,21.22,21.23,21.21,21.22,132355
20121221,21.22,21.23,21.2,21.21,43600
20121224,21.18,21.18,21.11,21.12,62159
20121226,21.21,21.22,21.19,21.19,16433
20121227,21.23,21.25,21.22,21.25,18741
20121228,21.26,21.31,21.23,21.28,219882
20121231,21.26,21.28,21.22,21.25,41393
20130102,21.27,21.35,21.25,21.3,85033
20130103,21.3,21.3,21.25,21.25,134845
20130104,21.26,21.29,21.22,21.29,121167
20130107,21.29,21.29,21.23,21.29,76593
20130108,21.3,21.32,21.23,21.26,18758
20130109,21.32,21.32,21.26,21.31,23376
20130110,21.29,21.3,21.28,21.3,35102
20130111,21.28,21.3,21.26,21.3,21477
20130114,21.3,21.3,21.26,21.29,259342
20130115,21.33,21.33,21.3,21.33,40929
20130116,21.32,21.32,21.28,21.31,64307
20130117,21.27,21.28,21.19,21.26,115420
20130118,21.27,21.29,21.25,21.27,25070
20130122,21.26,21.31,21.24,21.3,66011
20130123,21.31,21.31,21.24,21.29,26317
20130124,21.3,21.31,21.24,21.3,174300
20130125,21.26,21.3,21.22,21.24,63478
20130128,21.22,21.25,21.21,21.24,211184
20130129,21.23,21.26,21.19,21.22,441466
20130130,21.22,21.22,21.15,21.21,99633
20130131,21.23,21.23,21.2,21.21,76976
20130201,21.26,21.27,21.2,21.2,91224
20130204,21.22,21.26,21.17,21.26,48872
20130205,21.24,21.25,21.23,21.25,75622
20130206,21.26,21.27,21.22,21.27,94474
20130207,21.26,21.29,21.26,21.27,118445
20130208,21.27,21.29,21.23,21.29,96248
20130211,21.3,21.3,21.25,21.25,62109
20130212,21.27,21.27,21.22,21.25,73745
20130213,21.23,21.25,21.19,21.23,79537
20130214,21.27,21.27,21.22,21.27,96785
20130215,21.28,21.28,21.23,21.24,42469
20130219,21.28,21.31,21.25,21.27,76077
20130220,21.26,21.3,21.22,21.29,69983
20130221,21.31,21.31,21.27,21.29,303851
20130222,21.33,21.33,21.28,21.3,69553
20130225,21.31,21.35,21.28,21.33,93948
20130226,21.38,21.38,21.36,21.36,60149
20130227,21.39,21.39,21.34,21.38,72198
20130228,21.38,21.38,21.34,21.35,55330
20130301,21.39,21.39,21.36,21.39,112249
20130304,21.4,21.4,21.35,21.38,79166
20130305,21.39,21.39,21.33,21.37,23973
20130306,21.37,21.37,21.34,21.36,48983
20130307,21.36,21.36,21.31,21.34,52956
20130308,21.3,21.31,21.28,21.31,64556
20130311,21.32,21.32,21.25,21.31,30734
20130312,21.32,21.34,21.26,21.34,120454
20130313,21.36,21.36,21.31,21.33,102919
20130314,21.34,21.35,21.3,21.35,32424
20130315,21.36,21.38,21.36,21.37,72079
20130318,21.37,21.4,21.3,21.36,118988
20130319,21.38,21.39,21.37,21.37,170980
20130320,21.41,21.41,21.36,21.39,47677
20130321,21.43,21.43,21.36,21.4,112575
20130322,21.41,21.41,21.37,21.4,85768
20130325,21.37,21.4,21.34,21.4,52081
20130326,21.41,21.43,21.4,21.4,68227
20130327,21.43,21.43,21.39,21.42,38147
20130328,21.41,21.41,21.38,21.4,35832
20130401,21.43,21.43,21.4,21.41,42104
20130402,21.42,21.42,21.37,21.39,49456
20130403,21.38,21.47,21.38,21.45,25059
20130404,21.39,21.47,21.39,21.44,46511
20130405,21.52,21.52,21.46,21.48,50758
20130408,21.45,21.5,21.45,21.48,76711
20130409,21.52,21.52,21.46,21.46,79756
20130410,21.46,21.49,21.45,21.46,69110
20130411,21.47,21.48,21.43,21.47,62443
20130412,21.47,21.52,21.46,21.51,44102
20130415,21.51,21.51,21.47,21.5,44258
20130416,21.45,21.49,21.44,21.46,185546
20130417,21.47,21.49,21.47,21.47,71461
20130418,21.46,21.49,21.45,21.49,91981
20130419,21.5,21.5,21.48,21.49,66724
20130422,21.51,21.52,21.49,21.51,26742
20130423,21.53,21.53,21.51,21.52,44910
20130424,21.52,21.52,21.5,21.52,32385
20130425,21.52,21.52,21.48,21.52,80825
20130426,21.54,21.56,21.52,21.56,140620
20130429,21.56,21.62,21.54,21.57,94913
20130430,21.56,21.57,21.55,21.56,54684
20130501,21.6,21.6,21.58,21.59,169093
20130502,21.61,21.61,21.55,21.59,128668
20130503,21.58,21.58,21.53,21.55,51908
20130506,21.55,21.56,21.53,21.54,136011
20130507,21.55,21.55,21.5,21.5,71740
20130508,21.53,21.54,21.53,21.53,106126
20130509,21.55,21.56,21.51,21.53,111881
20130510,21.52,21.52,21.44,21.47,111465
20130513,21.44,21.48,21.44,21.47,91315
20130514,21.5,21.5,21.41,21.45,50150
20130515,21.47,21.49,21.47,21.48,48837
20130516,21.54,21.55,21.51,21.54,155166
20130517,21.54,21.54,21.47,21.49,76145
20130520,21.47,21.52,21.47,21.5,97207
20130521,21.51,21.51,21.47,21.51,50245
20130522,21.52,21.53,21.43,21.46,116214
20130523,21.47,21.47,21.44,21.47,44880
20130524,21.47,21.47,21.43,21.47,122219
20130528,21.46,21.46,21.38,21.39,56541
20130529,21.35,21.35,21.29,21.34,96378
20130530,21.35,21.36,21.3,21.32,67839
20130531,21.3,21.37,21.25,21.29,62795
20130603,21.28,21.33,21.23,21.28,86017
20130604,21.25,21.32,21.24,21.28,41014
20130605,21.3,21.31,21.25,21.25,57666
20130606,21.23,21.3,21.23,21.28,39935
20130607,21.28,21.29,21.23,21.27,61222
20130610,21.18,21.2,21.12,21.18,132477
20130611,21.04,21.21,21.04,21.21,42967
20130612,21.2,21.22,21.14,21.19,34681
20130613,21.2,21.23,21.15,21.23,63591
20130614,21.27,21.28,21.25,21.28,35346
20130617,21.29,21.29,21.24,21.26,51581
20130618,21.24,21.27,21.24,21.27,41298
20130619,21.26,21.26,21.03,21.1,65316
20130620,20.91,20.96,20.84,20.86,112202
20130621,20.97,20.99,20.84,20.94,117082
20130624,20.75,20.84,20.66,20.77,114200
20130625,20.82,20.87,20.77,20.82,87541
20130626,20.9,20.9,20.84,20.89,72080
20130627,20.95,20.95,20.91,20.95,68327
20130628,20.91,20.96,20.88,20.95,38431
20130701,20.95,20.98,20.9,20.97,42824
20130702,20.95,20.98,20.89,20.97,100937
20130703,20.98,20.98,20.93,20.96,30653
20130705,20.87,20.88,20.83,20.83,67738
20130708,20.83,20.89,20.83,20.89,176805
20130709,20.92,21.01,20.89,20.9,144944
20130710,20.94,20.94,20.89,20.94,74859
20130711,21.03,21.07,21.02,21.05,91196
20130712,21.02,21.07,21,21.02,54538
20130715,21.01,21.07,21,21.06,52102
20130716,21.07,21.08,21.06,21.07,80782
20130717,21.14,21.15,21.11,21.14,97437
20130718,21.15,21.16,21.12,21.15,162183
20130719,21.16,21.16,21.14,21.15,83525
20130722,21.07,21.13,21.07,21.13,143624
20130723,21.19,21.19,21.15,21.18,166019
20130724,21.18,21.18,21.1,21.14,141406
20130725,21.1,21.13,21.06,21.12,140013
20130726,21.14,21.15,21.09,21.12,144853
20130729,21.14,21.18,21.11,21.15,79459
20130730,21.14,21.15,21.11,21.13,131738
20130731,21.13,21.14,21.08,21.14,79610
20130801,21.16,21.16,21.06,21.08,162587
20130802,21.18,21.24,21.11,21.18,179678
20130805,21.19,21.2,21.18,21.19,234026
20130806,21.18,21.19,21.17,21.18,230076
20130807,21.16,21.21,21.15,21.19,66080
20130808,21.21,21.21,21.18,21.2,72672
20130809,21.2,21.23,21.19,21.21,46824
20130812,21.21,21.23,21.19,21.21,49468
20130813,21.18,21.18,21.14,21.14,79319
20130814,21.15,21.16,21.12,21.15,53056
20130815,21.1,21.1,21.04,21.09,133118
20130816,21.09,21.11,21.02,21.06,58707
20130819,21.06,21.07,21.01,21.06,90559
20130820,21.08,21.08,21.06,21.08,39392
20130821,21.08,21.08,21.01,21.02,65886
20130822,21.01,21.03,21,21.01,65129
20130823,21,21.04,20.96,21.03,161978
20130826,21.03,21.07,21.03,21.05,76512
20130827,21.08,21.08,21.04,21.08,63590
20130828,21.07,21.07,21.03,21.04,104974
20130829,20.95,21.08,20.95,21.07,138790
20130830,21.05,21.1,21.02,21.02,89874
20130903,21.03,21.05,21,21.04,59811
20130904,21.04,21.06,21,21.01,74992
20130905,20.97,20.98,20.9,20.92,51939
20130906,20.94,21.01,20.94,20.98,68632
20130909,21.04,21.04,20.97,21.02,175365
20130910,21,21,20.95,20.97,96549
20130911,21.02,21.04,20.94,21.01,136737
20130912,21.05,21.07,21.01,21.04,90935
20130913,21.04,21.06,21.03,21.06,178028
20130916,21.09,21.1,21.04,21.05,57970
20130917,21.09,21.14,21.09,21.12,107392
20130918,21.11,21.34,21.08,21.32,72576
20130919,21.26,21.28,21.24,21.25,83934
20130920,21.25,21.27,21.23,21.26,100541
20130923,21.26,21.28,21.23,21.27,295274
20130924,21.29,21.31,21.28,21.3,145656
20130925,21.32,21.34,21.27,21.34,143807
20130926,21.31,21.33,21.29,21.31,126111
20130927,21.33,21.34,21.29,21.33,125173
20130930,21.27,21.35,21.27,21.34,120073
20131001,21.31,21.32,21.26,21.31,75376
20131002,21.33,21.37,21.31,21.36,129464
20131003,21.34,21.36,21.33,21.35,390654
20131004,21.35,21.35,21.33,21.33,101219
20131007,21.35,21.36,21.31,21.34,159633
20131008,21.34,21.34,21.32,21.33,53591
20131009,21.35,21.35,21.31,21.34,92937
20131010,21.34,21.35,21.31,21.34,125224
20131011,21.35,21.35,21.33,21.35,106196
20131014,21.36,21.36,21.32,21.35,31611
20131015,21.35,21.36,21.32,21.35,86520
20131016,21.35,21.4,21.31,21.37,112552
20131017,21.4,21.43,21.39,21.42,106824
20131018,21.46,21.48,21.46,21.46,81313
20131021,21.47,21.47,21.42,21.45,73070
20131022,21.46,21.51,21.46,21.5,116882
20131023,21.51,21.52,21.5,21.51,231817
20131024,21.52,21.52,21.5,21.5,63454
20131025,21.52,21.52,21.49,21.52,71086
20131028,21.52,21.52,21.5,21.52,123796
20131029,21.52,21.53,21.51,21.52,98739
20131030,21.55,21.57,21.5,21.53,102151
20131031,21.51,21.55,21.5,21.52,78252
20131101,21.53,21.54,21.49,21.5,87552
20131104,21.47,21.51,21.47,21.48,115143
20131105,21.46,21.47,21.44,21.46,58440
20131106,21.5,21.52,21.49,21.51,113192
20131107,21.54,21.55,21.51,21.54,91938
20131108,21.47,21.48,21.42,21.45,133625
20131111,21.43,21.49,21.43,21.47,162936
20131112,21.45,21.45,21.44,21.45,76896
20131113,21.46,21.49,21.45,21.48,117635
20131114,21.5,21.53,21.49,21.52,104414
20131115,21.54,21.54,21.51,21.52,126204
20131118,21.67,21.67,21.51,21.57,90173
20131119,21.55,21.55,21.52,21.54,212908
20131120,21.55,21.58,21.54,21.55,693501
20131121,21.54,21.57,21.53,21.55,73609
20131122,21.54,21.59,21.51,21.57,567911
20131125,21.58,21.59,21.54,21.57,104768
20131126,21.58,21.61,21.56,21.6,222493
20131127,21.59,21.61,21.56,21.58,121081
20131129,21.58,21.61,21.55,21.59,12066
20131202,21.58,21.58,21.52,21.55,80569
20131203,21.61,21.62,21.56,21.56,479809
20131204,21.57,21.57,21.53,21.56,54484
20131205,21.53,21.54,21.5,21.53,78858
20131206,21.52,21.53,21.49,21.53,51572
20131209,21.59,21.59,21.51,21.52,84450
20131210,21.52,21.57,21.52,21.56,158700
20131211,21.59,21.59,21.52,21.53,80992
20131212,21.55,21.55,21.5,21.52,127845
20131213,21.52,21.54,21.51,21.51,48520
20131216,21.88,21.88,21.51,21.52,63441
20131217,21.6,21.6,21.51,21.56,139901
20131218,21.64,21.64,21.53,21.57,90620
20131219,21.65,21.65,21.46,21.51,268596
20131220,21.58,21.58,21.51,21.54,125021
20131223,21.65,21.65,21.46,21.53,93292
20131224,21.52,21.55,21.42,21.5,136369
20131226,21.53,21.53,21.46,21.51,225751
20131227,21.43,21.6,21.43,21.48,92185
20131230,21.57,21.57,21.47,21.5,74897
20131231,21.51,21.59,21.49,21.52,129131
20140102,21.59,21.59,21.5,21.52,177848
20140103,21.54,21.6,21.48,21.51,59859
20140106,21.54,21.54,21.51,21.54,139521
20140107,21.54,21.54,21.52,21.54,114879
20140108,21.54,21.54,21.47,21.5,91867
20140109,21.53,21.53,21.51,21.52,141075
20140110,21.54,21.57,21.54,21.57,57021
20140113,21.63,21.63,21.59,21.62,115034
20140114,21.61,21.61,21.58,21.59,138625
20140115,21.58,21.58,21.55,21.56,62795
20140116,21.58,21.59,21.56,21.59,182111
20140117,21.59,21.59,21.57,21.59,92760
20140121,21.6,21.6,21.58,21.59,127210
20140122,21.6,21.6,21.57,21.57,346619
20140123,21.63,21.64,21.59,21.64,349315
20140124,21.75,21.81,21.61,21.62,247332
20140127,21.64,21.64,21.61,21.63,110443
20140128,21.65,21.65,21.59,21.61,306091
20140129,21.82,21.82,21.6,21.65,199764
20140130,21.6,21.67,21.6,21.65,278812
20140131,21.7,21.7,21.64,21.67,102841
20140203,21.68,21.7,21.65,21.7,138988
20140204,21.71,21.72,21.68,21.72,125659
20140205,21.73,21.73,21.69,21.72,127428
20140206,21.71,21.72,21.69,21.72,237007
20140207,21.7,21.72,21.68,21.71,187465
20140210,21.76,21.76,21.71,21.74,97534
20140211,21.72,21.73,21.69,21.73,103401
20140212,21.74,21.74,21.67,21.7,226409
20140213,21.71,21.72,21.69,21.7,118059
20140214,21.72,21.74,21.72,21.74,144883
20140218,21.69,21.77,21.69,21.74,125819
20140219,21.7,21.76,21.69,21.71,141772
20140220,21.72,21.73,21.7,21.73,114100
20140221,21.74,21.74,21.68,21.74,75927
20140224,21.77,21.77,21.73,21.75,130534
20140225,21.74,21.76,21.74,21.76,102031
20140226,21.76,21.78,21.75,21.77,135367
20140227,21.78,21.79,21.76,21.79,93186
20140228,21.75,21.78,21.74,21.78,84950
20140303,21.78,21.8,21.75,21.79,61101
20140304,21.77,21.78,21.76,21.77,86155
20140305,21.79,21.8,21.77,21.8,133015
20140306,21.79,21.79,21.77,21.78,217364
20140307,21.77,21.77,21.73,21.74,118877
20140310,21.75,21.75,21.73,21.75,119866
20140311,21.73,21.75,21.72,21.74,132043
20140312,21.74,21.76,21.73,21.75,112227
20140313,21.77,21.77,21.71,21.76,120927
20140314,21.76,21.77,21.74,21.77,115070
20140317,21.77,21.77,21.73,21.77,72604
20140318,21.76,21.77,21.72,21.77,123496
20140319,21.77,21.77,21.68,21.69,152847
20140320,21.65,21.66,21.58,21.65,98331
20140321,21.67,21.7,21.64,21.7,139698
20140324,21.67,21.67,21.63,21.66,175795
20140325,21.68,21.69,21.64,21.68,140877
20140326,21.7,21.72,21.67,21.72,129503
20140327,21.7,21.71,21.66,21.7,214363
20140328,21.7,21.71,21.67,21.7,74793
20140331,21.7,21.72,21.65,21.72,136157
20140401,21.72,21.74,21.69,21.74,182623
20140402,21.7,21.72,21.68,21.71,48144
20140403,21.7,21.73,21.7,21.73,133951
20140404,21.75,21.77,21.73,21.76,61590
20140407,21.78,21.8,21.76,21.79,389361
20140408,21.83,21.83,21.77,21.79,99788
20140409,21.78,21.82,21.75,21.82,286141
20140410,21.82,21.84,21.8,21.82,76631
20140411,21.83,21.85,21.82,21.85,119851
20140414,21.84,21.85,21.82,21.84,52161
20140415,21.81,21.82,21.77,21.81,106593
20140416,21.8,21.8,21.77,21.79,123453
20140417,21.76,21.77,21.74,21.75,81843
20140421,21.79,21.79,21.75,21.77,83316
20140422,21.77,21.78,21.76,21.77,176241
20140423,21.76,21.79,21.75,21.78,150528
20140424,21.79,21.79,21.75,21.79,110223
20140425,21.81,21.81,21.78,21.79,277537
20140428,21.77,21.82,21.76,21.8,778467
20140429,21.8,21.83,21.78,21.82,173057
20140430,21.81,21.83,21.79,21.82,982695
20140501,21.83,21.84,21.78,21.82,384637
20140502,21.82,21.85,21.8,21.83,429102
20140505,21.82,21.86,21.79,21.81,133381
20140506,21.82,21.83,21.8,21.83,496116
20140507,21.79,21.83,21.79,21.83,81176
20140508,21.82,21.85,21.81,21.84,82574
20140509,21.82,21.85,21.82,21.85,207532
20140512,21.87,21.87,21.83,21.85,100079
20140513,21.85,21.86,21.83,21.84,143473
20140514,21.87,21.89,21.86,21.88,100372
20140515,21.87,21.88,21.85,21.88,66452
20140516,21.87,21.88,21.86,21.88,117223
20140519,21.83,21.89,21.83,21.88,152938
20140520,21.87,21.91,21.86,21.91,330646
20140521,21.9,21.91,21.87,21.9,87662
20140522,21.9,21.9,21.88,21.9,63500
20140523,21.9,21.9,21.87,21.89,63211
20140527,21.88,21.91,21.86,21.91,67604
20140528,21.9,21.93,21.89,21.91,131791
20140529,21.88,21.89,21.83,21.87,133413
20140530,21.89,21.92,21.89,21.91,83191
20140602,21.95,21.95,21.86,21.89,73109
20140603,21.87,21.89,21.85,21.89,118249
20140604,21.88,21.92,21.85,21.88,75254
20140605,21.92,21.92,21.86,21.9,115247
20140606,21.93,21.93,21.85,21.88,128500
20140609,21.89,21.89,21.85,21.88,69262
20140610,21.83,21.87,21.82,21.87,144042
20140611,21.86,21.87,21.85,21.87,106176
20140612,21.85,21.87,21.84,21.86,79256
20140613,21.89,21.89,21.81,21.82,292588
20140616,21.83,21.85,21.82,21.85,121273
20140617,21.82,21.83,21.81,21.83,72498
20140618,21.84,21.86,21.82,21.86,284574
20140619,21.87,21.87,21.84,21.86,79298
20140620,21.86,21.87,21.83,21.87,62154
20140623,21.88,21.88,21.84,21.87,112511
20140624,21.83,21.87,21.83,21.87,145132
20140625,21.84,21.87,21.83,21.84,133907
20140626,21.87,21.91,21.85,21.89,98680
20140627,21.87,21.89,21.86,21.88,140730
20140630,21.9,21.93,21.89,21.9,202202
20140701,21.95,21.95,21.88,21.92,73103
20140702,21.9,21.91,21.85,21.89,99765
20140703,21.87,21.87,21.83,21.87,118104
20140707,21.88,21.88,21.83,21.86,116657
20140708,21.87,21.88,21.85,21.86,121228
20140709,21.85,21.88,21.82,21.86,92535
20140710,21.9,21.95,21.85,21.89,95124
20140711,21.91,21.92,21.87,21.9,129134
20140714,21.89,21.91,21.87,21.9,50010
20140715,21.91,21.91,21.85,21.89,59306
20140716,21.89,21.89,21.82,21.83,166728
20140717,21.88,21.89,21.85,21.85,28783
20140718,21.82,21.89,21.82,21.87,56787
20140721,21.88,21.89,21.83,21.88,139933
20140722,21.88,21.9,21.86,21.89,85138
20140723,21.9,21.92,21.89,21.9,182661
20140724,21.9,21.9,21.86,21.87,96131
20140725,21.86,21.86,21.84,21.86,89809
20140728,21.89,21.89,21.85,21.86,142864
20140729,21.88,21.88,21.85,21.85,128066
20140730,21.84,21.88,21.84,21.88,94877
20140731,21.86,21.88,21.85,21.87,79566
20140801,21.88,21.94,21.87,21.92,80322
20140804,21.89,21.92,21.87,21.92,61529
20140805,21.92,21.94,21.89,21.91,52817
20140806,21.93,21.94,21.89,21.9,70441
20140807,21.9,21.94,21.88,21.9,83548
20140808,21.91,21.95,21.91,21.93,49591
20140811,21.94,21.94,21.91,21.94,52290
20140812,21.94,21.94,21.9,21.9,40693
20140813,21.9,21.95,21.9,21.95,55887
20140814,21.94,21.96,21.93,21.94,65408
20140815,21.94,21.95,21.88,21.94,55872
20140818,21.95,21.95,21.93,21.95,58711
20140819,21.95,21.96,21.93,21.93,51412
20140820,21.94,21.94,21.9,21.92,62023
20140821,21.93,21.94,21.91,21.93,84736
20140822,21.92,21.93,21.89,21.92,43541
20140825,21.9,21.91,21.87,21.91,111021
20140826,21.92,21.92,21.87,21.91,105957
20140827,21.93,21.93,21.88,21.92,57851
20140828,21.92,21.92,21.87,21.92,52369
20140829,21.92,21.94,21.92,21.93,68722
20140902,21.97,21.97,21.9,21.92,45224
20140903,21.9,21.93,21.89,21.92,46941
20140904,21.93,21.93,21.87,21.9,50803
20140905,21.9,21.94,21.9,21.93,72321
20140908,21.88,21.93,21.88,21.88,111296
20140909,21.9,21.9,21.85,21.89,861714
20140910,21.86,21.88,21.84,21.88,356093
20140911,21.89,21.89,21.86,21.88,72737
20140912,21.86,21.86,21.82,21.86,99517
20140915,21.85,21.87,21.8,21.86,126548
20140916,21.89,21.91,21.87,21.89,139618
20140917,21.9,21.9,21.86,21.86,76320
20140918,21.87,21.87,21.83,21.86,56585
20140919,21.85,21.87,21.83,21.87,176282
20140922,21.87,21.88,21.86,21.88,155234
20140923,21.88,21.89,21.86,21.87,71217
20140924,21.86,21.89,21.84,21.88,105237
20140925,21.85,21.91,21.84,21.91,80639
20140926,21.91,21.91,21.84,21.85,663383
20140929,21.83,21.88,21.82,21.82,139540
20140930,21.86,21.87,21.82,21.84,92311
20141001,21.89,21.91,21.85,21.91,96881
20141002,21.91,21.91,21.86,21.89,108553
20141003,21.88,21.88,21.83,21.85,290757
20141006,21.87,21.9,21.84,21.89,395054
20141007,21.91,21.93,21.89,21.92,284523
20141008,21.92,21.97,21.9,21.97,169759
20141009,21.97,21.97,21.93,21.94,125339
20141010,21.91,21.97,21.9,21.96,57438
20141013,21.98,22.01,21.96,21.99,232420
20141014,22,22.01,21.98,22,51477
20141015,22.02,22.1,22.01,22.03,248821
20141016,22.04,22.06,22.03,22.03,285274
20141017,21.98,22.02,21.97,22.01,116938
20141020,22.04,22.04,21.97,22,162676
20141021,22.02,22.02,21.96,22.02,138882
20141022,22.02,22.02,21.96,22.01,64131
20141023,22,22,21.96,21.99,56455
20141024,21.95,22,21.94,21.99,122835
20141027,21.95,21.95,21.9,21.94,69870
20141028,22,22.01,21.97,21.99,74112
20141029,21.98,21.99,21.92,21.95,114096
20141030,21.93,21.98,21.91,21.96,61608
20141031,21.93,21.93,21.89,21.91,210062
20141103,21.99,21.99,21.91,21.93,99904
20141104,21.94,21.95,21.88,21.93,74334
20141105,21.9,21.92,21.88,21.91,55494
20141106,21.92,21.93,21.9,21.92,94726
20141107,21.92,21.95,21.92,21.93,86376
20141110,21.92,21.92,21.87,21.9,96072
20141111,21.9,21.93,21.87,21.9,47161
20141112,21.88,21.89,21.86,21.87,56497
20141113,21.89,21.93,21.89,21.93,76039
20141114,21.84,21.86,21.79,21.86,291577
20141117,21.98,21.98,21.9,21.92,120275
20141118,21.91,21.91,21.87,21.91,67791
20141119,21.9,21.9,21.84,21.88,197167
20141120,21.89,21.89,21.84,21.87,70728
20141121,21.85,21.9,21.84,21.88,85605
20141124,21.91,21.93,21.87,21.89,103274
20141125,21.89,21.95,21.89,21.92,188606
20141126,21.95,21.97,21.92,21.97,80239
20141128,21.99,21.99,21.94,21.98,13676
20141201,21.98,22.01,21.96,21.96,85687
20141202,21.95,21.96,21.9,21.94,84421
20141203,21.93,21.96,21.9,21.93,79914
20141204,21.93,21.94,21.88,21.92,175533
20141205,21.89,21.91,21.86,21.86,234093
20141208,21.84,21.88,21.84,21.85,74462
20141209,21.86,21.89,21.85,21.89,98590
20141210,21.88,21.9,21.85,21.89,247886
20141211,21.87,21.89,21.87,21.89,102226
20141212,21.88,21.9,21.88,21.88,168527
20141215,21.9,21.9,21.85,21.86,61994
20141216,21.88,21.89,21.86,21.88,93256
20141217,21.89,21.94,21.85,21.89,184291
20141218,21.88,21.89,21.85,21.86,95095
20141219,21.85,21.87,21.81,21.86,91576
20141222,21.86,21.86,21.82,21.85,111772
20141223,21.8,21.83,21.8,21.82,79372
20141224,21.87,21.87,21.82,21.82,34462
20141226,21.85,21.86,21.8,21.84,66949
20141229,21.86,21.87,21.83,21.83,64274
20141230,21.85,21.88,21.82,21.86,139852
20141231,21.83,21.92,21.83,21.92,169646
20150102,21.88,21.91,21.87,21.89,345641
20150105,21.92,21.92,21.87,21.92,390149
20150106,21.93,21.96,21.92,21.94,140659
20150107,21.92,21.96,21.9,21.92,128279
20150108,21.93,21.95,21.9,21.91,104807
20150109,21.92,21.96,21.92,21.94,177111
20150112,21.95,22,21.94,21.99,161942
20150113,21.92,22.01,21.89,22,492937
20150114,22.04,22.07,22.02,22.02,316109
20150115,22,22.02,21.96,22.01,170307
20150116,21.99,22.03,21.98,22.02,185340
20150120,22.05,22.05,21.99,22.01,83745
20150121,22.07,22.07,22.02,22.03,102779
20150122,22.08,22.08,21.97,22.02,146400
20150123,22.02,22.05,21.98,22.04,152795
20150126,22.03,22.03,21.97,22,609226
20150127,21.99,22.05,21.99,22.02,109418
20150128,21.98,22.06,21.98,22.05,182834
20150129,22,22.04,22,22.02,80282
20150130,22.05,22.06,22.02,22.06,99291
20150202,22.08,22.08,22.02,22.06,181489
20150203,22.08,22.09,22.01,22.04,102311
20150204,22.04,22.05,21.99,22.04,166527
20150205,22.03,22.03,22,22.02,72812
20150206,22.02,22.03,21.95,21.98,136225
20150209,22,22.01,21.96,22,64924
20150210,21.99,22.01,21.94,21.99,128301
20150211,21.97,22,21.95,22,101210
20150212,22,22.02,22,22,103234
20150213,22,22.03,21.97,22.01,78121
20150217,22,22.02,22,22.02,96068
20150218,22,22.06,21.99,22.03,128631
20150219,22.01,22.06,22.01,22.05,162511
20150220,22.1,22.1,21.99,22.05,186565
20150223,22.05,22.06,22.02,22.06,160829
20150224,22.06,22.1,22.02,22.1,168560
20150225,22.13,22.14,22.06,22.09,114511
20150226,22.08,22.08,22.03,22.06,103779
20150227,22.04,22.08,22.04,22.07,709952
20150302,22.04,22.06,22.03,22.05,268583
20150303,22.07,22.07,22.03,22.05,76622
20150304,22.07,22.07,22.03,22.05,145945
20150305,22.07,22.08,22.01,22.07,299734
20150306,22.02,22.03,21.99,22.01,125790
20150309,22,22.05,21.99,22.04,166689
20150310,22.05,22.05,21.94,21.94,385751
20150311,22,22.04,21.94,22.03,253761
20150312,22.04,22.04,22.01,22.03,181899
20150313,22.04,22.04,21.99,22,144493
20150316,22,22.04,21.98,22.01,111810
20150317,22.02,22.04,21.98,22.04,301230
20150318,22.03,22.12,22.01,22.12,131516
20150319,22.03,22.08,22.01,22.04,254020
20150320,22.03,22.09,22.03,22.06,241172
20150323,22.08,22.08,22.04,22.08,144825
20150324,22.09,22.1,22.03,22.09,182020
20150325,22.1,22.11,22.05,22.08,191667
20150326,22.07,22.08,22.05,22.05,151710
20150327,22.08,22.09,22.05,22.07,75022
20150330,22.08,22.11,22.07,22.08,98200
20150331,22.08,22.11,22.08,22.09,200684
20150401,22.12,22.13,22.09,22.13,86216
20150402,22.13,22.13,22.1,22.12,67128
20150406,22.15,22.15,22.12,22.13,62026
20150407,22.09,22.11,22.08,22.11,207780
20150408,22.13,22.14,22.12,22.13,93412
20150409,22.14,22.14,22.09,22.13,142681
20150410,22.12,22.14,22.11,22.13,57928
20150413,22.15,22.15,22.11,22.14,80916
20150414,22.13,22.17,22.1,22.15,102817
20150415,22.18,22.18,22.15,22.16,134479
20150416,22.15,22.17,22.14,22.16,167562
20150417,22.15,22.15,22.12,22.12,132725
20150420,22.13,22.15,22.13,22.14,68450
20150421,22.13,22.15,22.11,22.14,126397
20150422,22.14,22.14,22.11,22.14,95602
20150423,22.14,22.15,22.1,22.14,162988
20150424,22.15,22.15,22.12,22.14,81401
20150427,22.15,22.16,22.12,22.15,92310
20150428,22.16,22.16,22.12,22.14,85787
20150429,22.11,22.13,22.11,22.13,69170
20150430,22.13,22.13,22.08,22.13,212723
20150501,22.12,22.13,22.09,22.12,56050
20150504,22.1,22.14,22.1,22.11,409171
20150505,22.13,22.13,22.09,22.12,114336
20150506,22.12,22.13,22.1,22.12,97939
20150507,22.12,22.12,22.08,22.09,133407
20150508,22.1,22.15,22.1,22.15,105886
20150511,22.13,22.14,22.1,22.14,123882
20150512,22.12,22.13,22.11,22.12,52025
20150513,22.13,22.15,22.11,22.15,87740
20150514,22.12,22.15,22.12,22.14,77345
20150515,22.14,22.16,22.12,22.13,231256
20150518,22.13,22.16,22.13,22.14,81258
20150519,22.13,22.14,22.1,22.12,439929
20150520,22.12,22.14,22.12,22.13,187695
20150521,22.12,22.14,22.05,22.07,507749
20150522,22.07,22.11,22.06,22.07,281025
20150526,22.08,22.1,22.05,22.05,460518
20150527,22.05,22.08,22.04,22.07,101810
20150528,22.05,22.09,22.05,22.08,90858
20150529,22.07,22.11,22.06,22.09,122393
20150601,22.09,22.13,22.08,22.13,667061
20150602,22.1,22.13,22.08,22.1,74005
20150603,22.08,22.1,22.07,22.07,178352
20150604,22.06,22.1,22.06,22.09,109845
20150605,22.07,22.08,22.03,22.07,63633
20150608,22.05,22.1,22.02,22.08,58330
20150609,22.05,22.09,22.05,22.07,56087
20150610,22.08,22.09,22.05,22.09,109460
20150611,22.07,22.1,22.05,22.08,370166
20150612,22.09,22.11,22.07,22.1,534182
20150615,22.1,22.12,22.09,22.11,1007455
20150616,22.1,22.11,22.09,22.11,197736
20150617,22.09,22.13,22.08,22.13,195062
20150618,22.11,22.13,22.08,22.11,1033434
20150619,22.13,22.13,22.08,22.11,194822
20150622,22.1,22.11,22.06,22.06,182996
20150623,22.07,22.09,22.06,22.09,94321
20150624,22.09,22.09,22.05,22.05,69387
20150625,22.08,22.1,22.03,22.07,115426
20150626,22.06,22.08,22.03,22.04,107038
20150629,22.02,22.12,22.02,22.07,68935
20150630,22.06,22.1,22.06,22.09,79197
20150701,22.07,22.1,22.04,22.07,69763
20150702,22.07,22.13,22.06,22.1,599569
20150706,22.16,22.16,22.03,22.12,155784
20150707,22.12,22.14,22.07,22.09,234181
20150708,22.09,22.15,22.09,22.14,84868
20150709,22.15,22.15,22.1,22.14,135592
20150710,22.1,22.12,22.09,22.1,156934
20150713,22.1,22.14,22.1,22.13,148958
20150714,22.11,22.13,22.09,22.13,163688
20150715,22.11,22.14,22.09,22.14,205255
20150716,22.12,22.15,22.11,22.13,138110
20150717,22.12,22.13,22.11,22.13,100622
20150720,22.12,22.12,22.1,22.12,86163
20150721,22.11,22.13,22.09,22.12,122468
20150722,22.11,22.11,22.09,22.11,64168
20150723,22.1,22.11,22.09,22.11,153761
20150724,22.08,22.12,22.08,22.12,243957
20150727,22.09,22.13,22.08,22.13,119405
20150728,22.11,22.13,22.1,22.12,93837
20150729,22.11,22.12,22.09,22.12,131000
20150730,22.1,22.11,22.09,22.11,102162
20150731,22.11,22.14,22.1,22.13,65911
20150803,22.11,22.14,22.11,22.12,138196
20150804,22.11,22.13,22.1,22.11,131688
20150805,22.11,22.11,22.06,22.06,278857
20150806,22.07,22.11,22.06,22.11,279976
20150807,22.09,22.11,22.08,22.11,93782
20150810,22.12,22.12,22.07,22.1,81927
20150811,22.09,22.11,22.06,22.1,102356
20150812,22.11,22.13,22.07,22.09,60011
20150813,22.1,22.12,22.08,22.08,70110
20150814,22.07,22.1,22.07,22.09,100156
20150817,22.08,22.1,22.07,22.09,143026
20150818,22.08,22.1,22.07,22.09,122947
20150819,22.09,22.13,22.07,22.13,162291
20150820,22.09,22.11,22.07,22.1,77098
20150821,22.1,22.14,22.09,22.14,216402
20150824,22.07,22.12,22.01,22.02,162651
20150825,22.02,22.1,22,22.03,171112
20150826,22,22.06,22,22.04,118866
20150827,22.04,22.05,22,22.04,253460
20150828,22.03,22.09,22.02,22.07,161591
20150831,22.05,22.08,22.03,22.06,76767
20150901,22.06,22.12,22.03,22.11,1784416
20150902,22.09,22.13,22.06,22.13,183834
20150903,22.1,22.13,22.09,22.11,161654
20150904,22.09,22.13,22.09,22.13,138666
20150908,22.13,22.14,22.09,22.14,95059
20150909,22.11,22.13,22.1,22.12,79574
20150910,22.12,22.13,22.11,22.12,279589
20150911,22.1,22.15,22.1,22.14,181473
20150914,22.14,22.15,22.1,22.15,257323
20150915,22.13,22.14,22.1,22.1,108153
20150916,22.12,22.13,22.1,22.11,130000
20150917,22.11,22.16,22.08,22.12,366312
20150918,22.11,22.15,22.1,22.11,345454
20150921,22.12,22.15,22.09,22.13,462908
20150922,22.13,22.17,22.11,22.16,125599
20150923,22.17,22.18,22.13,22.15,147901
20150924,22.15,22.18,22.12,22.17,107315
20150925,22.16,22.17,22.13,22.14,108539
20150928,22.18,22.2,22.11,22.16,1503803
20150929,22.12,22.13,22.08,22.1,78000
20150930,22.14,22.16,22.11,22.11,150223
20151001,22.12,22.12,22.09,22.09,105284
20151002,22.12,22.13,22.1,22.12,53268
20151005,22.12,22.14,22.09,22.12,89431
20151006,22.12,22.13,22.1,22.12,58753
20151007,22.12,22.14,22.1,22.12,59550
20151008,22.12,22.13,22.1,22.12,87315
20151009,22.12,22.13,22.08,22.12,194442
20151012,22.13,22.14,22.1,22.13,39555
20151013,22.13,22.19,22.12,22.16,111472
20151014,22.17,22.2,22.15,22.18,66986
20151015,22.17,22.21,22.16,22.17,584915
20151016,22.19,22.22,22.16,22.19,84594
20151019,22.19,22.21,22.16,22.2,241145
20151020,22.19,22.2,22.16,22.19,85390
20151021,22.24,22.24,22.16,22.18,118613
20151022,22.22,22.22,22.19,22.21,118893
20151023,22.21,22.22,22.19,22.22,70523
20151026,22.2,22.21,22.18,22.21,81638
20151027,22.21,22.24,22.17,22.23,490037
20151028,22.22,22.24,22.17,22.17,121371
20151029,22.17,22.2,22.17,22.17,174956
20151030,22.2,22.21,22.17,22.18,144312
20151102,22.17,22.2,22.16,22.18,166101
20151103,22.2,22.2,22.11,22.11,932557
20151104,22.15,22.16,22.07,22.11,229289
20151105,22.11,22.14,22.09,22.13,75801
20151106,22.11,22.12,22.07,22.12,96586
20151109,22.11,22.12,22.09,22.1,63599
20151110,22.09,22.13,22.09,22.1,120676
20151111,22.12,22.14,22.1,22.12,102211
20151112,22.13,22.14,22.12,22.13,71669
20151113,22.13,22.17,22.11,22.12,110459
20151116,22.12,22.14,22.11,22.13,101450
20151117,22.13,22.13,22.11,22.11,109665
20151118,22.12,22.14,22.1,22.14,63993
20151119,22.12,22.13,22.08,22.12,213217
20151120,22.12,22.13,22.1,22.11,134416
20151123,22.11,22.13,22.09,22.11,63232
20151124,22.11,22.13,22.09,22.12,138446
20151125,22.11,22.12,22.09,22.11,62112
20151127,22.13,22.13,22.1,22.13,47118
20151130,22.1,22.14,22.1,22.12,117491
20151201,22.12,22.15,22.09,22.11,344990
20151202,22.1,22.15,22.08,22.09,141323
20151203,22.1,22.12,22.07,22.11,58675
20151204,22.14,22.14,22.12,22.13,132268
20151207,22.13,22.15,22.08,22.13,432148
20151208,22.11,22.12,22.08,22.1,86421
20151209,22.11,22.14,22.07,22.14,142640
20151210,22.13,22.13,22.09,22.1,86134
20151211,22.11,22.17,22.1,22.13,150528
20151214,22.12,22.15,22.06,22.06,1094813
20151215,22.07,22.11,22.01,22.07,436967
20151216,22.05,22.05,21.13,22.04,321208
20151217,22.02,22.09,22.01,22.03,218409
20151218,22.06,22.09,22.03,22.07,162065
20151221,22.08,22.09,22.06,22.07,95837
20151222,22.08,22.1,22.06,22.09,147892
20151223,22.07,22.1,22.06,22.1,101558
20151224,22.08,22.09,22.07,22.07,52194
20151228,22.08,22.09,22.06,22.08,146933
20151229,22.13,22.13,22.08,22.08,184136
20151230,22.06,22.09,22.06,22.09,152086
20151231,22.08,22.09,22.07,22.07,64260
20160104,22.07,22.1,22.06,22.1,161058
20160105,22.1,22.14,22.09,22.14,161580
20160106,22.1,22.14,22.1,22.12,108802
20160107,22.13,22.14,22.09,22.14,111566
20160108,22.11,22.13,22.09,22.13,175947
20160111,22.12,22.14,22.1,22.12,87688
20160112,22.17,22.17,22.12,22.15,292430
20160113,22.17,22.17,22.13,22.16,309963
20160114,22.17,22.18,22.1,22.17,261626
20160115,22.11,22.19,22.1,22.15,286244
20160119,22.16,22.18,22.13,22.18,313967
20160120,22.18,22.18,22.05,22.09,374669
20160121,22.14,22.19,22.12,22.18,125413
20160122,22.12,22.16,22.06,22.13,111688
20160125,22.18,22.18,22.13,22.16,82540
20160126,22.14,22.17,22.13,22.17,141193
20160127,22.18,22.18,22.12,22.14,143207
20160128,22.15,22.17,22.14,22.17,90546
20160129,22.17,22.18,22.14,22.18,172178
20160201,22.18,22.18,22.14,22.14,210353
20160202,22.09,22.14,22.09,22.14,218774
20160203,22.18,22.19,22.15,22.19,128357
20160204,22.18,22.19,22.15,22.18,103795
20160205,22.16,22.2,22.13,22.15,76897
20160208,22.16,22.2,22.14,22.19,203550
20160209,22.19,22.22,22.12,22.18,304450
20160210,22.17,22.18,22.13,22.15,121952
20160211,22.15,22.17,22.11,22.16,110440
20160212,22.14,22.16,22.12,22.16,233952
20160216,22.09,22.15,22.09,22.15,124505
20160217,22.18,22.19,22.14,22.18,176492
20160218,22.15,22.19,22.14,22.16,117383
20160219,22.16,22.18,22.15,22.17,168095
20160222,22.17,22.2,22.16,22.2,144578
20160223,22.19,22.21,22.17,22.2,137083
20160224,22.18,22.21,22.18,22.2,99765
20160225,22.21,22.23,22.19,22.23,67150
20160226,22.22,22.22,22.13,22.15,2862691
20160229,22.16,22.17,22.1,22.14,1194251
20160301,22.14,22.14,22.06,22.06,1041632
20160302,22.1,22.1,22.08,22.09,241922
20160303,22.09,22.11,22.08,22.1,140783
20160304,22.09,22.14,22.08,22.1,193739
20160307,22.07,22.09,22.07,22.08,162735
20160308,22.07,22.1,22.07,22.08,330861
20160309,22.08,22.09,22.07,22.07,123200
20160310,22.09,22.09,22.06,22.08,330221
20160311,22.07,22.09,22.07,22.09,167694
20160314,22.09,22.09,22.08,22.08,78691
20160315,22.08,22.1,22.08,22.08,103176
20160316,22.07,22.1,22.05,22.1,575868
20160317,22.11,22.14,22.11,22.13,546094
20160318,22.14,22.15,22.12,22.13,214917
20160321,22.14,22.22,22.13,22.14,376564
20160322,22.14,22.17,22.13,22.15,128368
20160323,22.16,22.18,22.14,22.15,95884
20160324,22.16,22.18,22.13,22.14,115518
20160328,22.15,22.18,22.14,22.15,315540
20160329,22.16,22.21,22.15,22.18,396279
20160330,22.17,22.21,22.17,22.21,104323
20160331,22.18,22.22,22.17,22.21,66555
20160401,22.19,22.2,22.17,22.2,93358
20160404,22.2,22.22,22.18,22.18,220940
20160405,22.21,22.21,22.18,22.21,162779
20160406,22.19,22.22,22.18,22.21,171168
20160407,22.2,22.23,22.18,22.22,358907
20160408,22.22,22.26,22.2,22.23,95316
20160411,22.23,22.26,22.22,22.23,91241
20160412,22.22,22.23,22.2,22.23,134096
20160413,22.23,22.23,22.21,22.23,148261
20160414,22.21,22.23,22.2,22.23,154108
20160415,22.21,22.24,22.2,22.23,245672
20160418,22.22,22.24,22.21,22.23,138365
20160419,22.22,22.25,22.22,22.23,128589
20160420,22.23,22.25,22.22,22.23,107634
20160421,22.25,22.25,22.23,22.24,129769
20160422,22.25,22.28,22.23,22.27,413658
20160425,22.23,22.26,22.23,22.25,149403
20160426,22.25,22.26,22.23,22.24,386409
20160427,22.22,22.25,22.21,22.24,155463
20160428,22.25,22.28,22.25,22.27,239840
20160429,22.26,22.29,22.25,22.29,335560
20160502,22.28,22.29,22.26,22.28,364526
20160503,22.28,22.3,22.26,22.28,87009
20160504,22.3,22.32,22.27,22.28,402900
20160505,22.28,22.31,22.27,22.29,111951
20160506,22.27,22.34,22.27,22.31,136611
20160509,22.29,22.35,22.29,22.32,76333
20160510,22.32,22.34,22.29,22.31,176801
20160511,22.31,22.36,22.3,22.35,733828
20160512,22.31,22.37,22.31,22.35,113147
20160513,22.32,22.35,22.32,22.34,102659
20160516,22.33,22.35,22.31,22.35,83472
20160517,22.33,22.35,22.32,22.34,85827
20160518,22.34,22.35,22.29,22.32,125983
20160519,22.32,22.33,22.28,22.33,59192
20160520,22.33,22.34,22.29,22.33,128226
20160523,22.32,22.32,22.29,22.32,107810
20160524,22.31,22.34,22.29,22.33,105272
20160525,22.3,22.35,22.3,22.33,120830
20160526,22.34,22.35,22.31,22.35,125186
20160527,22.33,22.34,22.31,22.33,68116
20160531,22.35,22.35,22.3,22.33,104449
20160601,22.34,22.35,22.29,22.3,813116
20160602,22.32,22.33,22.29,22.33,199173
20160603,22.35,22.37,22.33,22.37,71373
20160606,22.34,22.37,22.34,22.37,198205
20160607,22.35,22.37,22.34,22.36,144270
20160608,22.37,22.38,22.35,22.37,136691
20160609,22.37,22.38,22.35,22.35,120094
20160610,22.36,22.39,22.36,22.37,127910
20160613,22.37,22.39,22.36,22.36,88883
20160614,22.36,22.39,22.35,22.37,158362
20160615,22.37,22.41,22.36,22.39,68002
20160616,22.39,22.39,22.37,22.37,138745
20160617,22.39,22.39,22.36,22.38,134736
20160620,22.36,22.39,22.36,22.38,108808
20160621,22.38,22.39,22.36,22.37,225351
20160622,22.38,22.39,22.35,22.36,356574
20160623,22.37,22.39,22.33,22.38,55989
20160624,22.35,22.39,22.32,22.37,190478
20160627,22.37,22.4,22.34,22.37,108913
20160628,22.38,22.41,22.32,22.34,197902
20160629,22.34,22.38,22.34,22.37,241207
20160630,22.36,22.39,22.35,22.38,91395
20160701,22.38,22.42,22.37,22.39,80223
20160705,22.41,22.42,22.36,22.39,97729
20160706,22.39,22.4,22.32,22.35,419944
20160707,22.37,22.39,22.34,22.38,83647
20160708,22.38,22.4,22.36,22.38,75098
20160711,22.36,22.4,22.36,22.36,109307
20160712,22.39,22.39,22.35,22.35,397907
20160713,22.35,22.37,22.34,22.34,189748
20160714,22.32,22.37,22.31,22.36,132481
20160715,22.32,22.35,22.32,22.32,114587
20160718,22.32,22.35,22.32,22.34,114010
20160719,22.33,22.39,22.33,22.34,217837
20160720,22.35,22.39,22.35,22.38,120808
20160721,22.35,22.37,22.35,22.37,87945
20160722,22.36,22.37,22.34,22.37,170394
20160725,22.35,22.37,22.29,22.33,219495
20160726,22.33,22.37,22.33,22.35,110748
20160727,22.35,22.4,22.34,22.39,110675
20160728,22.38,22.4,22.36,22.38,74065
20160729,22.37,22.4,22.36,22.4,71195
20160801,22.4,22.41,22.38,22.39,90300
20160802,22.38,22.42,22.37,22.39,143108
20160803,22.38,22.4,22.37,22.39,154857
20160804,22.39,22.4,22.35,22.36,134967
20160805,22.35,22.39,22.32,22.39,146197
20160808,22.39,22.39,22.34,22.38,103008
20160809,22.36,22.38,22.32,22.36,348351
20160810,22.35,22.37,22.34,22.35,135267
20160811,22.34,22.39,22.33,22.33,94283
20160812,22.36,22.39,22.36,22.37,38135
20160815,22.35,22.37,22.34,22.37,72972
20160816,22.34,22.37,22.33,22.35,85700
20160817,22.37,22.39,22.35,22.36,97320
20160818,22.37,22.4,22.36,22.38,68374
20160819,22.38,22.39,22.35,22.35,104001
20160822,22.35,22.37,22.34,22.37,92216
20160823,22.35,22.37,22.34,22.35,91078
20160824,22.36,22.37,22.34,22.35,73511
20160825,22.35,22.37,22.34,22.36,83892
20160826,22.34,22.36,22.34,22.34,251710
20160829,22.35,22.37,22.34,22.35,121309
20160830,22.33,22.35,22.33,22.35,124140
20160831,22.34,22.36,22.34,22.35,86491
20160901,22.33,22.33,22.29,22.31,158393
20160902,22.31,22.33,22.3,22.31,200934
20160906,22.32,22.35,22.3,22.35,116915
20160907,22.33,22.35,22.32,22.34,76756
20160908,22.34,22.34,22.3,22.33,299691
20160909,22.33,22.34,22.29,22.3,106925
20160912,22.3,22.33,22.3,22.33,73621
20160913,22.33,22.35,22.29,22.33,107315
20160914,22.3,22.34,22.29,22.31,76248
20160915,22.31,22.35,22.31,22.33,81098
20160916,22.32,22.34,22.31,22.34,56396
20160919,22.32,22.34,22.31,22.34,69420
20160920,22.32,22.34,22.3,22.32,161527
20160921,22.34,22.37,22.3,22.36,169925
20160922,22.35,22.37,22.33,22.34,136666
20160923,22.34,22.36,22.33,22.35,107536
20160926,22.36,22.37,22.33,22.34,61743
20160927,22.35,22.36,22.32,22.32,111545
20160928,22.32,22.34,22.31,22.32,196285
20160929,22.32,22.34,22.3,22.32,142763
20160930,22.35,22.35,22.32,22.34,46512
20161003,22.33,22.35,22.32,22.33,72425
20161004,22.34,22.34,22.3,22.31,177561
20161005,22.32,22.34,22.3,22.34,115491
20161006,22.34,22.34,22.31,22.33,80872
20161007,22.34,22.34,22.32,22.33,64169
20161010,22.33,22.37,22.31,22.36,107750
20161011,22.34,22.37,22.34,22.35,68717
20161012,22.37,22.37,22.34,22.36,71104
20161013,22.35,22.38,22.35,22.35,99863
20161014,22.35,22.36,22.34,22.36,49533
20161017,22.36,22.36,22.34,22.36,77217
20161018,22.36,22.38,22.35,22.37,201064
20161019,22.37,22.39,22.35,22.38,49412
20161020,22.35,22.37,22.34,22.36,210767
20161021,22.36,22.37,22.35,22.37,57179
20161024,22.36,22.37,22.33,22.35,97379
20161025,22.34,22.36,22.34,22.36,87450
20161026,22.35,22.37,22.35,22.37,81253
20161027,22.38,22.38,22.36,22.36,228101
20161028,22.36,22.37,22.36,22.36,82081
20161031,22.37,22.38,22.37,22.38,65223
20161101,22.38,22.38,22.36,22.37,133095
20161102,22.38,22.42,22.38,22.39,164859
20161103,22.37,22.38,22.37,22.37,57360
20161104,22.38,22.39,22.37,22.37,121937
20161107,22.37,22.38,22.36,22.38,65542
20161108,22.39,22.39,22.36,22.37,112406
20161109,22.36,22.37,22.35,22.37,110847
20161110,22.35,22.37,22.34,22.34,55966
20161111,22.37,22.39,22.31,22.32,157427
20161114,22.34,22.34,22.25,22.31,432099
20161115,22.28,22.31,22.27,22.31,171523
20161116,22.35,22.35,22.32,22.34,349399
20161117,22.31,22.35,22.3,22.33,165458
20161118,22.33,22.34,22.32,22.34,172446
20161121,22.33,22.35,22.31,22.35,356054
20161122,22.33,22.37,22.33,22.36,178029
20161123,22.37,22.37,22.33,22.33,100969
20161125,22.35,22.36,22.33,22.33,103224
20161128,22.35,22.37,22.35,22.35,73832
20161129,22.35,22.37,22.34,22.37,134045
20161130,22.36,22.37,22.34,22.36,730226
20161201,22.34,22.37,22.33,22.34,81882
20161202,22.36,22.37,22.34,22.36,140557
20161205,22.35,22.37,22.34,22.34,114390
20161206,22.36,22.37,22.34,22.35,164689
20161207,22.36,22.36,22.34,22.34,72295
20161208,22.34,22.37,22.34,22.36,163034
20161209,22.34,22.38,22.34,22.37,143284
20161212,22.35,22.37,22.31,22.35,724029
20161213,22.34,22.36,22.33,22.35,114202
20161214,22.36,22.37,22.33,22.34,85669
20161215,22.33,22.36,22.33,22.35,113822
20161216,22.36,22.37,22.34,22.37,151238
20161219,22.37,22.37,22.34,22.37,64756
20161220,22.35,22.37,22.34,22.34,96349
20161221,22.36,22.39,22.35,22.38,124776
20161222,22.38,22.38,22.37,22.37,62374
20161223,22.36,22.38,22.36,22.37,81501
20161227,22.39,22.39,22.37,22.37,76231
20161228,22.35,22.37,22.35,22.36,183517
20161229,22.38,22.39,22.35,22.37,116327
20161230,22.37,22.38,22.37,22.37,72439
20170103,22.36,22.37,22.35,22.37,233712
20170104,22.38,22.39,22.37,22.37,300068
20170105,22.36,22.38,22.36,22.38,244751
20170106,22.39,22.4,22.38,22.38,214028
20170109,22.38,22.39,22.36,22.37,124473
20170110,22.36,22.37,22.36,22.37,109867
20170111,22.35,22.37,22.35,22.37,276918
20170112,22.37,22.37,22.36,22.37,235002
20170113,22.37,22.37,22.35,22.36,148970
20170117,22.36,22.41,22.36,22.37,130059
20170118,22.36,22.38,22.36,22.37,293504
20170119,22.38,22.39,22.37,22.37,290271
20170120,22.37,22.38,22.36,22.37,419267
20170123,22.38,22.41,22.37,22.38,88174
20170124,22.39,22.41,22.38,22.38,209447
20170125,22.38,22.39,22.37,22.38,261664
20170126,22.38,22.38,22.37,22.38,314094
20170127,22.37,22.41,22.36,22.37,138867
20170130,22.38,22.39,22.37,22.38,182484
20170131,22.37,22.4,22.37,22.39,148949
20170201,22.41,22.41,22.35,22.39,2809695
20170202,22.38,22.4,22.38,22.39,172043
20170203,22.4,22.41,22.39,22.39,127454
20170206,22.4,22.41,22.4,22.4,195734
20170207,22.39,22.4,22.38,22.4,199341
20170208,22.4,22.4,22.39,22.4,199078
20170209,22.4,22.41,22.39,22.4,366966
20170210,22.4,22.41,22.4,22.4,120971
20170213,22.41,22.43,22.4,22.4,308331
20170214,22.41,22.41,22.39,22.4,145646
20170215,22.4,22.41,22.39,22.4,157147
20170216,22.4,22.41,22.39,22.4,162162
20170217,22.4,22.42,22.4,22.4,140656
20170221,22.41,22.44,22.41,22.41,300195
20170222,22.41,22.42,22.41,22.41,177898
20170223,22.41,22.42,22.4,22.41,86772
20170224,22.41,22.42,22.41,22.42,182811
20170227,22.42,22.43,22.42,22.42,173673
20170228,22.43,22.43,22.42,22.42,201690
20170301,22.41,22.44,22.4,22.42,113117
20170302,22.41,22.42,22.4,22.41,198952
20170303,22.41,22.43,22.41,22.42,73828
20170306,22.42,22.44,22.42,22.43,145109
20170307,22.41,22.43,22.41,22.43,206583
20170308,22.42,22.43,22.42,22.43,126314
20170309,22.44,22.44,22.42,22.42,571891
20170310,22.42,22.43,22.41,22.41,156208
20170313,22.42,22.43,22.41,22.42,99043
20170314,22.42,22.43,22.41,22.42,88957
20170315,22.41,22.43,22.41,22.42,64864
20170316,22.42,22.43,22.41,22.42,96972
20170317,22.41,22.42,22.41,22.41,211476
20170320,22.42,22.43,22.42,22.42,106153
20170321,22.43,22.43,22.42,22.42,124598
20170322,22.43,22.44,22.42,22.43,117037
20170323,22.44,22.44,22.43,22.43,77993
20170324,22.43,22.44,22.43,22.43,59827
20170327,22.43,22.44,22.41,22.42,281370
20170328,22.44,22.44,22.4,22.43,205295
20170329,22.43,22.44,22.42,22.43,148062
20170330,22.44,22.44,22.42,22.43,135054
20170331,22.44,22.44,22.42,22.43,62177
20170403,22.43,22.45,22.43,22.43,98181
20170404,22.44,22.44,22.43,22.43,192165
20170405,22.44,22.44,22.43,22.43,67315
20170406,22.44,22.44,22.43,22.43,70964
20170407,22.44,22.45,22.43,22.43,81319
20170410,22.43,22.44,22.42,22.44,164170
20170411,22.44,22.45,22.44,22.44,100720
20170412,22.43,22.44,22.42,22.43,89398
20170413,22.42,22.43,22.42,22.43,81001
20170417,22.44,22.44,22.42,22.44,126503
20170418,22.43,22.44,22.43,22.44,97296
20170419,22.45,22.47,22.44,22.44,101018
20170420,22.44,22.46,22.43,22.44,111587
20170421,22.44,22.46,22.44,22.44,119379
20170424,22.43,22.45,22.43,22.44,93293
20170425,22.43,22.45,22.43,22.45,199293
20170426,22.44,22.45,22.43,22.44,82386
20170427,22.46,22.46,22.44,22.44,192714
20170428,22.45,22.45,22.43,22.44,95593
20170501,22.45,22.47,22.45,22.46,85315
20170502,22.46,22.47,22.45,22.45,118310
20170503,22.45,22.46,22.44,22.44,152530
20170504,22.45,22.46,22.44,22.44,230638
20170505,22.46,22.47,22.45,22.45,189458
20170508,22.46,22.46,22.45,22.46,65901
20170509,22.45,22.46,22.44,22.45,86508
20170510,22.45,22.46,22.45,22.46,1040151
20170511,22.45,22.46,22.45,22.45,88947
20170512,22.45,22.47,22.45,22.47,48260
20170515,22.46,22.48,22.46,22.48,86528
20170516,22.46,22.47,22.46,22.46,81122
20170517,22.46,22.49,22.46,22.49,716872
20170518,22.49,22.49,22.47,22.47,90089
20170519,22.47,22.49,22.46,22.48,59965
20170522,22.46,22.49,22.46,22.47,73683
20170523,22.47,22.49,22.46,22.47,102452
20170524,22.47,22.48,22.46,22.48,90378
20170525,22.47,22.49,22.46,22.47,151535
20170526,22.48,22.5,22.48,22.49,36298
20170530,22.49,22.49,22.47,22.48,115719
20170531,22.48,22.49,22.48,22.48,65098
20170601,22.48,22.5,22.48,22.5,115440
20170602,22.48,22.5,22.48,22.5,127141
20170605,22.48,22.5,22.48,22.49,88330
20170606,22.47,22.49,22.47,22.49,205132
20170607,22.5,22.5,22.47,22.49,108638
20170608,22.51,22.52,22.49,22.49,136114
20170609,22.48,22.49,22.47,22.48,72659
20170612,22.49,22.49,22.48,22.49,109544
20170613,22.48,22.49,22.48,22.49,41759
20170614,22.49,22.5,22.49,22.49,77171
20170615,22.49,22.51,22.48,22.48,172009
20170616,22.49,22.5,22.49,22.49,30347
20170619,22.48,22.5,22.48,22.49,71539
20170620,22.5,22.5,22.49,22.5,59740
20170621,22.49,22.5,22.48,22.49,201702
20170622,22.48,22.5,22.48,22.5,244325
20170623,22.49,22.5,22.49,22.49,65955
20170626,22.49,22.5,22.48,22.5,70391
20170627,22.49,22.5,22.49,22.5,106656
20170628,22.49,22.51,22.49,22.5,93670
20170629,22.5,22.5,22.49,22.49,138720
20170630,22.49,22.51,22.49,22.49,67591
20170703,22.49,22.51,22.48,22.49,43117
20170705,22.49,22.5,22.49,22.49,69387
20170706,22.5,22.51,22.49,22.49,76763
20170707,22.5,22.51,22.49,22.49,51089
20170710,22.5,22.51,22.5,22.5,80572
20170711,22.5,22.51,22.49,22.5,77011
20170712,22.5,22.51,22.49,22.5,104874
20170713,22.5,22.51,22.49,22.5,1171908
20170714,22.5,22.51,22.49,22.5,97428
20170717,22.51,22.51,22.5,22.51,61082
20170718,22.51,22.51,22.5,22.51,178066
20170719,22.51,22.52,22.5,22.52,68563
20170720,22.51,22.52,22.5,22.51,130618
20170721,22.51,22.52,22.5,22.52,57347
20170724,22.51,22.52,22.51,22.52,146084
20170725,22.5,22.52,22.5,22.51,69741
20170726,22.51,22.52,22.5,22.51,126080
20170727,22.52,22.53,22.51,22.53,78327
20170728,22.52,22.54,22.51,22.52,56427
20170731,22.51,22.53,22.5,22.52,74154
20170801,22.53,22.54,22.51,22.52,99245
20170802,22.51,22.53,22.51,22.52,74327
20170803,22.52,22.54,22.51,22.52,88634
20170804,22.53,22.54,22.51,22.53,54300
20170807,22.52,22.54,22.52,22.53,71613
20170808,22.52,22.53,22.52,22.52,88014
20170809,22.52,22.53,22.52,22.53,93903
20170810,22.52,22.53,22.51,22.52,84871
20170811,22.52,22.54,22.52,22.52,49361
20170814,22.53,22.55,22.53,22.54,125746
20170815,22.54,22.55,22.52,22.53,90732
20170816,22.53,22.54,22.52,22.53,200167
20170817,22.53,22.55,22.53,22.53,81726
20170818,22.53,22.55,22.53,22.53,39133
20170821,22.53,22.55,22.52,22.54,50760
20170822,22.52,22.54,22.52,22.52,211757
20170823,22.53,22.54,22.52,22.52,259733
20170824,22.53,22.54,22.52,22.53,102512
20170825,22.53,22.55,22.53,22.54,75238
20170828,22.55,22.55,22.54,22.54,124537
20170829,22.54,22.55,22.53,22.54,57234
20170830,22.55,22.56,22.54,22.54,85359
20170831,22.54,22.56,22.54,22.56,28191
20170901,22.57,22.57,22.53,22.54,51048
20170905,22.54,22.56,22.53,22.54,129775
20170906,22.53,22.56,22.53,22.56,74657
20170907,22.55,22.56,22.54,22.56,578483
20170908,22.54,22.55,22.54,22.54,82963
20170911,22.55,22.55,22.53,22.55,91641
20170912,22.54,22.55,22.53,22.54,89000
20170913,22.54,22.55,22.53,22.54,44272
20170914,22.55,22.57,22.54,22.55,285891
20170915,22.54,22.56,22.54,22.54,63850
20170918,22.55,22.55,22.54,22.54,70520
20170919,22.55,22.56,22.55,22.55,104236
20170920,22.55,22.57,22.54,22.54,150661
20170921,22.54,22.55,22.54,22.54,140508
20170922,22.55,22.56,22.54,22.55,125386
20170925,22.55,22.56,22.55,22.56,78851
20170926,22.55,22.58,22.55,22.56,60656
20170927,22.57,22.57,22.55,22.56,105197
20170928,22.55,22.56,22.55,22.55,29402
20170929,22.56,22.57,22.56,22.56,70107
20171002,22.56,22.57,22.56,22.56,47383
20171003,22.57,22.58,22.56,22.57,100849
20171004,22.56,22.58,22.56,22.56,78888
20171005,22.57,22.57,22.56,22.57,108401
20171006,22.58,22.6,22.57,22.57,188260
20171009,22.57,22.58,22.56,22.58,42129
20171010,22.57,22.58,22.56,22.58,52484
20171011,22.57,22.58,22.56,22.58,76192
20171012,22.56,22.58,22.56,22.57,147795
20171013,22.57,22.58,22.57,22.58,19076
20171016,22.56,22.58,22.56,22.57,72315
20171017,22.57,22.58,22.57,22.58,44329
20171018,22.57,22.58,22.57,22.57,57705
20171019,22.57,22.58,22.57,22.58,48897
20171020,22.57,22.58,22.57,22.57,58476
20171023,22.57,22.59,22.57,22.58,96106
20171024,22.57,22.59,22.57,22.58,40336
20171025,22.57,22.59,22.57,22.58,92556
20171026,22.57,22.59,22.57,22.58,133868
20171027,22.58,22.6,22.58,22.59,150316
20171030,22.58,22.59,22.58,22.59,106575
20171031,22.59,22.59,22.58,22.59,63771
20171101,22.57,22.59,22.57,22.59,138875
20171102,22.58,22.59,22.58,22.58,98191
20171103,22.58,22.59,22.58,22.58,34153
20171106,22.58,22.6,22.57,22.59,60429
20171107,22.59,22.61,22.59,22.59,60797
20171108,22.6,22.6,22.59,22.59,98225
20171109,22.58,22.59,22.58,22.58,63662
20171110,22.58,22.59,22.58,22.58,61642
20171113,22.58,22.6,22.58,22.6,73311
20171114,22.6,22.6,22.59,22.59,51067
20171115,22.59,22.61,22.59,22.59,38375
20171116,22.58,22.61,22.58,22.59,73380
20171117,22.6,22.63,22.6,22.61,55232
20171120,22.59,22.62,22.59,22.59,49224
20171121,22.59,22.6,22.59,22.59,117920
20171122,22.58,22.6,22.58,22.59,67667
20171124,22.59,22.6,22.59,22.59,23368
20171127,22.58,22.6,22.58,22.59,153184
20171128,22.59,22.62,22.59,22.59,83846
20171129,22.6,22.63,22.6,22.6,113035
20171130,22.6,22.61,22.6,22.6,214152
20171201,22.59,22.62,22.59,22.6,72988
20171204,22.59,22.61,22.59,22.6,99996
20171205,22.59,22.61,22.59,22.6,80218
20171206,22.59,22.64,22.59,22.61,103376
20171207,22.63,22.63,22.6,22.6,63550
20171208,22.6,22.62,22.6,22.61,54197
20171211,22.61,22.61,22.6,22.61,79849
20171212,22.6,22.61,22.6,22.605,101920
20171213,22.601,22.62,22.6,22.62,57170
20171214,22.61,22.62,22.6,22.61,83398
20171215,22.6,22.62,22.6,22.615,259217
20171218,22.6,22.62,22.6,22.61,38574
20171219,22.6,22.62,22.6,22.61,577423
20171220,22.6266,22.63,22.61,22.61,49674
20171221,22.61,22.63,22.61,22.61,211659
20171222,22.61,22.62,22.61,22.61,87170
20171226,22.63,22.63,22.62,22.62,170264
20171227,22.61,22.62,22.61,22.615,60449
20171228,22.6,22.62,22.6,22.6193,57628
