Date,Open,High,Low,Close,Volume
20140702,32.18,32.18,31.88,31.88,481
20140703,31.85,31.85,31.85,31.85,329
20140707,31.96,31.96,31.96,31.96,220
20140709,31.96,31.96,31.96,31.96,75804
20140714,31.72,31.72,31.7,31.7,439
20140716,31.64,31.65,31.64,31.65,103959
20140717,31.58,31.58,31.55,31.58,979
20140722,31.75,31.75,31.73,31.73,220
20140724,31.79,31.8,31.74,31.77,28197
20140729,31.58,31.58,31.58,31.58,220
20140730,31.41,31.41,31.41,31.41,238
20140731,31.25,31.25,31.08,31.08,1756
20140801,30.78,30.78,30.78,30.78,10756
20140804,31.35,31.35,31.35,31.35,110
20140805,30.87,30.87,30.77,30.8,6211
20140807,30.69,30.69,30.59,30.59,768
20140812,31.52,31.52,31.52,31.52,483
20140815,31.29,31.29,31.27,31.27,878
20140818,31.68,31.68,31.68,31.68,483
20140820,31.84,31.89,31.84,31.84,3410
20140826,32.17,32.18,32.12,32.12,14708
20140827,32.12,32.12,32.11,32.11,1218
20140902,32.3,32.3,32.16,32.18,2481
20140910,32.11,32.11,32.11,32.11,550
20141001,31.11,31.11,31.11,31.11,328
20141002,30.81,30.81,30.81,30.81,219
20141003,31.42,31.42,31.42,31.42,1620
20141006,31.29,31.37,31.26,31.37,656
20141008,31.23,31.23,31.23,31.23,328
20141009,30.78,30.78,30.78,30.78,328
20141010,30.39,30.4,30.38,30.4,1861
20141013,29.93,29.93,29.88,29.88,1861
20141015,29.55,29.77,29.11,29.77,9639
20141016,29.51,29.95,29.51,29.91,7334
20141017,30.15,30.29,30.15,30.29,3445
20141020,30.5,30.5,30.5,30.5,328
20141022,31.07,31.07,31.06,31.06,1314
20141023,31.68,31.68,31.3,31.31,1788
20141024,31.27,31.5,31.26,31.5,5409
20141027,31.43,31.43,31.43,31.43,164
20141029,32.36,32.36,32.36,32.36,438
20141104,32.28,32.28,32.26,32.26,1423
20141105,32.42,32.44,32.41,32.41,546
20141110,32.81,32.81,32.81,32.81,547
20141113,32.78,32.8,32.78,32.8,3504
20141117,32.75,32.75,32.75,32.75,5257
20141120,33.01,33.01,33.01,33.01,410
20141121,33.25,33.25,33.25,33.25,109
20141124,33.3,33.3,33.3,33.3,438
20141125,33.29,33.29,33.29,33.29,219
20141126,33.87,33.87,33.87,33.87,876
20141201,32.97,32.97,32.97,32.97,219
20141202,33.16,33.16,33.16,33.16,438
20141203,33.4,33.41,33.4,33.41,876
20141204,33.31,33.31,33.31,33.31,1094
20141208,33.47,33.47,33.41,33.43,1468
20141210,32.99,32.99,32.99,32.99,109
20141211,32.87,32.87,32.8,32.8,436
20141212,32.47,32.47,32.31,32.32,1062
20141215,32.08,32.08,32.08,32.08,547
20141218,32.86,32.86,32.86,32.86,9071
20141219,33.32,33.46,33.32,33.46,382
20141222,33.6,33.6,33.6,33.6,218
20141226,33.79,33.79,33.79,33.79,218
20141229,33.95,33.95,33.95,33.95,109
20141230,33.84,33.84,33.79,33.79,1175
20141231,33.39,33.39,33.39,33.39,218
20150102,33.27,33.31,33.21,33.21,1090
20150105,32.74,32.74,32.74,32.74,109
20150106,32.45,32.45,32.45,32.45,218
20150107,32.83,32.83,32.83,32.83,218
20150108,33.29,33.43,33.29,33.43,545
20150109,33.14,33.14,33.14,33.14,327
20150112,32.82,32.82,32.82,32.82,218
20150113,32.6,32.85,32.6,32.85,763
20150114,32.53,32.54,32.53,32.54,872
20150115,32.61,32.61,32.3,32.31,90785
20150116,32.73,32.73,32.73,32.73,164
20150120,32.55,32.55,32.55,32.55,702
20150122,33.13,33.43,33.12,33.43,50021
20150123,33.43,33.43,33.43,33.43,325
20150127,33.14,33.24,33.08,33.22,1727
20150129,32.74,32.74,32.69,32.69,218
20150130,32.8,32.8,32.8,32.8,117
20150203,33.11,33.11,33.11,33.11,109
20150204,33.32,33.32,33.32,33.32,109
20150205,33.66,33.66,33.63,33.63,1352
20150206,33.56,33.56,33.56,33.56,109
20150209,33.39,33.39,33.39,33.39,327
20150210,33.55,33.55,33.54,33.54,1472
20150211,33.75,33.75,33.75,33.75,109
20150212,33.95,34.05,33.95,34.05,545
20150213,34.18,34.18,34.18,34.18,245
20150217,34.25,34.31,34.2,34.21,15501
20150218,34.32,34.32,34.32,34.32,191
20150219,33.99,34.31,33.99,34.29,873
20150220,34.51,34.51,34.51,34.51,229
20150223,34.5,34.5,34.5,34.5,327
20150224,34.62,34.62,34.62,34.62,109
20150225,34.6,34.6,34.55,34.55,1976
20150226,34.84,34.84,34.51,34.51,218
20150227,34.5,34.5,34.5,34.5,654
20150303,34.43,34.43,34.43,34.43,164
20150304,34.25,34.25,34.25,34.25,136
20150305,34.32,34.32,34.32,34.32,590
20150306,33.93,33.93,33.92,33.92,514
20150309,33.98,33.98,33.98,33.98,218
20150310,33.48,33.48,33.48,33.48,136
20150312,33.83,33.83,33.8,33.82,7469
20150313,33.72,33.72,33.72,33.72,218
20150316,34.05,34.05,34.05,34.05,112
20150317,34.02,34.02,34.02,34.02,114
20150318,34.51,34.51,34.51,34.51,2517
20150323,34.67,34.67,34.63,34.63,742
20150324,34.29,34.29,34.29,34.29,217
20150325,33.98,33.98,33.84,33.84,296
20150326,33.69,33.85,33.69,33.85,924
20150327,33.92,33.92,33.92,33.92,109
20150330,34.4,34.4,34.4,34.4,504
20150331,34.29,34.31,34.29,34.31,706
20150401,34.01,34.01,34.01,34.01,288
20150402,34.27,34.27,34.15,34.15,436
20150406,34.44,34.46,34.44,34.45,869
20150409,34.36,34.36,34.36,34.36,435
20150410,34.5,34.56,34.5,34.56,434
20150414,34.39,34.39,34.39,34.39,163
20150415,34.63,34.63,34.63,34.63,473
20150416,34.48,34.48,34.48,34.48,109
20150417,34.11,34.14,34.06,34.1,1239
20150420,34.38,34.43,34.38,34.43,327
20150421,34.37,34.38,34.35,34.35,2283
20150422,34.49,34.49,34.49,34.49,544
20150423,34.5,34.5,34.5,34.5,326
20150424,34.51,34.51,34.51,34.51,217
20150427,34.55,34.55,34.55,34.55,152
20150428,34.39,34.39,34.39,34.39,190
20150429,34.25,34.25,34.25,34.25,391
20150430,33.92,33.92,33.92,33.92,163
20150504,34.38,34.38,34.38,34.38,326
20150505,34.17,34.17,34.11,34.11,345
20150506,33.91,33.91,33.91,33.91,136
20150507,34,34,34,34,217
20150508,34.32,34.32,34.32,34.32,163
20150511,34.26,34.26,34.26,34.26,109
20150512,34.25,34.25,34.23,34.23,423
20150513,34.15,34.15,34.15,34.15,109
20150514,34.46,34.49,34.46,34.49,1087
20150518,34.56,34.59,34.56,34.58,3042
20150519,34.76,34.78,34.72,34.72,57838
20150521,34.77,34.77,34.77,34.77,114
20150522,34.7,34.7,34.7,34.7,217
20150526,34.36,34.36,34.36,34.36,163
20150527,34.63,34.63,34.63,34.63,436
20150528,34.7,34.7,34.56,34.58,6737
20150529,34.42,34.42,34.42,34.42,522
20150601,34.68,34.68,34.51,34.51,1201
20150602,34.41,34.41,34.41,34.41,217
20150603,34.62,34.62,34.62,34.62,217
20150604,34.24,34.24,34.24,34.24,326
20150605,34.17,34.29,34.17,34.29,1413
20150608,34.24,34.24,34.09,34.09,1522
20150609,34.02,34.02,34.02,34.02,190
20150610,34.48,34.51,34.45,34.45,1627
20150611,34.63,34.63,34.58,34.58,756
20150612,34.46,34.46,34.45,34.45,1236
20150615,34.16,34.16,34.16,34.16,571
20150616,34.39,34.39,34.39,34.39,271
20150617,34.46,34.46,34.46,34.46,163
20150618,34.76,34.88,34.76,34.88,216
20150619,34.8,34.8,34.79,34.79,504
20150622,34.86,34.86,34.86,34.86,325
20150623,34.9,34.9,34.9,34.9,217
20150624,34.7,34.7,34.67,34.67,686
20150625,34.51,34.51,34.51,34.51,217
20150626,34.62,34.62,34.62,34.62,459
20150629,33.82,33.82,33.82,33.82,163
20150630,33.91,33.91,33.91,33.91,298
20150701,34.25,34.25,34.13,34.13,1169
20150702,34.21,34.22,34.13,34.13,3686
20150706,34.02,34.02,34.02,34.02,217
20150708,33.63,33.63,33.63,33.63,217
20150709,33.94,33.94,33.89,33.89,2187
20150710,34.02,34.02,34.02,34.02,108
20150713,34.46,34.52,34.46,34.52,900
20150714,34.61,34.61,34.59,34.59,716
20150715,34.59,34.59,34.59,34.59,1951
20150716,34.85,34.85,34.64,34.64,8368
20150720,34.64,34.64,34.64,34.64,162
20150723,34.55,34.55,34.55,34.55,190
20150724,34.45,34.45,33.98,33.98,6754
20150727,33.88,33.88,33.78,33.79,5051
20150728,34.01,34.01,34,34,2277
20150730,34.59,34.62,34.39,34.62,6300
20150731,34.55,34.55,34.55,34.55,379
20150803,34.57,34.57,34.57,34.57,976
20150806,34.52,34.52,34.52,34.52,246
20150810,34.76,34.76,34.76,34.76,120
20150812,34.13,34.43,34.13,34.43,11060
20150813,34.44,34.6,34.43,34.49,4853
20150814,34.54,34.54,34.52,34.52,677
20150817,34.63,34.8,34.63,34.79,848
20150820,34.27,34.27,33.91,33.94,1406
20150821,33.35,33.35,32.99,32.99,2448
20150824,31.73,32.53,31.45,31.57,6799
20150825,32.1,32.1,31.79,31.79,1340
20150826,31.79,32.2,31.4,32.2,8727
20150827,32.59,32.94,32.57,32.94,16759
20150828,32.93,32.93,32.93,32.93,976
20150831,32.87,32.89,32.7,32.8,2494
20150901,32.19,32.19,31.74,31.74,3575
20150902,32.03,32.04,32.03,32.04,569
20150903,32.71,32.71,32.5,32.5,2440
20150904,32.13,32.13,31.96,31.96,1518
20150909,32.81,32.81,32.42,32.42,758
20150910,32.52,32.55,32.32,32.55,15538
20150914,32.49,32.49,32.49,32.49,542
20150916,32.93,33.07,32.93,33.07,2372
20150917,33.25,33.25,33.25,33.25,563
20150918,32.95,32.95,32.64,32.64,423
20150921,32.93,32.95,32.61,32.67,5881
20150922,32.25,32.35,32.09,32.1,865
20150923,32.11,32.11,32.1,32.1,551
20150924,31.66,32.03,31.66,32.03,902
20150925,32.23,32.25,32.04,32.04,685
20150928,31.54,31.54,31.54,31.54,312
20150930,31.73,31.73,31.73,31.73,163
20151001,31.46,31.5,31.46,31.5,1683
20151002,31.81,32.04,31.81,32.04,337
20151005,32.49,32.73,32.49,32.73,2817
20151006,32.73,32.73,32.56,32.56,847
20151007,32.82,32.86,32.82,32.86,650
20151008,32.98,33.04,32.88,33.04,380627
20151009,33.29,33.29,33.13,33.22,55805
20151012,33.2,33.2,33.19,33.19,693
20151013,33.24,33.24,32.96,32.96,4986
20151014,33.04,33.04,32.81,32.93,6081
20151015,32.96,32.96,32.92,32.92,217
20151016,33.07,33.07,33.07,33.07,826
20151019,33.21,33.21,33.06,33.19,14821
20151021,33.15,33.41,33.03,33.03,2340
20151022,33.45,33.52,33.44,33.52,2168
20151023,33.49,33.65,33.48,33.65,5727
20151026,33.59,33.68,33.59,33.66,1352
20151027,33.55,33.55,33.52,33.52,1590
20151028,33.62,33.62,33.62,33.62,1084
20151029,33.82,33.82,33.76,33.8,1083
20151030,33.85,33.95,33.85,33.92,4815
20151102,34.05,34.06,34.05,34.06,434
20151103,34.07,34.15,34.07,34.15,325
20151104,34.04,34.05,34.04,34.05,1951
20151105,33.96,34,33.96,33.99,2819
20151106,33.9,33.97,33.85,33.97,6535
20151109,33.65,33.65,33.65,33.65,9561
20151110,33.7,33.83,33.7,33.82,5724
20151111,33.79,33.79,33.79,33.79,325
20151113,32.9,32.98,32.85,32.85,2338
20151116,33.01,33.32,32.83,33.32,314587
20151117,33.33,33.44,33.23,33.26,2098
20151118,33.51,33.71,33.51,33.71,3649
20151119,33.78,33.78,33.74,33.75,1409
20151120,33.97,34.03,33.93,33.94,1409
20151123,34,34.09,33.91,33.91,12893
20151124,33.88,34.04,33.82,33.99,2878
20151125,34.1,34.1,34.02,34.06,4431
20151130,33.96,33.96,33.96,33.96,209
20151202,34.37,34.37,33.84,33.85,3509
20151203,34.04,34.04,33.29,33.33,4439
20151204,33.72,33.99,33.72,33.96,4412
20151207,33.71,33.71,33.71,33.71,855
20151208,33.64,33.64,33.43,33.5,4020
20151209,33.65,33.73,33.12,33.19,1354
20151210,33.25,33.39,33.25,33.27,4569
20151214,32.79,32.81,32.59,32.62,4328
20151215,33.12,33.19,32.98,33.08,17635
20151216,33.16,33.26,33.09,33.26,8030
20151217,33.23,33.24,33.16,33.17,2787
20151218,32.64,32.7,32.52,32.52,1724
20151221,32.73,32.73,32.56,32.56,10778
20151222,33.03,33.14,32.78,33.04,2805
20151223,33.42,33.44,33.42,33.42,1367
20151224,33.44,33.48,33.37,33.48,5565
20151228,33.21,33.35,33.2,33.34,1836
20151229,33.61,33.68,33.61,33.68,28877
20151230,33.62,33.63,33.47,33.47,190840
20151231,33.44,33.44,33.15,33.15,8675
20160104,32.54,32.54,32.37,32.41,1427
20160105,32.83,32.83,32.55,32.69,9665
20160106,32.3,32.46,32.09,32.09,2482
20160107,31.57,31.64,31.48,31.64,6229
20160108,31.57,31.61,31.4,31.44,4129
20160111,31.2,31.2,30.98,31.18,22161
20160112,31.46,31.46,31.07,31.2,84726
20160113,31.27,31.27,30.63,30.64,4486
20160114,30.89,31.12,30.71,30.97,5250
20160115,30.34,30.47,30.07,30.46,5067
20160119,30.82,30.82,30.2,30.47,14603
20160120,29.71,30.16,29.4,30.15,2415
20160121,30.22,30.48,30.1,30.29,17347
20160122,30.45,30.77,30.45,30.77,2001
20160125,30.67,30.67,30.25,30.27,9925
20160126,30.5,30.76,30.5,30.73,12235
20160127,30.59,31.01,30.56,30.59,3223
20160128,30.8,30.8,30.44,30.49,7839
20160129,30.93,31.34,30.93,31.34,1091
20160201,31.33,31.45,31.19,31.45,224180
20160202,31.35,31.35,30.79,30.84,2349
20160203,30.37,30.98,30.37,30.98,523
20160204,31.05,31.06,30.98,31.05,6143
20160205,30.69,30.79,30.63,30.63,700
20160208,30.83,30.83,29.74,29.92,4367
20160209,30.07,30.35,30,30.35,3669
20160210,30.47,30.52,30.21,30.21,5047
20160211,29.85,29.89,29.65,29.86,6792
20160212,30.22,30.23,30.06,30.23,1703
20160216,30.38,30.95,30.38,30.94,128212
20160217,31.41,31.47,31.39,31.44,4260
20160218,31.34,31.46,31.33,31.37,2264
20160219,31.17,31.37,31.17,31.36,6881
20160222,31.75,31.83,31.74,31.83,2870
20160223,31.6,31.6,31.49,31.49,691
20160224,31.13,31.68,31.1,31.68,5526
20160225,31.83,32.08,31.69,32.06,5292
20160226,32.21,32.22,32.12,32.14,6826
20160229,32.1,32.18,31.93,31.95,2830
20160301,32.22,32.22,32.2,32.2,297
20160302,32.6,32.6,32.42,32.44,2168
20160303,32.55,32.7,32.55,32.7,1443
20160304,33.05,33.11,32.89,32.97,7130
20160307,33.04,33.08,32.96,33.05,1866
20160308,32.6,32.71,32.59,32.65,8696
20160309,32.66,32.66,32.66,32.66,324
20160310,32.48,32.72,32.48,32.63,2487
20160311,33.07,33.22,33.07,33.22,3172
20160314,33.12,33.24,33.12,33.24,2721
20160315,32.98,33.05,32.97,33.05,133014
20160316,33.01,33.22,33.01,33.22,2153
20160317,33.3,33.47,33.29,33.47,2908
20160318,33.76,33.78,33.68,33.74,13303
20160321,33.9,33.9,33.61,33.72,2777
20160322,33.67,33.78,33.67,33.75,10446
20160323,33.6,33.64,33.54,33.63,5963
20160324,33.27,33.32,33.18,33.32,2609
20160328,33.67,33.67,33.42,33.53,39643
20160329,33.53,33.53,33.52,33.52,911
20160330,34,34.03,33.96,33.96,10402
20160331,34,34.04,33.92,33.96,9111
20160401,33.86,34.11,33.86,34.11,146650
20160404,34.12,34.12,34.06,34.06,3306
20160405,33.7,33.73,33.6,33.63,6428
20160406,33.62,33.91,33.62,33.91,2967
20160407,33.93,33.93,33.39,33.44,4593
20160408,33.78,33.78,33.51,33.51,7699
20160411,33.8,33.83,33.57,33.57,4393
20160412,33.65,33.79,33.47,33.75,16878
20160413,33.87,34.16,33.87,34.16,4677
20160414,34.36,34.36,34.13,34.15,5673
20160415,34.03,34.18,34.03,34.17,2382
20160418,34.1,34.37,34.1,34.34,5555
20160419,34.47,34.56,34.34,34.44,5616
20160420,34.5,34.63,34.4,34.63,4331
20160421,34.54,34.54,34.28,34.31,7355
20160422,34.48,34.49,34.32,34.47,6427
20160425,34.59,34.59,34.25,34.35,1095
20160426,34.48,34.6,34.44,34.55,5968
20160427,34.61,34.83,34.55,34.83,49799
20160428,35,35,34.35,34.35,35946
20160429,34.42,34.42,33.95,33.97,6680
20160502,34.15,34.39,34.15,34.39,5370
20160503,34.16,34.16,33.94,34.06,2544
20160504,33.89,33.99,33.77,33.86,54823
20160505,33.88,33.9,33.77,33.79,4114
20160506,33.67,33.93,33.67,33.9,2313
20160509,34,34.06,33.97,34.01,3763
20160510,34.19,34.4,34.19,34.4,8134
20160511,34.28,34.28,34.1,34.1,3087
20160512,33.97,34.12,33.91,34.09,1944
20160513,34,34.06,33.72,33.75,5343
20160516,33.88,34.08,33.88,34.05,4916
20160517,34,34.09,33.72,33.81,33522
20160518,33.71,34.01,33.61,33.81,6104
20160519,33.59,33.67,33.49,33.66,2008
20160520,33.95,34.02,33.94,33.98,7590
20160523,33.98,34.03,33.89,33.89,9135
20160524,34.02,34.39,34.02,34.39,9378
20160525,34.56,34.59,34.49,34.58,3235
20160526,34.62,34.62,34.48,34.55,4352
20160527,34.75,34.75,34.66,34.74,4666
20160531,34.83,34.84,34.63,34.77,3184
20160601,34.69,34.89,34.69,34.89,4051
20160602,34.95,34.98,34.79,34.98,2053
20160603,34.66,34.91,34.66,34.9,2313
20160606,35.01,35.09,34.98,35.07,4779
20160607,35.06,35.16,35.01,35.16,8065
20160608,35.25,35.25,35.18,35.23,3725
20160609,35.28,35.28,35.01,35.19,4225
20160610,34.79,34.88,34.72,34.72,4447
20160613,34.71,34.72,34.42,34.42,4145
20160614,34.47,34.47,34.19,34.29,72461
20160615,34.44,34.47,34.28,34.3,30867
20160616,34.05,34.37,33.93,34.36,7288
20160617,34.16,34.37,34.16,34.37,9940
20160620,34.5,34.86,34.5,34.6,17190
20160621,34.73,34.73,34.57,34.67,6437
20160622,34.66,34.79,34.59,34.59,7198
20160623,34.9,35.08,34.9,35.07,6584
20160624,33.61,34.3,33.61,33.74,14564
20160627,33.7,33.7,32.78,32.89,83403
20160628,33.3,33.44,33.14,33.41,22834
20160629,33.82,34.1,33.8,34.07,9496
20160630,34.26,34.55,34.26,34.53,5200
20160701,34.78,34.79,34.59,34.63,5504
20160705,34.31,34.32,34.19,34.32,6141
20160706,34.12,34.52,34.12,34.52,6137
20160707,34.64,34.65,34.53,34.58,1888
20160708,34.9,35.18,34.9,35.18,2745
20160711,35.37,35.37,35.37,35.37,430
20160712,35.58,35.66,35.5,35.62,3560
20160713,35.77,35.77,35.53,35.62,4820
20160714,35.95,35.95,35.68,35.75,2913
20160715,35.77,35.84,35.66,35.7,88652
20160718,35.79,35.79,35.71,35.78,3502
20160719,35.92,35.92,35.62,35.72,14191
20160720,35.85,35.93,35.72,35.9,9779
20160721,35.93,35.96,35.77,35.77,52185
20160722,35.8,35.98,35.8,35.97,39179
20160725,36.03,36.03,35.86,35.91,41907
20160726,36.08,36.09,35.98,36.09,54831
20160727,36.01,36.01,35.88,35.9,5303
20160728,35.98,36.02,35.74,35.98,9772
20160729,35.83,35.99,35.83,35.99,3945
20160801,35.89,36,35.84,35.84,814
20160802,36.01,36.01,35.47,35.52,7712
20160803,35.54,35.68,35.54,35.68,5705
20160804,35.71,35.71,35.64,35.67,781
20160805,36.01,36.01,35.97,36,6000
20160808,36.13,36.13,35.94,35.94,6416
20160809,35.99,36.04,35.93,35.95,4265
20160810,35.95,35.98,35.86,35.93,21640
20160811,36.15,36.16,36.01,36.14,9745
20160812,36.2,36.2,36.03,36.09,5457
20160815,36.26,36.32,36.26,36.27,169946
20160816,36.05,36.16,36.05,36.05,23978
20160817,35.93,36.03,35.85,36.03,8081
20160818,36.05,36.17,36.05,36.15,31002
20160819,36.02,36.26,36.02,36.24,11473
20160822,36.13,36.24,36.13,36.24,5394
20160823,36.47,36.49,36.38,36.38,12468
20160824,36.48,36.48,36.13,36.15,5805
20160825,36.18,36.28,36.15,36.17,24202
20160826,36.27,36.38,35.98,35.99,9140
20160829,36.26,36.34,36.26,36.27,5788
20160830,36.31,36.31,36.17,36.25,7040
20160831,36.2,36.23,36.07,36.18,53948
20160901,36.25,36.25,35.98,36.09,29821
20160902,36.35,36.38,36.31,36.36,7325
20160906,36.47,36.47,36.24,36.32,7865
20160907,36.46,36.46,36.33,36.4,15533
20160908,36.4,36.4,36.26,36.3,10367
20160909,36.07,36.07,35.37,35.37,11962
20160912,35.17,35.9,35.1,35.9,10181
20160913,35.63,35.63,35.28,35.34,24663
20160914,35.4,35.5,35.2,35.27,14708
20160915,35.26,35.68,35.26,35.64,10631
20160916,35.65,35.65,35.37,35.47,18922
20160919,35.65,35.76,35.57,35.58,11255
20160920,35.83,35.83,35.52,35.54,14959
20160921,35.8,35.94,35.57,35.91,14824
20160922,36.15,36.2,36.08,36.19,14206
20160923,36.22,36.22,36,36.01,7239
20160926,35.78,35.83,35.73,35.73,14212
20160927,35.77,35.93,35.75,35.91,10175
20160928,36.12,36.12,35.78,36.05,9006
20160929,36.03,36.05,35.64,35.72,21318
20160930,35.8,36.07,35.8,36.05,13349
20161003,35.83,35.94,35.76,35.86,7350
20161004,35.87,35.87,35.57,35.64,10676
20161005,35.82,35.92,35.82,35.85,19251
20161006,35.71,35.9,35.71,35.89,11889
20161007,36.03,36.03,35.6,35.72,5011
20161010,35.81,35.99,35.81,35.83,6547
20161011,35.81,35.81,35.23,35.37,23328
20161012,35.46,35.54,35.36,35.51,16327
20161013,35.3,35.38,35.06,35.32,21596
20161014,35.58,35.61,35.37,35.39,19105
20161017,35.39,35.43,35.24,35.27,11700
20161018,35.39,35.51,35.39,35.46,13589
20161019,35.53,35.57,35.37,35.53,22022
20161020,35.42,35.52,35.32,35.44,5892
20161021,35.26,35.44,35.26,35.43,5948
20161024,35.7,35.73,35.57,35.61,2641
20161025,35.59,35.59,35.35,35.37,17148
20161026,35.32,35.42,35.27,35.32,13664
20161027,35.25,35.25,35.1,35.11,31936
20161028,35.18,35.38,35.09,35.17,10215
20161031,35.3,35.34,35.22,35.31,17343
20161101,35.51,35.51,34.84,35.08,106859
20161102,35.03,35.07,34.88,34.94,9256
20161103,34.89,34.99,34.73,34.73,40964
20161104,34.84,35,34.77,34.88,6931
20161107,35.27,35.46,35.24,35.46,23799
20161108,35.44,35.71,35.33,35.67,19790
20161109,35.3,36.09,35.23,35.96,92823
20161110,36.18,36.33,36.01,36.22,68226
20161111,36.18,36.29,36.1,36.23,14140
20161114,36.42,36.62,36.42,36.59,28250
20161115,36.8,36.83,36.56,36.8,32726
20161116,36.78,36.78,36.65,36.72,17391
20161117,36.81,37,36.8,36.99,75327
20161118,37.05,37.05,36.85,36.92,51294
20161121,37.1,37.12,36.99,37.11,99510
20161122,37.24,37.3,37.15,37.3,38619
20161123,37.28,37.38,37.23,37.38,24839
20161125,37.54,37.56,37.5,37.56,8856
20161128,37.53,37.53,37.33,37.33,28085
20161129,37.45,37.56,37.42,37.45,59746
20161130,37.45,37.58,37.24,37.3,33941
20161201,37.21,37.34,37.06,37.06,22033
20161202,37.22,37.23,37.07,37.13,21766
20161205,37.38,37.41,37.14,37.39,22348
20161206,37.49,37.61,37.36,37.61,78299
20161207,37.64,38.13,37.58,38.07,37318
20161208,38.16,38.34,38.07,38.27,44922
20161209,38.5,38.5,38.22,38.32,33164
20161212,38.6,38.6,38.15,38.19,21063
20161213,38.35,38.38,38.26,38.35,57565
20161214,38.47,38.47,37.96,37.97,14481
20161215,38.12,38.28,38.07,38.17,24698
20161216,38.28,38.28,38.01,38.06,13632
20161219,38.22,38.23,38.09,38.16,27234
20161220,38.38,38.38,38.25,38.31,19822
20161221,38.36,38.36,38.24,38.27,32669
20161222,38.34,38.34,37.99,38.05,30701
20161223,38.17,38.17,38.08,38.13,48837
20161227,38.21,38.34,38.2,38.26,20181
20161228,38.52,38.52,37.85,37.87,20010
20161229,37.97,38.05,37.85,37.91,11294
20161230,38.07,38.07,37.67,37.74,16103
20170103,37.86,38.11,37.78,37.99,39820
20170104,38.25,38.38,38.22,38.36,23771
20170105,38.21,38.35,38.05,38.18,19769
20170106,38.36,38.38,38.19,38.3,17844
20170109,38.49,38.49,38.08,38.1,21298
20170110,38.19,38.32,38.15,38.21,26567
20170111,38.37,38.37,38.07,38.33,39359
20170112,38.37,38.37,37.95,38.23,20312
20170113,38.47,38.48,38.31,38.35,36229
20170117,38.42,38.42,38.12,38.17,52134
20170118,38.34,38.34,38.17,38.31,20215
20170119,38.43,38.43,38.06,38.16,14266
20170120,38.12,38.33,38.12,38.23,231695
20170123,38.39,38.39,38.04,38.18,14623
20170124,38.41,38.6,38.28,38.54,301141
20170125,38.71,38.85,38.71,38.85,35320
20170126,38.96,38.96,38.74,38.78,24131
20170127,38.9,38.9,38.65,38.7,21735
20170130,38.45,38.48,38.21,38.47,24182
20170131,38.56,38.56,38.34,38.55,85631
20170201,38.42,38.68,38.37,38.44,17502
20170202,38.46,38.61,38.37,38.52,68580
20170203,38.78,38.86,38.7,38.83,82077
20170206,38.6,38.86,38.6,38.74,25267
20170207,38.87,38.87,38.69,38.77,32499
20170208,38.77,38.84,38.68,38.82,18449
20170209,38.89,39.14,38.89,39.1,27522
20170210,39.23,39.29,39.1,39.25,16942
20170213,39.45,39.46,39.36,39.4,18526
20170214,39.28,39.53,39.28,39.48,19349
20170215,39.49,39.75,39.49,39.71,38582
20170216,39.82,39.82,39.58,39.72,14847
20170217,39.76,39.81,39.58,39.81,72642
20170221,39.96,40.07,39.92,40.05,38336
20170222,40.1,40.1,39.9,40.01,64045
20170223,40.2,40.21,39.84,39.92,40993
20170224,39.97,40.09,39.8,40.08,21970
20170227,40.13,40.2,40.08,40.2,19288
20170228,40.22,40.22,39.98,40,26678
20170301,40.37,40.61,40.37,40.55,64994
20170302,40.61,40.61,40.25,40.27,96071
20170303,40.28,40.31,40.14,40.29,39577
20170306,40.27,40.27,40.03,40.14,442468
20170307,40.19,40.19,39.93,39.96,45543
20170308,40.03,40.1,39.93,39.93,37154
20170309,40.11,40.11,39.79,39.94,148096
20170310,40.16,40.18,39.93,40.08,81369
20170313,40.15,40.2,40.06,40.2,20182
20170314,40.22,40.22,39.95,40.07,45034
20170315,40.04,40.49,40.04,40.44,109329
20170316,40.54,40.54,40.33,40.35,48914
20170317,40.51,40.51,40.3,40.4,100867
20170320,40.38,40.51,40.17,40.22,27025
20170321,40.38,40.38,39.63,39.64,19023
20170322,39.69,39.76,39.56,39.74,23781
20170323,39.73,39.99,39.71,39.75,168425
20170324,39.84,39.93,39.57,39.69,69588
20170327,39.5,39.7,39.21,39.64,18980
20170328,39.68,39.97,39.55,39.89,125294
20170329,39.82,39.93,39.8,39.9,31838
20170330,39.9,40.08,39.9,40.06,19406
20170331,39.98,40.12,39.98,40.03,14304
20170403,39.91,40.06,39.63,39.79,58344
20170404,39.79,39.83,39.68,39.73,37372
20170405,39.9,40.06,39.55,39.55,29774
20170406,39.64,39.84,39.47,39.75,23902
20170407,39.63,39.82,39.63,39.73,35870
20170410,39.67,39.92,39.66,39.77,14010
20170411,39.83,39.87,39.59,39.84,14345
20170412,39.78,39.78,39.48,39.52,89808
20170413,39.42,39.6,39.29,39.29,28191
20170417,39.43,39.61,39.33,39.59,32046
20170418,39.58,39.61,39.45,39.6,19618
20170419,39.83,39.83,39.61,39.66,28262
20170420,39.84,40.08,39.72,40.03,32490
20170421,40.13,40.13,39.87,39.98,32935
20170424,40.6,40.6,40.36,40.44,70874
20170425,40.67,40.7,40.57,40.63,39328
20170426,40.66,40.81,40.6,40.65,41930
20170427,40.88,40.88,40.62,40.73,40587
20170428,40.66,40.69,40.44,40.51,59926
20170501,40.72,40.72,40.43,40.53,46601
20170502,40.7,40.7,40.43,40.51,35437
20170503,40.51,40.51,40.32,40.45,21973
20170504,40.62,40.62,40.38,40.55,18524
20170505,40.69,40.72,40.55,40.71,19682
20170508,40.77,40.77,40.58,40.61,21213
20170509,40.76,40.76,40.59,40.64,31696
20170510,40.54,40.87,40.54,40.67,16240
20170511,40.64,40.64,40.33,40.57,30405
20170512,40.53,40.53,40.34,40.36,149628
20170515,40.51,40.67,40.51,40.64,16064
20170516,40.74,40.74,40.49,40.53,23054
20170517,40.32,40.32,39.91,39.91,28280
20170518,39.89,40.19,39.78,40.05,37684
20170519,40.06,40.46,40.06,40.32,22912
20170522,40.47,40.62,40.38,40.62,34906
20170523,40.73,40.73,40.55,40.64,32738
20170524,40.69,40.72,40.61,40.72,12961
20170525,40.85,41.02,40.77,40.97,15146
20170526,40.98,40.99,40.93,40.98,44095
20170530,40.95,40.96,40.84,40.93,49555
20170531,41.2,41.2,40.81,41,57394
20170601,41.15,41.39,41.05,41.39,24628
20170602,41.43,41.61,41.39,41.51,79146
20170605,41.74,41.74,41.43,41.44,16131
20170606,41.61,41.61,41.24,41.24,18429
20170607,41.37,41.37,41.22,41.32,47040
20170608,41.38,41.47,41.28,41.39,24634
20170609,41.52,41.64,41.34,41.46,7284
20170612,41.44,41.46,41.28,41.43,29215
20170613,41.56,41.69,41.52,41.67,33671
20170614,41.6,41.73,41.53,41.69,16255
20170615,41.33,41.64,41.33,41.59,17286
20170616,41.64,41.64,41.4,41.6,21602
20170619,41.81,41.93,41.75,41.91,29385
20170620,41.75,41.86,41.59,41.6,40834
20170621,41.64,41.64,41.4,41.44,27578
20170622,41.37,41.52,41.35,41.4,17116
20170623,41.33,41.7,41.33,41.47,59231
20170626,41.72,41.72,41.51,41.62,15409
20170627,41.49,41.62,41.31,41.31,33788
20170628,41.57,41.72,41.49,41.68,54898
20170629,41.74,41.74,41.09,41.32,86693
20170630,41.48,41.58,41.4,41.55,14375
20170703,41.75,41.75,41.59,41.6,13019
20170705,41.68,41.68,41.46,41.62,131668
20170706,41.46,41.5,41.17,41.22,212409
20170707,41.21,41.6,41.21,41.54,17251
20170710,41.52,41.59,41.49,41.51,162937
20170711,41.55,41.55,41.3,41.48,13150
20170712,41.75,41.78,41.68,41.72,23442
20170713,41.75,41.8,41.64,41.8,130236
20170714,41.83,42,41.78,41.93,18404
20170717,41.91,42.01,41.84,41.96,12523
20170718,41.89,41.9,41.8,41.9,13983
20170719,42.08,42.11,41.97,42.11,19967
20170720,42.29,42.29,41.98,42.1,27277
20170721,42.27,42.32,41.96,42.13,19325
20170724,42.13,42.14,42.03,42.12,17640
20170725,42.33,42.33,42.18,42.27,13868
20170726,42.18,42.23,42.1,42.13,50720
20170727,42.22,42.26,41.86,42,26982
20170728,41.9,42,41.87,42,25257
20170731,41.99,42.08,41.96,42.05,40684
20170801,42.16,42.16,42.03,42.13,37066
20170802,41.8,42.12,41.8,42.06,95026
20170803,42.1,42.1,41.93,42.03,86740
20170804,41.81,42.18,41.81,42.07,58729
20170807,42.11,42.17,42.05,42.16,18457
20170808,42.11,42.28,42.01,42.02,17680
20170809,42.11,42.11,41.84,41.96,14616
20170810,42.12,42.12,41.37,41.37,38797
20170811,41.56,41.56,41.38,41.44,35700
20170814,41.66,41.89,41.66,41.85,32692
20170815,41.77,41.86,41.73,41.74,27282
20170816,41.81,42.02,41.8,41.9,32265
20170817,41.86,41.86,41.24,41.27,89354
20170818,41.29,41.36,41.11,41.26,16632
20170821,41.33,41.33,41.07,41.22,18106
20170822,41.41,41.62,41.35,41.62,52347
20170823,41.52,41.53,41.42,41.49,54177
20170824,41.49,41.52,41.37,41.39,41026
20170825,41.47,41.59,41.47,41.53,22313
20170828,41.62,41.63,41.42,41.49,34893
20170829,41.31,41.49,41.28,41.48,19325
20170830,41.51,41.73,41.49,41.69,27604
20170831,41.83,42,41.82,41.96,27590
20170901,42.15,42.15,42,42.03,18348
20170905,41.81,41.95,41.53,41.69,90744
20170906,41.83,41.83,41.69,41.74,24404
20170907,41.76,41.76,41.6,41.69,26001
20170908,41.61,41.89,41.61,41.85,44122
20170911,42.15,42.28,42.14,42.23,28181
20170912,42.36,42.43,42.32,42.43,21854
20170913,42.44,42.44,42.34,42.37,56586
20170914,42.27,42.34,42.27,42.29,17417
20170915,42.33,42.4,42.3,42.39,11856
20170918,42.54,42.56,42.46,42.55,108712
20170919,42.61,42.61,42.49,42.53,36017
20170920,42.58,42.64,42.46,42.64,99670
20170921,42.48,42.6,42.48,42.57,110026
20170922,42.54,42.68,42.53,42.68,14085
20170925,42.43,42.67,42.43,42.61,14118
20170926,42.82,42.82,42.67,42.67,9416
20170927,42.79,42.93,42.68,42.86,22885
20170928,42.83,42.93,42.76,42.93,20501
20170929,43.01,43.08,42.88,43.07,17036
20171002,43.14,43.31,43.1,43.31,30080
20171003,43.29,43.4,43.26,43.4,91602
20171004,43.57,43.57,43.35,43.47,53990
20171005,43.61,43.67,43.52,43.63,43964
20171006,43.59,43.6,43.52,43.57,17158
20171009,43.71,43.71,43.44,43.49,15686
20171010,43.61,43.67,43.52,43.59,28058
20171011,43.6,43.64,43.57,43.61,22170
20171012,43.55,43.71,43.55,43.67,16637
20171013,43.76,43.76,43.66,43.66,14619
20171016,43.78,43.78,43.59,43.7,22450
20171017,43.81,43.81,43.59,43.63,22104
20171018,43.76,43.81,43.69,43.78,16524
20171019,43.71,43.83,43.55,43.81,232167
20171020,44.06,44.17,44.04,44.12,17851
20171023,44.24,44.24,44.08,44.08,35414
20171024,44.2,44.2,44.08,44.14,14918
20171025,44.17,44.17,43.66,43.9,28950
20171026,44.09,44.18,44.03,44.12,15936
20171027,44.17,44.22,43.98,44.22,48644
20171030,44.25,44.25,43.9,43.95,25523
20171031,43.98,44.13,43.98,44.07,26373
20171101,44.1,44.26,44,44.01,15757
20171102,44.09,44.17,43.95,44.13,12008
20171103,44.24,44.24,44.05,44.17,23558
20171106,44.08,44.26,44.08,44.22,23286
20171107,44.25,44.34,44.06,44.14,14766
20171108,44.34,44.34,44.08,44.21,84116
20171109,43.92,44.06,43.78,43.95,34108
20171110,43.93,44.03,43.86,44.02,19084
20171113,43.88,44.14,43.88,44.1,8817
20171114,44.03,44.17,43.96,44.15,31063
20171115,44.06,44.06,43.84,43.94,24975
20171116,44.3,44.41,44.15,44.35,20889
20171117,44.58,44.58,44.26,44.33,44560
20171120,44.41,44.5,44.36,44.48,28904
20171121,44.68,44.74,44.63,44.71,25387
20171122,44.78,44.78,44.62,44.67,93435
20171124,44.65,44.73,44.64,44.69,4382
20171127,44.67,44.8,44.67,44.76,40740
20171128,44.9,45.3,44.84,45.28,15104
20171129,45.4,45.58,45.4,45.54,81224
20171130,45.78,46.06,45.65,45.93,32224
20171201,46.01,46.01,45.14,45.77,20890
20171204,45.84,46.2,45.84,45.88,116601
20171205,45.91,45.91,45.56,45.6,29361
20171206,45.59,45.65,45.28,45.56,22163
20171207,45.54,45.81,45.54,45.76,84597
20171208,45.99,46.04,45.87,46.03,84360
20171211,46.15,46.15,45.91,46.01,25405
20171212,45.89,46.08,45.89,45.96,33109
20171213,46.03,46.13,45.9,45.92,50853
20171214,46.18,46.18,45.66,45.69,44186
20171215,45.78,46.2,45.78,46.04,55485
20171218,46.06,46.46,46.06,46.36,18608
20171219,46.49,46.49,46.27,46.29,43798
20171220,46.55,46.55,46.24,46.3,19134
20171221,46.28,46.38,46.23,46.24,26017
20171222,46.27,46.3,46.13,46.3,57395
20171226,46.27,46.38,46.21,46.26,18713
20171227,46.2,46.38,46.2,46.31,47917
20171228,46.27,46.39,46.26,46.35,10651
20171229,46.65,46.82,46.21,46.21,132352
20180102,46.44,46.44,46.26,46.4,44413
20180103,46.42,46.67,46.42,46.66,85253
20180104,46.84,46.94,46.79,46.85,35399
20180105,46.93,47.08,46.9,47.05,30930
20180108,47.13,47.28,47.01,47.26,64772
20180109,47.03,47.52,47.03,47.37,39595
20180110,47.26,47.31,47.16,47.23,37979
20180111,47.48,47.65,47.38,47.65,43341
20180112,47.76,47.91,47.69,47.91,104604
20180116,48.32,48.32,47.57,47.72,31900
20180117,47.88,48.21,47.83,48.12,18689
20180118,48.15,48.2,47.97,48.01,66449
20180119,48.17,48.4,48.13,48.4,25721
20180122,48.46,48.65,48.37,48.62,54920
20180123,48.68,48.76,48.54,48.74,61420
20180124,48.75,48.95,48.48,48.72,84061
20180125,49.05,49.06,48.64,48.8,27656
20180126,49.11,49.26,48.83,49.24,80555
20180129,49.17,49.28,48.94,49,34981
20180130,48.76,48.76,48.47,48.55,33118
20180131,48.83,48.83,48.24,48.45,49271
20180201,48.3,48.58,48.28,48.34,275982
20180202,48.28,48.28,47.45,47.57,225864
20180205,47.31,47.5,45.68,45.68,51850
20180206,44.96,46.39,44.81,46.23,242548
20180207,46.42,46.81,46.21,46.34,48171
20180208,46.37,46.37,44.74,44.74,72793
20180209,45.27,45.46,43.95,45.16,175784
20180212,45.68,46.06,45.28,45.79,68457
20180213,45.42,45.99,45.42,45.92,39397
20180214,45.6,46.64,45.6,46.64,32907
20180215,47.06,47.09,46.53,47.06,74450
20180216,47.09,47.5,47.04,47.23,61132
20180220,46.89,47.23,46.73,46.73,19604
20180221,46.68,47.42,46.68,46.72,35426
20180222,47.06,47.07,46.57,46.57,20393
20180223,47.04,47.24,46.76,47.24,60144
20180226,47.49,47.68,47.24,47.62,25795
20180227,47.73,47.87,47.16,47.16,33140
20180228,47.32,47.42,46.7,46.7,57752
20180301,46.83,46.83,45.94,46.19,51102
20180302,45.73,46.46,45.73,46.46,48663
20180305,46.32,47.06,45.96,46.94,15514
20180306,46.78,47.21,46.78,47.18,42579
20180307,46.69,47.27,46.69,47.2,33422
20180308,47.38,47.39,47.09,47.3,45410
20180309,47.53,48.13,47.53,48.13,53214
20180312,48.22,48.22,47.93,48.05,20320
20180313,48.3,48.3,47.77,47.81,28911
20180314,47.8,47.92,47.51,47.54,14276
20180315,47.8,47.8,47.42,47.55,26049
20180316,47.5,47.8,47.5,47.79,25032
20180319,47.58,47.58,47,47.24,68132
20180320,47.55,47.55,47.31,47.37,42124
20180321,47.44,47.68,47.36,47.55,25838
20180322,47.43,47.43,46.2,46.25,37529
20180323,46.56,46.56,45.4,45.42,80650
20180326,46.04,46.46,45.59,46.39,39833
20180327,46.7,46.7,45.73,45.86,44806
20180328,45.96,46.02,45.63,45.84,29113
20180329,45.92,46.66,45.92,46.41,22129
20180402,46.36,46.36,45.01,45.42,100601
20180403,45.74,46,45.46,45.91,74640
20180404,45.51,46.48,45.29,46.48,39556
20180405,46.38,46.87,46.38,46.79,45041
20180406,46.52,46.54,45.39,45.76,60194
20180409,45.94,46.39,45.76,45.76,27190
20180410,46.44,46.5,46.18,46.45,17921
20180411,46.2,46.4,46.09,46.15,22656
20180412,46.27,46.6,46.27,46.47,164046
20180413,46.69,46.69,46.14,46.31,45580
20180416,46.69,46.91,46.53,46.83,23736
20180417,47.04,47.23,46.98,47.14,49356
20180418,47.38,47.45,47.25,47.26,97191
20180419,47.31,47.31,46.88,47.05,84602
20180420,47.12,47.12,46.65,46.78,29904
20180423,47.03,47.03,46.66,46.85,38753
20180424,47.08,47.1,46.08,46.38,28346
20180425,46.5,46.61,46.11,46.46,95786
20180426,46.61,46.76,46.35,46.6,29712
20180427,46.77,46.77,46.45,46.66,26983
20180430,46.85,46.85,46.2,46.2,115067
20180501,46.22,46.22,45.78,46.18,31274
20180502,46.37,46.37,45.84,45.84,33540
20180503,45.63,45.88,45.16,45.74,65657
20180504,45.61,46.42,45.6,46.26,13971
20180507,46.52,46.55,46.27,46.4,38170
20180508,46.37,46.51,46.32,46.48,52402
20180509,46.61,46.83,46.44,46.74,40234
20180510,47.04,47.19,46.81,47.08,85065
20180511,47.21,47.31,47.08,47.18,44123
20180514,47.33,47.38,47.04,47.15,68218
20180515,46.76,47.04,46.76,46.93,32151
20180516,47.07,47.32,47.04,47.14,103315
20180517,47.23,47.45,47.22,47.3,20296
20180518,47.38,47.38,47.24,47.28,134942
20180521,47.64,47.66,47.5,47.59,73046
20180522,47.75,47.75,47.34,47.34,111145
20180523,47.26,47.39,47.13,47.39,43987
20180524,47.39,47.48,47.11,47.44,64019
20180525,47.33,47.48,47.28,47.37,40808
20180529,47.13,47.18,46.71,46.88,26739
20180530,47.12,47.61,47.12,47.51,51617
20180531,47.7,47.7,46.91,46.99,53562
20180601,47.32,47.43,47.27,47.34,59765
20180604,47.59,47.59,47.42,47.58,25839
20180605,47.74,47.74,47.47,47.66,44392
20180606,47.96,48.01,47.58,48,59067
20180607,48.23,48.23,47.87,48.01,39206
20180608,47.77,48.26,47.77,48.26,59799
20180611,48.31,48.37,48.26,48.3,36269
20180612,48.38,48.43,48.24,48.37,26961
20180613,48.43,48.53,48.19,48.19,28499
20180614,48.31,48.33,48.09,48.19,30018
20180615,47.79,48.31,47.79,48.3,63168
20180618,48.14,48.26,48.02,48.23,57042
20180619,47.74,48.07,47.69,48.01,63922
20180620,48,48.23,48,48.14,56545
20180621,48.15,48.15,47.75,47.84,38143
20180622,48.24,48.24,47.84,47.84,60414
20180625,47.7,47.7,47.02,47.33,259239
20180626,47.41,47.46,47.23,47.31,62317
20180627,47.27,47.53,46.86,46.88,39203
20180628,46.84,47.08,46.67,46.97,50775
20180629,47.16,47.4,47.07,47.08,127222
20180702,47.09,47.09,46.66,47.08,161297
20180703,47.45,47.45,47.02,47.02,26171
20180705,47.46,47.46,47.01,47.37,27176
20180706,47.51,47.77,47.3,47.69,15711
20180709,47.73,48.13,47.73,48.12,85406
20180710,48.32,48.32,48,48.14,23713
20180711,47.79,48.03,47.78,47.87,19760
20180712,48.23,48.27,47.82,48.06,33433
20180713,48.31,48.31,48.07,48.11,33488
20180716,48.17,48.17,47.94,47.96,84534
20180717,47.98,48.25,47.98,48.21,97210
20180718,48.27,48.44,48.21,48.44,27099
20180719,48.38,48.54,48.19,48.45,35249
20180720,48.28,48.49,48.28,48.35,22486
20180723,48.23,48.45,48.23,48.38,25763
20180724,48.63,48.65,48.05,48.23,40794
20180725,48.28,48.56,48.1,48.54,49322
20180726,48.57,48.8,48.57,48.68,81895
20180727,48.84,48.84,48.33,48.44,28319
20180730,48.47,48.47,48.13,48.13,59205
20180731,48.48,48.55,48.28,48.5,25221
20180801,48.68,48.68,48.16,48.25,48644
20180802,48.15,48.57,48,48.57,31489
20180803,48.69,48.72,48.55,48.71,20267
20180806,48.87,48.97,48.63,48.9,170293
20180807,49.14,49.18,49,49.1,27806
20180808,49.15,49.15,48.92,49.04,47501
20180809,49.13,49.18,48.99,48.99,138224
20180810,48.85,48.9,48.64,48.75,26498
20180813,48.82,48.87,48.41,48.52,37268
20180814,48.82,49.01,48.48,48.94,30623
20180815,48.72,48.76,48.34,48.61,58562
20180816,48.76,49.18,48.76,48.98,35314
20180817,49.09,49.31,49.01,49.26,36983
20180820,49.57,49.57,49.34,49.46,58211
20180821,49.59,49.79,49.59,49.69,48780
20180822,49.9,49.9,49.5,49.55,98242
20180823,49.54,49.54,49.35,49.4,16663
20180824,49.37,49.68,49.37,49.62,20486
20180827,49.74,50,49.74,49.9,54051
20180828,49.91,50.03,49.75,49.85,29437
20180829,49.97,50.09,49.81,50.01,27756
20180830,49.99,49.99,49.66,49.72,30463
20180831,49.71,49.85,49.63,49.83,38988
20180904,49.64,49.92,49.64,49.84,43138
20180905,49.69,49.95,49.67,49.9,25945
20180906,50.03,50.05,49.73,49.85,25337
20180907,49.66,49.89,49.58,49.73,31758
20180910,49.93,49.97,49.82,49.83,91237
20180911,49.86,50.05,49.73,49.91,43442
20180912,49.93,49.93,49.7,49.89,22943
20180913,50.11,50.11,49.91,50,35168
20180914,50.22,50.23,50.05,50.21,44103
20180917,50.25,50.25,49.83,49.83,11666
20180918,49.74,50.12,49.74,50.05,23892
20180919,49.78,50.2,49.78,49.96,24665
20180920,50.21,50.27,50.05,50.22,44920
20180921,50.58,50.58,50.18,50.19,33601
20180924,50.22,50.22,49.8,49.9,21124
20180925,50.02,50.02,49.72,49.73,30754
20180926,49.58,49.85,49.54,49.54,41848
20180927,49.57,49.68,49.41,49.47,27107
20180928,49.44,49.58,49.4,49.48,52391
20181001,49.89,49.89,49.23,49.33,100835
20181002,49.4,49.53,49.19,49.26,59819
20181003,49.34,49.55,49.27,49.36,33289
20181004,49.32,49.32,48.78,48.99,37422
20181005,49.06,49.14,48.48,48.72,24664
20181008,48.59,48.81,48.4,48.79,26321
20181009,48.56,48.75,48.37,48.39,69208
20181010,48.51,48.51,47.04,47.1,63818
20181011,46.97,47.35,46.05,46.11,57067
20181012,46.76,46.76,45.81,46.4,72033
20181015,46.34,46.71,46.34,46.44,32939
20181016,46.77,47.32,46.45,47.3,95865
20181017,47.42,47.42,46.76,47.1,50326
20181018,47.07,47.41,46.43,46.56,49881
20181019,46.9,46.92,46.39,46.47,21255
20181022,46.62,46.62,46.12,46.23,65340
20181023,45.39,46.05,45.1,45.84,59564
20181024,45.89,45.9,44.52,44.52,96634
20181025,44.81,45.38,44.67,45.1,124512
20181026,44.67,44.91,44.14,44.49,57421
20181029,45.09,45.36,43.94,44.46,56488
20181030,44.65,45.35,44.54,45.31,121275
20181031,45.64,46.01,45.57,45.64,71510
20181101,45.93,46.28,45.76,46.25,121574
20181102,46.41,46.76,45.87,46.1,128525
20181105,46.1,46.46,46.03,46.34,221210
20181106,46.13,46.68,46.13,46.63,54074
20181107,47.12,47.43,46.84,47.43,108100
20181108,47.5,47.5,47.13,47.3,51577
20181109,47.2,47.2,46.71,46.98,19764
20181112,46.96,46.96,46.39,46.39,20829
20181113,46.43,46.74,46.22,46.34,148043
20181114,46.66,46.68,45.8,45.96,40987
20181115,45.77,46.44,45.55,46.39,30330
20181116,46.49,46.7,46.24,46.55,37289
20181119,46.58,46.68,45.81,45.97,70289
20181120,45.33,45.88,45.1,45.23,105953
20181121,45.37,45.86,45.34,45.56,26956
20181123,45.05,45.68,45.05,45.43,12310
20181126,45.92,46.03,45.71,46.03,160130
20181127,45.88,45.95,45.68,45.88,71070
20181128,46.11,46.74,45.8,46.74,56077
20181129,46.63,46.89,46.45,46.61,103588
20181130,46.59,46.94,46.59,46.86,72322
20181203,47.62,47.66,46.89,47.27,67000
20181204,47.32,47.32,45.69,45.73,239147
20181206,44.96,45.62,44.39,45.48,280408
20181207,45.51,45.82,44.44,44.68,71276
20181210,44.67,44.67,43.67,44.5,73130
20181211,44.57,45.08,44.09,44.27,111340
20181212,44.8,45.13,44.61,44.67,49120
20181213,44.79,44.98,44.16,44.33,145522
20181214,43.86,44.34,43.59,43.62,69988
20181217,43.58,43.68,42.67,42.82,52565
20181218,43.05,43.36,42.54,42.8,68263
20181219,42.66,43.39,41.94,42.22,268921
20181220,41.82,42.21,41.11,41.51,238026
20181221,41.81,42.17,40.78,40.82,454714
20181224,40.72,40.72,39.77,39.77,89188
20181226,40.03,41.55,39.67,41.55,305735
20181227,40.84,41.97,40.5,41.97,299197
20181228,42.09,42.33,41.67,41.87,356290
20181231,41.95,42.23,41.76,42.23,570129
20190102,41.71,42.27,41.62,41.93,213465
20190103,41.89,41.95,41.29,41.32,62699
20190104,41.68,42.81,41.68,42.69,94355
20190107,42.7,43.31,42.6,43.03,95633
20190108,43.4,43.49,43.01,43.43,163177
20190109,43.64,43.92,43.52,43.75,81683
20190110,43.43,44.08,43.43,44.08,103247
20190111,43.96,44.1,43.75,44.09,40911
20190114,43.77,44.05,43.77,43.82,65317
20190115,43.94,44.2,43.9,44.17,169872
20190116,44.16,44.48,44.16,44.42,40086
20190117,44.31,44.95,44.31,44.75,49438
20190118,45.08,45.54,44.97,45.47,181326
20190122,45.17,45.23,44.7,44.91,117346
20190123,44.89,45.2,44.6,44.98,73936
20190124,44.85,45.21,44.85,45.08,59720
20190125,45.56,45.6,45.4,45.47,206881
20190128,45.06,45.33,45.01,45.27,79895
20190129,45.31,45.47,45.25,45.39,132292
20190130,45.59,45.89,45.31,45.76,38484
20190131,45.82,46.12,45.71,46.09,153462
20190201,46.15,46.33,46.04,46.26,128007
20190204,46.21,46.56,46.08,46.52,110042
20190205,46.49,46.75,46.49,46.75,50595
20190206,46.76,46.76,46.6,46.7,183058
20190207,46.5,46.64,46.18,46.5,27123
20190208,46.31,46.53,46.18,46.53,73900
20190211,46.6,46.74,46.6,46.73,47972
20190212,47,47.4,46.99,47.3,36737
20190213,47.57,47.59,47.35,47.51,52249
20190214,47.22,47.54,47.19,47.52,27453
20190215,47.64,47.91,47.5,47.87,108033
20190219,47.86,48.13,47.8,48.02,119831
20190220,48.03,48.22,47.95,48.19,125372
20190221,48.18,48.24,47.93,48.04,64993
20190222,48.14,48.36,48.14,48.36,38772
20190225,48.54,48.66,48.25,48.32,144048
20190226,48.31,48.35,48.15,48.15,27705
20190227,47.98,48.26,47.97,48.17,89013
20190228,48.21,48.26,48.05,48.13,33352
20190301,48.46,48.57,48.15,48.46,45825
20190304,48.52,48.74,47.81,48.13,43652
20190305,48.2,48.23,47.96,48.05,42378
20190306,48.18,48.18,47.61,47.61,131526
20190307,47.67,47.67,47.11,47.24,68466
20190308,47.14,47.17,46.86,47.17,138229
20190311,47.26,47.66,47.26,47.65,34056
20190312,47.84,47.89,47.65,47.75,31038
20190313,47.87,48.17,47.87,48.01,62936
20190314,47.96,48.05,47.85,47.94,30927
20190315,48.06,48.31,48.01,48.09,37138
20190318,48.11,48.38,48.11,48.36,25045
20190319,48.55,48.57,48.09,48.21,23522
20190320,48.12,48.38,47.69,47.81,41268
20190321,47.63,48.46,47.63,48.37,22148
20190322,48.14,48.14,47.41,47.41,39621
20190325,47.32,47.62,47.22,47.44,37239
20190326,47.65,47.94,47.55,47.83,45547
20190327,47.76,47.96,47.42,47.74,69758
20190328,47.81,48.07,47.62,48.03,68596
20190329,48.3,48.38,48.16,48.32,29188
20190401,48.93,48.94,48.69,48.94,122705
20190402,48.89,48.94,48.75,48.87,66001
20190403,49.14,49.18,48.89,49.03,113838
20190404,49.09,49.14,48.98,49.1,47682
20190405,49.2,49.42,49.2,49.37,35408
20190408,49.3,49.48,49.21,49.48,20488
20190409,49.4,49.4,49.05,49.1,42294
20190410,49.22,49.38,49.08,49.31,55763
20190411,49.4,49.51,49.33,49.48,77598
20190412,49.74,49.89,49.67,49.85,138470
20190415,49.9,49.9,49.7,49.81,124955
20190416,49.92,49.96,49.67,49.82,95912
20190417,49.92,49.92,49.52,49.58,28925
20190418,49.59,49.75,49.42,49.65,64832
20190422,49.56,49.61,49.52,49.59,25800
20190423,49.68,50.11,49.68,50.08,78014
20190424,50.03,50.24,50.03,50.09,51384
20190425,49.94,49.94,49.56,49.84,40056
20190426,49.74,50.08,49.74,50.05,13912
20190429,50.14,50.24,50.1,50.11,27177
20190430,50.11,50.3,49.91,50.3,56428
20190501,50.35,50.35,49.75,49.75,26206
20190502,49.75,49.96,49.5,49.76,22523
20190503,50,50.33,50,50.29,18035
20190506,49.5,50.17,49.5,50.13,26352
20190507,49.74,49.75,49.06,49.37,31889
20190508,49.35,49.51,49.16,49.27,54594
20190509,48.81,49.24,48.63,49.19,34504
20190510,49.03,49.43,48.54,49.43,31382
20190513,48.61,48.61,47.98,48.24,41713
20190514,48.38,48.89,48.14,48.64,58483
20190515,48.31,48.86,48.31,48.75,30052
20190516,48.82,49.38,48.82,49.16,25257
20190517,48.8,49.21,48.76,48.84,87211
20190520,48.54,48.79,48.48,48.63,65201
20190521,48.81,49.16,48.81,49.08,36294
20190522,48.87,49.04,48.81,48.93,46662
20190523,48.54,48.54,48.03,48.31,60212
20190524,48.56,48.57,48.3,48.46,16288
20190528,48.45,48.61,47.96,48,52597
20190529,47.81,47.81,47.47,47.76,45686
20190530,47.88,48.04,47.66,47.83,19538
20190531,47.37,47.51,47.22,47.36,19374
20190603,47.39,47.74,47.36,47.62,643653
20190604,47.98,48.7,47.97,48.7,90691
20190605,48.81,49.07,48.58,49.05,76726
20190606,49.1,49.45,49,49.32,30635
20190607,49.46,49.84,49.46,49.65,58888
20190610,49.85,50.12,49.82,49.86,39758
20190611,50.1,50.19,49.57,49.73,44565
20190612,49.65,49.77,49.59,49.66,55717
20190613,49.78,49.97,49.72,49.89,93091
20190614,49.9,49.9,49.64,49.77,40605
20190617,49.64,49.86,49.59,49.59,19677
20190618,49.85,50.29,49.85,50.09,35223
20190619,50.15,50.32,50.01,50.26,19931
20190620,50.65,50.7,50.36,50.7,60716
20190621,50.58,50.7,50.5,50.61,29622
20190624,50.61,50.61,50.36,50.36,16972
20190625,50.41,50.41,50.05,50.07,21806
20190626,50.24,50.24,49.92,49.93,32140
20190627,49.96,50.26,49.96,50.24,21268
20190628,50.38,50.69,50.38,50.69,29145
20190701,51.19,51.33,50.85,51.05,617484
20190702,51.1,51.1,50.87,51.03,19014
20190703,51.21,51.49,51.21,51.48,25212
20190705,51.24,51.44,51.07,51.44,21493
20190708,51.27,51.32,51.05,51.12,34299
20190709,50.82,51.12,50.82,51.12,24222
20190710,51.34,51.36,51.09,51.13,19491
20190711,51.18,51.29,51.03,51.29,45192
20190712,51.37,51.68,51.37,51.68,42182
20190715,51.78,51.78,51.48,51.59,41489
20190716,51.68,51.68,51.49,51.56,19655
20190717,51.5,51.5,51.19,51.19,58717
20190718,51.24,51.51,51.13,51.42,27664
20190719,51.47,51.62,51.23,51.23,31514
20190722,51.29,51.35,51.15,51.21,33534
20190723,51.44,51.64,51.15,51.63,24352
20190724,51.51,51.98,51.51,51.97,75495
20190725,51.83,51.95,51.67,51.72,25791
20190726,51.78,52.11,51.78,52.09,27511
20190729,52.02,52.02,51.87,51.95,15312
20190730,51.68,51.93,51.61,51.92,28037
20190731,51.96,51.96,51.3,51.41,48906
20190801,51.36,51.8,50.67,50.81,77369
20190802,50.73,50.73,50.15,50.41,42947
20190805,49.71,49.71,48.69,48.97,80461
20190806,49.12,49.63,48.98,49.58,123302
20190807,49.03,49.87,48.75,49.77,99249
20190808,50.02,50.71,50.02,50.71,23380
20190809,50.58,50.65,50.14,50.38,24178
20190812,50.18,50.18,49.55,49.65,133214
20190813,49.64,50.55,49.64,50.27,36042
20190814,49.6,49.79,48.82,48.86,83440
20190815,49.03,49.1,48.67,48.97,43460
20190816,49.23,49.82,49.23,49.73,20133
20190819,50.31,50.37,50.16,50.32,17146
20190820,50.21,50.21,49.9,49.9,82675
20190821,50.26,50.33,50.17,50.29,55433
20190822,50.38,50.51,50.02,50.28,16977
20190823,50.1,50.29,48.88,49.02,50437
20190826,49.33,49.48,49.08,49.43,81485
20190827,49.67,49.73,49.14,49.28,35514
20190828,49.1,49.65,49.02,49.64,23250
20190829,50.04,50.38,49.98,50.3,42247
20190830,50.49,50.56,50.21,50.34,15848
20190903,49.97,50.11,49.7,49.95,55454
20190904,50.29,50.44,50.2,50.43,21196
20190905,50.93,51.28,50.93,51.13,48444
20190906,51.2,51.37,51.17,51.18,45176
20190909,51.33,51.33,51.09,51.24,16702
20190910,51.13,51.24,50.84,51.12,34611
20190911,51.26,51.64,51.18,51.64,20231
20190912,51.69,51.9,51.56,51.74,54605
20190913,51.91,51.99,51.7,51.76,44131
20190916,51.64,51.73,51.49,51.69,14878
20190917,51.58,51.83,51.56,51.8,23940
20190918,51.75,51.81,51.4,51.81,79918
20190919,51.91,52.01,51.72,51.74,26803
20190920,51.81,51.86,51.46,51.5,12301
20190923,51.29,51.62,51.29,51.55,11811
20190924,51.7,51.74,51.02,51.11,32913
20190925,51.25,51.49,51.03,51.46,25036
20190926,51.44,51.44,51.16,51.32,32479
20190927,51.54,51.54,50.87,50.98,32291
20190930,51.19,51.43,51.18,51.32,21935
20191001,51.38,51.52,50.52,50.54,63638
20191002,50.33,50.33,49.42,49.65,43145
20191003,49.64,49.97,49.09,49.97,44579
20191004,50.03,50.6,50.03,50.6,15739
20191007,50.5,50.7,50.38,50.38,17942
20191008,50.06,50.06,49.49,49.51,36760
20191009,49.89,50.08,49.73,49.9,28198
20191010,49.86,50.39,49.86,50.25,30870
20191011,50.88,51.26,50.88,51.01,48703
20191014,50.86,50.86,50.72,50.8,43710
20191015,51,51.29,50.88,51.17,11243
20191016,51.04,51.2,51,51.07,27961
20191017,51.3,51.38,51.18,51.29,25066
20191018,51.31,51.36,51.07,51.29,26918
20191021,51.63,51.63,51.46,51.53,13234
20191022,51.69,51.69,51.38,51.38,27915
20191023,51.27,51.5,51.26,51.49,36835
20191024,51.57,51.67,51.44,51.67,34358
20191025,51.55,51.91,51.55,51.8,23846
20191028,51.95,52.16,51.95,52.01,37903
20191029,51.96,52.24,51.9,52.12,23255
20191030,52.08,52.21,51.83,52.13,34558
20191031,52.06,52.06,51.66,51.85,14245
20191101,52.11,52.44,52.11,52.4,20858
20191104,52.67,52.68,52.54,52.61,26727
20191105,52.65,52.83,52.63,52.66,23472
20191106,52.71,52.71,52.51,52.7,37375
20191107,53.04,53.04,52.71,52.79,47354
20191108,52.7,52.93,52.64,52.93,22474
20191111,52.8,52.89,52.66,52.86,24624
20191112,52.87,53.05,52.83,52.93,23280
20191113,52.69,52.98,52.66,52.95,27807
20191114,52.94,53.07,52.87,53.06,12323
20191115,53.35,53.37,53.18,53.37,56709
20191118,53.42,53.42,53.27,53.35,39074
20191119,53.4,53.54,53.26,53.46,67155
20191120,53.25,53.43,53.06,53.26,29455
20191121,53.43,53.43,53.02,53.13,30614
20191122,53.19,53.29,53.1,53.25,26728
20191125,53.48,53.73,53.45,53.73,26515
20191126,53.67,53.94,53.67,53.94,30761
20191127,53.96,54.14,53.95,54.14,18395
20191129,53.95,54.05,53.88,53.88,4830
20191202,53.85,53.85,53.44,53.44,20661
20191203,52.9,53.05,52.78,53.02,57600
20191204,53.2,53.55,53.2,53.38,12438
20191205,53.37,53.53,53.32,53.5,74498
20191206,53.81,54.06,53.81,53.9,59545
20191209,53.95,53.95,53.73,53.74,219866
20191210,53.82,53.82,53.55,53.62,246635
20191211,53.66,53.82,53.61,53.77,433540
20191212,53.74,54.34,53.74,54.29,236002
20191213,54.22,54.49,54.05,54.19,56786
20191216,54.54,54.69,54.52,54.56,61636
20191217,54.56,54.67,54.56,54.59,71694
20191218,54.64,54.67,54.53,54.57,101346
20191219,54.66,54.76,54.58,54.72,76170
20191220,54.89,55.08,54.89,55.08,22867
20191223,55.23,55.23,54.96,54.96,35586
20191224,55.06,55.06,54.93,54.96,8337
20191226,55.05,55.12,54.98,55.12,13201
20191227,55.18,55.18,55.01,55.09,24854
20191230,55.17,55.2,54.78,54.88,62153
20191231,54.76,55.04,54.76,54.98,21044
20200102,55.31,55.31,54.89,55.21,49189
20200103,54.79,55.05,54.76,54.96,29490
20200106,54.56,55,54.56,55,51630
20200107,54.88,54.99,54.8,54.89,195126
20200108,54.99,55.3,54.92,55.09,39658
20200109,55.27,55.43,55.24,55.39,48201
20200110,55.45,55.5,55.18,55.2,30260
20200113,55.3,55.65,55.27,55.65,21181
20200114,55.61,55.84,55.54,55.69,17048
20200115,55.63,55.96,55.63,55.75,40551
20200116,55.9,56.27,55.9,56.27,38768
20200117,56.4,56.41,56.31,56.39,33626
20200121,56.12,56.43,56.12,56.18,43425
20200122,56.33,56.52,56.21,56.24,22689
20200123,56.07,56.4,55.91,56.34,119757
20200124,56.45,56.45,55.57,55.78,24479
20200127,54.91,55.23,54.91,55.04,35171
20200128,55.19,55.71,55.19,55.53,34239
20200129,55.6,55.66,55.39,55.41,73038
20200130,55.01,55.57,54.89,55.57,22868
20200131,55.36,55.36,54.38,54.47,215874
20200203,54.89,55.2,54.83,54.86,73400
20200204,55.47,55.78,55.47,55.55,31641
20200205,56.05,56.28,55.93,56.2,50635
20200206,56.37,56.39,56.15,56.18,194647
20200207,55.96,55.96,55.67,55.71,199287
20200210,55.67,55.98,55.67,55.98,66233
20200211,56.22,56.43,56.17,56.28,70279
20200212,56.52,56.61,56.34,56.57,51886
20200213,56.35,56.75,56.35,56.61,12417
20200214,56.76,56.76,56.5,56.67,29260
20200218,56.7,56.7,56.38,56.54,27618
20200219,56.77,56.87,56.73,56.79,39986
20200220,56.64,56.9,56.23,56.73,86234
20200221,56.46,56.46,56.04,56.22,35260
20200224,54.58,54.91,54.41,54.59,67982
20200225,54.78,54.78,52.74,52.85,73420
20200226,53.22,53.55,52.37,52.38,105317
20200227,51.33,52.21,50.43,50.43,112941
20200228,48.78,49.7,48.24,49.64,260567
20200302,49.71,51.5,49.35,51.44,277400
20200303,51.66,52.23,49.87,50.27,279683
20200304,51.17,52.27,50.79,52.27,103614
20200305,51,51.33,50.05,50.51,99516
20200306,48.71,49.78,48.52,49.7,80531
20200309,45.85,47.12,44.51,45.79,231574
20200310,47.28,47.69,45.33,47.69,250940
20200311,46.41,46.63,44.63,45.17,139916
20200312,41.89,43.39,39.87,40.74,195633
20200313,43.2,43.9,40.69,43.89,157143
20200316,41.57,41.57,38.59,38.6,330663
20200317,39.35,41.13,38.12,40.66,143550
20200318,38.32,39.05,36.12,37.89,150330
20200319,37.66,39.07,36.56,38.35,112123
20200320,38.56,39.05,36.41,36.65,300445
20200323,36.32,36.32,34.59,35.07,194640
20200324,36.9,38.84,36.9,38.84,104603
20200325,38.95,41.28,38.48,39.8,305394
20200326,40.13,42.49,40.13,42.35,140268
20200327,40.78,41.94,40.66,41.12,141271
20200330,41.3,42.33,40.9,42.22,83965
20200331,42.19,42.33,41.27,41.4,86076
20200401,39.62,40.23,39.07,39.52,241059
20200402,39.03,40.54,39.03,40.2,119755
20200403,39.82,40.27,38.98,39.33,93961
20200406,40.79,42.44,40.79,42.33,243209
20200407,43.91,44.12,42.65,42.69,187887
20200408,43.02,44.5,42.84,44.25,132548
20200409,45.09,45.85,44.82,45.32,234407
20200413,45.13,45.13,43.78,44.26,259076
20200414,44.94,45.54,44.81,45.35,48835
20200415,44.21,44.32,43.74,44.01,63805
20200416,44.07,44.18,43.57,44.1,166110
20200417,45.15,45.78,45.02,45.66,185682
20200420,44.9,45.56,44.72,44.86,55605
20200421,43.84,44.17,43.37,43.54,167406
20200422,44.3,44.59,44.01,44.38,98723
20200423,44.68,45.01,44.37,44.45,52074
20200424,44.89,45.15,44.35,44.96,116893
20200427,45.38,46.34,45.38,46.18,45578
20200428,47.11,47.24,46.32,46.46,54516
20200429,47.24,48.02,47.23,47.74,181295
20200430,47.29,47.29,46.59,46.64,90482
20200501,45.88,45.88,45.04,45.3,86245
20200504,44.93,45.42,44.54,45.34,116421
20200505,45.97,46.3,45.8,45.83,25908
20200506,45.98,46.02,45.35,45.35,27277
20200507,45.89,46.45,45.89,45.94,54589
20200508,46.52,47.03,46.48,46.96,61924
20200511,46.6,46.98,46.33,46.75,44214
20200512,46.95,46.95,45.61,45.62,120911
20200513,45.52,45.52,44.08,44.43,64544
20200514,44.02,45.04,43.31,44.99,39549
20200515,44.57,45.28,44.57,45.19,37265
20200518,46.39,47.31,46.39,47.08,146507
20200519,47.01,47.25,46.63,46.63,84643
20200520,47.12,47.52,47.12,47.27,15068
20200521,47.23,47.36,46.98,47.07,13521
20200522,47.02,47.16,46.76,47.16,56434
20200526,48.35,48.65,48.25,48.25,125264
20200527,48.96,49.32,48.33,49.3,95826
20200528,49.6,49.84,49.13,49.29,52171
20200529,48.98,49.45,48.76,49.45,24827
20200601,49.46,49.9,49.46,49.71,53679
20200602,49.86,50.21,49.81,50.21,26760
20200603,50.72,51.29,50.72,51.15,323396
20200604,51,51.32,50.77,51.18,22117
20200605,52.42,52.97,52.35,52.53,104345
20200608,52.86,53.24,52.85,53.22,32217
20200609,52.58,52.58,52.12,52.33,18750
20200610,52.34,52.34,51.49,51.57,22014
20200611,50,50.08,48.35,48.38,26972
20200612,49.62,49.92,48.09,49.03,63260
20200615,47.98,49.75,47.8,49.6,84112
20200616,51.01,51.03,49.76,50.4,45192
20200617,50.48,50.65,50.13,50.19,47169
20200618,49.78,50.32,49.78,50.14,13636
20200619,50.83,50.83,49.59,49.82,23644
20200622,49.71,50.04,49.31,49.94,142611
20200623,50.3,50.4,49.88,49.92,19325
20200624,49.62,49.62,48.28,48.45,59039
20200625,48.14,49.02,48.03,49.01,151281
20200626,48.76,48.87,47.95,48.08,72563
20200629,48.46,48.88,48.09,48.84,48869
20200630,48.82,49.77,48.82,49.55,59556
20200701,49.7,49.87,49.3,49.51,23532
20200702,50.1,50.38,49.69,49.77,19534
20200706,50.39,50.52,50.12,50.32,38145
20200707,49.94,50.21,49.61,49.63,122513
20200708,49.71,49.95,49.44,49.89,27532
20200709,49.91,49.91,48.81,49.33,85361
20200710,49.2,49.91,49.2,49.9,34064
20200713,50.38,50.62,49.61,49.63,26986
20200714,49.38,50.43,49.38,50.43,46686
20200715,51.11,51.47,50.94,51.39,69754
20200716,51.14,51.49,51.06,51.38,35799
20200717,51.55,51.77,51.47,51.7,42547
20200720,51.58,51.7,51.45,51.64,20074
20200721,51.92,52.22,51.92,51.97,20667
20200722,51.86,52.4,51.86,52.39,28195
20200723,52.39,52.77,52.13,52.28,14863
20200724,52.15,52.22,51.85,51.93,26004
20200727,52.06,52.26,51.8,52.24,21358
20200728,52.1,52.18,51.77,51.8,23250
20200729,51.96,52.71,51.96,52.64,25933
20200730,52.02,52.33,51.77,52.26,46724
20200731,52.18,52.23,51.64,52.22,25786
20200803,52.36,52.7,52.29,52.58,25141
20200804,52.39,52.72,52.39,52.68,15530
20200805,52.84,53.14,52.84,53.11,27741
20200806,52.99,53.14,52.9,53.14,35128
20200807,53.02,53.56,53.02,53.56,10101
20200810,53.54,53.91,53.54,53.86,29704
20200811,54.16,54.41,53.71,53.71,320746
20200812,54.04,54.31,54.04,54.12,28527
20200813,53.98,54.18,53.94,54.01,8801
20200814,53.87,54.21,53.87,54.02,9591
20200817,54.04,54.27,54.04,54.11,18714
20200818,54.26,54.26,53.85,53.92,12607
20200819,54.06,54.06,53.65,53.74,25566
20200820,53.41,53.62,53.41,53.5,19166
20200821,53.38,53.54,53.36,53.54,11315
20200824,53.82,54.15,53.76,54.15,11629
20200825,54.32,54.32,54,54.16,18037
20200826,54.05,54.29,53.94,54.17,22164
20200827,54.24,54.6,54.24,54.45,11492
20200828,54.59,54.75,54.42,54.75,9003
20200831,54.61,54.65,54.45,54.47,15017
20200901,54.31,54.76,54.24,54.76,22335
20200902,54.92,55.81,54.92,55.73,15368
20200903,55.57,55.62,53.92,54.22,18162
20200904,54.6,54.6,53.3,53.9,14012
20200908,53.17,53.32,52.69,52.98,11352
20200909,53.18,53.87,53.15,53.58,17438
20200910,53.58,53.89,52.83,53.04,20188
20200911,52.98,53.27,52.61,53.03,58790
20200914,53.45,53.99,53.45,53.85,112215
20200915,53.97,54.23,53.87,53.97,59967
20200916,54.12,54.66,54.07,54.12,104709
20200917,53.48,53.93,53.4,53.78,71125
20200918,53.88,54.03,53.2,53.3,54040
20200921,52.43,52.43,51.84,52.34,64724
20200922,52.47,52.79,52.17,52.71,84456
20200923,52.77,52.9,51.68,51.71,100233
20200924,51.52,52.19,51.14,51.56,25104
20200925,51.52,52.48,51.49,52.46,68492
20200928,53.17,53.48,53.06,53.29,28446
20200929,53.33,53.43,53.05,53.14,8423
20200930,53.17,53.89,53.15,53.45,35092
20201001,53.65,53.93,53.49,53.67,13795
20201002,52.79,53.87,52.79,53.68,11805
20201005,54.03,54.69,53.95,54.65,16258
20201006,54.78,55.21,54.21,54.27,10421
20201007,54.72,55.28,54.72,55.2,17309
20201008,55.36,55.77,55.36,55.77,11729
20201009,56.01,56.31,55.97,56.09,20257
20201012,56.39,56.7,56.34,56.5,10909
20201013,56.28,56.43,56.15,56.33,28452
20201014,56.26,56.5,56.08,56.17,7840
20201015,55.35,56.3,55.35,56.24,8350
20201016,56.39,56.62,56.32,56.35,9984
20201019,56.45,56.51,55.53,55.65,31940
20201020,55.81,56.32,55.79,55.83,44547
20201021,55.65,56.05,55.6,55.63,14198
20201022,55.66,56.04,55.38,56.04,14256
20201023,56.11,56.26,55.94,56.26,10939
20201026,55.61,55.67,54.74,55.12,13761
20201027,55.13,55.28,54.76,54.76,13225
20201028,53.97,53.97,53.17,53.17,28418
20201029,53.07,53.95,52.81,53.57,21210
20201030,53.27,53.49,52.74,53.24,27663
20201102,53.83,54.19,53.66,54.12,32396
20201103,54.82,55.49,54.82,55.31,32155
20201104,55.33,56.56,55.3,55.77,38444
20201105,56.66,57.11,56.66,56.88,81942
20201106,56.86,57.09,56.77,56.83,23458
20201109,59.08,59.29,57.57,57.57,53424
20201110,57.42,57.91,57.36,57.84,42472
20201111,58.08,58.31,57.9,58.05,22423
20201112,58.01,58.01,57.13,57.26,10878
20201113,57.67,58.38,57.67,58.36,129033
20201116,59.07,59.08,58.74,58.97,22326
20201117,58.69,59.06,58.61,58.84,83719
20201118,58.98,59.04,58.3,58.31,21591
20201119,58.26,58.52,58.08,58.49,18720
20201120,58.5,58.56,58.35,58.35,24302
20201123,58.55,58.9,58.51,58.78,11386
20201124,59.16,59.57,59.14,59.53,6817
20201125,59.35,59.4,59.1,59.27,78583
20201127,59.47,59.49,59.35,59.44,4389
20201130,59.22,59.23,58.94,59.07,4254
20201201,59.65,59.96,59.65,59.71,68760
20201202,59.47,59.59,59.34,59.56,9422
20201203,59.56,59.97,59.51,59.62,9588
20201204,59.77,60.37,59.77,60.33,11548
20201207,60.31,60.34,60.07,60.23,10333
20201208,59.94,60.53,59.94,60.46,5241
20201209,60.47,60.67,59.91,60.2,20951
20201210,59.73,60.18,59.73,60.15,16449
20201211,60.01,60.13,59.67,60,16064
20201214,60.45,60.71,59.87,59.87,5234
20201215,60.14,60.68,60.14,60.65,75496
20201216,60.63,60.74,60.41,60.59,16587
20201217,60.89,61.12,60.86,61.12,36323
20201218,61.01,61.21,60.73,61.13,45971
20201221,60.33,60.88,59.84,60.83,66833
20201222,60.8,60.91,60.65,60.77,24146
20201223,60.82,61.21,60.82,60.94,17131
20201224,60.91,61.12,60.81,61.12,9927
20201228,61.39,61.42,61.06,61.11,24558
20201229,61.14,61.3,60.64,60.84,71432
20201230,60.84,61.33,60.84,61.15,48439
20201231,61.09,61.61,61.07,61.61,35888
20210104,61.76,61.76,60.14,60.65,15969
20210105,60.55,61.21,60.55,61.11,23046
20210106,61.25,62.73,61.25,62.35,25054
20210107,62.51,63.18,62.51,63.14,33213
20210108,63.29,63.47,62.78,63.34,11026
20210111,62.77,63.43,62.77,63.23,25350
20210112,63.12,63.53,63.12,63.51,31963
20210113,63.5,63.5,63.18,63.2,10912
20210114,63.3,63.57,63.17,63.24,45572
20210115,62.9,63.09,62.69,62.85,27846
20210119,63.18,63.34,63.1,63.22,14557
20210120,63.45,63.74,63.37,63.72,168114
20210121,63.54,63.86,63.4,63.46,21922
20210122,63.07,63.34,63.01,63.24,36980
20210125,63.11,63.54,62.71,63.21,7231
20210126,63.56,63.56,62.86,62.87,37492
20210127,61.99,62.08,61.03,61.25,19088
20210128,61.59,62.28,61.59,61.8,62796
20210129,61.61,61.66,60.52,60.77,18304
20210201,61.16,61.79,61.08,61.75,23855
20210202,62.01,62.75,62.01,62.58,12862
20210203,62.46,62.57,62.23,62.43,25786
20210204,62.56,63.08,62.56,62.99,28719
20210205,63.33,63.57,63.33,63.51,42501
20210208,63.6,64.12,63.6,64.12,25275
20210209,63.83,64.25,63.83,64.19,21732
20210210,64.55,64.55,64.04,64.22,11212
20210211,64.45,64.53,64,64.38,10894
20210212,64.06,64.8,64.06,64.8,19968
20210216,65.14,65.14,64.58,64.58,12204
20210217,64.43,64.47,64.01,64.46,8392
20210218,63.87,64.31,63.87,64.12,13459
20210219,64.48,64.63,64.42,64.44,28736
20210222,64.01,64.28,63.98,63.98,21453
20210223,63.63,64.07,63.14,63.95,17708
20210224,63.82,64.73,63.81,64.68,33103
20210225,64.4,64.62,63.03,63.26,9126
20210226,63.2,63.61,62.54,63.42,10295
20210301,63.59,64.61,63.59,64.37,24667
20210302,64.4,64.4,63.92,64.04,7542
20210303,63.84,63.93,63.27,63.27,15258
20210304,63.18,63.31,61.37,62,19387
20210305,62.76,63.5,61.68,63.5,8233
20210308,63.47,64.49,63.4,63.89,6797
20210309,63.96,64.61,63.96,64.14,12968
20210310,64.52,64.85,64.37,64.63,14617
20210311,64.69,65.48,64.69,65.2,14636
20210312,64.97,65.59,64.97,65.55,14522
20210315,65.58,66.26,65.58,66.26,10456
20210316,66.39,66.39,65.68,65.98,13896
20210317,65.51,66.04,65.4,65.92,15311
20210318,65.66,66.17,65.32,65.32,6020
20210319,65.06,65.62,65.06,65.36,13429
20210322,65.28,65.71,65.28,65.57,23979
20210323,65.32,65.49,64.75,64.75,13166
20210324,64.9,65.42,64.71,64.71,11449
20210325,64.49,65.41,64.33,65.4,9181
20210326,65.75,66.61,65.7,66.61,11572
20210329,66.26,66.63,66.11,66.43,34500
20210330,66.24,66.5,66.18,66.43,14036
20210331,66.53,66.77,66.43,66.5,9833
20210401,66.6,67.03,66.6,67.03,19725
20210405,67.65,67.84,67.52,67.82,31878
20210406,67.64,67.96,67.64,67.78,38053
20210407,67.69,67.71,67.42,67.51,12757
20210408,67.52,67.78,67.49,67.76,17186
20210409,67.9,68.22,67.8,68.2,8538
20210412,68.23,68.44,68.23,68.41,9187
20210413,68.08,68.43,68.08,68.34,13393
20210414,68.38,68.6,68.27,68.38,10762
20210415,68.52,69.12,68.52,69.08,19724
20210416,69.39,69.58,69.29,69.48,99572
20210419,69.32,69.32,69.04,69.15,7996
20210420,69.06,69.15,68.63,68.83,12340
20210421,68.88,69.63,68.88,69.59,9457
20210422,69.54,69.74,69.16,69.24,24376
20210423,69.2,70.09,69.2,69.93,14613
20210426,69.96,70.12,69.92,69.95,22040
20210427,69.85,70.06,69.82,70.06,29925
20210428,69.93,70.02,69.84,69.86,9609
20210429,70.02,70.37,69.96,70.36,31350
20210430,69.85,70.01,69.66,69.66,24683
20210503,70.28,70.39,70.04,70.12,14360
20210504,69.75,69.94,69.55,69.92,27528
20210505,70.4,70.4,69.77,70.15,13263
20210506,70.08,70.43,69.88,70.43,23343
20210507,70.68,71.14,70.68,71.12,7531
20210510,71.13,71.61,70.95,70.96,17103
20210511,70.26,70.26,69.71,70.11,30375
20210512,69.78,69.78,68.45,68.47,14288
20210513,68.73,69.8,68.73,69.57,7777
20210514,69.85,70.55,69.85,70.47,7409
20210517,70.33,70.33,69.94,70.11,6703
20210518,70.05,70.29,69.58,69.58,13163
20210519,68.77,69.18,68.36,69.18,70410
20210520,69.6,69.93,69.6,69.79,5617
20210521,70.21,70.37,69.83,69.93,17364
20210524,70.14,70.45,70.14,70.27,8020
20210525,70.34,70.34,69.93,70,8783
20210526,70.05,70.14,70.01,70.14,5134
20210527,70.51,70.51,70.37,70.44,11293
20210528,70.71,70.71,70.45,70.51,11811
20210601,70.87,70.87,70.33,70.45,5719
20210602,70.51,70.51,70.28,70.37,7583
20210603,70.01,70.39,69.9,70.36,11688
20210604,70.63,70.74,70.48,70.74,4747
20210607,70.61,70.61,70.4,70.47,2949
20210608,70.59,70.68,70.3,70.57,9515
20210609,70.58,70.58,70.37,70.37,6554
20210610,70.56,70.73,70.41,70.51,15338
20210611,70.74,70.74,70.43,70.71,13047
20210614,70.77,70.77,70.26,70.46,13683
20210615,70.45,70.64,70.32,70.53,10766
20210616,70.51,70.53,69.95,70.08,6753
20210617,69.9,69.9,69.26,69.59,26248
20210618,69.18,69.18,68.51,68.51,7509
20210621,68.84,69.71,68.84,69.71,5527
20210622,69.71,70.02,69.52,69.9,5786
20210623,69.75,69.96,69.73,69.88,17257
20210624,69.97,70.23,69.94,70.16,7669
20210625,70.15,70.69,70.15,70.68,7673
20210628,70.59,70.68,70.45,70.66,5864
20210629,70.84,70.91,70.62,70.69,16292
20210630,70.66,70.74,70.58,70.74,5325
20210701,70.86,71.21,70.86,71.1,5116
20210702,71.41,71.44,71.14,71.4,11001
20210706,71.39,71.39,70.57,71.06,5429
20210707,70.89,71.54,70.89,71.46,82585
20210708,70.43,71.02,70.35,70.68,4571
20210709,71.12,71.69,71.12,71.67,4201
20210712,71.57,71.76,71.32,71.72,5421
20210713,71.56,71.56,71.17,71.17,5577
20210714,71.48,71.51,71.1,71.15,14842
20210715,71,71.18,70.9,71.18,5962
20210716,71.51,71.51,70.86,70.86,17001
20210719,70,70.15,69.43,69.85,35340
20210720,70.06,71.23,70.06,71,7899
20210721,71.2,71.57,71.2,71.47,7596
20210722,71.22,71.41,71.22,71.41,3417
20210723,71.59,72.13,71.56,72.1,15779
20210726,71.92,72.1,71.82,72.06,212590
20210727,71.82,71.93,71.7,71.89,3361
20210728,71.78,72.22,71.78,72.04,31852
20210729,72.25,72.71,72.25,72.62,3687
20210730,72.62,72.76,72.46,72.49,3642
20210802,72.62,72.94,72.41,72.41,3741
20210803,72.62,72.96,72.34,72.96,4921
20210804,72.61,72.96,72.58,72.59,6323
20210805,72.59,72.82,72.58,72.82,6487
20210806,72.98,73.16,72.98,73.08,11463
20210809,73,73.09,72.84,72.97,19371
20210810,72.99,73.3,72.98,73.18,7713
20210811,73.34,73.59,73.34,73.58,9166
20210812,73.55,73.64,73.41,73.59,4694
20210813,73.61,73.73,73.61,73.68,14660
20210816,73.56,73.96,73.32,73.96,4589
20210817,73.39,73.52,73.1,73.46,2314
20210818,73.22,73.58,72.82,72.82,7755
20210819,72.48,72.87,72.48,72.85,5764
20210820,72.63,73.32,72.63,73.28,10292
20210823,73.4,73.74,73.4,73.58,4424
20210824,73.76,73.88,73.64,73.81,4026
20210825,73.78,74.21,73.74,74.13,4647
20210826,74.01,74.01,73.61,73.61,20338
20210827,73.54,74.3,73.54,74.19,14431
20210830,74.41,74.49,74.32,74.46,4040
20210831,74.38,74.38,74.05,74.12,3804
20210901,74.15,74.39,73.94,74.23,5964
20210902,74.49,74.61,74.47,74.58,9555
20210903,74.44,74.64,74.37,74.57,10329
20210907,74.32,74.32,73.66,73.68,7242
20210908,73.51,73.88,73.47,73.8,11553
20210909,73.57,74.05,73.53,73.53,5803
20210910,73.74,73.95,73.11,73.11,28285
20210913,73.7,73.7,72.84,73.06,4532
20210914,73.43,73.43,72.6,72.68,8546
20210915,72.57,73.36,72.54,73.32,7171
20210916,73.11,73.16,72.9,73.07,5722
20210917,72.79,72.79,72.49,72.54,6034
20210920,71.33,71.62,70.73,71.46,20379
20210921,71.63,71.96,71.16,71.34,11614
20210922,71.78,72.23,71.59,71.96,12106
20210923,72.08,73.05,72.08,72.81,8323
20210924,72.4,72.85,72.4,72.85,4061
20210927,72.87,73,72.66,72.72,7120
20210928,72.29,72.38,71.5,71.5,17293
20210929,71.61,72.05,71.61,71.74,7758
20210930,71.84,71.88,71.04,71.21,7073
20211001,70.95,71.66,70.32,71.41,16330
20211004,71.39,71.39,70.6,70.91,6770
20211005,71.06,71.68,70.99,71.41,4753
20211006,70.68,71.57,70.6,71.57,11715
20211007,72.36,72.74,72.31,72.44,6295
20211008,72.32,72.39,72.03,72.1,8751
20211011,72.01,72.45,71.59,71.59,4261
20211012,71.54,71.82,71.46,71.56,6096
20211013,71.75,71.88,71.21,71.79,12811
20211014,72.16,73.07,72.16,73.07,7506
20211015,73.53,73.54,73.39,73.4,8734
20211018,72.93,73.48,72.93,73.38,6182
20211019,73.64,73.91,73.64,73.91,3658
20211020,74.11,74.59,74.11,74.44,7808
20211021,74.39,74.75,74.31,74.75,9613
20211022,74.95,75.15,74.82,75.14,2636
20211025,75.07,75.36,74.89,75.07,11398
20211026,75.37,75.37,75.01,75.02,7689
20211027,75.03,75.03,73.95,73.96,8792
20211028,74.23,74.68,74.23,74.68,4447
20211029,74.71,74.8,74.5,74.79,3634
20211101,75.03,75.05,74.81,75.05,10024
20211102,75.09,75.33,75.06,75.33,150189
20211103,74.95,75.67,74.95,75.59,11081
20211104,75.71,75.89,75.46,75.48,5169
20211105,75.83,76.26,75.71,75.86,9438
20211108,76.07,76.32,75.8,76,12930
20211109,75.83,76.09,75.83,75.98,12117
20211110,76.14,76.18,75.58,75.73,6160
20211111,76.05,76.05,75.74,75.83,6841
20211112,75.89,76.33,75.89,76.31,66358
20211115,76.32,76.56,76.29,76.33,11796
20211116,76.2,76.89,76.2,76.61,12210
20211117,76.28,76.38,76.15,76.28,4012
20211118,76.38,76.38,75.83,76.01,7430
20211119,75.86,75.98,75.73,75.78,6738
20211122,76.05,76.36,75.8,75.8,17544
20211123,75.65,75.97,75.51,75.94,9420
20211124,75.56,76.03,75.56,75.97,9256
20211126,74.64,74.85,74.25,74.41,3981
20211129,75.14,75.37,74.63,74.97,10282
20211130,74.44,74.44,73.04,73.04,11649
20211201,73.78,74.45,72.28,72.28,7334
20211202,72.35,74.07,72.35,73.85,10858
20211203,74.2,74.2,73.13,73.44,48567
20211206,73.98,74.85,73.98,74.56,5923
20211207,75.14,75.83,75.08,75.62,82270
20211208,75.82,75.82,75.46,75.77,2996
20211209,75.44,75.67,75.36,75.39,5986
20211210,75.56,75.77,75.4,75.77,4366
20211213,75.52,75.66,75.29,75.44,3475
20211214,75.06,75.3,74.9,75.09,5732
20211215,74.88,75.91,74.78,75.82,11173
20211216,76.18,76.48,75.73,75.92,3703
20211217,75.27,75.81,75.13,75.45,5842
20211220,74.21,74.21,73.43,74.09,16703
20211221,74.75,75.32,74.63,75.25,91480
20211222,75.28,75.83,75.24,75.83,10787
20211223,75.87,76.53,75.87,76.35,8988
20211227,76.63,77.1,76.63,77.06,70270
20211228,77.49,77.63,77.27,77.4,71573
20211229,77.66,77.77,77.5,77.77,2243
20211230,77.59,77.91,77.51,77.51,58349
20211231,77.31,77.9,77.31,77.58,14086
20220103,77.77,77.77,76.83,77.28,8037
20220104,77.36,77.85,77.31,77.74,5622
20220105,77.69,77.97,76.56,76.56,8012
20220106,76.85,76.96,76.38,76.72,6427
20220107,76.64,76.64,76.26,76.26,3636
20220110,75.85,75.93,75.05,75.93,13622
20220111,75.79,76.5,75.53,76.4,13904
20220112,76.79,76.95,76.41,76.61,31012
20220113,76.71,76.92,76,76,7834
20220114,75.72,75.88,75.11,75.82,16058
20220118,75.39,75.39,74.49,74.66,31479
20220119,74.73,74.97,74.01,74.03,19317
20220120,74.3,74.96,73.2,73.24,13352
20220121,73.05,73.41,72.24,72.31,13419
20220124,71.57,72.83,70.18,72.75,126239
20220125,71.9,72.53,70.8,71.8,19820
20220126,72.28,72.84,70.64,71.28,29670
20220127,71.91,72.5,70.71,71.27,15078
20220128,70.95,72.19,70.38,72.19,25593
20220131,72.04,73.37,72.04,73.37,16258
20220201,73.37,73.85,73.09,73.83,8923
20220202,73.8,74.44,73.68,74.33,89566
20220203,73.63,74.09,73.3,73.3,12345
20220204,73.03,73.53,72.54,73.23,37750
20220207,73.3,73.67,73.06,73.16,12477
20220208,73.16,73.84,73.15,73.84,10495
20220209,74.29,74.9,74.29,74.84,10423
20220210,74.01,74.829,73.33,73.68,10638
20220211,73.79,73.96,72.57,72.65,14119
20220214,72.89,72.89,71.7999,72.17,18516
20220215,72.64,73.1786,72.64,73.11,9412
20220216,72.95,73.33,72.69,73.285,9477
20220217,72.9,72.9,71.8799,71.96,15297
20220218,72.08,72.29,71.47,71.68,7244
