Date,Open,High,Low,Close,Volume
20140702,32.22,32.22,31.91,31.91,2718
20140703,31.95,32.05,31.95,32.05,637
20140707,32.06,32.06,31.95,31.96,4377
20140708,31.82,31.82,31.78,31.78,7415
20140709,31.84,31.87,31.84,31.87,100095
20140710,31.76,31.76,31.73,31.73,4182
20140711,31.64,31.64,31.64,31.64,321
20140714,31.83,31.83,31.8,31.81,3993
20140715,31.71,31.79,31.7,31.75,3936
20140716,31.75,31.85,31.74,31.8,69451
20140717,31.75,31.81,31.45,31.47,12474
20140718,31.72,31.72,31.72,31.72,793
20140721,31.67,31.71,31.6,31.7,1806
20140722,31.87,31.88,31.83,31.84,1203
20140723,31.87,31.87,31.8,31.8,49367
20140724,31.87,31.89,31.84,31.87,36099
20140725,31.83,31.83,31.76,31.77,3526
20140728,31.77,31.77,31.77,31.77,1997
20140729,31.67,31.69,31.67,31.69,1203
20140730,31.55,31.58,31.51,31.58,3377
20140731,31.34,31.38,31.01,31.01,22572
20140801,30.99,31.07,30.78,30.98,15527
20140804,30.91,31.01,30.89,31.01,1991
20140805,30.98,31.11,30.85,30.87,6161
20140807,30.78,30.78,30.74,30.74,1212
20140811,31.24,31.24,31.24,31.24,4541
20140812,31.25,31.27,31.24,31.24,2875
20140813,31.35,31.35,31.33,31.33,5081
20140814,31.43,31.47,31.43,31.47,74378
20140815,31.62,31.62,31.36,31.43,94159
20140818,31.74,31.75,31.74,31.74,1531
20140819,31.88,31.93,31.88,31.9,3892
20140820,31.96,32.06,31.96,32.06,16399
20140821,32.59,32.59,32.07,32.13,20125
20140822,32.07,32.15,31.98,32.08,20185
20140825,32.22,32.23,32.2,32.22,6527
20140826,32.27,32.27,32.21,32.21,161149
20140827,32.2,32.22,32.19,32.19,15175
20140828,32.13,32.24,32.12,32.21,38625
20140829,32.22,32.32,32.22,32.28,2915
20140902,32.4,32.42,32.24,32.33,13008
20140903,32.43,32.44,32.3,32.32,42827
20140904,32.47,32.47,32.26,32.27,37443
20140905,32.34,32.4,32.24,32.39,24152
20140908,32.34,32.41,32.26,32.35,20441
20140909,32.26,32.26,32.11,32.14,8791
20140910,32.4,32.45,32.03,32.2,17260
20140911,32.11,32.29,32.11,32.29,10896
20140912,32.19,32.19,32.02,32.08,17081
20140915,32.61,32.61,31.98,32.03,26255
20140916,32.11,32.54,32.06,32.23,292470
20140917,32.73,32.73,32.21,32.36,51599
20140918,32.36,32.38,32.35,32.36,10303
20140919,32.55,32.55,32.29,32.32,1588
20140922,32.68,32.68,32,32.03,14573
20140923,31.92,31.94,31.79,31.79,16991
20140924,31.71,31.98,31.7,31.97,3800
20140925,32.09,32.09,31.55,31.55,23042
20140926,31.75,31.79,31.58,31.78,14273
20140929,31.65,31.76,31.62,31.69,43436
20140930,31.69,31.71,31.54,31.62,18033
20141001,31.42,31.43,31.11,31.17,13780
20141002,31.2,31.24,30.87,31.2,120459
20141003,31.37,31.52,31.3,31.5,13025
20141006,31.54,31.57,31.43,31.44,48628
20141007,31.53,31.53,31,31,10234
20141008,30.94,31.43,30.79,31.43,8492
20141009,30.86,30.96,30.74,30.75,14402
20141010,30.83,30.83,30.35,30.35,11832
20141013,30.2,30.26,29.89,29.89,19686
20141014,30.01,30.24,29.98,30.14,1422
20141015,29.72,29.89,29.03,29.87,17473
20141016,29.46,30.03,29.46,29.96,57807
20141017,30.23,30.47,30.17,30.25,8590
20141020,30.49,30.59,30.33,30.59,10211
20141021,30.94,31.28,30.83,31.24,6961
20141022,31.35,31.39,31.07,31.07,5941
20141023,31.38,31.49,31.35,31.36,7293
20141024,31.28,31.6,31.28,31.6,14669
20141027,31.61,31.61,31.43,31.54,17088
20141028,31.94,31.94,31.68,31.9,24355
20141029,32.08,32.08,31.86,31.91,10566
20141030,31.92,32.11,31.82,32.02,5052
20141031,32.55,32.55,32.37,32.41,6288
20141103,32.47,32.55,32.39,32.46,10965
20141104,32.43,32.43,32.25,32.33,13948
20141105,32.42,32.58,32.42,32.57,9147
20141106,32.55,32.74,32.55,32.74,13263
20141107,32.74,32.83,32.74,32.78,14427
20141110,32.85,32.88,32.82,32.88,19281
20141111,32.94,32.94,32.86,32.86,2952
20141112,33.06,33.06,32.82,32.92,6773
20141113,32.86,32.87,32.77,32.84,6538
20141114,32.88,32.88,32.81,32.86,21921
20141117,33.14,33.14,32.79,32.88,18619
20141118,32.95,33.12,32.95,33.05,8218
20141119,33.18,33.18,32.93,33,6894
20141120,32.98,33.13,32.98,33.11,13124
20141121,33.59,33.59,33.23,33.28,6848
20141124,33.37,33.37,33.36,33.36,627
20141125,33.78,33.78,33.29,33.39,14350
20141126,33.39,33.4,33.38,33.4,2031
20141201,33.13,33.13,33.01,33.06,5321
20141202,33.16,33.25,33.16,33.23,5999
20141203,33.38,33.48,33.38,33.46,6257
20141204,33.85,33.85,33.31,33.4,6136
20141205,33.48,33.55,33.46,33.46,9539
20141208,33.48,33.53,33.17,33.23,13216
20141209,33.21,33.26,33.17,33.26,4226
20141210,33.33,33.33,32.7,32.71,6253
20141211,32.92,33.09,32.82,32.82,9865
20141212,32.58,32.58,32.41,32.41,5454
20141215,33.12,33.12,32.04,32.19,12584
20141216,32.45,32.7,32.02,32.03,23861
20141217,32.14,32.65,32.06,32.61,23622
20141218,33.24,33.24,32.93,33.23,32639
20141219,33.61,33.61,33.38,33.58,22132
20141222,33.56,33.61,33.53,33.59,5839
20141223,33.77,33.87,33.75,33.82,17642
20141224,34.24,34.24,33.78,33.89,14424
20141226,34,34,33.97,33.97,5329
20141229,34.31,34.31,33.91,34.04,6369
20141230,33.5,34.01,33.5,33.84,7764
20141231,33.86,33.89,33.63,33.68,8120
20150102,33.57,33.59,33.21,33.51,9853
20150105,32.99,32.99,32.8,32.8,4208
20150106,32.86,32.86,32.41,32.6,10760
20150107,33.7,33.71,32.72,32.89,4785
20150108,33.42,33.46,33.38,33.46,5917
20150109,33.21,33.32,33.18,33.22,9901
20150112,32.85,32.96,32.84,32.92,5563
20150113,33.34,33.35,32.69,33,54273
20150114,32.65,32.69,32.48,32.66,14055
20150115,32.67,32.73,32.36,32.36,147012
20150116,32.36,32.68,32.36,32.68,3559
20150120,32.83,32.89,32.79,32.82,7021
20150121,32.92,33.05,32.86,33.01,12547
20150122,33.38,33.5,33,33.5,78989
20150123,33.42,33.42,33.36,33.36,2931
20150126,33.22,33.45,33.22,33.45,5216
20150127,33.39,33.39,33.03,33.21,108856
20150128,33.5,33.5,32.68,32.73,99783
20150129,33.01,33.02,32.62,33.01,50018
20150130,33.07,33.07,32.57,32.57,25427
20150202,32.83,32.93,32.33,32.93,18612
20150203,33.27,33.45,33.15,33.44,22020
20150204,33.42,33.49,33.36,33.36,8723
20150205,33.74,33.74,33.54,33.72,9118
20150206,33.75,33.81,33.54,33.55,7161
20150209,33.56,33.62,33.43,33.48,139592
20150210,33.63,33.84,33.51,33.82,14935
20150211,33.83,33.87,33.68,33.8,8662
20150212,34.07,34.15,33.97,34.15,9837
20150213,34.37,34.37,34.13,34.27,11225
20150217,34.41,34.41,34.16,34.3,38435
20150218,34.28,34.46,34.28,34.41,9551
20150219,34.45,34.45,34.05,34.38,14420
20150220,34.3,34.6,34.3,34.59,5713
20150223,34.52,34.57,34.5,34.57,864
20150224,34.58,34.71,34.58,34.69,11314
20150225,34.67,34.7,34.63,34.66,21792
20150226,34.74,34.74,34.49,34.56,8741
20150227,34.51,34.56,34.48,34.49,5558
20150302,34.66,34.69,34.5,34.67,14606
20150303,34.56,34.56,34.4,34.51,14920
20150304,34.51,34.51,34.21,34.34,9193
20150305,34.41,34.41,34.34,34.4,17810
20150306,34.23,34.26,33.92,33.92,18984
20150309,34.11,34.18,34.01,34.1,40014
20150310,33.75,33.79,33.6,33.6,5296
20150311,33.73,33.73,33.54,33.58,4720
20150312,33.86,34.02,33.86,34.02,9871
20150313,34.12,34.12,33.61,33.75,32882
20150316,33.99,34.25,33.99,34.25,209346
20150317,34.3,34.3,34.08,34.18,12142
20150318,34.04,34.56,33.93,34.56,12737
20150319,34.38,34.44,34.27,34.38,10828
20150320,34.57,34.71,34.57,34.67,5083
20150323,34.75,34.75,34.67,34.67,6402
20150324,34.74,34.74,34.48,34.48,9929
20150325,34.38,34.38,33.9,33.9,32949
20150326,33.82,33.93,33.67,33.83,26791
20150327,33.85,34.02,33.85,34.02,6558
20150330,34.09,34.45,34.09,34.44,7081
20150331,34.36,34.39,34.26,34.26,8164
20150401,33.98,34.09,33.93,34.09,10805
20150402,34.32,34.35,34.17,34.27,21733
20150406,34.46,34.49,34.4,34.43,8849
20150407,34.54,34.54,34.29,34.3,13730
20150408,34.74,34.74,34.36,34.4,11397
20150409,34.39,34.51,34.28,34.51,9226
20150410,34.2,34.59,34.2,34.57,8678
20150413,34.61,34.67,34.46,34.46,22091
20150414,34.65,34.65,34.3,34.48,9020
20150415,34.66,34.71,34.6,34.62,15026
20150416,34.51,34.59,34.5,34.53,6858
20150417,34.51,34.52,34.08,34.18,36130
20150420,34.46,34.48,34.39,34.46,12092
20150421,34.51,34.51,34.39,34.39,7597
20150422,34.31,34.54,34.29,34.54,15535
20150423,34.54,34.72,34.52,34.68,16885
20150424,34.56,34.61,34.53,34.53,9748
20150427,34.66,34.67,34.37,34.38,23866
20150428,34.27,34.47,34.27,34.47,2717
20150429,34.39,34.4,34.23,34.34,8446
20150430,34.16,34.16,33.86,33.95,8427
20150501,34.2,34.36,34.17,34.36,14940
20150504,34.32,34.51,34.32,34.45,40950
20150505,34.62,34.62,34.05,34.08,19400
20150506,34.32,34.32,33.86,33.96,10505
20150507,34,34.12,33.91,34.09,11767
20150508,34.52,34.52,34.37,34.39,5801
20150511,34.47,34.47,34.31,34.34,59415
20150512,34.35,34.35,34.06,34.24,14030
20150513,34.43,34.43,34.21,34.24,11679
20150514,34.46,34.56,34.45,34.56,12605
20150515,34.57,34.59,34.53,34.59,8227
20150518,34.79,34.79,34.59,34.78,16476
20150519,34.93,34.93,34.74,34.75,77131
20150520,34.81,34.89,34.77,34.8,199861
20150521,34.92,34.92,34.78,34.83,14987
20150522,34.83,34.86,34.77,34.79,24656
20150526,34.53,34.53,34.37,34.41,22533
20150527,34.54,34.74,34.53,34.73,7795
20150528,34.75,34.75,34.56,34.68,16928
20150529,34.76,34.76,34.42,34.5,11257
20150601,34.43,34.6,34.43,34.49,26340
20150602,34.58,34.58,34.44,34.49,9020
20150603,34.67,34.7,34.56,34.62,5646
20150604,34.67,34.67,34.31,34.31,17209
20150605,34.34,34.39,34.27,34.35,10607
20150608,34.32,34.32,34.12,34.13,6792
20150609,34.05,34.16,34.05,34.12,6937
20150610,34.36,34.56,34.35,34.54,2377
20150611,34.66,34.68,34.59,34.6,24512
20150612,34.43,34.59,34.43,34.49,4014
20150615,34.31,34.32,34.26,34.28,2827
20150616,34.33,34.47,34.29,34.47,11267
20150617,34.58,34.58,34.38,34.51,6047
20150618,34.8,34.92,34.8,34.86,7291
20150619,35.05,35.05,34.74,34.77,9423
20150622,34.97,34.97,34.89,34.92,6697
20150623,34.92,34.93,34.86,34.93,15837
20150624,35.06,35.06,34.67,34.67,9924
20150625,34.69,34.69,34.57,34.57,9898
20150626,34.66,34.66,34.5,34.56,32032
20150629,34.33,34.33,33.85,33.86,13512
20150630,34.03,34.17,33.89,34.02,34062
20150701,34.31,34.31,34.16,34.25,71091
20150702,34.18,34.23,34.11,34.18,15476
20150706,34.05,34.24,33.93,34.09,229782
20150707,34.04,34.32,33.74,34.32,28623
20150708,34.32,34.32,33.76,33.82,8718
20150709,34.13,34.13,33.83,33.86,6408
20150710,34.28,34.28,34.02,34.22,17408
20150713,34.51,34.56,34.46,34.56,11843
20150714,34.64,34.7,34.56,34.67,81418
20150715,34.81,34.81,34.5,34.56,24238
20150716,34.7,34.76,34.65,34.71,74558
20150717,34.79,34.79,34.55,34.63,11580
20150720,34.78,34.78,34.51,34.62,16193
20150721,34.61,34.61,34.4,34.47,20000
20150722,34.46,34.52,34.45,34.47,17663
20150723,34.52,34.55,34.27,34.28,12590
20150724,34.27,34.28,33.97,34.02,14371
20150727,34.05,34.05,33.64,33.77,11214
20150728,33.98,34.22,33.98,34.19,18291
20150729,34.28,34.58,34.28,34.55,10770
20150730,34.63,34.63,34.45,34.63,13770
20150731,34.89,34.89,34.59,34.64,20612
20150803,34.55,34.57,34.42,34.55,20565
20150804,34.71,34.71,34.48,34.55,11257
20150805,34.82,34.86,34.66,34.71,10695
20150806,34.65,34.65,34.33,34.44,14569
20150807,34.33,34.49,34.2,34.33,14774
20150810,34.77,34.83,34.77,34.8,16348
20150811,34.81,34.81,34.39,34.51,29519
20150812,34.05,34.52,34.05,34.5,3312
20150813,34.46,34.61,34.46,34.51,6620
20150814,34.19,34.69,34.19,34.69,16965
20150817,34.75,34.86,34.52,34.86,21383
20150818,34.85,34.87,34.74,34.8,23719
20150819,34.59,34.72,34.42,34.62,23353
20150820,34.5,34.5,33.84,33.85,16343
20150821,33.78,33.78,32.97,32.97,20980
20150824,30.79,32.54,30.28,31.71,50954
20150825,32.8,32.8,31.31,31.31,36697
20150826,31.72,32.25,31.29,32.21,15713
20150827,32.66,33,32.49,32.94,21131
20150828,33,33.02,32.81,32.95,202293
20150831,32.82,32.93,32.7,32.78,34779
20150901,32.37,32.37,31.78,31.78,117134
20150902,32.15,32.18,31.9,32.18,5725
20150903,32.51,32.76,32.44,32.53,28803
20150904,32.17,32.17,31.94,32.05,61273
20150908,32.69,32.81,32.45,32.81,6171
20150909,33.08,33.08,32.44,32.46,11429
20150910,32.23,32.69,32.23,32.52,27640
20150911,32.64,32.64,32.4,32.58,9001
20150914,32.59,32.62,32.49,32.52,14076
20150915,32.49,32.97,32.49,32.9,16551
20150916,32.9,33.21,32.9,33.21,31906
20150917,33.28,33.54,33.05,33.1,5083
20150918,32.74,32.89,32.56,32.56,8602
20150921,32.8,32.94,32.63,32.74,15738
20150922,32.14,32.23,32.04,32.22,9331
20150923,32.34,32.34,32.04,32.15,10781
20150924,31.98,32.01,31.69,32,11041
20150925,32.26,32.31,31.92,32.05,18785
20150928,31.61,31.64,31.21,31.29,11381
20150929,31.3,31.3,31.13,31.2,12218
20150930,31.64,31.69,31.45,31.63,9660
20151001,31.8,31.8,31.47,31.77,6229
20151002,31.66,32.13,31.38,32.13,24522
20151005,32.56,32.71,32.55,32.71,4122
20151006,32.9,32.91,32.54,32.54,62079
20151007,32.86,32.92,32.68,32.9,9174
20151008,32.9,33.26,32.9,33.26,33063
20151009,33.26,33.33,33.15,33.25,20013
20151012,33.34,33.34,33.23,33.26,8213
20151013,33.26,33.26,33.01,33.01,7454
20151014,32.86,32.97,32.77,32.77,31448
20151015,32.87,33.14,32.76,33.14,8527
20151016,33.16,33.22,33.05,33.22,22566
20151019,33.12,33.26,33.12,33.26,10769
20151020,33.41,33.41,33.25,33.31,10809
20151021,33.33,33.38,33.06,33.06,18754
20151022,33.32,33.62,33.32,33.57,29836
20151023,33.81,33.81,33.51,33.71,18074
20151026,33.84,33.84,33.61,33.71,15962
20151027,33.59,33.59,33.45,33.55,17766
20151028,33.66,33.91,33.66,33.91,9095
20151029,33.83,33.89,33.79,33.88,11490
20151030,33.87,34,33.85,33.85,18109
20151102,33.93,34.2,33.92,34.16,19228
20151103,34.28,34.28,34.08,34.17,9818
20151104,34.36,34.36,34.01,34.08,45128
20151105,34.12,34.12,33.93,34.09,79755
20151106,34.22,34.22,33.88,33.99,37339
20151109,33.69,33.78,33.6,33.77,47268
20151110,33.85,33.85,33.69,33.84,2347
20151111,33.81,33.88,33.75,33.75,10545
20151112,33.56,33.56,33.23,33.24,11091
20151113,33.2,33.2,32.88,32.9,33364
20151116,33.04,33.28,32.88,33.25,663179
20151117,33.2,33.5,33.2,33.3,32427
20151118,33.5,33.8,33.4,33.8,12274
20151119,33.98,33.98,33.77,33.81,9441
20151120,34.09,34.09,33.86,33.93,19749
20151123,33.85,34.09,33.85,33.96,8480
20151124,33.75,34.07,33.74,34.01,15306
20151125,34.15,34.15,34.03,34.06,17034
20151127,34.17,34.17,34.06,34.06,1597
20151130,34.12,34.12,33.97,33.99,31594
20151201,34.18,34.26,34.07,34.26,12596
20151202,34.42,34.42,33.87,33.9,10168
20151203,33.83,33.84,33.31,33.38,12104
20151204,33.6,34.02,33.6,33.98,9461
20151207,33.83,33.83,33.67,33.78,33314
20151208,33.65,33.69,33.45,33.56,15158
20151209,33.8,33.8,33.16,33.25,14852
20151210,33.18,33.44,33.18,33.32,17958
20151211,33.15,33.15,32.73,32.73,11896
20151214,32.93,32.93,32.48,32.6,10633
20151215,33.07,33.18,33,33.07,5194
20151216,33.35,33.57,33.12,33.57,16206
20151217,33.71,33.71,33.09,33.09,14734
20151218,32.78,32.88,32.57,32.57,10187
20151221,32.79,32.8,32.54,32.6,16775
20151222,32.88,33.17,32.76,33.17,16505
20151223,33.41,33.48,33.33,33.46,13112
20151224,33.45,33.52,33.4,33.52,10153
20151228,33.39,33.4,33.26,33.38,20746
20151229,33.71,33.73,33.59,33.73,42657
20151230,33.6,33.68,33.47,33.47,287361
20151231,33.54,33.54,33.18,33.18,16135
20160104,32.52,32.63,32.4,32.62,23615
20160105,32.89,32.89,32.6,32.75,18201
20160106,32.52,32.52,32.22,32.25,10567
20160107,31.59,31.87,31.52,31.66,13571
20160108,31.66,31.69,31.25,31.29,25741
20160111,31.5,31.5,30.9,31.19,14584
20160112,31.51,31.51,31.05,31.43,13247
20160113,31.53,31.53,30.58,30.66,19783
20160114,30.63,31.12,30.44,30.99,22449
20160115,30.53,30.53,30.18,30.48,23811
20160119,30.87,30.87,30.18,30.5,28865
20160120,29.97,30.38,29.4,30.2,49985
20160121,30.26,30.49,30.08,30.31,23820
20160122,30.51,30.82,30.51,30.81,18161
20160125,30.57,30.62,30.27,30.27,20531
20160126,30.45,30.78,30.45,30.76,14870
20160127,30.75,31.06,30.37,30.55,16380
20160128,30.74,30.74,30.36,30.55,15739
20160129,30.99,31.37,30.93,31.37,11129
20160201,31.08,31.54,31.08,31.54,81950
20160202,31.36,31.36,30.81,30.9,12662
20160203,30.96,31,30.54,30.94,13066
20160204,30.83,31.28,30.83,31.18,5944
20160205,31,31.1,30.63,30.67,7560
20160208,30.21,30.32,29.82,30.12,13809
20160209,30,30.42,30,30.23,6618
20160210,30.51,30.58,30.29,30.3,8370
20160211,29.84,29.94,29.69,29.9,11284
20160212,30.15,30.44,30.01,30.41,29415
20160216,30.86,31.01,30.63,31,6133
20160217,31.34,31.52,31.25,31.51,17786
20160218,31.54,31.54,31.39,31.46,18514
20160219,31.21,31.4,31.21,31.4,17002
20160222,31.8,31.89,31.76,31.8,4281
20160223,31.82,31.82,31.57,31.59,13449
20160224,31.27,31.75,31.16,31.75,14303
20160225,31.83,32.11,31.81,32.11,15220
20160226,32.22,32.29,32.11,32.11,17373
20160229,32.4,32.4,31.91,31.91,31516
20160301,32.26,32.54,32.06,32.49,12539
20160302,32.45,32.65,32.44,32.64,18679
20160303,32.79,32.93,32.57,32.93,7982
20160304,32.89,33.13,32.89,33.07,9723
20160307,32.98,33.13,32.98,33.04,11204
20160308,32.76,32.79,32.61,32.61,11994
20160309,32.76,32.8,32.69,32.75,4374
20160310,32.95,32.95,32.47,32.71,26964
20160311,32.97,33.33,32.97,33.33,5893
20160314,33.19,33.31,33.19,33.31,6183
20160315,33.35,33.35,32.98,33.1,12635
20160316,33.12,33.4,33.11,33.4,6412
20160317,33.34,33.68,33.29,33.68,19944
20160318,33.75,33.82,33.72,33.82,15373
20160321,33.76,33.83,33.71,33.8,4318
20160322,33.57,33.89,33.57,33.85,18736
20160323,33.61,33.69,33.56,33.6,18127
20160324,33.35,33.43,33.3,33.43,23360
20160328,33.48,33.65,33.46,33.61,6140
20160329,33.57,33.91,33.52,33.91,17931
20160330,34.35,34.37,33.99,34.04,22652
20160331,34.33,34.33,33.98,34.02,14713
20160401,34.29,34.29,33.76,34.23,154347
20160404,34.19,34.2,34,34.01,28536
20160405,33.65,33.77,33.62,33.62,12907
20160406,33.67,33.93,33.67,33.91,9524
20160407,33.74,33.74,33.45,33.52,9101
20160408,33.82,33.82,33.55,33.59,16977
20160411,33.81,33.93,33.57,33.57,7545
20160412,33.49,33.85,33.46,33.77,8852
20160413,34.02,34.27,34.02,34.23,9092
20160414,34.21,34.27,34.21,34.26,3876
20160415,34.1,34.26,34.1,34.24,5809
20160418,34.49,34.49,34.3,34.45,22158
20160419,34.63,34.63,34.49,34.53,8031
20160420,34.88,34.88,34.49,34.58,5183
20160421,34.56,34.59,34.35,34.37,12514
20160422,34.63,34.63,34.44,34.53,6973
20160425,34.47,34.47,34.33,34.37,10429
20160426,34.56,34.65,34.5,34.63,15886
20160427,34.99,34.99,34.58,34.86,26771
20160428,34.7,34.82,34.41,34.46,9343
20160429,34.13,34.28,33.95,34.23,9136
20160502,34.57,34.57,34.26,34.46,14518
20160503,34.27,34.27,33.95,34.15,28555
20160504,34.27,34.27,33.85,33.96,17598
20160505,34.02,34.08,33.83,33.83,7196
20160506,34.04,34.04,33.72,33.96,9314
20160509,34.27,34.27,34.03,34.12,8925
20160510,34.45,34.46,34.24,34.46,5653
20160511,34.69,34.69,34.14,34.17,37689
20160512,34.14,34.24,33.95,34.14,93133
20160513,34.04,34.13,33.8,33.87,5775
20160516,33.97,34.22,33.97,34.16,9760
20160517,34.04,34.16,33.76,33.84,19448
20160518,34.12,34.12,33.75,33.83,10114
20160519,33.82,33.82,33.53,33.8,6656
20160520,33.99,34.1,33.95,33.96,17909
20160523,34.05,34.05,33.97,33.98,3618
20160524,34.33,34.46,34.31,34.42,15090
20160525,34.6,34.67,34.55,34.62,14657
20160526,34.61,34.65,34.54,34.65,10361
20160527,34.73,34.79,34.7,34.74,10286
20160531,34.89,34.89,34.72,34.77,6906
20160601,34.6,34.97,34.6,34.96,70521
20160602,34.87,35.07,34.87,35.06,14499
20160603,34.85,34.99,34.69,34.99,26556
20160606,34.91,35.18,34.91,35.14,17265
20160607,35.41,35.41,35.14,35.2,12620
20160608,35.49,35.49,35.22,35.34,13339
20160609,35.14,35.28,35.09,35.28,71450
20160610,34.87,34.98,34.73,34.87,29828
20160613,34.84,34.84,34.46,34.49,23599
20160614,34.47,34.47,34.22,34.39,45466
20160615,34.68,34.68,34.33,34.36,40432
20160616,34.57,34.58,34.05,34.41,12041
20160617,34.65,34.65,34.29,34.39,22457
20160620,34.63,34.9,34.63,34.68,17790
20160621,35.03,35.03,34.62,34.71,10014
20160622,34.6,34.89,34.6,34.68,18633
20160623,34.96,35.19,34.9,35.19,24530
20160624,33.5,34.43,33.5,33.88,37977
20160627,33.37,33.37,32.84,32.98,99238
20160628,33.37,33.54,33.22,33.51,48366
20160629,33.94,34.13,33.81,34.13,34909
20160630,34.11,34.63,34.11,34.63,39551
20160701,34.55,34.83,34.55,34.7,12917
20160705,34.48,34.48,34.19,34.43,18404
20160706,34.52,34.59,34.22,34.56,11098
20160707,34.76,34.83,34.55,34.65,9643
20160708,34.99,35.28,34.99,35.25,8649
20160711,35.39,35.47,35.34,35.4,35318
20160712,35.68,35.75,35.57,35.67,27675
20160713,35.94,35.94,35.55,35.66,12745
20160714,36.03,36.03,35.75,35.85,19232
20160715,36.05,36.05,35.69,35.79,20054
20160718,35.83,35.87,35.79,35.86,14240
20160719,36.06,36.06,35.7,35.79,95042
20160720,36.01,36.03,35.8,36,25463
20160721,35.96,35.98,35.79,35.83,7634
20160722,36.02,36.07,35.82,36.07,19175
20160725,36.02,36.02,35.92,35.99,52802
20160726,36.09,36.17,35.97,36.16,16794
20160727,36.05,36.07,35.8,35.95,12905
20160728,36.05,36.08,35.83,36.05,30917
20160729,35.94,36.06,35.93,36.04,18787
20160801,35.95,36.09,35.87,35.93,20975
20160802,35.81,35.81,35.47,35.59,11090
20160803,35.49,35.76,35.49,35.76,8354
20160804,35.82,35.82,35.68,35.74,14790
20160805,36.01,36.06,36.01,36.05,6056
20160808,36.2,36.2,36,36.03,19594
20160809,36.17,36.17,36,36.03,4160
20160810,36.01,36.05,35.94,35.97,5647
20160811,36.13,36.22,36.03,36.22,26112
20160812,36.45,36.45,36.11,36.17,12446
20160815,36.33,36.39,36.33,36.36,9723
20160816,36.38,36.38,36.08,36.08,20832
20160817,36.02,36.08,35.9,36.08,15550
20160818,35.95,36.24,35.95,36.22,54652
20160819,36.15,36.31,36.15,36.31,5954
20160822,36.21,36.32,36.21,36.31,8901
20160823,36.56,36.56,36.46,36.46,7199
20160824,36.38,36.4,36.26,36.26,13419
20160825,36.29,36.34,36.2,36.23,8547
20160826,36.37,36.47,35.98,36.14,17641
20160829,36.12,36.43,36.12,36.36,76588
20160830,36.33,36.37,36.27,36.32,14859
20160831,36.28,36.31,36.08,36.25,16269
20160901,36.29,36.29,36.03,36.24,11297
20160902,36.44,36.44,36.31,36.44,23106
20160906,36.44,36.44,36.26,36.39,31493
20160907,36.43,36.48,36.36,36.46,68951
20160908,36.36,36.41,36.33,36.35,11255
20160909,36.22,36.22,35.44,35.44,12774
20160912,35.35,35.91,35.28,35.88,13592
20160913,35.57,35.64,35.27,35.4,15918
20160914,35.44,35.51,35.28,35.34,25199
20160915,35.07,35.73,35.07,35.72,92495
20160916,35.68,35.68,35.44,35.53,20125
20160919,35.94,35.94,35.62,35.68,34465
20160920,35.77,35.77,35.58,35.61,15699
20160921,35.79,36,35.58,36,15147
20160922,36,36.27,36,36.24,20912
20160923,36.26,36.26,36.04,36.07,25249
20160926,35.89,35.89,35.76,35.77,7783
20160927,35.83,36,35.83,35.98,28207
20160928,36.02,36.09,35.85,36.09,91720
20160929,36.14,36.14,35.69,35.82,31378
20160930,35.89,36.15,35.89,36.06,31361
20161003,36,36,35.83,35.9,20654
20161004,35.97,35.97,35.66,35.69,14952
20161005,35.89,35.98,35.88,35.91,29509
20161006,35.8,35.97,35.74,35.97,7628
20161007,35.9,35.9,35.64,35.8,32230
20161010,35.99,36,35.9,35.91,29666
20161011,35.9,35.9,35.3,35.42,49466
20161012,35.77,35.77,35.39,35.54,16556
20161013,35.18,35.48,35.16,35.44,14923
20161014,35.67,35.67,35.44,35.47,20974
20161017,35.48,35.48,35.29,35.33,20896
20161018,35.58,35.58,35.43,35.53,31892
20161019,35.3,35.64,35.3,35.57,26493
20161020,35.61,35.61,35.41,35.52,55305
20161021,35.44,35.51,35.31,35.5,18432
20161024,35.73,35.8,35.62,35.67,27656
20161025,35.74,35.74,35.41,35.43,19284
20161026,35.63,35.63,35.3,35.38,44306
20161027,35.4,35.4,35.16,35.18,9636
20161028,35.12,35.44,35.12,35.23,38607
20161031,35.42,35.42,35.28,35.39,139735
20161101,35.34,35.34,34.9,35.1,42674
20161102,35.09,35.09,34.89,34.99,5071
20161103,35.02,35.03,34.79,34.79,38632
20161104,34.86,35.09,34.83,34.83,17029
20161107,35.21,35.53,35.21,35.53,14835
20161108,35.46,35.74,35.44,35.66,16128
20161109,35.33,36.17,35.32,36.03,49460
20161110,36.34,36.49,36.05,36.28,389997
20161111,36.15,36.42,36.15,36.4,39756
20161114,36.43,36.71,36.43,36.67,27224
20161115,36.93,36.93,36.58,36.88,45640
20161116,36.66,36.88,36.66,36.81,39875
20161117,36.87,37.07,36.87,37.07,90374
20161118,37.21,37.21,36.95,36.96,27061
20161121,37.22,37.22,37.06,37.17,26402
20161122,37.34,37.39,37.22,37.39,38236
20161123,37.63,37.63,37.32,37.45,41967
20161125,37.6,37.63,37.57,37.59,39922
20161128,37.52,37.54,37.4,37.4,22564
20161129,37.56,37.62,37.46,37.53,57805
20161130,37.75,37.75,37.32,37.32,44495
20161201,37.35,37.35,37.11,37.15,57366
20161202,37.3,37.31,37.13,37.2,23070
20161205,37.29,37.51,37.29,37.44,40354
20161206,37.64,37.68,37.42,37.68,71701
20161207,37.75,38.19,37.66,38.14,69177
20161208,38.27,38.45,38.11,38.35,43882
20161209,38.77,38.77,38.28,38.4,46153
20161212,38.5,38.5,38.21,38.27,11637
20161213,38.48,38.48,38.33,38.41,63082
20161214,38.5,38.5,38.02,38.13,29899
20161215,38.49,38.49,38.11,38.21,69467
20161216,38.47,38.47,38.07,38.15,29568
20161219,38.33,38.33,38.14,38.23,30449
20161220,38.31,38.49,38.31,38.36,35305
20161221,38.34,38.5,38.33,38.33,37167
20161222,38.3,38.3,38.05,38.12,17619
20161223,38.2,38.2,38.11,38.19,21578
20161227,38.39,38.39,38.27,38.36,23108
20161228,38.47,38.47,37.95,37.95,49699
20161229,38.12,38.12,37.92,38,107016
20161230,37.87,38.01,37.76,37.8,27754
20170103,38.17,38.19,37.88,38.06,144014
20170104,38.02,38.48,38.02,38.48,58374
20170105,38.32,38.42,38.11,38.26,133418
20170106,38.68,38.68,38.17,38.33,33109
20170109,38.41,38.41,38.16,38.2,33995
20170110,38.14,38.41,38.14,38.31,19185
20170111,38.39,38.46,38.18,38.41,17303
20170112,38.48,38.48,37.99,38.32,28223
20170113,38.54,38.54,38.36,38.48,90614
20170117,38.53,38.53,38.17,38.24,27111
20170118,38.45,38.45,38.22,38.39,17321
20170119,38.54,38.54,38.1,38.2,43032
20170120,38.39,38.41,38.19,38.32,72765
20170123,38.3,38.33,38.07,38.23,26703
20170124,38.41,38.67,38.34,38.6,65164
20170125,38.89,38.93,38.78,38.93,41970
20170126,39,39,38.81,38.83,41835
20170127,38.8,38.81,38.7,38.73,59419
20170130,38.78,38.78,38.3,38.58,40430
20170131,38.47,38.62,38.39,38.62,45114
20170201,38.76,38.76,38.41,38.55,28888
20170202,38.58,38.66,38.46,38.59,60578
20170203,38.87,38.93,38.76,38.92,80286
20170206,38.73,38.91,38.73,38.81,15641
20170207,38.95,38.95,38.78,38.82,34533
20170208,38.85,38.91,38.76,38.89,17968
20170209,38.95,39.21,38.94,39.17,47006
20170210,39.41,39.41,39.16,39.31,41332
20170213,39.22,39.53,39.22,39.44,23599
20170214,39.37,39.59,39.36,39.54,32910
20170215,39.59,39.83,39.53,39.78,41592
20170216,39.91,39.91,39.62,39.74,28819
20170217,39.82,39.85,39.66,39.85,30837
20170221,39.78,40.14,39.78,40.11,45645
20170222,40.1,40.11,39.98,40.1,25735
20170223,40.28,40.28,39.94,40.02,29595
20170224,39.9,40.16,39.9,40.16,19984
20170227,40.25,40.28,40.11,40.25,18624
20170228,40.26,40.26,40.01,40.08,11110
20170301,40.27,40.66,40.27,40.57,17522
20170302,40.62,40.62,40.29,40.34,30555
20170303,40.28,40.4,40.2,40.38,97729
20170306,40.33,40.33,40.11,40.19,33034
20170307,40.25,40.25,40.02,40.02,42321
20170308,40.11,40.17,39.98,40.01,95264
20170309,40.04,40.18,39.86,39.99,50740
20170310,40.22,40.27,40.03,40.17,53831
20170313,40.22,40.27,40.15,40.27,35569
20170314,40.31,40.31,40.03,40.15,37829
20170315,40.19,40.56,40.19,40.49,97973
20170316,40.59,40.59,40.38,40.44,20100
20170317,40.58,40.58,40.35,40.48,58460
20170320,40.53,40.53,40.27,40.3,25605
20170321,40.3,40.3,39.76,39.81,19781
20170322,39.74,39.83,39.59,39.81,27061
20170323,39.82,40.05,39.77,39.8,34606
20170324,39.96,39.99,39.64,39.8,26723
20170327,39.52,39.78,39.4,39.73,21812
20170328,39.67,40.07,39.67,40,33515
20170329,40.01,40.01,39.85,39.96,21927
20170330,39.97,40.15,39.95,40.12,34060
20170331,40.11,40.2,40.09,40.09,70285
20170403,40.17,40.17,39.71,39.85,49928
20170404,39.76,39.88,39.74,39.8,50822
20170405,39.94,40.1,39.64,39.64,59485
20170406,39.72,39.91,39.64,39.83,33142
20170407,39.78,39.91,39.7,39.81,58911
20170410,39.9,40.01,39.74,39.85,55045
20170411,39.84,39.87,39.59,39.87,28618
20170412,39.81,39.83,39.58,39.64,27522
20170413,39.59,39.66,39.39,39.42,22525
20170417,39.38,39.71,39.38,39.69,20148
20170418,39.68,39.72,39.52,39.68,41406
20170419,39.85,39.91,39.7,39.71,30691
20170420,39.88,40.17,39.8,40.15,500381
20170421,40.15,40.15,40.01,40.06,26977
20170424,40.56,40.6,40.41,40.53,29932
20170425,40.63,40.78,40.61,40.69,84829
20170426,40.75,40.9,40.7,40.75,65280
20170427,40.8,40.9,40.71,40.8,57042
20170428,40.73,40.73,40.55,40.59,28697
20170501,40.52,40.69,40.47,40.61,65479
20170502,40.71,40.71,40.51,40.58,26016
20170503,40.55,40.58,40.39,40.51,31594
20170504,40.66,40.67,40.45,40.64,94209
20170505,40.8,40.82,40.65,40.81,115128
20170508,40.81,40.81,40.65,40.73,58334
20170509,40.85,40.85,40.64,40.73,25818
20170510,40.71,40.78,40.63,40.78,37729
20170511,40.81,40.81,40.39,40.62,38093
20170512,40.48,40.52,40.42,40.45,25097
20170515,40.58,40.74,40.58,40.68,50171
20170516,40.79,40.82,40.55,40.64,31547
20170517,40.35,40.35,39.99,39.99,44678
20170518,39.95,40.26,39.9,40.16,78329
20170519,40.27,40.53,40.25,40.41,29349
20170522,40.58,40.71,40.52,40.68,45787
20170523,40.8,40.8,40.59,40.72,30739
20170524,40.73,40.82,40.69,40.82,40324
20170525,40.94,41.09,40.79,41.05,31619
20170526,41.07,41.08,40.98,41.06,25049
20170530,41,41.04,40.94,41.01,14882
20170531,41.12,41.12,40.87,41.09,19919
20170601,41.28,41.53,41.16,41.53,32646
20170602,41.67,41.71,41.53,41.61,27019
20170605,41.73,41.73,41.53,41.53,359102
20170606,41.44,41.44,41.31,41.32,40516
20170607,41.49,41.49,41.32,41.39,58331
20170608,41.53,41.54,41.34,41.49,40739
20170609,41.4,41.71,41.34,41.54,24058
20170612,41.52,41.52,41.4,41.46,25974
20170613,41.59,41.77,41.49,41.72,28721
20170614,41.88,41.88,41.61,41.69,31734
20170615,41.71,41.72,41.48,41.68,58492
20170616,41.73,41.73,41.48,41.67,83308
20170619,41.8,42,41.74,41.99,31773
20170620,41.93,41.93,41.66,41.68,46188
20170621,41.67,41.7,41.47,41.54,44011
20170622,41.63,41.63,41.43,41.5,29679
20170623,41.61,41.63,41.47,41.57,25212
20170626,41.67,41.78,41.58,41.68,25314
20170627,41.76,41.76,41.43,41.43,39670
20170628,41.64,41.81,41.56,41.75,89411
20170629,41.68,41.82,41.15,41.42,19024
20170630,41.66,41.67,41.48,41.59,26999
20170703,41.75,41.8,41.65,41.65,6720
20170705,41.76,41.76,41.53,41.67,33773
20170706,41.55,41.55,41.25,41.27,35777
20170707,41.39,41.67,41.39,41.62,37809
20170710,41.67,41.67,41.55,41.58,68289
20170711,41.59,41.59,41.42,41.55,28988
20170712,41.76,41.87,41.72,41.81,30107
20170713,41.8,41.88,41.7,41.86,185396
20170714,41.79,42.07,41.79,42.01,18974
20170717,42.01,42.08,41.9,42,41811
20170718,41.86,41.97,41.86,41.96,43473
20170719,42.07,42.18,42.04,42.18,59287
20170720,42.25,42.25,42.05,42.17,22192
20170721,42.02,42.19,42.02,42.18,28808
20170724,42.25,42.25,42.12,42.19,29859
20170725,42.44,42.44,42.24,42.31,47426
20170726,42.43,42.43,42.17,42.19,27096
20170727,42.29,42.29,41.92,42.08,28165
20170728,42.05,42.08,41.92,42.07,33241
20170731,41.97,42.18,41.97,42.11,40157
20170801,42.15,42.2,42.08,42.18,21576
20170802,42.19,42.19,41.96,42.11,35607
20170803,42.23,42.23,42.03,42.07,21111
20170804,42.06,42.17,42.06,42.11,21767
20170807,42,42.24,42,42.22,29370
20170808,42.13,42.37,42.06,42.07,32421
20170809,42.04,42.04,41.9,42.03,78175
20170810,41.95,41.95,41.44,41.44,33839
20170811,41.55,41.6,41.45,41.51,16571
20170814,41.77,41.96,41.77,41.91,73898
20170815,42.04,42.04,41.81,41.87,68680
20170816,41.98,42.09,41.95,41.99,55993
20170817,41.77,41.94,41.34,41.34,132839
20170818,41.4,41.45,41.14,41.27,22548
20170821,41.35,41.35,41.09,41.31,47486
20170822,41.48,41.72,41.45,41.69,31587
20170823,41.61,41.61,41.5,41.55,49964
20170824,41.7,41.7,41.43,41.47,43760
20170825,41.57,41.7,41.56,41.6,144121
20170828,41.71,41.71,41.49,41.56,39257
20170829,41.4,41.59,41.35,41.53,118582
20170830,41.56,41.81,41.52,41.74,36549
20170831,41.94,42.07,41.88,42.03,54866
20170901,42.19,42.19,42.08,42.12,41701
20170905,42.09,42.09,41.61,41.76,40031
20170906,42.11,42.11,41.76,41.84,71697
20170907,41.91,41.91,41.68,41.77,32104
20170908,41.84,41.98,41.64,41.93,39774
20170911,41.92,42.36,41.92,42.33,32820
20170912,42.51,42.51,42.39,42.5,33331
20170913,42.48,42.49,42.41,42.44,80103
20170914,42.47,42.47,42.34,42.38,44963
20170915,42.45,42.49,42.34,42.48,36973
20170918,42.6,42.65,42.56,42.63,51890
20170919,42.74,42.74,42.58,42.63,99624
20170920,42.7,42.73,42.56,42.73,17435
20170921,42.59,42.69,42.59,42.64,91937
20170922,42.73,42.76,42.61,42.74,32929
20170925,42.74,42.76,42.57,42.73,76139
20170926,42.82,42.84,42.71,42.76,68397
20170927,42.95,43.02,42.71,42.94,50796
20170928,42.94,43,42.83,43,38353
20170929,42.99,43.15,42.99,43.14,48809
20171002,43.28,43.39,43.14,43.39,58195
20171003,43.52,43.52,43.34,43.47,198586
20171004,43.6,43.6,43.42,43.54,30638
20171005,43.6,43.74,43.59,43.7,104705
20171006,43.77,43.77,43.6,43.68,157137
20171009,43.81,43.81,43.53,43.54,112959
20171010,43.56,43.69,43.56,43.67,74413
20171011,43.69,43.73,43.65,43.73,54615
20171012,43.77,43.79,43.67,43.75,80922
20171013,43.91,43.91,43.74,43.74,38686
20171016,43.89,43.89,43.68,43.76,141072
20171017,43.95,43.95,43.67,43.74,94727
20171018,43.85,43.89,43.76,43.84,42382
20171019,43.59,43.94,43.59,43.94,141451
20171020,44.21,44.25,44.07,44.23,53368
20171023,44.35,44.35,44.14,44.16,27710
20171024,44.26,44.29,44.18,44.23,44746
20171025,44.06,44.21,43.74,43.98,38118
20171026,44.21,44.26,44.07,44.21,99102
20171027,44.25,44.3,44.08,44.3,148249
20171030,44.07,44.19,43.97,44.05,47632
20171031,44.14,44.22,44.08,44.15,44077
20171101,44.38,44.38,44.09,44.15,43197
20171102,44.23,44.24,44.04,44.24,34868
20171103,44.3,44.3,44.21,44.28,57864
20171106,44.26,44.34,44.23,44.31,50739
20171107,44.43,44.43,44.17,44.2,37102
20171108,44.27,44.34,44.15,44.3,42859
20171109,44.24,44.24,43.83,44.05,29609
20171110,44.1,44.11,43.96,44.05,54279
20171113,43.86,44.24,43.86,44.2,27224
20171114,43.94,44.26,43.94,44.25,30400
20171115,44.51,44.51,43.84,44.04,59706
20171116,44.1,44.51,44.1,44.41,88569
20171117,44.22,44.45,44.22,44.41,69595
20171120,44.49,44.58,44.46,44.56,29070
20171121,44.77,44.82,44.7,44.79,43975
20171122,44.83,44.83,44.71,44.74,75777
20171124,44.85,44.85,44.74,44.8,26384
20171127,44.85,44.88,44.74,44.85,49136
20171128,44.92,45.41,44.9,45.38,40972
20171129,45.51,45.72,45.48,45.6,54057
20171130,45.64,46.15,45.64,46,128374
20171201,46.1,46.11,45.28,45.83,70450
20171204,46.01,46.29,45.95,45.95,53662
20171205,46.09,46.09,45.66,45.67,56988
20171206,45.7,45.74,45.63,45.64,87886
20171207,45.57,45.9,45.57,45.83,76621
20171208,45.93,46.12,45.93,46.08,37935
20171211,46.26,46.26,46.01,46.05,46486
20171212,46.24,46.24,46.03,46.03,48139
20171213,46.07,46.17,46,46,46990
20171214,46.15,46.15,45.68,45.71,72147
20171215,45.89,46.3,45.89,46.12,62908
20171218,46.48,46.57,46.41,46.47,57033
20171219,46.41,46.66,46.35,46.36,79658
20171220,46.6,46.6,46.32,46.36,76910
20171221,46.59,46.59,46.33,46.36,63341
20171222,46.54,46.54,46.24,46.37,65846
20171226,46.49,46.49,46.32,46.35,30657
20171227,46.45,46.48,46.34,46.37,40212
20171228,46.46,46.55,46.4,46.54,60418
20171229,46.74,46.74,46.36,46.36,112199
20180102,46.48,46.52,46.34,46.49,346500
20180103,46.7,46.77,46.5,46.75,89428
20180104,46.86,47.04,46.86,46.95,107505
20180105,47.19,47.21,47.03,47.21,58764
20180108,47.26,47.38,47.15,47.36,190857
20180109,47.48,47.66,47.21,47.47,262041
20180110,47.49,47.49,47.18,47.32,134079
20180111,47.43,47.73,47.41,47.73,301587
20180112,47.91,48.04,47.7,48.04,62754
20180116,48.29,48.29,47.64,47.75,96157
20180117,47.83,48.32,47.83,48.17,78067
20180118,48.27,48.27,48.09,48.12,45910
20180119,48.35,48.54,48.29,48.54,74007
20180122,48.59,48.76,48.45,48.76,115108
20180123,48.83,48.86,48.67,48.82,67291
20180124,48.78,49.05,48.61,48.83,72881
20180125,49.06,49.06,48.71,48.9,69454
20180126,49.15,49.38,49,49.38,75197
20180129,49.23,49.43,49.03,49.05,132559
20180130,48.97,48.97,48.55,48.64,101587
20180131,48.77,48.84,48.31,48.56,97481
20180201,48.43,48.68,48.33,48.48,34694
20180202,48.39,48.39,47.56,47.58,91274
20180205,47.35,47.61,45.76,45.76,215090
20180206,45.39,46.47,44.66,46.29,133033
20180207,46.39,46.88,46.31,46.4,100301
20180208,46.38,46.38,44.83,44.83,177057
20180209,45.05,45.56,44.04,45.22,125577
20180212,45.67,46.15,45.37,45.82,49615
20180213,45.69,46.09,45.56,46.02,56022
20180214,45.84,46.76,45.84,46.73,57110
20180215,47.03,47.21,46.62,47.16,59537
20180216,46.88,47.57,46.88,47.32,52139
20180220,47.27,47.3,46.83,47.01,55272
20180221,47.1,47.53,46.82,46.82,37554
20180222,47.02,47.18,46.63,46.69,49494
20180223,47.01,47.33,46.85,47.33,70150
20180226,47.6,47.77,47.33,47.71,74544
20180227,47.85,47.97,47.21,47.21,77898
20180228,47.39,47.49,46.8,46.8,77304
20180301,46.79,46.99,45.99,46.25,79448
20180302,46.14,46.61,45.86,46.55,84262
20180305,46.39,47.15,46.25,47.06,134763
20180306,47.25,47.29,46.89,47.26,90617
20180307,46.78,47.35,46.78,47.31,58437
20180308,47.45,47.47,47.18,47.47,69460
20180309,47.67,48.2,47.67,48.2,44266
20180312,48.19,48.33,48.03,48.14,116283
20180313,48.35,48.35,47.86,47.86,25941
20180314,47.93,48.01,47.57,47.62,43168
20180315,47.77,47.79,47.51,47.61,103059
20180316,47.76,47.91,47.7,47.85,76301
20180319,47.71,47.71,47.08,47.31,74619
20180320,47.57,47.57,47.39,47.46,56730
20180321,47.63,47.81,47.45,47.51,77448
20180322,47.47,47.47,46.33,46.35,106841
20180323,46.54,46.54,45.43,45.43,78639
20180326,46.01,46.56,45.72,46.54,125401
20180327,46.65,46.74,45.78,45.95,129944
20180328,46.05,46.14,45.71,45.88,84102
20180329,46.15,46.67,46.07,46.51,88279
20180402,46.54,46.54,45.07,45.45,323871
20180403,45.7,46.13,45.54,45.99,47369
20180404,45.64,46.56,45.52,46.54,140095
20180405,46.81,46.94,46.6,46.84,44743
20180406,46.64,46.64,45.47,45.86,72141
20180409,46.06,46.46,45.81,45.86,107794
20180410,47.16,47.16,46.17,46.46,35629
20180411,46.32,46.47,46.14,46.25,274796
20180412,46.54,46.71,46.41,46.55,43510
20180413,46.89,46.89,46.2,46.37,53364
20180416,46.77,47,46.58,46.91,64012
20180417,47.23,47.32,47.09,47.28,49258
20180418,47.24,47.55,47.24,47.35,104903
20180419,47.09,47.34,46.96,47.12,121306
20180420,47.16,47.17,46.75,46.86,91272
20180423,46.88,47.15,46.76,46.95,49070
20180424,47.25,47.25,46.15,46.44,64321
20180425,46.56,46.71,46.21,46.51,103215
20180426,46.75,46.86,46.47,46.74,37908
20180427,46.84,46.84,46.6,46.75,91472
20180430,46.95,46.95,46.33,46.36,50118
20180501,46.13,46.32,45.84,46.31,85798
20180502,46.32,46.36,45.87,45.93,106771
20180503,45.78,45.94,45.32,45.83,49124
20180504,45.84,46.54,45.61,46.34,39173
20180507,46.25,46.64,46.25,46.48,40129
20180508,46.45,46.69,46.32,46.55,71464
20180509,46.75,46.93,46.5,46.83,46486
20180510,47.1,47.27,46.94,47.15,137642
20180511,47.28,47.41,47.18,47.25,66444
20180514,47.42,47.42,47.13,47.17,70891
20180515,47.07,47.13,46.95,47.08,76288
20180516,47.17,47.42,47.11,47.3,61544
20180517,47.39,47.55,47.25,47.38,53455
20180518,47.39,47.42,47.28,47.37,47751
20180521,47.62,47.76,47.57,47.66,69992
20180522,47.52,47.78,47.42,47.43,94226
20180523,47.35,47.5,47.21,47.5,47032
20180524,47.5,47.57,47.2,47.54,43874
20180525,47.58,47.58,47.34,47.45,54609
20180529,47.13,47.29,46.76,46.98,58852
20180530,47.27,47.72,47.26,47.6,68199
20180531,47.6,47.6,46.99,47.09,56390
20180601,47.39,47.52,47.37,47.43,54361
20180604,47.67,47.68,47.51,47.66,169289
20180605,47.73,47.76,47.56,47.73,46681
20180606,47.73,48.1,47.67,48.1,103722
20180607,48.28,48.28,47.95,48.12,57639
20180608,48.14,48.34,48.05,48.34,68657
20180611,48.4,48.46,48.34,48.38,69149
20180612,48.51,48.52,48.32,48.45,53307
20180613,48.65,48.65,48.25,48.25,85727
20180614,48.47,48.47,48.16,48.34,131169
20180615,48.24,48.4,48.03,48.36,47819
20180618,48.05,48.35,48.05,48.34,34815
20180619,48.08,48.16,47.77,48.1,57849
20180620,48.36,48.39,48.15,48.22,94206
20180621,48.24,48.24,47.83,47.92,63253
20180622,48.22,48.22,47.97,47.97,66566
20180625,47.76,47.76,47.12,47.37,71008
20180626,47.55,47.56,47.32,47.4,46440
20180627,47.58,47.63,46.96,46.96,46191
20180628,47.08,47.18,46.72,47.05,71832
20180629,47.29,47.49,47.19,47.19,126786
20180702,46.77,47.17,46.74,47.15,134976
20180703,47.43,47.44,47.09,47.11,47697
20180705,47.41,47.47,47.14,47.46,61245
20180706,47.6,47.87,47.43,47.81,44534
20180709,47.91,48.23,47.91,48.21,81158
20180710,48.4,48.4,48.11,48.3,75437
20180711,48.19,48.19,47.84,47.95,72548
20180712,48.24,48.24,47.97,48.14,64623
20180713,48.22,48.31,48.12,48.19,81638
20180716,48.27,48.27,48,48.03,83031
20180717,47.89,48.35,47.89,48.3,30641
20180718,48.42,48.53,48.29,48.51,125480
20180719,48.51,48.61,48.26,48.54,76089
20180720,48.57,48.57,48.35,48.45,88848
20180723,48.26,48.51,48.26,48.46,55215
20180724,48.67,48.67,48.16,48.32,129990
20180725,48.22,48.66,48.22,48.65,96696
20180726,48.46,48.88,48.46,48.82,130236
20180727,49,49,48.36,48.54,42858
20180730,48.6,48.6,48.18,48.2,52288
20180731,48.18,48.65,48.18,48.61,91303
20180801,48.57,48.66,48.27,48.39,79618
20180802,48.16,48.67,48.16,48.66,55622
20180803,48.77,48.84,48.63,48.8,53747
20180806,48.88,49.06,48.85,49.01,159227
20180807,49.03,49.29,49.03,49.18,96387
20180808,49.23,49.23,49.01,49.12,44343
20180809,49.22,49.29,49.07,49.1,128620
20180810,49.06,49.06,48.72,48.86,36278
20180813,48.94,48.95,48.53,48.58,107970
20180814,48.82,49.09,48.77,49.03,45227
20180815,48.85,48.85,48.43,48.7,79266
20180816,49,49.28,48.9,49.07,58784
20180817,49.18,49.41,49.09,49.34,57389
20180820,49.58,49.59,49.38,49.55,52477
20180821,49.72,49.88,49.67,49.77,106259
20180822,49.86,49.86,49.6,49.65,128231
20180823,49.7,49.7,49.43,49.49,50055
20180824,49.59,49.78,49.53,49.72,55914
20180827,49.98,50.12,49.87,49.97,163427
20180828,50.18,50.18,49.87,49.95,67265
20180829,50.13,50.18,49.9,50.12,34080
20180830,49.93,50.03,49.73,49.8,89595
20180831,49.62,49.95,49.62,49.95,31468
20180904,49.94,50.02,49.78,49.94,87766
20180905,49.75,50.05,49.75,49.99,71314
20180906,50.1,50.14,49.81,49.94,52425
20180907,49.86,49.97,49.66,49.8,62496
20180910,50.07,50.07,49.92,49.96,43996
20180911,49.73,50.13,49.73,50.02,64049
20180912,50.11,50.11,49.81,49.99,55452
20180913,50.21,50.22,50.03,50.1,69602
20180914,50.27,50.34,50.14,50.3,108059
20180917,50.2,50.4,49.92,49.96,47293
20180918,50.12,50.22,49.88,50.14,69080
20180919,50.23,50.29,50.01,50.05,319746
20180920,50.31,50.38,50.15,50.32,110455
20180921,50.55,50.55,50.32,50.33,51885
20180924,50.26,50.26,49.89,49.99,85358
20180925,50.16,50.16,49.79,49.83,82572
20180926,49.99,49.99,49.55,49.55,88602
20180927,49.7,49.79,49.53,49.54,62357
20180928,49.46,49.7,49.45,49.56,63966
20181001,49.96,49.96,49.37,49.45,104795
20181002,49.58,49.58,49.26,49.36,96973
20181003,49.6,49.64,49.37,49.45,110470
20181004,49.54,49.54,48.86,49.09,39502
20181005,49.19,49.23,48.59,48.83,49626
20181008,48.91,48.91,48.47,48.84,42954
20181009,48.6,48.85,48.52,48.52,34782
20181010,48.61,48.61,47.19,47.19,66308
20181011,47,47.22,46.02,46.2,160270
20181012,46.78,46.85,45.92,46.43,118933
20181015,46.3,46.8,46.3,46.46,292172
20181016,46.76,47.39,46.5,47.39,126688
20181017,47.41,47.41,46.85,47.27,149823
20181018,47.27,47.3,46.5,46.65,170108
20181019,46.93,47,46.43,46.57,64494
20181022,46.7,46.7,46.25,46.31,94196
20181023,45.98,46.13,45.21,45.95,129679
20181024,46.05,46.05,44.64,44.65,69051
20181025,44.59,45.47,44.59,45.18,128866
20181026,44.59,45.06,44.12,44.65,113232
20181029,45.19,45.45,44.14,44.51,123049
20181030,44.61,45.42,44.49,45.42,145388
20181031,45.8,46.12,45.66,45.66,51738
20181101,45.9,46.38,45.78,46.31,67914
20181102,46.68,46.68,45.88,46.22,68334
20181105,46.19,46.55,46.11,46.4,27526
20181106,46.45,46.79,46.44,46.79,94259
20181107,47.12,47.52,46.81,47.51,109976
20181108,47.41,47.57,47.21,47.33,72704
20181109,47.15,47.2,46.76,47.08,59504
20181112,46.85,47.13,46.45,46.45,56540
20181113,46.51,46.91,46.3,46.42,503313
20181114,46.8,46.8,45.77,46.03,68871
20181115,45.7,46.57,45.55,46.47,62373
20181116,46.41,46.81,46.37,46.64,71560
20181119,46.64,46.72,45.91,45.99,151526
20181120,45.53,45.75,45.15,45.27,183429
20181121,45.19,45.93,45.19,45.62,52703
20181123,45.22,45.75,45.22,45.5,11899
20181126,46.04,46.16,45.8,46.12,47390
20181127,45.83,46.03,45.77,45.95,89909
20181128,46.15,46.83,45.85,46.82,460016
20181129,46.61,46.94,46.47,46.64,101057
20181130,46.69,47.03,46.69,46.94,61536
20181203,48,48,47,47.33,53423
20181204,47.36,47.39,45.76,45.82,65438
20181206,45.37,45.54,44.51,45.54,78461
20181207,45.4,45.9,44.52,44.63,82617
20181210,44.49,44.65,43.79,44.47,141826
20181211,44.66,45.12,44.18,44.44,177621
20181212,44.91,45.2,44.72,44.72,141147
20181213,44.8,44.89,44.25,44.36,89280
20181214,43.83,44.33,43.67,43.79,81595
20181217,43.59,43.8,42.71,42.86,180341
20181218,43,43.37,42.65,42.85,396946
20181219,42.82,43.47,42.05,42.27,298605
20181220,41.98,42.31,41.2,41.58,442115
20181221,41.91,42.24,40.8,40.89,249433
20181224,40.65,40.78,39.86,39.86,129595
20181226,40.1,41.57,39.74,41.54,600758
20181227,40.97,41.97,40.55,41.97,427050
20181228,42,42.4,41.7,41.87,428122
20181231,42.04,42.28,41.81,42.28,613888
20190102,41.92,42.33,41.58,42.13,547956
20190103,42.01,42.19,41.97,42.04,97756
20190104,42.23,42.36,42.1,42.32,174931
20190107,42.41,42.5,42.31,42.45,74888
20190108,42.49,42.56,42.41,42.52,128047
20190109,42.54,42.67,42.54,42.61,68086
20190110,42.41,42.7,42.41,42.69,76139
20190111,42.47,42.72,42.47,42.71,146754
20190114,42.49,42.71,42.49,42.66,88493
20190115,42.63,42.74,42.63,42.7,146418
20190116,42.78,42.81,42.71,42.78,145390
20190117,42.61,42.93,42.61,42.87,93812
20190118,42.82,43.08,42.82,43.06,119397
20190122,42.96,42.98,42.86,42.89,69459
20190123,42.98,43.02,42.82,42.95,55880
20190124,42.96,43.02,42.91,43,71530
20190125,43.2,43.2,43.04,43.07,237199
20190128,42.86,43.06,42.86,43.02,146749
20190129,43,43.09,43,43.06,58777
20190130,43.06,43.22,43.02,43.13,89358
20190131,43.08,43.23,43.08,43.22,85749
20190201,43.24,43.31,43.22,43.26,84210
20190204,43.35,43.54,43.15,43.5,143471
20190205,43.51,43.75,43.51,43.69,224254
20190206,43.61,43.74,43.57,43.69,83573
20190207,43.48,43.61,43.26,43.53,51155
20190208,43.36,43.53,43.22,43.49,40349
20190211,43.7,43.72,43.58,43.69,90322
20190212,43.89,44.31,43.89,44.25,56930
20190213,44.3,44.52,44.27,44.42,54199
20190214,44.19,44.46,44.09,44.29,76745
20190215,44.39,44.78,44.39,44.78,57470
20190219,44.74,44.99,44.64,44.89,88878
20190220,44.84,45.1,44.82,45.07,192323
20190221,44.93,45.05,44.82,44.92,55947
20190222,44.95,45.21,44.93,45.2,63691
20190225,45.37,45.52,45.12,45.14,51116
20190226,45.03,45.23,45,45,53705
20190227,44.95,45.11,44.83,45.07,315844
20190228,45.01,45.14,44.96,45,72199
20190301,45.22,45.44,45.04,45.31,63797
20190304,45.38,45.4,44.7,45.03,138336
20190305,45.08,45.08,44.88,44.89,119843
20190306,44.86,44.89,44.52,44.61,111999
20190307,44.52,44.52,44.03,44.18,78446
20190308,43.91,44.11,43.82,44.11,103169
20190311,44.19,44.58,44.19,44.56,48730
20190312,44.62,44.76,44.57,44.63,62827
20190313,44.81,45.07,44.8,44.92,88737
20190314,44.87,44.91,44.7,44.81,93315
20190315,44.88,45.16,44.88,44.97,68269
20190318,45.03,45.24,45.01,45.2,45340
20190319,45.36,45.44,44.93,45.05,171574
20190320,45.02,45.09,44.62,44.73,37275
20190321,44.55,45.33,44.55,45.25,72659
20190322,45.02,45.02,44.29,44.31,41062
20190325,44.33,44.55,44.15,44.35,57694
20190326,44.58,44.81,44.44,44.68,60740
20190327,44.71,44.81,44.35,44.6,69104
20190328,44.66,44.92,44.6,44.87,64115
20190329,45.1,45.23,45.01,45.16,45036
20190401,45.4,45.74,45.4,45.74,129618
20190402,45.72,45.76,45.58,45.66,24908
20190403,45.87,45.98,45.71,45.81,151942
20190404,45.85,45.96,45.75,45.94,52157
20190405,46.03,46.21,46.03,46.18,67703
20190408,46.13,46.25,45.97,46.25,40573
20190409,46.14,46.14,45.85,45.91,86079
20190410,45.95,46.16,45.93,46.1,99658
20190411,46.18,46.28,46.12,46.24,69054
20190412,46.51,46.63,46.45,46.6,47902
20190415,46.66,46.66,46.48,46.53,33793
20190416,46.63,46.75,46.48,46.53,39949
20190417,46.69,46.71,46.27,46.38,23211
20190418,46.39,46.5,46.25,46.44,99009
20190422,46.35,46.4,46.28,46.34,39391
20190423,46.41,46.83,46.41,46.8,61812
20190424,46.79,46.93,46.78,46.83,41058
20190425,46.66,46.69,46.37,46.58,57216
20190426,46.57,46.81,46.54,46.78,37826
20190429,46.88,46.96,46.85,46.87,26389
20190430,46.87,47.03,46.65,47.03,78245
20190501,47.08,47.08,46.54,46.57,32907
20190502,46.43,46.71,46.23,46.53,57253
20190503,46.73,47.06,46.73,47.06,60391
20190506,46.3,46.92,46.3,46.86,139423
20190507,46.47,46.56,45.91,46.14,146393
20190508,46.02,46.28,46.02,46.05,180227
20190509,45.68,46.06,45.43,46.02,85230
20190510,45.79,46.24,45.37,46.12,36825
20190513,45.4,45.44,44.88,45.1,154353
20190514,45.17,45.73,45.17,45.46,143632
20190515,45.17,45.68,45.16,45.61,55483
20190516,45.67,46.16,45.67,45.91,54981
20190517,45.59,46.05,45.59,45.63,30055
20190520,45.34,45.63,45.33,45.43,167568
20190521,45.65,45.96,45.65,45.92,245522
20190522,45.71,45.83,45.63,45.76,145613
20190523,45.33,45.33,44.91,45.14,70888
20190524,45.32,45.45,45.16,45.3,36227
20190528,45.28,45.44,44.85,44.86,28366
20190529,44.63,44.75,44.35,44.63,145944
20190530,44.65,44.96,44.54,44.69,56089
20190531,44.28,44.45,44.18,44.25,38752
20190603,44.27,44.67,44.26,44.41,48469
20190604,44.81,45.5,44.81,45.5,81091
20190605,45.62,45.84,45.45,45.82,42217
20190606,45.84,46.15,45.79,46.1,49059
20190607,46.21,46.57,46.21,46.43,51747
20190610,46.65,46.84,46.55,46.58,28764
20190611,46.85,46.96,46.39,46.43,34089
20190612,46.47,46.59,46.37,46.46,43463
20190613,46.6,46.72,46.49,46.67,61715
20190614,46.69,46.69,46.44,46.56,39949
20190617,46.58,46.59,46.38,46.38,24686
20190618,46.65,47.02,46.64,46.81,42467
20190619,46.83,47.04,46.78,47.01,44381
20190620,47.4,47.41,46.98,47.38,75994
20190621,47.28,47.41,47.14,47.24,31672
20190624,47.17,47.31,47.06,47.07,33973
20190625,47.1,47.1,46.79,46.81,42653
20190626,46.86,46.86,46.65,46.65,34021
20190627,46.66,46.97,46.66,46.97,30962
20190628,47.11,47.43,47.11,47.41,44717
20190701,47.86,47.96,47.51,47.74,137920
20190702,47.64,47.78,47.56,47.71,49042
20190703,47.82,48.14,47.82,48.12,24137
20190705,47.94,48.1,47.72,48.05,24674
20190708,47.87,47.99,47.7,47.78,41051
20190709,47.57,47.79,47.57,47.78,34816
20190710,47.94,48.02,47.77,47.8,32630
20190711,47.86,47.95,47.73,47.95,40748
20190712,48.02,48.29,48.02,48.27,26133
20190715,48.41,48.51,48.14,48.21,27741
20190716,48.18,48.33,48.16,48.2,119415
20190717,48.23,48.23,47.87,47.89,206669
20190718,47.81,48.12,47.79,48.08,81358
20190719,48.23,48.26,47.87,47.87,79699
20190722,47.92,48.01,47.81,47.85,78427
20190723,48.01,48.26,47.95,48.24,194448
20190724,48.18,48.6,48.18,48.59,78413
20190725,48.46,48.56,48.31,48.39,47471
20190726,48.42,48.72,48.42,48.7,31004
20190729,48.72,48.72,48.52,48.55,35652
20190730,48.29,48.53,48.29,48.53,20522
20190731,48.53,48.55,47.71,48.03,128056
20190801,48.07,48.46,47.42,47.51,86028
20190802,47.37,47.37,46.97,47.13,53639
20190805,46.33,46.37,45.41,45.78,160578
20190806,46,46.43,45.84,46.38,51892
20190807,45.99,46.62,45.61,46.52,94984
20190808,46.74,47.41,46.74,47.39,42862
20190809,47.24,47.3,46.86,47.08,49938
20190812,46.83,46.84,46.33,46.43,60835
20190813,46.36,47.28,46.36,47,72324
20190814,46.4,46.41,45.66,45.72,36000
20190815,45.84,45.92,45.53,45.8,77339
20190816,45.99,46.57,45.99,46.51,27593
20190819,47,47.11,46.96,47,49180
20190820,46.9,46.95,46.63,46.65,16781
20190821,46.97,47.07,46.92,47,35301
20190822,47.12,47.24,46.8,47.03,49270
20190823,46.77,47.01,45.7,45.85,54407
20190826,46.23,46.23,45.94,46.22,51360
20190827,46.45,46.47,45.95,46.09,26004
20190828,45.91,46.44,45.84,46.4,66329
20190829,46.89,47.1,46.72,47.01,67069
20190830,47.21,47.23,46.91,47.08,44739
20190903,46.74,46.86,46.46,46.67,54110
20190904,47.06,47.18,46.95,47.17,18756
20190905,47.6,47.97,47.6,47.8,52487
20190906,47.87,48.04,47.83,47.86,71142
20190909,47.92,47.98,47.72,47.9,56518
20190910,47.76,47.9,47.54,47.9,32358
20190911,47.94,48.25,47.87,48.25,37429
20190912,48.42,48.55,48.24,48.36,51527
20190913,48.48,48.59,48.33,48.43,45799
20190916,48.24,48.38,48.23,48.33,23053
20190917,48.24,48.46,48.24,48.44,47544
20190918,48.34,48.46,48.02,48.45,40335
20190919,48.49,48.64,48.32,48.36,43371
20190920,48.5,48.51,48.11,48.12,28390
20190923,47.99,48.29,47.95,48.17,26396
20190924,48.29,48.41,47.71,47.8,52473
20190925,47.81,48.17,47.68,48.11,39362
20190926,48.16,48.16,47.83,47.97,59830
20190927,48.12,48.12,47.53,47.72,38270
20190930,47.85,48.08,47.85,48.01,27245
20191001,48.06,48.22,47.22,47.27,236252
20191002,47.01,47.01,46.28,46.44,41828
20191003,46.35,46.68,45.91,46.68,34031
20191004,46.79,47.31,46.79,47.3,23709
20191007,47.17,47.41,47.09,47.15,17125
20191008,46.59,46.71,46.27,46.27,38239
20191009,46.58,46.84,46.49,46.65,33446
20191010,46.64,47.1,46.64,46.96,34245
20191011,47.46,47.96,47.46,47.6,65921
20191014,47.55,47.56,47.44,47.5,16857
20191015,47.64,47.95,47.63,47.86,30015
20191016,47.75,47.9,47.69,47.73,39596
20191017,47.84,48.07,47.84,47.94,508939
20191018,47.88,48.01,47.78,47.94,25136
20191021,48.18,48.24,48.12,48.2,15683
20191022,48.19,48.31,48.03,48.03,38367
20191023,47.93,48.14,47.93,48.13,39738
20191024,48.23,48.33,48.08,48.31,29613
20191025,48.17,48.56,48.17,48.44,54425
20191028,48.6,48.77,48.6,48.62,33776
20191029,48.56,48.85,48.53,48.72,70002
20191030,48.74,48.78,48.49,48.78,46454
20191031,48.71,48.71,48.3,48.48,31239
20191101,48.74,49.03,48.74,49.02,39935
20191104,49.27,49.27,49.14,49.22,34657
20191105,49.26,49.41,49.23,49.26,17842
20191106,49.25,49.28,49.13,49.28,34086
20191107,49.52,49.62,49.3,49.33,38378
20191108,49.3,49.47,49.27,49.47,34476
20191111,49.15,49.45,49.15,49.4,27298
20191112,49.36,49.62,49.36,49.47,90606
20191113,49.26,49.56,49.26,49.47,84677
20191114,49.44,49.62,49.44,49.61,48334
20191115,49.79,49.89,49.73,49.88,31570
20191118,49.84,49.92,49.77,49.85,22984
20191119,50,50.03,49.78,49.97,34741
20191120,49.83,49.99,49.56,49.78,38536
20191121,49.84,49.84,49.57,49.63,29579
20191122,49.78,49.82,49.63,49.8,30148
20191125,49.93,50.24,49.93,50.23,37260
20191126,50.22,50.43,50.22,50.43,29813
20191127,50.47,50.6,50.45,50.58,38561
20191129,50.56,50.56,50.36,50.38,7391
20191202,50.42,50.42,49.94,49.94,20668
20191203,49.55,49.61,49.3,49.59,36585
20191204,49.79,50.04,49.79,49.9,32491
20191205,49.98,50.05,49.84,50.01,27779
20191206,50.3,50.53,50.3,50.42,21896
20191209,50.37,50.4,50.25,50.25,18590
20191210,50.25,50.31,50.12,50.15,25477
20191211,50.24,50.33,50.15,50.31,39535
20191212,50.32,50.84,50.31,50.77,60323
20191213,50.76,50.95,50.64,50.7,50079
20191216,50.94,51.14,50.94,50.98,52951
20191217,51.05,51.14,51.02,51.09,23936
20191218,51.12,51.14,51,51.05,26436
20191219,51.05,51.22,51.03,51.15,48081
20191220,51.32,51.51,51.32,51.51,86439
20191223,51.58,51.58,51.4,51.4,25170
20191224,51.43,51.49,51.37,51.4,9948
20191226,51.5,51.53,51.41,51.49,15729
20191227,51.55,51.6,51.42,51.5,25016
20191230,51.39,51.46,51.25,51.33,25213
20191231,51.24,51.47,51.24,51.47,26465
20200102,51.61,51.72,51.34,51.62,39326
20200103,51.21,51.46,51.21,51.42,35895
20200106,51.05,51.4,51.05,51.4,84552
20200107,51.33,51.42,51.22,51.32,118556
20200108,51.33,51.72,51.33,51.63,76704
20200109,51.69,51.82,51.67,51.79,31326
20200110,51.86,51.9,51.61,51.67,23733
20200113,51.72,52,51.72,52,45833
20200114,52,52.2,51.97,52.01,40783
20200115,52.25,52.3,52.02,52.12,27971
20200116,52.33,52.62,52.33,52.61,30187
20200117,52.66,52.76,52.66,52.73,40319
20200121,52.53,52.7,52.52,52.54,38559
20200122,52.69,52.85,52.56,52.6,38510
20200123,52.43,52.71,52.21,52.71,63640
20200124,52.75,52.75,51.96,52.18,100270
20200127,51.31,51.67,51.27,51.49,57239
20200128,51.66,52.08,51.61,51.92,45723
20200129,51.99,52.07,51.83,51.85,28311
20200130,51.4,51.96,51.31,51.96,34238
20200131,51.74,51.74,50.94,51.01,35297
20200203,51.17,51.59,51.17,51.32,42445
20200204,51.87,52.18,51.87,51.96,27587
20200205,52.37,52.6,52.33,52.57,27643
20200206,52.72,52.72,52.53,52.55,43124
20200207,52.34,52.34,52.05,52.11,18640
20200210,51.99,52.3,51.99,52.3,15195
20200211,52.51,52.77,52.51,52.62,27188
20200212,52.79,52.95,52.79,52.91,24044
20200213,52.61,53.07,52.61,52.97,31040
20200214,53.09,53.09,52.89,53.02,34670
20200218,52.8,52.99,52.7,52.85,36088
20200219,53.02,53.18,53.02,53.09,32688
20200220,52.95,53.2,52.7,53.02,29836
20200221,52.74,52.74,52.42,52.51,34703
20200224,51.05,51.35,50.82,51.05,41065
20200225,51.25,51.25,49.33,49.38,136671
20200226,49.56,50.06,48.95,48.95,48447
20200227,48.03,48.82,47.38,47.64,86510
20200228,45.74,46.42,45.16,46.37,333606
20200302,46.39,48.1,46.1,48.1,444669
20200303,48.11,48.29,47.8,47.92,41798
20200304,48.05,48.35,47.9,48.35,38602
20200305,47.86,48.1,47.71,48,83178
20200306,47.37,47.76,47.37,47.64,73672
20200309,46.77,48.27,46.72,46.81,60400
20200310,47.18,47.21,46.13,47.2,97259
20200311,46.89,46.99,46.54,46.69,80725
20200312,45.81,46.21,45.33,45.64,94423
20200313,46.26,46.3,45.55,46.3,174685
20200316,42.22,45.78,42.22,45.06,171670
20200317,45.33,45.69,45,45.69,76456
20200318,45,45.3,44.41,45.08,149633
20200319,44.87,45.2,44.58,45.08,117603
20200320,45.13,45.26,44.59,44.65,100507
20200323,44.6,44.73,44.15,44.3,147482
20200324,44.78,45.16,44.59,45.11,96160
20200325,45.14,45.74,45.05,45.37,96391
20200326,45.47,46.02,45.47,45.98,297292
20200327,45.67,45.99,45.59,45.72,234319
20200330,45.82,46,45.67,45.99,69344
20200331,45.88,45.98,45.75,45.76,111893
20200401,45.4,45.48,45.19,45.23,157578
20200402,45.01,45.98,45.01,45.7,92425
20200403,45.63,45.78,45.02,45.18,105557
20200406,46.12,46.89,46.12,46.89,99456
20200407,47.87,47.9,47.05,47.11,51088
20200408,47.27,48.05,47.13,47.99,60623
20200409,48.46,48.85,48.3,48.52,49478
20200413,48.52,48.52,47.71,47.92,50655
20200414,48.32,48.71,48.32,48.57,76164
20200415,47.9,48.03,47.75,47.83,38544
20200416,47.97,47.97,47.61,47.91,72082
20200417,48.51,48.74,48.39,48.74,57738
20200420,48.3,48.69,48.21,48.31,62644
20200421,47.8,47.91,47.47,47.57,81613
20200422,48.03,48.14,47.8,48.03,41495
20200423,48.16,48.43,48,48.06,31130
20200424,48.25,48.48,48.01,48.4,66962
20200427,48.57,49.14,48.56,49.09,19021
20200428,49.5,49.62,49.09,49.19,37757
20200429,49.86,50.09,49.73,49.94,45361
20200430,49.63,49.63,49.23,49.33,26943
20200501,48.85,48.85,48.41,48.5,34270
20200504,48.23,48.6,48.23,48.55,35900
20200505,48.85,49.09,48.78,48.85,17135
20200506,49.02,49.06,48.61,48.61,21032
20200507,48.95,49.21,48.89,48.89,28136
20200508,49.27,49.5,49.27,49.5,38161
20200511,49.29,49.53,49.17,49.38,32139
20200512,49.47,49.47,48.78,48.78,20686
20200513,48.71,48.71,47.9,48.07,41190
20200514,47.78,48.37,47.55,48.36,17226
20200515,48.24,48.53,48.24,48.47,23507
20200518,49.35,49.66,49.2,49.55,34615
20200519,49.51,49.64,49.37,49.38,19593
20200520,49.58,49.81,49.47,49.64,33719
20200521,49.78,49.78,49.41,49.55,23183
20200522,49.44,49.62,49.35,49.61,28985
20200526,50.21,50.42,50.19,50.22,30531
20200527,50.61,50.8,50.32,50.8,19975
20200528,50.87,51.09,50.71,50.73,19602
20200529,50.7,50.86,50.5,50.79,15928
20200601,50.87,51.13,50.87,51,16077
20200602,51.15,51.28,51.08,51.27,21832
20200603,51.43,51.9,51.43,51.84,104412
20200604,51.7,51.91,51.61,51.81,19006
20200605,52.67,52.83,52.51,52.59,27014
20200608,52.67,52.98,52.67,52.98,50297
20200609,52.7,52.7,52.39,52.43,24391
20200610,52.16,52.37,51.99,52.04,17653
20200611,51.22,51.22,50.27,50.3,64787
20200612,51.06,51.06,50.15,50.54,28121
20200615,50.13,50.97,49.86,50.96,23729
20200616,51.75,51.78,51.32,51.33,22080
20200617,51.48,51.52,51.27,51.28,88652
20200618,51.14,51.38,51.12,51.26,10427
20200619,51.66,51.66,50.97,51.06,37134
20200622,51.08,51.2,50.84,51.12,41838
20200623,51.39,51.39,51.13,51.15,27062
20200624,50.97,50.97,50.2,50.31,49744
20200625,50.3,50.6,50.16,50.59,12078
20200626,50.54,50.54,50.02,50.13,103167
20200629,50.35,50.55,50.12,50.55,10675
20200630,50.5,51.02,50.5,50.93,32378
20200701,51.09,51.09,50.81,50.89,20144
20200702,51.31,51.41,51.02,51.02,18235
20200706,51.46,51.46,51.27,51.33,17424
20200707,51.22,51.28,50.98,51,79175
20200708,51.01,51.17,50.91,51.12,26233
20200709,51.1,51.1,50.53,50.8,14959
20200710,50.9,51.14,50.76,51.14,20574
20200713,51.3,51.54,50.94,50.94,23404
20200714,50.87,51.41,50.87,51.4,13769
20200715,51.71,51.99,51.7,51.96,41003
20200716,51.9,52.03,51.76,51.96,25837
20200717,52.03,52.18,51.93,52.13,37116
20200720,52.04,52.13,52,52.09,50791
20200721,52.26,52.42,52.26,52.29,17415
20200722,52.2,52.55,52.2,52.54,18819
20200723,52.5,52.76,52.38,52.47,26708
20200724,52.32,52.38,52.19,52.26,14331
20200727,52.32,52.43,52.2,52.42,15864
20200728,52.39,52.39,52.18,52.18,32234
20200729,52.33,52.68,52.33,52.66,17410
20200730,52.33,52.48,52.16,52.44,26808
20200731,52.33,52.42,52.04,52.42,28665
20200803,52.44,52.68,52.44,52.61,132122
20200804,52.52,52.76,52.49,52.7,28705
20200805,52.99,53.14,52.99,53.13,17901
20200806,53,53.19,52.9,53.19,30938
20200807,53.04,53.61,53.04,53.61,65302
20200810,53.69,53.95,53.69,53.9,16426
20200811,54.2,54.42,53.7,53.77,37651
20200812,54.05,54.31,54.05,54.19,16999
20200813,54.07,54.24,53.96,54.08,18082
20200814,53.88,54.24,53.82,54.07,21792
20200817,54.18,54.32,54.12,54.2,46124
20200818,54.1,54.18,53.92,53.97,16671
20200819,54.09,54.13,53.76,53.81,45411
20200820,53.56,53.69,53.39,53.56,22832
20200821,53.48,53.58,53.37,53.58,28211
20200824,53.84,54.19,53.82,54.19,12466
20200825,54.33,54.33,53.97,54.19,24525
20200826,54.06,54.3,53.98,54.2,19625
20200827,54.35,54.69,54.33,54.47,29993
20200828,54.64,54.78,54.38,54.74,22616
20200831,54.72,54.72,54.45,54.46,34283
20200901,54.54,54.83,54.41,54.83,48418
20200902,54.94,55.87,54.94,55.75,19748
20200903,55.59,55.69,53.87,54.22,26305
20200904,54.53,54.63,53.28,53.91,88992
20200908,53.42,53.42,52.74,52.76,21816
20200909,53.19,53.93,53.19,53.58,21557
20200910,53.66,53.93,52.85,53.05,21831
20200911,53.06,53.3,52.64,53.06,16793
20200914,53.42,54.05,53.42,53.89,45140
20200915,54.1,54.26,53.95,54.02,13277
20200916,54.14,54.65,54.14,54.14,27823
20200917,53.41,54.01,53.41,53.82,14961
20200918,53.9,53.96,53.16,53.31,14851
20200921,52.65,52.65,51.81,52.38,24453
20200922,52.62,52.83,52.19,52.78,15408
20200923,52.88,52.98,51.75,51.75,11553
20200924,51.67,52.24,51.23,51.74,18838
20200925,51.42,52.61,51.42,52.49,21467
20200928,53.01,53.5,53.01,53.28,25962
20200929,53.26,53.55,53.14,53.16,18281
20200930,53.29,53.93,53.18,53.58,69900
20201001,53.96,53.96,53.5,53.71,21441
20201002,53.09,53.92,53.09,53.7,24369
20201005,54.05,54.74,54.05,54.68,48872
20201006,54.88,55.33,54.2,54.34,13717
20201007,54.68,55.31,54.68,55.23,12988
20201008,55.44,55.82,55.44,55.79,23454
20201009,56.1,56.32,56.02,56.12,21311
20201012,56.33,56.7,56.3,56.58,12645
20201013,56.53,56.59,56.19,56.38,17000
20201014,56.53,56.65,56.11,56.2,13960
20201015,55.57,56.39,55.57,56.33,19853
20201016,56.55,56.73,56.37,56.37,16226
20201019,56.58,56.67,55.51,55.51,11354
20201020,55.82,56.37,55.78,55.85,19420
20201021,55.71,56.05,55.58,55.58,11089
20201022,55.56,56.05,55.41,56.01,22168
20201023,56.28,56.34,55.97,56.26,14084
20201026,55.69,55.69,54.82,55.22,52613
20201027,55.37,55.37,54.76,54.78,23695
20201028,53.84,54.14,53.18,53.18,31492
20201029,53.12,53.97,52.93,53.59,17802
20201030,53.41,53.45,52.76,53.23,32684
20201102,53.82,54.28,53.68,54.14,63638
20201103,54.67,55.53,54.66,55.26,43214
20201104,55.54,56.44,55.34,55.78,28172
20201105,56.51,57.13,56.5,56.91,21750
20201106,56.94,57.02,56.81,56.94,13493
20201109,59.04,59.56,57.56,57.56,67800
20201110,57.58,57.98,57.3,57.83,24455
20201111,58.2,58.21,57.89,58.09,23157
20201112,57.75,57.94,57.16,57.38,20486
20201113,57.75,58.39,57.75,58.37,128876
20201116,58.92,59.13,58.73,59.07,103460
20201117,58.66,59.07,58.43,58.9,92584
20201118,59.03,59.11,58.32,58.35,73485
20201119,58.15,58.57,58.08,58.57,32549
20201120,58.62,58.63,58.38,58.38,39966
20201123,58.7,58.95,58.53,58.82,56772
20201124,59.26,59.62,59.26,59.53,32566
20201125,59.44,59.44,59.1,59.32,18173
20201127,59.47,59.56,59.41,59.48,3361
20201130,59.48,59.48,58.9,59.25,15271
20201201,59.7,59.93,59.67,59.78,31811
20201202,59.68,59.68,59.4,59.64,16150
20201203,59.76,59.99,59.67,59.69,28703
20201204,59.83,60.43,59.83,60.43,15967
20201207,60.42,60.42,60.11,60.3,21489
20201208,60.02,60.5,60.02,60.49,22553
20201209,60.69,60.69,59.98,60.28,16998
20201210,60.01,60.22,59.84,60.19,23352
20201211,60,60.2,59.7,60.04,17047
20201214,60.29,60.8,59.9,59.9,25762
20201215,60.24,60.71,60.18,60.65,17826
20201216,60.73,60.76,60.47,60.64,18998
20201217,60.75,61.14,60.75,61.12,17754
20201218,61.25,61.26,60.8,61.16,28402
20201221,60.45,60.88,59.98,60.83,32441
20201222,60.9,60.91,60.7,60.8,29884
20201223,60.91,61.24,60.91,61.03,17591
20201224,61.07,61.17,60.89,61.17,7859
20201228,61.55,61.55,61.13,61.18,23901
20201229,61.28,61.28,60.69,60.9,18499
20201230,61.05,61.37,61.05,61.22,17327
20201231,61.24,61.64,60.99,61.63,24757
20210104,61.8,61.8,60.23,60.63,29462
20210105,60.54,61.28,60.54,61.14,134836
20210106,61.23,62.78,61.23,62.4,21753
20210107,62.86,63.25,62.8,63.15,36161
20210108,63.39,63.5,62.72,63.36,24655
20210111,62.86,63.45,62.86,63.26,19518
20210112,63.37,63.64,63.26,63.55,57058
20210113,63.47,63.49,63.22,63.27,29356
20210114,63.23,63.6,63.23,63.31,35524
20210115,62.94,63.09,62.52,62.89,52330
20210119,63.73,63.73,63.13,63.29,56866
20210120,63.52,63.76,63.36,63.75,43376
20210121,63.83,63.83,63.41,63.49,108871
20210122,63.16,63.38,62.96,63.25,35406
20210125,63.17,63.54,62.74,63.23,32004
20210126,63.39,63.39,62.86,62.9,23959
20210127,62.12,62.15,61.23,61.27,19046
20210128,61.62,62.27,61.6,61.83,312273
20210129,61.65,61.73,60.51,60.75,33874
20210201,61.29,61.81,61.04,61.62,20201
20210202,62.07,62.79,62.07,62.59,35292
20210203,62.61,62.62,62.24,62.48,43239
20210204,62.6,63.16,62.6,63.16,32022
20210205,63.64,63.64,63.4,63.55,33455
20210208,63.85,64.16,63.85,64.16,57182
20210209,64.02,64.34,63.88,64.25,21907
20210210,64.46,64.54,63.98,64.25,18643
20210211,64.33,64.54,63.98,64.39,63376
20210212,64.31,64.86,64.31,64.81,17211
20210216,65.05,65.05,64.54,64.62,31038
20210217,64.44,64.51,64.04,64.49,44311
20210218,64.26,64.36,63.86,64.21,17899
20210219,64.46,64.67,64.43,64.43,84662
20210222,64.13,64.32,63.97,63.97,14803
20210223,63.67,64.14,63.21,64.02,17120
20210224,63.97,64.85,63.76,64.75,72072
20210225,64.52,64.72,63.07,63.31,27807
20210226,63.38,63.65,62.68,63.02,40350
20210301,63.63,64.72,63.63,64.38,30768
20210302,64.43,64.43,63.92,64.03,80186
20210303,63.98,63.98,63.28,63.28,38419
20210304,63.32,63.32,61.43,62.14,48329
20210305,62.76,63.54,61.58,63.5,19689
20210308,63.59,64.48,63.53,63.86,22953
20210309,64.21,64.65,64.11,64.11,38458
20210310,64.38,64.93,64.38,64.67,27158
20210311,64.98,65.52,64.96,65.27,65714
20210312,65.06,65.63,65.06,65.63,19438
20210315,65.77,66.33,65.5,66.33,22401
20210316,66.3,66.3,65.79,65.9,47016
20210317,65.62,66.08,65.55,65.92,11566
20210318,65.85,66.25,65.24,65.37,29009
20210319,65.21,65.71,65,65.39,17490
20210322,65.38,65.77,65.33,65.6,13221
20210323,65.5,65.51,64.75,64.93,15658
20210324,65.13,65.5,64.81,64.81,8326
20210325,64.43,65.56,64.26,65.42,15776
20210326,65.73,66.7,65.64,66.65,52674
20210329,66.28,66.65,66.2,66.46,17239
20210330,66.28,66.52,66.23,66.37,32596
20210331,66.49,66.8,66.45,66.46,28855
20210401,66.64,67.09,66.57,67.08,24676
20210405,67.53,67.91,67.53,67.85,22329
20210406,67.76,68.01,67.71,67.84,147325
20210407,67.96,67.96,67.44,67.55,22155
20210408,67.67,67.81,67.49,67.76,34033
20210409,68.02,68.21,67.8,68.21,11123
20210412,68.26,68.44,68.22,68.39,676060
20210413,68.38,68.46,68.14,68.38,111103
20210414,68.3,68.66,68.3,68.44,27925
20210415,68.47,69.14,68.47,69.12,53965
20210416,69.44,69.64,69.32,69.53,39291
20210419,69.48,69.48,69.04,69.15,447648
20210420,68.99,69.17,68.64,68.85,79318
20210421,68.84,69.66,68.84,69.58,30521
20210422,69.73,69.83,69.14,69.26,54033
20210423,69.33,70.15,69.33,69.97,14761
20210426,70.12,70.18,69.91,69.97,27671
20210427,70.06,70.1,69.9,70.07,12826
20210428,70.13,70.13,69.82,69.9,72327
20210429,70.15,70.41,69.9,70.41,43509
20210430,70.03,70.1,69.7,69.84,19123
20210503,70.11,70.46,70.09,70.18,44785
20210504,69.92,70.13,69.67,70.13,43320
20210505,70.3,70.39,69.81,70.22,19709
20210506,70.25,70.65,69.96,70.65,36911
20210507,70.63,71.21,70.63,71.16,12450
20210510,71.35,71.66,70.91,70.91,19929
20210511,70,70.48,69.64,70.11,52532
20210512,69.84,69.84,68.52,68.58,28928
20210513,68.64,69.87,68.64,69.6,30908
20210514,70.04,70.59,70.04,70.47,22754
20210517,70.33,70.34,69.87,70.15,16686
20210518,70.3,70.3,69.66,69.66,19420
20210519,68.72,69.21,68.42,69.21,21509
20210520,69.31,70.08,69.31,69.85,21886
20210521,70.12,70.42,69.87,69.95,15291
20210524,70.44,70.51,70.27,70.33,161826
20210525,70.55,70.55,70.03,70.03,26089
20210526,70.15,70.23,70.02,70.15,19117
20210527,70.38,70.52,70.31,70.39,17901
20210528,70.6,70.65,70.5,70.55,12766
20210601,70.96,70.96,70.38,70.45,159453
20210602,70.54,70.54,70.32,70.39,17433
20210603,70.09,70.44,69.87,70.33,12498
20210604,70.53,70.9,70.49,70.77,20561
20210607,70.84,70.84,70.4,70.53,33892
20210608,70.63,70.72,70.21,70.63,22041
20210609,70.73,70.73,70.38,70.38,18060
20210610,70.6,70.76,70.39,70.55,25796
20210611,70.67,70.79,70.49,70.79,19239
20210614,70.76,70.76,70.3,70.5,15693
20210615,70.75,70.75,70.38,70.64,23891
20210616,70.63,70.63,69.88,70.11,21736
20210617,70.01,70.16,69.43,69.65,16523
20210618,69.11,69.11,68.64,68.64,15175
20210621,69.07,69.76,69.07,69.76,18890
20210622,69.72,70.09,69.53,69.96,12771
20210623,70.09,70.09,69.77,69.79,28114
20210624,70.04,70.29,69.99,70.2,16606
20210625,70.3,70.82,70.3,70.81,13555
20210628,70.85,70.85,70.52,70.72,22597
20210629,70.92,70.99,70.7,70.74,19904
20210630,70.62,70.79,70.61,70.74,20302
20210701,70.89,71.24,70.83,71.16,23914
20210702,71.31,71.49,71.21,71.46,11871
20210706,71.43,71.43,70.56,71.09,9906
20210707,71.09,71.56,71.06,71.52,31446
20210708,70.64,71.09,70.45,70.74,45074
20210709,71.01,71.7,71.01,71.65,20993
20210712,71.54,71.83,71.51,71.8,27848
20210713,71.56,71.65,71.22,71.22,16644
20210714,71.46,71.53,71.06,71.24,15119
20210715,70.94,71.24,70.92,71.24,23656
20210716,71.5,71.5,70.87,70.89,17718
20210719,70.06,70.22,69.46,69.84,48340
20210720,70.19,71.28,70.17,71.08,13201
20210721,71.27,71.62,71.27,71.48,23672
20210722,71.5,71.5,71.24,71.47,10209
20210723,71.72,72.18,71.64,72.17,10430
20210726,71.99,72.13,71.91,72.11,7429
20210727,71.9,72.12,71.74,72.12,13034
20210728,72.07,72.21,71.81,72.08,14108
20210729,72.29,72.77,72.29,72.64,17063
20210730,72.32,72.78,72.32,72.52,17545
20210802,72.92,72.97,72.48,72.48,10832
20210803,72.73,73.04,72.41,73,15213
20210804,72.8,72.99,72.6,72.63,13936
20210805,72.7,72.94,72.63,72.88,14956
20210806,72.98,73.22,72.96,73.06,26593
20210809,73.14,73.16,72.94,73.05,10519
20210810,73.21,73.44,73.05,73.25,22425
20210811,73.49,73.68,73.39,73.64,18904
20210812,73.51,73.69,73.45,73.69,22611
20210813,73.68,73.8,73.67,73.8,27506
20210816,73.56,74.06,73.56,74.06,23151
20210817,73.64,73.64,73.15,73.57,17607
20210818,73.27,73.6,72.8,72.8,14719
20210819,72.2,72.98,72.2,72.81,12007
20210820,72.95,73.39,72.83,73.29,33171
20210823,73.56,73.81,73.56,73.65,27303
20210824,73.89,73.93,73.72,73.82,16339
20210825,73.91,74.26,73.79,74.14,21734
20210826,74.16,74.16,73.67,73.67,25379
20210827,73.91,74.36,73.77,74.29,25275
20210830,74.53,74.55,74.25,74.33,29692
20210831,74.21,74.33,74.1,74.25,16606
20210901,74.43,74.43,74.02,74.3,26639
20210902,74.41,74.7,74.41,74.7,22304
20210903,74.59,74.68,74.46,74.49,19012
20210907,73.96,73.99,73.69,73.69,19854
20210908,73.48,73.89,73.48,73.88,21297
20210909,73.97,74.13,73.62,73.62,22792
20210910,73.8,73.8,73.2,73.2,30233
20210913,73.51,73.51,72.93,73.18,26049
20210914,73.44,73.44,72.62,72.7,22452
20210915,72.8,73.38,72.6,73.24,8240
20210916,73.18,73.29,72.83,73.13,9995
20210917,73.06,73.13,72.48,72.57,22523
20210920,71.43,71.7,70.77,71.42,33808
20210921,71.85,71.92,71.31,71.35,41678
20210922,71.85,72.19,71.62,71.96,133600
20210923,72.35,73.16,72.27,72.79,28105
20210924,72.49,72.95,72.49,72.82,17951
20210927,72.91,73.08,72.72,72.77,20841
20210928,72.4,72.46,71.5,71.58,35629
20210929,71.7,72.13,71.7,71.82,15808
20210930,72.09,72.09,70.74,70.74,20305
20211001,70.75,71.56,70.45,71.56,10921
20211004,71.22,71.53,70.65,70.83,14736
20211005,70.99,71.82,70.93,71.46,17704
20211006,70.84,71.65,70.64,71.65,22398
20211007,72.13,72.8,72.13,72.33,24793
20211008,72.47,72.47,72.13,72.15,16642
20211011,72.19,72.52,71.63,71.63,16114
20211012,71.78,71.99,71.46,71.61,12442
20211013,71.81,71.94,71.28,71.82,10894
20211014,72.34,73.12,72.34,73.12,43218
20211015,73.54,73.72,73.4,73.41,15272
20211018,73.04,73.53,73.04,73.43,6465
20211019,73.66,73.99,73.6,73.98,25968
20211020,74.26,74.6,74.23,74.55,21431
20211021,74.46,74.81,74.35,74.81,29154
20211022,74.89,75.24,74.81,75.09,9844
20211025,75.24,75.35,74.9,75.15,64590
20211026,75.37,75.37,75,75.02,19466
20211027,75.12,75.12,74,74.02,18977
20211028,74.14,74.77,74.14,74.77,12635
20211029,74.49,74.87,74.49,74.74,50176
20211101,75,75.11,74.84,75.02,9604
20211102,75.53,75.53,75.13,75.4,40375
20211103,75.1,75.76,75.1,75.71,17382
20211104,75.92,75.92,75.48,75.68,39044
20211105,76.2,76.33,75.73,75.97,12769
20211108,76.15,76.15,75.85,76.06,19376
20211109,76.1,76.17,75.91,76.17,22892
20211110,76.05,76.21,75.67,75.83,25044
20211111,75.98,75.98,75.77,75.88,12559
20211112,76.11,76.36,75.97,76.36,12883
20211115,76.64,76.64,76.31,76.42,10611
20211116,76.5,76.94,76.5,76.63,94754
20211117,76.63,76.63,76.17,76.27,9115
20211118,76.36,76.36,75.76,76.01,11466
20211119,75.93,76.13,75.77,75.78,22650
20211122,75.88,76.4,75.79,75.82,19702
20211123,75.74,76.02,75.46,75.99,8798
20211124,75.78,76.05,75.67,76.02,20196
20211126,74.83,75.07,74.34,74.46,26030
20211129,75.1,75.38,74.63,75,15728
20211130,74.54,74.54,73.06,73.06,72280
20211201,74.02,74.53,72.41,72.41,26800
20211202,72.5,74.15,72.5,73.91,16432
20211203,74.14,74.14,73.13,73.62,44265
20211206,74.24,74.89,74.24,74.5,10569
20211207,75.24,75.87,75.21,75.56,21402
20211208,75.74,75.91,75.51,75.82,20838
20211209,75.69,75.77,75.38,75.38,20544
20211210,75.79,75.8,75.33,75.8,17662
20211213,75.8,75.8,75.28,75.76,11909
20211214,75.05,75.47,74.8,75.06,11421
20211215,75.21,75.93,74.84,75.87,34998
20211216,76.42,76.5,75.69,75.97,26167
20211217,75.56,75.88,75.02,75.21,17227
20211220,74.27,74.27,73.45,74.15,20121
20211221,74.64,75.35,74.62,75.35,25304
20211222,75.34,75.9,75.34,75.9,12343
20211223,76.17,76.66,76.17,76.42,13846
20211227,76.71,77.38,76.58,77.38,32429
20211228,77.47,77.69,77.37,77.5,23009
20211229,77.64,77.87,77.61,77.75,76465
20211230,77.84,78.1,77.58,77.63,16527
20211231,77.46,77.9,77.46,77.67,29947
20220103,77.75,77.75,76.91,77.31,22470
20220104,77.45,77.93,77.45,77.79,20964
20220105,77.99,78.03,76.57,76.57,18654
20220106,76.68,77.12,76.45,76.69,20537
20220107,76.44,76.67,76.36,76.36,24063
20220110,75.97,75.97,75.11,75.91,26958
20220111,75.82,76.55,75.47,76.55,12642
20220112,76.79,76.9,76.47,76.69,15032
20220113,76.9,77.01,76.09,76.13,50485
20220114,75.8,75.89,75.13,75.89,15658
20220118,75.18,75.18,74.52,74.7,19000
20220119,74.77,75.13,74.07,74.07,24179
20220120,74.28,75.02,73.19,73.31,55365
20220121,73.14,73.44,72.25,72.34,21621
20220124,71.25,72.86,70.21,72.76,93948
20220125,71.85,72.61,70.75,71.8,37879
20220126,72.37,72.88,70.69,71.25,21915
20220127,71.91,72.55,70.73,71.02,17476
20220128,70.58,72.21,70.32,72.19,64370
20220131,71.96,73.4,71.96,73.36,30181
20220201,73.42,73.85,73,73.8,41109
20220202,73.76,74.49,73.69,74.49,55868
20220203,73.71,74.09,73.31,73.38,27297
20220204,73.12,73.61,72.63,73.26,11740
20220207,73.27,73.65,73.05,73.18,14993
20220208,73.18,73.96,73.04,73.83,21211
20220209,74.52,74.98,74.52,74.88,37967
20220210,74.12,74.93,73.31,73.65,39014
20220211,73.64,74.01,72.61,72.67,25182
20220214,72.63,72.78,71.77,72.2,25171
20220215,73.28,73.28,72.87,73.14,30217
20220216,72.79,73.38,72.7154,73.28,23956
20220217,72.79,72.7992,71.86,71.915,43051
20220218,71.78,72.34,71.53,71.75,24572
