Date,Open,High,Low,Close,Volume
20110322,23.23,23.25,22.98,23.1,225193
20110323,23.16,23.3,22.98,23.26,124757
20110324,23.36,23.53,23.22,23.47,357836
20110325,23.57,23.74,23.52,23.58,155054
20110328,23.69,23.76,23.58,23.58,122796
20110329,23.68,23.83,23.51,23.81,181422
20110330,23.99,24.02,23.84,23.95,153688
20110331,24.07,24.13,23.93,24.05,120653
20110401,24.19,24.35,24.09,24.21,158934
20110404,24.37,24.44,24.22,24.26,154392
20110405,24.19,24.29,24.06,24.19,98929
20110406,24.39,24.39,24.06,24.23,55602
20110407,24.36,24.36,24.13,24.2,79354
20110408,24.56,24.57,24.34,24.39,102123
20110411,24.38,24.61,24.3,24.38,340944
20110412,24.26,24.26,23.95,24.09,110772
20110413,24.38,24.38,24,24.14,59726
20110414,24.13,24.46,24.13,24.45,95624
20110415,24.47,24.47,24.27,24.38,76776
20110418,24.25,24.25,23.95,24.06,45454
20110419,24.05,24.27,24.05,24.24,60855
20110420,24.66,24.7,24.53,24.68,149487
20110421,24.78,24.78,24.54,24.61,224128
20110425,24.71,24.71,24.32,24.53,147920
20110426,24.67,24.77,24.52,24.74,93310
20110427,24.79,24.79,24.46,24.67,65279
20110428,24.75,24.75,24.48,24.67,33198
20110429,24.66,24.79,24.56,24.71,54448
20110502,24.71,24.89,24.53,24.56,69114
20110503,24.47,24.56,24.17,24.29,61466
20110504,24.31,24.32,23.92,24.04,52454
20110505,23.84,24,23.73,23.8,82555
20110506,24.06,24.29,23.91,24,22197
20110509,23.93,24.29,23.93,24.25,57311
20110510,24.34,24.45,24.28,24.42,84590
20110511,24.54,24.54,23.99,24.12,54434
20110512,23.99,24.24,23.81,24.14,30448
20110513,24.02,24.19,23.72,23.75,82110
20110516,23.71,23.91,23.65,23.72,30932
20110517,23.67,23.68,23.44,23.68,61212
20110518,23.89,24.11,23.75,24.1,30120
20110519,24.12,24.13,23.92,24.09,27566
20110520,23.85,23.94,23.65,23.85,15116
20110523,23.38,23.45,23.22,23.39,40613
20110524,23.4,23.5,23.31,23.46,19445
20110525,23.31,23.53,23.19,23.45,28433
20110526,23.33,23.68,23.33,23.68,17152
20110527,23.73,23.78,23.67,23.73,21087
20110531,23.87,23.95,23.82,23.95,12856
20110601,23.96,24.06,23.6,23.61,49958
20110602,23.78,23.78,23.5,23.71,9483
20110603,23.53,23.67,23.44,23.54,36374
20110606,23.48,23.48,23.03,23.03,347384
20110607,23.06,23.33,23.06,23.2,46715
20110608,23.1,23.11,22.92,23,28829
20110609,22.99,23.19,22.9,23.15,40176
20110610,23.04,23.04,22.56,22.56,37891
20110613,22.78,22.86,22.61,22.67,93243
20110614,22.94,23.28,22.94,23.25,20225
20110615,23.05,23.05,22.67,22.73,76860
20110616,22.63,22.82,22.41,22.64,67322
20110617,22.97,23.01,22.81,22.89,32247
20110620,22.83,23.02,22.81,22.95,20680
20110621,23.06,23.29,23.04,23.29,41246
20110622,23.06,23.38,23.06,23.12,42293
20110623,22.72,23.01,22.69,23,33717
20110624,23.05,23.14,22.9,22.95,24605
20110627,23.02,23.03,22.83,23,21874
20110628,23.05,23.15,23,23.12,14148
20110629,23.3,23.46,23.28,23.41,25323
20110630,23.58,23.66,23.5,23.62,60802
20110701,23.47,24.02,23.47,24.01,128698
20110705,23.77,23.9,23.61,23.84,34721
20110706,23.83,23.84,23.65,23.79,23452
20110707,23.88,24.03,23.88,24.03,17878
20110708,23.63,23.85,23.58,23.84,52396
20110711,23.54,23.54,23.24,23.28,27050
20110712,23.22,23.43,23.22,23.3,26037
20110713,23.56,23.91,23.52,23.74,22565
20110714,23.73,23.73,23.36,23.43,12118
20110715,23.49,23.49,23.34,23.41,12982
20110718,23.23,23.23,22.97,23.12,33433
20110719,23.17,23.41,23.17,23.33,17654
20110720,23.46,23.46,23.29,23.38,39258
20110721,23.48,23.75,23.48,23.71,18228
20110722,23.83,23.92,23.7,23.92,32555
20110725,23.75,23.92,23.7,23.77,20029
20110726,23.81,23.83,23.69,23.79,30331
20110727,23.75,23.75,23.33,23.34,17706
20110728,23.32,23.52,23.28,23.29,18688
20110729,23.2,23.49,23.08,23.4,34463
20110801,23.52,23.52,23.08,23.25,13995
20110802,23.13,23.22,22.71,22.72,48545
20110803,22.72,22.84,22.39,22.83,31234
20110804,22.38,22.38,21.51,21.57,116916
20110805,21.6,21.8,20.8,21.5,44578
20110808,20.48,20.74,19.786,19.83,95893
20110809,20.35,21.05,20.08,21.05,75152
20110810,20.89,20.97,20.43,20.43,40163
20110811,20.79,21.54,20.76,21.4,56940
20110812,21.51,21.51,21.27,21.42,22168
20110815,21.66,21.83,21.65,21.8,25558
20110816,21.65,21.65,21.27,21.45,36865
20110817,21.51,21.69,21.39,21.48,10273
20110818,20.83,20.9,20.49,20.59,96411
20110819,20.53,20.93,20.41,20.48,42309
20110822,20.71,20.71,20.39,20.47,20123
20110823,20.66,21.24,20.66,21.24,50923
20110824,21.13,21.39,21.09,21.34,55983
20110825,21.24,21.29,20.89,20.92,7218
20110826,20.86,21.33,20.66,21.23,37391
20110829,21.49,21.77,21.49,21.77,8692
20110830,21.57,21.86,21.57,21.86,58933
20110831,22.16,22.19,21.88,22.08,44559
20110901,22.18,22.28,21.96,22,17164
20110902,21.7,21.82,21.61,21.61,12308
20110906,20.99,21.51,20.99,21.51,25383
20110907,21.59,21.97,21.59,21.97,29140
20110908,21.75,21.91,21.51,21.6,14144
20110909,21.43,21.47,21.07,21.17,35994
20110912,20.96,21.25,20.81,21.04,87471
20110913,21.28,21.54,21.28,21.46,7061
20110914,21.19,21.51,21.19,21.4,7282
20110915,21.47,21.6,21.38,21.57,9004
20110916,21.74,21.74,21.55,21.7,6866
20110919,21.19,21.3,20.92,21.3,25679
20110920,21.27,21.37,20.99,20.99,17832
20110921,20.96,20.98,20.39,20.39,15150
20110922,19.714,19.902,19.391,19.597,34482
20110923,19.588,19.777,19.525,19.713,27691
20110926,19.714,19.75,19.329,19.75,35211
20110927,20.33,20.57,20.16,20.19,15973
20110928,20.31,20.39,19.902,19.902,33831
20110929,20.39,20.43,20.05,20.06,18168
20110930,19.808,19.947,19.513,19.593,34781
20111003,19.499,20.207,18.961,18.961,63622
20111004,18.836,19.311,18.656,19.311,44714
20111005,19.284,19.705,19.275,19.696,10791
20111006,19.544,20.03,19.544,20.03,10767
20111007,19.812,19.893,19.597,19.606,6914
20111010,19.974,20.23,19.974,20.14,25932
20111011,20.05,20.3,20.05,20.3,12116
20111012,20.49,20.82,20.49,20.64,19991
20111013,20.52,20.59,20.42,20.59,3764
20111014,20.78,20.85,20.75,20.84,3139
20111017,20.82,20.82,20.52,20.53,3883
20111018,20.52,20.74,20.27,20.74,368005
20111019,20.71,20.76,20.5,20.52,24649
20111020,20.49,20.63,20.32,20.59,133401
20111021,20.77,20.95,20.7,20.95,13507
20111024,20.97,21.25,20.97,21.16,43580
20111025,21.17,21.17,20.82,20.82,18128
20111026,21.05,21.2,20.82,21.14,11346
20111027,21.75,21.95,21.54,21.79,30330
20111028,21.64,21.74,21.56,21.7,8522
20111031,21.22,21.26,20.97,20.97,12408
20111101,20.41,20.69,20.36,20.57,25335
20111102,20.79,20.97,20.73,20.75,5260
20111103,21.07,21.33,20.91,21.22,29208
20111104,21.05,21.15,20.88,21.13,10949
20111107,21.06,21.22,20.99,21.22,7668
20111108,21.23,21.44,21.09,21.43,48635
20111109,20.97,20.97,20.63,20.63,21728
20111110,20.87,20.95,20.69,20.83,17758
20111111,21.06,21.24,21,21.15,4690
20111114,21.03,21.08,20.91,20.96,9908
20111115,20.95,21.18,20.87,21.07,14531
20111116,20.97,21.14,20.86,20.86,21793
20111117,20.84,20.91,20.43,20.47,17489
20111118,20.82,20.82,20.62,20.64,15275
20111121,20.18,20.36,20.08,20.31,7039
20111122,20.28,20.4,20.23,20.29,6930
20111123,20.05,20.05,19.786,19.821,5231
20111125,19.714,19.821,19.57,19.615,4507
20111128,20.16,20.16,19.978,20.02,7674
20111129,20.04,20.19,19.99,20.08,14194
20111130,20.81,21.1,20.81,21.1,108609
20111201,20.88,21.01,20.88,20.91,9952
20111202,21.01,21.06,20.9,20.9,8791
20111205,21.2,21.34,21.04,21.04,38210
20111206,21,21.1,20.91,21,10793
20111207,20.94,21.08,20.79,21.08,22425
20111208,20.69,20.69,20.52,20.52,1669
20111209,20.72,20.98,20.72,20.96,7829
20111212,20.47,20.5,20.3,20.4,4275
20111213,20.59,20.61,20.24,20.31,15618
20111214,20.18,20.22,20.05,20.13,10948
20111215,20.18,20.28,20.14,20.21,8829
20111216,20.35,20.44,20.22,20.29,21001
20111219,20.35,20.41,20,20,7755
20111220,20.52,20.65,20.49,20.58,8955
20111221,20.36,20.45,20.25,20.45,4428
20111222,20.34,20.53,20.34,20.49,33437
20111223,20.47,20.59,20.22,20.57,13299
20111227,20.63,20.63,20.44,20.44,3794
20111228,20.41,20.41,20.01,20.1,14044
20111229,20.23,20.29,20.23,20.28,12217
20111230,20.39,20.46,20.37,20.4,4651
20120103,20.79,20.96,20.79,20.86,8573
20120104,20.63,20.81,20.63,20.75,44417
20120105,20.66,20.67,20.5,20.67,8595
20120106,20.51,20.58,20.46,20.53,8438
20120109,20.63,20.67,20.54,20.58,4142
20120110,20.87,20.96,20.86,20.9,7113
20120111,20.77,20.9,20.77,20.88,8130
20120112,20.78,20.93,20.78,20.93,4266
20120113,20.64,20.82,20.56,20.73,2673
20120117,20.91,20.98,20.75,20.75,7409
20120118,20.93,21.08,20.89,21.08,3125
20120119,21.2,21.2,20.98,21.03,2050
20120120,21,21.14,21,21.13,1600
20120123,21.16,21.24,21.14,21.21,10769
20120124,20.96,21.19,20.93,21.17,8121
20120125,21.13,21.37,21.02,21.35,2648
20120126,21.4,21.43,21.21,21.27,10574
20120127,21.35,21.48,21.35,21.43,9905
20120130,21.15,21.3,21.12,21.25,6494
20120131,21.36,21.36,21.19,21.34,2334
20120201,21.57,21.7,21.56,21.56,10499
20120202,21.65,21.68,21.62,21.62,1175
20120203,21.81,21.92,21.79,21.87,11141
20120206,21.79,21.83,21.72,21.83,2794
20120207,21.88,21.9,21.85,21.86,2478
20120208,21.93,22,21.83,22,5375
20120209,22.01,22.01,21.82,21.82,2765
20120210,21.57,21.58,21.5,21.56,2068
20120213,21.65,21.8,21.65,21.68,2727
20120214,21.71,21.71,21.54,21.66,12035
20120215,21.76,21.79,21.57,21.61,2269
20120216,21.66,21.96,21.66,21.87,24530
20120217,21.84,21.87,21.8,21.8,1757
20120221,21.81,21.91,21.77,21.83,3265
20120222,21.95,21.99,21.86,21.9,5591
20120223,21.85,21.96,21.8,21.95,5083
20120224,22.03,22.13,22,22.01,5662
20120227,21.8,22.07,21.8,22.03,4513
20120228,22.09,22.19,22.09,22.13,3722
20120229,22.29,22.29,22.1,22.11,5901
20120301,22.1,22.27,22.1,22.2,15504
20120302,22.12,22.16,22.07,22.11,9310
20120305,22,22.02,21.94,22.02,8851
20120306,21.79,21.79,21.44,21.51,15279
20120307,21.76,21.84,21.71,21.8,5928
20120308,22.06,22.16,22.06,22.13,1733
20120309,22.23,22.83,22.23,22.71,63100
20120312,22.72,22.81,22.65,22.78,10823
20120313,22.73,23.14,22.73,23.14,11024
20120314,22.93,22.97,22.75,22.82,2731
20120315,22.95,23.2,22.86,23.19,65277
20120316,23.22,23.38,23.22,23.25,17859
20120319,23.24,23.24,23.16,23.24,14837
20120320,22.86,22.96,22.86,22.92,4044
20120321,22.92,23.07,22.9,23.03,130470
20120322,22.84,22.9,22.77,22.9,4144
20120323,22.89,23.08,22.86,23.06,54827
20120326,23.23,23.24,23.16,23.2,10668
20120327,23.2,23.2,23.06,23.06,7863
20120328,22.97,22.97,22.77,22.84,18295
20120329,22.83,22.94,22.78,22.89,16128
20120330,23.09,23.09,22.98,23,11469
20120402,22.96,23.15,22.96,23.13,75444
20120403,23.1,23.1,22.82,22.86,23441
20120404,22.7,22.7,22.49,22.61,43418
20120405,22.55,22.65,22.52,22.61,7752
20120409,22.34,22.44,22.25,22.44,7703
20120410,22.39,22.4,22.06,22.15,9449
20120411,22.3,22.4,22.27,22.39,54019
20120412,22.41,22.71,22.41,22.71,8068
20120413,22.53,22.53,22.23,22.28,69601
20120416,22.51,22.51,22.3,22.35,8045
20120417,22.56,22.72,22.55,22.68,63961
20120418,22.36,22.44,22.32,22.43,13827
20120419,22.32,22.34,22.19,22.31,1814
20120420,22.36,22.49,22.36,22.42,3968
20120423,22.03,22.09,21.93,22.09,5015
20120424,21.98,22.14,21.98,22.08,3613
20120425,22.31,22.32,22.25,22.32,1601
20120426,22.35,22.5,22.35,22.5,6094
20120427,22.39,22.53,22.39,22.53,2217
20120430,22.31,22.34,22.25,22.29,30855
20120501,22.45,22.57,22.41,22.41,17900
20120502,22.33,22.4,22.26,22.4,3432
20120503,22.29,22.29,22.06,22.13,59132
20120504,22,22.02,21.86,21.96,7714
20120507,22,22.11,21.98,22.08,24506
20120508,21.81,21.86,21.68,21.83,7608
20120509,21.68,21.77,21.49,21.77,21881
20120510,21.79,21.84,21.71,21.71,7067
20120511,21.59,21.68,21.46,21.49,53373
20120514,21.34,21.34,21.19,21.21,1991
20120515,21.19,21.2,20.99,21.04,8005
20120516,21.02,21.04,20.81,20.83,13982
20120517,20.73,20.81,20.56,20.56,78033
20120518,20.63,20.63,20.41,20.41,53980
20120521,20.69,20.79,20.68,20.77,4093
20120522,20.81,20.91,20.53,20.71,6475
20120523,20.53,20.53,20.18,20.46,33487
20120524,20.39,20.44,20.27,20.44,23927
20120525,20.44,20.48,20.4,20.45,26946
20120529,20.65,20.72,20.57,20.69,19162
20120530,20.5,20.5,20.38,20.42,6809
20120531,20.64,20.66,20.46,20.62,20744
20120601,20.26,20.26,20.08,20.19,34628
20120604,20.27,20.29,20.05,20.19,27172
20120605,20.27,20.29,20.25,20.29,7914
20120606,20.36,20.69,20.36,20.69,20802
20120607,20.8,20.82,20.6,20.6,22650
20120608,20.46,20.61,20.46,20.6,3619
20120611,20.58,20.58,20.36,20.37,9463
20120612,20.27,20.46,20.27,20.46,4479
20120613,20.34,20.51,20.31,20.32,5012
20120614,20.19,20.35,20.19,20.28,53142
20120615,20.44,20.55,20.41,20.55,5300
20120618,20.6,20.81,20.6,20.78,11418
20120619,20.77,21.13,20.77,21.09,47716
20120620,21.12,21.16,20.95,21.07,33766
20120621,20.98,21.08,20.61,20.63,81260
20120622,20.82,20.83,20.74,20.82,17210
20120625,20.5,20.64,20.5,20.6,3762
20120626,20.76,20.81,20.67,20.78,8821
20120627,20.86,21.06,20.86,21.02,47360
20120628,20.78,20.85,20.78,20.84,13767
20120629,21.37,21.5,21.31,21.5,40350
20120702,21.41,21.57,21.41,21.57,16351
20120703,21.59,21.89,21.59,21.89,17074
20120705,21.7,21.73,21.52,21.68,9766
20120706,21.58,21.58,21.48,21.53,5171
20120709,21.4,21.4,21.3,21.4,2654
20120710,21.41,21.43,21.2,21.29,14209
20120711,21.43,21.44,21.31,21.36,6676
20120712,21,21.15,21,21.15,929
20120713,21.34,21.4,21.33,21.4,2006
20120716,21.27,21.27,21.24,21.26,830
20120717,21.27,21.35,21.24,21.33,6022
20120718,21.23,21.33,21.23,21.31,12454
20120719,21.31,21.33,21.26,21.3,129294
20120720,21.03,21.07,21.01,21.05,2988
20120723,20.72,20.73,20.52,20.67,5315
20120724,20.63,20.63,20.43,20.49,2883
20120725,20.69,20.7,20.55,20.66,5093
20120726,20.91,20.93,20.85,20.9,3220
20120727,20.88,21.21,20.87,21.15,15387
20120730,20.97,21.11,20.97,21.04,26227
20120731,21.06,21.09,21,21,6056
20120801,21.12,21.12,21.01,21.02,2058
20120802,20.92,20.99,20.79,20.99,11483
20120803,21.16,21.38,21.16,21.3,7528
20120806,21.39,21.43,21.37,21.4,3482
20120807,21.4,21.48,21.38,21.38,5966
20120808,21.41,21.59,21.41,21.53,14974
20120809,21.57,21.59,21.52,21.55,4288
20120810,21.36,21.55,21.32,21.49,8872
20120813,21.41,21.49,21.38,21.42,11830
20120814,21.49,21.52,21.44,21.44,5806
20120815,21.4,21.55,21.4,21.52,9666
20120816,21.38,21.68,21.38,21.6,9549
20120817,21.55,21.65,21.54,21.65,8312
20120820,21.64,21.64,21.05,21.6,11695
20120821,21.55,21.66,21.5,21.55,8804
20120822,21.45,21.54,21.38,21.54,7264
20120823,21.47,21.48,21.41,21.47,8496
20120824,21.44,21.61,21.44,21.55,10870
20120827,21.53,21.53,21.42,21.42,5430
20120828,21.53,21.53,21.44,21.45,3700
20120829,21.48,21.56,21.48,21.49,6286
20120830,21.54,21.54,21.37,21.38,4778
20120831,21.37,21.5,21.37,21.43,2419
20120904,21.29,21.36,21.18,21.31,6845
20120905,21.29,21.32,21.25,21.32,5260
20120906,21.52,21.72,21.5,21.69,6612
20120907,21.81,21.85,21.77,21.79,10997
20120910,21.63,21.77,21.63,21.66,14455
20120911,21.79,21.88,21.79,21.82,2248
20120912,22.03,22.03,21.97,21.98,5001
20120913,22.02,22.29,21.96,22.29,5112
20120914,22.29,22.4,22.27,22.27,5947
20120917,22.26,22.28,22.13,22.15,2267
20120918,22.07,22.09,22.03,22.07,5385
20120919,22.16,22.23,22.16,22.16,5679
20120920,22,22.05,21.92,22.01,3599
20120921,22.14,22.18,22.06,22.06,1049
20120924,22.08,22.15,22.07,22.07,1107
20120925,22.16,22.27,22.04,22.04,5222
20120926,21.89,21.97,21.86,21.95,5298
20120927,22.2,22.34,22.2,22.25,3391
20120928,22.15,22.34,22.15,22.21,4229
20121001,22.34,22.34,22.21,22.22,948
20121002,22.2,22.24,22.11,22.16,4094
20121003,22.1,22.1,21.98,21.99,3968
20121004,22.13,22.26,22.13,22.25,5473
20121005,22.47,22.53,22.35,22.36,3008
20121008,22.27,22.39,22.27,22.37,1318
20121009,22.15,22.15,22.08,22.08,8102
20121010,22.02,22.03,21.97,22.03,5418
20121011,22.11,22.15,22.08,22.08,4975
20121012,22.3,22.32,22.23,22.26,2529
20121015,22.34,22.34,22.22,22.34,1626
20121016,22.49,22.53,22.48,22.53,11689
20121017,22.56,22.65,22.56,22.65,6903
20121018,22.65,22.74,22.63,22.72,9891
20121019,22.72,22.82,22.67,22.77,67360
20121022,22.95,22.99,22.89,22.92,20341
20121023,22.7,22.72,22.58,22.68,7875
20121024,23.06,23.06,22.8,22.8,9047
20121025,22.88,22.92,22.85,22.89,2987
20121026,22.93,22.93,22.75,22.78,4371
20121031,22.81,22.93,22.66,22.89,56429
20121101,23.03,23.22,23.03,23.22,12579
20121102,23.03,23.04,22.87,22.91,7716
20121105,23.03,23.03,22.89,22.91,6651
20121106,23,23.15,23,23.08,9869
20121107,22.87,22.87,22.63,22.66,68349
20121108,22.74,22.76,22.57,22.61,7744
20121109,22.65,22.81,22.58,22.72,42506
20121112,22.7,22.7,22.56,22.61,13339
20121113,22.52,22.65,22.2,22.56,2853
20121114,22.53,22.53,22.21,22.29,6138
20121115,22.32,22.37,22.14,22.22,9383
20121116,22.19,22.34,22.19,22.34,1360
20121119,22.6,22.67,22.57,22.63,5815
20121120,22.66,22.71,22.59,22.71,13037
20121121,22.69,22.71,22.63,22.7,5121
20121123,22.92,22.92,22.82,22.9,6861
20121126,22.91,23.08,22.91,23.08,5645
20121127,23.06,23.06,22.88,22.95,16399
20121128,22.88,22.95,22.79,22.95,2531
20121129,23.16,23.21,23.11,23.16,8656
20121130,23.09,23.1,23.01,23.09,49655
20121203,23.04,23.06,22.99,23.06,2870
20121204,23.1,23.24,23.1,23.18,6686
20121205,23.19,23.26,23.11,23.2,5441
20121206,23.11,23.14,23.05,23.11,30140
20121207,23.06,23.1,23.03,23.1,8551
20121210,23.09,23.14,23.09,23.12,2434
20121211,23.23,23.3,23.2,23.21,4220
20121212,23.38,23.38,23.17,23.17,6625
20121213,23.1,23.12,22.99,23.08,8953
20121214,23.2,23.2,23.09,23.12,3488
20121217,23.15,23.26,23.15,23.18,7625
20121218,23.29,23.4,23.29,23.4,11727
20121219,23.5,23.51,23.42,23.46,16840
20121220,23.58,23.58,23.42,23.5,6731
20121221,23.31,23.37,23.29,23.37,4470
20121224,23.15,23.38,22.88,23.26,2930
20121226,23.38,23.38,23.21,23.29,7125
20121227,23.34,23.39,23.12,23.28,3075
20121228,23.2,23.21,23.11,23.14,4272
20121231,23.16,23.53,23.16,23.46,13056
20130102,24,24,23.86,23.97,9356
20130103,23.94,24.1,23.94,24.02,19814
20130104,23.85,23.93,23.59,23.92,4978
20130107,23.97,23.99,23.9,23.99,17556
20130108,23.94,23.94,23.79,23.86,11343
20130109,23.88,23.89,23.88,23.89,1156
20130110,24.07,24.2,24.01,24.2,28290
20130111,23.97,23.98,23.89,23.98,13497
20130114,23.98,23.98,23.92,23.94,4486
20130115,23.92,23.99,23.92,23.99,6710
20130116,23.94,23.97,23.94,23.94,3898
20130117,24.02,24.14,23.86,24.12,7309
20130118,24.07,24.1,24.05,24.1,2672
20130122,23.88,24.06,23.88,24.04,5906
20130123,24.01,24.01,23.9,23.98,4322
20130124,24.02,24.05,23.92,23.97,3850
20130125,23.88,24.03,23.88,23.94,879
20130128,23.88,23.96,23.87,23.94,3231
20130129,24.02,24.08,24.02,24.07,8049
20130130,24.06,24.08,24,24.04,2391
20130131,23.98,24.01,23.94,23.95,5744
20130201,24.03,24.28,24.03,24.24,11474
20130204,23.94,23.94,23.84,23.88,3467
20130205,23.89,23.97,23.89,23.92,3863
20130206,23.91,23.97,23.91,23.91,4159
20130207,23.8,23.8,23.55,23.66,4131
20130208,23.8,23.8,23.77,23.79,5927
20130211,23.77,23.94,23.77,23.81,5767
20130212,23.79,23.87,23.79,23.81,2703
20130213,23.99,23.99,23.9,23.93,12020
20130214,23.86,23.89,23.84,23.85,4260
20130215,23.88,23.93,23.88,23.91,3163
20130219,23.97,24.27,23.97,24.24,12926
20130220,24.19,24.23,23.91,23.91,16732
20130221,23.84,23.84,23.67,23.75,4055
20130222,23.91,23.99,23.9,23.99,2496
20130225,24.14,24.16,23.77,23.77,10820
20130226,23.83,23.88,23.8,23.83,5752
20130227,23.96,24.22,23.96,24.2,8454
20130228,24.13,24.23,24.06,24.17,6116
20130301,24.04,24.19,24.01,24.16,13302
20130304,23.98,24.1,23.97,24.1,2597
20130305,24.18,24.33,24.18,24.26,5867
20130306,24.31,24.38,24.28,24.36,15191
20130307,24.39,24.59,24.35,24.58,5287
20130308,24.64,24.66,24.48,24.6,4292
20130311,24.43,24.49,24.39,24.47,3568
20130312,24.35,24.37,24.21,24.23,6912
20130313,24.13,24.24,24.11,24.22,1880
20130314,24.27,24.41,24.26,24.39,6787
20130315,24.37,24.52,24.37,24.46,6139
20130318,24.37,24.49,24.36,24.44,17275
20130319,24.4,24.4,24.26,24.36,5139
20130320,24.46,24.54,24.43,24.43,2110
20130321,24.43,24.47,24.36,24.37,3547
20130322,24.44,24.5,24.44,24.5,3904
20130325,24.51,24.56,24.37,24.38,3002
20130326,24.55,24.59,24.49,24.49,1581
20130327,24.3,24.37,24.23,24.37,5191
20130328,24.34,24.37,24.31,24.31,1721
20130401,24.21,24.21,23.87,23.93,22007
20130402,23.96,23.96,23.74,23.8,23325
20130403,23.94,23.94,23.63,23.67,25814
20130404,23.74,24,23.74,23.88,2891
20130405,23.62,23.88,23.48,23.78,7366
20130408,23.63,23.68,23.56,23.68,4734
20130409,23.57,23.71,23.57,23.7,4692
20130410,23.75,23.83,23.75,23.8,3077
20130411,23.72,23.95,23.72,23.88,2404
20130412,23.71,23.81,23.71,23.81,19180
20130415,23.5,23.51,23.29,23.29,9158
20130416,23.54,23.63,23.54,23.62,1220
20130417,23.2,23.25,23.18,23.24,6902
20130418,23.16,23.17,23.11,23.12,2436
20130419,23.3,23.44,23.3,23.41,2688
20130422,23.4,23.46,23.27,23.46,770
20130423,23.53,23.67,23.51,23.67,3736
20130424,23.71,23.96,23.71,23.96,3741
20130425,23.95,24.05,23.95,23.99,5511
20130426,23.97,23.97,23.91,23.96,1756
20130429,24.04,24.18,24.04,24.17,2417
20130430,24.13,24.19,24.12,24.17,2541
20130501,24.04,24.09,23.95,23.95,2518
20130502,24.04,24.07,24.04,24.07,1413
20130503,24.19,24.46,24.19,24.34,20310
20130506,24.39,24.45,24.39,24.45,382
20130507,24.35,24.46,24.35,24.46,2542
20130508,24.39,24.56,24.39,24.56,4505
20130509,24.52,24.53,24.49,24.49,4579
20130510,24.45,24.59,24.45,24.57,3760
20130513,24.45,24.49,24.42,24.49,2226
20130514,24.57,24.62,24.57,24.61,3216
20130515,24.58,24.67,24.58,24.62,4579
20130516,24.35,24.48,24.31,24.35,3479
20130517,24.45,24.49,24.44,24.49,3534
20130520,24.51,24.51,24.48,24.48,1116
20130521,24.4,24.58,24.4,24.56,6439
20130522,24.57,24.73,24.2,24.23,18208
20130523,24.2,24.24,24.18,24.18,1008
20130524,23.89,24.07,23.89,24.05,3424
20130528,24.16,24.16,24,24.01,2124
20130529,24.41,24.51,24.41,24.49,1585
20130530,24.36,24.39,24.34,24.37,1046
20130531,24.12,24.12,24.05,24.06,2542
20130603,24.02,24.09,23.87,24.08,6303
20130604,23.98,23.98,23.98,23.98,742
20130605,23.84,23.84,23.72,23.72,28067
20130606,23.63,23.79,23.59,23.79,6530
20130607,23.96,24.01,23.96,24.01,3383
20130610,23.97,23.97,23.84,23.94,1367
20130611,23.8,23.81,23.65,23.73,5313
20130612,23.9,23.9,23.79,23.79,1853
20130613,23.93,24.19,23.92,24.17,4394
20130614,24.02,24.02,23.8,23.82,2825
20130617,24.17,24.18,24.1,24.14,3020
20130618,24.22,24.27,24.22,24.23,665
20130619,24.16,24.16,23.9,23.9,1172
20130620,23.51,23.51,23.12,23.17,17118
20130621,23.56,23.56,23.34,23.5,4906
20130624,22.98,23.17,22.84,23.13,10472
20130625,23.22,23.28,23.16,23.28,4054
20130626,23.28,23.36,23.23,23.36,12803
20130627,23.49,23.58,23.47,23.53,4565
20130628,23.51,23.71,23.51,23.6,6235
20130701,23.77,23.77,23.74,23.74,1603
20130702,23.73,23.73,23.47,23.56,4082
20130703,23.42,23.56,23.37,23.51,6727
20130705,23.43,23.46,23.29,23.46,446
20130708,23.47,23.58,23.47,23.51,5604
20130709,23.56,23.67,23.54,23.63,2981
20130710,23.68,23.84,23.66,23.66,1784
20130711,24.01,24.28,24.01,24.27,3335
20130712,24.18,24.18,24.03,24.09,1515
20130715,24.13,24.23,24.13,24.2,3199
20130716,24.16,24.18,24.13,24.17,7338
20130717,24.29,24.31,24.29,24.31,818
20130718,24.27,24.36,24.26,24.31,1956
20130719,24.17,24.27,24.17,24.26,1266
20130722,24.28,24.41,24.28,24.37,2874
20130723,24.54,24.54,24.49,24.53,1527
20130724,24.27,24.27,24.12,24.21,2347
20130725,24.26,24.42,24.2,24.42,5376
20130726,24.21,24.26,24.09,24.26,13652
20130729,24.08,24.08,23.96,23.98,2289
20130730,23.99,23.99,23.88,23.93,10796
20130731,23.78,23.95,23.78,23.83,2479
20130801,23.88,24,23.88,24,1221
20130802,24.16,24.2,24.16,24.18,3946
20130805,24.09,24.19,24.08,24.19,6045
20130806,24.29,24.29,24.22,24.25,763
20130807,24.14,24.18,24.1,24.1,4067
20130808,24.22,24.37,24.13,24.33,3031
20130809,24.46,24.46,24.39,24.44,3074
20130812,24.43,24.53,24.43,24.5,1799
20130813,24.53,24.67,24.53,24.63,4420
20130814,24.57,24.63,24.57,24.61,1159
20130815,24.22,24.34,24.17,24.34,12714
20130816,24.47,24.47,24.47,24.47,218
20130819,24.27,24.27,24.12,24.14,1640
20130820,23.96,24.21,23.96,24.21,2344
20130821,23.97,24.06,23.85,23.99,6273
20130822,24.24,24.71,24.24,24.27,9322
20130823,24.35,24.44,24.34,24.41,3633
20130826,24.21,24.35,24.21,24.3,1752
20130827,23.94,23.94,23.78,23.9,15283
20130828,23.92,23.95,23.83,23.83,1853
20130829,23.91,23.95,23.91,23.95,905
20130830,23.71,23.72,23.71,23.71,545
20130903,24.21,24.31,24.14,24.21,2155
20130904,24.27,24.37,24.27,24.35,2941
20130905,24.23,24.23,24.23,24.23,1090
20130906,24.21,24.3,24.21,24.29,4688
20130909,24.32,24.65,24.32,24.61,18314
20130910,24.62,24.71,24.62,24.71,2621
20130911,24.55,24.73,24.55,24.71,7009
20130912,24.59,24.61,24.55,24.59,4744
20130913,24.6,24.66,24.58,24.66,818
20130916,24.81,24.9,24.8,24.84,7622
20130917,24.9,24.94,24.85,24.89,21657
20130918,24.89,25.58,24.87,25.48,11182
20130919,25.42,25.42,25.16,25.22,4471
20130920,25.16,25.16,25.07,25.07,17990
20130923,25.09,25.12,25.05,25.12,7840
20130924,25.17,25.22,25.11,25.11,3317
20130925,25.03,25.06,24.98,24.98,2143
20130926,25.03,25.09,24.97,24.97,629
20130927,24.91,24.96,24.91,24.95,1937
20130930,24.85,24.91,24.83,24.89,3865
20131001,25.01,25.04,24.97,25.04,1421
20131002,24.9,24.9,24.9,24.9,212
20131003,24.74,24.76,24.74,24.76,845
20131004,24.75,24.99,24.75,24.99,2285
20131007,24.8,24.8,24.69,24.69,1395
20131008,24.61,24.61,24.56,24.56,3081
20131009,24.65,24.83,24.65,24.83,6277
20131010,25,25.18,25,25.18,8182
20131011,25.14,25.2,25.1,25.17,1813
20131014,25.31,25.31,25.29,25.29,1353
20131015,25.32,25.32,25.04,25.06,18860
20131016,25.17,25.2,25.17,25.2,345
20131017,25.21,25.37,25.21,25.37,1974
20131018,25.5,25.61,25.5,25.61,2391
20131021,25.73,25.73,25.57,25.59,9205
20131022,25.69,25.8,25.69,25.73,4705
20131023,25.54,25.54,25.39,25.5,2311
20131024,25.59,25.61,25.53,25.6,3498
20131025,25.42,25.47,25.39,25.47,3435
20131028,25.49,25.49,25.44,25.47,2277
20131029,25.59,25.59,25.52,25.58,992
20131030,25.59,25.59,25.48,25.53,1500
20131031,25.44,25.61,25.42,25.49,10453
20131101,25.49,25.5,25.4,25.46,5877
20131104,25.59,25.68,25.59,25.61,1405
20131105,25.51,25.55,25.48,25.49,2798
20131106,25.53,25.59,25.46,25.47,2973
20131107,25.33,25.33,25.09,25.09,2246
20131108,25.16,25.23,25.13,25.22,2988
20131111,25.27,25.32,25.27,25.28,3394
20131112,25.26,25.26,25.26,25.26,480
20131113,25.06,25.37,25.06,25.36,12703
20131114,25.59,25.69,25.56,25.69,1098
20131115,25.64,25.94,25.64,25.88,3278
20131118,25.97,25.97,25.73,25.73,5148
20131119,25.61,25.82,25.61,25.72,3438
20131120,25.66,25.93,25.58,25.6,4051
20131121,25.68,25.74,25.59,25.72,4556
20131122,25.59,25.65,25.59,25.65,357
20131125,25.54,25.56,25.5,25.5,9538
20131126,25.38,25.47,25.38,25.47,1670
20131127,25.51,25.6,25.51,25.6,654
20131129,25.6,25.6,25.6,25.6,4211
20131202,25.38,25.39,25.38,25.39,1689
20131203,25.34,25.34,25.14,25.14,835
20131204,25.24,25.24,25.24,25.24,1090
20131205,25.02,25.04,25.01,25.01,1654
20131206,25.08,25.08,25.08,25.08,545
20131209,25.17,25.17,25.17,25.17,109
20131210,25.25,25.29,25.25,25.29,695
20131211,25.05,25.05,25.03,25.03,829
20131212,24.87,24.98,24.85,24.88,2852
20131213,24.84,24.85,24.77,24.85,3794
20131216,24.76,24.92,24.76,24.88,1040
20131217,24.76,24.82,24.76,24.82,3335
20131218,24.94,25.1,24.85,25.1,3025
20131219,24.9,24.95,24.88,24.95,1348
20131220,24.89,25.03,24.89,25.01,465
20131223,25.05,25.24,25.05,25.17,1510
20131224,25.13,25.24,25.13,25.24,3750
20131226,25.49,25.49,25.49,25.49,512
20131230,25.47,25.49,25.47,25.49,429
20131231,25.47,25.71,25.47,25.61,660
20140102,25.27,25.44,25.18,25.27,33215
20140103,25.4,25.4,25.24,25.3,1755
20140106,25.31,25.32,25.24,25.24,379
20140107,25.06,25.31,25.06,25.21,5053
20140108,25.29,25.29,25.2,25.21,1231
20140109,25.05,25.06,24.96,25.02,339136
20140110,25.19,25.23,25.18,25.23,7106
20140113,25.1,25.26,25.06,25.06,1227
20140114,24.91,25.17,24.91,25.17,31962
20140115,25.21,25.29,25.21,25.29,479
20140116,25.12,25.12,25.11,25.11,2373
20140117,25.13,25.17,25.09,25.1,3354
20140121,25.18,25.22,25.1,25.21,8386
20140122,25.22,25.34,25.22,25.34,5677
20140123,25.12,25.12,25.03,25.03,304
20140124,24.68,24.68,24.48,24.54,26586
20140127,24.41,24.45,24.11,24.3,23544
20140128,24.44,24.62,24.44,24.62,16215
20140129,24.54,24.54,24.42,24.47,10665
20140130,24.37,24.61,24.37,24.61,1445
20140131,24.1,24.28,24.1,24.26,4928
20140203,23.94,23.98,23.8,23.8,23795
20140204,23.93,24.13,23.93,24.11,34389
20140205,23.99,24.07,23.93,24.05,14991
20140206,24.12,24.28,24.09,24.28,19687
20140207,24.41,24.47,24.35,24.47,16062
20140210,24.36,24.39,24.32,24.36,14052
20140211,24.56,24.7,24.52,24.66,19053
20140212,24.62,24.67,24.55,24.61,9462
20140213,24.45,24.75,24.44,24.71,12476
20140214,24.6,24.76,24.56,24.76,17959
20140218,24.61,24.76,24.61,24.73,10248
20140219,24.75,24.75,24.62,24.62,7840
20140221,24.68,24.79,24.68,24.77,2684
20140224,24.77,24.91,24.73,24.77,33257
20140225,24.67,24.67,24.63,24.65,1190
20140226,24.68,24.75,24.65,24.65,1605
20140227,24.69,24.84,24.69,24.79,579
20140228,24.91,24.97,24.89,24.96,1494
20140303,24.59,24.63,24.47,24.58,1148
20140305,24.8,24.9,24.8,24.82,1265
20140306,25.15,25.15,25.04,25.1,18790
20140307,25.07,25.11,25.05,25.1,4783
20140310,25.09,25.15,25.05,25.15,2029
20140311,25.22,25.22,25.15,25.15,741
20140312,24.77,24.88,24.77,24.88,966
20140313,24.88,24.88,24.54,24.54,20402
20140314,24.64,24.64,24.64,24.64,215
20140317,24.82,24.85,24.76,24.8,3131
20140318,24.88,24.88,24.88,24.88,376
20140319,24.77,24.9,24.76,24.9,1289
20140320,24.32,24.44,24.32,24.41,3424
20140321,24.41,24.7,24.41,24.47,27764
20140324,24.45,24.61,24.45,24.54,8179
20140325,24.5,24.72,24.5,24.66,4468
20140326,24.61,24.61,24.47,24.47,5321
20140327,24.26,24.45,24.26,24.41,11997
20140328,24.78,24.82,24.7,24.74,5651
20140331,24.75,24.75,24.67,24.67,1289
20140401,24.74,24.86,24.73,24.86,15197
20140402,24.71,24.83,24.71,24.83,1783
20140403,24.83,24.83,24.69,24.75,1301
20140404,24.93,25.02,24.81,24.81,5513
20140407,24.67,24.71,24.61,24.61,1609
20140408,24.67,24.67,24.67,24.67,322
20140409,24.97,25.25,24.97,25.25,4473
20140410,25.15,25.15,24.79,24.81,3365
20140411,24.61,24.84,24.61,24.73,1328
20140414,24.77,24.84,24.75,24.75,2470
20140415,24.77,24.79,24.77,24.79,316
20140416,25.13,25.23,25.09,25.22,1366
20140417,25.07,25.17,25.07,25.09,1744
20140421,25.02,25.14,25.02,25.03,1056
20140422,25.05,25.05,25.02,25.04,7821
20140423,25.01,25.14,25.01,25.14,1056
20140424,25.11,25.17,25.07,25.13,3784
20140425,25.16,25.16,25.02,25.02,1287
20140428,24.91,24.98,24.82,24.97,649
20140429,25.04,25.05,24.88,24.94,23023
20140430,24.84,25.02,24.84,25.02,10309
20140501,25.18,25.2,25.02,25.16,8597
20140502,24.93,25.03,24.92,24.93,1019
20140505,25.01,25.01,24.9,24.92,1334
20140507,24.82,24.82,24.78,24.78,284
20140508,24.76,24.77,24.74,24.74,2445
20140509,24.84,24.84,24.71,24.71,937
20140512,24.74,25,24.74,25,2455
20140513,24.78,24.86,24.77,24.81,1952
20140514,24.81,24.88,24.71,24.71,8094
20140515,24.64,24.67,24.53,24.66,9865
20140516,24.69,24.75,24.69,24.74,985
20140519,24.48,24.72,24.48,24.72,1128
20140520,24.56,24.56,24.48,24.49,2288
20140521,24.6,24.9,24.6,24.9,24410
20140522,24.72,24.75,24.72,24.75,652
20140523,24.98,24.98,24.97,24.98,1717
20140527,25.13,25.17,25.1,25.1,2117
20140528,25.09,25.09,25.09,25.09,365
20140529,25.28,25.33,25.23,25.33,6013
20140530,25.27,25.27,25.19,25.2,1714
20140602,25.37,25.42,25.34,25.36,19289
20140603,25.2,25.37,25.19,25.37,2466
20140604,25.11,25.29,25.1,25.15,16513
20140605,25.32,25.35,25.3,25.32,4867
20140606,25.33,25.42,25.33,25.42,1328
20140609,25.32,25.33,25.32,25.32,2113
20140610,25.3,25.3,25.15,25.17,1539
20140611,25.15,25.22,25.15,25.22,3392
20140612,25.39,25.39,25.25,25.27,2425
20140613,25.32,25.38,25.29,25.38,5880
20140616,25.23,25.39,25.23,25.3,2460
20140617,25.19,25.29,25.18,25.21,16492
20140618,25.2,25.51,25.2,25.51,8164
20140619,25.47,25.59,25.43,25.59,1907
20140620,25.37,25.52,25.36,25.52,3092
20140623,25.56,25.56,25.38,25.52,10144
20140624,25.43,25.54,25.42,25.42,3045
20140625,25.15,25.32,25.15,25.32,3759
20140626,25.34,25.38,25.29,25.35,826
20140627,25.15,25.27,25.15,25.25,1181
20140630,25.28,25.52,25.28,25.52,1115
20140701,25.55,25.71,25.55,25.63,7658
20140702,25.59,25.72,25.59,25.71,7010
20140703,25.76,25.85,25.76,25.85,1635
20140707,25.8,25.8,25.8,25.8,429
20140708,25.6,25.61,25.51,25.51,613
20140709,25.6,25.84,25.6,25.72,2597
20140710,25.47,25.64,25.42,25.64,6487
20140711,25.56,25.7,25.56,25.7,2110
20140714,25.85,25.85,25.75,25.85,2963
20140715,25.7,25.7,25.55,25.65,1620
20140716,25.73,25.88,25.7,25.81,7002
20140717,25.69,25.69,25.62,25.62,1072
20140718,25.74,25.87,25.74,25.87,858
20140721,25.66,25.73,25.66,25.73,1078
20140722,25.91,26,25.91,26,1078
20140723,25.93,26.02,25.93,26.02,3226
20140724,26.07,26.08,25.97,25.97,1962
20140725,26.07,26.07,26.07,26.07,214
20140728,26.07,26.07,26.07,26.07,214
20140729,26.06,26.06,25.84,25.84,1570
20140730,25.65,25.69,25.65,25.69,1721
20140731,25.39,25.39,25.08,25.1,3149
20140801,25.28,25.4,25.26,25.34,1383
20140804,25.48,25.67,25.44,25.6,3436
20140805,25.23,25.33,25.23,25.33,1504
20140806,25.15,25.17,25.15,25.17,1087
20140807,25.17,25.17,25.04,25.06,3854
20140808,25.05,25.18,25.05,25.18,521
20140811,25.39,25.6,25.39,25.58,2846
20140812,25.41,25.5,25.41,25.5,3927
20140813,25.61,25.61,25.57,25.57,871
20140814,25.82,25.82,25.8,25.82,429
20140815,25.75,25.75,25.63,25.63,818
20140818,25.78,25.86,25.78,25.82,1135
20140819,25.79,25.9,25.79,25.8,1745
20140820,25.65,25.65,25.61,25.63,829
20140821,25.59,25.59,25.59,25.59,303
20140822,25.54,25.54,25.51,25.51,1702
20140825,25.47,25.64,25.47,25.53,865
20140826,25.39,25.46,25.39,25.4,2074
20140827,25.41,25.47,25.4,25.47,9498
20140828,25.29,25.29,25.29,25.29,1501
20140829,25.19,25.27,25.19,25.21,5538
20140902,25.15,25.16,25.15,25.15,2710
20140903,25.09,25.24,25.09,25.12,3162
20140904,25.11,25.21,25.02,25.1,9075
20140905,25.07,25.17,25.07,25.14,22377
20140908,24.97,25.07,24.92,24.92,1468
20140909,24.76,24.79,24.72,24.75,3220
20140910,24.87,24.87,24.87,24.87,150
20140911,24.57,24.6,24.46,24.6,2115
20140912,24.65,24.66,24.53,24.65,1773
20140915,24.62,24.62,24.57,24.57,322
20140916,24.46,24.64,24.45,24.64,902
20140917,24.48,24.6,24.48,24.48,2469
20140918,24.64,24.67,24.58,24.67,20636
20140919,24.61,24.61,24.45,24.46,10272
20140922,24.38,24.38,24.37,24.37,453
20140923,24.43,24.43,24.43,24.43,215
20140924,24.49,24.61,24.49,24.61,316
20140925,24.37,24.42,24.28,24.28,3770
20140926,24.26,24.36,24.26,24.36,816
20140929,23.99,24.02,23.85,23.98,4142
20140930,23.96,23.96,23.93,23.94,3114
20141001,23.9,23.9,23.78,23.78,2117
20141002,23.9,23.9,23.58,23.82,2914
20141003,23.8,23.81,23.75,23.81,7624
20141006,23.81,23.96,23.81,23.96,6066
20141008,23.8,23.8,23.72,23.72,488
20141009,23.94,24.03,23.66,23.66,5903
20141010,23.55,23.55,23.26,23.3,1388
20141013,23.23,23.28,23.16,23.18,6550
20141014,23.52,23.52,23.52,23.52,430
20141015,22.98,23.29,22.9,23.1,12586
20141016,23.07,23.16,23.07,23.16,867
20141017,23.15,23.15,23.15,23.15,107
20141020,24,24.21,24,24.21,1610
20141021,24.16,24.36,24.16,24.36,11531
20141022,24.3,24.33,24.15,24.15,858
20141023,24.3,24.35,24.26,24.33,5326
20141024,24.4,24.41,24.4,24.41,1933
20141027,24.33,24.33,24.23,24.27,7408
20141028,24.56,24.66,24.51,24.62,49121
20141029,24.7,24.75,24.6,24.6,1030
20141030,24.44,24.53,24.44,24.53,1440
20141031,24.85,25.01,24.85,24.98,5472
20141103,24.85,24.99,24.85,24.95,17958
20141104,24.51,24.51,24.49,24.51,858
20141105,24.45,24.45,24.33,24.34,15043
20141106,24.29,24.29,24.29,24.29,430
20141107,24.15,24.22,24.14,24.22,1933
20141110,24.72,24.82,24.72,24.73,1182
20141111,24.81,24.88,24.81,24.87,661
20141112,24.85,24.86,24.85,24.86,966
20141114,24.86,24.95,24.86,24.95,1025
20141117,24.86,24.86,24.86,24.86,580
20141118,24.82,24.86,24.8,24.84,3161
20141119,24.8,24.82,24.8,24.81,1289
20141120,24.73,24.8,24.73,24.8,2348
20141121,25.01,25.01,25.01,25.01,272
20141124,24.84,24.85,24.84,24.85,3929
20141125,24.72,24.72,24.72,24.72,133
20141128,24.55,24.57,24.53,24.55,3106
20141201,24.25,24.25,24.25,24.25,215
20141202,24.38,24.38,24.34,24.34,214
20141203,24.28,24.33,24.26,24.33,2093
20141204,24.24,24.25,24.19,24.19,1110
20141205,24.09,24.17,24.09,24.12,2022
20141208,23.86,23.86,23.84,23.84,1608
20141209,23.83,23.86,23.79,23.86,1976
20141210,23.84,23.84,23.81,23.82,3221
20141211,24.08,24.2,24.08,24.2,2148
20141212,23.89,23.96,23.79,23.86,4632
20141215,23.87,23.87,23.56,23.63,14975
20141216,23.51,23.55,23.47,23.47,4177
20141217,23.52,23.6,23.44,23.54,10558
20141218,23.64,23.76,23.64,23.76,13825
20141219,23.78,23.89,23.78,23.84,3580
20141222,23.79,23.82,23.78,23.82,6096
20141223,23.5,23.5,23.47,23.47,6553
20141224,23.45,23.7,23.45,23.7,2112
20141226,23.66,23.87,23.66,23.69,49612
20141229,23.84,23.84,23.66,23.75,10970
20141230,23.76,23.8,23.73,23.77,8446
20141231,23.93,23.93,23.74,23.74,574
20150102,23.67,23.68,23.58,23.58,4332
20150105,23.86,23.86,23.55,23.6,6477
20150106,23.7,23.7,23.45,23.54,3395
20150107,23.67,23.82,23.67,23.8,5304
20150108,23.79,24.06,23.79,24.05,16749
20150109,23.89,23.92,23.84,23.86,5880
20150112,23.81,23.81,23.81,23.81,222
20150113,24.11,24.13,23.87,23.87,1690
20150114,23.89,23.89,23.71,23.71,5519
20150115,23.93,24.01,23.76,23.87,12864
20150116,23.63,23.73,23.56,23.73,2254
20150120,23.78,23.87,23.76,23.87,5151
20150121,23.99,24.04,23.96,23.96,12131
20150122,24.02,24.33,24.02,24.32,5951
20150123,23.96,23.97,23.89,23.89,4218
20150126,24.05,24.15,24.05,24.15,423
20150127,24.17,24.42,24.16,24.4,7184
20150128,24.55,24.69,24.47,24.61,29891
20150129,24.33,24.66,24.33,24.66,1480
20150130,24.57,24.57,24.48,24.48,5469
20150202,24.48,24.65,24.45,24.65,2496
20150203,24.62,24.77,24.62,24.77,1694
20150204,24.87,24.87,24.83,24.87,1148
20150205,24.86,24.94,24.85,24.86,1789
20150206,24.75,24.79,24.64,24.68,4546
20150209,24.57,24.61,24.45,24.47,8489
20150210,24.6,24.6,24.6,24.6,211
20150212,24.6,24.87,24.59,24.78,2380
20150213,24.88,25.09,24.88,25.06,5257
20150217,25.11,25.2,25.09,25.09,2362
20150218,25.11,25.41,25.11,25.41,2422
20150219,25.2,25.45,25.2,25.32,1374
20150220,25.27,25.54,25.27,25.44,2566
20150223,25.28,25.46,25.27,25.46,1056
20150224,25.18,25.57,25.18,25.49,3583
20150225,25.48,25.63,25.48,25.52,1080
20150226,25.49,25.63,25.47,25.63,1633
20150227,25.52,25.67,25.52,25.67,5589
20150302,25.51,25.51,25.37,25.5,11763
20150303,25.5,25.53,25.42,25.53,11645
20150304,25.42,25.42,25.31,25.32,3486
20150305,25.4,25.45,25.35,25.45,4924
20150306,25.25,25.28,25.09,25.09,2393
20150309,25.16,25.3,25.16,25.3,1553
20150310,24.87,24.87,24.8,24.81,3846
20150311,24.76,24.82,24.67,24.77,5975
20150313,24.67,25,24.67,24.85,4848
20150316,24.96,25.04,24.96,25.04,1226
20150317,24.86,24.93,24.84,24.93,904
20150318,24.78,25.26,24.78,25.26,3809
20150319,24.99,25.02,24.94,25.02,1031
20150320,25.22,25.37,25.22,25.31,2430
20150324,25.31,25.33,25.27,25.31,4684
20150325,25.28,25.28,25.11,25.18,4016
20150327,24.86,25.09,24.86,25.09,3904
20150330,25.13,25.16,25.13,25.13,1842
20150331,24.85,24.9,24.85,24.89,1531
20150401,24.8,24.82,24.8,24.82,1310
20150402,25.27,25.36,25.22,25.36,4108
20150406,25.64,25.76,25.61,25.61,6618
20150407,25.64,25.64,25.59,25.6,6744
20150408,25.91,26.04,25.85,26.04,2609
20150409,26.19,26.33,26.13,26.32,6972
20150410,26.24,26.24,26.19,26.22,1353
20150413,26.03,26.03,25.94,25.96,1596
20150414,25.86,25.97,25.86,25.97,1974
20150415,25.71,25.71,25.71,25.71,836
20150416,26.07,26.15,26.07,26.14,3459
20150417,25.59,25.67,25.55,25.66,13805
20150420,25.57,25.69,25.57,25.67,4367
20150421,25.89,25.89,25.8,25.8,1885
20150422,25.95,25.97,25.95,25.97,10246
20150423,26.03,26.13,26.03,26.07,4745
20150424,26.03,26.1,26.03,26.04,549
20150427,26.13,26.28,26.13,26.17,6233
20150428,26.02,26.07,26.02,26.07,1264
20150429,25.86,26.21,25.86,26.16,8223
20150430,25.91,25.91,25.81,25.81,9815
20150501,25.87,25.87,25.87,25.87,158
20150504,26.04,26.24,26.03,26.24,3448
20150506,25.8,25.8,25.65,25.67,4760
20150507,25.56,25.56,25.53,25.56,1652
20150508,25.98,26.08,25.98,26.07,5577
20150512,26.28,26.28,26.22,26.22,702
20150513,26.53,26.7,26.46,26.55,968
20150514,26.54,26.71,26.54,26.59,1440
20150515,26.87,26.91,26.77,26.88,6034
20150518,26.66,26.67,26.66,26.67,950
20150519,26.78,26.9,26.78,26.86,1506
20150520,27.07,27.13,26.88,27,1458
20150521,26.88,26.88,26.72,26.75,4005
20150522,26.74,26.88,26.74,26.88,3639
20150527,26.7,26.82,26.7,26.82,3740
20150529,26.51,26.57,26.41,26.57,1101
20150601,26.6,26.6,26.52,26.52,2502
20150602,26.79,26.79,26.71,26.71,819
20150603,26.93,26.93,26.91,26.91,1932
20150604,26.68,26.68,26.52,26.52,931
20150605,26.55,26.55,26.45,26.48,1038
20150608,26.51,26.51,26.3,26.31,14754
20150609,26.27,26.29,26.15,26.29,3350
20150610,26.66,26.7,26.6,26.6,25224
20150611,26.88,26.9,26.72,26.9,34204
20150612,26.71,26.71,26.38,26.55,1589
20150615,26.6,26.6,26.6,26.6,211
20150616,26.58,26.58,26.52,26.52,560
20150617,26.52,26.55,26.43,26.49,4465
20150618,26.8,26.8,26.71,26.71,2204
20150619,26.81,26.99,26.81,26.9,5244
20150622,26.98,27.23,26.98,27.23,1806
20150623,27.35,27.36,27.13,27.13,3869
20150625,27.28,27.37,27.12,27.12,1618
20150629,26.37,26.69,26.37,26.55,14118
20150630,26.68,26.76,26.42,26.42,1322
20150701,26.98,26.98,26.72,26.87,2077
20150702,26.6,26.6,26.6,26.6,327
20150706,26.11,26.11,26.03,26.03,773
20150707,25.85,25.85,25.7,25.7,931
20150708,25,25.33,24.88,25.05,11049
20150709,25.57,25.7,25.48,25.54,2588
20150710,25.99,26.09,25.95,25.96,10723
20150713,26.95,26.95,26.18,26.64,2877
20150714,26.53,26.53,26.53,26.53,310
20150715,26.52,26.69,26.47,26.48,2214
20150717,26.65,26.84,26.64,26.84,504
20150720,26.68,26.75,26.57,26.57,5843
20150721,26.6,26.68,26.59,26.66,8108
20150722,26.51,26.51,26.4,26.46,1744
20150723,26.76,26.76,26.76,26.76,1122
20150724,26.7,26.7,26.42,26.42,2454
20150727,26.02,26.04,25.44,25.85,3506
20150728,25.97,26.2,25.97,26.2,423
20150729,26.36,26.36,26.36,26.36,211
20150730,26.25,26.25,26.14,26.14,2352
20150731,26.22,26.22,26.07,26.07,1142
20150803,26.03,26.03,25.83,25.96,6242
20150804,25.99,26.12,25.89,25.96,27045
20150805,26.02,26.29,26.02,26.21,9136
20150806,26.01,26.22,25.97,25.97,5173
20150807,25.9,26.08,25.9,26.02,761
20150810,26.05,26.3,26.04,26.25,9286
20150811,25.71,25.72,25.67,25.67,5720
20150812,25.53,25.57,25.33,25.57,5509
20150813,25.63,25.63,25.63,25.63,1056
20150817,25.53,25.85,25.53,25.84,2019
20150818,25.61,25.61,25.61,25.61,391
20150819,25.11,25.33,25.11,25.33,382
20150820,24.92,24.94,24.43,24.75,8763
20150821,24.22,24.39,24.07,24.2,5690
20150824,22.94,23.73,22.32,23.56,8326
20150825,23.48,24.06,23.47,23.69,7534
20150826,23.57,23.74,23.18,23.74,7637
20150827,24.5,24.55,24.37,24.4,18997
20150828,24.3,24.45,24.25,24.31,24533
20150831,24.31,24.38,24.07,24.09,45620
20150901,23.55,23.63,23.55,23.62,470
20150902,23.44,23.63,23.42,23.6,1414
20150903,23.49,23.89,23.49,23.89,4452
20150904,23.11,23.11,23.06,23.06,1407
20150908,23.49,23.72,23.49,23.72,740
20150909,23.67,23.67,23.51,23.51,53615
20150910,23.22,23.42,23.22,23.42,586
20150911,23.51,23.52,23.44,23.45,1084
20150915,23.8,23.93,23.8,23.93,3458
20150916,24.03,24.03,24.03,24.03,634
20150918,23.8,23.8,23.67,23.67,1454
20150921,23.84,23.9,23.8,23.86,740
20150922,23.86,23.86,23.86,23.86,108
20150925,24,24.22,23.83,23.83,3180
20150929,23.76,23.86,23.61,23.74,21225
20150930,24.15,24.3,24.04,24.04,673
20151001,24.26,24.26,24.04,24.23,38872
20151002,24.39,24.39,24.39,24.39,401
20151005,25.35,25.46,25.25,25.44,2876
20151006,25.27,25.5,25.27,25.45,6364
20151007,25.45,25.45,25.29,25.29,1516
20151008,24.94,25.17,24.93,25.17,1373
20151012,25.2,25.57,25.2,25.46,1622
20151014,25.17,25.17,25.17,25.17,317
20151015,25.5,25.52,25.5,25.51,636
20151016,25.42,25.42,25.42,25.42,211
20151021,25.38,25.38,25.34,25.34,212
20151022,25.56,25.89,25.56,25.89,317
20151023,26.15,26.28,25.96,26.19,16951
20151026,26.12,26.14,26.08,26.14,1314
20151027,26.03,26.03,25.73,25.86,4318
20151029,25.89,25.89,25.58,25.64,941
20151030,25.98,25.98,25.98,25.98,106
20151102,25.91,25.91,25.91,25.91,301
20151105,26.01,26.01,26.01,26.01,317
20151106,25.5,25.64,25.5,25.64,423
20151109,25.52,25.52,25.47,25.47,423
20151111,25.78,25.81,25.78,25.81,634
20151112,25.18,25.51,25.18,25.4,4308
20151113,25.52,25.62,25.52,25.62,634
20151116,25.62,25.81,25.62,25.81,634
20151117,25.77,25.9,25.77,25.9,634
20151118,25.99,26.11,25.98,26.11,747
20151119,26.18,26.34,26.18,26.24,634
20151120,26.31,26.31,26.31,26.31,634
20151123,26.37,26.51,26.37,26.51,502
20151124,26.1,26.5,26.1,26.45,1437
20151125,26.46,26.46,26.46,26.46,106
20151130,26.05,26.13,26.05,26.11,2129
20151201,26.5,26.5,26.5,26.5,330
20151202,26.51,26.51,26.09,26.09,3797
20151203,26.13,26.13,26.13,26.13,106
20151204,26.07,26.07,26.07,26.07,211
20151207,26.05,26.05,26.05,26.05,504
20151208,25.92,25.92,25.92,25.92,198
20151209,25.64,25.64,25.64,25.64,211
20151211,25.3,25.3,25.3,25.3,317
20151214,25.33,25.33,25.23,25.23,758
20151215,25.43,25.53,25.43,25.53,950
20151216,25.75,26,25.75,26,1383
20151217,26.17,26.17,26.04,26.04,404
20151218,25.86,25.95,25.78,25.95,2223
20151221,26.8,26.8,26.05,26.05,1590
20151222,26.36,26.36,26.34,26.34,291
20151223,26.62,26.75,26.62,26.7,1123
20151224,26.78,26.78,26.78,26.78,127
20151228,26.9,26.9,26.65,26.8,3635
20151229,27.09,27.23,27.09,27.23,1079
20151230,27,27,26.85,26.86,1090
20151231,26.81,26.81,26.71,26.71,522
20160104,26.26,26.26,26.26,26.26,104
20160105,26.81,26.81,26.81,26.81,114
20160107,25.82,25.82,25.8,25.8,1505
20160108,25.66,25.89,25.65,25.73,2401
20160111,25.99,25.99,25.73,25.73,1101
20160112,25.85,25.98,25.77,25.78,3216
20160113,25.9,26,25.39,25.4,4797
20160114,25.26,25.39,25.08,25.39,2389
20160115,24.77,24.79,24.61,24.67,13361
20160119,25.26,25.26,24.34,24.62,1289
20160120,24.09,24.35,23.96,24.35,2293
20160121,24.36,24.36,24.32,24.32,490
20160122,24.88,25.09,24.88,25.09,417
20160125,25.17,25.17,25.17,25.17,104
20160126,24.88,25.23,24.88,25.23,2033
20160127,25.02,25.39,24.99,25.3,2397
20160128,25.42,25.42,25.42,25.42,1069
20160129,25.91,25.91,25.91,25.91,104
20160201,26.13,26.46,26.13,26.46,14574
20160202,26.33,26.33,26.05,26.21,1106
20160203,26.07,26.31,26.05,26.05,605
20160204,26.64,26.64,26.64,26.64,146
20160205,26.62,26.62,26.33,26.33,1700
20160208,26.36,26.37,26.04,26.37,1994
20160209,26.46,26.46,26.36,26.36,1459
20160210,26.38,26.38,26.14,26.35,6450
20160211,26.15,26.15,25.79,25.79,3354
20160212,25.98,26.31,25.86,26.31,7239
20160216,26.32,26.32,26.08,26.25,13240
20160217,26.62,26.82,26.62,26.64,6496
20160218,26.87,26.87,26.29,26.46,748
20160219,26.28,26.44,26.28,26.43,1302
20160222,26.88,26.88,26.88,26.88,1460
20160223,26.52,26.52,26.44,26.44,295
20160224,26.2,26.27,26.13,26.27,5027
20160225,26.73,26.8,26.72,26.8,9552
20160229,26.5,26.5,26.5,26.5,1251
20160301,26.65,27.05,26.65,27.04,15221
20160302,27.07,27.27,27.07,27.26,3538
20160303,27.38,27.61,27.38,27.51,5055
20160304,27.97,27.97,27.85,27.93,549
20160307,27.78,27.78,27.78,27.78,150
20160308,27.44,27.44,27.44,27.44,521
20160309,27.55,27.57,27.55,27.57,730
20160310,27.58,27.76,27.51,27.76,1225
20160311,28.18,28.41,28.18,28.3,803
20160314,27.56,27.58,27.56,27.58,417
20160315,27.67,27.67,27.67,27.67,193
20160317,28.39,28.76,28.39,28.67,3205
20160318,28.49,28.8,28.49,28.8,946
20160321,28.63,28.64,28.63,28.64,1027
20160323,28.36,28.61,28.29,28.49,939
20160324,28.29,28.29,28.29,28.29,104
20160329,27.92,28.78,27.77,28.58,18319
20160330,28.9,28.91,28.81,28.84,417
20160401,28.41,28.43,28.41,28.43,297
20160404,28.74,28.74,28.47,28.47,693
20160405,27.89,27.89,27.89,27.89,209
20160406,28.18,28.35,28.18,28.35,600
20160407,28.21,28.21,28.21,28.21,881
20160408,28.45,28.45,28.45,28.45,104
20160411,28.52,28.71,28.52,28.54,2147
20160413,28.6,28.68,28.48,28.68,796
20160414,28.69,28.69,28.62,28.62,1295
20160418,28.77,28.78,28.77,28.78,386
20160419,29.03,29.03,29.03,29.03,144
20160420,28.91,29.2,28.91,29.2,3144
20160421,28.91,28.91,28.91,28.91,1355
20160422,28.78,28.78,28.78,28.78,104
20160425,28.37,28.43,28.31,28.31,766
20160426,29.51,29.51,28.55,28.55,1424
20160427,28.56,28.57,28.55,28.55,626
20160428,28.66,28.68,28.45,28.47,6742
20160429,28.5,28.5,28.13,28.32,8445
20160502,28.88,28.88,28.57,28.57,947
20160503,28.26,28.51,28.26,28.51,2882
20160509,28.54,28.56,28.54,28.55,8141
20160510,28.67,28.75,28.66,28.75,1720
20160511,28.56,28.74,28.56,28.63,1456
20160512,28.76,28.76,28.76,28.76,208
20160513,28.45,28.45,28.21,28.21,10264
20160516,28.39,28.51,28.39,28.51,624
20160517,28.5,28.55,28.5,28.55,1021
20160518,28.29,28.29,28.17,28.17,782
20160519,28.17,28.17,27.94,27.94,1076
20160520,28.51,28.51,28.42,28.42,1032
20160523,28.63,28.63,28.56,28.56,2383
20160525,28.83,28.97,28.83,28.89,438
20160526,29.06,29.06,29.06,29.06,211
20160527,29.11,29.11,29.11,29.11,313
20160531,29.09,29.09,28.94,28.96,18828
20160601,28.95,28.95,28.77,28.86,5003
20160602,29,29.12,29,29.02,2659
20160603,29.35,29.48,29.35,29.48,626
20160606,29.73,29.8,29.66,29.8,2829
20160607,29.93,30.1,29.88,29.88,16690
20160608,29.97,30.19,29.97,30.09,2893
20160610,29.41,29.41,29.41,29.41,344
20160613,29.04,29.08,29,29,1293
20160614,28.91,28.91,28.58,28.65,1035
20160616,28.54,28.67,28.54,28.67,1439
20160617,28.56,28.64,28.56,28.64,3200
20160620,29.14,29.25,29.02,29.02,4971
20160622,29.19,29.19,29.06,29.06,4014
20160624,28.38,28.38,27.85,27.85,3894
20160627,27.76,28.01,27.76,27.91,1053
20160628,28.74,28.87,28.69,28.87,3042
20160629,29.07,29.13,29.07,29.13,1659
20160630,29,29.02,29,29.02,1043
20160701,29.38,29.49,29.38,29.49,313
20160705,29.73,29.73,29.59,29.59,1330
20160707,29.7,29.7,29.7,29.7,209
20160708,29.95,29.95,29.95,29.95,156
20160711,29.82,30.14,29.82,30.14,313
20160713,29.98,29.98,29.75,29.75,1199
20160715,29.4,29.4,29.4,29.4,146
20160718,29.47,29.47,29.47,29.47,386
20160720,29.52,29.52,29.52,29.52,1668
20160721,29.51,29.58,29.49,29.49,8810
20160722,29.58,29.59,29.58,29.59,209
20160725,29.67,29.67,29.4,29.4,208
20160726,29.61,29.64,29.55,29.57,1354
20160728,29.83,29.83,29.78,29.78,574
20160729,30.06,30.06,29.95,29.95,327
20160801,29.97,30.01,29.96,29.97,521
20160802,30.03,30.03,30.03,30.03,2919
20160803,29.94,29.98,29.84,29.98,874
20160804,29.46,29.62,29.46,29.59,896
20160808,29.61,29.61,29.37,29.37,2407
20160809,29.73,29.73,29.73,29.73,209
20160810,30.12,30.12,29.88,29.96,963
20160812,30.05,30.05,29.98,29.98,876
20160815,30.35,30.35,30.19,30.25,1242
20160817,30.12,30.12,29.9,30,2607
20160819,29.77,29.96,29.77,29.88,3856
20160824,30.3,30.41,30.3,30.36,995
20160826,30.19,30.19,29.92,29.92,1223
20160829,29.96,29.96,29.81,29.92,494
20160830,29.71,29.71,29.71,29.71,227
20160902,29.75,29.96,29.75,29.94,58745
20160907,30.39,30.48,30.33,30.44,4691
20160908,30.5,30.56,30.5,30.52,2556
20160909,29.83,29.83,29.49,29.49,1084
20160912,29.25,29.88,29.25,29.86,4762
20160913,29.46,29.48,29.28,29.29,3336
20160914,29.3,29.41,29.3,29.41,209
20160919,29.65,29.65,29.65,29.65,144
20160920,29.75,29.75,29.75,29.75,172
20160921,30.08,30.55,30.06,30.55,6248
20160922,30.54,30.64,30.54,30.64,939
20160923,30.64,30.64,30.49,30.49,1832
20160927,30.85,30.85,30.63,30.64,2827
20160928,30.67,31.13,30.67,31.13,916
20160929,30.73,30.73,30.55,30.61,658
20160930,30.67,30.67,30.67,30.67,136
20161003,30.73,30.73,30.72,30.72,433
20161004,30.69,30.69,30.3,30.37,1052
20161005,30.37,30.37,30.37,30.37,104
20161007,30.14,30.14,30.14,30.14,209
20161010,30.27,30.49,30.27,30.43,938
20161011,30.43,30.43,29.98,29.98,798
20161012,30.1,30.16,30.1,30.15,861
20161013,29.98,30.03,29.68,29.99,2654
20161017,30.18,30.18,30.18,30.18,136
20161018,30.47,30.47,30.45,30.47,4858
20161019,30.65,30.65,30.65,30.65,104
20161020,30.58,30.58,30.36,30.44,730
20161021,30.35,30.35,30.15,30.28,1184
20161024,30.74,30.74,30.7,30.7,234
20161026,30.47,30.47,30.47,30.47,104
20161027,30.24,30.24,30.19,30.19,271
20161028,30.19,30.19,30.13,30.13,406
20161031,30.15,30.15,30.15,30.15,171
20161101,30.15,30.15,29.91,29.92,3996
20161102,30.51,30.51,30.39,30.41,1033
20161103,30.53,30.53,30.27,30.27,1972
20161104,30.16,30.26,30.11,30.11,2397
20161107,30.43,30.46,30.41,30.46,5733
20161108,30.3,30.43,30.3,30.42,424
20161109,30.05,30.35,29.97,30.2,26005
20161110,29.57,29.7,29.47,29.47,2921
20161111,29.24,29.29,29.24,29.26,938
20161114,29.26,29.27,29.17,29.17,678
20161115,29.22,29.43,29.22,29.43,1747
20161116,29.3,29.3,29.22,29.22,5917
20161117,29.48,29.48,29.39,29.44,2540
20161118,29.3,29.3,29.28,29.28,12549
20161121,29.26,29.26,29.26,29.26,272
20161122,29.65,29.65,29.63,29.63,425
20161123,29.54,29.62,29.53,29.62,23081
20161125,29.38,29.53,29.38,29.51,3336
20161128,29.78,29.83,29.76,29.82,2630
20161129,29.82,29.87,29.74,29.79,4798
20161130,29.86,29.88,29.78,29.79,18762
20161201,29.85,29.85,29.61,29.61,1178
20161202,29.67,29.67,29.67,29.67,1042
20161206,29.81,29.88,29.79,29.87,33161
20161207,29.87,30.09,29.87,30.09,936
20161208,30.15,30.23,30.15,30.22,1751
20161209,29.88,30.04,29.88,30.04,208
20161212,30.16,30.4,30.16,30.4,510
20161213,30.62,30.66,30.58,30.58,11120
20161214,30.49,30.49,29.93,29.93,1139
20161215,29.82,29.95,29.82,29.82,2153
20161216,30,30,30,30,3023
20161219,30.22,30.22,30.17,30.22,1498
20161220,30.32,30.41,30.32,30.35,10634
20161221,30.27,30.27,30.27,30.27,323
20161222,30.14,30.15,30.14,30.15,600
20161223,30.2,30.2,30.2,30.2,986
20161227,30.43,30.43,30.42,30.42,884
20161228,30.44,30.44,30.37,30.43,2775
20161230,30.54,30.68,30.5,30.52,4834
20170103,30.63,30.69,30.61,30.64,12566
20170104,31.03,31.08,30.95,31.02,6460
20170105,31.25,31.4,31.25,31.36,7828
20170106,31.26,31.36,31.23,31.31,2321
20170109,31.39,31.39,31.24,31.31,412
20170110,31.29,31.29,31.08,31.1,4244
20170111,31.21,31.33,31.09,31.32,12220
20170112,31.15,31.15,31.15,31.15,301
20170117,31.11,31.12,31.1,31.12,583
20170120,31.07,31.07,30.94,30.94,721
20170123,31.02,31.19,31.02,31.19,1468
20170124,31.29,31.44,31.28,31.4,1545
20170125,31.22,31.46,31.22,31.46,1158
20170126,31.32,31.32,31.31,31.31,1478
20170130,31.28,31.28,31.23,31.23,309
20170131,31.41,31.41,31.4,31.4,309
20170201,31.67,31.69,31.67,31.69,787
20170202,31.51,31.51,31.51,31.51,282
20170203,31.65,31.66,31.65,31.66,442
20170206,31.57,31.57,31.49,31.49,1119
20170207,31.64,31.72,31.58,31.58,1899
20170208,31.7,31.7,31.56,31.62,23193
20170209,31.78,31.99,31.76,31.97,38251
20170210,31.96,32.07,31.95,32.03,11775
20170213,32.06,32.2,32.06,32.18,3535
20170214,31.96,31.99,31.95,31.95,618
20170215,32.09,32.09,32.09,32.09,236
20170216,32.12,32.12,32.12,32.12,132
20170217,32.1,32.21,32.1,32.21,1512
20170221,32.09,32.13,32.09,32.13,221
20170222,32.05,32.05,32.02,32.02,942
20170224,32.14,32.14,32.04,32.08,5227
20170228,32.02,32.07,31.98,31.98,11012
20170301,32.2,32.3,32.2,32.3,2638
20170302,31.95,31.99,31.95,31.99,206
20170303,31.91,31.98,31.91,31.98,1339
20170306,31.89,31.96,31.87,31.87,458
20170307,31.84,31.9,31.8,31.81,19449
20170308,31.7,31.72,31.7,31.72,534
20170310,31.76,31.8,31.75,31.8,1969
20170313,31.93,32.04,31.93,31.95,1030
20170315,31.95,32.27,31.95,32.26,2060
20170316,32.2,32.28,32.2,32.28,412
20170317,32.36,32.36,32.36,32.36,382
20170320,32.31,32.31,32.31,32.31,216
20170321,32.32,32.32,32.19,32.23,670
20170322,32.33,32.33,32.33,32.33,1943
20170324,31.96,31.96,31.8,31.8,1095
20170327,31.88,31.88,31.88,31.88,103
20170328,31.94,32.09,31.94,32.09,515
20170329,32.05,32.07,32.05,32.07,1010
20170330,31.82,31.86,31.8,31.82,22538
20170331,31.34,31.47,31.34,31.45,1390
20170403,31.57,31.57,31.48,31.55,1133
20170404,31.51,31.55,31.51,31.55,721
20170405,31.58,31.62,31.58,31.62,2472
20170406,31.31,31.45,31.31,31.44,15001
20170407,31.44,31.45,31.44,31.44,1133
20170410,31.29,31.38,31.29,31.37,2910
20170411,31.32,31.45,31.29,31.44,6077
20170412,31.44,31.46,31.38,31.38,4841
20170413,31.37,31.42,31.32,31.38,22124
20170418,31.3,31.36,31.26,31.32,2266
20170419,31.44,31.44,31.33,31.33,1545
20170424,31.67,31.85,31.67,31.79,6118
20170425,32.03,32.08,31.98,32.02,7818
20170426,31.89,32.11,31.89,32.1,3669
20170427,31.95,31.96,31.95,31.96,206
20170501,32.11,32.11,32.11,32.11,103
20170502,32.06,32.06,32.04,32.04,1715
20170503,31.98,31.98,31.86,31.9,1906
20170504,31.86,31.94,31.84,31.94,2009
20170505,31.91,32.11,31.91,32.11,2163
20170509,32.12,32.12,32.09,32.09,1236
20170510,32.11,32.11,32.11,32.11,515
20170511,31.97,31.97,31.97,31.97,103
20170512,31.9,31.9,31.9,31.9,668
20170515,32.29,32.45,32.29,32.45,1318
20170516,32.39,32.39,32.36,32.36,1318
20170517,32.53,32.53,32.42,32.43,1266
20170518,32.52,32.59,32.51,32.59,1214
20170519,32.72,32.97,32.72,32.97,751
20170522,33.05,33.06,33.02,33.06,1380
20170523,33.17,33.19,33.17,33.19,206
20170524,33.29,33.3,33.29,33.29,627
20170525,33.42,33.42,33.42,33.42,236
20170526,33.26,33.26,33.26,33.26,236
20170530,33.27,33.27,33.27,33.27,321
20170531,33.19,33.19,33.13,33.13,1812
20170601,33.3,33.3,33.3,33.3,103
20170602,33.41,33.41,33.41,33.41,389
20170605,33.61,33.64,33.61,33.64,206
20170606,33.63,33.67,33.52,33.65,4575
20170608,33.58,33.68,33.58,33.68,1538
20170609,33.75,33.75,33.75,33.75,154
20170612,33.75,33.75,33.69,33.69,2462
20170613,33.87,33.92,33.87,33.9,3022
20170614,34.28,34.28,34.07,34.07,1575
20170615,33.89,33.91,33.85,33.88,2802
20170616,33.72,33.72,33.54,33.63,412
20170619,33.69,33.77,33.69,33.75,485
20170620,33.57,33.57,33.49,33.49,602
20170621,33.53,33.54,33.5,33.51,4532
20170622,33.6,33.61,33.6,33.6,309
20170623,33.35,33.39,33.25,33.39,850
20170626,33.5,33.5,33.43,33.43,283
20170627,33.31,33.31,33.23,33.28,522
20170628,33.15,33.26,33.15,33.26,309
20170629,32.98,32.99,32.85,32.98,1192
20170703,32.86,32.98,32.86,32.98,659
20170705,32.65,32.78,32.65,32.73,360
20170706,32.65,32.65,32.49,32.5,1833
20170707,32.58,32.58,32.58,32.58,103
20170710,32.42,32.72,32.42,32.7,1424
20170711,32.61,32.7,32.61,32.7,618
20170712,32.88,32.92,32.88,32.91,723
20170714,33.28,33.28,33.28,33.28,141
20170717,33.21,33.25,33.21,33.25,632
20170718,33.1,33.19,33.1,33.15,1370
20170719,33.4,33.4,33.4,33.4,103
20170724,33.45,33.51,33.44,33.44,418
20170728,33.47,33.49,33.47,33.49,639
20170731,33.38,33.47,33.38,33.47,973
20170801,33.73,33.73,33.63,33.63,475
20170802,33.35,33.35,33.35,33.35,618
20170803,33.09,33.17,33,33.1,28561
20170804,33.27,33.3,33.18,33.24,1957
20170807,33.28,33.28,33.25,33.25,618
20170809,33.25,33.25,33.25,33.25,111
20170810,33.04,33.04,33.04,33.04,515
20170811,32.88,32.95,32.88,32.95,721
20170814,33.29,33.31,33.27,33.28,2009
20170816,33.26,33.4,33.26,33.4,7274
20170818,33.04,33.06,33.02,33.02,1823
20170821,32.91,32.94,32.91,32.92,646
20170824,32.98,33.01,32.98,33.01,358
20170825,32.9,32.9,32.9,32.9,206
20170828,32.99,32.99,32.96,32.96,347
20170829,32.87,32.87,32.87,32.87,515
20170830,32.84,32.84,32.84,32.84,196
20170901,33.48,33.54,33.46,33.54,927
20170905,33.19,33.19,33.01,33.02,727
20170906,33.35,33.35,33.33,33.34,1291
20170907,33.31,33.34,33.31,33.34,877
20170908,33.37,33.41,33.37,33.41,1023
20170911,33.53,33.65,33.53,33.6,2038
20170912,33.66,33.69,33.66,33.66,321
20170913,33.46,33.46,33.46,33.46,103
20170914,33.56,33.57,33.56,33.57,511
20170915,33.53,33.6,33.53,33.6,822
20170918,33.82,33.82,33.75,33.81,3745
20170919,33.87,33.92,33.83,33.92,5086
20170920,33.97,33.97,33.85,33.87,1204
20170921,33.74,33.74,33.74,33.74,103
20170922,33.8,33.8,33.77,33.77,416
20170925,33.69,33.69,33.69,33.69,309
20170927,33.43,33.43,33.09,33.38,1440
20170929,33.57,33.57,33.57,33.57,314
20171002,33.63,33.69,33.57,33.69,649
20171006,33.84,33.84,33.67,33.74,353
20171009,33.91,33.91,33.91,33.91,103
20171010,34.13,34.13,34.13,34.13,824
20171011,34.34,34.34,34.34,34.34,206
20171012,34.41,34.47,34.41,34.47,1563
20171013,34.54,34.54,34.54,34.54,306
20171016,34.61,34.61,34.53,34.53,1511
20171017,34.35,34.35,34.29,34.3,2708
20171018,34.3,34.38,34.3,34.38,1678
20171019,34.11,34.15,34.04,34.14,5150
20171020,34.16,34.16,34.16,34.16,412
20171023,34.21,34.21,34.21,34.21,1030
20171024,34.26,34.26,34.24,34.24,2027
20171025,33.83,33.88,33.79,33.88,2176
20171026,34.11,34.23,34.11,34.16,1545
20171027,34.1,34.25,34.1,34.25,1790
20171030,34.17,34.17,34.03,34.03,448
20171031,34,34,34,34,206
20171101,34.4,34.4,34.28,34.28,1648
20171102,33.84,33.84,33.79,33.79,1164
20171103,33.8,33.8,33.76,33.8,993
20171106,33.74,33.78,33.69,33.78,6488
20171107,33.52,33.52,33.52,33.52,103
20171108,33.77,33.83,33.77,33.83,826
20171109,33.83,33.83,33.83,33.83,257
20171110,33.36,33.37,33.33,33.33,1618
20171113,33.21,33.21,33.21,33.21,264
20171114,33.24,33.27,33.23,33.23,1076
20171115,32.97,33,32.97,32.99,1245
20171116,33.37,33.37,33.37,33.37,648
20171117,33.4,33.4,33.4,33.4,113
20171120,33.43,33.43,33.43,33.43,214
20171121,33.84,33.84,33.84,33.84,139
20171122,33.71,33.71,33.71,33.71,103
20171127,33.58,33.58,33.58,33.58,118
20171128,33.71,33.71,33.71,33.71,515
20171129,33.73,33.73,33.73,33.73,103
20171130,34.01,34.01,34.01,34.01,129
20171201,33.85,33.85,33.85,33.85,103
20171204,34.03,34.03,34.03,34.03,355
20171205,33.94,34.04,33.94,33.99,1978
20171206,33.8,33.8,33.79,33.79,546
20171207,33.88,33.88,33.88,33.88,206
20171208,33.98,33.98,33.98,33.98,243
20171211,34.06,34.06,33.98,34,1411
20171212,34.07,34.08,34.05,34.08,545
20171213,34.26,34.26,34.26,34.26,236
20171214,34.32,34.32,34.16,34.16,1266
20171215,34.31,34.32,34.31,34.32,751
20171218,34.35,34.44,34.35,34.44,1164
20171219,34.37,34.37,34.09,34.09,494
20171220,33.94,33.95,33.94,33.95,1030
20171221,34.08,34.08,34.08,34.08,443
20171222,34.13,34.14,34.13,34.14,309
20171226,34.16,34.16,34.16,34.16,316
20171227,34.42,34.44,34.33,34.33,11808
20171228,34.37,34.37,34.36,34.36,204
20171229,34.35,34.35,34.21,34.21,204
20180102,34.36,34.36,34.34,34.34,408
20180103,34.53,34.59,34.53,34.59,627
20180105,34.81,34.81,34.7,34.72,651
20180108,34.71,34.77,34.71,34.77,483
20180109,34.8,34.8,34.8,34.8,153
20180110,34.6,34.6,34.6,34.6,189
20180111,34.5,34.62,34.5,34.6,8315
20180112,34.56,34.67,34.52,34.67,582
20180116,34.68,34.68,34.54,34.55,2865
20180117,34.67,34.79,34.63,34.71,1224
20180118,34.55,34.55,34.55,34.55,289
20180119,34.66,34.66,34.66,34.66,104
20180122,34.81,34.86,34.73,34.86,641
20180123,34.9,34.92,34.9,34.92,259
20180124,35.12,35.12,34.93,35.1,869
20180125,34.91,35.09,34.81,34.9,3775
20180126,35.24,35.25,35.24,35.25,386
20180129,35.08,35.08,34.96,34.97,1249
20180130,34.59,34.59,34.56,34.56,502
20180131,34.68,34.68,34.5,34.5,765
20180201,34.51,34.51,34.45,34.45,2652
20180202,34.37,34.37,34.03,34.03,5419
20180205,33.53,33.55,32.54,32.55,8748
20180206,32.13,32.76,32.07,32.76,37164
20180207,32.53,32.68,32.32,32.32,1587
20180208,32.18,32.18,31.49,31.49,20111
20180209,31.8,31.8,30.99,31.25,2797
20180212,31.94,32.15,31.81,32.15,2377
20180213,31.84,32.06,31.81,32,17032
20180214,31.88,32.57,31.86,32.57,5602
20180215,32.57,32.57,32.51,32.52,2839
20180216,32.83,33.04,32.83,32.83,2901
20180220,32.73,32.92,32.68,32.68,2913
20180221,32.97,33.19,32.75,32.75,4441
20180222,32.75,32.82,32.61,32.61,2133
20180223,32.64,32.83,32.64,32.83,670
20180226,32.99,32.99,32.98,32.99,912
20180227,32.99,33.11,32.81,32.82,2712
20180228,32.85,32.85,32.85,32.85,766
20180301,32.34,32.4,32.01,32.03,3497
20180302,31.91,32.26,31.91,32.25,1282
20180305,32.39,32.6,32.39,32.6,2296
20180306,32.87,32.87,32.71,32.71,649
20180307,32.59,32.65,32.59,32.65,797
20180308,32.72,32.73,32.67,32.67,2061
20180309,33.07,33.21,33.07,33.21,1973
20180312,33.15,33.15,32.95,32.95,2257
20180313,33.06,33.13,32.77,32.77,1688
20180314,33.02,33.02,32.85,32.85,697
20180315,32.83,32.84,32.68,32.73,1116
20180316,32.73,32.73,32.63,32.69,1425
20180319,32.31,32.33,32.11,32.11,1964
20180320,32.28,32.28,32.25,32.25,1331
20180321,32.29,32.29,32.29,32.29,408
20180322,31.98,32.03,31.71,31.71,3418
20180323,31.62,31.63,31.47,31.55,1838
20180326,31.73,31.73,31.7,31.7,584
20180327,32.16,32.16,31.83,31.85,2755
20180328,31.93,32.04,31.9,32.02,2764
20180329,32.25,32.47,32.23,32.47,3881
20180402,32.29,32.3,31.78,31.79,2979
20180403,32.2,32.23,32.18,32.18,566
20180404,32.05,32.65,32.04,32.65,1839
20180405,32.8,32.97,32.8,32.97,1771
20180406,32.89,32.89,32.74,32.81,1149
20180409,33.07,33.24,33.05,33.06,3671
20180410,33.17,33.29,33.16,33.25,4185
20180411,32.99,33.02,32.92,32.92,7105
20180412,33.03,33.04,33.03,33.04,746
20180413,33.1,33.1,33,33.03,3920
20180416,33.46,33.52,33.41,33.52,1581
20180417,33.61,33.61,33.61,33.61,156
20180418,33.86,33.86,33.86,33.86,398
20180420,33.44,33.48,33.44,33.48,1465
20180423,33.38,33.38,33.38,33.38,128
20180424,33.24,33.27,32.83,32.96,30370
20180425,33.11,33.11,33.11,33.11,12044
20180426,33.41,33.52,33.4,33.52,1052
20180430,33.4,33.4,33.4,33.4,103
20180501,33.03,33.03,32.78,32.78,663
20180502,32.84,32.84,32.84,32.84,510
20180503,32.88,32.96,32.88,32.96,306
20180504,32.87,33.12,32.86,33.12,1714
20180509,32.81,32.86,32.81,32.86,2041
20180510,32.84,32.96,32.81,32.83,5539
20180511,33.13,33.17,33.04,33.09,2930
20180514,33.22,33.22,33.22,33.22,451
20180516,32.95,33.05,32.94,33.05,3702
20180517,33,33.01,33,33.01,919
20180518,32.85,32.85,32.85,32.85,204
20180521,32.94,33.02,32.94,32.97,2141
20180522,33.13,33.13,33.08,33.08,1326
20180523,32.76,32.79,32.76,32.78,1223
20180524,32.9,32.97,32.77,32.97,2227
20180529,32.71,32.71,32.66,32.67,1428
20180530,32.94,33.07,32.94,33.07,1323
20180531,33.13,33.13,33.13,33.13,510
20180601,33.17,33.19,33.17,33.19,612
20180605,33.25,33.25,33.25,33.25,510
20180606,33.59,33.59,33.59,33.59,306
20180607,33.33,33.34,33.33,33.34,1378
20180608,33.26,33.26,33.26,33.26,599
20180611,33.51,33.51,33.51,33.51,102
20180614,33.26,33.26,33.26,33.26,510
20180615,32.94,32.94,32.91,32.91,306
20180618,32.79,32.89,32.79,32.89,956
20180619,32.39,32.53,32.37,32.53,2142
20180621,32.68,32.68,32.61,32.61,1171
20180622,32.68,32.75,32.68,32.75,1078
20180625,32.65,32.65,32.32,32.32,972
20180626,32.67,32.67,32.66,32.66,816
20180627,32.84,32.84,32.56,32.57,7107
20180628,32.25,32.32,32.16,32.32,1022
20180629,32.5,32.52,32.48,32.48,1656
20180702,31.91,31.91,31.91,31.91,306
20180703,31.8,31.85,31.78,31.78,1756
20180705,31.87,31.98,31.87,31.88,14565
20180706,31.68,31.88,31.68,31.88,342
20180709,32.09,32.09,32.09,32.09,306
20180711,31.35,31.35,31.35,31.35,204
20180712,31.44,31.45,31.44,31.45,1535
20180713,31.57,31.57,31.41,31.46,857
20180716,31.47,31.57,31.47,31.57,246
20180717,31.78,31.94,31.78,31.93,1044
20180718,31.84,31.89,31.81,31.85,765
20180719,31.54,31.68,31.54,31.68,571
20180720,31.71,31.74,31.67,31.67,867
20180723,31.53,31.58,31.53,31.58,510
20180725,31.67,31.67,31.51,31.55,3434
20180726,32,32,32,32,449
20180727,32.2,32.2,32.2,32.2,102
20180730,31.98,31.98,31.98,31.98,208
20180731,31.87,32.03,31.87,32.01,5002
20180803,31.74,31.74,31.74,31.74,102
20180806,31.77,31.77,31.67,31.67,204
20180807,31.93,31.93,31.88,31.88,1456
20180808,31.81,31.87,31.81,31.87,1060
20180809,31.72,31.72,31.72,31.72,139
20180810,31.35,31.35,31.34,31.34,510
20180813,30.81,30.81,30.8,30.8,612
20180814,30.88,30.88,30.78,30.78,2188
20180815,30.61,30.69,30.61,30.69,6548
20180816,30.97,30.97,30.96,30.96,817
20180817,31.07,31.39,30.97,31.39,8190
20180820,31.4,31.4,31.33,31.39,3197
20180821,31.62,31.72,31.62,31.72,1247
20180822,31.69,31.75,31.69,31.75,714
20180823,31.61,31.61,31.61,31.61,102
20180824,31.77,31.81,31.77,31.81,285
20180827,31.81,31.83,31.81,31.83,1174
20180828,31.7,31.78,31.63,31.63,1345
20180829,31.64,31.78,31.64,31.76,2526
20180830,31.65,31.67,31.54,31.54,3219
20180831,31.54,31.54,31.45,31.45,1428
20180905,30.83,30.83,30.73,30.79,1857
20180906,30.71,30.71,30.69,30.69,332
20180907,30.51,30.61,30.51,30.55,3877
20180910,30.42,30.42,30.41,30.41,606
20180911,30.36,30.48,30.36,30.45,5087
20180912,30.5,30.68,30.5,30.68,3723
20180913,30.8,30.8,30.62,30.62,2195
20180914,30.65,30.65,30.56,30.59,2143
20180917,30.53,30.64,30.47,30.47,2567
20180918,30.78,30.89,30.67,30.86,6423
20180919,30.83,31.03,30.83,30.92,6295
20180920,31.23,31.28,31.23,31.27,1968
20180921,31.29,31.37,31.28,31.28,1787
20180924,31.26,31.28,31.17,31.19,2232
20180925,31.26,31.26,31.23,31.23,413
20180926,31.31,31.44,31.31,31.36,1225
20180927,31.32,31.32,31.32,31.32,825
20180928,31.28,31.28,31.14,31.21,12544
20181001,31.14,31.18,31.06,31.08,2406
20181002,31.05,31.11,31,31.07,1150
20181003,30.98,31.12,30.98,30.98,1387
20181004,30.61,30.61,30.56,30.56,204
20181005,30.36,30.36,30.36,30.36,204
20181008,30.24,30.24,30.24,30.24,107
20181009,30.25,30.25,30.22,30.25,897
20181010,29.95,29.95,29.66,29.66,269
20181011,29.76,29.76,29.43,29.43,1021
20181012,29.53,29.53,29.26,29.37,612
20181015,29.33,29.41,29.28,29.37,2946
20181016,29.74,29.75,29.74,29.75,255
20181017,29.88,29.88,29.77,29.77,873
20181018,29.8,29.8,29.37,29.37,854
20181019,29.53,29.64,29.53,29.55,2706
20181022,29.77,29.77,29.53,29.59,3164
20181023,29.06,29.29,28.92,29.27,2174
20181024,29.08,29.12,28.39,28.41,1764
20181025,28.61,29.02,28.61,29.02,1836
20181029,28.67,28.67,28.62,28.62,459
20181030,28.53,28.57,28.45,28.55,2835
20181031,28.92,29.06,28.92,29.04,2161
20181101,29.32,29.38,29.31,29.33,1020
20181102,29.39,29.39,29.15,29.23,306
20181105,29.35,29.39,29.27,29.31,1036
20181106,29.5,29.52,29.49,29.52,1105
20181107,29.92,30.05,29.92,30.05,1023
20181108,30.06,30.06,29.95,29.95,1801
20181109,30.05,30.06,29.94,29.96,1224
20181112,29.98,29.98,29.98,29.98,102
20181113,29.71,29.92,29.71,29.81,903
20181114,29.59,29.68,29.53,29.53,510
20181115,29.68,29.98,29.68,29.98,1122
20181116,30.09,30.36,30.09,30.36,4294
20181119,30.21,30.27,30.15,30.27,306
20181120,30.04,30.04,29.95,29.95,204
20181121,30.19,30.25,30.18,30.24,1183
20181126,30.43,30.43,30.38,30.43,510
20181127,30.41,30.41,30.34,30.34,444
20181128,30.37,30.71,30.27,30.69,3040
20181129,30.7,30.7,30.63,30.63,735
20181130,30.66,30.86,30.61,30.86,29435
20181203,31.63,31.65,31.44,31.44,1385
20181204,31.15,31.15,31.15,31.15,408
20181206,30.61,30.76,30.61,30.76,857
20181207,30.9,30.9,30.57,30.57,4390
20181210,30.45,30.45,29.99,30.01,1359
20181211,30.39,30.41,30.16,30.16,744
20181212,30.57,30.59,30.56,30.59,2071
20181213,30.63,30.7,30.53,30.53,1873
20181214,30.52,30.52,30.48,30.48,234
20181217,30.37,30.5,29.99,30.01,785
20181218,30.4,30.4,30.4,30.4,132
20181219,30.29,30.4,29.71,29.71,489
20181220,29.79,29.8,29.61,29.61,1011
20181221,29.26,29.26,28.72,28.78,2665
20181224,28.72,28.72,28.45,28.46,487
20181226,28.65,29.28,28.54,29.28,1741
20181227,28.81,28.81,28.69,28.69,336
20181228,29.7,29.74,29.62,29.74,994
20181231,29.82,29.83,29.67,29.74,773
20190102,29.95,29.95,29.92,29.92,232
20190103,29.64,29.66,29.64,29.66,535
20190104,30.44,30.84,30.44,30.79,1252
20190107,30.97,30.99,30.97,30.99,434
20190108,31.13,31.25,31.13,31.25,389
20190109,31.32,31.32,31.32,31.32,232
20190110,31.07,31.42,31.07,31.42,2404
20190111,31.12,31.12,31.12,31.12,30
20190114,31.06,31.06,31,31,1189
20190115,31.07,31.1,31,31,1345
20190116,31.24,31.3,31.24,31.28,1445
20190117,31.15,31.25,31.15,31.25,1304
20190118,31.51,31.72,31.51,31.69,1345
20190122,31.53,31.53,31.38,31.44,928
20190123,31.41,31.41,31.41,31.41,131
20190124,31.47,31.47,31.47,31.47,30
20190125,31.7,31.72,31.7,31.72,1180
20190128,31.79,31.79,31.6,31.6,1263
20190129,31.95,32.01,31.95,32.01,262
20190130,32.05,32.17,31.81,32.17,10507
20190131,32.05,32.07,31.97,31.97,439
20190201,32.07,32.07,32.07,32.07,233
20190204,31.92,31.92,31.92,31.92,131
20190205,32.1,32.1,32.1,32.1,131
20190206,31.88,31.88,31.81,31.81,518
20190207,31.13,31.18,31.13,31.18,738
20190208,31.07,31.09,31.07,31.09,232
20190211,31.02,31.02,31.01,31.02,561
20190212,31.37,31.41,31.37,31.4,689
20190213,31.39,31.39,31.39,31.39,30
20190214,31.24,31.27,31.24,31.27,259
20190215,31.49,31.49,31.49,31.49,232
20190219,31.56,31.57,31.56,31.57,232
20190220,31.78,31.78,31.76,31.76,429
20190221,31.77,31.77,31.75,31.75,232
20190222,32.11,32.12,32.01,32.01,690
20190225,31.94,31.94,31.94,31.94,30
20190226,31.97,32,31.96,31.96,1243
20190227,31.81,31.82,31.81,31.81,481
20190228,31.58,31.58,31.58,31.58,232
20190301,31.63,31.63,31.63,31.63,192
20190304,31.65,31.65,31.65,31.65,131
20190305,31.56,31.56,31.56,31.56,202
20190306,31.53,31.54,31.45,31.45,737
20190307,31.23,31.23,31.08,31.13,687
20190308,31.03,31.03,31.03,31.03,131
20190311,31.32,31.57,31.32,31.57,1141
20190312,31.51,31.51,31.51,31.51,131
20190313,31.6,31.6,31.57,31.57,394
20190314,31.29,31.29,31.26,31.26,333
20190315,31.47,31.48,31.47,31.48,308
20190318,31.62,31.62,31.62,31.62,131
20190319,31.58,31.71,31.58,31.64,900
20190320,31.32,31.64,31.32,31.64,3264
20190321,31.52,31.77,31.52,31.77,1344
20190322,31.3,31.32,31.3,31.32,232
20190325,31.26,31.26,31.26,31.26,131
20190326,31.61,31.61,31.47,31.47,737
20190327,31.47,31.47,31.29,31.29,1698
20190328,31.56,31.66,31.56,31.65,333
20190329,31.71,31.79,31.71,31.77,788
20190401,32.08,32.09,32.08,32.09,2421
20190402,31.89,31.9,31.84,31.9,535
20190403,32.03,32.03,31.91,31.91,737
20190404,32,32,32,32,252
20190405,32.27,32.27,32.27,32.27,131
20190408,32.29,32.29,32.29,32.29,30
20190409,31.92,31.92,31.92,31.92,30
20190410,31.94,31.99,31.94,31.99,434
20190411,31.97,31.97,31.97,31.97,30
20190412,32.32,32.33,32.3,32.33,1849
20190415,32.35,32.35,32.35,32.35,30
20190416,32.4,32.4,32.4,32.4,232
20190417,32.5,32.5,32.5,32.5,30
20190418,32.31,32.31,32.27,32.27,320
20190422,32.23,32.23,32.23,32.23,131
20190423,32.25,32.28,32.23,32.23,1041
20190424,32.12,32.12,32.12,32.12,30
20190425,32.18,32.18,32.12,32.12,535
20190426,32.35,32.43,32.35,32.43,333
20190429,32.56,32.56,32.56,32.56,30
20190430,32.51,32.51,32.48,32.48,268
20190501,32.6,32.64,32.54,32.54,636
20190502,32.45,32.62,32.45,32.62,485
20190503,32.92,32.93,32.92,32.93,333
20190506,32.46,32.61,32.46,32.61,434
20190507,32.66,32.71,32.46,32.46,333
20190508,32.3,32.43,32.3,32.43,577
20190509,31.6,31.95,31.6,31.95,232
20190510,31.88,32.31,31.88,32.26,2603
20190513,31.48,31.48,31.38,31.38,333
20190514,31.86,31.9,31.79,31.9,410
20190515,31.92,31.92,31.92,31.92,232
20190516,32.32,32.42,32.32,32.41,636
20190517,32.16,32.23,31.98,31.98,1141
20190520,31.7,31.71,31.7,31.71,333
20190521,31.86,31.86,31.86,31.86,333
20190522,31.55,31.56,31.55,31.56,434
20190523,31.4,31.4,31.4,31.4,131
20190524,31.58,31.58,31.58,31.58,131
20190528,31.4,31.4,31.4,31.4,30
20190529,31.2,31.21,31.11,31.15,1048
20190530,30.73,30.9,30.73,30.86,1016
20190531,30.7,30.74,30.67,30.68,939
20190603,30.79,30.84,30.75,30.76,2558
20190604,30.88,30.96,30.88,30.96,839
20190605,31.16,31.16,31.16,31.16,131
20190606,31.03,31.03,31.03,31.03,131
20190607,31.57,31.57,31.57,31.57,131
20190610,31.77,31.77,31.76,31.76,940
20190611,31.99,31.99,31.86,31.86,434
20190612,31.99,31.99,31.85,31.85,434
20190613,32,32,32,32,30
20190614,31.71,31.71,31.71,31.71,30
20190617,31.73,31.77,31.62,31.77,2498
20190618,31.98,32.07,31.98,32.01,1343
20190619,32,32.14,32,32.03,384
20190620,32.29,32.29,32.29,32.29,30
20190621,32.2,32.2,32.2,32.2,192
20190624,32.09,32.09,32.09,32.09,182
20190625,32.15,32.15,32.06,32.06,8930
20190626,32.07,32.07,32.07,32.07,30
20190627,32.19,32.19,32.19,32.19,131
20190628,32.3,32.3,32.3,32.3,333
20190701,32.65,32.65,32.54,32.54,542
20190702,32.52,32.52,32.52,32.52,135
20190703,32.95,32.95,32.95,32.95,434
20190705,32.73,32.73,32.73,32.73,131
20190708,32.53,32.53,32.46,32.46,356
20190709,32.38,32.38,32.38,32.38,30
20190710,32.42,32.42,32.42,32.42,134
20190711,32.31,32.31,32.31,32.31,30
20190712,32.3,32.3,32.3,32.3,30
20190715,32.48,32.48,32.29,32.35,1787
20190716,32.51,32.51,32.47,32.47,535
20190717,32.34,32.34,32.2,32.27,6642
20190718,32.07,32.24,32.06,32.24,816
20190719,32.53,32.53,32.42,32.42,535
20190722,32.18,32.28,32.16,32.28,838
20190723,32.32,32.32,32.25,32.25,434
20190724,32.35,32.35,32.35,32.35,636
20190725,32.18,32.18,32.18,32.18,30
20190726,32.22,32.22,32.22,32.22,133
20190729,32.17,32.17,32.17,32.17,131
20190730,32.22,32.25,32.22,32.25,737
20190731,32.09,32.12,31.83,31.83,1265
20190801,31.64,31.64,31.43,31.52,939
20190802,31.19,31.22,31.19,31.22,1419
20190805,30.63,30.63,30.22,30.22,434
20190806,30.53,30.53,30.31,30.38,5184
20190807,30.71,30.71,30.71,30.71,30
20190808,30.76,30.76,30.76,30.76,131
20190809,31.09,31.09,30.93,31.06,434
20190812,30.8,30.8,30.51,30.51,1183
20190813,31.04,31.2,30.87,30.88,2151
20190814,30.25,30.25,30.04,30.04,737
20190815,29.98,30.06,29.92,29.92,1775
20190816,30.5,30.5,30.5,30.5,131
20190819,30.67,30.67,30.57,30.58,778
20190820,30.56,30.56,30.56,30.56,131
20190821,30.66,30.66,30.66,30.66,30
20190822,30.72,30.72,30.72,30.72,30
20190823,30.18,30.18,30.17,30.17,232
20190826,30.34,30.34,30.22,30.27,3972
20190827,29.96,29.96,29.91,29.91,333
20190828,29.99,29.99,29.99,29.99,131
20190829,30.36,30.45,30.34,30.45,2152
20190830,30.65,30.65,30.65,30.65,30
20190903,30.27,30.27,30.27,30.27,131
20190904,30.52,30.7,30.52,30.7,1334
20190905,30.87,30.87,30.87,30.87,131
20190906,30.97,30.97,30.97,30.97,131
20190909,31.31,31.31,31.31,31.31,30
20190910,31.34,31.34,31.34,31.34,173
20190911,31.54,31.54,31.54,31.54,4175
20190912,31.83,31.83,31.69,31.69,232
20190913,32.02,32.02,32.02,32.02,30
20190916,31.94,31.94,31.82,31.91,1269
20190917,31.92,31.93,31.92,31.93,232
20190918,31.81,31.85,31.73,31.8,1289
20190919,31.92,31.92,31.92,31.92,30
20190920,31.88,31.88,31.88,31.88,316
20190923,31.72,31.72,31.72,31.72,30
20190924,31.58,31.58,31.58,31.58,131
20190925,31.59,31.59,31.59,31.59,30
20190926,31.44,31.44,31.44,31.44,131
20190927,31.18,31.18,31.18,31.18,131
20190930,31.36,31.37,31.36,31.37,232
20191001,31.38,31.38,31.38,31.38,131
20191002,30.92,30.92,30.92,30.92,131
20191003,30.7,30.7,30.7,30.7,131
20191004,30.98,30.98,30.98,30.98,131
20191007,31.22,31.28,31.19,31.28,2051
20191008,30.96,30.96,30.96,30.96,131
20191009,31.2,31.2,31.18,31.18,232
20191010,31.29,31.38,31.29,31.31,535
20191011,31.54,31.65,31.54,31.63,1472
20191014,31.57,31.57,31.57,31.57,131
20191015,31.89,31.89,31.89,31.89,131
20191016,31.62,31.62,31.62,31.62,30
20191017,31.67,31.67,31.67,31.67,131
20191018,31.52,31.52,31.52,31.52,30
20191021,31.66,31.67,31.65,31.65,1770
20191022,31.61,31.61,31.61,31.61,131
20191023,31.66,31.71,31.65,31.71,5822
20191024,31.62,31.62,31.62,31.62,131
20191025,31.7,31.7,31.7,31.7,131
20191028,32.03,32.15,32.03,32.15,635
20191029,31.89,31.89,31.89,31.89,333
20191030,31.55,31.55,31.55,31.55,30
20191031,31.25,31.25,31.25,31.25,131
20191101,32.03,32.03,32.03,32.03,131
20191104,32.28,32.28,32.28,32.28,30
20191105,32.2,32.2,32.2,32.2,131
20191106,32.22,32.24,32.22,32.24,1267
20191107,32.57,32.57,32.57,32.57,131
20191108,32.49,32.58,32.49,32.58,333
20191111,32.59,32.59,32.59,32.59,232
20191112,32.67,32.67,32.67,32.67,30
20191113,32.4,32.4,32.4,32.4,131
20191114,32.46,32.46,32.46,32.46,131
20191115,32.82,32.82,32.82,32.82,30
20191118,32.53,32.53,32.53,32.53,30
20191119,32.7,32.7,32.7,32.7,30
20191120,32.51,32.51,32.51,32.51,30
20191121,32.5,32.5,32.5,32.5,290
20191122,32.4,32.4,32.4,32.4,30
20191125,32.32,32.45,32.32,32.45,434
20191126,32.25,32.25,32.25,32.25,131
20191127,32.22,32.22,32.22,32.22,30
20191129,31.89,31.89,31.89,31.89,30
20191202,31.95,31.95,31.76,31.81,1261
20191203,31.41,31.41,31.4,31.4,1207
20191204,31.73,31.84,31.73,31.84,636
20191205,31.8,31.8,31.8,31.8,142
20191206,31.99,32.14,31.99,32.14,1449
20191209,32.06,32.06,32.06,32.06,333
20191210,31.95,31.95,31.95,31.95,30
20191211,31.9,31.9,31.9,31.9,323
20191212,32.14,32.14,32.14,32.14,232
20191213,32.22,32.24,32.22,32.24,637
20191216,32.29,32.29,32.29,32.29,131
20191217,32.13,32.13,32.13,32.13,30
20191218,32,32,32,32,30
20191219,32.13,32.14,32.12,32.12,1547
20191220,32.3,32.3,32.3,32.3,30
20191223,32.45,32.45,32.45,32.45,30
20191224,32.43,32.43,32.43,32.43,30
20191226,32.46,32.46,32.46,32.46,30
20191227,32.65,32.66,32.65,32.66,539
20191230,32.389,32.389,32.389,32.389,30
20191231,32.6155,32.6155,32.6155,32.6155,30
20200102,32.85,32.85,32.85,32.85,143
20200103,32.5418,32.5418,32.5418,32.5418,30
20200106,32.18,32.18,32.1009,32.128,720
20200107,32.28,32.28,32.25,32.25,1100
20200108,32.27,32.27,32.27,32.27,100
20200114,32.58,32.58,32.58,32.58,186
20200116,32.64,32.64,32.64,32.64,100
20200121,32.11,32.125,32.11,32.125,1200
20200123,32,32,31.88,31.8993,326
20200127,31.1861,31.1861,31.1861,31.1861,157
20200129,31.135,31.135,31.0312,31.0312,605
20200130,30.86,30.86,30.7961,30.7961,201
20200131,30.81,30.81,30.6085,30.6085,517
20200204,31.5,31.5396,31.5,31.5396,324
20200206,31.73,31.736,31.73,31.736,200
20200213,31.45,31.45,31.45,31.45,482
20200218,30.925,30.925,30.925,30.925,1000
20200219,30.968,30.968,30.968,30.968,321
20200220,30.84,30.855,30.84,30.855,200
20200224,29.56,29.6903,29.56,29.6903,855
20200227,28.6499,28.6499,28.58,28.58,400
20200228,27.5099,27.85,27.495,27.8475,1796
20200302,28.17,28.23,28.17,28.23,220
20200304,28.741,28.741,28.741,28.741,204
20200305,28.64,28.8599,28.64,28.8599,265
20200306,28.18,28.18,28.18,28.18,100
20200309,26.89,26.89,26.78,26.78,1200
20200310,26.93,26.93,26.93,26.93,100
20200311,26.63,26.63,26.63,26.63,235
20200312,24.46,24.46,23.54,23.981,4315
20200313,24.59,24.59,24.59,24.59,100
20200316,23.47,23.47,23.025,23.025,301
20200317,23.5,24.19,23.5,24.19,1000
20200318,23.27,23.27,23.0099,23.0099,200
20200319,22.88,23.32,22.66,23.32,709
20200320,24.37,24.54,24.11,24.11,7914
20200323,23.41,23.41,22.9899,23.16,762
20200324,24.37,24.79,24.37,24.77,1510
20200325,24.7,24.96,24.63,24.84,1600
20200326,25.68,26.43,25.68,26.42,2000
20200327,25.86,26.37,25.841,25.9518,1600
20200330,26.6899,26.71,26.6899,26.7099,503
20200331,26.98,26.98,26.67,26.74,1350
20200402,25.29,25.29,25.29,25.29,100
20200403,24.71,24.71,24.71,24.71,106
20200406,25.83,25.83,25.83,25.83,200
20200407,27.0727,27.0727,26.8068,26.8068,1600
20200408,26.32,26.615,26.12,26.55,26500
20200409,26.96,26.9702,26.96,26.9702,800
20200413,26.8602,26.8602,26.86,26.86,230
20200414,27.3457,27.3457,27.29,27.3,642
20200415,26.3801,26.3801,26.34,26.38,5720
20200416,26.74,26.74,26.6927,26.6927,1600
20200417,27.08,27.29,27.08,27.29,300
20200420,26.94,27.11,26.85,26.95,8000
20200421,26.73,26.85,26.48,26.71,22400
20200422,27.2,27.2,27.2,27.2,200
20200424,27.59,27.59,27.59,27.59,100
20200427,28.12,28.12,28.1047,28.12,775
20200428,28.5,28.5,28.5,28.5,100
20200429,29.12,29.16,29.1001,29.16,1300
20200430,28.4,28.4,28.4,28.4,100
20200501,27.83,27.83,27.83,27.83,100
20200507,28.38,28.41,28.34,28.34,682
20200508,28.71,28.75,28.71,28.74,1873
20200511,28.49,28.49,28.49,28.49,284
20200512,28.33,28.33,28.33,28.33,1000
20200513,27.7602,27.7602,27.7602,27.7602,189
20200518,29.46,29.47,29.46,29.47,300
20200519,28.8,28.8,28.8,28.8,450
20200522,28.78,28.7905,28.78,28.7905,1100
20200527,30.01,30.01,30.01,30.01,587
20200529,29.725,29.725,29.711,29.7227,550
20200601,29.97,30.2699,29.97,30.2699,1998
20200602,30.4499,30.61,30.4499,30.59,3202
20200603,30.7,30.71,30.7,30.71,2100
20200604,30.58,30.58,30.58,30.58,100
20200605,31.22,31.22,31.22,31.22,401
20200608,31.19,31.65,31.19,31.65,1236
20200609,31.012,31.045,31.012,31.045,475
20200616,30.49,30.49,30.34,30.34,1000
20200617,30.7,30.72,30.7,30.72,200
20200619,31.07,31.07,31.07,31.07,1043
20200622,30.82,30.831,30.73,30.831,600
20200623,30.97,31.025,30.93,30.93,1988
20200624,30.3499,30.3499,29.81,30.031,1628
20200625,29.89,30.24,29.89,30.22,400
20200626,30.0599,30.0599,29.78,29.78,3219
20200629,29.88,30.11,29.814,30.11,1879
20200630,30.03,30.14,30.03,30.14,1000
20200701,30.16,30.25,30.14,30.17,1840
20200702,30.2101,30.66,30.2101,30.51,1963
20200706,30.65,30.87,30.65,30.65,1155
20200707,30.505,30.505,30.505,30.505,100
20200708,30.28,30.2867,30.28,30.2867,314
20200709,30.04,30.04,29.98,29.98,357
20200710,30.08,30.3,30.08,30.3,800
20200713,30.78,30.96,30.54,30.57,2725
20200714,30.44,30.72,30.44,30.72,373
20200715,31.25,31.3,31.15,31.16,1664
20200716,30.82,30.85,30.82,30.85,210
20200717,30.81,30.91,30.81,30.85,2800
20200720,30.75,30.77,30.75,30.77,432
20200721,30.96,31.1101,30.96,30.97,941
20200722,31.02,31.02,30.92,30.96,2053
20200723,30.86,31.03,30.86,30.86,3785
20200724,31.079,31.079,30.92,30.92,524
20200727,31.08,31.08,31.08,31.08,300
20200728,31.24,31.24,31.12,31.12,728
20200729,31.24,31.49,31.24,31.41,3332
20200730,31.49,31.65,31.49,31.61,1123
20200731,31.25,31.25,31.22,31.22,405
20200803,31.66,31.84,31.66,31.84,1264
20200804,31.95,32.0804,31.89,32.07,4883
20200805,32.31,32.47,32.18,32.24,4967
