Date,Open,High,Low,Close,Volume
20210914,25.15,25.15,24.95,25.05,9928
20210915,25.25,25.26,25.05,25.2001,8912
20210916,25.28,25.34,25.22,25.2678,55209
20210917,25.21,25.43,25.06,25.1339,58511
20210920,25.49,26.58,24.62,24.8469,79185
20210921,24.99,24.99,24.7,24.7748,48371
20210922,25.15,25.15,24.65,24.7731,7341
20210923,24.9,24.98,24.85,24.8719,12494
20210924,24.87,25.06,24.87,24.9915,5339
20210927,25.5,25.5,24.82,25.016,271944
20210928,25,25.03,24.622,25.03,10150
20210929,24.7,24.77,24.625,24.6541,9327
20210930,24.67,24.78,24.67,24.7691,64198
20211001,24.78,24.78,24.56,24.6911,5949
20211004,24.75,24.75,24.62,24.6515,8388
20211005,24.73,24.73,24.6,24.6127,61570
20211006,24.605,24.62,24.44,24.5202,4017
20211007,24.69,24.71,24.5,24.7026,3688
20211008,24.615,24.82,24.51,24.7305,13271
20211011,26.57,26.57,24.5,24.6226,10458
20211012,24.62,24.82,24.62,24.6954,5335
20211013,24.7482,24.82,24.645,24.7431,2959
20211014,24.85,24.91,24.785,24.8438,16778
20211015,24.92,24.95,24.75,24.7993,14251
20211018,26.57,26.57,24.76,24.84,10160
20211019,24.92,24.94,24.89,24.9,2616
20211020,24.9624,24.98,24.795,24.8693,60755
20211021,25.01,25.09,24.815,24.9271,52852
20211022,24.91,24.98,24.76,24.87,20411
20211025,24.69,24.89,24.69,24.8296,9909
20211026,25,25,24.7206,24.7206,16077
20211027,24.85,24.85,24.63,24.67,12485
20211028,24.7452,24.82,24.6417,24.705,5576
20211029,24.71,24.765,24.66,24.71,16834
20211101,24.6999,24.6999,24.58,24.67,25528
20211102,24.7,24.71,24.66,24.7088,17437
20211103,24.72,24.8,24.69,24.8,25863
20211104,24.8,25,24.8,24.8499,11784
20211105,25.81,25.81,24.67,24.87,31180
20211108,24.94,24.94,24.655,24.7,20925
20211109,24.71,24.71,24.65,24.71,10466
20211110,24.67,24.69,24.55,24.5629,20488
20211111,24.71,24.71,24.56,24.57,23227
20211112,24.57,24.73,24.57,24.68,34225
20211115,24.75,24.75,24.65,24.67,12288
20211116,24.7,24.735,24.63,24.735,7113
20211117,24.73,24.73,24.639,24.6853,18059
20211118,24.74,24.74,24.645,24.7,14321
20211119,24.7,24.7,24.65,24.6523,19650
20211122,24.7,24.7,24.51,24.525,18603
20211123,24.74,24.74,24.52,24.564,28337
20211124,24.32,24.55,24.24,24.3591,24993
20211126,24.47,24.61,24.2,24.3106,37023
20211129,24.5,24.5,24.1,24.1619,33287
20211130,24.21,24.3,23.9,23.95,65939
20211201,24.14,24.34,23.8,24.34,14506
20211202,25,25,23.77,24.13,30083
20211203,24.01,24.01,23.49,23.8067,26583
20211206,23.86,24.02,23.36,23.62,16154
20211207,23.7,23.702,23.56,23.702,10388
20211208,23.37,23.75,23.37,23.705,5705
20211209,23.75,23.8,23.75,23.775,3517
20211210,23.27,23.82,23.27,23.82,16645
20211213,24.19,24.19,23.72,23.7952,18743
20211214,23.73,23.81,23.65,23.752,7803
20211215,23.994,24.13,23.73,23.9613,20702
20211216,24.0502,24.0502,23.77,23.8857,8522
20211217,24.14,24.14,23.7842,23.892,99181
20211220,23.99,23.99,23.585,23.6766,26005
20211221,23.62,23.76,23.58,23.7478,27773
20211222,23.8145,23.9,23.75,23.8809,5972
20211223,24.01,24.12,23.88,24.016,37686
20211227,24.12,24.12,23.6758,23.7877,7615
20211228,23.69,23.898,23.67,23.837,18185
20211229,23.99,23.99,23.71,23.8896,19496
20211230,23.75,23.95,23.75,23.86,10173
20211231,24.95,24.95,23.78,23.8799,20911
20220103,23.88,23.96,23.8207,23.85,16200
20220104,23.85,23.92,23.79,23.9043,29503
20220105,24.05,24.05,23.7995,23.7996,86668
20220106,23.8,23.8,23.63,23.6383,295144
20220107,23.78,23.78,23.5,23.6594,462249
20220110,23.73,23.8599,23.4,23.6931,132122
20220111,23.7089,23.85,23.7089,23.78,23872
20220112,23.85,23.9499,23.79,23.87,36302
20220113,23.98,23.98,23.685,23.6957,63572
20220114,23.74,23.91,23.53,23.8,119762
20220118,23.99,23.99,23.33,23.33,55478
20220119,23.17,23.54,23.17,23.54,109751
20220120,23.48,23.48,23.26,23.26,77347
20220121,23.91,23.91,23.242,23.42,84617
20220124,25.76,25.79,23.5,23.5,114417
20220125,23.84,23.8899,23.4,23.4,84212
20220126,23.41,23.65,23.23,23.45,55698
20220127,23.56,23.61,23.03,23.57,124089
20220128,23.02,23.484,22.94,23.16,65092
20220131,22.92,23.07,22.83,23.07,112626
20220201,23.03,23.06,22.83,23,29035
20220202,23,23.09,22.8901,23.09,42062
20220203,22.8,23.21,22.8,23.21,24885
20220204,22.8,23.24,22.71,22.71,17949
20220207,22.97,22.9999,22.81,22.81,12035
20220208,22.9666,22.97,22.84,22.85,14598
20220209,22.9,23.13,22.78,23.12,769452
20220210,22.91,22.98,22.62,22.62,18464
20220211,22.82,22.82,22.385,22.385,67719
20220214,22.59,22.62,22.31,22.475,80313
20220215,22.57,22.588,22.28,22.28,11484
20220216,22.44,22.7,22.3,22.7,97681
20220217,22.314,22.6199,22.314,22.5,66143
20220218,22.496,22.68,22.43,22.68,47780
