Date,Open,High,Low,Close,Volume
20140127,18.439,18.439,18.439,18.439,131
20140128,18.515,18.515,18.515,18.515,131
20140214,18.751,18.751,18.751,18.751,131
20140228,19.136,19.139,19.037,19.059,97969
20140306,19.231,19.231,19.185,19.185,2889
20140307,19.033,19.048,19.01,19.01,6172
20140310,18.919,18.941,18.873,18.896,8011
20140311,18.926,18.926,18.881,18.881,8143
20140314,18.5,18.538,18.416,18.416,9457
20140317,18.637,18.645,18.614,18.629,3547
20140318,18.721,18.721,18.683,18.705,7355
20140401,19.193,19.2,19.17,19.177,8932
20140402,19.276,19.276,19.276,19.276,262
20140410,19.002,19.002,18.957,18.957,526
20140414,18.941,18.941,18.865,18.865,9982
20140415,18.865,18.865,18.835,18.835,1839
20140421,19.207,19.223,19.207,19.223,848
20140422,19.276,19.299,19.094,19.155,171808
20140423,19.162,19.231,19.139,19.193,96016
20140424,19.208,19.223,19.101,19.162,182053
20140425,19.094,19.117,19.01,19.071,265419
20140428,19.109,19.177,18.995,19.117,102975
20140429,19.208,19.314,19.208,19.254,22720
20140430,19.231,19.276,19.177,19.208,51751
20140501,19.276,19.337,19.276,19.322,2230
20140502,19.337,19.337,19.292,19.292,1050
20140505,19.254,19.269,19.193,19.193,34430
20140506,19.177,19.208,19.132,19.155,12481
20140507,19.231,19.231,19.185,19.185,1839
20140509,19.215,19.254,19.208,19.254,8274
20140512,19.391,19.421,19.36,19.406,39404
20140513,19.467,19.49,19.429,19.49,6436
20140514,19.528,19.528,19.459,19.459,1181
20140519,19.398,19.398,19.364,19.368,788
20140522,19.528,19.535,19.49,19.497,20754
20140523,19.55,19.558,19.52,19.55,3940
20140604,19.764,19.764,19.726,19.726,788
20140609,19.962,19.962,19.924,19.924,3809
20140618,19.84,19.84,19.84,19.84,263
20140623,19.901,19.901,19.901,19.901,131
20140627,19.777,19.785,19.767,19.767,394
20140701,19.952,19.952,19.907,19.907,1705
20140702,19.998,19.998,19.975,19.983,1836
20140709,19.815,19.815,19.815,19.815,262
20140711,19.693,19.709,19.686,19.693,1968
20140717,19.815,19.815,19.815,19.815,1515
20140814,19.785,19.785,19.747,19.747,1837
20140826,20.2,20.26,20.16,20.21,19550
20140903,20.39,20.39,20.34,20.34,4853
20140904,20.46,20.46,20.43,20.43,1968
20140905,20.39,20.39,20.39,20.39,131
20140908,20.39,20.39,20.39,20.39,13
20140912,20.23,20.23,20.23,20.23,131
20140926,20.07,20.07,20.06,20.06,787
20140929,19.823,19.823,19.823,19.823,262
20141002,19.35,19.35,19.35,19.35,1626
20141010,18.962,18.962,18.962,18.962,189
20141016,18.649,18.649,18.649,18.649,269
20141017,18.832,18.832,18.832,18.832,262
20141021,19.068,19.068,19.053,19.053,734
20141022,19.129,19.129,19.129,19.129,230
20141023,19.221,19.244,19.221,19.244,1761
20141024,19.213,19.221,19.213,19.221,1299
20141027,19.198,19.198,19.152,19.16,789
20141028,19.366,19.366,19.366,19.366,131
20141030,19.449,19.556,19.449,19.556,623
20141031,19.907,19.968,19.907,19.968,11463
20141103,19.871,19.93,19.871,19.918,3029
20141104,19.747,19.762,19.747,19.762,2152
20141105,19.892,19.892,19.892,19.892,328
20141106,19.869,19.876,19.861,19.876,786
20141110,19.96,19.96,19.96,19.96,767
20141112,19.853,19.96,19.853,19.96,11152
20141113,19.945,19.945,19.907,19.907,532
20141117,19.914,19.922,19.914,19.922,787
20141119,20.09,20.1,20.07,20.1,505
20141120,20.02,20.07,20.02,20.07,13429
20141121,20.36,20.36,20.33,20.36,971
20141124,20.4,20.4,20.39,20.39,802
20141125,20.49,20.49,20.39,20.39,328
20141126,20.42,20.43,20.42,20.43,1569
20141201,20.3,20.3,20.2,20.23,1986
20141202,20.36,20.36,20.27,20.31,2788
20141203,20.39,20.48,20.39,20.43,13121
20141204,20.31,20.31,20.31,20.31,262
20141205,20.47,20.58,20.47,20.56,7806
20141208,20.23,20.26,20.23,20.26,1574
20141209,19.876,20.13,19.876,20.13,12927
20141210,19.991,19.991,19.815,19.823,8165
20141211,19.922,19.975,19.86,19.86,2937
20141212,19.563,19.579,19.556,19.564,8361
20141215,19.48,19.48,19.198,19.221,2493
20141216,19.328,19.328,19.282,19.282,1424
20141217,19.381,19.693,19.364,19.678,5092
20141218,19.896,19.96,19.858,19.96,10542
20141219,20.09,20.1,20.09,20.1,2441
20141222,20.2,20.2,20.11,20.2,3814
20141223,20.21,20.25,20.2,20.25,73398
20141224,20.27,20.37,20.21,20.37,27280
20141226,20.35,20.48,20.34,20.43,32130
20141229,20.25,20.3,20.23,20.27,25189
20141230,20,20.02,19.967,20.02,5389
20141231,20.07,20.07,20.04,20.04,7111
20150102,20.16,20.16,20,20.02,9297
20150105,19.992,19.992,19.648,19.664,15997
20150106,19.664,19.713,19.451,19.525,4759
20150107,19.746,19.746,19.722,19.722,854
20150108,20.06,20.07,20.06,20.07,1872
20150109,20.1,20.1,19.812,19.941,49134
20150112,19.828,19.845,19.822,19.845,3823
20150113,20.09,20.09,19.812,19.959,7029
20150114,19.771,19.918,19.763,19.779,52575
20150115,19.779,19.91,19.759,19.759,4969
20150116,19.771,19.976,19.771,19.976,11343
20150120,20.07,20.13,20.05,20.11,4948
20150121,20.18,20.25,20.18,20.25,24766
20150122,20.19,20.43,20.14,20.41,323671
20150123,20.53,20.54,20.49,20.5,17146
20150126,20.57,20.72,20.57,20.72,15369
20150127,20.51,20.61,20.47,20.48,30753
20150128,20.61,20.61,20.29,20.38,21649
20150129,20.56,20.67,20.42,20.67,6889
20150130,20.65,20.65,20.38,20.4,56797
20150202,20.46,20.7,20.45,20.69,21652
20150203,20.75,20.8,20.75,20.75,380155
20150204,20.81,20.89,20.79,20.81,9654
20150205,20.73,20.84,20.73,20.78,10508
20150206,20.88,20.88,20.74,20.75,4980
20150209,20.66,20.68,20.54,20.62,3830
20150210,20.91,20.92,20.72,20.89,12981
20150211,20.74,20.83,20.7,20.73,33768
20150212,20.95,20.95,20.93,20.94,1132
20150213,21.25,21.25,21.07,21.12,10391
20150217,21.18,21.26,21.03,21.22,41250
20150218,21.31,21.31,21.16,21.23,9906
20150219,21.31,21.31,21.28,21.28,3460
20150220,21.24,21.47,21.23,21.43,30322
20150223,21.34,21.36,21.27,21.27,27901
20150224,21.66,21.66,21.4,21.49,17543
20150225,21.44,21.44,21.4,21.41,33581
20150226,21.57,21.57,21.48,21.54,13344
20150227,21.54,21.6,21.48,21.48,16400
20150302,21.52,21.62,21.52,21.62,17261
20150303,21.47,21.47,21.34,21.45,31180
20150304,21.32,21.4,21.31,21.4,9094
20150305,21.57,21.57,21.46,21.52,20255
20150306,21.6,21.6,21.37,21.38,62779
20150309,21.45,21.45,21.38,21.39,11269
20150310,21.29,21.29,21.06,21.12,22812
20150311,21.35,21.35,21.18,21.25,381873
20150312,21.44,21.44,21.4,21.43,6833
20150313,21.32,21.38,21.24,21.38,17240
20150316,21.62,21.62,21.5,21.61,78218
20150317,21.49,21.61,21.45,21.61,3874
20150318,21.67,21.81,21.57,21.75,21948
20150319,21.75,21.75,21.61,21.63,19519
20150320,21.9,21.91,21.83,21.83,4873
20150323,21.97,21.97,21.66,21.68,28637
20150324,21.86,21.88,21.84,21.87,11864
20150325,21.79,21.79,21.47,21.51,27400
20150326,21.39,21.55,21.37,21.54,64002
20150327,21.5,21.57,21.42,21.57,5446
20150330,21.83,21.83,21.71,21.79,12066
20150331,21.63,21.63,21.52,21.52,13108
20150401,21.66,21.66,21.53,21.65,6628
20150402,21.66,21.76,21.66,21.75,9341
20150406,21.71,21.95,21.71,21.9,6697
20150407,22.09,22.09,22.01,22.01,11984
20150408,22.18,22.2,22.1,22.15,36614
20150409,22.23,22.39,22.18,22.39,19950
20150410,22.51,22.51,22.3,22.44,20042
20150413,22.47,22.47,22.33,22.34,8523
20150414,22.21,22.39,22.2,22.34,9552
20150415,22.45,22.47,22.38,22.47,15057
20150416,22.45,22.45,22.31,22.39,20082
20150417,22.18,22.18,22.03,22.09,11955
20150420,22.16,22.2,22.13,22.19,12638
20150421,22.41,22.41,22.33,22.34,8416
20150422,22.3,22.47,22.3,22.47,31032
20150423,22.4,22.51,22.36,22.47,22394
20150424,22.5,22.54,22.43,22.49,9899
20150427,22.7,22.7,22.58,22.59,3935
20150428,22.45,22.47,22.32,22.47,9617
20150429,22.29,22.29,22.03,22.2,8393
20150430,22.02,22.02,21.9,21.93,5676
20150501,22.06,22.16,21.99,22.11,31483
20150504,22.24,22.25,22.18,22.25,5564
20150505,22.12,22.12,21.84,21.89,7755
20150506,21.88,21.88,21.63,21.72,37895
20150507,21.64,21.75,21.61,21.71,92734
20150508,22.17,22.19,22.16,22.19,4491
20150511,22.1,22.1,22,22.02,11738
20150512,21.99,21.99,21.86,21.93,8305
20150513,21.95,21.95,21.85,21.88,2763
20150514,22.07,22.1,22.05,22.1,5395
20150515,22.17,22.49,22.02,22.14,62930
20150518,22.12,22.2,22.08,22.2,5282
20150519,22.36,22.36,22.3,22.31,11671
20150520,22.38,22.42,22.31,22.37,17807
20150521,22.39,22.43,22.37,22.43,5686
20150522,22.52,22.52,22.39,22.46,62204
20150526,22.5,22.5,22.22,22.29,6891
20150527,22.43,22.46,22.39,22.45,6302
20150528,22.34,22.38,22.27,22.37,7993
20150529,22.26,22.26,22.12,22.17,4283
20150601,22.45,22.45,22.16,22.25,57488
20150602,22.14,22.14,22.03,22.08,20391
20150603,22.22,22.22,22.07,22.13,10303
20150604,22.06,22.06,21.84,21.89,16587
20150605,21.79,21.9,21.79,21.89,33899
20150608,21.73,21.73,21.59,21.62,12168
20150609,21.58,21.58,21.43,21.51,10787
20150610,21.63,21.81,21.63,21.81,1329
20150611,21.96,21.96,21.85,21.88,6786
20150612,21.69,21.73,21.61,21.7,32887
20150615,21.54,21.54,21.47,21.54,23453
20150616,21.51,21.59,21.49,21.59,7228
20150617,21.56,21.56,21.39,21.47,13041
20150618,21.21,21.64,21.21,21.57,27885
20150619,21.52,21.52,21.46,21.5,4086
20150622,21.75,21.94,21.75,21.88,41558
20150623,22.12,22.19,22.07,22.15,336900
20150624,22.15,22.15,22,22,14521
20150625,22,22.03,21.87,21.95,27229
20150626,22.05,22.05,21.89,21.93,20798
20150629,21.51,21.6,21.15,21.22,42257
20150630,21.3,21.47,21.23,21.34,27723
20150701,21.64,21.64,21.47,21.53,14380
20150702,21.61,21.61,21.43,21.54,32161
20150706,21.23,21.3,21.07,21.14,41564
20150707,20.93,21.17,20.83,21.17,36036
20150708,20.82,20.82,20.58,20.6,14370
20150709,21.04,21.05,20.88,20.96,10223
20150710,21.52,21.52,21.23,21.46,6208
20150713,21.63,21.64,21.57,21.62,8962
20150714,21.63,21.74,21.58,21.74,25683
20150715,21.77,21.77,21.64,21.65,7412
20150716,22,22,21.86,21.94,64065
20150717,22.05,22.05,21.87,21.95,34468
20150720,21.94,22,21.89,21.9,10137
20150721,21.9,21.9,21.82,21.82,5037
20150722,21.69,21.71,21.63,21.67,12576
20150723,21.63,21.63,21.53,21.58,16305
20150724,21.57,21.57,21.29,21.41,16193
20150727,21.15,21.19,21.04,21.04,9861
20150728,21.34,21.37,21.2,21.36,12354
20150729,21.41,21.55,21.4,21.55,4172
20150730,21.55,21.56,21.43,21.55,26123
20150731,21.63,21.68,21.5,21.61,18263
20150803,21.6,21.61,21.47,21.58,6415
20150804,21.63,21.64,21.6,21.63,5681
20150805,21.57,21.83,21.57,21.76,12909
20150806,21.68,21.68,21.6,21.61,15116
20150807,21.6,21.6,21.52,21.52,5467
20150810,21.54,21.8,21.54,21.78,19397
20150811,21.5,21.52,21.38,21.47,5182
20150812,21.14,21.22,21.01,21.22,4895
20150813,21.33,21.33,21.2,21.2,21985
20150814,21.2,21.23,21.17,21.21,20167
20150817,21.12,21.2,21.11,21.2,16794
20150818,21.15,21.15,21,21.08,7359
20150819,20.93,20.93,20.75,20.79,11730
20150820,20.56,20.56,20.32,20.32,37589
20150821,20.14,20.16,19.647,19.661,16840
20150824,18.959,19.117,18.277,18.799,29995
20150825,19.435,19.714,18.981,18.981,90324
20150826,19.461,19.613,19.121,19.613,55909
20150827,19.866,20.16,19.756,19.924,11446
20150828,20.06,20.1,19.959,20.067,10872
20150831,19.897,20,19.846,19.846,20830
20150901,19.125,19.411,19.091,19.125,110304
20150902,19.462,19.529,19.31,19.529,58666
20150903,19.697,19.697,19.536,19.545,6865
20150904,19.191,19.218,19.094,19.218,3235
20150908,19.582,19.672,19.487,19.647,15395
20150909,19.796,19.866,19.618,19.664,3258
20150910,19.594,19.672,19.538,19.618,2449
20150911,19.563,19.596,19.529,19.596,2878
20150914,19.453,19.504,19.373,19.457,4279
20150915,19.42,19.681,19.411,19.681,11504
20150916,19.748,19.908,19.748,19.896,7698
20150917,19.899,19.899,19.723,19.815,274718
20150918,19.413,19.563,19.413,19.455,4166
20150921,19.622,19.647,19.42,19.48,27834
20150922,19.091,19.159,19.032,19.159,8598
20150923,19.302,19.302,19.051,19.073,4953
20150924,18.94,18.999,18.862,18.999,23129
20150925,19.428,19.428,18.99,19.074,20433
20150928,18.906,18.915,18.767,18.813,15984
20150929,18.731,18.763,18.604,18.606,19387
20150930,19.184,19.184,19.024,19.024,85319
20151001,19.352,19.352,19.024,19.133,7015
20151002,18.999,19.504,18.999,19.504,21239
20151005,19.724,19.891,19.724,19.883,9108
20151006,19.916,19.916,19.773,19.832,6864
20151007,20.05,20.09,20.05,20.05,1099
20151008,20.04,20.23,19.967,20.23,10907
20151009,20.17,20.24,20.12,20.12,34763
20151012,20.16,20.16,20.16,20.16,119
20151013,19.874,19.967,19.849,19.899,7167
20151014,19.874,19.891,19.831,19.831,4996
20151015,20.01,20.2,20.01,20.2,5800
20151016,20.19,20.25,20.14,20.24,34998
20151019,20.14,20.17,20.1,20.15,2015
20151020,20.12,20.15,20.09,20.14,7195
20151021,20.1,20.18,20.05,20.05,7084
20151022,20.38,20.54,20.38,20.47,7406
20151023,20.75,20.77,20.68,20.76,4529
20151026,20.63,20.65,20.57,20.63,8696
20151027,20.49,20.49,20.42,20.45,7415
20151028,20.47,20.64,20.47,20.56,4189
20151029,20.41,20.45,20.38,20.45,4212
20151030,20.41,20.45,20.32,20.32,39117
20151102,20.48,20.56,20.46,20.51,3617
20151103,20.53,20.67,20.48,20.67,4683
20151104,20.73,20.73,20.55,20.55,3350
20151105,20.59,20.61,20.54,20.54,2767
20151106,20.63,20.64,20.53,20.63,8536
20151109,20.44,20.44,20.32,20.34,1194
20151110,20.4,20.4,20.38,20.4,2130
20151111,20.4,20.44,20.37,20.37,2745
20151112,20.27,20.27,20.14,20.15,6252
20151113,20.09,20.09,19.988,19.988,6878
20151116,20.08,20.32,20.08,20.32,16685
20151117,20.43,20.43,20.3,20.32,5485
20151118,20.39,20.46,20.39,20.45,3653
20151119,20.6,20.61,20.49,20.53,6804
20151120,20.63,20.63,20.52,20.52,6619
20151123,20.57,20.58,20.45,20.45,14391
20151124,20.37,20.45,20.23,20.43,8248
20151125,20.49,20.53,20.46,20.5,5173
20151130,20.49,20.51,20.45,20.45,8027
20151201,20.6,20.62,20.57,20.62,16535
20151202,20.62,20.62,20.39,20.39,10231
20151203,20.51,20.51,20.04,20.04,1246
20151204,20.08,20.32,20.08,20.22,30304
20151207,20.16,20.24,20.09,20.09,2593
20151208,19.77,19.874,19.77,19.839,1356
20151209,19.697,19.697,19.544,19.591,2837
20151210,19.765,19.765,19.677,19.677,2150
20151211,19.386,19.386,19.222,19.222,14426
20151214,19.243,19.394,19.074,19.251,376813
20151215,19.458,19.521,19.411,19.428,667242
20151216,19.624,19.961,19.624,19.814,282321
20151217,19.961,19.97,19.822,19.849,302028
20151218,19.624,19.659,19.572,19.598,4164
20151221,19.711,19.771,19.495,19.569,42036
20151222,19.745,19.745,19.546,19.728,48325
20151223,20.01,20.05,19.936,20.05,99416
20151224,19.91,20.01,19.851,20.01,9176
20151228,19.834,19.918,19.834,19.857,10556
20151229,20.14,20.14,19.97,20.1,13037
20151230,19.961,20.26,19.961,20.05,618915
20151231,20.06,20.07,19.956,19.996,22453
20160104,19.4,19.546,19.384,19.546,14027
20160105,19.676,19.676,19.521,19.633,5726
20160106,19.339,19.538,19.235,19.287,20913
20160107,18.985,19.045,18.8,18.8,17559
20160108,19.062,19.071,18.587,18.587,74115
20160111,18.82,18.855,18.544,18.786,107536
20160112,18.959,18.985,18.604,18.872,449209
20160113,18.907,18.907,18.535,18.552,21922
20160114,18.652,18.82,18.492,18.799,25344
20160115,18.239,18.241,18.006,18.171,65676
20160119,18.561,18.57,18.258,18.414,251651
20160120,17.852,18.051,17.593,17.964,13045
20160121,18.004,18.146,17.952,18.009,157784
20160122,18.63,18.665,18.518,18.552,27972
20160125,18.518,18.518,18.518,18.518,745
20160126,18.44,18.613,18.44,18.578,22437
20160127,18.647,18.855,18.5,18.57,85851
20160128,18.786,18.786,18.518,18.639,19828
20160129,18.933,19.062,18.933,19.062,9282
20160201,18.77,19.01,18.77,19.01,7644
20160202,18.613,18.639,18.414,18.502,47672
20160203,18.302,18.474,18.273,18.471,53829
20160204,18.319,18.44,18.319,18.396,40536
20160205,18.33,18.362,18.215,18.232,27365
20160208,17.973,17.973,17.766,17.895,55854
20160209,17.474,17.601,17.443,17.601,15885
20160210,17.6,17.696,17.489,17.541,62704
20160211,17.197,17.281,17.048,17.149,26176
20160212,17.446,17.506,17.325,17.492,11652
20160216,18.068,18.068,17.896,18.057,7101
20160217,18.328,18.397,18.224,18.343,23452
20160218,18.449,18.449,18.31,18.31,26995
20160219,18.182,18.25,18.134,18.198,12647
20160222,18.509,18.509,18.463,18.509,7892
20160223,18.328,18.328,18.226,18.25,9429
20160224,17.928,18.189,17.9,18.137,51385
20160225,18.328,18.328,18.181,18.284,8783
20160226,18.558,18.613,18.397,18.397,19550
20160229,18.466,18.483,18.31,18.31,29131
20160301,18.721,18.915,18.682,18.898,48727
20160302,18.832,18.898,18.797,18.871,271330
20160303,18.959,19.062,18.959,19.003,19651
20160304,19.166,19.278,19.123,19.149,10180
20160307,19.089,19.175,19.051,19.125,16573
20160308,18.898,18.976,18.872,18.897,26423
20160309,18.992,19.045,18.936,19.031,69461
20160310,19.25,19.253,18.693,18.812,26413
20160311,19.224,19.287,19.149,19.279,22818
20160314,19.263,19.4,19.263,19.279,18460
20160315,19.071,19.157,19.028,19.062,153502
20160316,19.08,19.296,19.062,19.209,24079
20160317,19.218,19.278,19.172,19.201,2367
20160318,19.235,19.278,19.227,19.227,608
20160321,19.226,19.304,19.226,19.261,2696
20160322,19.176,19.322,19.176,19.211,37971
20160323,19.261,19.261,18.985,18.985,44036
20160324,18.932,18.933,18.864,18.907,7963
20160328,19.028,19.062,18.994,18.994,7257
20160329,18.907,19.123,18.907,19.088,19462
20160330,19.316,19.339,19.227,19.227,4663
20160331,19.157,19.157,19.037,19.037,4425
20160401,18.665,18.872,18.665,18.855,9934
20160404,18.933,18.933,18.735,18.761,31591
20160405,18.568,18.57,18.466,18.466,52283
20160406,18.528,18.691,18.528,18.691,4885
20160407,18.544,18.552,18.405,18.457,22319
20160408,18.838,18.838,18.673,18.717,9595
20160411,18.907,18.907,18.717,18.717,16007
20160412,18.829,19.045,18.829,18.993,7576
20160413,19.279,19.443,19.279,19.383,9313
20160414,19.391,19.486,19.382,19.382,265260
20160415,19.335,19.382,19.326,19.362,4608
20160418,19.322,19.425,19.322,19.425,1043
20160419,19.572,19.668,19.572,19.659,3724
20160420,19.642,19.754,19.549,19.718,4306
20160421,19.65,19.702,19.607,19.607,9212
20160422,19.671,19.745,19.671,19.745,3616
20160425,19.624,19.624,19.512,19.581,2483
20160426,19.547,19.616,19.547,19.581,9673
20160427,19.615,19.668,19.222,19.659,6397
20160428,19.382,19.477,19.261,19.261,3182
20160429,19.165,19.175,19.027,19.079,15630
20160502,19.157,19.192,19.14,19.157,17183
20160503,18.889,18.95,18.872,18.889,24933
20160504,18.829,18.829,18.717,18.743,18082
20160505,18.855,18.855,18.76,18.794,1607
20160506,18.764,18.872,18.755,18.851,4639
20160509,18.915,18.924,18.812,18.846,16000
20160510,18.986,19.149,18.986,19.133,16169
20160511,19.045,19.045,18.933,18.933,20124
20160512,18.927,19.028,18.927,18.971,4266
20160513,18.889,18.976,18.768,18.777,62308
20160516,18.954,19.088,18.954,19.041,29742
20160517,19.028,19.028,18.93,18.93,19527
20160518,18.993,19.157,18.963,19.019,7387
20160519,18.872,18.898,18.832,18.898,3646
20160520,19.019,19.071,19.002,19.028,51689
20160523,19.019,19.045,18.976,18.976,3487
20160524,19.175,19.244,19.175,19.244,30050
20160525,19.434,19.443,19.38,19.38,10350
20160526,19.417,19.417,19.374,19.411,4160
20160527,19.471,19.495,19.454,19.463,3673
20160531,19.598,19.598,19.425,19.425,3513
20160601,19.314,19.408,19.313,19.374,10838
20160602,19.331,19.434,19.331,19.408,4993
20160603,19.348,19.348,19.235,19.296,7231
20160606,19.427,19.46,19.414,19.449,6625
20160607,19.581,19.598,19.555,19.555,2341
20160608,19.541,19.59,19.541,19.567,1264
20160609,19.391,19.408,19.348,19.391,5696
20160610,19.054,19.062,18.915,18.959,30905
20160613,18.786,18.812,18.652,18.656,2917
20160614,18.647,18.647,18.466,18.532,15557
20160615,18.665,18.699,18.578,18.604,18622
20160616,18.317,18.561,18.317,18.542,4623
20160617,18.63,18.63,18.573,18.573,1941
20160620,19.054,19.071,18.959,18.959,5924
20160621,19.075,19.267,19.075,19.145,17173
20160622,19.206,19.206,19.083,19.083,1294
20160623,19.469,19.513,19.355,19.513,7226
20160624,18.526,18.688,18.351,18.368,9920
20160627,18.32,18.32,18.022,18.179,37726
20160628,18.574,18.609,18.487,18.609,141614
20160629,18.925,18.995,18.89,18.934,30596
20160630,18.94,19.241,18.94,19.168,6550
20160701,19.22,19.224,19.185,19.224,2623
20160705,18.969,18.969,18.925,18.943,2737
20160706,18.627,18.89,18.627,18.846,70574
20160707,18.942,18.96,18.802,18.849,5721
20160708,19.052,19.11,19.043,19.078,2043
20160711,19.432,19.452,19.408,19.425,3091
20160712,19.685,19.697,19.633,19.659,5937
20160713,19.715,19.715,19.61,19.61,1613
20160714,19.785,19.785,19.726,19.741,2332
20160715,19.767,19.776,19.724,19.724,18723
20160718,19.826,19.838,19.8,19.8,3763
20160719,19.75,19.759,19.68,19.724,7776
20160720,19.832,19.908,19.832,19.89,2946
20160721,19.821,19.899,19.779,19.779,3366
20160722,19.859,19.89,19.859,19.89,837
20160725,19.934,19.934,19.822,19.838,4796
20160726,19.914,19.943,19.854,19.91,19205
20160727,20.01,20.01,19.918,19.918,916
20160728,19.864,19.943,19.841,19.943,3085
20160729,19.89,19.917,19.864,19.882,22648
20160801,19.873,19.873,19.8,19.8,588
20160802,19.601,19.601,19.531,19.575,1537
20160803,19.571,19.601,19.571,19.601,1118
20160804,19.741,19.785,19.7,19.776,14162
20160805,19.838,19.978,19.838,19.978,228
20160808,20,20.05,19.996,20.02,4774
20160809,20.13,20.17,20.12,20.12,3880
20160810,20.19,20.2,20.09,20.09,3088
20160811,20.17,20.32,20.13,20.31,10009
20160812,20.26,20.28,20.21,20.23,14348
20160815,20.35,20.37,20.34,20.34,4050
20160816,20.17,20.21,20.15,20.16,39778
20160817,20.09,20.16,20.02,20.09,201909
20160818,20.11,20.15,20.1,20.12,10596
20160819,20.05,20.09,20.03,20.08,7567
20160822,20.04,20.06,20.04,20.06,2093
20160823,20.22,20.22,20.11,20.11,3423
20160824,20.2,20.2,20.08,20.08,1066
20160825,20.07,20.07,20.04,20.05,2790
20160826,20.05,20.07,19.987,20.07,2126
20160829,20.11,20.14,20.11,20.14,228
20160830,20.25,20.25,20.21,20.22,1374
20160831,20.13,20.14,20.09,20.12,1784
20160901,20.11,20.18,20.11,20.18,6770
20160902,20.37,20.44,20.37,20.44,13710
20160906,20.44,20.48,20.41,20.46,22875
20160907,20.45,20.48,20.44,20.47,7865
20160908,20.42,20.45,20.42,20.43,2430
20160909,20.34,20.34,20.14,20.14,30858
20160912,19.952,20.16,19.952,20.16,56277
20160913,19.923,19.934,19.782,19.844,8719
20160914,19.864,19.908,19.794,19.794,6773
20160915,19.864,19.987,19.864,19.987,8303
20160916,19.917,19.917,19.838,19.882,4937
20160919,20.04,20.05,19.963,19.997,10456
20160920,20.11,20.11,20.02,20.07,19024
20160921,20.21,20.34,20.15,20.3,1391
20160922,20.54,20.54,20.48,20.52,7824
20160923,20.39,20.39,20.31,20.31,10646
20160926,20.11,20.12,20.08,20.08,3109
20160927,20.05,20.21,20.05,20.21,15085
20160928,20.29,20.37,20.24,20.37,2635
20160929,20.38,20.38,20.13,20.22,4330
20160930,20.17,20.28,20.17,20.28,599
20161003,20.1,20.33,20.1,20.31,4342
20161004,20.5,20.5,20.31,20.34,7602
20161005,20.46,20.54,20.46,20.51,197890
20161006,20.46,20.51,20.45,20.51,3402
20161007,20.41,20.41,20.36,20.37,2166
20161010,20.52,20.56,20.52,20.52,8693
20161011,20.43,20.43,20.29,20.32,8727
20161012,20.31,20.34,20.29,20.34,5565
20161013,20.05,20.23,20.05,20.22,7250
20161014,20.38,20.4,20.3,20.36,13176
20161017,20.27,20.29,20.21,20.21,2869
20161018,20.42,20.47,20.39,20.4,14569
20161019,20.44,20.51,20.43,20.5,9380
20161020,20.51,20.56,20.51,20.56,2051
20161021,20.47,20.54,20.46,20.53,3844
20161024,20.61,20.62,20.54,20.55,7284
20161025,20.58,20.62,20.53,20.53,6316
20161026,20.41,20.48,20.41,20.44,5122
20161027,20.48,20.52,20.46,20.46,4400
20161028,20.44,20.49,20.34,20.36,8155
20161031,20.42,20.45,20.38,20.41,30364
20161101,20.37,20.37,20.18,20.25,10999
20161102,20.11,20.12,19.917,20.02,4847
20161103,20.02,20.03,19.922,19.922,5284
20161104,19.794,19.794,19.68,19.68,5665
20161107,20.1,20.16,20.09,20.15,1360
20161108,20.29,20.29,20.23,20.23,10106
20161109,19.969,20.27,19.969,20.22,7419
20161110,20.31,20.31,20.03,20.1,12566
20161111,20.03,20.03,19.903,19.987,4747
20161114,20.03,20.06,20.01,20.03,83972
20161115,20.07,20.23,20.07,20.22,9207
20161116,20.14,20.15,20.1,20.12,901
20161117,20.21,20.29,20.21,20.28,2478
20161118,20.16,20.24,20.16,20.21,8195
20161121,20.25,20.41,20.25,20.38,256713
20161122,20.51,20.51,20.43,20.49,5470
20161123,20.41,20.48,20.4,20.47,5401
20161125,20.54,20.56,20.53,20.56,30294
20161128,20.54,20.54,20.43,20.43,36400
20161129,20.48,20.55,20.46,20.51,11507
20161130,20.64,20.65,20.58,20.61,11781
20161201,20.57,20.57,20.43,20.43,31780
20161202,20.41,20.43,20.33,20.37,23315
20161205,20.51,20.51,20.47,20.48,2736
20161206,20.55,20.68,20.52,20.68,42327
20161207,20.8,20.9,20.8,20.9,4827
20161208,20.96,21.08,20.96,21.04,4550
20161209,21.11,21.15,21.07,21.15,19904
20161212,21.08,21.08,20.95,21,18802
20161213,21.16,21.22,21.15,21.21,11839
20161214,21.1,21.14,21.02,21.02,3763
20161215,21.07,21.17,21.06,21.14,6782
20161216,21.24,21.24,21.02,21.1,18346
20161219,21.1,21.11,21.08,21.08,1521
20161220,21.2,21.22,21.15,21.15,11642
20161221,21.14,21.15,21.13,21.14,5591
20161222,21.13,21.13,21.06,21.11,6891
20161223,21.1,21.12,21.1,21.12,1028
20161227,21.16,21.18,21.13,21.14,5104
20161228,21.19,21.19,21.11,21.11,7141
20161229,21.14,21.18,21.14,21.16,17670
20161230,21.23,21.23,21.14,21.18,104553
20170103,21.5,21.5,21.38,21.48,111109
20170104,21.52,21.56,21.49,21.56,7648
20170105,21.6,21.65,21.57,21.64,7317
20170106,21.69,21.73,21.57,21.65,10699
20170109,21.58,21.61,21.58,21.6,23711
20170110,21.71,21.73,21.63,21.67,47484
20170111,21.78,21.8,21.68,21.79,13761
20170112,21.67,21.77,21.59,21.77,15055
20170113,21.79,21.81,21.76,21.77,4973
20170117,21.61,21.61,21.47,21.52,5368
20170118,21.55,21.66,21.55,21.66,4714
20170119,21.7,21.71,21.57,21.58,34073
20170120,21.71,21.78,21.64,21.71,71719
20170123,21.71,21.71,21.54,21.64,18389
20170124,21.65,21.8,21.64,21.75,55805
20170125,21.86,21.89,21.85,21.89,16458
20170126,21.94,21.94,21.88,21.9,27928
20170127,21.91,21.91,21.88,21.9,15276
20170130,21.74,21.75,21.62,21.71,11743
20170131,21.64,21.64,21.51,21.61,36198
20170201,21.76,21.77,21.64,21.69,19437
20170202,21.64,21.7,21.62,21.7,20966
20170203,21.78,21.79,21.71,21.77,111334
20170206,21.63,21.65,21.57,21.61,11776
20170207,21.67,21.7,21.6,21.65,32679
20170208,21.64,21.72,21.58,21.67,25221
20170209,21.73,21.89,21.73,21.87,50520
20170210,21.91,21.96,21.9,21.94,14815
20170213,22.08,22.09,22.05,22.06,16851
20170214,21.99,22.1,21.96,22.08,23809
20170215,22.06,22.14,22.06,22.13,15338
20170216,22.09,22.09,22.05,22.09,16576
20170217,21.99,22.09,21.99,22.09,57400
20170221,22.18,22.24,22.18,22.24,24057
20170222,22.23,22.24,22.17,22.24,15656
20170223,22.28,22.28,22.17,22.18,132005
20170224,21.98,22.03,21.97,22.03,24524
20170227,21.98,22.05,21.97,22.05,3970
20170228,21.98,21.98,21.93,21.97,15867
20170301,22.27,22.35,22.27,22.31,6395
20170302,22.37,22.37,22.22,22.22,22251
20170303,22.21,22.29,22.21,22.26,129898
20170306,22.15,22.24,22.15,22.24,11930
20170307,22.18,22.24,22.18,22.2,21207
20170308,22.19,22.25,22.15,22.15,39346
20170309,22.16,22.19,22.09,22.1,22782
20170310,22.24,22.28,22.16,22.22,23618
20170313,22.33,22.37,22.32,22.37,21543
20170314,22.25,22.29,22.22,22.23,14466
20170315,22.32,22.41,22.29,22.33,11424
20170316,22.46,22.47,22.4,22.41,11104
20170317,22.48,22.48,22.44,22.46,8781
20170320,22.46,22.49,22.44,22.46,14416
20170321,22.45,22.45,22.2,22.24,47453
20170322,22.13,22.25,22.09,22.25,12912
20170323,22.33,22.35,22.28,22.31,7582
20170324,22.38,22.39,22.27,22.36,18627
20170327,22.18,22.3,22.15,22.28,4500
20170328,22.35,22.47,22.35,22.44,5172
20170329,22.45,22.51,22.43,22.51,6619
20170330,22.43,22.52,22.43,22.52,17494
20170331,22.39,22.47,22.39,22.41,5729
20170403,22.43,22.43,22.33,22.42,38595
20170404,22.4,22.5,22.38,22.5,29513
20170405,22.5,22.53,22.36,22.36,32421
20170406,22.45,22.47,22.37,22.43,111024
20170407,22.47,22.54,22.47,22.49,15213
20170410,22.4,22.46,22.38,22.42,6351
20170411,22.45,22.45,22.32,22.41,9825
20170412,22.38,22.4,22.35,22.36,6024
20170413,22.29,22.34,22.15,22.26,14716
20170417,22.47,22.47,22.2,22.37,13806
20170418,22.12,22.16,22.01,22.09,13870
20170419,22.16,22.16,22.04,22.04,7097
20170420,22.19,22.27,22.19,22.23,22672
20170421,22.25,22.25,22.21,22.23,11949
20170424,22.61,22.66,22.57,22.64,47407
20170425,22.78,22.85,22.78,22.84,39289
20170426,22.87,22.9,22.83,22.83,6669
20170427,22.83,22.84,22.78,22.82,21240
20170428,22.83,22.83,22.79,22.8,7628
20170501,22.96,22.96,22.83,22.9,13727
20170502,22.95,23.01,22.93,23.01,14766
20170503,22.98,23.04,22.93,23.02,23173
20170504,23.05,23.07,22.98,23.05,21685
20170505,23.09,23.25,23.07,23.24,13873
20170508,23.15,23.3,23.15,23.3,13359
20170509,23.36,23.4,23.35,23.35,49063
20170510,23.37,23.41,23.32,23.41,112945
20170511,23.37,23.37,23.29,23.35,28491
20170512,23.35,23.4,23.34,23.39,30049
20170515,23.42,23.51,23.42,23.48,2834
20170516,23.53,23.53,23.46,23.49,26201
20170517,23.36,23.36,23.07,23.1,28971
20170518,23.01,23.16,23.01,23.13,27727
20170519,23.24,23.32,23.24,23.31,8479
20170522,23.36,23.36,23.32,23.34,5685
20170523,23.3,23.39,23.3,23.36,38630
20170524,23.34,23.35,23.27,23.3,7687
20170525,23.3,23.41,23.3,23.39,12915
20170526,23.37,23.37,23.3,23.37,5764
20170530,23.33,23.34,23.28,23.32,8445
20170531,23.31,23.31,23.24,23.28,23371
20170601,23.31,23.45,23.31,23.44,14708
20170602,23.55,23.56,23.49,23.56,8841
20170605,23.47,23.48,23.44,23.48,18944
20170606,23.35,23.39,23.35,23.38,15020
20170607,23.41,23.42,23.32,23.37,6366
20170608,23.38,23.44,23.37,23.44,7290
20170609,23.48,23.5,23.34,23.42,14342
20170612,23.34,23.34,23.27,23.31,6997
20170613,23.39,23.44,23.36,23.44,11780
20170614,23.39,23.4,23.32,23.36,13158
20170615,23.15,23.24,23.12,23.2,13878
20170616,23.28,23.37,23.28,23.37,3491
20170619,23.52,23.57,23.52,23.55,15840
20170620,23.55,23.55,23.38,23.38,19288
20170621,23.27,23.4,23.27,23.36,18022
20170622,23.43,23.46,23.39,23.42,17729
20170623,23.34,23.45,23.34,23.45,8669
20170626,23.59,23.59,23.52,23.55,5726
20170627,23.46,23.48,23.38,23.38,9369
20170628,23.39,23.51,23.38,23.5,15318
20170629,23.46,23.46,23.12,23.21,35106
20170630,23.32,23.32,23.2,23.25,7327
20170703,23.35,23.39,23.35,23.37,1248
20170705,23.27,23.39,23.27,23.37,11560
20170706,23.19,23.26,23.18,23.18,20264
20170707,23.2,23.29,23.18,23.28,2642
20170710,23.31,23.34,23.3,23.33,10133
20170711,23.36,23.41,23.3,23.4,27669
20170712,23.58,23.63,23.55,23.57,88189
20170713,23.59,23.66,23.58,23.65,143404
20170714,23.65,23.72,23.62,23.72,67145
20170717,23.6,23.68,23.6,23.65,20917
20170718,23.56,23.61,23.52,23.61,34508
20170719,23.7,23.74,23.67,23.72,29058
20170720,23.8,23.8,23.67,23.74,23349
20170721,23.64,23.64,23.49,23.56,48887
20170724,23.46,23.57,23.46,23.57,24122
20170725,23.65,23.65,23.59,23.62,203963
20170726,23.73,23.73,23.65,23.67,10119
20170727,23.73,23.74,23.52,23.59,62151
20170728,23.59,23.6,23.54,23.58,7948
20170731,23.67,23.67,23.48,23.49,48600
20170801,23.78,23.78,23.68,23.73,10889
20170802,23.74,23.74,23.63,23.73,25256
20170803,23.71,23.71,23.65,23.68,6532
20170804,23.71,23.83,23.71,23.83,7299
20170807,23.77,23.88,23.77,23.87,5512
20170808,23.92,23.92,23.81,23.84,8961
20170809,23.63,23.75,23.63,23.75,9416
20170810,23.53,23.53,23.35,23.36,10973
20170811,23.31,23.34,23.28,23.32,34648
20170814,23.44,23.58,23.44,23.56,2410
20170815,23.65,23.73,23.55,23.58,5986
20170816,23.74,23.74,23.65,23.65,7216
20170817,23.62,23.63,23.45,23.45,17473
20170818,23.41,23.51,23.37,23.47,14721
20170821,23.5,23.5,23.4,23.41,6867
20170822,23.56,23.65,23.56,23.65,18903
20170823,23.59,23.62,23.57,23.61,8166
20170824,23.64,23.67,23.6,23.63,25059
20170825,23.7,23.73,23.63,23.63,11724
20170828,23.67,23.67,23.54,23.56,5583
20170829,23.44,23.57,23.42,23.52,23278
20170830,23.57,23.63,23.55,23.6,6289
20170831,23.76,23.76,23.67,23.74,10474
20170901,23.81,23.81,23.75,23.78,8271
20170905,23.67,23.67,23.44,23.48,14638
20170906,23.57,23.68,23.57,23.67,11727
20170907,23.65,23.69,23.64,23.66,4316
20170908,23.65,23.65,23.6,23.6,15608
20170911,23.81,23.93,23.81,23.93,58053
20170912,24,24,23.95,23.97,11183
20170913,23.97,23.99,23.94,23.96,25596
20170914,23.92,23.96,23.91,23.94,8212
20170915,23.87,23.88,23.82,23.88,56862
20170918,23.99,24.03,23.97,24.02,4554
20170919,24.06,24.07,23.99,24.02,9533
20170920,24.08,24.11,24.05,24.09,8910
20170921,24.07,24.1,24.06,24.1,4775
20170922,24.06,24.08,24.02,24.08,7032
20170925,23.99,24.01,23.91,23.93,5369
20170926,24.01,24.01,23.96,23.99,4313
20170927,24,24.14,24,24.13,63749
20170928,24.07,24.12,24.05,24.1,17720
20170929,24.1,24.27,24.1,24.24,39579
20171002,24.28,24.37,24.28,24.37,3373
20171003,24.41,24.49,24.41,24.48,13543
20171004,24.47,24.47,24.43,24.45,4059
20171005,24.52,24.58,24.5,24.57,3591
20171006,24.52,24.54,24.49,24.54,11691
20171009,24.58,24.58,24.51,24.51,4428
20171010,24.58,24.66,24.58,24.66,7757
20171011,24.58,24.69,24.58,24.69,9045
20171012,24.67,24.7,24.66,24.66,11288
20171013,24.76,24.78,24.76,24.76,6406
20171016,24.82,24.83,24.78,24.82,24130
20171017,24.77,24.82,24.76,24.8,4236
20171018,24.9,24.9,24.84,24.86,11032
20171019,24.75,24.77,24.75,24.77,3036
20171020,24.86,24.88,24.83,24.86,10868
20171023,24.93,24.93,24.78,24.78,7515
20171024,24.85,24.88,24.84,24.87,20234
20171025,24.86,24.86,24.65,24.74,18091
20171026,24.85,24.92,24.83,24.88,5738
20171027,24.95,24.99,24.94,24.95,12739
20171030,24.98,25,24.92,24.94,9736
20171031,25,25.07,25,25.05,10965
20171101,25.19,25.19,25.18,25.18,2571
20171102,25.18,25.22,25.09,25.22,2715
20171103,25.15,25.22,25.15,25.21,9353
20171106,25.21,25.24,25.2,25.23,7506
20171107,25.27,25.28,25.18,25.18,6630
20171108,25.25,25.3,25.22,25.27,12279
20171109,25.11,25.11,25,25.09,109286
20171110,25.06,25.06,24.97,25.02,89271
20171113,24.87,24.98,24.87,24.97,67281
20171114,24.88,24.88,24.77,24.79,54043
20171115,24.64,24.71,24.58,24.63,55399
20171116,24.81,24.93,24.81,24.93,11124
20171117,24.83,24.86,24.79,24.79,35083
20171120,24.98,24.99,24.91,24.97,33267
20171121,25.15,25.16,25.13,25.14,3661
20171122,25.19,25.19,25.04,25.08,6143
20171124,25.14,25.14,25.1,25.12,3962
20171127,25.03,25.03,24.92,24.94,22148
20171128,25.04,25.14,25.03,25.11,9014
20171129,25.1,25.1,24.92,24.99,20806
20171130,25.03,25.19,24.91,24.92,13673
20171201,24.9,24.9,24.68,24.77,46264
20171204,24.91,24.91,24.81,24.81,7036
20171205,24.87,24.91,24.77,24.77,4743
20171206,24.66,24.69,24.63,24.67,24484
20171207,24.7,24.78,24.67,24.78,7168
20171208,24.94,24.96,24.91,24.95,36995
20171211,25.03,25.05,25.01,25.05,4317
20171212,25.01,25.08,25.01,25.06,7063
20171213,25.09,25.13,25.06,25.08,10328
20171214,25.06,25.06,24.91,24.91,32318
20171215,24.97,25,24.95,24.96,3745
20171218,25.16,25.22,25.16,25.16,14957
20171219,25.12,25.13,25.09,25.1,14873
20171220,25.11,25.11,25.03,25.09,9726
20171221,25.16,25.24,25.16,25.18,16353
20171222,25.2,25.23,25.2,25.22,5913
20171226,25.25,25.25,25.17,25.17,4341
20171227,25.23,25.26,25.16,25.19,33771
20171228,25.27,25.27,25.11,25.17,49837
20171229,25.17,25.17,25.13,25.15,25089
20180102,25.16,25.28,25.16,25.25,20309
20180103,25.31,25.53,25.31,25.51,9420
20180104,25.68,25.69,25.6,25.69,20790
20180105,25.76,25.89,25.76,25.88,12497
20180108,25.89,25.93,25.85,25.93,45282
20180109,25.89,25.97,25.87,25.96,19095
20180110,25.78,25.86,25.77,25.83,10247
20180111,25.84,25.9,25.79,25.86,5541
20180112,25.91,25.97,25.89,25.95,15249
20180116,25.97,26.02,25.86,25.87,9594
20180117,25.95,26.1,25.93,26.07,12685
20180118,25.97,26.03,25.95,25.98,7491
20180119,26.14,26.17,26.09,26.17,8940
20180122,26.18,26.25,26.18,26.23,10322
20180123,26.26,26.31,26.25,26.31,4163
20180124,26.24,26.28,26.13,26.17,109856
20180125,26.15,26.15,26.01,26.07,22736
20180126,26.1,26.2,26.06,26.2,202908
20180129,26.1,26.1,26.07,26.07,4126
20180130,25.76,25.81,25.66,25.73,62706
20180131,25.81,25.82,25.73,25.79,10634
20180201,25.73,25.76,25.63,25.67,4352
20180202,25.53,25.53,25.3,25.3,31016
20180205,25.12,25.24,24.26,24.42,27348
20180206,24.37,24.93,24.37,24.84,24003
20180207,24.6,24.88,24.6,24.7,45850
20180208,24.33,24.34,24.11,24.11,4535
20180209,23.91,24.17,23.51,24.01,342652
20180212,24.24,24.4,24.17,24.3,42170
20180213,24.22,24.35,24.11,24.26,157071
20180214,24.29,24.58,24.27,24.53,35074
20180215,24.68,24.72,24.53,24.69,10760
20180216,24.83,24.95,24.77,24.83,13885
20180220,24.77,24.84,24.75,24.77,9712
20180221,24.81,25,24.77,24.78,5591
20180222,24.76,24.83,24.74,24.74,7540
20180223,24.86,25.04,24.83,25.04,78403
20180226,25.06,25.23,25.06,25.2,17492
20180227,24.95,24.97,24.93,24.93,1961
20180228,24.94,24.96,24.68,24.7,8457
20180301,24.71,24.71,24.31,24.34,38342
20180302,24.14,24.33,24.11,24.21,8447
20180305,24.14,24.46,24.14,24.42,8201
20180306,24.52,24.58,24.49,24.54,8242
20180307,24.43,24.47,24.35,24.46,5176
20180308,24.57,24.67,24.55,24.63,15931
20180309,24.8,24.88,24.76,24.86,267683
20180312,24.93,24.93,24.82,24.86,21716
20180313,24.92,24.92,24.71,24.74,2525
20180314,24.86,24.86,24.68,24.71,16360
20180315,24.74,24.81,24.7,24.81,13343
20180316,24.84,24.84,24.79,24.79,4674
20180319,24.62,24.62,24.43,24.46,7449
20180320,24.61,24.7,24.59,24.7,9589
20180321,24.64,24.68,24.55,24.55,4463
20180322,24.27,24.33,24.11,24.11,3923
20180323,24.08,24.08,23.85,23.85,6380
20180326,24.11,24.15,23.88,24.15,17036
20180327,24.34,24.34,23.96,23.96,8037
20180328,24.1,24.25,24.05,24.25,5023
20180329,24.43,24.5,24.43,24.43,4239
20180402,24.13,24.13,23.86,23.95,47819
20180403,24.14,24.29,24.13,24.29,8313
20180404,24.1,24.34,24.1,24.33,3349
20180405,24.43,24.61,24.43,24.59,4205
20180406,24.45,24.45,24.21,24.29,5103
20180409,24.4,24.57,24.39,24.39,3536
20180410,24.56,24.68,24.56,24.61,9957
20180411,24.62,24.7,24.59,24.59,2460
20180412,24.68,24.75,24.67,24.7,3669
20180413,24.7,24.71,24.61,24.61,11915
20180416,24.64,24.65,24.58,24.64,7900
20180417,24.74,24.79,24.71,24.76,6677
20180418,24.89,24.95,24.89,24.93,6164
20180419,24.83,24.88,24.83,24.88,3215
20180420,24.83,24.84,24.77,24.78,2944
20180423,24.95,24.96,24.92,24.93,21138
20180424,25.1,25.1,24.81,24.81,12863
20180425,24.78,24.89,24.78,24.87,6618
20180426,24.9,25.1,24.9,25.04,9502
20180427,25.06,25.13,25.06,25.08,6179
20180430,25.21,25.21,25.1,25.13,9540
20180501,25.01,25.11,24.98,25.11,2665
20180502,25.2,25.22,25.18,25.19,5762
20180503,24.99,25.11,24.99,25.1,7429
20180504,25,25.22,25,25.19,8966
20180507,25.29,25.29,25.24,25.24,6395
20180508,25.24,25.33,25.24,25.32,5656
20180509,25.35,25.44,25.34,25.44,22114
20180510,25.46,25.61,25.44,25.56,16649
20180511,25.53,25.61,25.53,25.58,10826
20180514,25.73,25.73,25.73,25.73,154
20180515,25.59,25.62,25.56,25.56,4565
20180516,25.63,25.7,25.63,25.69,3136
20180517,25.66,25.73,25.62,25.68,8092
20180518,25.62,25.62,25.58,25.58,1825
20180521,25.72,25.75,25.69,25.7,4130
20180522,25.77,25.8,25.69,25.71,11848
20180523,25.48,25.53,25.43,25.53,5444
20180524,25.32,25.38,25.28,25.37,1960
20180525,25.31,25.37,25.3,25.35,20501
20180529,25.08,25.14,24.88,24.97,16820
20180530,25.07,25.17,24.99,25.15,9011
20180531,25.06,25.06,24.92,24.96,122705
20180601,25.21,25.23,25.15,25.21,20139
20180604,25.4,25.4,25.35,25.38,20957
20180605,25.4,25.4,25.27,25.28,84465
20180606,25.3,25.5,25.3,25.5,61785
20180607,25.48,25.48,25.32,25.36,2425
20180608,25.29,25.36,25.25,25.36,51012
20180611,25.42,25.53,25.42,25.52,2911
20180612,25.45,25.48,25.39,25.4,118548
20180613,25.51,25.51,25.41,25.47,4200
20180614,25.53,25.55,25.52,25.54,1682
20180615,25.35,25.41,25.3,25.41,43087
20180618,25.14,25.23,25.14,25.23,3535
20180619,24.92,25.04,24.89,25.04,9895
20180620,25.15,25.15,25.09,25.13,2047
20180621,24.99,24.99,24.86,24.87,1770
20180622,25.02,25.11,25.02,25.03,11177
20180625,24.87,24.87,24.63,24.64,3266
20180626,24.77,24.77,24.77,24.77,574
20180627,24.8,24.81,24.65,24.7,13036
20180628,24.63,24.76,24.6,24.76,3394
20180629,24.92,24.92,24.88,24.88,8846
20180702,24.61,24.69,24.61,24.66,9153
20180703,24.78,24.84,24.72,24.72,1930
20180705,24.84,24.86,24.76,24.83,11072
20180706,24.78,24.99,24.78,24.97,11283
20180709,25.14,25.23,25.14,25.19,9284
20180710,25.23,25.25,25.21,25.25,4030
20180711,24.94,25.02,24.93,24.94,7788
20180712,25.1,25.18,25.1,25.18,6013
20180713,25.25,25.25,25.2,25.24,12238
20180716,25.16,25.22,25.16,25.21,5531
20180717,25.11,25.37,25.11,25.37,12845
20180718,25.37,25.39,25.36,25.38,3867
20180719,25.33,25.33,25.26,25.28,18376
20180720,25.34,25.34,25.27,25.31,5073
20180723,25.27,25.29,25.27,25.28,1006
20180724,25.45,25.53,25.42,25.43,4383
20180725,25.45,25.59,25.45,25.59,8510
20180726,25.56,25.59,25.56,25.59,1548
20180727,25.62,25.62,25.52,25.59,3192
20180730,25.61,25.63,25.53,25.53,2189
20180731,25.57,25.66,25.57,25.6,3727
20180801,25.53,25.6,25.48,25.58,337036
20180802,25.34,25.46,25.34,25.46,21525
20180803,25.45,25.5,25.45,25.48,1065
20180806,25.45,25.5,25.45,25.5,882
20180807,25.63,25.65,25.59,25.6,6376
20180808,25.58,25.58,25.55,25.58,4155
20180809,25.61,25.61,25.59,25.59,3938
20180810,25.32,25.32,25.26,25.26,3227
20180813,25.23,25.23,25.18,25.19,22819
20180814,25.15,25.24,25.14,25.24,10694
20180815,24.81,24.81,24.68,24.81,8989
20180816,24.93,24.99,24.93,24.96,12351
20180817,24.82,25.02,24.82,25.01,12782
20180820,25.11,25.12,25.07,25.07,303720
20180821,25.22,25.24,25.14,25.15,13291
20180822,25.22,25.27,25.22,25.27,10708
20180823,25.27,25.27,25.19,25.19,7048
20180824,25.25,25.3,25.25,25.26,10913
20180827,25.45,25.55,25.45,25.53,15087
20180828,25.53,25.55,25.48,25.5,3166
20180829,25.48,25.63,25.48,25.63,11515
20180830,25.45,25.45,25.31,25.34,9706
20180831,25.24,25.33,25.19,25.27,5383
20180904,25.15,25.15,25.07,25.09,8828
20180905,24.81,24.85,24.78,24.82,13494
20180906,24.81,24.81,24.68,24.71,3885
20180907,24.61,24.71,24.59,24.62,4289
20180910,24.72,24.72,24.64,24.68,4863
20180911,24.54,24.69,24.51,24.63,91216
20180912,24.63,24.74,24.54,24.69,15450
20180913,24.81,24.84,24.76,24.82,29438
20180914,24.93,24.94,24.81,24.87,8130
20180917,24.87,24.92,24.78,24.8,13162
20180918,25.04,25.1,25,25.02,24562
20180919,25.13,25.21,25.13,25.16,4981
20180920,25.21,25.33,25.21,25.3,6776
20180921,25.36,25.45,25.36,25.4,12604
20180924,25.28,25.3,25.28,25.28,3438
20180925,25.36,25.44,25.36,25.38,17575
20180926,25.42,25.47,25.33,25.39,5539
20180927,25.44,25.59,25.44,25.58,2670
20180928,25.35,25.37,25.3,25.36,2047
20181001,25.5,25.5,25.43,25.43,1628
20181002,25.31,25.32,25.23,25.26,8127
20181003,25.4,25.43,25.34,25.34,58193
20181004,25.17,25.17,24.91,25.02,13014
20181005,24.89,24.89,24.69,24.8,197913
20181008,24.61,24.76,24.56,24.72,14929
20181009,24.6,24.67,24.6,24.66,19154
20181010,24.45,24.45,24.07,24.11,10678
20181011,23.94,23.96,23.56,23.62,33488
20181012,23.91,23.91,23.63,23.86,318488
20181015,23.68,23.85,23.63,23.84,17797
20181016,24.08,24.1,24.08,24.08,11843
20181017,24.08,24.16,24.08,24.13,1102
20181018,23.92,23.94,23.72,23.76,2669
20181019,23.98,23.98,23.84,23.85,4089
20181022,23.91,23.94,23.9,23.9,2312
20181023,23.51,23.65,23.51,23.65,1002
20181024,23.54,23.54,23.26,23.26,4819
20181025,23.29,23.51,23.27,23.5,8980
20181026,23.06,23.29,23.05,23.16,420082
20181029,23.49,23.49,23.02,23.02,7745
20181030,23.22,23.36,23.22,23.35,6527
20181031,23.67,23.76,23.64,23.64,23370
20181101,23.74,23.88,23.73,23.88,1200
20181102,24.13,24.15,23.93,24.01,12634
20181105,24.03,24.06,23.96,24.02,4226
20181106,24.04,24.08,24.02,24.04,3348
20181107,24.2,24.36,24.2,24.34,3327
20181108,24.21,24.21,24.1,24.13,1233
20181109,23.94,23.97,23.86,23.97,327733
20181112,23.74,23.8,23.71,23.71,6122
20181113,23.82,23.82,23.79,23.79,818
20181114,23.9,23.93,23.73,23.8,7612
20181115,23.64,23.96,23.64,23.91,9691
20181116,23.73,23.92,23.73,23.89,6325
20181119,23.8,23.8,23.6,23.63,6072
20181120,23.39,23.43,23.27,23.27,9561
20181121,23.55,23.69,23.55,23.6,7101
20181123,23.5,23.53,23.48,23.48,1353
20181126,23.7,23.81,23.7,23.78,14240
20181127,23.75,23.86,23.75,23.86,2911
20181128,23.86,24.13,23.84,24.13,21613
20181129,23.96,23.99,23.86,23.93,133311
20181130,23.86,23.92,23.84,23.87,41741
20181203,24.28,24.28,24.08,24.16,293472
20181204,24.06,24.06,23.58,23.59,3364
20181206,23.11,23.33,22.97,23.33,16856
20181207,23.37,23.47,23.1,23.14,25936
20181210,23.1,23.1,22.87,23.08,9594
20181211,23.3,23.33,23.08,23.15,32455
20181212,23.51,23.6,23.47,23.51,12990
20181213,23.54,23.54,23.43,23.48,39116
20181214,23.27,23.37,23.24,23.24,39862
20181217,23.15,23.19,22.92,22.93,6539
20181218,23.02,23.08,22.93,23,33918
20181219,23.02,23.12,22.64,22.64,187631
20181220,22.66,22.79,22.5,22.58,27172
20181221,22.53,22.61,22.27,22.33,23621
20181224,22.16,22.28,22.07,22.07,15632
20181226,22.24,22.65,21.97,22.65,8091
20181227,22.31,22.31,22.2,22.31,7348
20181228,22.64,22.75,22.51,22.54,132939
20181231,22.6,22.64,22.51,22.53,49687
20190102,22.38,22.67,22.38,22.56,4774
20190103,22.48,22.48,22.28,22.32,27238
20190104,22.7,22.99,22.7,22.96,23494
20190107,22.96,23.02,22.84,22.97,74935
20190108,23.18,23.18,23.08,23.13,9937
20190109,23.36,23.36,23.29,23.33,3762
20190110,23.26,23.5,23.26,23.5,3444
20190111,23.37,23.4,23.36,23.38,2202
20190114,23.25,23.31,23.25,23.25,19916
20190115,23.45,23.46,23.44,23.44,1370
20190116,23.47,23.6,23.47,23.57,4016
20190117,23.45,23.66,23.45,23.66,4093
20190118,23.93,23.99,23.87,23.99,9694
20190122,23.71,23.72,23.57,23.57,2320
20190123,23.77,23.8,23.64,23.67,17026
20190124,23.77,23.83,23.75,23.83,4110
20190125,24,24.01,23.96,23.97,2832
20190128,23.74,23.84,23.74,23.83,2614
20190129,23.95,23.97,23.92,23.95,5313
20190130,24.04,24.15,24.02,24.15,1408
20190131,24.04,24.2,24.04,24.16,6412
20190201,24.19,24.21,24.16,24.21,9189
20190204,24.21,24.23,24.21,24.23,354
20190205,24.46,24.58,24.46,24.54,6021
20190206,24.49,24.53,24.42,24.43,6910
20190207,24.33,24.33,24.11,24.25,15613
20190208,24.09,24.15,23.98,24.15,3906
20190211,24.2,24.2,24.13,24.13,1681
20190212,24.4,24.47,24.36,24.4,169755
20190213,24.52,24.52,24.45,24.48,44468
20190214,24.37,24.52,24.37,24.5,5340
20190215,24.65,24.65,24.61,24.63,3163
20190219,24.64,24.75,24.64,24.73,7288
20190220,24.79,24.89,24.79,24.84,7111
20190221,24.76,24.8,24.73,24.75,24474
20190222,24.88,24.94,24.87,24.92,236809
20190225,25.07,25.07,25,25,8189
20190226,25.02,25.06,25,25.06,1872
20190227,24.96,24.98,24.87,24.95,3768
20190228,24.89,24.9,24.85,24.85,5990
20190301,24.96,25.03,24.93,25.03,3066
20190304,25.02,25.05,24.86,24.96,6788
20190305,24.99,25.11,24.99,25.1,18300
20190306,25.05,25.07,25.01,25.02,16003
20190307,24.82,24.88,24.79,24.8,6604
20190308,24.64,24.7,24.59,24.7,3280
20190311,24.8,24.94,24.8,24.93,2868
20190312,24.89,24.95,24.89,24.92,2062
20190313,24.95,25.07,24.95,25.03,3872
20190314,24.97,25.06,24.97,25.02,8189
20190315,25.14,25.25,25.14,25.23,6302
20190318,25.35,25.36,25.31,25.36,11250
20190319,25.46,25.46,25.37,25.37,3686
20190320,25.28,25.41,25.27,25.31,8052
20190321,25.25,25.44,25.25,25.44,6387
20190322,25.15,25.15,24.9,24.9,1084
20190325,24.91,24.94,24.84,24.92,8169
20190326,25.09,25.1,24.95,25.05,18711
20190327,25.06,25.06,24.91,25.02,82797
20190328,25.07,25.12,25.04,25.07,2985
20190329,25.22,25.29,25.22,25.26,5496
20190401,25.52,25.61,25.5,25.61,6486
20190402,25.6,25.6,25.5,25.57,47295
20190403,25.75,25.77,25.7,25.7,3335
20190404,25.74,25.76,25.71,25.75,7321
20190405,25.81,25.87,25.81,25.87,20980
20190408,25.84,25.85,25.79,25.85,8683
20190409,25.76,25.76,25.71,25.71,5552
20190410,25.75,25.83,25.75,25.82,12718
20190411,25.74,25.78,25.71,25.75,8125
20190412,25.9,25.9,25.85,25.88,6458
20190415,25.87,25.87,25.82,25.85,9515
20190416,25.95,26.05,25.95,25.99,93258
20190417,26.08,26.09,26.02,26.08,4673
20190418,26.09,26.13,26.04,26.12,5478
20190422,26.02,26.05,26.01,26.05,5476
20190423,26.09,26.18,26.05,26.18,23477
20190424,25.98,26.07,25.98,26.05,11129
20190425,26.01,26.03,25.99,26.02,4999
20190426,26.08,26.14,26.04,26.14,37568
20190429,26.17,26.19,26.14,26.18,21513
20190430,26.1,26.14,26.09,26.14,3808
20190501,26.17,26.17,26.11,26.13,4631
20190502,26.08,26.08,25.92,25.97,3773
20190503,26.13,26.18,26.13,26.18,11517
20190506,25.69,25.91,25.64,25.91,8721
20190507,25.68,25.68,25.39,25.41,6295
20190508,25.42,25.54,25.42,25.5,10171
20190509,25.18,25.24,24.95,25.22,73632
20190510,25.16,25.37,25.07,25.32,22134
20190513,24.84,24.85,24.78,24.81,3378
20190514,24.95,25.11,24.95,25.07,8927
20190515,25.18,25.18,25.18,25.18,275
20190516,25.26,25.37,25.26,25.34,3710
20190517,25.17,25.3,25.17,25.2,3506
20190520,25.08,25.12,25.06,25.07,13364
20190521,25.19,25.28,25.19,25.27,143371
20190522,25.2,25.22,25.18,25.21,8206
20190523,24.95,24.95,24.8,24.84,6817
20190524,25.03,25.04,24.98,24.99,3772
20190528,25.09,25.09,24.96,24.98,8953
20190529,24.75,24.88,24.75,24.84,40361
20190530,24.88,24.96,24.88,24.94,15492
20190531,24.71,24.76,24.66,24.76,6741
20190603,24.78,24.84,24.74,24.74,1718
20190604,24.87,24.96,24.87,24.96,3269
20190605,24.98,25,24.89,24.98,7345
20190606,24.93,25.05,24.93,25,4341
20190607,25.2,25.26,25.16,25.23,8065
20190610,25.34,25.47,25.34,25.4,5471
20190611,25.67,25.68,25.53,25.55,13915
20190612,25.43,25.46,25.39,25.4,4429
20190613,25.48,25.48,25.31,25.34,12161
20190614,25.33,25.33,25.28,25.33,4815
20190617,25.35,25.36,25.31,25.35,10211
20190618,25.5,25.72,25.5,25.69,4397
20190619,25.79,25.85,25.74,25.82,11497
20190620,26.05,26.05,25.88,25.93,2739
20190621,25.78,25.83,25.78,25.81,5592
20190624,25.79,25.84,25.75,25.84,4930
20190625,25.77,25.77,25.62,25.62,2555
20190626,25.79,25.8,25.71,25.77,16598
20190627,25.83,25.83,25.78,25.81,1082
20190628,25.85,25.91,25.82,25.82,7990
20190701,26.19,26.19,26.1,26.17,2798
20190702,26.16,26.22,26.16,26.2,2548
20190703,26.28,26.31,26.25,26.31,2836
20190705,26.21,26.25,26.15,26.25,3927
20190708,26.13,26.14,26.09,26.1,3484
20190709,25.99,26.05,25.99,26.03,5081
20190710,26.16,26.17,26.01,26.01,11762
20190711,26.05,26.05,25.96,26.01,22981
20190712,26.01,26.01,25.94,25.94,3208
20190715,26.06,26.08,26.04,26.05,8749
20190716,26.1,26.13,26.06,26.08,3971
20190717,26.08,26.08,26.06,26.07,608
20190718,25.96,25.96,25.87,25.94,12454
20190719,26.04,26.04,25.95,26.01,5698
20190722,26.01,26.04,25.96,26.02,6966
20190723,26.18,26.23,26.16,26.23,1386
20190724,26.19,26.2,26.18,26.2,1506
20190725,26.14,26.14,26.03,26.03,5283
20190726,26.19,26.19,26.16,26.16,2354
20190729,26.25,26.25,26.14,26.18,4952
20190730,26,26,25.91,25.91,16802
20190731,25.98,25.98,25.69,25.79,5276
20190801,25.82,25.98,25.58,25.59,29912
20190802,25.53,25.53,25.29,25.35,5111
20190805,24.87,24.89,24.56,24.64,5858
20190806,24.93,24.94,24.76,24.83,14386
20190807,24.76,25.01,24.65,25.01,10211
20190808,25.07,25.22,25.07,25.2,2249
20190809,25.09,25.09,25.01,25.07,3694
20190812,24.92,24.94,24.79,24.82,6332
20190813,24.99,25.16,24.99,25.13,4204
20190814,24.65,24.65,24.53,24.59,3881
20190815,24.54,24.62,24.54,24.58,6176
20190816,24.69,24.91,24.69,24.86,8370
20190819,25.1,25.11,25.07,25.07,5851
20190820,25.03,25.05,24.98,25.05,6156
20190821,25.21,25.26,25.18,25.24,17901
20190822,25.19,25.19,25.05,25.05,6578
20190823,25.06,25.06,24.68,24.68,3651
20190826,24.98,24.98,24.92,24.92,1832
20190827,25,25,24.91,24.92,4583
20190828,24.81,25.03,24.81,25.03,4711
20190829,25.25,25.26,25.23,25.24,3917
20190830,25.37,25.37,25.3,25.36,6278
20190903,25.34,25.34,25.27,25.31,3307
20190904,25.53,25.53,25.5,25.5,19024
20190905,25.7,25.78,25.7,25.76,8408
20190906,25.75,25.83,25.75,25.8,4360
20190909,25.89,25.89,25.76,25.82,4816
20190910,25.78,25.89,25.78,25.86,4699
20190911,26.06,26.07,26.06,26.07,1075
20190912,26.17,26.22,26.15,26.2,8570
20190913,26.28,26.3,26.24,26.26,13712
20190916,26.2,26.22,26.13,26.13,18260
20190917,26.13,26.19,26.13,26.17,21168
20190918,26.15,26.18,26.13,26.18,13498
20190919,26.2,26.28,26.2,26.21,7957
20190920,26.34,26.34,26.2,26.2,5450
20190923,26.14,26.14,26.09,26.14,1530
20190924,26.16,26.16,25.99,26,8484
20190925,25.94,26.07,25.94,26.07,1704
20190926,26.09,26.18,26.09,26.17,5370
20190927,26.16,26.16,26.01,26.01,78235
20190930,26.11,26.13,26.11,26.13,492
20191001,26.19,26.19,25.87,25.87,4548
20191002,25.61,25.61,25.41,25.41,3952
20191003,25.42,25.56,25.32,25.56,39632
20191004,25.58,25.72,25.58,25.72,857
20191007,25.73,25.78,25.69,25.73,7232
20191008,25.54,25.6,25.52,25.55,3397
20191009,25.67,25.75,25.67,25.73,4950
20191010,25.82,25.83,25.73,25.77,12815
20191011,26.05,26.23,26.05,26.15,6295
20191014,26.11,26.15,26.03,26.06,29314
20191015,26.13,26.37,26.13,26.35,14961
20191016,26.33,26.33,26.26,26.33,4689
20191017,26.37,26.37,26.28,26.32,3494
20191018,26.3,26.3,26.17,26.22,7091
20191021,26.35,26.36,26.3,26.34,16812
20191022,26.4,26.45,26.36,26.38,13227
20191023,26.4,26.44,26.39,26.42,11490
20191024,26.57,26.58,26.48,26.58,48705
20191025,26.52,26.63,26.52,26.59,50231
20191028,26.69,26.74,26.67,26.71,6374
20191029,26.63,26.7,26.63,26.67,22558
20191030,26.7,26.73,26.62,26.73,6978
20191031,26.73,26.73,26.5,26.5,12760
20191101,26.8,26.83,26.78,26.81,8907
20191104,27.11,27.11,27.02,27.02,3743
20191105,27.13,27.16,27.07,27.16,9149
20191106,27.08,27.17,27.06,27.13,3717
20191107,27.32,27.35,27.26,27.26,8259
20191108,27.14,27.23,27.05,27.21,15377
20191111,27.14,27.17,27.12,27.16,3089
20191112,27.14,27.2,27.12,27.14,7786
20191113,27.05,27.08,27.02,27.02,6666
20191114,27,27.05,26.95,26.96,3169
20191115,27.01,27.14,27.01,27.13,7823
20191118,27.16,27.16,27.07,27.12,7354
20191119,27.18,27.24,27.1,27.16,6524
20191120,27.11,27.13,26.96,27,15202
20191121,26.99,26.99,26.98,26.99,4040
20191122,27.12,27.12,27.06,27.09,7368
20191125,27.2,27.34,27.2,27.34,8154
20191126,27.26,27.31,27.26,27.31,6813
20191127,27.38,27.43,27.36,27.43,7798
20191129,27.24,27.24,27.17,27.18,5423
20191202,27.21,27.21,26.93,26.99,12707
20191203,26.77,26.85,26.65,26.85,8238
20191204,26.95,27.04,26.95,27.04,5962
20191205,27.1,27.1,26.97,27.05,6884
20191206,27.21,27.27,27.21,27.27,5935
20191209,27.16,27.23,27.12,27.12,13263
20191210,27.07,27.17,27.06,27.16,7649
20191211,27.23,27.25,27.16,27.23,4729
20191212,27.3,27.48,27.25,27.47,3024
20191213,27.62,27.67,27.54,27.63,11195
20191216,27.81,27.9,27.81,27.86,1969
20191217,27.88,27.92,27.71,27.74,104183
20191218,27.77,27.8,27.73,27.79,3651
20191219,27.75,27.8,27.7,27.77,3052
20191220,27.84,27.88,27.82,27.84,14115
20191223,27.88,27.89,27.84,27.84,10103
20191224,27.89,27.89,27.8,27.84,15384
20191226,27.91,27.95,27.89,27.93,7254
20191227,28,28.01,27.93,27.93,12864
20191230,27.96,27.96,27.67,27.67,12153
20191231,27.68,27.72,27.61,27.72,5340
20200102,28.04,28.14,28.01,28.14,16856
20200103,27.89,27.96,27.89,27.95,27726
20200106,27.84,27.9,27.8,27.9,101418
20200107,27.94,27.97,27.85,27.86,26816
20200108,27.9,28.09,27.89,28.08,6726
20200109,28.17,28.17,28.1,28.14,9920
20200110,28.21,28.24,28.09,28.1,16934
20200113,28.21,28.35,28.19,28.34,16569
20200114,28.34,28.4,28.31,28.36,38214
20200115,28.33,28.34,28.28,28.32,23025
20200116,28.37,28.64,28.37,28.64,45396
20200117,28.77,28.78,28.7,28.78,60449
20200121,28.53,28.54,28.46,28.47,7940
20200122,28.59,28.59,28.47,28.48,4691
20200123,28.35,28.45,28.25,28.43,9012
20200124,28.56,28.56,28.25,28.33,6247
20200127,27.8,27.87,27.64,27.8,20297
20200128,27.92,28.03,27.83,28.01,8059
20200129,28.15,28.17,28.04,28.07,10776
20200130,27.74,27.96,27.7,27.96,11867
20200131,27.51,27.51,27.32,27.32,3543
20200203,27.44,27.7,27.44,27.62,9391
20200204,28.06,28.12,28.03,28.09,5902
20200205,28.35,28.4,28.25,28.34,8968
20200206,28.54,28.54,28.45,28.51,9400
20200207,28.34,28.34,28.24,28.26,14910
20200210,28.2,28.35,28.2,28.32,5194
20200211,28.54,28.58,28.47,28.49,12495
20200212,28.65,28.71,28.63,28.69,35027
20200213,28.46,28.54,28.39,28.53,9646
20200214,28.45,28.46,28.37,28.37,9140
20200218,28.34,28.37,28.27,28.32,5613
20200219,28.46,28.58,28.46,28.54,13279
20200220,28.43,28.5,28.32,28.41,6114
20200221,28.28,28.29,28.02,28.03,21961
20200224,27.15,27.21,26.9,26.9,67731
20200225,27.07,27.07,26.48,26.52,23605
20200226,26.67,26.82,26.58,26.58,33316
20200227,26.05,26.26,25.65,25.78,100229
20200228,25.05,25.46,24.97,25.21,11520
20200302,25.33,25.64,25.28,25.63,28768
20200303,25.91,26.2,25.38,25.49,18668
20200304,26,26.19,25.87,26.17,67411
20200305,25.7,25.78,25.42,25.42,3622
20200306,24.91,25.02,24.73,24.91,4436
20200309,22.87,23.45,22.58,23.15,113801
20200310,23.92,24.14,23.36,24.14,32593
20200311,23.38,23.5,22.84,22.98,46277
20200312,21.11,21.37,20.37,20.7,49492
20200313,21.91,22.16,21,22.16,42229
20200316,19.557,20.61,19.327,19.739,78606
20200317,20.25,21.05,20.07,20.89,30388
20200318,19.745,20.31,19.678,20.11,22714
20200319,19.884,20.91,19.884,20.81,138067
20200320,21.21,21.51,20.79,20.81,11608
20200323,20.52,20.55,20.08,20.22,195021
20200324,21.22,21.6,21.22,21.49,48199
20200325,21.66,22.34,21.66,22.11,9236
20200326,22.09,22.66,22.09,22.64,18027
20200327,21.82,22,21.64,21.66,28196
20200330,21.86,22.3,21.86,22.3,13584
20200331,22.19,22.3,22.07,22.13,12780
20200401,21.55,21.75,21.45,21.57,25561
20200402,21.63,22.03,21.63,21.83,12001
20200403,21.79,21.8,21.58,21.62,5369
20200406,22.43,22.64,22.35,22.64,12645
20200407,23.35,23.35,22.71,22.86,55514
20200408,22.69,22.99,22.69,22.87,21693
20200409,23.29,23.31,23.1,23.22,10248
20200413,23.07,23.07,22.85,22.9,14189
20200414,23.38,23.45,23.26,23.32,12536
20200415,22.81,22.87,22.72,22.79,26073
20200416,22.84,22.91,22.77,22.84,12086
20200417,23.44,23.45,23.25,23.42,12090
20200420,23.34,23.36,23.13,23.13,2138
20200421,22.82,22.84,22.64,22.64,4676
20200422,23.05,23.27,23.05,23.26,174764
20200423,23.31,23.47,23.13,23.13,18994
20200424,23.2,23.35,23.18,23.3,11892
20200427,23.43,23.61,23.4,23.61,9362
20200428,23.81,23.81,23.7,23.7,4123
20200429,24.01,24.27,24.01,24.22,12061
20200430,23.88,23.9,23.59,23.69,8842
20200501,23.2,23.21,23.04,23.11,13153
20200504,23.13,23.2,23.03,23.2,3740
20200505,23.45,23.49,23.29,23.35,10581
20200506,23.57,23.57,23.3,23.3,7858
20200507,23.51,23.61,23.4,23.4,20563
20200508,23.74,23.84,23.74,23.8,14609
20200511,23.84,24.04,23.84,23.95,7306
20200512,23.9,24.01,23.76,23.76,4450
20200513,23.84,23.84,23.46,23.56,2513
20200514,23.1,23.42,22.99,23.42,17134
20200515,23.39,23.39,23.25,23.34,10206
20200518,23.93,24.21,23.93,24.2,10590
20200519,24.04,24.12,23.91,23.91,7847
20200520,24.28,24.33,24.15,24.16,11020
20200521,24.09,24.16,23.94,24.05,113867
20200522,23.87,23.89,23.81,23.88,4257
20200526,24.5,24.5,24.32,24.35,14770
20200527,24.54,24.59,24.42,24.59,10771
20200528,24.81,24.84,24.55,24.55,25871
20200529,24.57,24.63,24.47,24.63,5365
20200601,24.68,24.95,24.68,24.93,15342
20200602,25.13,25.3,25.13,25.28,10127
20200603,25.65,25.83,25.65,25.81,8336
20200604,25.67,25.67,25.54,25.55,3335
20200605,26.12,26.19,25.98,26.02,28145
20200608,26.18,26.22,26.01,26.22,20408
20200609,25.87,26.07,25.85,26.05,55809
20200610,25.99,26.08,25.85,25.96,36562
20200611,25.3,25.35,24.72,24.73,27613
20200612,25.28,25.31,24.98,25.29,3153
20200615,24.9,25.29,24.81,25.29,10851
20200616,25.81,25.81,25.53,25.57,4378
20200617,25.66,25.8,25.62,25.67,13297
20200618,25.53,25.68,25.53,25.64,9005
20200619,25.87,25.87,25.56,25.64,2941
20200622,25.62,25.77,25.62,25.77,7188
20200623,25.95,26,25.91,25.91,5077
20200624,25.7,25.7,25.33,25.45,12533
20200625,25.42,25.61,25.42,25.6,6564
20200626,25.64,25.64,25.3,25.4,6458
20200629,25.41,25.6,25.41,25.54,2240
20200630,25.54,25.73,25.44,25.71,93801
20200701,25.64,25.77,25.58,25.74,10094
20200702,26.07,26.21,26.07,26.15,10698
20200706,26.59,26.61,26.5,26.61,6799
20200707,26.39,26.47,26.32,26.32,10020
20200708,26.38,26.48,26.29,26.48,10860
20200709,26.52,26.52,26.16,26.19,35358
20200710,26.17,26.3,26.01,26.27,33573
20200713,26.48,26.53,26.29,26.29,1674
20200714,26.16,26.41,26.12,26.41,4987
20200715,26.61,26.65,26.52,26.57,6072
20200716,26.42,26.42,26.32,26.38,8120
20200717,26.43,26.49,26.43,26.49,511
20200720,26.52,26.66,26.52,26.63,9465
20200721,26.88,26.88,26.64,26.73,46037
20200722,26.64,26.71,26.6,26.69,12894
20200723,26.74,26.74,26.42,26.49,7071
20200724,26.25,26.29,26.15,26.16,28307
20200727,26.43,26.5,26.37,26.48,4099
20200728,26.43,26.43,26.25,26.25,162126
20200729,26.4,26.57,26.4,26.52,8879
20200730,26.11,26.22,25.84,26.2,5724
20200731,26.12,26.12,25.62,25.79,21881
20200803,26.13,26.23,26.08,26.13,15462
20200804,26.24,26.33,26.24,26.29,12872
20200805,26.39,26.54,26.37,26.4,24889
20200806,26.38,26.48,26.32,26.44,5905
20200807,26.43,26.43,26.24,26.34,12850
20200810,26.35,26.42,26.35,26.41,15853
20200811,26.71,26.78,26.54,26.54,10437
20200812,26.86,27.03,26.86,26.94,13290
20200813,26.89,26.91,26.78,26.82,8992
20200814,26.59,26.73,26.58,26.62,14395
20200817,26.78,26.84,26.78,26.81,3514
20200818,26.85,26.86,26.69,26.78,30042
20200819,26.8,26.85,26.68,26.68,26500
20200820,26.48,26.61,26.48,26.61,4908
20200821,26.39,26.6,26.39,26.58,4124
20200824,26.89,26.92,26.88,26.89,4254
20200825,26.98,26.98,26.88,26.98,4831
20200826,26.96,27.14,26.96,27.08,13480
20200827,27.1,27.1,26.91,26.91,2765
20200828,26.85,26.88,26.82,26.88,6139
20200831,26.73,26.73,26.55,26.61,9655
20200901,26.56,26.78,26.56,26.72,17106
20200902,26.94,27.07,26.88,27.03,41445
20200903,26.94,26.94,26.42,26.52,17205
20200904,26.57,26.57,26.23,26.49,13899
20200908,26.3,26.4,26.27,26.29,12613
20200909,26.58,26.72,26.54,26.62,22126
20200910,26.69,26.73,26.4,26.4,13875
20200911,26.65,26.68,26.5,26.58,10214
20200914,26.85,26.85,26.75,26.81,4630
20200915,27,27,26.96,27,3996
20200916,26.96,27.02,26.92,26.96,5376
20200917,26.71,26.84,26.71,26.81,4371
20200918,26.8,26.8,26.66,26.66,2186
20200921,26.31,26.31,26.06,26.28,12182
20200922,26.25,26.29,26.19,26.29,898
20200923,26.41,26.41,26.13,26.14,11185
20200924,25.96,26.12,25.95,26.11,5715
20200925,25.88,26.2,25.88,26.2,6309
20200928,26.44,26.54,26.44,26.47,3115
20200929,26.5,26.5,26.45,26.48,3051
20200930,26.45,26.5,26.3,26.36,355204
20201001,26.56,26.56,26.41,26.48,32230
20201002,26.24,26.46,26.24,26.43,8533
20201005,26.58,26.67,26.57,26.67,8446
20201006,26.79,26.8,26.63,26.63,4352
20201007,26.8,26.87,26.77,26.86,13079
20201008,26.97,27.01,26.97,27,7512
20201009,26.98,27.19,26.98,27.19,168804
20201012,27.2,27.37,27.2,27.34,1826
20201013,27.24,27.26,27.17,27.26,8492
20201014,27.25,27.25,27.08,27.09,8091
20201015,26.75,26.92,26.75,26.92,6546
20201016,27.05,27.05,26.96,27,4550
20201019,27.05,27.05,26.86,26.86,7245
20201020,27.03,27.07,26.96,26.97,14971
20201021,26.89,26.89,26.76,26.81,10676
20201022,26.72,26.84,26.72,26.8,5788
20201023,26.92,26.92,26.82,26.92,5483
20201026,26.67,26.67,26.4,26.51,23050
20201027,26.48,26.49,26.35,26.36,19233
20201028,26.04,26.04,25.75,25.78,27588
20201029,25.79,26.05,25.77,26.01,18916
20201030,25.82,25.86,25.64,25.71,20501
20201102,26.11,26.16,26.04,26.15,14402
20201103,26.39,26.57,26.39,26.56,9180
20201104,26.77,27.07,26.71,26.91,11784
20201105,27.36,27.36,27.17,27.27,9988
20201106,27.38,27.45,27.35,27.43,16668
20201109,28.41,28.43,28.09,28.09,28795
20201110,28.12,28.28,28.09,28.23,20889
20201111,28.28,28.44,28.28,28.34,18574
20201112,28.21,28.31,28,28.06,13013
20201113,28.29,28.39,28.29,28.38,19824
20201116,28.74,28.74,28.6,28.7,19183
20201117,28.59,28.73,28.52,28.66,12085
20201118,28.72,28.73,28.52,28.52,9646
20201119,28.56,28.63,28.56,28.63,7726
20201120,28.61,28.8,28.61,28.8,4540
20201123,28.89,28.94,28.78,28.88,7420
20201124,29.01,29.19,29.01,29.16,24402
20201125,28.95,29.12,28.95,29.12,38843
20201127,29.12,29.25,29.12,29.23,10097
20201130,28.98,29,28.69,28.72,7932
20201201,29.12,29.24,29.09,29.14,7959
20201202,29.08,29.2,29.05,29.15,26989
20201203,29.31,29.31,29.16,29.19,7692
20201204,29.38,29.39,29.33,29.38,3893
20201207,29.29,29.38,29.23,29.28,10842
20201208,29.24,29.4,29.24,29.4,8927
20201209,29.5,29.5,29.22,29.33,11601
20201210,29.34,29.47,29.34,29.47,12043
20201211,29.29,29.36,29.22,29.33,39639
20201214,29.41,29.41,29.27,29.29,26271
20201215,29.41,29.47,29.3,29.47,6814
20201216,29.37,29.61,29.37,29.59,5977
20201217,29.72,29.72,29.63,29.65,18110
20201218,29.68,29.73,29.5,29.51,14816
20201221,29.11,29.25,28.95,29.22,7207
20201222,29.18,29.28,29.14,29.28,9767
20201223,29.4,29.52,29.4,29.47,7298
20201224,29.46,29.46,29.3,29.4,9054
20201228,29.7,29.7,29.61,29.65,10284
20201229,29.92,29.92,29.74,29.84,9704
20201230,29.94,30.03,29.87,29.92,16850
20201231,29.8,29.86,29.69,29.78,11835
20210104,30.13,30.19,29.87,29.91,9000
20210105,30.14,30.31,30.08,30.29,13622
20210106,30.31,30.61,30.31,30.4,8512
20210107,30.61,30.67,30.58,30.65,8961
20210108,30.84,31.15,30.84,31.15,93394
20210111,30.74,30.94,30.74,30.89,17434
20210112,30.87,30.97,30.86,30.93,11222
20210113,30.98,31.04,30.91,30.95,10282
20210114,31.17,31.25,31.11,31.11,18090
20210115,30.81,30.9,30.76,30.87,5521
20210119,31.09,31.12,30.96,31.1,16154
20210120,31.24,31.4,31.22,31.4,15153
20210121,31.37,31.38,31.24,31.37,12717
20210122,31.09,31.26,31.09,31.2,13970
20210125,31.15,31.29,31.05,31.29,20264
20210126,31.22,31.25,31.11,31.19,12428
20210127,30.64,30.82,30.53,30.53,19462
20210128,30.58,30.8,30.58,30.72,10271
20210129,30.27,30.27,30.07,30.13,15385
20210201,30.54,30.73,30.54,30.71,25081
20210202,30.92,31.11,30.92,31.09,7787
20210203,31.1,31.2,31.1,31.19,3564
20210204,31.16,31.27,31.1,31.27,21216
20210205,31.3,31.41,31.27,31.31,8792
20210208,31.57,31.6,31.44,31.58,11255
20210209,31.55,31.7,31.55,31.68,18726
20210210,31.72,31.76,31.57,31.65,19971
20210211,31.87,31.93,31.72,31.86,24045
20210212,31.8,31.99,31.8,31.98,6045
20210216,32.21,32.29,32.17,32.24,13343
20210217,32.11,32.21,32.06,32.2,22768
20210218,31.79,31.87,31.65,31.86,8056
20210219,31.98,32.04,31.9,31.98,10906
20210222,31.68,31.75,31.62,31.62,7185
20210223,31.52,31.73,31.42,31.64,13027
20210224,31.4,31.7,31.39,31.69,12526
20210225,31.73,31.73,31.23,31.23,14546
20210226,31.15,31.15,30.78,30.99,15884
20210301,31.37,31.63,31.37,31.58,10240
20210302,31.49,31.54,31.39,31.42,15477
20210303,31.53,31.53,31.3,31.33,15804
20210304,31.43,31.43,30.95,31.12,22318
20210305,31.37,31.39,31.05,31.38,9060
20210308,31.26,31.38,31.19,31.26,16097
20210309,31.42,31.64,31.42,31.57,16960
20210310,31.73,31.73,31.53,31.6,24233
20210311,31.84,31.93,31.78,31.9,12517
20210312,31.77,31.82,31.71,31.79,5438
20210315,31.88,31.97,31.82,31.97,2068
20210316,32.09,32.09,31.97,32.01,6755
20210317,31.84,32.12,31.83,32.06,17583
20210318,32.01,32.09,31.8,31.82,25392
20210319,31.79,31.98,31.79,31.97,15552
20210322,31.93,31.98,31.85,31.94,10852
20210323,31.78,31.84,31.59,31.59,4535
20210324,31.6,31.6,31.29,31.29,19816
20210325,31.32,31.55,31.31,31.53,5009
20210326,31.78,32,31.71,32,5693
20210329,31.87,31.94,31.82,31.94,8551
20210330,31.93,32.06,31.92,32.04,5227
20210331,31.99,32.09,31.96,32.01,16026
20210401,32.19,32.31,32.18,32.28,12474
20210405,32.56,32.56,32.23,32.29,235302
20210406,32.04,32.18,32.04,32.09,6116
20210407,31.99,32.06,31.99,32.04,7050
20210408,32.19,32.28,32.17,32.23,10575
20210409,32.22,32.36,32.17,32.36,21053
20210412,32.19,32.19,32.11,32.19,6605
20210413,32.17,32.28,32.17,32.27,17190
20210414,32.35,32.37,32.23,32.24,16934
20210415,32.47,32.56,32.43,32.5,52486
20210416,32.58,32.66,32.58,32.66,6831
20210419,32.6,32.6,32.4,32.49,15114
20210420,32.26,32.26,31.97,32.06,27108
20210421,32.04,32.32,32.01,32.32,8001
20210422,32.34,32.42,32.23,32.23,15259
20210423,32.35,32.52,32.34,32.48,10151
20210426,32.49,32.53,32.39,32.52,9973
20210427,32.49,32.53,32.42,32.51,6881
20210428,32.57,32.67,32.57,32.6,7608
20210429,32.62,32.65,32.39,32.54,4706
20210430,32.35,32.35,32.17,32.25,16005
20210503,32.36,32.44,32.36,32.44,5299
20210504,32.19,32.19,31.99,32.12,7758
20210505,32.37,32.47,32.36,32.42,6807
20210506,32.38,32.57,32.3,32.57,5424
20210507,32.73,32.77,32.65,32.73,11099
20210510,32.63,32.65,32.47,32.48,23824
20210511,31.98,32.17,31.9,32.16,13900
20210512,31.99,32.01,31.72,31.72,8411
20210513,31.82,31.89,31.77,31.84,13741
20210514,31.89,32.27,31.89,32.27,19343
20210517,32.13,32.2,32.09,32.2,5722
20210518,32.33,32.42,32.33,32.38,6016
20210519,31.97,32.16,31.87,32.09,3991
20210520,32.3,32.43,32.29,32.42,5541
20210521,32.46,32.46,32.34,32.34,4312
20210524,32.44,32.59,32.44,32.55,9666
20210525,32.7,32.7,32.59,32.62,4393
20210526,32.69,32.75,32.66,32.74,6436
20210527,32.83,32.83,32.72,32.79,7179
20210528,32.92,33.03,32.92,32.92,21351
20210601,33.22,33.22,33.11,33.15,3357
20210602,33.25,33.25,33.16,33.24,9155
20210603,33.13,33.21,33.07,33.13,5366
20210604,33.25,33.34,33.25,33.33,6037
20210607,33.2,33.3,33.2,33.26,7125
20210608,33.29,33.32,33.21,33.29,7807
20210609,33.22,33.24,33.18,33.18,2354
20210610,33.23,33.33,33.2,33.25,6460
20210611,33.33,33.39,33.33,33.39,1989
20210614,33.47,33.47,33.41,33.46,3402
20210615,33.54,33.54,33.43,33.46,6181
20210616,33.47,33.5,33.4,33.46,3608
20210617,33.47,33.48,33.34,33.48,3859
20210618,33.12,33.14,33.05,33.05,3649
20210621,33.04,33.29,33.04,33.24,6178
20210622,33.15,33.27,33.15,33.24,5827
20210623,33.27,33.32,33.17,33.2,87953
20210624,33.33,33.47,33.33,33.47,33285
20210625,33.52,33.59,33.47,33.59,2198
20210628,33.44,33.47,33.44,33.47,7999
20210629,33.51,33.51,33.45,33.51,15117
20210630,33.34,33.41,33.29,33.39,21518
20210701,33.33,33.46,33.31,33.46,4687
20210702,33.45,33.45,33.31,33.44,6834
20210706,33.31,33.31,33.11,33.21,9294
20210707,33.39,33.39,33.3,33.3,9264
20210708,32.73,32.84,32.63,32.71,11882
20210709,33.13,33.24,33.13,33.24,6826
20210712,33.27,33.38,33.27,33.35,47865
20210713,33.45,33.46,33.38,33.39,6800
20210714,33.5,33.5,33.33,33.33,5212
20210715,33.28,33.29,33.12,33.19,14726
20210716,33.31,33.31,32.99,32.99,2406
20210719,32.48,32.48,32.38,32.39,4532
20210720,32.47,32.75,32.45,32.75,6469
20210721,32.92,33.08,32.92,33.06,2826
20210722,33.09,33.14,33.03,33.13,4689
20210723,33.19,33.19,33.11,33.15,13909
20210726,32.87,32.95,32.84,32.95,9349
20210727,32.55,32.61,32.41,32.61,12626
20210728,32.75,32.98,32.75,32.94,13960
20210729,33.15,33.15,33,33.01,11879
20210730,32.88,32.9,32.85,32.86,5527
20210802,33.05,33.13,33.03,33.05,20829
20210803,33.03,33.18,33.03,33.18,12132
20210804,33.26,33.29,33.21,33.23,6646
20210805,33.3,33.38,33.29,33.36,20906
20210806,33.34,33.36,33.26,33.29,3814
20210809,33.36,33.42,33.31,33.42,1949
20210810,33.49,33.5,33.47,33.48,2091
20210811,33.64,33.66,33.53,33.66,6965
20210812,33.57,33.59,33.49,33.59,4667
20210813,33.52,33.52,33.44,33.44,29876
20210816,33.24,33.35,33.16,33.35,3377
20210817,33.06,33.09,32.98,33.09,6657
20210818,33.13,33.21,33.08,33.08,4290
20210819,32.73,32.77,32.63,32.76,54500
20210820,32.58,32.82,32.58,32.82,4897
20210823,32.88,33,32.85,33,15821
20210824,33.26,33.31,33.2,33.25,5127
20210825,33.09,33.23,33.09,33.18,1915
20210826,33.13,33.22,33.02,33.07,17209
20210827,33.29,33.34,33.21,33.3,8986
20210830,33.27,33.37,33.27,33.35,8033
20210831,33.37,33.45,33.37,33.43,6259
20210901,33.62,33.75,33.62,33.7,5016
20210902,33.74,33.78,33.66,33.7,13994
20210903,33.78,33.8,33.76,33.8,3208
20210907,33.96,34.03,33.96,33.99,9966
20210908,33.91,33.91,33.69,33.73,24946
20210909,33.59,33.74,33.53,33.61,5171
20210910,33.82,33.82,33.51,33.56,13114
20210913,33.75,33.8,33.58,33.7,6939
20210914,33.64,33.69,33.55,33.55,1737
20210915,33.47,33.58,33.47,33.58,6200
20210916,33.5,33.55,33.44,33.49,4891
20210917,33.51,33.51,33.26,33.3,6635
20210920,32.62,32.67,32.37,32.62,6006
20210921,32.99,33.02,32.9,32.96,2668
20210922,33.07,33.33,33.07,33.22,3245
20210923,33.4,33.5,33.39,33.42,9903
20210924,33.12,33.25,33.12,33.23,13213
20210927,33.26,33.31,33.22,33.31,6461
20210928,32.87,32.87,32.68,32.7,13159
20210929,32.92,32.95,32.85,32.87,8059
20210930,32.88,32.92,32.73,32.74,5449
20211001,32.71,32.76,32.55,32.76,11411
20211004,32.58,32.58,32.24,32.35,23490
20211005,32.59,32.69,32.58,32.65,6277
20211006,32.28,32.51,32.25,32.51,12844
20211007,32.78,32.88,32.75,32.83,9083
20211008,32.85,32.89,32.8,32.8,3952
20211011,32.99,33.05,32.87,32.87,1884
20211012,32.88,32.95,32.78,32.8,5109
20211013,33,33.07,32.98,33.07,5983
20211014,33.27,33.3,33.21,33.27,54321
20211015,33.44,33.62,33.44,33.58,8450
20211018,33.38,33.53,33.38,33.44,27781
20211019,33.64,33.68,33.54,33.63,11440
20211020,33.73,33.76,33.67,33.7,10702
20211021,33.47,33.66,33.47,33.61,47859
20211022,33.75,33.75,33.59,33.64,17359
20211025,33.66,33.77,33.66,33.73,19593
20211026,33.84,33.87,33.7,33.73,16467
20211027,33.63,33.67,33.59,33.59,11549
20211028,33.57,33.66,33.56,33.66,13550
20211029,33.38,33.54,33.38,33.54,7250
20211101,33.71,33.81,33.68,33.81,4213
20211102,33.75,33.77,33.72,33.74,10577
20211103,33.71,33.94,33.71,33.93,4831
20211104,34,34,33.91,33.97,3833
20211105,34.02,34.02,33.86,33.94,6981
20211108,34.05,34.05,33.99,34.04,9292
20211109,34.04,34.05,33.87,33.93,7190
20211110,33.86,34.02,33.64,33.68,139678
20211111,33.96,34.04,33.95,34.01,8877
20211112,34.11,34.2,34.07,34.16,12017
20211115,34.26,34.26,34.17,34.26,5054
20211116,34.32,34.33,34.21,34.25,4281
20211117,34.16,34.18,34.1,34.11,3377
20211118,34,34,33.92,33.96,1451
20211119,33.95,34,33.88,33.9,8884
20211122,33.97,34.02,33.85,33.93,9976
20211123,33.8,33.9,33.68,33.77,3217
20211124,33.53,33.76,33.53,33.71,5358
20211126,32.89,32.94,32.67,32.73,4249
20211129,33.07,33.07,32.8,32.9,11121
20211130,32.69,32.76,32.44,32.59,21693
20211201,32.95,33.08,32.57,32.57,13266
20211202,32.77,33,32.77,32.93,13633
20211203,33.02,33.02,32.55,32.71,7851
20211206,32.8,33.03,32.76,32.98,17019
20211207,33.47,33.67,33.47,33.65,11530
20211208,33.58,33.63,33.58,33.63,4391
20211209,33.55,33.55,33.41,33.41,10317
20211210,33.55,33.55,33.41,33.42,3771
20211213,33.3,33.3,33.11,33.16,9551
20211214,32.95,33.15,32.92,33.06,8010
20211215,32.94,33.3,32.94,33.3,4346
20211216,33.41,33.45,33.16,33.25,11897
20211217,33.02,33.19,32.99,33.07,8509
20211220,32.72,32.8199,32.6,32.795,8666
20211221,33.05,33.23,33.02,33.215,9554
20211222,33.1807,33.43,33.1807,33.41,6412
20211223,33.48,33.62,33.48,33.58,13927
20211227,33.62,33.8,33.61,33.775,24738
20211228,33.68,33.86,33.68,33.8,10870
20211229,33.68,33.74,33.65,33.7,13245
20211230,33.79,33.85,33.75,33.76,11779
20211231,33.78,33.819,33.66,33.68,12416
20220103,33.7,33.98,33.7,33.975,15323
20220104,34.0601,34.099,33.97,34.045,23525
20220105,34.025,34.11,33.74,33.74,8661
20220106,33.62,33.79,33.58,33.72,19289
20220107,33.67,33.77,33.6179,33.76,24963
20220110,33.59,33.59,33.272,33.502,16786
20220111,33.69,33.98,33.69,33.91,14345
20220112,34.15,34.17,34.0381,34.129,10630
20220113,34.15,34.16,33.89,33.89,21265
20220114,33.71,33.88,33.645,33.88,28320
20220118,33.58,33.62,33.485,33.51,10122
20220119,33.5373,33.65,33.5,33.525,5911
20220120,33.64,33.79,33.385,33.4,29901
20220121,33.1545,33.1545,32.87,32.9239,16041
20220124,32.16,32.584,31.92,32.57,19462
20220125,32.38,32.68,32.2,32.545,13601
20220126,32.85,32.88,32.45,32.51,20703
20220127,32.66,32.79,32.4302,32.48,12909
20220128,32.32,32.44,32.14,32.44,73218
20220131,32.795,33.06,32.78,33.06,12965
20220201,33.06,33.18,33.06,33.1799,9977
20220202,33.34,33.379,33.19,33.379,37417
20220203,32.94,33.0899,32.78,32.78,36613
20220204,32.72,33.02,32.72,32.91,11216
20220207,32.97,33.09,32.89,32.93,16818
20220208,32.9539,33.15,32.9539,33.15,2716
20220209,33.52,33.63,33.49,33.6284,35206
20220210,33.36,33.63,33.29,33.35,68236
20220211,33.355,33.38,32.9399,32.96,15469
20220214,32.86,32.8728,32.619,32.77,38802
20220215,33.15,33.2796,33.126,33.23,44915
20220216,33.195,33.3886,33.195,33.34,30511
20220217,33.14,33.14,32.88,32.8856,33816
20220218,32.785,32.84,32.65,32.73,18293
