Date,Open,High,Low,Close,Volume
20190321,23.05,23.21,23.05,23.19,1392
20190322,23.12,23.12,23.02,23.02,1838
20190325,22.84,22.87,22.76,22.87,795
20190326,22.99,22.99,22.99,22.99,33
20190327,23,23,22.86,22.86,2316
20190328,22.91,22.91,22.91,22.91,468
20190329,23.1,23.16,23.09,23.15,3518
20190401,23.29,23.29,23.29,23.29,146
20190402,23.34,23.34,23.34,23.34,850
20190403,23.38,23.38,23.38,23.38,902
20190404,23.37,23.39,23.37,23.39,468
20190405,23.51,23.51,23.51,23.51,33
20190408,23.47,23.53,23.47,23.52,1243
20190409,23.44,23.44,23.44,23.44,970
20190410,23.46,23.48,23.46,23.48,1589
20190411,23.51,23.51,23.51,23.51,33
20190412,23.64,23.64,23.64,23.64,33
20190415,23.65,23.65,23.65,23.65,33
20190416,23.77,23.77,23.66,23.66,571
20190417,23.53,23.54,23.53,23.53,904
20190418,23.47,23.54,23.47,23.54,1468
20190422,23.53,23.53,23.49,23.5,1774
20190423,23.74,23.74,23.74,23.74,142
20190424,23.73,23.73,23.73,23.73,33
20190425,23.63,23.7,23.63,23.7,904
20190426,23.69,23.69,23.69,23.69,244
20190429,23.83,23.83,23.79,23.79,3192
20190430,23.76,23.86,23.76,23.86,1119
20190501,23.95,23.95,23.82,23.82,956
20190502,23.69,23.69,23.63,23.64,8836
20190503,23.79,23.83,23.79,23.82,4295
20190506,23.77,23.77,23.77,23.77,1042
20190507,23.62,23.62,23.23,23.23,6189
20190508,23.43,23.43,23.43,23.43,486
20190509,23.31,23.31,23.31,23.31,33
20190510,23.16,23.17,23.08,23.17,789
20190513,23.02,23.02,22.91,22.98,1990
20190514,23.2,23.2,23.15,23.16,1458
20190515,23.26,23.26,23.26,23.26,33
20190516,23.44,23.44,23.44,23.44,33
20190517,23.43,23.43,23.4,23.4,576
20190520,23.25,23.25,23.25,23.25,142
20190521,23.4,23.42,23.4,23.42,4923
20190522,23.32,23.39,23.32,23.39,1772
20190523,23.11,23.11,23.03,23.03,1640
20190524,23.21,23.21,23.17,23.17,4324
20190528,23.25,23.25,23,23,12781
20190529,22.78,22.78,22.78,22.78,802
20190530,22.86,22.86,22.86,22.86,33
20190531,22.64,22.64,22.64,22.64,33
20190603,22.67,22.67,22.67,22.67,33
20190604,22.88,22.88,22.88,22.88,142
20190605,23.35,23.35,23.35,23.35,33
20190606,23.41,23.42,23.41,23.42,3728
20190607,23.72,23.77,23.72,23.77,1789
20190610,23.79,23.79,23.79,23.79,577
20190611,23.76,23.76,23.76,23.76,33
20190612,23.75,23.76,23.74,23.74,4597
20190613,23.8,23.8,23.8,23.8,33
20190614,23.8,23.82,23.8,23.82,1555
20190617,23.67,23.67,23.67,23.67,142
20190618,23.92,23.92,23.88,23.88,383
20190619,23.87,23.91,23.87,23.91,4267
20190620,24.12,24.18,24.12,24.18,11171
20190621,24.14,24.14,24.14,24.14,244
20190624,24.1,24.11,24.1,24.11,13659
20190625,24.07,24.07,24.07,24.07,159
20190626,24.18,24.18,23.91,23.93,18947
20190627,23.94,24.02,23.94,24.02,3462
20190628,24.13,24.13,24.13,24.13,33
20190701,24.23,24.25,24.23,24.25,7280
20190702,24.31,24.37,24.31,24.37,2456
20190703,24.54,24.56,24.54,24.56,695
20190705,24.53,24.54,24.53,24.54,823
20190708,24.47,24.47,24.47,24.47,33
20190709,24.51,24.51,24.51,24.51,33
20190710,24.64,24.64,24.64,24.64,195
20190711,24.6,24.6,24.55,24.56,22708
20190712,24.69,24.69,24.68,24.68,357
20190715,24.78,24.79,24.78,24.78,1066
20190716,24.79,24.79,24.73,24.73,681
20190717,24.72,24.72,24.65,24.65,5954
20190718,24.57,24.71,24.57,24.7,19966
20190719,24.72,24.72,24.72,24.72,913
20190722,24.66,24.66,24.66,24.66,885
20190723,24.61,24.74,24.61,24.74,7761
20190724,24.83,24.86,24.82,24.85,9616
20190725,24.77,24.77,24.73,24.73,1504
20190726,24.9,24.9,24.9,24.9,33
20190729,24.9,24.9,24.88,24.89,10324
20190730,24.85,24.85,24.82,24.84,855
20190731,24.67,24.67,24.51,24.55,2193
20190801,24.37,24.37,24.37,24.37,141
20190802,24.14,24.18,24.14,24.18,11609
20190805,23.93,23.93,23.42,23.5,14691
20190806,23.56,23.85,23.56,23.79,6545
20190807,23.77,23.96,23.77,23.92,4201
20190808,24.28,24.35,24.27,24.35,3966
20190809,24.2,24.23,24.2,24.23,647
20190812,24.07,24.07,23.81,23.82,3701
20190813,24.19,24.34,24.17,24.21,6390
20190814,23.57,23.6,23.57,23.57,1034
20190815,23.67,23.69,23.57,23.66,59465
20190816,23.96,24,23.96,23.97,758304
20190819,24.19,24.26,24.15,24.25,308977
20190820,24.12,24.13,24.06,24.06,177396
20190821,24.24,24.26,24.21,24.26,496049
20190822,24.25,24.3,24.25,24.26,182400
20190823,24.11,24.24,23.75,23.76,38811
20190826,23.76,23.87,23.76,23.8,44315
20190827,24,24,23.83,23.86,72209
20190828,23.84,24,23.84,23.99,4613
20190829,24.31,24.31,24.3,24.3,57820
20190830,24.43,24.43,24.29,24.31,7981
20190903,24.23,24.23,24.12,24.15,6526
20190904,24.4,24.47,24.39,24.47,3756
20190905,24.59,24.81,24.59,24.75,21147
20190906,24.83,24.85,24.81,24.83,8612
20190909,24.82,24.82,24.68,24.68,14223
20190910,24.52,24.63,24.52,24.63,6376
20190911,24.73,24.77,24.73,24.76,14264
20190912,24.92,24.95,24.9,24.9,5177
20190913,24.9,24.9,24.76,24.77,19594
20190916,24.7,24.72,24.7,24.7,2308
20190917,24.75,24.76,24.71,24.76,8275
20190918,24.75,24.79,24.63,24.63,3882
20190919,24.87,24.92,24.82,24.85,22164
20190920,24.83,24.88,24.71,24.73,35386
20190923,24.71,24.81,24.71,24.75,34140
20190924,24.53,24.61,24.53,24.57,4408
20190925,24.58,24.71,24.54,24.69,4258
20190926,24.63,24.73,24.59,24.66,19415
20190927,24.66,24.71,24.44,24.44,2500
20190930,24.64,24.71,24.64,24.67,6223
20191001,24.67,24.72,24.37,24.37,4163
20191002,24.26,24.26,23.88,23.96,8500
20191003,24.05,24.11,24.02,24.08,1082
20191004,24.3,24.47,24.3,24.47,1360
20191007,24.41,24.42,24.39,24.42,5891
20191008,24.05,24.17,24.05,24.05,4336
20191009,24.15,24.27,24.15,24.27,2714
20191010,24.31,24.32,24.3,24.3,6661
20191011,24.69,24.73,24.69,24.73,938
20191014,24.62,24.62,24.54,24.58,4091
20191015,24.62,24.79,24.62,24.73,9277
20191016,24.73,24.74,24.69,24.69,1872
20191017,24.75,24.8,24.72,24.73,7134
20191018,24.74,24.75,24.74,24.74,587
20191021,24.8,24.84,24.8,24.83,4457
20191022,24.82,24.83,24.81,24.82,4562
20191023,24.75,24.79,24.71,24.73,25440
20191024,24.81,24.81,24.81,24.81,301
20191025,24.95,24.95,24.93,24.94,3465
20191028,25.04,25.06,25.04,25.06,3293
20191029,25.09,25.11,25.06,25.06,9658
20191030,25.04,25.11,24.98,25.1,8492
20191031,25,25,24.94,24.97,8646
20191101,25.2,25.21,25.18,25.21,3583
20191104,25.29,25.34,25.27,25.29,7542
20191105,25.25,25.26,25.21,25.21,22649
20191106,25.22,25.28,25.22,25.26,11217
20191107,25.39,25.39,25.32,25.34,3975
20191108,25.35,25.35,25.27,25.32,17913
20191111,25.3,25.35,25.3,25.33,6439
20191112,25.45,25.46,25.32,25.36,7096
20191113,25.37,25.44,25.37,25.42,7093
20191114,25.45,25.45,25.37,25.43,1982
20191115,25.62,25.62,25.58,25.59,12598
20191118,25.67,25.67,25.61,25.61,5512
20191119,25.65,25.65,25.55,25.64,8187
20191120,25.57,25.57,25.47,25.51,4319
20191121,25.46,25.52,25.45,25.48,17871
20191122,25.47,25.54,25.47,25.54,7826
20191125,25.67,25.67,25.65,25.67,8873
20191126,25.71,25.75,25.71,25.75,24196
20191127,25.78,25.86,25.78,25.86,3634
20191129,25.77,25.83,25.77,25.81,1906
20191202,25.7,25.7,25.55,25.61,13073
20191203,25.3,25.43,25.3,25.42,23274
20191204,25.63,25.66,25.62,25.62,8246
20191205,25.64,25.64,25.62,25.62,4359
20191206,25.85,25.89,25.83,25.83,13300
20191209,25.84,25.84,25.79,25.79,3888
20191210,25.77,25.78,25.76,25.76,6515
20191211,25.81,25.81,25.76,25.8,5598
20191212,25.74,26.05,25.74,25.98,2297
20191213,26.02,26.06,25.94,25.99,18154
20191216,26.16,26.16,26.15,26.15,574
20191217,26.14,26.17,26.14,26.15,2172
20191218,26.18,26.18,26.16,26.17,2593
20191219,26.23,26.28,26.19,26.25,4273
20191220,26.36,26.46,26.36,26.46,3154
20191223,26.46,26.48,26.42,26.42,14660
20191224,26.49,26.49,26.4,26.43,2036
20191226,26.49,26.49,26.47,26.47,7344
20191227,26.52,26.54,26.52,26.53,4885
20191230,26.58,26.58,26.38,26.4,11763
20191231,26.43,26.45,26.38,26.43,4734
20200102,26.46,26.58,26.45,26.58,14371
20200103,26.45,26.48,26.45,26.48,5792
20200106,26.42,26.43,26.42,26.43,3617
20200107,26.49,26.49,26.4,26.45,9171
20200108,26.46,26.61,26.46,26.57,8378
20200109,26.64,26.65,26.6,26.64,4047
20200110,26.65,26.72,26.6,26.61,8483
20200113,26.72,26.76,26.68,26.76,6845
20200114,26.78,26.78,26.75,26.78,4187
20200115,26.87,26.89,26.83,26.83,8970
20200116,26.96,27.05,26.96,27.01,2385
20200117,27.11,27.14,27.11,27.13,8394
20200121,27.13,27.13,27.06,27.13,3032
20200122,27.26,27.26,27.15,27.17,14671
20200123,27.03,27.2,27.03,27.2,46440
20200124,27.17,27.21,26.96,27.03,24149
20200127,26.55,26.75,26.55,26.68,81122
20200128,26.75,26.96,26.75,26.89,18775
20200129,26.89,26.91,26.82,26.82,6279
20200130,26.77,26.88,26.68,26.88,5538
20200131,26.74,26.74,26.36,26.42,29193
20200203,26.74,26.74,26.61,26.61,6398
20200204,26.82,26.99,26.82,26.99,1546
20200205,27.22,27.22,27.09,27.21,8576
20200206,27.29,27.31,27.24,27.28,15938
20200207,27.17,27.2,27.1,27.11,7024
20200210,27.12,27.24,27.12,27.23,3136
20200211,27.43,27.43,27.32,27.34,113381
20200212,27.47,27.47,27.47,27.47,1913
20200213,27.36,27.57,27.36,27.53,5408
20200214,27.6,27.6,27.5,27.56,1470
20200218,27.55,27.55,27.44,27.49,8512
20200219,27.57,27.64,27.57,27.6,6089
20200220,27.59,27.59,27.44,27.47,17604
20200221,27.47,27.47,27.22,27.26,46278
20200224,26.6,26.77,26.51,26.51,14048
20200225,26.66,26.66,25.76,25.76,3842
20200226,25.88,25.88,25.59,25.62,6612
20200227,25.24,25.3,24.7,24.7,18985
20200228,24.24,24.24,23.76,23.91,62126
20200302,24.55,25.28,24.43,25.28,26928
20200303,25.14,25.49,24.66,24.72,30444
20200304,25.34,25.75,25.17,25.67,7676
20200305,25.13,25.26,24.79,25,45222
20200306,24.32,24.59,24.01,24.42,20242
20200309,23.14,24.87,22.75,22.84,66360
20200310,23.71,23.76,23.14,23.76,7409
20200311,23.02,23.02,22.36,22.38,13597
20200312,20.55,21.75,20.55,20.67,50279
20200313,21.44,22.12,20.55,22.12,8368
20200316,19.488,20.67,19.488,19.571,17677
20200317,20.01,20.82,20.01,20.8,11463
20200318,19.609,19.842,18.714,19.776,51512
20200319,19.586,20.494,19.351,19.781,34384
20200320,19.832,19.851,18.519,18.531,100345
20200323,18.201,18.5,17.698,18.015,104279
20200324,19.308,19.693,19.261,19.655,66416
20200325,20.01,20.89,19.618,20.35,24042
20200326,20.75,21.41,20.75,21.41,58845
20200327,20.74,21.41,20.68,20.77,38350
20200330,20.91,21.44,20.91,21.43,148417
20200331,21.28,21.35,20.87,20.97,69963
20200401,20.25,20.41,19.734,19.94,40938
20200402,19.992,20.36,19.874,20.25,27399
20200403,19.977,20.01,19.734,19.949,18211
20200406,20.72,21.41,20.72,21.41,13421
20200407,22.11,22.11,21.39,21.39,9593
20200408,21.7,22.05,21.55,22.04,7622
20200409,22.51,22.63,22.25,22.32,2369
20200413,22.44,22.44,21.99,22.16,12569
20200414,22.67,22.84,22.65,22.84,43860
20200415,22.22,22.43,22.16,22.24,25521
20200416,22.37,22.44,22.19,22.44,6126
20200417,23,23,22.69,22.81,32773
20200420,22.75,22.93,22.56,22.59,10594
20200421,22.18,22.23,21.88,21.98,2420
20200422,22.13,22.43,22.13,22.43,4743
20200423,22.55,22.55,22.43,22.45,6480
20200424,22.32,22.61,22.32,22.57,5363
20200427,22.86,23.08,22.86,23.08,2056
20200428,23.37,23.37,22.99,22.99,2701
20200429,23.63,23.71,23.59,23.59,16019
20200430,23.27,23.41,23.14,23.21,4633
20200501,22.67,22.74,22.49,22.61,4400
20200504,22.57,22.68,22.45,22.68,3948
20200505,23.11,23.14,22.96,22.96,4258
20200506,22.94,23.11,22.82,22.82,96128
20200507,23.24,23.24,23.05,23.06,5354
20200508,23.42,23.53,23.39,23.53,7360
20200511,23.42,23.59,23.33,23.51,12948
20200512,23.45,23.45,23,23,12915
20200513,22.99,22.99,22.37,22.51,10908
20200514,22.25,22.75,22.25,22.75,1483
20200515,22.69,22.85,22.66,22.82,3592
20200518,23.41,23.77,23.41,23.73,27855
20200519,23.59,23.79,23.59,23.79,4651
20200520,23.66,23.88,23.66,23.81,31881
20200521,23.77,23.84,23.66,23.66,7889
20200522,23.72,23.72,23.53,23.71,13634
20200526,24.22,24.28,24.21,24.28,4018
20200527,24.36,24.43,24.17,24.43,12703
20200528,24.58,24.76,24.46,24.46,22063
20200529,24.44,24.59,24.28,24.59,6604
20200601,24.59,24.69,24.49,24.63,11087
20200602,24.81,24.84,24.71,24.84,163257
20200603,25.13,25.3,25.13,25.27,9501
20200604,25.22,25.23,25.13,25.22,3319
20200605,25.68,26.04,25.68,25.92,55488
20200608,26.14,26.26,26.03,26.26,22986
20200609,26.07,26.07,25.86,25.92,29348
20200610,25.9,25.91,25.65,25.65,22878
20200611,24.85,24.93,24.05,24.08,38140
20200612,24.64,24.7,24.1,24.35,9242
20200615,23.88,24.65,23.74,24.57,11554
20200616,25.29,25.3,24.96,24.99,13831
20200617,25.02,25.1,24.88,24.94,10474
20200618,24.87,24.92,24.87,24.92,2311
20200619,25.13,25.13,24.73,24.76,2479
20200622,24.62,24.86,24.62,24.81,91422
20200623,24.95,24.98,24.83,24.83,95939
20200624,24.59,24.59,24.08,24.17,143835
20200625,24.08,24.43,24.05,24.43,19868
20200626,24.4,24.4,23.82,23.88,61358
20200629,24.03,24.26,24.03,24.26,163620
20200630,24.34,24.67,24.34,24.65,22086
20200701,24.71,24.75,24.64,24.64,10463
20200702,24.95,24.96,24.75,24.8,166437
20200706,25.15,25.15,24.91,25.08,82332
20200707,24.96,25.08,24.77,24.77,23778
20200708,24.88,24.89,24.73,24.89,15929
20200709,24.78,24.81,24.43,24.65,11771
20200710,24.73,24.98,24.62,24.98,14990
20200713,25.23,25.23,24.79,24.79,26051
20200714,24.69,25.14,24.69,25.13,8614
20200715,25.48,25.5,25.32,25.48,6739
20200716,25.36,25.44,25.36,25.43,2151
20200717,25.5,25.57,25.5,25.56,21873
20200720,25.62,25.62,25.47,25.62,6446
20200721,25.81,25.81,25.7,25.71,5356
20200722,25.79,25.83,25.76,25.83,4050
20200723,25.91,25.97,25.64,25.71,9555
20200724,25.43,25.46,25.41,25.41,8123
20200727,25.52,25.55,25.49,25.55,4557
20200728,25.51,25.57,25.43,25.43,2344
20200729,25.5,25.71,25.5,25.69,2403
20200730,25.42,25.57,25.42,25.57,718
20200731,25.53,25.61,25.37,25.59,3244
20200803,25.73,25.8,25.71,25.74,13752
20200804,25.77,25.83,25.72,25.83,3744
20200805,25.98,26.02,25.92,25.98,18153
20200806,26.02,26.06,25.92,26.06,2851
20200807,26.1,26.18,26.03,26.17,10423
20200810,26.31,26.31,26.25,26.3,5553
20200811,26.37,26.41,26.13,26.13,2078
20200812,26.38,26.48,26.38,26.47,2128
20200813,26.43,26.46,26.29,26.37,9683
20200814,26.4,26.42,26.34,26.34,1464
20200817,26.56,26.57,26.55,26.55,2414
20200818,26.48,26.57,26.48,26.54,2650
20200819,26.5,26.54,26.5,26.53,2260
20200820,26.42,26.46,26.42,26.46,390
20200821,26.44,26.48,26.44,26.48,9978
20200824,26.65,26.7,26.6,26.7,4735
20200825,26.78,26.79,26.67,26.79,3101
20200826,26.83,26.95,26.83,26.95,6863
20200827,27.01,27.01,26.9,26.98,1208
20200828,27.08,27.2,27.02,27.2,10591
20200831,27.29,27.29,27.14,27.19,11701
20200901,27.18,27.31,27.18,27.31,5036
20200902,27.54,27.76,27.44,27.75,12169
20200903,27.49,27.51,26.7,26.73,10174
20200904,26.85,26.85,26.29,26.66,15699
20200908,26.14,26.19,25.99,25.99,809
20200909,26.3,26.57,26.3,26.57,1123
20200910,26.58,26.58,25.96,26.02,1534
20200911,26.02,26.05,26.02,26.05,3260
20200914,26.41,26.58,26.4,26.56,25161
20200915,26.79,26.79,26.64,26.64,1879
20200916,26.75,26.83,26.71,26.71,4061
20200917,26.17,26.52,26.17,26.44,3274
20200918,26.42,26.42,26.15,26.15,1031
20200921,25.97,25.97,25.57,25.89,15479
20200922,25.95,26.06,25.89,26.06,511
20200923,26.18,26.18,25.51,25.51,8880
20200924,25.3,25.7,25.3,25.56,4118
20200925,25.64,25.94,25.64,25.92,794
20200928,26.26,26.4,26.26,26.39,6879
20200929,26.33,26.33,26.31,26.31,2390
20200930,26.39,26.51,26.39,26.48,87152
20201001,26.66,26.67,26.57,26.63,16146
20201002,26.07,26.61,26.07,26.44,9489
20201005,26.84,26.87,26.84,26.87,2257
20201006,27.04,27.14,26.66,26.66,4151
20201007,27,27,26.99,26.99,1549
20201008,27.36,27.36,27.32,27.34,15262
20201009,27.56,27.58,27.45,27.5,7715
20201012,27.88,27.89,27.85,27.85,7734
20201013,27.88,27.88,27.6,27.71,12803
20201014,27.79,27.79,27.51,27.6,12258
20201015,27.39,27.48,27.39,27.48,994
20201016,27.58,27.71,27.58,27.63,10479
20201019,27.71,27.71,27.19,27.19,2557
20201020,27.51,27.52,27.29,27.34,2909
20201021,27.28,27.34,27.21,27.34,3751
20201022,27.3,27.38,27.15,27.37,3524
20201023,27.3,27.33,27.3,27.33,1806
20201026,26.9,26.9,26.57,26.75,111608
20201027,26.94,26.94,26.7,26.7,3005
20201028,26.14,26.14,25.89,25.95,4840
20201029,25.94,26.25,25.91,26.04,2812
20201030,25.71,25.81,25.59,25.81,8274
20201102,26.05,26.24,25.96,26.23,20497
20201103,26.52,26.84,26.52,26.76,3448
20201104,27.12,27.38,26.98,27.18,1847
20201105,27.67,27.79,27.67,27.79,3014
20201106,27.79,27.79,27.65,27.71,8614
20201109,28.36,28.67,28.24,28.24,14402
20201110,27.76,28.06,27.76,28,2290
20201111,28.2,28.22,28.09,28.22,14641
20201112,28.2,28.2,27.83,27.83,3017
20201113,28.2,28.34,28.2,28.33,3429
20201116,28.69,28.69,28.58,28.6,2839
20201117,28.6,28.7,28.6,28.7,3468
20201118,28.64,28.66,28.38,28.38,3810
20201119,28.47,28.48,28.47,28.48,1743
20201120,28.46,28.49,28.46,28.46,4346
20201123,28.67,28.67,28.57,28.64,3392
20201124,28.92,29.05,28.92,29.05,7821
20201125,28.95,29.01,28.95,29.01,3786
20201127,29.16,29.16,29.09,29.15,8460
20201130,29.2,29.2,28.79,29.01,5816
20201201,29.24,29.31,29.21,29.24,3362
20201202,29.16,29.22,29.16,29.2,3750
20201203,29.41,29.41,29.28,29.28,1845
20201204,29.57,29.64,29.57,29.64,5234
20201207,29.66,29.66,29.53,29.62,15632
20201208,29.6,29.78,29.6,29.78,2597
20201209,29.73,29.73,29.34,29.5,41661
20201210,29.3,29.55,29.3,29.49,5260
20201211,29.27,29.45,29.27,29.44,4897
20201214,29.72,29.72,29.36,29.36,64351
20201215,29.51,29.71,29.5,29.69,58162
20201216,29.82,29.82,29.64,29.79,15578
20201217,29.88,29.96,29.88,29.96,6193
20201218,29.95,29.95,29.74,29.9,9419
20201221,29.46,29.78,29.35,29.66,5850
20201222,29.83,29.83,29.66,29.7,15693
20201223,29.73,29.83,29.71,29.71,9996
20201224,29.76,29.76,29.75,29.76,3519
20201228,29.82,29.84,29.82,29.83,4042
20201229,29.83,29.83,29.64,29.66,9360
20201230,29.87,29.9,29.84,29.84,21014
20201231,29.86,30.01,29.86,30.01,792
20210104,30.2,30.2,29.43,29.63,3293
20210105,29.87,29.91,29.84,29.87,15468
20210106,29.72,30.44,29.72,30.24,2450
20210107,30.65,30.69,30.62,30.69,2635
20210108,30.75,30.83,30.75,30.83,11157
20210111,30.65,30.87,30.61,30.75,11139
20210112,30.82,30.92,30.72,30.92,30586
20210113,31.02,31.02,30.88,30.91,15244
20210114,31.05,31.05,30.99,31,3446
20210115,30.62,30.77,30.62,30.74,5001
20210119,30.86,30.95,30.84,30.92,6083
20210120,31.18,31.29,31.16,31.28,5728
20210121,31.4,31.4,31.16,31.27,646794
20210122,31.11,31.14,31.01,31.14,10656
20210125,30.93,31.11,30.93,31.11,4085
20210126,31.26,31.26,30.97,31.02,1383
20210127,30.61,30.61,30.07,30.07,2202
20210128,30.62,30.68,30.5,30.5,1802
20210129,29.96,30.14,29.96,30.01,4746
20210201,30.28,30.51,30.16,30.51,3518
20210202,30.9,31.01,30.88,30.94,3926
20210203,31.09,31.09,30.91,30.95,4964
20210204,30.95,31.23,30.95,31.21,1444
20210205,31.44,31.51,31.42,31.48,5013
20210208,31.65,31.75,31.64,31.74,3216
20210209,31.76,31.85,31.76,31.79,11559
20210210,32.01,32.01,31.7,31.83,4436
20210211,31.93,31.93,31.73,31.93,4957
20210212,31.95,32.08,31.95,32.06,5899
20210216,32.25,32.25,32.01,32.01,7343
20210217,31.91,31.98,31.88,31.98,2926
20210218,31.64,31.83,31.62,31.83,11409
20210219,31.94,32.08,31.94,31.97,4607
20210222,31.75,31.78,31.62,31.64,3389
20210223,31.45,31.6,31.19,31.57,10709
20210224,31.5,31.98,31.49,31.98,13663
20210225,31.91,31.93,31.08,31.16,7160
20210226,31.2,31.33,31.07,31.08,6985
20210301,31.61,31.84,31.52,31.83,12650
20210302,31.56,31.71,31.56,31.71,1733
20210303,31.54,31.54,31.16,31.17,16660
20210304,31.09,31.09,30.23,30.55,9062
20210305,30.79,31.2,30.28,31.2,19520
20210308,31.27,31.52,31.08,31.08,5486
20210309,31.51,31.68,31.47,31.64,7202
20210310,31.66,31.81,31.64,31.8,4568
20210311,31.91,32.16,31.91,32.09,5484
20210312,31.89,32.15,31.89,32.15,12999
20210315,32.18,32.46,32.07,32.46,5697
20210316,32.47,32.47,32.28,32.34,7321
20210317,32.11,32.44,32.08,32.4,8602
20210318,32.17,32.35,31.97,31.97,9100
20210319,31.94,32.1,31.89,32.05,6202
20210322,32.03,32.21,32.03,32.19,5811
20210323,32.13,32.14,31.73,31.74,5311
20210324,31.92,31.99,31.63,31.63,8839
20210325,31.4,31.48,31.39,31.48,2109
20210326,31.85,32.02,31.85,32.02,884
20210329,32.21,32.28,32,32.17,2410
20210330,32.17,32.17,32.17,32.17,828
20210331,32.33,32.42,32.32,32.4,4451
20210401,32.53,32.68,32.48,32.68,8526
20210405,33.17,33.17,32.9,33.06,15476
20210406,33.09,33.18,33.07,33.08,3260
20210407,33.07,33.07,32.99,33.01,6526
20210408,33.07,33.15,33.05,33.14,3268
20210409,33.14,33.34,33.14,33.34,3047
20210412,33.27,33.3,33.27,33.3,3930
20210413,33.29,33.38,33.28,33.38,694
20210414,33.43,33.43,33.26,33.26,13490
20210415,33.54,33.6,33.54,33.58,4849
20210416,33.73,33.78,33.68,33.78,4223
20210419,33.5,33.51,33.46,33.49,17571
20210420,33.27,33.34,33.24,33.32,6705
20210421,33.55,33.67,33.55,33.67,5644
20210422,33.73,33.76,33.42,33.45,13820
20210423,33.61,33.81,33.61,33.81,1206
20210426,33.82,33.9,33.8,33.8,15430
20210427,33.81,33.82,33.79,33.8,5997
20210428,33.74,33.79,33.73,33.76,9711
20210429,33.72,33.91,33.72,33.9,2480
20210430,33.79,33.79,33.65,33.65,2816
20210503,33.84,33.88,33.79,33.81,9000
20210504,33.5,33.6,33.4,33.6,7195
20210505,33.73,33.76,33.64,33.66,5788
20210506,33.67,33.72,33.57,33.63,5569
20210507,34.09,34.19,34.05,34.18,30754
20210510,34.19,34.28,34.19,34.19,8353
20210511,33.57,33.64,33.53,33.54,10310
20210512,33.28,33.28,32.77,32.79,24666
20210513,33.24,33.27,32.99,33.27,1542
20210514,33.49,33.81,33.47,33.79,9118
20210517,33.74,33.74,33.53,33.67,11275
20210518,33.75,33.75,33.57,33.59,12352
20210519,33.1,33.28,33.01,33.27,6494
20210520,33.85,33.86,33.85,33.85,937
20210521,33.93,33.93,33.77,33.78,2332
20210524,34.02,34.14,34.02,34.07,5423
20210525,34.09,34.09,33.89,33.9,5148
20210526,34.02,34.03,33.98,34.03,23562
20210527,34.19,34.19,34.14,34.14,6450
20210528,34.23,34.32,34.23,34.28,41621
20210601,34.38,34.38,34.19,34.22,7783
20210602,34.24,34.32,34.24,34.27,6438
20210603,34.09,34.26,34.09,34.19,19728
20210604,34.39,34.48,34.39,34.48,3564
20210607,34.5,34.5,34.45,34.47,6927
20210608,34.65,34.65,34.29,34.46,8071
20210609,34.47,34.47,34.36,34.36,3442
20210610,34.43,34.51,34.43,34.49,2332
20210611,34.49,34.53,34.46,34.53,1489
20210614,34.53,34.54,34.35,34.38,2771
20210615,34.36,34.46,34.3,34.41,23597
20210616,34.33,34.38,34.07,34.26,32489
20210617,34.23,34.23,33.95,34.01,4196
20210618,33.68,33.71,33.52,33.54,4423
20210621,33.79,33.99,33.78,33.98,4539
20210622,33.99,34.18,33.99,34.16,1649
20210623,34.28,34.3,34.26,34.29,19163
20210624,34.34,34.54,34.34,34.54,9827
20210625,34.7,34.7,34.69,34.7,1229
20210628,34.7,34.74,34.63,34.74,16669
20210629,34.86,34.89,34.68,34.74,17281
20210630,34.7,34.72,34.7,34.72,8750
20210701,34.77,34.87,34.76,34.87,4258
20210702,34.9,34.99,34.87,34.98,6076
20210706,35.05,35.05,34.55,34.76,8961
20210707,34.78,34.82,34.57,34.81,11697
20210708,34.32,34.56,34.29,34.36,2063
20210709,34.85,34.97,34.83,34.97,42181
20210712,34.75,35.14,34.75,35.12,20667
20210713,35.08,35.08,34.9,34.9,4639
20210714,34.86,34.86,34.79,34.8,2604
20210715,34.61,34.75,34.5,34.67,16988
20210716,34.74,34.74,34.42,34.43,4604
20210719,34.05,34.05,33.82,33.86,4093
20210720,34.19,34.72,34.13,34.72,2421
20210721,34.88,34.98,34.87,34.98,7050
20210722,34.95,35.01,34.88,34.96,10098
20210723,35.16,35.39,35.16,35.39,3917
20210726,35.43,35.47,35.4,35.41,11084
20210727,35.39,35.39,35.07,35.29,28348
20210728,35.38,35.46,35.28,35.35,13735
20210729,35.44,35.59,35.44,35.49,5360
20210730,35.36,35.41,35.36,35.36,12229
20210802,35.62,35.62,35.35,35.35,15361
20210803,35.34,35.63,35.34,35.63,2664
20210804,35.56,35.63,35.54,35.59,4445
20210805,35.79,35.85,35.73,35.85,12486
20210806,36,36,35.87,35.91,23860
20210809,35.97,36,35.96,35.97,13312
20210810,36.05,36.06,35.97,35.97,3979
20210811,36.15,36.15,35.94,36.01,2207
20210812,36.08,36.11,35.95,36.04,11022
20210813,36.18,36.18,36.02,36.04,19596
20210816,35.8,36.03,35.77,36.03,5096
20210817,35.91,35.91,35.51,35.71,7228
20210818,35.73,35.73,35.52,35.52,1746
20210819,35.21,35.37,35.21,35.37,2397
20210820,35.46,35.57,35.46,35.55,1297
20210823,35.82,36,35.82,35.98,7669
20210824,36.06,36.12,36.06,36.11,1171
20210825,36.12,36.32,36.12,36.28,5682
20210826,36.25,36.25,36.01,36.01,15737
20210827,36.32,36.44,36.31,36.43,2227
20210830,36.47,36.54,36.47,36.51,1881
20210831,36.36,36.36,36.33,36.33,763
20210901,36.35,36.52,36.35,36.41,8176
20210902,36.48,36.56,36.43,36.46,4520
20210903,36.37,36.56,36.37,36.54,3278
20210907,36.35,36.38,36.35,36.38,1583
20210908,36.23,36.23,36.04,36.18,4984
20210909,36.29,36.29,36.16,36.21,9289
20210910,36.28,36.28,35.94,35.94,3761
20210913,35.92,35.98,35.85,35.85,6212
20210914,35.69,35.72,35.69,35.72,1266
20210915,35.83,36.07,35.71,36.07,9487
20210916,36,36.14,35.96,36.09,8952
20210917,36,36,35.66,35.72,8031
20210920,35.21,35.23,34.64,34.98,8378
20210921,35.27,35.41,35.09,35.14,6951
20210922,35.33,35.55,35.33,35.45,3418
20210923,35.87,36.01,35.87,36,1990
20210924,35.98,36.02,35.89,36.01,4488
20210927,35.94,35.95,35.85,35.91,4974
20210928,35.16,35.32,35.11,35.21,2487
20210929,35.2,35.23,35.16,35.23,2241
20210930,34.96,34.96,34.78,34.94,1341
20211001,34.67,35.06,34.48,35.06,2795
20211004,34.76,34.76,34.45,34.52,6316
20211005,34.63,35.06,34.63,34.98,3142
20211006,34.47,34.47,34.47,34.47,390
20211007,35.45,35.61,35.42,35.46,3768
20211008,35.32,35.36,35.23,35.35,2298
20211011,35.42,35.42,35.18,35.18,4217
20211012,35.12,35.14,35.12,35.14,1669
20211013,35.18,35.29,35.09,35.26,6556
20211014,35.66,35.91,35.63,35.88,7394
20211015,36.03,36.2,36.03,36.15,7356
20211018,36.13,36.33,36.13,36.33,375
20211019,36.42,36.54,36.42,36.53,3333
20211020,36.65,36.73,36.65,36.7,970
20211021,36.68,36.87,36.68,36.87,6810
20211022,36.88,36.91,36.76,36.85,5777
20211025,37.06,37.14,36.87,37.1,1822
20211026,37.27,37.33,37.11,37.13,2808
20211027,36.91,36.91,36.68,36.68,1230
20211028,36.92,37.09,36.92,37.07,9356
20211029,37.09,37.24,37.09,37.24,2753
20211101,37.24,37.43,37.2,37.43,3805
20211102,37.47,37.53,37.44,37.53,3844
20211103,37.56,37.73,37.56,37.73,2561
20211104,37.79,37.79,37.79,37.79,534
20211105,38.11,38.11,37.78,37.87,3899
20211108,37.91,38.03,37.91,37.95,6198
20211109,37.76,37.79,37.74,37.79,6626
20211110,37.79,37.79,37.44,37.44,3725
20211111,37.71,37.71,37.55,37.55,2095
20211112,37.62,37.83,37.61,37.82,6961
20211115,37.84,37.84,37.78,37.78,1730
20211116,37.82,38.14,37.82,38.06,15380
20211117,37.95,37.95,37.87,37.87,4512
20211118,37.91,37.95,37.87,37.95,2630
20211119,37.98,38.03,37.88,37.9,3955
20211122,38.1,38.11,38.02,38.02,3281
20211123,37.58,37.58,37.57,37.57,291
20211124,37.58,37.86,37.53,37.84,7551
20211126,37.26,37.27,36.99,37.11,18892
20211129,37.6,37.69,37.41,37.58,14182
20211130,37.3,37.33,36.75,36.77,22452
20211201,37.43,37.44,36.29,36.29,7697
20211202,36.76,36.8,36.63,36.74,5064
20211203,36.83,36.83,36.02,36.02,4060
20211206,36.14,36.52,36.14,36.49,5293
20211207,37.11,37.46,37.11,37.42,15221
20211208,37.36,37.61,37.36,37.59,255234
20211209,37.43,37.44,37.12,37.12,5515
20211210,37.21,37.3,37.21,37.3,1750
20211213,37.32,37.32,36.85,36.85,10177
20211214,36.63,36.65,36.39,36.65,5758
20211215,36.69,37.16,36.32,37.16,8524
20211216,37.35,37.35,36.6099,36.76,8955
20211217,36.47,36.645,36.34,36.37,4582
20211220,36,36,35.6702,35.92,11226
20211221,36.32,36.63,36.0701,36.63,8236
20211222,36.67,37.03,36.67,37.03,9215
20211223,37.295,37.37,37.295,37.31,8508
20211227,37.55,37.845,37.55,37.79,1149
20211228,37.89,37.92,37.71,37.71,7053
20211229,37.72,37.81,37.68,37.81,14478
20211230,37.88,37.88,37.79,37.79,4344
20211231,37.6989,37.6989,37.61,37.61,1483
20220103,37.63,37.72,37.46,37.71,14914
20220104,37.73,37.73,37.32,37.55,97241
20220105,37.38,37.42,36.57,36.57,13945
20220106,36.535,36.76,36.535,36.6701,7541
20220107,36.48,36.48,36.215,36.31,537474
20220110,36,36.35,35.48,36.35,10247
20220111,36.218,36.68,36.218,36.65,7643
20220112,36.94,37.04,36.756,36.84,8275
20220113,36.68,36.75,36.02,36.1,34294
20220114,35.94,36.07,35.8,36.07,46652
20220118,35.6,35.6,35.28,35.29,17101
20220119,35.35,35.465,35.05,35.0698,3909
20220120,34.93,35.41,34.8437,34.87,20649
20220121,34.265,34.3,33.735,33.86,43108
20220124,33.19,33.87,32.74,33.85,8680
20220125,33.34,33.79,32.95,33.34,69375
20220126,33.85,34.05,33.15,33.315,6672
20220127,33.68,33.94,33.02,33.15,74802
20220128,32.92,33.99,32.89,33.99,9301
20220131,34.41,34.76,34.41,34.76,6679
20220201,34.89,34.938,34.825,34.9201,33424
20220202,35.34,35.4428,35.12,35.4428,62934
20220203,34.89,35.03,34.43,34.43,34511
20220204,34.3501,34.99,34.3501,34.9799,16512
20220207,34.69,34.79,34.54,34.55,10197
20220208,34.5,34.8,34.5,34.789,5488
20220209,35.11,35.43,35.11,35.43,7067
20220210,34.85,35.36,34.62,34.79,4825
20220211,34.78,34.79,33.9,34.05,10861
20220214,33.61,33.9001,33.61,33.9001,6708
20220215,34.3,34.45,34.3,34.39,8785
20220216,34.17,34.415,34.15,34.39,9475
20220217,33.9127,34.025,33.7391,33.7391,5397
20220218,33.66,33.745,33.26,33.35,3106
