Date,Open,High,Low,Close,Volume
20120126,19.695,19.761,19.695,19.695,539
20120130,18.87,18.892,18.87,18.892,269
20120201,19.695,19.695,19.695,19.695,135
20120203,19.836,19.917,19.836,19.917,1036
20120207,19.917,19.917,19.917,19.917,269
20120209,20.24,20.24,20.24,20.24,269
20120210,19.903,19.903,19.851,19.851,845
20120213,20.02,20.02,20.02,20.02,404
20120215,20.02,20.03,19.984,19.984,6865
20120216,19.873,20.21,19.873,20.21,13864
20120217,20.56,20.56,20.56,20.56,6730
20120221,20.99,20.99,20.99,20.99,1615
20120223,20.6,20.74,20.6,20.74,10062
20120224,21.23,21.23,21.23,21.23,673
20120227,20.7,20.84,20.7,20.84,23153
20120228,20.73,20.83,20.62,20.81,40995
20120229,20.82,20.82,20.59,20.65,27553
20120301,20.7,20.7,20.56,20.67,47116
20120302,20.52,20.52,20.47,20.48,8056
20120305,20.39,20.39,20.39,20.39,261
20120306,19.591,19.591,19.375,19.375,18577
20120307,19.709,19.784,19.709,19.754,7269
20120308,20.21,20.55,20.21,20.55,6057
20120309,20.65,20.65,20.2,20.27,5629
20120312,20.27,20.3,20.27,20.29,3500
20120313,20.27,20.59,20.27,20.59,15748
20120314,20.44,20.44,20.44,20.44,1346
20120316,20.92,21.06,20.8,20.94,11556
20120319,20.93,21.09,20.93,21.09,2692
20120320,20.73,20.77,20.73,20.75,2289
20120321,20.54,20.54,20.42,20.44,2827
20120322,19.546,20.16,19.546,20.16,1898
20120323,20.07,20.39,20.04,20.39,10852
20120326,20.76,20.82,20.76,20.81,3096
20120327,20.7,20.7,20.61,20.61,5787
20120328,20.52,20.52,20.47,20.47,1615
20120329,20.29,20.3,20.11,20.15,24903
20120330,20.85,20.85,20.7,20.7,2153
20120402,20.46,20.83,20.46,20.83,1366
20120403,20.83,20.83,20.59,20.62,6428
20120404,19.687,19.784,19.672,19.761,11307
20120405,19.591,19.598,19.576,19.598,2827
20120409,19.383,19.383,19.383,19.383,1481
20120410,19.182,19.182,19.011,19.011,6183
20120411,18.9,18.922,18.833,18.848,11172
20120412,19.07,19.152,19.07,19.115,4979
20120413,18.706,18.773,18.706,18.773,4510
20120416,18.706,18.84,18.61,18.84,31598
20120417,19.13,19.353,19.056,19.323,28954
20120418,19.152,19.16,19.07,19.07,4577
20120419,18.952,19.004,18.952,19.004,2827
20120420,19.108,19.108,19.108,19.108,1077
20120423,18.558,18.558,18.409,18.536,22222
20120424,18.885,18.885,18.885,18.885,673
20120426,19.249,19.249,19.249,19.249,673
20120430,19.457,19.457,19.427,19.427,2692
20120501,19.509,19.583,19.509,19.583,4038
20120502,19.152,19.234,19.152,19.234,2329
20120503,18.989,18.989,18.989,18.989,1700
20120504,18.677,18.677,18.536,18.536,6864
20120507,18.469,18.469,18.469,18.469,48
20120508,18.446,18.484,18.432,18.484,6057
20120509,18.097,18.231,18.097,18.164,4697
20120510,18.402,18.424,18.335,18.335,2826
20120511,18.365,18.506,18.335,18.335,4711
20120514,17.652,17.652,17.607,17.607,1991
20120515,17.34,17.384,17.154,17.154,5384
20120516,17.28,17.28,16.983,16.983,5653
20120517,16.767,16.782,16.678,16.678,4980
20120518,16.559,16.663,16.559,16.559,3499
20120521,17.079,17.102,16.894,17.102,4725
20120522,17.332,17.429,17.258,17.258,4554
20120523,16.567,16.567,16.559,16.559,808
20120524,16.493,16.493,16.455,16.455,4442
20120530,16.121,16.121,16.121,16.121,673
20120531,15.839,15.839,15.839,15.839,673
20120601,15.438,15.467,15.438,15.467,705
20120604,15.386,15.386,15.297,15.378,2558
20120605,15.393,15.393,15.393,15.393,1211
20120607,16.426,16.426,16.247,16.247,4565
20120608,16.181,16.181,16.166,16.166,1346
20120611,16.344,16.344,15.943,15.943,2153
20120612,16.017,16.017,15.95,15.95,942
20120613,15.757,15.757,15.757,15.757,942
20120614,15.571,15.571,15.505,15.512,2804
20120615,15.861,16.032,15.861,16.032,4980
20120618,16.418,16.418,16.039,16.047,2713
20120620,16.589,16.589,16.589,16.589,673
20120621,16.493,16.493,16.345,16.345,1541
20120622,16.36,16.36,16.36,16.36,128
20120625,15.558,15.558,15.558,15.558,642
20120626,15.488,15.628,15.488,15.628,2824
20120627,15.534,15.721,15.527,15.721,2953
20120628,15.527,15.527,15.527,15.527,128
20120629,16.438,16.446,16.438,16.446,6419
20120702,16.913,16.913,16.672,16.711,846
20120703,16.898,16.898,16.898,16.898,1284
20120705,16.703,16.703,16.477,16.516,545
20120706,16.212,16.212,16.014,16.014,436
20120710,15.9,16.002,15.869,16.002,9865
20120711,15.994,15.994,15.994,15.994,128
20120712,15.869,15.869,15.869,15.869,128
20120716,16.095,16.134,15.971,16.103,3158
20120717,16.181,16.197,15.978,16.173,4718
20120718,16.08,16.08,16.08,16.08,642
20120719,16.173,16.173,16.15,16.15,4492
20120720,15.9,15.9,15.643,15.643,449
20120723,14.794,15.277,14.794,15.277,693
20120724,15.207,15.207,15.059,15.059,3122
20120726,16.111,16.111,16.095,16.095,1926
20120727,16.516,16.656,16.516,16.547,4993
20120730,16.594,16.594,16.594,16.594,1540
20120731,16.493,16.493,16.493,16.493,642
20120801,16.57,16.57,16.29,16.321,6877
20120803,16.586,16.586,16.586,16.586,257
20120806,16.944,17.038,16.944,17.038,5263
20120807,17.256,17.318,17.256,17.256,1027
20120813,17.139,17.139,17.085,17.085,5644
20120814,16.913,16.976,16.913,16.96,8866
20120815,16.905,16.913,16.89,16.898,5264
20120816,17.1,17.1,17.1,17.1,642
20120820,17.272,17.272,17.264,17.264,11552
20120821,17.708,17.723,17.708,17.723,719
20120822,17.536,17.536,17.536,17.536,5776
20120823,17.513,17.513,17.498,17.505,1315
20120827,17.607,17.607,17.607,17.607,642
20120829,17.194,17.194,17.186,17.186,6728
20120830,16.976,16.976,16.898,16.898,1284
20120831,17.092,17.092,17.092,17.092,193
20120904,17.443,17.443,17.443,17.443,231
20120905,17.24,17.24,17.24,17.24,1925
20120906,17.365,17.365,17.365,17.365,564
20120907,17.965,18.043,17.965,18.043,641
20120910,18.136,18.136,18.027,18.027,1154
20120911,18.362,18.362,18.362,18.362,128
20120912,18.549,18.549,18.549,18.549,513
20120913,18.541,19.024,18.541,19.024,2439
20120914,19.492,19.546,19.437,19.517,840
20120917,19.399,19.406,19.399,19.406,2824
20120918,18.947,18.947,18.806,18.838,1991
20120919,18.619,18.908,18.619,18.892,11552
20120921,18.728,18.799,18.682,18.752,5776
20120924,18.386,18.386,18.323,18.323,706
20120925,18.526,18.549,18.44,18.44,2952
20120926,18.051,18.051,18.025,18.025,513
20120928,17.988,17.988,17.988,17.988,642
20121002,18.261,18.261,18.261,18.261,642
20121003,18.214,18.214,18.097,18.121,1788
20121004,18.347,18.347,18.347,18.347,385
20121005,18.689,18.736,18.689,18.705,2054
20121008,18.487,18.487,18.471,18.471,1284
20121010,18.23,18.23,18.051,18.074,1990
20121015,18.355,18.355,18.331,18.331,943
20121016,18.627,18.783,18.627,18.783,6102
20121017,18.931,18.931,18.931,18.931,3594
20121018,18.954,18.954,18.954,18.954,513
20121019,18.619,18.619,18.534,18.534,770
20121022,18.752,18.752,18.736,18.736,1540
20121024,18.129,18.129,18.129,18.129,642
20121031,18.526,18.526,18.44,18.44,551
20121101,18.76,18.76,18.76,18.76,257
20121102,18.682,18.682,18.682,18.682,1284
20121105,18.588,18.588,18.588,18.588,642
20121107,18.331,18.331,18.23,18.261,768
20121108,18.238,18.238,18.082,18.082,918
20121109,18.09,18.09,18.09,18.09,202
20121112,18.074,18.183,18.074,18.183,5906
20121113,18.012,18.012,17.996,17.996,3324
20121114,18.121,18.121,17.817,17.825,7829
20121116,17.825,17.825,17.739,17.747,2898
20121119,18.245,18.339,18.245,18.339,4969
20121120,18.386,18.386,18.37,18.37,4749
20121121,18.526,18.689,18.526,18.674,5379
20121123,19.289,19.289,19.289,19.289,257
20121126,19.157,19.157,19.149,19.149,7060
20121127,19.056,19.056,18.853,18.853,5520
20121128,18.651,18.651,18.651,18.651,1284
20121130,19.289,19.289,19.289,19.289,128
20121204,19.476,19.733,19.476,19.702,26824
20121205,19.967,20.08,19.967,20.08,1926
20121206,19.944,19.959,19.881,19.913,12910
20121207,19.874,19.928,19.804,19.928,3594
20121210,19.71,19.71,19.71,19.71,770
20121211,19.991,20.03,19.991,20.03,18228
20121212,19.998,20.03,19.975,19.991,1408
20121213,19.944,19.959,19.905,19.959,7157
20121214,20.04,20.04,20.04,20.04,128
20121217,20.38,20.38,20.18,20.18,10006
20121218,20.55,20.57,20.55,20.55,6932
20121219,20.75,20.75,20.47,20.47,12384
20121220,20.53,20.64,20.53,20.64,10840
20121221,20.35,20.37,20.34,20.37,2551
20121224,20.38,20.38,20.22,20.22,3723
20121226,20.29,20.29,20.29,20.29,1027
20121227,20.57,20.57,20.33,20.33,770
20121228,20.26,20.26,20.18,20.18,840
20121231,20.16,20.4,20.07,20.4,12202
20130102,21.17,21.17,20.81,20.81,1925
20130103,20.84,20.93,20.84,20.93,4198
20130104,20.96,21.08,20.96,21.08,4808
20130107,20.96,20.97,20.96,20.97,256
20130108,20.96,20.96,20.73,20.78,8345
20130109,20.64,20.64,20.52,20.53,14344
20130110,21.07,21.19,21.07,21.18,2824
20130111,21.39,21.39,21.39,21.39,257
20130114,21.32,21.44,21.31,21.31,4171
20130115,21.15,21.15,21.15,21.15,169
20130117,21.81,21.81,21.63,21.65,2565
20130118,21.52,21.52,21.5,21.5,469
20130122,21.64,21.64,21.63,21.63,802
20130123,21.83,21.83,21.68,21.81,7313
20130124,21.65,21.67,21.41,21.49,14582
20130125,21.63,21.69,21.63,21.69,308
20130128,21.7,21.81,21.7,21.81,2904
20130129,21.98,21.98,21.71,21.75,15409
20130130,21.99,22.08,21.91,21.93,17579
20130131,21.56,21.58,21.42,21.42,6883
20130204,21.7,21.82,21.43,21.51,30361
20130205,21.66,21.85,21.61,21.79,24770
20130206,21.49,21.88,21.49,21.88,22841
20130207,21.6,21.63,21.42,21.54,3646
20130208,21.8,21.81,21.75,21.78,7702
20130211,21.81,21.92,21.74,21.88,57320
20130212,22.06,22.23,22.02,22.02,37311
20130213,22.43,22.43,22.03,22.11,3122
20130214,22.02,22.07,21.95,22.04,4134
20130215,22.11,22.11,21.94,21.94,3221
20130219,22.37,22.37,22.18,22.18,3141
20130220,22.1,22.1,21.89,21.89,1925
20130221,21.42,21.42,21.42,21.42,128
20130222,21.74,21.77,21.74,21.77,9315
20130225,21.95,21.95,20.72,20.72,36962
20130226,20.96,21.07,20.96,21.05,2178
20130228,21.38,21.43,21.18,21.28,34575
20130301,21.1,21.26,21.03,21.26,13312
20130304,21.14,21.14,21.14,21.14,11030
20130305,21.35,21.35,21.35,21.35,1733
20130306,21.51,21.52,21.35,21.49,5617
20130307,21.61,21.68,21.58,21.66,4362
20130308,21.65,21.65,21.54,21.55,1350
20130312,21.3,21.77,21.3,21.41,7153
20130313,21.22,21.43,21.2,21.43,1409
20130314,21.49,21.49,21.41,21.41,7918
20130315,21.54,21.54,21.54,21.54,1412
20130318,20.89,21.21,20.89,21.2,1635
20130319,21.1,21.1,21.03,21.05,2568
20130320,21.35,21.42,21.25,21.29,4874
20130321,21.05,21.23,21.05,21.23,1332
20130322,21.1,21.21,21.03,21.14,9270
20130325,21.36,21.36,20.8,20.8,12138
20130326,20.79,20.79,20.79,20.79,1699
20130327,20.66,20.66,20.29,20.46,13987
20130328,20.72,20.84,20.64,20.82,8215
20130401,20.72,20.72,20.62,20.62,1403
20130402,20.89,20.93,20.86,20.9,4236
20130403,21.14,21.14,21.14,21.14,4131
20130404,20.96,21.08,20.75,21.08,6309
20130405,20.8,20.8,20.79,20.8,1468
20130408,20.71,20.76,20.71,20.76,3299
20130409,20.85,21.1,20.8,21.03,12574
20130410,21.22,21.37,21.22,21.37,11523
20130411,21.57,21.57,21.46,21.46,1540
20130415,21.23,21.23,20.69,20.7,3958
20130416,20.65,20.65,20.65,20.65,16752
20130417,20.31,20.47,20.31,20.47,7188
20130418,20.26,20.26,20.15,20.15,5904
20130419,20.22,20.22,20.21,20.21,2636
20130422,20.37,20.44,20.37,20.44,898
20130423,20.64,20.93,20.64,20.89,8485
20130424,21.12,21.12,21.12,21.12,309
20130425,21.52,21.52,21.46,21.46,8302
20130426,21.43,21.45,21.43,21.45,2568
20130429,21.75,21.78,21.75,21.78,3210
20130430,21.69,21.69,21.57,21.57,8249
20130501,21.61,21.61,21.6,21.61,1828
20130503,21.74,21.76,21.74,21.74,949
20130506,21.84,21.84,21.69,21.84,2114
20130507,21.98,21.98,21.93,21.93,5513
20130508,22.29,22.42,22.29,22.42,704
20130509,22.47,22.47,22.05,22.14,3120
20130510,22.44,22.58,22.39,22.57,10651
20130513,22.46,22.57,22.46,22.57,7568
20130514,22.43,22.43,22.33,22.33,4017
20130515,22.34,22.45,22.34,22.45,514
20130520,22.3,22.51,22.29,22.51,16158
20130521,22.4,22.58,22.4,22.58,3850
20130522,22.58,22.7,22.12,22.16,15530
20130523,21.96,22.02,21.96,22.02,1052
20130524,21.76,21.76,21.76,21.76,128
20130528,22.06,22.06,22.01,22.01,2385
20130530,22.06,22.06,22.06,22.06,186
20130531,21.64,21.65,21.6,21.6,10525
20130604,21.74,21.74,21.6,21.6,770
20130605,21.23,21.23,21.09,21.1,5664
20130606,21.26,21.35,21.22,21.35,5197
20130607,21.5,21.5,21.45,21.45,621
20130610,21.53,21.54,21.47,21.54,1149
20130611,21.1,21.17,21.1,21.17,4579
20130612,21.22,21.37,21.22,21.28,21320
20130613,21.52,21.52,21.39,21.46,5502
20130614,21.71,21.71,21.71,21.71,899
20130617,21.77,21.82,21.77,21.79,3810
20130618,21.88,22.13,21.88,22.02,34805
20130619,21.67,21.7,21.52,21.52,4364
20130620,21.21,21.21,21.06,21.17,9790
20130621,21.03,21.04,20.59,21.04,17202
20130624,20.27,20.49,20.26,20.41,9633
20130625,20.36,20.52,20.36,20.52,2439
20130626,20.57,20.75,20.57,20.75,1895
20130627,20.05,20.05,20.05,20.05,1739
20130628,19.819,19.858,19.819,19.858,4749
20130701,20.09,20.13,19.998,19.998,24647
20130702,20.01,20.01,19.99,19.99,1412
20130703,19.92,20.1,19.913,20.1,15275
20130705,20.12,20.25,20.12,20.25,2054
20130708,21.02,21.02,21.02,21.02,1125
20130709,20.87,20.87,20.87,20.87,897
20130710,21.24,21.24,20.72,20.93,9500
20130711,21.66,21.73,21.34,21.73,21739
20130712,21.35,21.36,21.35,21.36,513
20130715,21.32,21.32,21.11,21.12,1381
20130716,21.31,21.31,20.99,21,112871
20130718,21.34,21.39,21.34,21.37,3087
20130719,21.13,21.35,21.13,21.35,37530
20130723,21.26,21.26,21.24,21.26,689
20130724,21.3,21.3,21.26,21.26,1027
20130725,21.38,21.43,21.38,21.43,4692
20130726,21.27,21.35,21.27,21.35,10737
20130730,21.21,21.21,21.14,21.17,46977
20130731,21.42,21.42,21.15,21.18,2439
20130801,21.46,21.56,21.46,21.56,3851
20130802,21.25,21.67,21.25,21.6,57409
20130805,21.54,21.59,21.54,21.56,11938
20130806,21.72,21.72,21.66,21.66,2989
20130807,21.57,21.6,21.54,21.6,3481
20130808,21.88,22.04,21.88,22.01,16362
20130809,22.09,22.29,22.09,22.29,385
20130812,22.19,22.25,22.19,22.24,2069
20130813,22.1,22.13,22.1,22.13,1283
20130814,22.13,22.27,22.13,22.25,169412
20130815,21.96,22.18,21.96,22.18,8984
20130816,22.3,22.37,22.3,22.37,260
20130819,22.55,22.55,22.37,22.39,8982
20130820,22.34,22.36,22.34,22.34,2023
20130821,22.2,22.2,22.05,22.06,6798
20130822,22.44,22.44,22.44,22.44,128
20130823,22.55,22.55,22.55,22.55,385
20130826,22.67,22.67,22.44,22.44,4391
20130827,22.44,22.44,22.44,22.44,378
20130828,22.34,22.34,22.24,22.25,1637
20130829,22.3,22.3,22.22,22.22,1121
20130830,21.66,21.66,21.66,21.66,128
20130903,22.2,22.75,22.2,22.59,24388
20130904,22.86,22.86,22.86,22.86,1284
20130905,22.95,23.08,22.95,22.98,4486
20130906,23.17,23.18,23.17,23.18,770
20130909,23.39,23.6,23.33,23.57,5772
20130910,23.91,23.96,23.91,23.96,1496
20130911,24.24,24.42,24.24,24.42,5283
20130912,24.42,24.43,24.37,24.38,11938
20130913,24.62,24.67,24.38,24.41,5261
20130916,24.86,24.86,24.43,24.43,9210
20130917,25.09,25.09,24.45,24.53,7669
20130918,24.54,25.39,24.54,25.37,2951
20130919,25.14,25.17,24.88,25.17,61685
20130920,25.16,25.16,25.05,25.16,30621
20130923,25.04,25.04,24.84,25.03,9057
20130924,24.84,24.84,24.84,24.84,128
20130925,24.7,24.77,24.64,24.64,1996
20130926,24.62,24.8,24.62,24.8,769
20130927,24.88,24.99,24.88,24.93,4147
20130930,24.93,24.93,24.56,24.6,8054
20131001,24.81,24.94,24.78,24.91,21155
20131002,25.12,25.12,24.92,24.99,2309
20131003,24.85,24.85,24.77,24.77,629
20131004,24.71,24.81,24.71,24.74,5260
20131007,24.29,24.56,24.28,24.52,4287
20131008,24.55,24.55,24.36,24.42,4072
20131009,24.28,24.37,24.14,24.37,777
20131010,24.81,24.81,24.81,24.81,898
20131011,24.74,24.74,24.52,24.66,706
20131014,24.5,24.5,24.48,24.48,256
20131015,24.77,24.77,24.77,24.77,244
20131016,25.12,25.12,24.88,25.12,12516
20131017,25.31,25.36,24.98,25.36,27291
20131018,25.31,25.48,25.31,25.48,6804
20131021,25.61,25.62,25.48,25.62,10114
20131022,25.62,25.73,25.62,25.73,17649
20131023,25.77,25.77,25.55,25.58,2316
20131024,25.5,25.6,25.5,25.6,11365
20131025,25.5,25.51,25.46,25.51,4628
20131028,25.55,25.57,25.33,25.37,10747
20131029,25.68,25.78,25.67,25.76,26407
20131030,26.1,26.1,25.9,25.9,11294
20131031,25.77,25.85,25.72,25.77,11808
20131101,25.51,25.69,25.51,25.66,5519
20131104,26.04,26.07,26.04,26.07,2620
20131105,26.07,26.07,25.92,26.05,15617
20131106,26.4,26.45,26.32,26.45,5824
20131107,26.29,26.32,25.99,25.99,5455
20131108,26.07,26.07,26.07,26.07,899
20131111,26.32,26.32,26.1,26.3,5218
20131112,26.12,26.12,25.86,25.91,17029
20131113,25.44,26.17,25.44,26.17,3680
20131114,26.19,26.19,26.19,26.19,305
20131115,26.25,26.32,26.11,26.32,6332
20131118,26.7,26.7,26.27,26.27,5537
20131119,26.25,26.28,26.23,26.23,2054
20131120,26.28,26.29,25.97,26,4765
20131121,26.49,26.51,26.32,26.43,1657
20131122,26.46,26.55,26.39,26.55,8855
20131125,26.43,26.47,26.39,26.47,7113
20131126,26.47,26.6,26.44,26.49,3397
20131127,26.91,26.91,26.6,26.71,4728
20131129,26.74,26.77,26.43,26.43,2122
20131202,26.45,26.45,26.33,26.35,30373
20131203,25.97,25.97,25.69,25.69,1411
20131204,25.4,25.64,25.34,25.63,6763
20131205,25.72,25.83,25.67,25.67,1525
20131206,25.89,25.99,25.82,25.98,19260
20131209,25.9,26.18,25.9,26.15,2127
20131210,25.86,25.86,25.86,25.86,759
20131211,26.01,26.01,26.01,26.01,128
20131212,25.75,25.76,25.45,25.59,9054
20131213,25.38,25.38,25.34,25.38,1283
20131216,25.67,25.67,25.54,25.6,3865
20131217,25.43,25.5,25.43,25.48,23491
20131218,25.78,26.08,25.61,26.03,19506
20131219,26.08,26.08,26.08,26.08,770
20131220,26.19,26.31,26.19,26.3,6871
20131223,26.47,26.47,26.47,26.47,148
20131224,26.57,26.65,26.57,26.65,3412
20131226,27.09,27.09,27.09,27.09,128
20131227,26.88,26.96,26.88,26.96,2261
20131230,26.9,27.1,26.9,27,4876
20131231,26.9,27.22,26.9,27.22,6783
20140102,26.71,26.71,26.41,26.45,25331
20140103,26.45,26.76,26.45,26.68,10546
20140106,26.77,26.77,26.64,26.74,7007
20140107,26.43,26.67,26.43,26.65,3969
20140108,26.64,26.68,26.5,26.68,3207
20140109,26.73,26.87,26.73,26.87,771
20140110,26.84,27.15,26.84,27.15,19338
20140113,27.06,27.22,26.74,27,99509
20140114,26.91,27.16,26.91,27.16,2684
20140115,27.08,27.08,27.08,27.08,1829
20140116,27.27,27.27,27.25,27.25,1489
20140117,27.1,27.1,26.86,26.86,13561
20140121,26.81,26.92,26.45,26.82,23375
20140122,26.88,27.05,26.85,27,18667
20140123,27.03,27.03,26.5,26.52,6749
20140124,26.02,26.08,25.91,25.91,4363
20140127,25.56,25.92,25.56,25.66,4696
20140128,25.96,26.15,25.93,26.15,26565
20140129,25.92,25.97,25.75,25.87,11638
20140130,25.8,25.84,25.6,25.83,6741
20140131,25.83,25.83,25.83,25.83,251
20140203,24.99,25.06,24.73,24.73,5952
20140204,24.73,25.23,24.73,25.23,7340
20140205,25.2,25.2,25.19,25.19,770
20140206,25.83,26.19,25.83,26.05,8714
20140207,26.22,26.73,26.22,26.73,21175
20140210,26.52,26.71,26.52,26.64,3102
20140211,26.64,27.06,26.64,27.06,904
20140213,26.86,26.87,26.86,26.87,320
20140214,27.32,27.32,26.8,26.89,12061
20140218,26.99,27.22,26.98,27.22,2769
20140219,27.14,27.3,27.06,27.06,27163
20140220,27.17,27.18,26.98,26.98,1155
20140221,27.39,27.43,27.32,27.32,9366
20140224,27.89,28.02,27.43,27.43,4503
20140225,27.56,27.67,27.53,27.6,8898
20140226,27.46,27.46,27.32,27.33,39610
20140227,27.36,27.52,27.36,27.52,5446
20140228,27.31,27.69,27.31,27.5,4102
20140303,26.97,26.97,26.8,26.82,3462
20140304,27.15,27.45,27.15,27.45,256
20140305,28.23,28.23,27.59,27.62,16036
20140306,27.87,28.04,27.84,28.02,32229
20140307,27.92,27.92,27.92,27.92,14885
20140310,27.49,27.49,27.34,27.49,18345
20140312,26.89,27,26.87,27,11139
20140313,27,27,26.56,26.56,2182
20140314,26.43,26.43,26.43,26.43,1412
20140317,27.07,27.49,27.07,27.26,366110
20140318,27.13,27.82,27.13,27.61,105186
20140319,27.23,27.31,26.78,26.78,171093
20140320,26.63,26.7,26.48,26.64,2667
20140321,26.45,26.68,26.26,26.26,8431
20140324,26.5,26.5,26.27,26.31,1295
20140325,26.86,26.86,26.82,26.82,1361
20140326,26.96,27.01,26.96,27.01,482
20140327,26.86,26.86,26.86,26.86,780
20140328,27.23,27.23,27.07,27.11,6414
20140331,27.14,27.21,27.14,27.21,2847
20140401,27.95,27.95,27.93,27.95,804
20140402,27.98,27.98,27.8,27.96,517
20140403,27.92,27.92,27.81,27.81,1583
20140404,28.06,28.06,27.53,27.53,12502
20140407,27.51,27.51,27.29,27.29,1925
20140408,27.68,27.77,27.44,27.68,1939
20140409,28.04,28.06,27.85,28.05,2692
20140410,28.09,28.09,27.83,27.83,3291
20140411,27.5,27.51,27.43,27.5,1416
20140414,27.04,27.16,26.93,27.15,1855
20140415,26.95,27,26.72,26.77,5476
20140416,26.91,27.21,26.91,27,2144
20140417,27.39,27.49,27.28,27.49,1753
20140421,27.41,27.43,27.4,27.43,662
20140422,27.27,27.77,27.27,27.76,964
20140423,27.84,27.84,27.75,27.79,1865
20140424,27.79,27.79,27.52,27.73,2515
20140425,27.7,27.7,27.63,27.63,812
20140428,27.13,27.53,27.13,27.35,11165
20140429,27.98,27.99,27.69,27.77,7155
20140430,28.42,28.42,27.9,27.92,4515
20140501,28.58,28.58,28.02,28.13,1270
20140502,27.95,28.06,27.84,28.06,1777
20140505,28.38,28.38,27.88,28.02,4723
20140506,28.04,28.04,28.02,28.02,641
20140507,28.15,28.15,28.15,28.15,491
20140508,28.16,28.34,28.14,28.17,3691
20140509,27.95,28.06,27.89,28.06,1736
20140512,28.6,28.66,28.17,28.35,2772
20140513,28.34,28.48,28.21,28.41,2614
20140514,28.27,28.27,28.18,28.24,2300
20140515,27.93,27.95,27.62,27.79,21692
20140516,27.66,27.73,27.64,27.72,1370
20140519,27.76,27.76,27.75,27.75,705
20140520,27.94,28,27.94,28,1097
20140521,28.06,28.33,28.06,28.29,1285
20140522,28.47,28.47,28.27,28.3,3502
20140523,28.86,28.86,28.38,28.56,1345
20140527,28.6,28.6,28.49,28.59,1428
20140528,28.41,28.48,28.3,28.45,9962
20140529,28.29,28.54,28.28,28.4,18132
20140530,29.09,29.09,28.45,28.7,5357
20140602,28.81,28.87,28.81,28.85,4196
20140603,28.72,28.72,28.56,28.72,20864
20140604,28.92,28.92,28.46,28.6,8672
20140605,28.99,29.08,28.98,29.05,19491
20140606,29.65,29.66,29.12,29.27,10943
20140609,28.97,29.18,28.97,29.18,4991
20140610,29.09,29.16,28.93,29.14,15651
20140611,28.95,28.95,28.7,28.74,6148
20140612,28.94,28.94,28.85,28.88,4275
20140613,28.85,28.85,28.63,28.78,6497
20140616,28.75,28.84,28.73,28.83,20427
20140617,29.01,29.01,28.53,28.81,9739
20140618,28.95,29.25,28.95,29.25,9844
20140619,29.33,29.33,29.14,29.25,8912
20140620,29.05,29.05,28.95,29.01,6441
20140623,29.19,29.24,29.13,29.14,11683
20140624,29.15,29.42,28.64,28.64,11519
20140625,28.87,28.87,28.38,28.43,11773
20140626,28.63,28.69,28.47,28.63,10549
20140627,28.64,28.7,28.47,28.7,16163
20140630,28.61,28.62,28.44,28.5,10389
20140701,28.59,28.75,28.59,28.75,11186
20140702,28.74,28.78,28.64,28.78,4004
20140703,28.5,29.11,28.5,29.06,185519
20140707,28.66,28.77,28.58,28.77,19992
20140708,28.31,28.38,28.17,28.38,10242
20140709,28.4,28.44,28.27,28.35,35372
20140710,27.95,28.17,27.95,28.04,5152
20140711,28.06,28.07,27.97,28.06,4537
20140714,28.57,28.57,28.3,28.41,6000
20140715,28.34,28.34,27.87,28.2,12654
20140716,27.97,28.5,27.97,28.5,7938
20140717,27.96,28.38,27.96,28.11,15117
20140718,28.26,28.43,28.24,28.36,12004
20140721,28.46,28.57,28.37,28.56,7396
20140722,28.32,28.4,28.3,28.3,2575
20140723,28.48,28.55,28.39,28.55,8859
20140724,28.82,28.85,28.72,28.85,1654
20140725,29.12,29.13,28.63,28.75,8711
20140728,29.07,29.07,28.49,28.58,4292
20140729,28.43,28.5,28.4,28.5,6105
20140730,28.25,28.3,28.14,28.2,9142
20140731,28.14,28.14,27.76,27.8,26147
20140801,27.73,27.75,27.66,27.7,4279
20140804,27.88,27.94,27.72,27.92,7099
20140805,27.72,27.72,27.33,27.47,5009
20140806,27.27,27.27,27.12,27.25,21288
20140807,27.21,27.21,26.98,26.99,50195
20140808,26.76,26.9,26.73,26.9,5736
20140811,27.06,27.13,26.97,27,15603
20140812,27.1,27.16,27.05,27.15,13525
20140813,27.31,27.32,26.93,27,10904
20140814,27.2,27.23,27.1,27.1,10634
20140815,27.35,27.35,27.1,27.2,4941
20140818,27.27,27.37,27.21,27.23,13987
20140819,27.52,27.67,27.46,27.59,4012
20140820,27.6,27.79,27.6,27.75,3219
20140821,27.87,27.96,27.83,27.96,2900
20140822,27.84,27.84,27.62,27.77,6240
20140825,27.8,27.86,27.8,27.81,112151
20140826,28.01,28.01,27.84,27.88,7902
20140827,27.88,27.98,27.88,27.93,5234
20140828,27.44,27.62,27.44,27.62,16264
20140829,27.69,27.73,27.58,27.64,41988
20140902,27.91,27.91,27.58,27.76,29598
20140903,27.63,28.03,27.63,27.79,167542
20140904,27.86,27.93,27.56,27.68,69706
20140905,27.79,27.88,27.71,27.76,10886
20140908,27.82,27.83,27.62,27.64,8335
20140909,27.64,27.64,27.36,27.41,9256
20140910,27.29,27.35,27.29,27.35,7201
20140911,27.2,27.35,27.19,27.29,13035
20140912,27.18,27.26,27.16,27.26,9735
20140915,27.14,27.35,27.1,27.23,54398
20140916,27.31,27.33,27.21,27.31,825
20140917,27.25,27.32,27.16,27.18,9496
20140918,27.01,27.31,27.01,27.21,10263
20140919,27.51,27.51,27.29,27.36,39580
20140922,27.15,27.43,27.15,27.28,19674
20140923,27.13,27.14,27.02,27.02,2757
20140924,26.98,27.01,26.88,27.01,7157
20140925,26.9,26.9,26.71,26.74,6810
20140926,27.27,27.28,26.69,26.82,6096
20140929,26.62,26.66,26.4,26.65,163465
20140930,26.48,26.56,26.36,26.45,15212
20141001,26.32,26.32,25.95,25.96,3710
20141002,26.06,26.06,25.71,25.84,102434
20141003,25.73,25.91,25.71,25.89,16599
20141006,26.21,26.22,25.99,26.08,51730
20141007,25.71,25.83,25.66,25.69,5954
20141008,25.41,25.95,25.41,25.95,6781
20141009,25.7,25.7,25.16,25.16,102436
20141010,25.13,25.13,24.85,24.85,5692
20141013,25.3,25.3,24.84,24.85,4282
20141014,25,25.12,24.81,24.87,10639
20141015,24.15,24.7,24.15,24.53,7135
20141016,23.94,24.55,23.94,24.46,13514
20141017,25.17,25.34,25.09,25.24,22181
20141020,25.01,25.25,25.01,25.25,2170
20141021,25.5,25.71,25.5,25.67,8469
20141022,25.68,25.83,25.49,25.53,32823
20141023,25.84,26.01,25.84,25.97,6079
20141024,26.02,26.02,25.79,25.92,8103
20141027,25.74,25.87,25.74,25.87,3230
20141028,26.41,26.41,26.17,26.35,8172
20141029,26.21,26.31,25.93,26.03,36274
20141030,25.83,26.09,25.81,26.09,26418
20141031,26.27,26.29,26.14,26.29,3232
20141103,25.98,26.14,25.97,26.01,6605
20141104,25.91,26.02,25.87,26.01,32645
20141105,26.04,26.12,26.04,26.04,4722
20141106,26.25,26.25,25.88,26.01,7775
20141107,25.55,25.75,25.55,25.69,5646
20141110,25.77,25.96,25.71,25.88,7556
20141111,25.88,26.12,25.88,26.02,16181
20141112,25.63,25.74,25.63,25.74,473
20141113,26.01,26.14,26,26.05,5063
20141114,25.78,25.9,25.78,25.88,2484
20141117,25.63,25.75,25.63,25.71,405862
20141118,26.09,26.28,26.09,26.24,294475
20141119,26.27,26.27,26.06,26.07,8032
20141120,26.14,26.15,26.11,26.11,2196
20141121,26.51,26.58,26.35,26.43,16797
20141124,26.78,27.02,26.78,27.02,24384
20141125,26.99,27.22,26.99,27.22,4813
20141126,27.22,27.23,27.21,27.23,447
20141128,26.94,26.94,26.82,26.82,2970
20141201,26.88,26.96,26.84,26.9,10624
20141202,26.81,26.82,26.76,26.78,13351
20141203,26.61,26.74,26.56,26.74,13449
20141204,26.84,26.96,26.68,26.84,28829
20141205,26.75,26.96,26.74,26.79,75343
20141208,26.77,26.78,26.71,26.71,10943
20141209,26.55,26.67,26.49,26.64,26895
20141210,26.6,26.68,26.47,26.47,8426
20141211,26.45,26.47,26.32,26.32,17326
20141212,26.36,26.37,25.87,25.91,45365
20141215,26.04,26.04,25.44,25.48,14727
20141216,25.53,25.86,25.46,25.55,19902
20141217,25.75,25.83,25.75,25.83,528
20141218,26.15,26.32,26.14,26.32,21630
20141219,26.04,26.18,26.04,26.18,9577
20141222,26.2,26.29,26.18,26.29,1623
20141223,26.3,26.42,26.3,26.42,5303
20141224,26.53,26.54,26.52,26.53,2854
20141226,26.54,26.54,26.54,26.54,155
20141229,26.34,26.34,26.29,26.32,882
20141230,26.12,26.12,26.01,26.04,546
20141231,25.9,25.9,25.71,25.71,8207
20150102,25.89,26,25.88,26,3444
20150105,25.33,25.33,25.22,25.29,8817
20150106,25.27,25.44,25.04,25.2,23749
20150107,25.21,25.21,24.8,25.12,42380
20150108,25.19,25.2,25.09,25.2,3606
20150109,25.41,25.41,25.33,25.38,2274
20150112,25.35,25.35,25.17,25.22,3982
20150113,25.39,25.4,24.95,25.13,4223
20150114,25.13,25.24,25.01,25.24,14029
20150115,24.99,25,24.79,24.91,25413
20150116,24.98,24.98,24.98,24.98,1094
20150120,25.82,26.01,25.7,25.72,4829
20150121,25.84,26.08,25.84,26.08,1969
20150122,26.24,26.45,26.16,26.4,107891
20150123,26.45,26.53,26.35,26.36,31175
20150126,26.57,26.94,26.57,26.94,1721
20150127,26.79,26.79,26.44,26.68,5900
20150128,26.75,26.93,26.56,26.56,3854
20150129,26.65,26.65,26.32,26.52,11782
20150130,26.52,26.53,26.32,26.38,6110
20150202,26.33,26.33,26.07,26.3,5054
20150203,26.66,27.06,26.66,27.06,4019
20150204,26.82,26.82,26.57,26.64,4443
20150205,27.09,27.4,27.05,27.39,2810
20150206,26.82,26.9,26.82,26.85,946
20150209,26.68,26.7,26.6,26.64,1605
20150210,26.76,26.97,26.76,26.96,2494
20150211,26.97,26.97,26.89,26.9,62433
20150212,27.47,27.55,27.33,27.55,66464
20150213,27.61,27.65,27.52,27.64,3097
20150217,27.6,27.82,27.47,27.8,22477
20150218,27.64,27.76,27.57,27.74,7010
20150219,27.72,27.76,27.56,27.63,4157
20150220,27.56,28.1,27.56,28.04,17909
20150223,27.84,27.84,27.72,27.84,3135
20150224,28.05,28.11,27.89,28.04,5095
20150225,28.17,28.19,28.02,28.05,4234
20150226,27.77,27.77,27.71,27.77,1144
20150227,27.66,27.78,27.66,27.74,2111
20150302,27.86,27.86,27.76,27.76,871
20150303,27.76,27.81,27.62,27.68,1266
20150304,27.31,27.42,27.19,27.42,3247
20150305,27.45,27.55,27.43,27.54,5165
20150306,27.24,27.32,27.23,27.24,907
20150309,27.12,27.2,26.99,27.19,8364
20150310,26.79,26.79,26.57,26.57,4241
20150311,26.57,26.58,26.57,26.57,995
20150312,26.7,26.78,26.7,26.77,3109
20150313,26.58,26.62,26.57,26.62,2107
20150316,26.88,26.98,26.66,26.98,9674
20150317,26.9,26.98,26.85,26.97,1368
20150318,26.97,27.67,26.96,27.54,7741
20150319,27.28,27.3,27.22,27.27,1492
20150320,27.81,27.98,27.7,27.88,207982
20150323,28.11,28.16,27.93,28.16,5232
20150324,28.29,28.29,28.2,28.2,14771
20150325,28.51,28.51,28.15,28.15,2546
20150326,27.69,27.76,27.64,27.72,6649
20150327,27.55,27.65,27.52,27.64,22470
20150330,27.65,27.75,27.63,27.71,3354
20150331,27.25,27.25,27.09,27.14,1842
20150401,27.26,27.41,27.26,27.35,68507
20150402,27.52,27.68,27.52,27.66,22386
20150406,27.94,28.17,27.94,28.06,28976
20150407,27.81,28.09,27.81,27.93,6110
20150408,27.93,27.93,27.93,27.93,124
20150410,28.1,28.28,28.1,28.26,23993
20150413,28.12,28.25,28.12,28.25,7333
20150414,28.38,28.38,28.29,28.37,12760
20150415,28.45,28.51,28.12,28.35,10620
20150416,28.31,28.43,28.19,28.41,1549
20150417,28.04,28.05,27.93,27.96,1115
20150420,27.93,27.94,27.93,27.94,2226
20150421,28.44,28.44,28.3,28.3,496
20150422,28.04,28.12,27.97,28.12,8560
20150423,27.71,28.05,27.62,28.05,1730
20150424,28.09,28.18,28.09,28.1,1144
20150427,28.25,28.25,28.09,28.21,4634
20150428,28.01,28.01,27.91,27.91,766
20150429,27.63,27.63,27.43,27.43,128078
20150430,27.01,27.01,26.8,26.88,1509
20150501,27.12,27.18,26.86,27.06,16870
20150504,27.3,27.3,27.04,27.06,3071
20150505,26.81,26.81,26.59,26.61,7322
20150506,26.98,26.98,26.75,26.87,11122
20150507,27.11,27.11,27.02,27.02,147381
20150508,27.61,27.66,27.6,27.6,1369
20150511,27.5,27.5,27.34,27.42,2597
20150512,27.24,27.24,27.11,27.11,1325
20150513,27.68,27.69,27.68,27.69,312
20150514,27.91,28.17,27.91,28.17,11332
20150515,27.96,28.13,27.88,28.12,15365
20150518,27.79,27.8,27.76,27.79,1501
20150519,27.7,27.76,27.65,27.67,4205
20150520,27.97,28.06,27.88,28.01,4833
20150521,28.14,28.23,28.13,28.17,2234
20150522,27.85,27.85,27.85,27.85,601
20150526,27.45,27.45,27.1,27.15,744
20150527,27.47,27.49,27.47,27.49,248
20150528,27.23,27.47,27.15,27.46,9244
20150529,27.31,27.33,27.05,27.16,3199
20150601,27.26,27.26,26.99,27.18,33524
20150602,27.68,27.76,27.68,27.7,66604
20150603,27.96,27.96,27.96,27.96,124
20150604,27.85,27.85,27.55,27.59,11240
20150605,27.13,27.13,26.98,26.98,5969
20150608,26.95,27.15,26.89,27.03,298594
20150609,26.93,27,26.93,27,2175
20150610,27.44,27.46,27.4,27.43,15207
20150611,27.56,27.56,27.35,27.4,4544
20150612,27.02,27.11,26.86,27.09,10941
20150615,26.69,26.78,26.61,26.78,2159
20150616,26.74,26.95,26.74,26.94,2949
20150617,26.65,26.87,26.57,26.87,8802
20150618,27.04,27.68,27.04,27.23,6580
20150619,27.17,27.17,26.98,27.12,19401
20150622,27.88,27.88,27.72,27.73,10694
20150623,27.69,27.79,27.69,27.78,1134
20150624,27.63,27.64,27.43,27.43,6397
20150625,27.52,27.52,27.52,27.52,1348
20150626,27.62,27.62,27.51,27.54,1104
20150629,26.41,27.03,26.41,26.76,23647
20150630,27.03,27.03,26.42,26.53,4820
20150701,26.59,26.66,26.45,26.55,2131
20150702,26.44,26.44,26.39,26.39,3312
20150706,25.91,25.91,25.56,25.56,3225
20150707,25.33,25.66,25.04,25.66,1738
20150708,25.4,25.4,25.15,25.21,4505
20150709,26.15,26.15,25.84,25.84,14163
20150710,26.77,27,26.77,26.94,79631
20150713,27.1,27.1,26.95,27.02,6049
20150714,27.06,27.26,27.06,27.25,4800
20150715,27.02,27.02,26.84,26.88,9928
20150717,27.38,27.38,27.22,27.3,1768
20150720,27.63,27.7,27.62,27.62,18889
20150721,27.29,27.29,27.29,27.29,245
20150722,26.93,26.96,26.93,26.96,1593
20150723,26.96,26.96,26.92,26.92,1746
20150724,27.03,27.1,26.85,26.86,3158
20150727,26.83,26.83,26.74,26.78,6760
20150728,26.88,27.06,26.7,27.02,19962
20150729,27.02,27.17,27.02,27.05,6682
20150730,27.11,27.32,27,27.32,5353
20150731,27.59,27.59,27.4,27.44,6277
20150803,27.57,27.57,27.33,27.38,24229
20150804,27.54,27.58,27.46,27.54,6727
20150805,27.53,27.53,27.31,27.38,3885
20150806,27.51,27.52,27.4,27.44,8225
20150807,27.29,27.29,27.13,27.17,5445
20150810,27.46,27.69,27.46,27.69,81490
20150811,27.34,27.34,27.21,27.31,2451
20150812,26.96,27.17,26.96,27.17,37304
20150813,27.37,27.4,27.31,27.33,10967
20150814,27.3,27.31,27.26,27.31,1595
20150818,27.21,27.21,27.02,27.02,2680
20150819,26.77,26.87,26.77,26.83,18051
20150820,26.19,26.2,25.96,25.96,13867
20150821,26.01,26.11,25.61,25.61,39782
20150824,24.69,25.47,24.69,24.87,15236
20150825,25.75,25.75,25.04,25.15,127472
20150826,25.86,25.88,25.4,25.81,7234
20150827,25.86,25.95,25.69,25.95,29554
20150828,25.71,25.82,25.67,25.78,17316
20150831,25.64,25.71,25.63,25.71,28947
20150901,25.26,25.26,24.96,25.16,33573
20150902,25.25,25.27,25.03,25.26,10515
20150903,25.49,25.49,25.36,25.36,988
20150904,25,25.09,24.9,24.94,6743
20150908,25.6,25.73,25.52,25.7,8779
20150909,26.18,26.18,25.78,25.78,20105
20150910,26.01,26.15,25.88,26.07,7678
20150911,25.95,26.1,25.93,26.03,27292
20150914,25.72,25.76,25.72,25.75,1567
20150915,25.75,25.79,25.68,25.74,3855
20150916,25.98,26.07,25.97,25.97,13357
20150917,25.84,26.41,25.84,26.26,5186
20150918,25.72,25.8,25.53,25.53,23811
20150921,25.49,25.57,25.49,25.53,6204
20150922,24.97,24.97,24.73,24.73,15088
20150923,24.91,24.93,24.9,24.9,4658
20150925,24.9,24.9,24.55,24.55,2573
20150928,24.26,24.33,24.23,24.26,5271
20150929,24.31,24.53,24.31,24.53,18137
20150930,24.78,24.78,24.78,24.78,123
20151001,24.6,24.79,24.59,24.79,9144
20151002,24.86,25.33,24.86,25.33,23010
20151005,25.74,25.88,25.64,25.85,21743
20151006,25.89,26.1,25.89,26.1,858
20151007,26.1,26.33,26.08,26.3,12977
20151008,26.1,26.42,26.09,26.42,11072
20151009,26.39,26.46,26.35,26.42,12990
20151013,26.12,26.23,26.12,26.21,1900
20151014,26.28,26.35,26.28,26.34,2014
20151015,26.44,26.57,26.44,26.57,6616
20151016,26.37,26.37,26.29,26.34,14503
20151019,26.44,26.45,26.44,26.45,491
20151020,26.49,26.49,26.49,26.49,122
20151021,26.58,26.58,26.49,26.55,1012
20151022,26.42,26.71,26.39,26.64,45245
20151023,26.52,26.53,26.37,26.48,11135
20151026,26.48,26.48,26.39,26.45,4584
20151027,26.22,26.24,26,26.08,16354
20151028,26.29,26.46,26.06,26.16,15609
20151029,26.26,26.61,26.26,26.6,11432
20151030,26.71,26.9,26.71,26.79,25531
20151102,27.06,27.09,26.97,27.04,4921
20151103,27.11,27.26,26.93,27.26,8865
20151104,27.28,27.28,27.04,27.12,17579
20151105,27.12,27.15,27.11,27.15,3222
20151106,26.94,27.03,26.93,27.03,9216
20151109,26.98,26.98,26.66,26.84,5313
20151110,26.46,26.52,26.36,26.51,4766
20151111,26.72,26.91,26.72,26.76,15031
20151112,26.6,26.66,26.58,26.61,6832
20151113,26.38,26.38,26.12,26.24,19251
20151116,26.21,26.55,26.21,26.55,10622
20151117,26.71,26.71,26.55,26.55,9820
20151118,26.75,27.01,26.73,27,21822
20151119,27.01,27.08,26.92,26.98,10188
20151120,27.04,27.04,26.92,26.96,5288
20151123,26.96,26.96,26.82,26.95,2999
20151124,26.69,26.71,26.52,26.69,19924
20151125,26.78,26.86,26.78,26.79,3361
20151127,26.83,26.94,26.83,26.92,1641
20151130,27.04,27.09,26.96,26.96,14043
20151201,27.17,27.31,27.17,27.24,7526
20151202,27.23,27.29,27.12,27.13,8167
20151203,27.43,27.49,27.17,27.26,38389
20151204,27.18,27.54,27.17,27.46,15966
20151207,27.35,27.5,27.33,27.5,20510
20151208,27.03,27.03,26.82,26.91,17246
20151209,26.88,26.91,26.46,26.69,12716
20151210,26.94,27.02,26.89,26.89,13555
20151211,26.46,26.46,26.22,26.22,50396
20151214,26.28,26.37,26.08,26.35,23459
20151215,26.64,26.64,26.54,26.6,1806
20151216,26.78,27.22,26.73,27.16,8834
20151217,26.9,26.93,26.69,26.69,5580
20151218,26.5,26.54,26.28,26.31,12655
20151221,26.6,26.63,26.38,26.51,29552
20151222,26.64,26.67,26.59,26.67,3323
20151223,26.93,27.08,26.89,27.08,9357
20151224,27.22,27.23,27.01,27.13,7041
20151228,26.95,27.06,26.92,27.06,5433
20151229,27.21,27.26,27.21,27.25,1112
20151230,27.17,27.17,26.99,26.99,4768
20151231,26.76,26.9,26.62,26.62,16049
20160104,26.28,26.47,26.04,26.47,18734
20160105,26.15,26.16,25.93,26.04,18730
20160106,25.68,25.88,25.5,25.68,17103
20160107,25.54,25.75,25.49,25.57,19050
20160108,25.84,25.94,25.66,25.66,16935
20160111,26.07,26.15,25.82,25.94,12578
20160112,26.25,26.32,26.06,26.24,22998
20160113,26.34,26.49,25.83,25.83,14478
20160114,25.53,26.02,25.53,25.91,16200
20160115,25.03,25.28,24.95,24.95,21807
20160119,25.37,25.41,25.09,25.3,14032
20160120,24.81,24.99,24.44,24.85,57462
20160121,24.72,25,24.42,24.87,5379
20160122,25.34,25.58,25.34,25.57,19601
20160125,25.51,25.6,25.35,25.36,12243
20160126,25.66,25.97,25.66,25.97,5575
20160127,25.79,26.07,25.72,25.85,11796
20160128,26.07,26.1,25.73,25.81,10893
20160129,25.78,26.18,25.77,26.18,19884
20160201,25.46,25.53,25.31,25.5,21214
20160202,25.22,25.22,24.96,25.04,17374
20160203,25.06,25.35,24.93,25.31,17273
20160204,25.18,25.31,25.12,25.19,39857
20160205,25.32,25.32,24.91,24.97,19478
20160208,24.33,24.33,24.07,24.2,19260
20160209,23.88,24.17,23.86,24.05,13558
20160210,23.97,24.09,23.88,23.9,65933
20160211,23.75,23.75,23.4,23.66,15822
20160212,23.66,23.8,23.45,23.8,22883
20160216,23.98,24.24,23.98,24.21,10864
20160217,24.64,24.88,24.63,24.86,13962
20160218,25.09,25.09,24.97,25,11440
20160219,24.69,24.84,24.6,24.74,6364
20160222,25.05,25.23,25.05,25.23,2449
20160223,25.13,25.13,24.8,24.85,4433
20160224,24.35,24.78,24.32,24.78,13838
20160225,24.74,24.87,24.69,24.87,7379
20160226,24.86,24.86,24.62,24.7,7306
20160229,24.42,24.65,24.42,24.46,6903
20160301,24.97,25.12,24.84,25.01,3230
20160302,24.78,24.93,24.66,24.86,9375
20160303,24.87,25.17,24.87,25.11,11747
20160304,25.26,25.36,25.22,25.25,6883
20160307,25.22,25.37,25.17,25.34,5727
20160308,24.92,25.05,24.84,24.84,5435
20160309,25.01,25.04,24.91,24.95,4120
20160310,25.44,25.44,24.86,25.13,16185
20160311,25.4,25.63,25.4,25.62,3841
20160314,25.67,25.95,25.67,25.95,9010
20160315,25.8,25.8,25.57,25.66,164522
20160316,25.35,25.97,25.35,25.97,100143
20160317,25.98,26.3,25.89,26.25,102469
20160318,26.25,26.37,26.23,26.33,28769
20160321,26.25,26.31,26.25,26.27,7259
20160322,25.9,26.17,25.8,26.08,13431
20160323,25.96,25.96,25.7,25.77,25333
20160324,25.44,25.44,25.37,25.43,6786
20160328,25.4,25.53,25.4,25.49,11196
20160329,25.47,25.96,25.47,25.91,6585
20160330,26.16,26.51,26.16,26.42,7556
20160331,26.31,26.32,26.06,26.06,14815
20160401,25.63,25.81,25.6,25.81,28295
20160404,25.85,25.85,25.75,25.8,3393
20160405,25.61,25.61,25.41,25.48,4860
20160406,25.61,25.75,25.55,25.75,8732
20160407,25.52,25.52,25.11,25.22,14131
20160408,25.75,26.02,25.75,25.94,5326
20160411,26.06,26.06,25.98,25.98,3660
20160412,25.83,26.04,25.63,26.03,6163
20160413,26.21,26.33,26.21,26.31,2112
20160414,26.44,26.47,26.32,26.39,20201
20160415,26.51,26.53,26.33,26.33,5347
20160418,26.54,26.67,26.54,26.61,3807
20160419,27,27.18,27,27.13,5694
20160420,27,27.11,26.95,26.97,43893
20160421,26.79,26.79,26.46,26.51,19152
20160422,26.34,26.38,26.29,26.36,5842
20160425,26.1,26.1,25.87,25.92,4639
20160426,26.2,26.3,26.2,26.22,6434
20160427,26.26,26.32,26.13,26.29,16752
20160428,26.17,26.34,26.11,26.14,19456
20160429,26.29,26.32,26.21,26.24,3099
20160502,26.37,26.48,26.37,26.42,12360
20160503,26.2,26.23,26.06,26.08,13237
20160504,26,26,25.85,25.93,4162
20160505,25.84,25.91,25.67,25.75,63813
20160506,25.78,25.87,25.75,25.87,58742
20160509,25.89,25.89,25.77,25.77,3061
20160510,25.49,25.73,25.48,25.58,57155
20160511,25.62,25.71,25.52,25.58,79586
20160512,25.65,25.67,25.31,25.41,199605
20160513,25.26,25.34,25,25.03,58015
20160516,25.22,25.45,25.19,25.45,12996
20160517,25.4,25.47,25.22,25.25,138917
20160518,25.19,25.49,25.12,25.25,61048
20160519,25.01,25.09,24.96,25.08,10560
20160520,25.28,25.41,25.28,25.41,238413
20160523,25.31,25.4,25.29,25.35,116123
20160524,25.43,25.59,25.35,25.58,10011
20160525,25.78,25.93,25.78,25.89,8065
20160526,26.2,26.27,26.16,26.26,8818
20160527,26.2,26.24,26.15,26.2,13388
20160531,26.28,26.42,26.26,26.33,23432
20160601,26.15,26.36,26.15,26.36,17688
20160602,26.15,26.39,26.15,26.36,15701
20160603,26.5,26.73,26.5,26.69,11134
20160606,26.84,26.89,26.79,26.86,10315
20160607,26.99,27.08,26.99,27.05,6516
20160608,27.11,27.25,27.11,27.24,6379
20160609,26.93,26.93,26.76,26.88,9355
20160610,26.33,26.39,26.15,26.15,16268
20160613,25.85,26.06,25.74,25.8,16653
20160614,25.4,25.51,25.31,25.51,28312
20160615,25.55,25.76,25.52,25.58,46534
20160616,25.25,25.66,25.12,25.66,51913
20160617,25.77,26.02,25.68,25.91,15295
20160620,26.51,26.63,26.43,26.43,10464
20160621,26.36,26.73,26.33,26.65,12943
20160622,26.8,26.8,26.47,26.63,25803
20160623,27.05,27.32,26.97,27.29,14420
20160624,24.68,24.96,24.37,24.54,49213
20160627,24.26,24.31,24,24.3,29764
20160628,25,25.12,24.83,25.1,30226
20160629,25.49,25.7,25.49,25.68,20367
20160630,25.8,26.24,25.8,26.24,29442
20160701,25.92,26.59,25.92,26.53,29571
20160705,25.85,25.88,25.43,25.47,62217
20160706,25.34,25.54,25.08,25.48,45946
20160707,25.53,25.53,25.37,25.41,10716
20160708,25.92,25.99,25.82,25.99,20727
20160711,26.27,26.49,26.27,26.36,21773
20160712,26.64,26.81,26.6,26.67,23812
20160713,26.94,27.22,26.94,27.13,10929
20160714,27.23,27.29,27.19,27.19,29410
20160715,27.13,27.13,27.01,27.08,9060
20160718,27.11,27.11,26.98,26.98,11228
20160719,27.01,27.02,26.87,26.92,26126
20160720,27.06,27.17,27.05,27.16,5015
20160721,27.11,27.22,27.09,27.09,25629
20160722,27.27,27.32,27.21,27.21,5628
20160725,27.29,27.34,27.22,27.31,8134
20160726,27.52,27.52,27.4,27.48,7193
20160727,27.45,27.68,27.45,27.68,14471
20160728,27.63,27.64,27.54,27.57,2144
20160729,27.61,27.73,27.55,27.63,52667
20160801,27.47,27.58,27.32,27.32,4140
20160802,27.31,27.32,27.28,27.28,5596
20160803,27.05,27.25,27.03,27.25,49579
20160804,27.12,27.17,27.01,27.17,17267
20160805,27.19,27.27,27.19,27.2,16174
20160808,27.41,27.54,27.4,27.54,80385
20160809,27.65,27.98,27.65,27.93,13490
20160810,28.11,28.13,28.05,28.11,1878
20160811,28.19,28.34,28.19,28.34,7741
20160812,28.22,28.22,28.18,28.18,6112
20160815,28.47,28.47,28.33,28.41,17664
20160816,28.27,28.27,28.12,28.12,4831
20160817,27.98,28.09,27.9,28.07,5085
20160818,28.3,28.3,28.3,28.3,190
20160819,28.03,28.14,28.03,28.13,3749
20160822,27.98,28.09,27.97,28.09,2090
20160823,28.3,28.3,28.22,28.26,5129
20160824,28.25,28.25,28.16,28.19,5497
20160825,28.09,28.17,28.05,28.05,3078
20160826,28.35,28.38,27.93,28.06,4975
20160829,27.83,28.14,27.83,28.14,2510
20160830,28.17,28.17,28.05,28.07,3671
20160831,27.97,28.09,27.77,27.85,5337
20160901,28.13,28.18,28.01,28.18,5308
20160902,28.48,28.53,28.41,28.5,2592
20160906,28.6,28.73,28.58,28.66,10281
20160907,28.93,28.93,28.88,28.9,1272
20160908,28.94,28.95,28.81,28.85,3125
20160909,28.38,28.39,28.03,28.03,281733
20160912,27.88,28.17,27.88,28.17,3930
20160913,27.98,27.98,27.71,27.71,19080
20160914,27.57,27.79,27.57,27.67,63176
20160915,27.62,27.88,27.62,27.87,16930
20160916,27.5,27.65,27.5,27.64,19866
20160919,27.86,27.86,27.84,27.84,453
20160920,27.93,28,27.82,27.9,4146
20160921,28.12,28.31,28.02,28.31,9246
20160922,28.7,28.86,28.7,28.83,15204
20160923,28.75,28.79,28.7,28.7,2218
20160926,28.53,28.53,28.53,28.53,132
20160927,28.41,28.71,28.41,28.68,3421
20160928,28.74,28.9,28.58,28.89,6274
20160929,28.63,28.75,28.26,28.35,26208
20160930,28.67,28.84,28.58,28.81,7616
20161003,28.63,28.85,28.63,28.84,12757
20161004,28.8,28.82,28.7,28.71,3734
20161005,28.85,28.97,28.81,28.85,12584
20161006,28.47,28.61,28.47,28.54,8524
20161007,28.3,28.31,28.14,28.27,4868
20161010,28.54,28.59,28.5,28.54,7187
20161011,28.34,28.34,28.08,28.19,8783
20161012,27.97,27.97,27.76,27.79,9504
20161013,27.55,27.66,27.41,27.65,7408
20161014,27.73,27.73,27.56,27.64,2032
20161017,27.7,27.73,27.63,27.67,8633
20161018,27.78,27.96,27.78,27.94,944
20161019,27.88,27.91,27.83,27.91,7208
20161020,27.84,27.89,27.81,27.88,12123
20161021,27.55,27.63,27.55,27.63,6093
20161024,27.68,27.72,27.58,27.67,20288
20161025,27.64,27.71,27.64,27.66,1930
20161026,27.66,27.76,27.66,27.67,5452
20161027,27.3,27.3,27.09,27.09,10191
20161028,27.16,27.16,27.06,27.1,13292
20161031,27.01,27.01,26.91,27,8594
20161101,27.06,27.06,26.82,26.82,9758
20161102,26.67,26.82,26.6,26.64,20050
20161103,26.76,26.76,26.68,26.69,2993
20161104,26.41,26.47,26.41,26.43,1039
20161107,26.85,26.85,26.65,26.81,106003
20161108,26.63,26.83,26.62,26.74,9874
20161109,26.84,27.12,26.83,27.02,23637
20161110,27.24,27.25,26.99,27.18,226456
20161111,26.67,26.67,26.57,26.66,3705
20161114,26.28,26.28,25.81,25.96,15681
20161115,25.86,26.08,25.76,25.98,86252
20161116,25.79,25.84,25.7,25.74,6331
20161117,25.92,25.92,25.86,25.86,9559
20161118,25.85,25.93,25.76,25.92,42456
20161121,25.96,26.02,25.89,25.94,35648
20161122,26.16,26.18,26.11,26.14,6946
20161123,25.94,26.08,25.88,26.08,8232
20161125,26.35,26.48,26.35,26.48,2212
20161128,26.09,26.23,26.09,26.2,26242
20161129,26.18,26.31,26.18,26.3,3975
20161130,26.16,26.22,26.16,26.21,1714
20161201,26.24,26.32,26.19,26.26,23967
20161202,26.18,26.25,26.15,26.15,5354
20161205,26.63,26.85,26.59,26.85,12365
20161206,26.88,27.16,26.86,27.16,13184
20161207,27.32,27.62,27.29,27.56,20541
20161208,27.28,27.28,27.02,27.14,46611
20161209,27.02,27.11,26.96,27.05,302244
20161212,27.23,27.37,27.22,27.27,16993
20161213,27.42,27.59,27.42,27.56,9066
20161214,27.45,27.53,27.05,27.1,13946
20161215,26.97,27.03,26.92,27.03,33882
20161216,26.99,27.21,26.99,27.06,16113
20161219,27.26,27.26,27.06,27.06,14836
20161220,27.06,27.18,27.06,27.14,18302
20161221,27.38,27.41,27.25,27.33,100563
20161222,27.1,27.18,27.06,27.06,45345
20161223,27.4,27.53,27.4,27.5,14562
20161227,27.56,27.56,27.54,27.54,993
20161228,27.43,27.43,27.23,27.29,2168
20161229,27.44,27.48,27.44,27.46,2158
20161230,27.67,27.67,27.48,27.52,9861
20170103,27.57,27.66,27.49,27.63,16635
20170104,27.71,27.86,27.69,27.85,34715
20170105,27.81,28.09,27.79,28.08,40322
20170106,27.95,28.05,27.95,28.01,17664
20170109,27.76,27.86,27.71,27.74,37420
20170110,27.77,27.81,27.66,27.66,13473
20170111,27.39,27.71,27.39,27.7,9942
20170112,27.55,27.64,27.55,27.61,8144
20170113,27.76,27.81,27.74,27.81,13567
20170117,27.6,27.72,27.6,27.69,14336
20170118,27.66,27.66,27.59,27.64,3839
20170119,27.77,27.81,27.68,27.79,21758
20170120,28.07,28.13,28.04,28.13,9175
20170123,28.06,28.12,27.97,28.09,23097
20170124,28.22,28.38,28.22,28.33,9058
20170125,28.4,28.43,28.3,28.43,2505
20170126,28.23,28.26,28.17,28.21,11531
20170127,28.27,28.29,28.23,28.29,5152
20170130,27.86,28.01,27.85,28.01,13389
20170131,27.75,27.77,27.61,27.72,125617
20170201,27.83,27.91,27.71,27.87,36222
20170202,28.12,28.24,28.03,28.09,50983
20170203,27.94,28.01,27.9,27.96,15709
20170206,27.79,27.79,27.65,27.72,17637
20170207,27.79,27.79,27.72,27.79,22087
20170208,27.66,27.81,27.65,27.81,11622
20170209,27.91,27.91,27.8,27.81,13217
20170210,27.71,27.91,27.71,27.85,110697
20170213,27.96,28.02,27.96,27.99,42582
20170214,27.97,27.98,27.92,27.98,6887
20170215,28.07,28.12,28.05,28.12,4732
20170216,28.36,28.39,28.32,28.39,5783
20170217,28.13,28.19,28.08,28.19,7922
20170221,28.15,28.25,28.11,28.25,8514
20170222,28.06,28.19,27.94,28.18,7399
20170223,28.19,28.28,28.14,28.23,14699
20170224,27.9,27.97,27.89,27.94,15322
20170227,28.01,28.1,28.01,28.06,5020
20170228,28.05,28.09,27.96,27.98,4913
20170301,28.2,28.45,28.2,28.37,15448
20170302,28.27,28.33,28.26,28.26,5387
20170303,28.37,28.62,28.35,28.59,6981
20170306,28.54,28.54,28.43,28.49,2936
20170307,28.38,28.43,28.35,28.35,14277
20170308,28.29,28.36,28.23,28.23,28221
20170309,28.38,28.38,28.35,28.35,3480
20170310,28.58,28.73,28.58,28.73,7951
20170313,28.63,28.73,28.62,28.73,7352
20170314,28.54,28.64,28.53,28.6,3336
20170315,28.68,29.03,28.68,29.02,11101
20170316,29.17,29.35,29.17,29.35,12495
20170317,29.28,29.48,29.27,29.43,22725
20170320,29.47,29.56,29.47,29.47,4770
20170321,29.48,29.58,29.16,29.19,15472
20170322,29.04,29.19,29.04,29.19,4312
20170323,29.22,29.31,29.22,29.27,5411
20170324,29.28,29.41,29.28,29.33,9798
20170327,29.35,29.54,29.35,29.5,941
20170328,29.35,29.47,29.35,29.45,11693
20170329,29.13,29.35,29.13,29.35,16271
20170330,29.14,29.15,29.09,29.09,1808
20170331,29.22,29.36,29.13,29.25,4658
20170403,29.25,29.25,28.98,29.2,25921
20170404,29.22,29.31,29.09,29.31,4503
20170405,29.17,29.2,29.03,29.03,17869
20170406,29.24,29.24,29.16,29.2,2485
20170407,29.25,29.28,29.23,29.23,2994
20170410,29.31,29.32,29.25,29.29,18899
20170411,29.34,29.34,29.19,29.29,3308
20170412,29.43,29.51,29.4,29.49,4802
20170413,29.56,29.56,29.47,29.47,252
20170417,29.66,29.7,29.63,29.65,13202
20170418,29.53,29.55,29.34,29.55,8908
20170419,29.52,29.55,29.29,29.32,4204
20170420,29.9,29.92,29.82,29.85,14366
20170421,29.68,29.71,29.58,29.71,2528
20170424,30.59,30.77,30.59,30.75,17223
20170425,31.03,31.26,31.02,31.24,6228
20170426,31.17,31.24,31.12,31.16,24193
20170427,31.22,31.42,31.19,31.39,12875
20170428,31.38,31.42,31.29,31.37,16738
20170501,31.6,31.6,31.4,31.5,4177
20170502,31.64,31.9,31.64,31.9,5518
20170503,31.65,31.71,31.61,31.71,31511
20170504,31.88,32.2,31.88,32.19,19253
20170505,32.09,32.68,32.09,32.66,9083
20170508,32.03,32.2,32.03,32.2,898
20170509,32.16,32.16,32.1,32.1,3719
20170510,32.05,32.19,31.95,32.16,8278
20170511,32.11,32.11,31.91,32.1,12218
20170512,31.93,32.18,31.91,32.18,5550
20170515,32.37,32.46,32.35,32.46,7720
20170516,32.59,32.82,32.59,32.82,6172
20170517,32.5,32.54,32.11,32.19,34322
20170518,32.13,32.16,32.04,32.15,4855
20170519,32.62,32.8,32.62,32.8,12450
20170522,32.86,32.93,32.8,32.92,27192
20170523,33.65,33.65,33.26,33.26,20906
20170524,33.45,33.61,33.36,33.55,8231
20170525,33.55,33.69,33.45,33.51,21111
20170526,33.29,33.5,33.29,33.5,13186
20170530,33.31,33.31,33.23,33.31,2508
20170531,33.31,33.37,33.14,33.22,19854
20170601,33.49,33.8,33.49,33.8,6972
20170602,34.24,34.24,33.95,34.09,22309
20170605,34,34,33.82,33.91,5564
20170606,33.72,33.9,33.72,33.8,9760
20170607,34.23,34.23,33.92,34.03,14694
20170608,33.83,34.11,33.72,33.86,11288
20170609,33.9,33.96,33.69,33.75,13951
20170612,33.8,33.8,33.47,33.59,17339
20170613,33.86,34.08,33.86,34.01,11738
20170614,34.16,34.16,33.97,33.98,7506
20170615,33.47,33.55,33.29,33.47,7821
20170616,33.66,33.96,33.66,33.96,12176
20170619,34.33,34.33,34.18,34.22,15651
20170620,34.08,34.1,33.89,33.97,10485
20170621,33.69,33.86,33.69,33.83,6510
20170622,33.65,33.67,33.63,33.65,2998
20170623,33.65,33.8,33.65,33.76,5357
20170626,33.85,33.96,33.73,33.75,9141
20170627,33.59,33.75,33.57,33.7,18177
20170628,33.75,33.94,33.75,33.91,8642
20170629,33.58,33.62,33.24,33.42,26581
20170630,33.47,33.74,33.31,33.55,93045
20170703,33.55,33.67,33.54,33.63,4847
20170705,33.8,33.94,33.64,33.86,47125
20170706,33.5,33.88,33.5,33.78,57038
20170707,33.68,33.97,33.64,33.96,15198
20170710,33.87,34.23,33.87,34.12,27840
20170711,34.02,34.3,33.92,34.17,7172
20170712,34.45,34.54,34.42,34.45,5535
20170713,34.6,34.61,34.46,34.61,18994
20170714,34.58,34.82,34.56,34.82,3446
20170717,34.77,34.85,34.77,34.79,7937
20170718,34.76,34.76,34.65,34.75,6686
20170719,34.53,34.57,34.43,34.56,8359
20170720,34.59,34.73,34.59,34.73,3934
20170721,34.25,34.45,34.25,34.43,2459
20170724,34.14,34.19,34.09,34.19,11347
20170725,33.66,33.67,33.61,33.65,12109
20170726,33.86,34.17,33.84,34.07,12289
20170727,34.3,34.3,34,34.25,3970
20170728,34,34.19,34,34.19,4110
20170731,34.12,34.15,34,34.07,16684
20170801,34.42,34.42,34.3,34.31,7461
20170802,34.57,34.57,34.48,34.48,2614
20170803,34.58,34.61,34.5,34.56,30133
20170804,34.73,34.73,34.51,34.63,9625
20170807,34.65,34.7,34.51,34.64,21480
20170808,34.66,34.66,34.38,34.38,12771
20170809,34.11,34.34,33.93,34.34,9054
20170810,34.06,34.11,33.76,33.76,17530
20170811,33.86,33.88,33.73,33.86,4075
20170814,34.19,34.19,34.02,34.02,2649
20170815,34.03,34.03,33.8,33.99,6111
20170816,34.08,34.3,34.08,34.26,8623
20170817,34.11,34.16,33.86,33.91,4108
20170818,33.74,33.86,33.74,33.8,7332
20170821,33.91,34.07,33.74,33.87,7677
20170822,34,34.08,33.99,34,1402
20170823,34.2,34.23,34.12,34.23,1821
20170824,34.15,34.15,34,34,3207
20170825,34.18,34.42,34.18,34.39,8651
20170828,34.3,34.3,34.18,34.24,6704
20170829,33.94,34.12,33.92,34.07,1508
20170830,34.06,34.08,34,34.07,3865
20170831,34.24,34.3,34.09,34.25,3427
20170901,34.54,34.54,34.42,34.42,4715
20170905,34.75,34.75,33.88,34.01,6297
20170906,34.4,34.49,34.25,34.44,7145
20170907,34.63,34.79,34.63,34.79,8846
20170908,34.56,34.6,34.52,34.52,3099
20170911,34.77,34.85,34.75,34.75,1464
20170912,34.91,35.06,34.91,34.97,4059
20170913,34.77,34.79,34.55,34.66,3449
20170914,34.48,34.6,34.42,34.6,2460
20170915,34.86,34.86,34.71,34.74,17218
20170918,35.06,35.1,34.92,34.93,4064
20170919,35.06,35.12,34.98,35.1,3137
20170920,35.16,35.17,34.84,34.98,2617
20170921,34.86,34.9,34.82,34.82,1632
20170922,34.71,34.8,34.71,34.75,3333
20170925,34.51,34.57,34.32,34.39,5148
20170926,34.35,34.35,34.22,34.31,3111
20170927,34.11,34.23,34.07,34.23,4990
20170928,34.46,34.63,34.46,34.61,5160
20170929,34.68,34.89,34.62,34.85,13931
20171002,34.61,34.73,34.53,34.68,43112
20171003,34.84,34.93,34.82,34.82,4834
20171004,34.87,34.95,34.77,34.82,35666
20171005,34.77,34.85,34.75,34.77,18944
20171006,34.71,34.81,34.64,34.81,19002
20171009,34.91,35,34.91,34.97,23077
20171010,35.05,35.22,34.99,35.22,2952
20171011,35.21,35.21,35.06,35.21,27924
20171012,35.14,35.15,35.1,35.1,5143
20171013,35.31,35.31,35.1,35.1,8463
20171016,35.12,35.16,35.09,35.12,5838
20171017,34.97,35.02,34.94,35.01,2034
20171018,35.1,35.13,35,35.09,3943
20171019,35.2,35.2,35.13,35.19,6633
20171020,35.36,35.47,35.32,35.34,25956
20171023,35.5,35.53,35.47,35.5,3195
20171024,35.53,35.64,35.52,35.61,2341
20171025,35.57,35.63,35.43,35.59,8794
20171026,34.17,34.23,33.99,34.01,10446
20171027,34.28,34.29,34.14,34.2,9745
20171030,34.1,34.1,33.96,33.99,8251
20171031,34.07,34.07,33.84,33.87,8113
20171101,34.17,34.18,34.04,34.04,3660
20171102,34.33,34.5,34.16,34.43,197654
20171103,34.23,34.32,34.05,34.3,45579
20171106,34.23,34.43,34.23,34.42,22243
20171107,34.1,34.1,33.85,34.05,12315
20171108,33.86,34.17,33.84,34.12,8087
20171109,33.6,33.68,33.43,33.58,21986
20171110,33.62,33.68,33.49,33.57,33402
20171113,33.33,33.44,33.31,33.44,8011
20171114,33.41,33.59,33.41,33.59,5304
20171115,33.38,33.52,33.38,33.5,6123
20171116,33.75,33.91,33.71,33.8,10411
20171117,33.65,33.75,33.59,33.67,11284
20171120,33.84,33.84,33.71,33.72,28085
20171121,33.86,33.91,33.8,33.8,5219
20171122,33.96,33.99,33.74,33.86,12850
20171124,34.12,34.18,34.07,34.08,15184
20171127,33.84,33.89,33.72,33.74,8838
20171128,33.66,33.87,33.66,33.83,14141
20171129,33.84,33.85,33.71,33.73,26774
20171130,33.75,33.9,33.68,33.86,16949
20171201,33.69,33.69,33.33,33.62,32335
20171204,33.41,33.46,33.35,33.35,6446
20171205,33.3,33.35,33.15,33.17,19690
20171206,32.93,33.27,32.93,33.23,11844
20171207,33.12,33.17,33.04,33.04,10608
20171208,33.22,33.22,33.09,33.18,10436
20171211,33.23,33.28,33.12,33.25,232605
20171212,33.11,33.12,33.02,33.09,6551
20171213,33.23,33.48,33.21,33.47,21507
20171214,33.4,33.43,33.1,33.1,35679
20171215,33.18,33.25,33.13,33.23,11221
20171218,33.68,33.75,33.65,33.68,7786
20171219,33.74,33.84,33.67,33.74,12089
20171220,33.69,33.73,33.64,33.66,6449
20171221,33.77,33.88,33.77,33.86,6940
20171222,33.82,33.88,33.76,33.88,9092
20171226,33.99,34.01,33.82,33.87,19348
20171227,33.83,33.98,33.83,33.96,23868
20171228,34.08,34.08,33.98,34.03,19970
20171229,34.07,34.14,34.04,34.07,4218
20180102,34.33,34.39,34.28,34.37,19619
20180103,34.56,34.6,34.53,34.55,1848
20180104,34.93,35,34.93,34.94,3360
20180105,34.99,35.12,34.96,35.12,3169
20180108,34.98,35.01,34.95,34.97,2092
20180109,35.02,35.15,35.02,35.15,2055
20180110,34.96,34.97,34.93,34.97,2785
20180111,35.06,35.1,35.05,35.06,3091
20180112,35.25,35.61,35.25,35.59,4157
20180116,35.69,35.7,35.61,35.66,10449
20180117,35.67,35.87,35.63,35.77,51417
20180118,35.74,35.88,35.74,35.86,8010
20180119,36.05,36.17,36.05,36.16,2186
20180122,36.4,36.48,36.29,36.39,7280
20180123,36.36,36.49,36.36,36.46,1401
20180124,36.47,36.52,36.38,36.51,14739
20180125,36.46,36.46,36.03,36.06,7681
20180126,36.35,36.44,36.29,36.38,8905
20180129,36.36,36.38,36.21,36.29,8022
20180130,36.36,36.37,36.09,36.19,11016
20180131,36.12,36.21,36.08,36.08,117699
20180201,36.83,37.51,36.83,37.42,10275
20180202,37.16,37.16,36.62,36.62,9649
20180205,36.48,36.61,35.39,35.6,39512
20180206,34.93,36.21,34.93,36.09,55978
20180207,36.13,36.34,35.87,35.89,12423
20180208,35.69,35.69,34.85,34.85,33498
20180209,35.06,35.25,34.28,35.12,12387
20180212,35.4,35.7,35.4,35.53,7931
20180213,35.58,35.58,35.58,35.58,273
20180214,36.12,36.47,36.12,36.41,1504
20180215,36.83,36.97,36.76,36.84,1959
20180216,37.03,37.31,37.03,37.31,2256
20180220,37.07,37.2,36.94,36.95,8825
20180221,37.16,37.37,36.78,36.81,34864
20180222,36.96,37,36.74,36.87,10908
20180223,36.98,37.15,36.98,37.15,1634
20180226,37.22,37.5,37.2,37.5,14186
20180227,37.22,37.22,36.9,37.04,8067
20180228,36.92,36.92,36.56,36.57,5916
20180301,36.39,36.39,36.04,36.23,9642
20180302,35.83,36.1,35.83,36.1,6398
20180305,36.08,36.4,36.08,36.29,5404
20180306,36.62,36.67,36.57,36.65,1154
20180307,36.62,36.95,36.62,36.87,4056
20180308,37.11,37.11,36.95,36.98,3339
20180309,37.16,37.19,37.16,37.19,2183
20180312,37.04,37.19,36.98,37.17,12278
20180313,37.03,37.03,36.81,36.81,4245
20180314,37.02,37.02,36.67,36.81,1862
20180315,36.97,36.97,36.78,36.8,76265
20180316,36.81,36.84,36.58,36.66,2234
20180319,36.7,36.7,36.51,36.61,4181
20180320,36.58,36.58,36.49,36.56,807
20180321,36.64,36.72,36.53,36.71,2660
20180322,36.29,36.29,35.98,35.98,1188
20180323,36.03,36.13,35.72,35.72,2186
20180326,36.25,36.34,35.93,36.34,4371
20180327,36.28,36.37,35.92,35.95,8052
20180328,35.97,36.24,35.92,36.01,10533
20180329,36.3,36.46,36.16,36.27,22052
20180402,36.36,36.36,35.69,35.87,49435
20180403,35.87,36.05,35.79,35.99,9086
20180404,35.46,35.86,35.46,35.82,7238
20180405,36.14,36.2,36.05,36.05,2273
20180406,36.21,36.21,35.77,35.84,9733
20180409,36.21,36.44,36.08,36.2,21247
20180410,36.49,36.57,36.4,36.42,9413
20180411,36.34,36.45,36.22,36.22,16457
20180412,36.73,36.77,36.47,36.68,9283
20180413,36.71,36.92,36.69,36.81,4095
20180416,36.79,37.15,36.77,37.01,11114
20180417,37.06,37.41,37.06,37.36,10023
20180418,37.4,37.59,37.39,37.53,11794
20180419,37.79,37.79,37.49,37.77,11077
20180420,37.8,37.8,37.51,37.62,11827
20180423,37.54,37.63,37.39,37.51,13504
20180424,37.23,37.3,36.99,37.16,19108
20180425,37,37.3,36.99,37.24,18600
20180426,37.41,37.62,37.35,37.48,5246
20180427,37.54,37.8,37.42,37.65,6175
20180430,37.57,37.74,37.57,37.7,26170
20180501,37.67,37.67,37.36,37.49,4257
20180502,37.51,37.51,37.07,37.07,9695
20180503,37.05,37.23,36.72,37.11,13563
20180504,37.17,37.53,37.12,37.31,11428
20180507,37.53,37.6,37.38,37.41,11423
20180508,37.55,37.81,37.55,37.65,33226
20180509,37.55,37.74,37.49,37.74,3138
20180510,37.8,38.02,37.75,37.85,7758
20180511,38.01,38.35,38.01,38.24,19014
20180514,38.05,38.19,38.02,38.02,5775
20180515,37.74,38.03,37.67,37.84,7349
20180516,37.79,38.04,37.78,37.93,3956
20180517,37.87,38.05,37.86,37.89,5876
20180518,37.86,38.09,37.76,37.86,6568
20180521,38.08,38.28,38.08,38.28,999
20180522,38.3,38.39,38.27,38.28,5709
20180523,37.64,37.75,37.46,37.74,10079
20180524,37.73,37.74,37.5,37.7,7320
20180525,37.12,37.29,37.12,37.29,132489
20180529,36.62,36.62,36.19,36.29,18974
20180530,36.81,37.16,36.59,36.93,16950
20180531,37,37.32,37,37.19,10596
20180601,37.49,37.54,37.36,37.45,11372
20180604,37.91,37.91,37.67,37.72,45328
20180605,37.76,37.76,37.5,37.67,16078
20180606,37.93,38.11,37.93,38.05,8480
20180607,38.18,38.18,37.74,37.78,13888
20180608,38.05,38.46,37.82,37.94,53695
20180611,38.05,38.24,37.99,38.15,12892
20180612,38,38.03,37.68,37.77,21824
20180613,37.9,38.04,37.87,37.91,3961
20180614,37.65,37.88,37.59,37.59,19377
20180615,37.41,37.71,37.21,37.57,30699
20180618,36.97,37.35,36.95,37.29,7083
20180619,36.63,36.88,36.39,36.87,11812
20180620,36.63,36.99,36.58,36.92,21020
20180621,36.53,36.69,36.45,36.6,7610
20180622,36.73,37,36.45,36.65,15773
20180625,36.55,36.55,36.2,36.27,14412
20180626,36.18,36.4,36.17,36.3,7997
20180627,36.35,36.44,35.78,35.86,37324
20180628,35.8,36.03,35.75,35.9,56890
20180629,36.36,36.62,36.3,36.41,10584
20180702,35.86,36.05,35.78,36,41581
20180703,36.14,36.14,36,36.12,2852
20180705,36.21,36.3,36.14,36.19,3812
20180706,36.55,36.55,36.54,36.54,779
20180709,36.99,37.01,36.87,36.97,4807
20180710,37.19,37.49,37.19,37.48,29174
20180711,36.86,36.88,36.61,36.76,8617
20180712,36.71,36.84,36.71,36.77,5472
20180713,36.47,36.62,36.47,36.56,1355
20180716,36.76,36.76,36.66,36.71,39318
20180717,37.11,37.18,37.05,37.12,29282
20180718,37.27,37.48,37.27,37.33,6325
20180719,36.99,37.18,36.86,37.04,28597
20180720,36.75,36.87,36.73,36.77,16607
20180723,36.7,36.78,36.58,36.78,6947
20180724,37.19,37.19,36.83,36.88,13275
20180725,37.02,37.41,36.84,37.41,11492
20180726,36.72,36.87,36.56,36.56,16304
20180727,36.78,36.86,36.56,36.59,14623
20180730,36.9,36.97,36.69,36.8,37401
20180731,36.88,36.88,36.54,36.57,19131
20180801,36.68,36.82,36.67,36.8,7613
20180802,36.29,36.41,36.29,36.35,8038
20180803,36.31,36.39,36.31,36.34,3457
20180806,36.17,36.27,36.17,36.24,2184
20180807,36.63,36.63,36.54,36.54,2735
20180808,36.59,36.66,36.51,36.65,8251
20180809,36.5,36.5,36.5,36.5,185
20180810,35.71,35.73,35.5,35.51,6253
20180813,35.45,35.53,35.25,35.25,8903
20180814,35.25,35.27,35.05,35.12,4565
20180815,34.78,34.78,34.49,34.64,7336
20180816,35.06,35.09,35.05,35.05,541
20180817,35.1,35.3,35.1,35.27,4345
20180820,35.7,35.75,35.68,35.69,11424
20180821,36.14,36.25,36.14,36.25,682
20180822,36.54,36.59,36.54,36.55,6391
20180823,36.65,36.65,36.36,36.4,5475
20180824,36.74,36.74,36.65,36.66,2955
20180827,37.11,37.4,37.11,37.35,2647
20180828,37.81,37.86,37.71,37.72,3372
20180829,37.8,37.85,37.76,37.83,5180
20180830,37.54,37.54,37.46,37.48,2048
20180831,37.16,37.16,37.04,37.09,3114
20180904,36.64,36.64,36.34,36.55,7734
20180905,36.47,36.47,36.24,36.27,98479
20180906,36.02,36.02,35.79,35.97,2925
20180907,35.43,35.8,35.41,35.6,4605
20180910,36.07,36.07,35.97,36,943
20180911,35.87,35.87,35.87,35.87,857
20180912,35.89,36.08,35.89,36.06,76864
20180913,36.57,36.58,36.18,36.3,28969
20180914,36.62,36.62,36.4,36.4,930
20180917,36.74,36.74,36.5,36.53,4137
20180918,36.89,36.89,36.8,36.88,5809
20180919,36.75,37.03,36.75,36.85,5228
20180920,37.28,37.28,37.19,37.28,3354
20180921,37.54,37.54,37.48,37.49,4075
20180924,37.51,37.51,37.5,37.5,347
20180925,37.5,37.5,37.5,37.5,11
20180926,37.09,37.39,37.09,37.25,1913
20180927,37.56,37.56,37.42,37.42,571
20180928,37.01,37.04,36.99,37.01,3742
20181001,36.8,36.85,36.66,36.66,8669
20181002,36.27,36.32,36.27,36.31,24282
20181003,36.47,36.47,36.31,36.32,8529
20181004,36.18,36.18,35.8,35.87,5203
20181005,35.81,35.81,35.54,35.61,3165
20181008,35.06,35.19,35.02,35.19,1523
20181009,34.83,35.14,34.83,35.04,6978
20181010,34.89,34.89,34.23,34.23,13697
20181011,34.09,34.31,33.75,33.88,7446
20181012,34.17,34.26,33.82,34.26,3021
20181015,34.07,34.23,34.02,34.04,2825
20181016,34.87,34.97,34.75,34.97,4684
20181017,34.52,34.52,34.52,34.52,582
20181018,34.17,34.17,34.17,34.17,133
20181019,33.89,34.02,33.89,33.94,38677
20181022,33.75,33.75,33.58,33.6,2272
20181023,32.72,33.07,32.54,32.99,28147
20181024,32.83,32.83,32.18,32.18,10483
20181025,32.64,32.67,32.57,32.67,7263
20181026,32.96,33.42,32.96,33.24,11405
20181029,33.11,33.11,32.72,32.8,8905
20181030,32.9,32.94,32.88,32.88,907
20181031,33.58,33.58,33.24,33.24,11003
20181101,33.73,33.73,33.49,33.59,127392
20181102,34.23,34.23,33.99,34.11,4060
20181105,34.19,34.19,34.07,34.14,4684
20181106,34.18,34.19,33.93,34.1,10890
20181107,34.5,34.69,34.44,34.56,9107
20181108,34.55,34.55,34.11,34.11,3253
20181109,33.99,33.99,33.68,33.8,3260
20181112,33.6,33.6,33.3,33.3,1823
20181113,33.42,33.63,33.37,33.4,3884
20181114,33.71,33.71,33.28,33.57,2739
20181115,33.07,33.33,32.96,33.32,2707
20181116,33.43,33.65,33.43,33.65,1514
20181119,33.65,33.65,33.65,33.65,11
20181120,32.71,32.74,32.35,32.38,8578
20181121,32.72,32.85,32.59,32.76,10514
20181123,32.16,32.34,32.16,32.34,2845
20181126,32.44,32.54,32.34,32.48,13623
20181127,31.96,32.11,31.89,32.11,9624
20181128,31.84,32.41,31.83,32.41,3810
20181129,32.34,32.52,32.27,32.36,12594
20181130,31.94,31.99,31.94,31.99,1112
20181203,32.86,32.92,32.64,32.76,4218
20181204,32.19,32.19,31.68,31.68,1132
20181206,31.78,31.81,30.99,31.81,82858
20181207,31.84,32.1,31.48,31.56,17243
20181210,31.36,31.48,31.34,31.43,4414
20181211,31.4,31.69,31.4,31.69,9173
20181212,32.47,32.75,32.47,32.59,5447
20181213,32.39,32.49,32.28,32.4,4497
20181214,32,32.26,32,32.07,5429
20181217,32.07,32.09,31.71,31.74,11825
20181218,32.06,32.06,31.81,31.92,9153
20181219,32.42,32.54,31.76,31.9,6879
20181220,31.84,32.04,31.55,31.58,18544
20181221,31.45,31.46,30.81,30.81,12605
20181224,31.22,31.22,30.49,30.6,7407
20181226,30.47,31.08,30.47,31.08,6757
20181227,30.93,31.32,30.93,31.32,16844
20181228,31.49,31.64,31.39,31.54,4547
20181231,32.05,32.05,31.57,31.73,1908
20190102,31.62,31.63,31.55,31.6,3197
20190103,31.58,31.58,31.29,31.38,27406
20190104,32,32.51,32,32.47,15606
20190107,32.58,32.85,32.58,32.74,3783
20190108,33.17,33.25,33.17,33.23,1251
20190109,33.64,33.81,33.64,33.75,3374
20190110,33.63,33.65,33.53,33.65,1205
20190111,33.43,33.48,33.33,33.33,26131
20190114,33.3,33.31,33.23,33.29,730
20190115,33.2,33.27,33.17,33.27,3536
20190116,33.58,33.58,33.41,33.42,4282
20190117,33.59,33.72,33.59,33.66,531
20190118,33.91,33.91,33.91,33.91,459
20190122,33.81,33.82,33.65,33.82,2772
20190123,33.91,33.98,33.77,33.82,1781
20190124,33.83,33.87,33.83,33.87,683
20190125,34.32,34.72,34.32,34.68,1210
20190128,34.33,34.34,34.33,34.33,931
20190129,34.46,34.62,34.46,34.58,4060
20190130,34.29,34.84,34.29,34.6,6369
20190131,33.95,34.19,33.95,34.01,4464
20190201,34.14,34.14,34.14,34.14,225
20190204,34.01,34.09,34.01,34.09,2035
20190205,34.44,34.54,34.42,34.42,4126
20190206,34.74,34.84,34.46,34.51,17759
20190207,34.44,34.44,34.18,34.22,1579
20190208,34.27,34.27,34.14,34.18,7281
20190211,34.28,34.28,34.26,34.26,325
20190212,34.25,34.25,34.09,34.14,2251
20190213,34.43,34.43,34.21,34.33,1345
20190214,34.45,34.46,34.29,34.41,3269
20190215,34.39,34.46,34.31,34.39,1892
20190219,34.49,34.68,34.39,34.58,111000
20190220,34.65,34.8,34.44,34.7,66498
20190221,34.32,34.48,34.32,34.48,2464
20190222,34.43,34.53,34.43,34.48,1411
20190225,34.76,34.77,34.66,34.66,1789
20190226,35.1,35.1,34.95,34.95,26088
20190227,35.02,35.03,34.87,35.03,82900
20190228,34.74,34.8,34.61,34.67,8280
20190301,35.3,35.42,35.29,35.36,4131
20190304,35.46,35.46,35.25,35.27,2073
20190305,35.04,35.18,35.04,35.18,1219
20190306,34.88,34.94,34.75,34.92,7194
20190307,34.44,34.44,34.15,34.15,2666
20190308,33.97,34.36,33.97,34.25,2102
20190311,34.49,34.77,34.48,34.77,1809
20190312,34.83,34.95,34.83,34.95,321
20190313,34.91,35.05,34.82,35.05,3098
20190314,35.46,35.46,35.46,35.46,123
20190315,35.8,35.8,35.8,35.8,11
20190318,36.06,36.06,35.91,35.91,1579
20190319,36.38,36.39,36.21,36.21,7561
20190320,36.01,36.21,35.85,36.18,6251
20190321,35.96,36,35.9,35.96,1600
20190322,35.25,35.25,34.77,34.8,578
20190325,34.75,34.75,34.55,34.61,11568
20190326,34.58,34.59,34.55,34.55,2029
20190327,34.63,34.71,34.4,34.71,182718
20190328,34.48,34.48,34.12,34.21,34000
20190329,34.47,34.54,34.39,34.54,27278
20190401,35.17,35.26,35.02,35.09,150207
20190402,35.52,35.62,35.43,35.62,2130
20190403,36.09,36.21,36.03,36.15,23615
20190404,36.03,36.13,36,36.11,10386
20190405,36.25,36.34,36.23,36.34,22950
20190408,36.25,36.29,36.15,36.24,10054
20190409,36.07,36.07,36.07,36.07,235
20190410,36.07,36.25,36.05,36.18,23471
20190411,36.18,36.26,36.07,36.14,140086
20190412,36.39,36.52,36.39,36.52,22482
20190415,36.21,36.28,35.99,36.09,6294
20190416,35.99,35.99,35.89,35.98,2815
20190417,36.11,36.11,35.84,35.96,3945
20190418,35.99,36.03,35.88,36.01,2176
20190422,36.04,36.13,35.92,35.96,6790
20190423,35.83,35.96,35.77,35.96,1438
20190424,35.72,35.72,35.65,35.65,1723
20190425,35.24,35.27,35.2,35.27,1665
20190426,35.18,35.21,35.11,35.21,32752
20190429,35.04,35.15,35.04,35.15,2569
20190430,34.8,34.99,34.69,34.88,7648
20190501,34.93,34.94,34.71,34.87,120525
20190502,34.31,34.31,34.31,34.31,123
20190503,34.39,34.53,34.39,34.53,3481
20190506,33.84,34.14,33.8,34.12,5053
20190507,33.78,33.78,33.54,33.54,2239
20190508,33.41,33.56,33.41,33.54,10031
20190509,33.16,33.37,33.16,33.35,2050
20190510,33.41,33.69,33.32,33.69,6463
20190513,32.76,32.86,32.66,32.82,119605
20190514,32.86,33.05,32.78,33.05,882
20190515,32.82,33.03,32.82,33.03,920
20190516,33.33,33.7,33.33,33.7,1663
20190517,33.41,33.73,33.41,33.56,2573
20190520,33.47,33.56,33.36,33.55,3412
20190521,33.71,33.89,33.71,33.79,1915
20190522,33.9,33.94,33.84,33.85,3849
20190523,33.45,33.45,33.03,33.04,2197
20190524,33.58,33.58,33.38,33.56,1798
20190528,33.25,33.34,33.12,33.12,12233
20190529,32.57,32.75,32.57,32.75,879
20190530,32.57,32.92,32.46,32.83,23668
20190531,32.46,32.73,32.44,32.73,10320
20190603,32.58,32.79,32.58,32.77,1072
20190604,33.19,33.19,33.13,33.13,2060
20190605,33.2,33.2,32.96,33.04,2184
20190606,33.18,33.18,33.02,33.13,2998
20190607,33.62,33.73,33.56,33.65,5014
20190610,33.83,33.83,33.72,33.72,1919
20190611,34.43,34.52,34.4,34.4,2915
20190612,34.14,34.14,34.14,34.14,11
20190613,34.34,34.39,34.08,34.2,185746
20190614,34.01,34.01,33.68,33.72,4927
20190617,34.01,34.01,33.61,33.68,9990
20190618,33.98,34.23,33.98,34.18,6777
20190619,34.34,34.49,34.28,34.48,4310
20190620,34.7,34.7,34.67,34.69,1109
20190621,34.6,34.72,34.56,34.72,9046
20190624,34.59,34.61,34.53,34.6,10968
20190625,34.65,34.65,34.53,34.57,3799
20190626,34.87,34.95,34.87,34.88,764
20190627,34.74,34.8,34.73,34.79,3569
20190628,34.83,34.96,34.72,34.96,16224
20190701,35.27,35.38,35,35.05,94068
20190702,35.05,35.1,34.89,35.1,6905
20190703,35.19,35.25,35.16,35.25,1248
20190705,34.97,35.09,34.84,35.06,4141
20190708,34.83,34.84,34.7,34.72,13732
20190709,34.35,34.46,34.35,34.41,9045
20190710,34.6,34.61,34.57,34.61,3137
20190711,34.5,34.51,34.36,34.36,896
20190712,34.49,34.58,34.42,34.57,2794
20190715,34.7,34.74,34.7,34.74,1024
20190716,34.71,34.8,34.61,34.61,394
20190717,34.43,34.56,34.34,34.48,5587
20190718,34.18,34.18,33.92,34.17,709
20190719,34.17,34.17,34.13,34.13,2184
20190722,34.14,34.21,34.14,34.21,1195
20190723,34.57,34.57,34.57,34.57,549
20190724,34.46,34.46,34.46,34.46,1463
20190725,34.6,34.84,34.59,34.83,17727
20190726,34.53,34.7,34.47,34.67,82295
20190729,34.63,34.63,34.55,34.56,1160
20190730,34.12,34.24,34.01,34.01,2268
20190731,34.33,34.34,33.66,33.9,15551
20190801,33.85,33.92,33.53,33.57,7808
20190802,33.78,33.78,33.5,33.65,1112
20190805,33.34,33.34,33.28,33.28,2378
20190806,33.64,33.76,33.46,33.7,12456
20190807,33.36,33.65,33.23,33.62,7037
20190808,33.87,34.02,33.83,33.83,6857
20190809,34.04,34.13,33.91,34.13,2157
20190812,33.77,33.77,33.52,33.52,5503
20190813,33.32,33.82,33.32,33.81,1017
20190814,33.14,33.14,32.77,32.77,4040
20190815,32.64,32.64,32.54,32.61,2821
20190816,32.8,33.25,32.72,33.25,1013
20190819,33.49,33.65,33.49,33.65,599
20190820,33.14,33.19,33.08,33.08,1595
20190821,33.48,33.51,33.48,33.51,523
20190822,33.3,33.44,33.3,33.38,2125
20190823,33.17,33.24,32.87,32.87,444
20190826,33.04,33.04,33.04,33.04,549
20190827,32.98,32.98,32.81,32.92,2259
20190828,32.43,32.46,32.43,32.46,272
20190829,33.1,33.1,32.92,32.92,3187
20190830,33.21,33.25,33.07,33.07,25593
20190903,32.81,32.81,32.72,32.72,13441
20190904,33.33,33.49,33.32,33.49,1324
20190905,33.8,33.84,33.8,33.84,1202
20190906,34.03,34.03,33.97,33.97,5497
20190909,34.18,34.19,34.14,34.17,3666
20190910,34.17,34.32,34.17,34.28,7130
20190911,34.16,34.24,34.12,34.24,3507
20190912,34.46,34.87,34.46,34.84,2693
20190913,34.82,34.82,34.81,34.81,1583
20190916,34.77,34.77,34.7,34.7,578
20190917,34.79,34.79,34.79,34.79,11
20190918,34.45,34.46,34.26,34.43,9331
20190919,34.73,34.73,34.52,34.52,2123
20190920,34.31,34.54,34.25,34.37,6195
20190923,34.05,34.05,33.77,33.77,596
20190924,33.91,34.15,33.65,33.69,4285
20190925,33.32,33.49,33.32,33.48,5875
20190926,33.5,33.53,33.46,33.5,11892
20190927,33.66,34.01,33.66,33.78,3641
20190930,33.99,34.05,33.9,33.91,3976
20191001,33.57,33.62,33.48,33.58,14853
20191002,33.11,33.12,32.85,32.97,3155
20191003,32.74,32.85,32.54,32.76,9704
20191004,32.99,33.08,32.99,33.08,3983
20191007,33.24,33.32,33.24,33.25,3776
20191008,33.07,33.2,33.02,33.02,2961
20191009,33.35,33.4,33.28,33.4,2531
20191010,33.7,33.7,33.56,33.6,6012
20191011,34.32,34.52,34.21,34.25,8712
20191014,34.1,34.1,34.01,34.09,9263
20191015,34.17,34.29,34.17,34.29,771
20191016,34.53,34.53,34.51,34.51,1925
20191017,35.19,35.19,34.68,34.7,65797
20191018,34.96,35.05,34.91,35.05,23681
20191021,35.38,35.38,35.24,35.24,980
20191022,35.28,35.28,35.07,35.12,6142
20191023,35.36,35.4,35.31,35.35,14223
20191024,34.53,34.76,34.37,34.37,7927
20191025,34.45,34.45,34.29,34.4,3064
20191028,34.48,34.54,34.48,34.54,783
20191029,34.33,34.56,34.33,34.55,2628
20191030,34.49,34.49,34.49,34.49,255
20191031,34.62,34.78,34.41,34.42,1733
20191101,34.65,34.91,34.65,34.91,6429
20191104,35.15,35.15,35.15,35.15,490
20191105,35.02,35.1,34.97,35.1,5300
20191106,34.97,34.97,34.79,34.81,2916
20191107,35.08,35.08,34.96,34.96,3290
20191108,34.85,34.89,34.85,34.89,549
20191111,34.85,34.85,34.85,34.85,504
20191112,34.96,34.96,34.96,34.96,284
20191113,34.69,34.84,34.66,34.66,76104
20191114,34.44,34.6,34.29,34.33,980
20191115,34.55,34.76,34.55,34.69,4830
20191118,34.65,34.95,34.63,34.75,9192
20191119,34.77,34.77,34.5,34.5,1864
20191120,34.37,34.37,34.37,34.37,273
20191121,34.31,34.31,34.19,34.19,13881
20191122,34.24,34.24,34.24,34.24,11
20191125,34.45,34.45,34.37,34.45,6269
20191126,34.42,34.44,34.3,34.39,2611
20191127,34.4,34.4,34.4,34.4,119
20191129,34.21,34.21,34.1,34.19,699
20191202,34.26,34.26,34.04,34.14,3953
20191203,34.01,34.07,33.92,34.07,1413
20191204,34.27,34.35,34.27,34.35,811
20191205,34.38,34.38,34.22,34.31,2847
20191206,34.52,34.62,34.3,34.34,4809
20191209,34.33,34.33,34.26,34.28,3750
20191210,34.28,34.4,34.28,34.34,1504
20191211,34.44,34.45,34.33,34.45,5044
20191212,34.59,34.74,34.48,34.72,10192
20191213,34.91,34.91,34.79,34.9,6372
20191216,35.12,35.21,35.1,35.1,1232
20191217,35.47,35.47,35.3,35.3,1714
20191218,35.21,35.24,35.21,35.24,390
20191219,35.39,35.48,35.39,35.47,5937
20191220,35.53,35.54,35.53,35.53,2019
20191223,35.57,35.62,35.57,35.62,1166
20191224,35.74,35.74,35.34,35.6,3531
20191226,35.72,35.8,35.72,35.8,2611
20191227,35.9,35.95,35.89,35.95,2083
20191230,35.82,35.89,35.79,35.8,4652
20191231,35.77,35.92,35.77,35.92,3490
20200102,36.37,36.37,36.3,36.3,809
20200103,35.99,35.99,35.99,35.99,138
20200106,36.3,36.37,36.3,36.33,17507
20200107,35.93,36.1,35.93,35.96,2195
20200108,35.95,36.07,35.84,35.99,2950
20200109,35.9,35.9,35.9,35.9,11
20200110,35.93,36.17,35.93,36.04,1702
20200113,36.28,36.42,36.19,36.42,4557
20200114,36.2,36.48,36.2,36.29,3260
20200115,36.53,36.53,36.53,36.53,285
20200116,36.74,36.82,36.74,36.79,2032
20200117,37.1,37.1,36.91,37,2433
20200121,36.88,36.93,36.84,36.84,2519
20200122,36.76,36.76,36.73,36.73,335
20200123,36.56,36.61,36.49,36.61,1146
20200124,36.48,36.48,36.23,36.23,541
20200127,35.53,35.7,35.51,35.7,4791
20200128,35.69,36.18,35.69,36.18,4596
20200129,36.17,36.19,36.17,36.18,1862
20200130,36.09,36.09,36.09,36.09,1385
20200131,35.91,35.91,35.8,35.8,2854
20200203,35.85,36.05,35.85,35.96,21356
20200204,36.29,36.44,36.29,36.4,1812
20200205,37.09,37.15,36.83,37.08,15138
20200206,37.07,37.37,37.02,37.37,3014
20200207,37.06,37.08,36.98,36.99,4611
20200210,37.08,37.24,37.08,37.23,8834
20200211,37.78,37.78,37.54,37.54,1484
20200212,37.33,37.43,37.29,37.38,4490
20200213,36.87,36.92,36.73,36.79,287229
20200214,36.85,36.87,36.8,36.84,6405
20200218,35.94,36.02,35.91,35.96,1808
20200219,36.2,36.24,36.11,36.2,2088
20200220,36.19,36.19,36,36.12,18384
20200221,36.03,36.07,36.01,36.02,2190
20200224,34.74,34.83,34.72,34.72,5157
20200225,34.25,34.25,33.8,33.89,3940
20200226,34.42,34.74,34.22,34.63,23478
20200227,34.01,34.31,33.85,33.85,8335
20200228,33.15,33.71,32.92,33.71,7599
20200302,33.54,34.26,33.53,34.24,31292
20200303,34.59,34.59,33.9,33.9,5913
20200304,34.21,34.73,34.19,34.73,8181
20200305,33.31,33.31,33.31,33.31,11
20200306,32.72,32.98,32.63,32.98,14367
20200309,31.32,31.32,30.8,30.81,2097
20200310,31.56,31.56,30.29,31.05,3869
20200311,30.28,30.28,29.24,29.48,9574
20200312,27.72,27.72,26.56,26.58,11567
20200313,27.56,27.66,26.41,27.66,14199
20200316,26.34,26.34,24.68,24.7,4693
20200317,24.88,25.42,24.46,25.42,9596
20200318,24.79,24.79,23.58,24.48,20178
20200319,24,24.75,23.67,24.75,5931
20200320,24.83,24.86,24.35,24.35,2868
20200323,23.9,24.03,23.63,23.63,102593
20200324,25.29,25.48,24.8,25.48,3582
20200325,26.01,27.13,26.01,26.84,8039
20200326,27.52,27.89,27.38,27.88,14099
20200327,26.48,27,26.48,26.76,13737
20200330,26.75,27.15,26.75,27.15,6065
20200331,27.91,27.91,27.61,27.69,1804
20200401,26.96,27.13,26.67,26.67,100846
20200402,27.27,27.48,27.02,27.32,3121
20200403,26.83,26.9,26.83,26.9,1627
20200406,27.58,27.86,27.58,27.86,2574
20200407,29.12,29.12,28.58,28.64,5209
20200408,28.73,28.83,28.73,28.83,2694
20200409,29.36,29.48,29.18,29.43,5475
20200413,29.32,29.46,28.96,29.05,20613
20200414,30.03,30.03,29.85,29.86,5453
20200415,28.44,28.68,28.44,28.58,3585
20200416,28.42,28.61,27.86,28.21,31768
20200417,29.06,29.14,28.86,29.14,26579
20200420,28.75,29.07,28.64,28.72,15108
20200421,28.19,28.21,28.03,28.13,3554
20200422,28.75,28.89,28.68,28.89,16417
20200423,29.27,29.27,28.67,28.77,10893
20200424,29.41,29.61,29.15,29.61,15914
20200427,29.51,29.63,29.51,29.63,1297
20200428,30.5,30.5,30.08,30.09,1623
20200429,31.2,31.47,31.13,31.43,4093
20200430,31.35,31.43,31.01,31.4,6171
20200501,31,31,30.61,30.69,7576
20200504,30.33,30.33,30.2,30.3,13734
20200505,30.3,30.3,29.96,29.96,6071
20200506,30.25,30.27,30.11,30.11,2381
20200507,30.71,30.71,30.5,30.56,4682
20200508,30.87,31.01,30.83,30.87,1572
20200511,30.81,31.08,30.74,31.08,3016
20200512,30.85,30.85,30.85,30.85,1107
20200513,30.52,30.61,29.93,30.03,163653
20200514,29.28,29.73,29.28,29.73,4798
20200515,29.75,29.75,29.47,29.63,4536
20200518,30.77,31.25,30.77,31.22,14646
20200519,31.38,31.53,31.33,31.36,3302
20200520,31.89,31.95,31.76,31.91,4635
20200521,32.09,32.13,31.55,31.7,11551
20200522,31.6,31.95,31.6,31.93,12748
20200526,32.86,32.99,32.81,32.91,5955
20200527,33.41,33.72,33.26,33.49,11229
20200528,33.86,34.25,33.86,33.96,6452
20200529,33.73,33.96,33.73,33.94,2411
20200601,34.17,34.63,34.17,34.63,17476
20200602,34.93,34.94,34.78,34.9,12059
20200603,35.25,35.69,35.25,35.59,8015
20200604,35.48,36.13,35.48,36.13,26038
20200605,35.98,36.32,35.91,36.11,4093
20200608,36.25,36.62,36.24,36.61,4626
20200609,35.7,36.06,35.7,35.79,1739
20200610,35.75,35.81,35.42,35.43,4610
20200611,34.46,34.46,33.04,33.23,184159
20200612,34.75,34.77,33.68,34.12,21519
20200615,33.78,34.55,33.78,34.55,7754
20200616,35.11,35.33,34.69,34.81,73004
20200617,34.88,34.91,34.72,34.83,8499
20200618,34.65,34.65,34.47,34.57,5586
20200619,34.92,34.95,34.38,34.4,6729
20200622,34.4,34.52,34.4,34.51,3248
20200623,35.04,35.04,34.84,34.84,11379
20200624,34.52,34.52,34.19,34.19,2548
20200625,33.92,34.77,33.91,34.77,6428
20200626,34.3,34.51,34.29,34.31,2068
20200629,34.54,34.64,34.49,34.52,2006
20200630,33.65,34.68,33.65,34.57,4592
20200701,34.7,34.76,34.43,34.67,74018
20200702,35.08,35.11,34.76,34.76,3974
20200706,35.64,35.73,35.51,35.51,8505
20200707,35.33,35.33,34.65,34.65,19735
20200708,34.82,34.85,34.72,34.85,1466
20200709,34.84,34.98,34.46,34.61,7200
20200710,34.55,34.59,34.45,34.59,2609
20200713,35.1,35.45,34.87,34.87,10984
20200714,35.13,35.63,35.13,35.63,2184
20200715,35.85,35.9,35.7,35.75,3221
20200716,35.71,35.86,35.56,35.6,1709
20200717,35.92,36.02,35.92,35.95,878
20200720,36.21,36.34,36.21,36.34,445
20200721,36.63,36.63,36.49,36.61,4622
20200722,36.82,37.05,36.82,37.04,3744
20200723,37.14,37.44,36.99,36.99,1558
20200724,37.2,37.5,37.14,37.36,33789
20200727,37.49,37.73,37.45,37.63,23265
20200728,37.28,37.35,37.25,37.28,3318
20200729,37.41,37.54,37.36,37.5,6179
20200730,36.71,37.51,36.36,37.38,15125
20200731,37.62,37.72,36.71,37.04,12061
20200803,37.71,37.99,37.63,37.88,10556
20200804,37.94,38.22,37.93,38.08,9570
20200805,38.28,38.63,38.28,38.35,28676
20200806,38.23,38.36,38.22,38.29,2724
20200807,38.1,38.27,38.03,38.07,5325
20200810,38.28,38.28,38.28,38.28,1297
20200811,38.62,38.63,38.41,38.41,211854
20200812,38.92,39.1,38.73,38.94,6169
20200813,39.12,39.2,38.86,38.86,1434
20200814,38.69,38.72,38.63,38.63,1539
20200817,39.19,39.29,38.91,39.12,7754
20200818,39.59,39.59,39.32,39.48,1261
20200819,39.58,39.58,39.2,39.2,1586
20200820,38.8,39.12,38.8,38.97,3181
20200821,38.46,38.85,38.46,38.78,1980
20200824,39.49,39.5,39.22,39.22,4865
20200825,39.6,39.6,39.33,39.53,10572
20200826,39.98,40.01,39.82,39.95,2576
20200827,40.2,40.2,39.81,39.89,17408
20200828,39.99,40.11,39.98,40.04,2190
20200831,40.14,40.16,39.98,40.05,8002
20200901,40.02,40.04,39.58,39.68,8649
20200902,39.93,40.2,39.77,40.2,13272
20200903,39.78,39.86,38.92,38.92,83798
20200904,39.31,39.49,38.64,39.37,14339
20200908,38.61,38.93,38.47,38.6,76097
20200909,39.38,39.55,39.18,39.4,27101
20200910,39.68,39.78,39.01,39.01,45744
20200911,39.51,39.51,39.28,39.3,1864
20200914,39.56,39.6,39.28,39.31,5651
20200915,39.95,39.98,39.65,39.65,3496
20200916,39.96,40.07,39.84,39.84,2399
20200917,39.86,40.15,39.86,40.09,15121
20200918,40.27,40.46,40.15,40.23,23403
20200921,38.99,39.51,38.63,38.95,24115
20200922,39.19,39.28,38.82,39.11,5104
20200923,39.06,39.06,38.47,38.51,12990
20200924,38.55,38.55,38.23,38.36,8810
20200925,38.04,38.25,37.8,38.25,8070
20200928,38.81,38.89,38.7,38.73,16969
20200929,39.07,39.29,38.92,38.92,2947
20200930,39.03,39.12,38.78,38.84,9262
20201001,39.4,39.62,39.26,39.46,30495
20201002,38.84,39.25,38.84,39.14,2719
20201005,39.96,40.08,39.72,40.08,25802
20201006,39.98,40.19,39.41,39.41,7280
20201007,39.82,39.93,39.64,39.89,46174
20201008,39.81,40.1,39.81,40.1,3633
20201009,40.42,40.56,40.37,40.43,9219
20201012,40.81,40.92,40.65,40.87,7084
20201013,40.46,40.46,40.29,40.39,8152
20201014,40.7,40.83,40.44,40.44,9027
20201015,39.92,40.33,39.92,40.32,16891
20201016,40.55,40.68,40.47,40.47,4861
20201019,40.74,40.8,40.47,40.52,25419
20201020,40.79,40.96,40.68,40.74,15231
20201021,40.71,40.71,40.43,40.43,12326
20201022,40.22,40.22,39.98,40.18,3957
20201023,40.31,40.46,40.2,40.46,2512
20201026,39.74,39.88,39.31,39.42,9641
20201027,39.29,39.48,38.92,38.94,52949
20201028,37.57,37.9,37.43,37.62,20244
20201029,36.91,37.07,36.6,36.77,18770
20201030,36.8,37.09,36.72,36.79,15973
20201102,37.06,37.28,36.87,36.91,15647
20201103,37.81,38.18,37.78,38.18,9292
20201104,38.15,38.53,37.93,38.38,19386
20201105,39.17,39.27,39,39.12,24739
20201106,39.27,39.39,39.03,39.39,11275
20201109,40.73,40.73,40.12,40.22,19389
20201110,40.69,40.88,40.53,40.61,208532
20201111,40.78,40.78,40.58,40.62,3177
20201112,40.41,40.52,40,40.02,6985
20201113,40.15,40.41,40.15,40.41,3295
20201116,40.82,40.95,40.69,40.86,6767
20201117,40.82,41.05,40.62,40.93,5364
20201118,41.19,41.26,40.87,40.87,11652
20201119,40.69,41.09,40.69,41.01,2858
20201120,41.1,41.1,40.92,41.01,4957
20201123,41.27,41.27,41.04,41.26,1181
20201124,41.6,41.86,41.39,41.78,25983
20201125,41.84,42.13,41.84,42.13,2597
20201127,42.21,42.49,42.2,42.49,6136
20201130,42.73,42.73,41.83,41.83,3623
20201201,42.4,42.54,42.3,42.54,17904
20201202,42.51,42.62,42.39,42.62,2623
20201203,42.69,42.69,42.31,42.37,18688
20201204,42.68,42.68,42.52,42.52,1046
20201207,42.64,42.74,42.61,42.63,6006
20201208,42.74,43.07,42.74,43.05,3184
20201209,42.77,42.77,42.49,42.56,3290
20201210,42.29,42.87,42.29,42.85,2798
20201211,42.5,42.75,42.5,42.63,9311
20201214,42.98,42.98,42.6,42.6,6757
20201215,43.05,43.3,42.88,43.15,6332
20201216,43.11,43.57,43.11,43.43,46744
20201217,43.54,43.54,43.42,43.5,2219
20201218,43.34,43.53,43.25,43.39,13678
20201221,42.82,43.01,42.25,42.95,7672
20201222,42.78,42.78,42.6,42.64,3310
20201223,42.9,43.08,42.74,42.86,15661
20201224,42.94,43.07,42.93,42.93,1375
20201228,43.53,43.6,43.43,43.51,7485
20201229,44.09,44.2,43.98,43.99,4738
20201230,44.09,44.21,43.73,43.85,5558
20201231,43.72,43.86,43.23,43.33,23959
20210104,44.56,44.56,43.73,43.95,81907
20210105,44.1,44.46,43.91,44.42,14455
20210106,44.84,45.2,44.81,44.95,17561
20210107,45.09,45.25,45,45.04,60344
20210108,44.94,45.27,44.83,45.08,21449
20210111,44.14,44.46,44.14,44.4,18202
20210112,44.56,44.83,44.55,44.76,4815
20210113,44.89,44.89,44.48,44.51,3187
20210114,44.46,44.89,44.46,44.81,2720
20210115,44.5,44.53,44.03,44.24,7447
20210119,44.83,44.83,44.58,44.58,24143
20210120,45.07,45.31,45.07,45.29,6464
20210121,45.34,45.76,45.34,45.7,20438
20210122,45.16,45.45,45.16,45.33,3171
20210125,45.71,45.71,45.25,45.68,5277
20210126,46.21,46.21,45.55,45.58,21036
20210127,44.85,48.31,44.85,46.56,187201
20210128,45.71,46.63,45.15,45.15,27262
20210129,45.03,45.22,44.18,44.41,15735
20210201,45.27,45.27,44.82,45.05,5139
20210202,44.92,44.92,44.41,44.81,6419
20210203,45.18,45.28,45.13,45.26,3954
20210204,44.88,45.04,44.88,45.04,1257
20210205,44.69,44.83,44.43,44.67,17155
20210208,45.09,45.1,44.97,45.1,2027
20210209,44.86,44.92,44.86,44.92,483
20210210,45,45.02,44.73,44.85,4216
20210211,45.28,45.38,45.11,45.23,2291
20210212,45.15,45.64,45.15,45.6,2880
20210216,45.78,45.91,45.62,45.62,2940
20210217,45.27,45.27,45.16,45.2,1658
20210218,44.85,45.21,44.85,45.18,2273
20210219,45.12,45.23,44.87,45,2048
20210222,44.84,45.06,44.84,44.89,5932
20210223,44.51,44.77,44.2,44.77,610
20210224,44.89,45.19,44.89,45.19,855
20210225,45.66,45.66,44.66,44.68,8705
20210226,44.34,44.38,44.06,44.19,12094
20210301,44.5,44.79,44.41,44.63,1521
20210302,44.75,45.13,44.68,45.1,10829
20210303,44.71,44.91,44.29,44.59,5255
20210304,43.94,44.1,42.81,43.1,9783
20210305,43.27,43.43,43.08,43.4,9182
20210308,43.34,43.69,43.34,43.52,3017
20210309,44.12,44.28,44.06,44.18,12825
20210310,44.31,44.46,44.15,44.46,4841
20210311,44.93,45.61,44.86,45.38,181476
20210312,44.67,45.11,44.67,45.11,12236
20210315,45.21,45.33,44.92,45.33,939
20210316,45.1,45.1,45.1,45.1,348
20210317,44.51,45.08,44.51,45.08,1800
20210318,44.33,44.51,44.04,44.16,3588
20210319,43.93,44.31,43.93,44.19,2706
20210322,44.49,44.77,44.49,44.62,3877
20210323,44.1,44.1,43.92,43.92,477
20210324,44.21,44.21,44.12,44.12,1601
20210325,44.06,44.44,44.06,44.44,1604
20210326,44.73,44.87,44.52,44.87,3330
20210329,44.79,44.84,44.79,44.84,298
20210330,44.52,44.52,44.4,44.4,1826
20210331,44.38,44.38,44.37,44.37,853
20210401,44.68,44.8,44.65,44.8,101264
20210405,45.33,45.56,45.33,45.48,6987
20210406,45.08,45.24,44.97,45.2,17904
20210407,45.43,45.43,45.43,45.43,30
20210408,45.66,45.75,45.48,45.48,1664
20210409,45.81,45.81,45.8,45.8,452
20210412,45.56,45.61,45.51,45.52,1291
20210413,45.76,46.17,45.76,46.12,4082
20210414,45.9,46.21,45.88,45.97,5026
20210415,46.22,46.45,46.22,46.37,3708
20210416,46.98,47.29,46.98,47.28,7003
20210419,47.59,47.63,47.49,47.49,1932
20210420,47.26,47.26,47.12,47.2,580
20210421,46.69,47.18,46.69,47.18,1376
20210422,47.66,47.66,47.51,47.51,1104
20210423,48,48.33,48,48.33,2726
20210426,48.66,48.72,48.66,48.72,652
20210427,48.18,48.44,48.18,48.44,381
20210428,48.03,48.14,47.94,48.04,1737
20210429,48.51,48.51,48.1,48.37,2612
20210430,47.95,48.05,47.61,47.61,4453
20210503,48.07,48.32,48.07,48.25,21220
20210504,47.59,47.89,47.31,47.52,21901
20210505,48.04,48.21,48.04,48.07,5205
20210506,48.2,48.5,48.2,48.5,1162
20210507,49.03,49.5,49,49.48,5172
20210510,49.14,49.14,48.67,48.7,2921
20210511,48.06,48.2,48.06,48.14,6528
20210512,47.79,47.84,47.68,47.68,1160
20210513,47.64,47.79,47.29,47.69,14629
20210514,48.18,48.21,48.04,48.19,12131
20210517,48.45,48.81,48.45,48.69,4176
20210518,49.39,49.39,49.17,49.17,977
20210519,48.14,48.77,48.14,48.61,5765
20210520,48.7,49.29,48.7,49.29,234
20210521,49.24,49.24,49.24,49.24,153
20210524,49.15,49.35,49.15,49.19,1434
20210525,49.42,49.42,49.22,49.22,895
20210526,49.24,49.24,48.96,48.96,1043
20210527,49.23,49.23,49.16,49.16,2151
20210528,49.54,49.54,49.54,49.54,1062
20210601,49.68,49.87,49.68,49.68,1185
20210602,50.16,50.16,50.12,50.12,305
20210603,50.07,50.07,50.05,50.05,626
20210604,50.28,50.28,50.28,50.28,165
20210607,50.47,50.47,50.47,50.47,848
20210608,50.58,50.58,50.55,50.55,899
20210609,50.42,50.48,50.42,50.48,271
20210610,50.1,50.18,50.1,50.13,1269
20210611,50.28,50.28,50.07,50.11,40881
20210614,50.49,50.49,50.49,50.49,131
20210615,50.32,50.32,50.24,50.24,232
20210616,50.26,50.51,49.76,49.76,2632
20210617,49.33,49.33,48.83,48.93,3745
20210618,48.62,48.7,48.38,48.55,5420
20210621,48.59,48.9,48.59,48.9,1905
20210622,49.33,49.33,49.33,49.33,232
20210623,49.03,49.14,48.67,48.67,7469
20210624,49.15,49.15,49.15,49.15,131
20210625,49.66,49.69,49.63,49.69,955
20210628,49.41,49.43,49.21,49.43,1731
20210629,49.58,49.58,49.38,49.56,2513
20210630,48.9,48.94,48.9,48.94,232
20210701,49.31,49.31,49.25,49.29,7888
20210702,49.49,49.52,49.49,49.52,1891
20210706,50.03,50.03,49.53,49.62,1859
20210707,49.83,49.83,49.74,49.74,28238
20210708,49.17,49.56,49.17,49.36,9662
20210709,49.91,50.19,49.91,50.19,7581
20210712,50.27,50.48,50.26,50.3,10507
20210713,50.51,50.78,50.4,50.47,13678
20210714,51.01,51.02,50.81,50.97,22588
20210715,50.63,50.7,50.4,50.44,2218
20210716,50.36,50.54,50.33,50.33,826
20210719,49.55,49.55,49.4,49.5,1950
20210720,50.01,50.15,50.01,50.15,1608
20210721,50.68,50.8,50.68,50.8,5363
20210722,51.11,51.11,50.87,50.9,2191
20210723,51.67,51.67,51.63,51.63,1368
20210726,51.91,52.02,51.88,51.88,626
20210727,51.39,51.39,51.39,51.39,1165
20210728,51.23,51.42,51.23,51.34,1214
20210729,51.98,51.98,51.98,51.98,302
20210730,51.77,51.77,51.7,51.7,242
20210802,51.88,51.97,51.65,51.72,33055
20210803,51.86,52.15,51.86,52.15,4144
20210804,52.18,52.18,52.11,52.12,1925
20210805,51.98,51.98,51.98,51.98,192
20210806,51.59,51.59,51.57,51.57,232
20210809,51.56,51.56,51.56,51.56,242
20210810,51.36,51.44,51.34,51.39,42926
20210811,51.38,51.58,51.36,51.56,911
20210812,51.49,51.49,51.49,51.49,5061
20210813,51.59,51.83,51.59,51.83,1242
20210816,51.43,51.57,51.23,51.57,9259
20210817,51.08,51.13,50.8,51.03,6898
20210818,51.11,51.24,51.03,51.09,5944
20210819,50.02,50.47,49.93,50.17,8009
20210820,50.48,50.55,50.39,50.39,944
20210823,50.75,51.07,50.75,51.07,1133
20210824,51.18,51.18,51.18,51.18,265
20210825,51.12,51.49,51.12,51.49,4776
20210826,51.26,51.5,51.26,51.5,232
20210827,51.29,51.82,51.29,51.8,1007
20210830,51.57,51.83,51.57,51.82,818
20210831,51.7,51.74,51.57,51.74,22458
20210901,51.81,51.95,51.81,51.94,5167
20210902,52.11,52.39,52.11,52.39,697
20210903,52.51,52.55,52.29,52.29,2344
20210907,52.54,52.54,52.53,52.53,1098
20210908,52,52.15,51.55,51.55,497
20210909,51.48,51.51,51.41,51.51,6559
20210910,51.43,51.43,51.43,51.43,231
20210913,51.09,51.09,50.86,50.98,1288
20210914,50.71,50.75,50.65,50.65,836
20210915,50.28,50.28,50.19,50.26,4545
20210916,49.95,49.95,49.81,49.81,686
20210917,49.68,49.69,48.73,48.8,5558
20210920,47.57,47.75,47.3,47.3,16321
20210921,48.09,48.35,48.09,48.13,30692
20210922,48.96,49.03,48.89,48.89,33323
20210923,49.33,49.47,49.33,49.39,865
20210924,48.35,48.53,47.94,48.5,3722
20210927,47.97,48.25,47.97,48.1,2313
20210928,47.01,47.01,46.75,46.78,2178
20210929,46.69,46.69,46.42,46.42,2287
20210930,46.28,46.48,46.23,46.39,16723
20211001,46.63,47.02,46.61,47.01,17172
20211004,47.02,47.19,46.8,46.85,2895
20211005,46.82,47.17,46.82,47.17,896
20211006,46.26,46.68,46.26,46.47,5445
20211007,47.11,47.11,46.97,46.97,844
20211008,47.32,47.32,47.23,47.23,1078
20211011,46.99,46.99,46.83,46.87,669
20211012,46.84,47.14,46.84,47.1,64930
20211013,47.47,47.67,47.47,47.61,3029
20211014,48.11,48.18,48.06,48.08,1457
20211015,48.17,48.33,48.17,48.29,2849
20211018,47.94,48.11,47.76,48.05,2233
20211019,48.4,48.4,48.33,48.33,1640
20211020,48.62,48.62,48.53,48.53,596
20211021,48.28,48.3,48.2,48.3,25566
20211022,48.7,48.75,48.52,48.64,10691
20211025,48.32,48.32,48.14,48.27,10394
20211026,48.76,48.76,48.48,48.61,1886
20211027,48.58,48.7,48.54,48.54,1993
20211028,48.25,48.61,48.25,48.53,7960
20211029,47.84,47.98,47.5,47.56,2103
20211101,47.67,47.98,47.67,47.92,19003
20211102,48.09,48.09,48.09,48.09,156
20211103,48.19,48.86,48.19,48.86,3167
20211104,48.52,48.56,48.43,48.43,922
20211105,48.64,48.68,48.59,48.59,3795
20211108,48.8,48.81,48.77,48.77,6345
20211109,48.6,48.6,48.44,48.45,70255
20211110,48.24,48.24,47.75,47.75,1334
20211111,48,48.12,48,48.12,358
20211112,48.03,48.08,48,48,2876
20211115,47.72,47.72,47.72,47.72,230
20211116,47.73,47.82,47.71,47.78,3125
20211117,47.95,47.95,47.91,47.95,434
20211118,47.54,47.71,47.45,47.67,3723
20211119,47.34,47.42,47.05,47.05,2988
20211122,47,47.23,46.93,47.06,2754
20211123,46.8,46.8,46.35,46.53,1704
20211124,46.02,46.12,45.96,46.12,2157
20211126,45.71,45.71,45.27,45.37,2360
20211129,45.89,46.08,45.64,46.02,1779
20211130,45.36,45.65,45.27,45.65,15834
20211201,46.33,46.71,45.67,45.91,56724
20211202,45.97,46.37,45.8,46.37,3363
20211203,45.77,45.78,45.53,45.57,3750
20211206,45.68,46.21,45.66,46.1,12283
20211207,46.59,47.19,46.59,47.08,2137
20211208,47.39,47.41,47.3,47.3,4976
20211209,46.94,46.94,46.82,46.82,2667
20211210,46.92,46.99,46.71,46.99,999
20211213,46.74,46.74,46.4458,46.4458,1416
20211214,45.7693,46.05,45.7693,46.05,4141
20211215,46.13,46.91,46.13,46.91,3383
20211216,47.072,47.1,46.6498,46.93,926
20211217,46.626,46.626,46.4466,46.4466,257
20211220,46.03,46.09,45.93,46.09,6654
20211221,46.5484,46.62,46.51,46.62,1183
20211222,46.75,47.3374,46.75,47.3358,6364
20211223,47.5996,47.76,47.5996,47.76,3405
20211227,48.2199,48.2199,48.06,48.06,449
20211228,48.2292,48.2292,48.01,48.01,1078
20211229,48.0799,48.08,48.0799,48.08,566
20211230,48.02,48.02,48.02,48.02,200
20211231,47.88,47.88,47.88,47.88,300
20220103,48.18,48.25,47.9837,48.21,152705
20220104,48.495,48.65,48.38,48.38,1463
20220105,49.04,49.04,48.41,48.47,1378
20220106,48.09,48.17,48.01,48.0733,2187
20220107,48.02,48.43,48.02,48.4,5214
20220110,47.16,47.46,47.16,47.46,4507
20220111,47.7,48.17,47.7,48.17,983
20220112,48.2,48.41,48.2,48.41,2277
20220113,48.43,48.43,48.17,48.17,361
20220114,47.37,47.65,47.37,47.65,2533
20220118,47.15,47.15,46.9199,47.009,666
20220119,47.23,47.381,47.1,47.1,961
20220120,46.93,46.93,46.93,46.93,183
20220121,45.84,46.14,45.54,45.5834,4429
20220124,43.85,44.77,43.2,44.16,5302
20220125,44.08,44.36,43.7192,44.22,5256
20220126,44.65,44.89,44.16,44.17,7209
20220127,43.89,43.94,43.7392,43.94,1100
20220128,43.68,44.09,43.66,43.96,1517
20220131,44.38,45.49,44.38,45.42,2949
20220201,45.66,45.96,45.61,45.96,74368
20220202,45.96,46.03,45.9,45.99,4735
20220203,45.4999,45.6001,45.27,45.35,1457
20220204,45.13,45.4372,45.13,45.4372,1525
20220207,45.67,45.79,45.6397,45.695,952
20220208,45.38,45.38,45.38,45.38,121
20220209,45.92,46.04,45.9,46.01,2360
20220210,45.24,45.61,45.24,45.4502,949
20220211,45.115,45.115,44.03,44.03,3190
20220214,43.69,43.74,43.51,43.67,4641
20220215,44.4499,44.6745,44.4499,44.6745,1205
20220216,44.87,44.87,44.7994,44.7994,300
20220217,44.65,44.65,43.8,43.81,1640
20220218,43.57,43.57,43.35,43.35,980
