Date,Open,High,Low,Close,Volume
20181109,18.322,18.342,18.236,18.236,797
20181112,18.304,18.304,17.735,17.735,2489
20181113,18.111,18.111,17.976,18.104,866
20181114,18.275,18.371,18.195,18.352,7914
20181115,18.487,18.738,18.487,18.735,1306
20181116,18.651,18.651,18.639,18.651,623
20181119,18.178,18.178,18.178,18.178,311
20181120,17.744,17.744,17.744,17.744,208
20181121,18.13,18.236,18.13,18.149,1666
20181123,18.072,18.149,18.072,18.111,2856
20181126,18.593,18.718,18.593,18.718,2700
20181127,18.68,18.68,18.68,18.68,104
20181128,19.075,19.075,19.075,19.075,311
20181129,19.049,19.114,19.049,19.114,466
20181130,19.114,19.114,19.114,19.114,104
20181203,19.702,19.702,19.637,19.637,2523
20181204,19.413,19.413,18.967,18.967,2801
20181206,18.448,18.487,18.359,18.487,5724
20181207,18.921,18.921,18.458,18.458,415
20181210,18.381,18.4,18.34,18.39,1659
20181211,18.342,18.593,18.342,18.593,14504
20181212,19.085,19.085,18.939,19.085,520
20181213,18.815,18.815,18.815,18.815,104
20181214,18.66,18.66,18.472,18.477,2592
20181217,18.149,18.149,17.937,17.942,1784
20181221,17.928,17.928,17.098,17.098,2592
20181224,17.281,17.281,17.281,17.281,1037
20181226,17.291,17.291,17.291,17.291,104
20181227,17.648,17.648,17.648,17.648,311
20181231,18.024,18.024,17.704,17.704,3142
20190102,17.74,17.764,17.711,17.711,12025
20190103,17.291,17.291,17.214,17.214,415
20190104,18.044,18.159,18.044,18.159,726
20190107,18.535,18.535,18.477,18.526,2125
20190108,18.458,18.458,18.458,18.458,104
20190109,19.073,19.336,19.073,19.336,384
20190110,19.075,19.075,18.969,18.969,1348
20190111,18.873,18.911,18.873,18.911,520
20190114,18.776,18.776,18.555,18.555,728
20190116,19.066,19.066,19.066,19.066,104
20190118,19.607,19.615,19.578,19.581,3318
20190122,18.959,18.959,18.959,18.959,207
20190123,18.959,18.959,18.898,18.92,2332
20190124,18.998,18.998,18.998,18.998,158
20190125,19.567,19.567,19.567,19.567,207
20190129,19.336,19.336,19.336,19.336,311
20190130,19.559,19.663,19.559,19.663,726
20190131,19.892,19.914,19.849,19.914,1533
20190205,20.05,20.05,20.05,20.05,207
20190206,20.06,20.06,20.06,20.06,518
20190207,19.866,19.866,19.538,19.538,312
20190211,19.741,19.741,19.741,19.741,674
20190213,19.965,19.965,19.962,19.962,1244
20190215,19.649,19.779,19.649,19.693,1712
20190220,20.06,20.06,19.94,19.954,832
20190221,19.76,19.76,19.76,19.76,130
20190222,19.924,19.982,19.75,19.96,8908
20190226,20.26,20.26,20.26,20.26,123
20190227,20.38,20.52,20.38,20.52,1103
20190228,20.39,20.55,20.39,20.55,311
20190305,20.91,21.21,20.91,21.14,826
20190306,21.11,21.11,21.11,21.11,115
20190307,20.97,20.97,20.86,20.86,446
20190308,20.32,20.32,20.32,20.32,207
20190313,20.97,20.97,20.96,20.96,353
20190314,20.91,20.91,20.91,20.91,477
20190315,21.07,21.07,21.06,21.06,2823
20190318,21.28,21.28,21.23,21.27,892
20190319,21.25,21.3,21.25,21.3,657
20190320,21.16,21.31,21.13,21.31,3416
20190321,21.2,21.33,21.2,21.33,1057
20190322,21.03,21.06,21.02,21.06,753
20190325,20.95,20.95,20.92,20.92,3111
20190326,21.22,21.22,21.08,21.12,1295
20190327,21.14,21.14,20.97,20.97,746
20190329,21.4,21.4,21.34,21.34,407
20190401,21.73,21.8,21.72,21.8,1348
20190402,22.06,22.06,21.7,21.71,686
20190403,22.01,22.02,22,22,1037
20190404,22.17,22.17,21.92,21.92,3397
20190405,22.26,22.32,22.06,22.23,5911
20190408,22.23,22.33,22.11,22.18,2145
20190409,22.41,22.41,22.23,22.23,624
20190410,22.18,22.33,22.18,22.21,3229
20190411,22.15,22.15,22.07,22.07,621
20190412,22.57,22.57,22.35,22.42,5036
20190415,22.43,22.43,22.08,22.14,8481
20190416,22.51,22.51,22.24,22.24,2265
20190417,22.55,22.55,22.31,22.42,3024
20190418,22.12,22.12,22.03,22.12,4551
20190422,21.94,22.68,21.94,22.68,13643
20190423,22.4,22.4,22.16,22.33,2701
20190424,22.6,22.6,22.12,22.12,946
20190425,21.89,22.03,21.88,22.02,2318
20190426,22.12,22.12,22.12,22.12,259
20190429,22.17,22.3,22.17,22.29,3042
20190430,22.21,22.34,22.21,22.33,2074
20190501,22.47,22.47,22.47,22.47,7000
20190502,22.38,22.4,22.3,22.3,4060
20190503,22.82,22.82,22.82,22.82,480
20190506,22.14,22.15,22.1,22.15,2902
20190507,22.44,22.44,22.1,22.1,2202
20190508,22.11,22.28,21.66,21.95,83497
20190509,21.2,21.35,21.2,21.35,80645
20190510,21.68,21.8,21.68,21.8,778
20190513,21.22,21.31,21.05,21.31,2295
20190514,21.21,21.59,21.21,21.59,1554
20190515,21.47,21.79,21.47,21.72,1919
20190516,21.77,21.82,21.77,21.82,597
20190517,21.57,23.15,20.98,21.11,5016
20190520,20.36,20.47,20.36,20.47,2454
20190521,20.69,20.7,20.66,20.7,622
20190522,20.64,20.64,20.6,20.6,259
20190523,20.46,20.46,20.06,20.06,3921
20190524,20.3,20.3,20.14,20.14,467
20190528,20.18,20.18,20.18,20.18,519
20190529,19.528,19.837,19.066,19.837,1057
20190530,19.936,20,19.883,19.883,624
20190531,20.07,20.07,20.07,20.07,372
20190607,20.37,20.37,20.34,20.34,726
20190610,20.81,20.81,20.81,20.81,3111
20190611,20.96,21.04,20.96,21.04,622
20190612,20.75,20.75,20.69,20.74,414
20190614,20.37,20.5,20.36,20.5,725
20190617,20.45,20.45,20.45,20.45,689
20190618,20.98,20.98,20.79,20.79,86351
20190619,20.93,20.93,20.93,20.93,104
20190620,21.15,21.52,21.14,21.22,12801
20190621,21.47,21.47,21.22,21.22,362
20190624,21.15,21.15,21.03,21.03,573
20190625,21.02,21.02,20.57,20.61,3198
20190627,21.03,21.03,21.03,21.03,130
20190628,21.08,21.1,21.08,21.1,1244
20190701,21.53,21.53,21.53,21.53,282
20190702,21.43,21.54,21.32,21.47,8769
20190703,21.35,21.5,21.35,21.5,1659
20190705,21.41,21.42,21.41,21.42,1100
20190709,21.03,21.03,21.03,21.03,2108
20190710,21.23,21.23,21.23,21.23,570
20190711,21.24,21.24,21.24,21.24,471
20190712,21.01,21.01,21.01,21.01,415
20190715,21.19,21.24,21.19,21.24,227
20190717,21.31,21.33,21.28,21.28,614
20190719,21.34,21.42,21.34,21.42,236
20190722,21.35,21.35,21.24,21.29,1451
20190723,21.42,21.43,21.42,21.42,1555
20190724,21.6,21.6,21.6,21.6,104
20190725,21.54,21.54,21.54,21.54,244
20190726,21.72,21.77,21.68,21.71,64811
20190729,22.34,22.34,21.56,21.57,9555
20190731,21.33,21.33,21.33,21.33,280
20190801,21,21.28,21,21.11,1658
20190802,20.88,20.92,20.87,20.87,1625
20190805,20.87,20.87,20.87,20.87,3098
20190806,20.24,20.24,20.05,20.05,333
20190808,20.49,20.74,20.49,20.73,3151
20190809,20.65,20.68,20.41,20.56,2072
20190813,20.73,20.74,20.73,20.74,1348
20190814,20.16,20.21,20.16,20.17,1919
20190815,20.24,20.24,19.89,19.89,1218
20190819,20.98,20.99,20.98,20.99,636
20190820,21.13,21.19,20.96,21.19,2392
20190822,21.08,21.08,21.08,21.08,207
20190823,20.73,20.73,20.73,20.73,259
20190826,20.77,21.02,20.77,21.02,415
20190827,20.92,20.92,20.92,20.92,238
20190829,21.31,21.31,21.31,21.31,191
20190910,21.3,21.3,21.29,21.29,933
20190911,21.46,21.66,21.46,21.65,13733
20190916,21.69,21.69,21.65,21.65,726
20190918,21.59,21.59,21.59,21.59,104
20190924,20.89,20.89,20.89,20.89,104
20190925,21.21,21.21,20.8,20.8,610
20190926,21.01,21.01,21.01,21.01,102
20190927,20.99,20.99,20.39,20.39,656
20190930,20.72,20.72,20.72,20.72,140
20191001,20.65,20.65,20.65,20.65,245
20191002,20.4,20.4,20.4,20.4,408
20191007,20.69,20.84,20.69,20.84,5807
20191008,20.67,20.67,20.67,20.67,862
20191009,20.37,20.37,20.37,20.37,144
20191010,20.82,20.92,20.82,20.92,1117
20191011,21.33,21.33,21.17,21.17,2898
20191015,21.47,21.53,21.45,21.45,2555
20191017,21.56,21.58,21.56,21.58,1165
20191022,21.39,21.39,21.39,21.39,305
20191023,20.54,20.84,20.54,20.79,2640
20191025,21.02,21.16,21.02,21.16,731
20191028,21.49,21.49,21.49,21.49,138
20191029,21.38,21.38,21.26,21.26,344
20191030,21.22,21.22,21.22,21.22,101
20191104,22.08,22.08,21.92,21.92,381
20191105,21.85,21.85,21.85,21.85,579
20191107,22.06,22.06,22.06,22.06,579
20191108,22.16,22.16,22.16,22.16,231
20191115,22,22,22,22,102
20191121,22.25,22.25,22.25,22.25,1015
20191122,22.57,22.57,22.57,22.57,305
20191125,22.61,22.61,22.46,22.46,850
20191127,22.76,22.76,22.76,22.76,112
20191129,22.66,22.66,22.66,22.66,914
20191202,22.99,22.99,22.27,22.27,1306
20191204,22.53,22.53,22.48,22.48,540
20191205,22.57,22.63,22.52,22.62,7737
20191206,22.85,22.85,22.82,22.82,244
20191209,22.81,22.81,22.81,22.81,1736
20191210,23.02,23.02,22.56,22.59,3159
20191211,22.72,22.72,22.72,22.72,416
20191212,23.08,23.08,22.79,22.96,5361
20191213,23.03,23.5,23.03,23.23,15487
20191216,23.61,23.61,23.61,23.61,210
20191217,23.86,23.86,23.85,23.85,1021
20191218,23.96,24.02,23.92,23.96,3532
20191219,24.05,24.15,23.95,24.05,4417
20191220,24.54,24.54,24.25,24.28,4638
20191223,24.63,24.63,24.34,24.42,4656
20191224,24.41,24.51,24.41,24.5,1523
20191226,24.51,24.66,24.45,24.45,5856
20191227,24.84,24.84,24.52,24.76,5517
20191230,24.72,24.77,24.41,24.48,9431
20191231,24.44,24.47,24.4,24.43,2858
20200102,25.02,25.26,25,25.15,7573
20200103,25.3,25.3,24.91,24.91,4570
20200106,25.15,25.15,24.9,24.97,678
20200107,25.56,25.56,25.18,25.25,11316
20200108,25.25,25.55,25.25,25.48,4010
20200109,25.56,25.67,25.41,25.55,16466
20200110,25.72,25.93,25.72,25.81,3074
20200113,26.51,26.51,26.03,26.24,7244
20200114,26.42,26.42,25.89,25.89,588
20200115,26.11,26.17,26,26.11,6112
20200116,26.75,26.75,26.05,26.05,8495
20200117,26.28,26.28,26.13,26.18,3862
20200121,25.92,25.92,25.71,25.72,59033
20200122,26.28,26.28,25.77,25.85,1597
20200123,25.66,25.66,25.07,25.54,6380
20200124,25.43,25.67,25.23,25.34,4864
20200127,24.45,24.83,24.36,24.75,41799
20200128,24.89,24.94,24.89,24.91,428
20200129,25.29,25.39,25.29,25.35,4094
20200130,25.16,25.16,24.87,25.13,2874
20200131,24.91,24.91,24.62,24.66,3815
20200204,25.94,25.95,25.9,25.91,1539
20200205,26.18,26.18,25.61,25.67,6365
20200206,26.28,26.28,25.88,25.98,7490
20200207,25.65,25.65,25.54,25.54,751
20200210,25.61,25.61,25.61,25.61,235
20200211,26.04,26.08,26.04,26.07,2191
20200212,26.51,26.7,26.46,26.67,3168
20200213,26.48,26.56,26.44,26.44,1018
20200214,26.93,26.93,26.35,26.35,1386
20200218,26.77,26.77,26.77,26.77,200
20200219,26.13,26.58,26.13,26.49,7767
20200220,26.75,26.75,26.01,26.16,1349
20200221,26.55,26.55,25.96,26,1751
20200224,25.12,25.14,24.82,25.06,4309
20200225,25.22,25.25,24.79,24.93,3668
20200226,25.04,25.08,24.92,25.01,2559
20200227,24.27,24.48,24.26,24.48,2412
20200228,24.03,24.03,23.76,23.83,1654
20200302,24.67,24.67,24.07,24.57,3067
20200303,25.03,25.03,24.45,24.45,3267
20200304,24.86,25.13,24.76,25.09,4306
20200305,25.11,25.4,25.11,25.3,1978
20200306,24.91,24.91,24.35,24.4,4509
20200309,23.68,23.68,23.23,23.23,1942
20200310,23.94,23.94,23.51,23.76,2541
20200311,23.53,23.53,22.86,22.96,4759
20200312,21.36,21.53,21.35,21.5,1671
20200313,22.18,22.18,21.2,21.75,5256
20200316,20.06,20.07,19.463,19.952,655
20200317,20.22,20.4,20.22,20.4,395
20200318,19.348,19.348,19.318,19.318,237
20200319,20.02,20.46,19.518,19.518,2113
20200320,20.47,20.47,20.47,20.47,316
20200323,20.13,20.14,19.608,20.01,1977
20200324,20.98,21.73,20.98,21.73,2451
20200325,22.17,22.67,22.09,22.51,8759
20200326,22.71,23.06,22.68,22.83,3478
20200327,22.27,22.32,22.09,22.32,1510
20200330,22.27,22.5,22.18,22.5,3129
20200331,22.74,22.82,22.74,22.76,2263
20200401,22.73,22.73,21.88,22.46,2103
20200402,22.13,22.22,21.88,22.22,610
20200403,21.86,21.86,21.45,21.84,2344
20200406,22.47,22.63,22.47,22.63,1051
20200407,23.1,23.12,22.85,22.85,1110
20200408,23.16,23.16,22.81,22.96,851
20200413,23.44,23.44,23.19,23.19,1347
20200414,24.22,24.39,23.77,23.79,1817
20200415,23.99,24.25,23.66,23.87,3135
20200416,25.1,25.1,24.62,24.62,1332
20200417,25.14,25.14,24.89,25.11,3553
20200420,25.74,25.74,25.37,25.37,7156
20200421,25.36,25.36,23.83,24.58,8861
20200422,25.25,25.34,25.25,25.34,4453
20200423,25.86,25.86,25.2,25.2,1936
20200424,25.86,25.86,25.23,25.24,1391
20200427,26.04,26.04,25.53,25.66,3172
20200428,25.48,25.71,25.48,25.51,37631
20200429,25.96,26.27,25.96,26.27,718
20200430,26.15,26.15,25.47,25.5,6824
20200501,25.2,25.24,24.8,24.8,5837
20200504,24.38,25.09,24.38,25.08,2634
20200505,25.18,25.83,25.18,25.61,4414
20200506,25.8,26.22,25.8,26.22,460
20200507,26.88,26.88,26.45,26.45,554
20200508,27.15,27.23,27.06,27.12,1641
20200511,27.49,27.57,27.45,27.57,1046
20200512,27.93,27.95,27.75,27.75,5644
20200513,27.92,28.28,27.71,27.75,13001
20200514,28,28.12,27.27,28.11,8637
20200515,28.06,28.19,27.7,28.19,4367
20200518,29.11,29.11,28.56,29,4327
20200519,29.36,29.37,28.86,28.99,13012
20200520,29.65,29.9,29.41,29.71,13604
20200521,30.07,30.07,29.28,29.66,3444
20200522,29.5,29.5,28.81,29.07,5125
20200526,29.99,30.06,29.76,29.78,10225
20200527,29.64,29.64,28.45,28.83,6703
20200528,29.47,29.47,29,29.11,2469
20200529,29.24,29.5,29.22,29.5,1010
20200601,30.08,30.93,29.85,30.93,6769
20200602,30.96,30.96,30.17,30.63,28729
20200603,31.13,31.13,30.55,30.97,13811
20200604,31.18,31.18,30.6,30.75,6888
20200605,30.85,30.99,30.81,30.99,4968
20200608,30.15,30.94,30.15,30.72,11293
20200609,30.52,30.85,30.52,30.84,4821
20200610,30.86,31.6,30.86,31.6,2296
20200611,31.51,31.51,30.63,30.71,13372
20200612,31.13,31.31,30.65,31.03,9815
20200615,30.33,31.41,30.33,31.21,5820
20200616,32.01,32.2,31.73,31.74,11459
20200617,32.67,32.67,32.26,32.39,17723
20200618,32.84,32.94,32.58,32.82,8287
20200619,33.73,33.73,32.72,33.02,9725
20200622,33.82,33.82,33.19,33.42,9665
20200623,34.2,34.4,34.1,34.14,17976
20200624,34.13,34.16,33.37,33.74,17733
20200625,33.62,33.86,33.5,33.85,5248
20200626,34.18,34.18,33.37,33.56,10172
20200629,33.46,33.72,32.94,33.39,26594
20200630,34.18,34.18,33.69,33.78,8454
20200701,34.08,35.55,33.74,34.18,13879
20200702,35.63,35.63,35.08,35.22,26794
20200706,36.23,37.25,35.94,35.94,42458
20200707,36.25,36.31,35.67,35.7,71028
20200708,37.11,37.11,36.46,37.06,24755
20200709,37.96,37.97,37.28,37.67,63541
20200710,38.12,38.12,37.19,37.51,32655
20200713,37.86,37.94,36.19,36.2,36299
20200714,36.32,36.32,34.72,35.89,24926
20200715,36.89,36.89,35.94,36.36,12679
20200716,35.76,35.76,34.85,35.23,13772
20200717,35.33,35.54,35.23,35.33,11462
20200720,35.74,36.93,35.59,36.28,22837
20200721,37.71,37.71,36.89,37.06,30540
20200722,37.13,37.13,36.02,36.62,18881
20200723,36.92,36.99,35.72,36.6,85958
20200724,34.95,35.51,34.7,35.36,15009
20200727,35.47,36.11,35.23,35.77,12463
20200728,36.89,36.89,35.97,35.97,13058
20200729,37.27,37.27,36.51,36.66,36335
20200730,36.79,36.79,36.05,36.58,15457
20200731,36.58,36.72,36.26,36.48,13861
20200803,37.62,37.76,37.23,37.55,68599
20200804,37.88,38.32,37.73,38.3,17703
20200805,38.58,38.82,38.38,38.71,22824
20200806,39.03,42.84,38.14,38.67,21030
20200807,37.53,37.89,37.18,37.41,22038
20200810,37.18,37.27,36.34,36.87,47997
20200811,37.6,37.6,36.41,36.66,21098
20200812,37.36,37.55,36.92,37.19,13878
20200813,37.64,37.64,36.75,36.99,17606
20200814,36.63,37.04,36.59,36.86,4304
20200817,37.31,37.76,37.08,37.76,5393
20200818,37.82,38.44,37.54,38.2,36398
20200819,38.4,38.48,37.93,38.17,12346
20200820,38.3,38.5,37.62,38.48,25683
20200821,38.66,38.82,38.18,38.82,22044
20200824,39.34,39.69,39.23,39.51,27233
20200825,39.76,40.28,39.43,40.21,88993
20200826,40.86,41.23,40.44,40.93,31732
20200827,41.53,41.53,40.44,40.71,21123
20200828,41.04,41.04,40.41,40.48,27111
20200831,40.06,40.19,39.89,40.12,74010
20200901,40.53,41.17,40.43,41.07,51742
20200902,41.85,41.85,40.65,41.13,31468
20200903,40.46,40.46,38.94,39.2,33749
20200904,38.43,39.01,37.56,38.88,20156
20200908,37.63,37.63,36.95,37.17,13905
20200909,37.94,37.94,37.34,37.81,19011
20200910,38.44,38.44,37.25,37.31,29960
20200911,37.96,37.96,37.21,37.43,8746
20200914,38.52,38.52,37.68,38.06,10974
20200915,38.7,38.7,38.39,38.43,9583
20200916,38.67,38.8,38.39,38.45,34134
20200917,37.94,38.09,37.69,37.98,11366
20200918,38.36,38.36,37.73,37.94,8647
20200921,37.43,37.92,37.13,37.8,21958
20200922,38.36,38.36,37.61,38.2,5478
20200923,38.4,38.65,38.03,38.16,22817
20200924,37.53,38.04,37.44,37.72,12277
20200925,37.4,38.07,37.28,38,28887
20200928,38.52,38.52,38.21,38.44,68101
20200929,38.25,38.65,38.25,38.53,18522
20200930,38.91,39.32,38.83,39.13,15267
20201001,39.25,39.65,39.16,39.65,40530
20201002,39.34,39.44,38.92,39.05,17162
20201005,39.44,39.59,39.28,39.54,10843
20201006,39.75,40.02,39.55,39.59,17359
20201007,40.18,40.23,40.09,40.19,17225
20201008,40.51,40.51,40.15,40.42,7237
20201009,40.74,41.14,40.71,41.13,12751
20201012,41.61,41.78,41.32,41.58,17169
20201013,41.47,41.76,41.38,41.71,16981
20201014,41.36,41.88,41.33,41.33,18107
20201015,39.93,40.88,39.93,40.85,10421
20201016,41.1,41.43,41.1,41.13,8854
20201019,41.37,41.37,40.7,40.78,10775
20201020,41.22,41.39,41.1,41.16,11010
20201021,41.33,41.59,41.07,41.16,11858
20201022,41.13,41.22,40.58,40.8,17748
20201023,40.6,40.88,40.42,40.88,13861
20201026,40.13,40.65,40,40.46,11210
20201027,40.99,41.75,40.99,41.73,20841
20201028,41.64,41.64,40.85,40.95,14595
20201029,41.85,41.85,41.4,41.6,13286
20201030,41.03,41.1,40.44,40.66,27240
20201102,40.82,41.22,40.5,40.82,34748
20201103,41.3,41.3,40.32,40.71,25865
20201104,42.86,43.35,42.16,43.17,23311
20201105,44.8,44.8,43.66,44.27,52739
20201106,44.62,44.73,43.93,44.59,22779
20201109,45.5,45.5,43.02,43.02,71396
20201110,42.51,42.51,40.3,40.53,39096
20201111,39.93,41.29,39.87,41.24,35812
20201112,41.36,42.39,41.36,41.43,42546
20201113,42.15,42.66,42.05,42.56,48780
20201116,42.63,42.63,41.97,42.08,162108
20201117,42.14,42.14,41.54,41.59,21056
20201118,41.86,41.86,41.43,41.45,22329
20201119,41.3,41.94,41.27,41.93,56043
20201120,42.03,42.97,42.03,42.92,24332
20201123,42.98,43.12,42.46,42.71,21711
20201124,43.05,43.11,42.78,42.99,20296
20201125,42.73,42.83,42.58,42.77,20069
20201127,42.99,43.88,42.99,43.88,11127
20201130,44,44,42.85,43.11,19519
20201201,44.02,44.02,43.01,43.15,16135
20201202,42.84,43.23,42.4,43.12,33464
20201203,43.92,43.93,43.46,43.48,18126
20201204,43.63,43.84,43.61,43.69,12870
20201207,43.7,43.71,43.5,43.62,36513
20201208,43.89,44.14,43.89,44.1,26492
20201209,45,45,43.27,43.47,26322
20201210,44.89,44.89,43.33,44.08,17720
20201211,44.19,44.46,43.87,44.03,17035
20201214,44.77,45.34,43.68,43.68,23068
20201215,44.47,44.47,43.5,43.75,18434
20201216,44.43,44.85,44.24,44.85,22958
20201217,45.11,45.68,45.11,45.43,28001
20201218,45.58,45.58,45,45,27237
20201221,45.06,45.23,44.09,44.98,14389
20201222,45.27,45.32,44.76,44.97,42158
20201223,45.47,45.55,45.04,45.04,35552
20201224,44.41,44.53,44,44.14,32163
20201228,44.12,44.12,43.11,43.11,35953
20201229,43.74,44.6259,43.72,44.38,23514
20201230,44.57,45.65,44.57,45.5,36236
20201231,45.75,45.75,45.12,45.26,22165
20210104,46.01,46.01,44.73,45.0444,14456
20210105,45.07,46.67,45.07,46.575,51908
20210106,47.04,47.04,45.31,45.31,26177
20210107,45.62,45.76,45.207,45.75,32302
20210108,46.73,47.7,46.305,47.43,34434
20210111,46.4,46.85,46.38,46.38,20062
20210112,46.81,46.81,46.3101,46.51,26534
20210113,46.74,47.4099,46.46,46.89,20674
20210114,48.84,48.84,47.6521,47.7734,18697
20210115,47.64,47.64,46.86,47.03,20060
20210119,48.73,48.73,48.1967,48.51,146634
20210120,49.86,50.564,49.86,50.35,34572
20210121,51.31,51.31,50.3272,50.71,13698
20210122,50.67,50.99,50.5995,50.87,200882
20210125,54.98,54.98,51.32,51.79,35438
20210126,51.95,51.95,50.75,50.865,58575
20210127,50,50,48.58,48.675,28142
20210128,48.51,49.7,48.51,49.2,47370
20210129,49.17,49.17,47.87,48.28,62856
20210201,49.43,50.28,49.43,50.25,23814
20210202,51.81,51.81,50.9,51.37,42826
20210203,52.64,52.64,51.6723,51.9,19629
20210204,52.54,52.54,51.725,52.035,26209
20210205,52.42,52.62,52.1425,52.52,24342
20210208,53.8,53.8,52.6972,52.88,43974
20210209,53,54.17,53,54.06,24256
20210210,55.21,55.47,54.345,54.96,21663
20210211,56.43,56.43,55.5675,55.97,39647
20210212,55.83,56.2199,55.3399,56.01,19032
20210216,57.26,57.26,55.87,55.94,24436
20210217,56.23,56.23,55.41,55.84,33712
20210218,55.16,55.3252,54.3,55.3,43444
20210219,55.83,56.54,55.69,56.08,15027
20210222,54.51,55,53.45,53.48,49440
20210223,52.1,55.5831,50.39,52.68,64993
20210224,52,52,50.6117,51.63,28124
20210225,51.6,51.73,49.76,50.04,22450
20210226,49.67,50.03,48.5001,49.58,61143
20210301,51.26,51.5,50.89,51.44,42114
20210302,52.18,52.18,50.875,50.94,15259
20210303,51.26,51.26,49.73,49.8,10040
20210304,48.94,49.2,47.0001,47.6,233051
20210305,47.97,48.2499,45.96,47.56,53465
20210308,45.19,47.19,44.835,44.86,68878
20210309,45.5,47.5699,45.5,47.37,30167
20210310,46.92,47.4544,46.1579,46.72,27444
20210311,47.78,48.8899,47.78,48.56,54234
20210312,48,48,46.6717,47.26,13399
20210315,47.21,47.35,46.6,47.35,34612
20210316,47.8,48.29,47.4868,47.81,17261
20210317,46.92,47.86,46.17,47.68,33522
20210318,47.42,47.42,46.6001,46.79,19651
20210319,46.88,47.32,46.8,47.1199,15280
20210322,46.55,47.2999,46.55,47.1577,15752
20210323,47.63,47.63,46.37,46.39,13888
20210324,46.79,46.79,44.25,44.25,125987
20210325,43.84,45.06,43.27,43.5,34889
20210326,43.86,44.99,43.365,44.615,19199
20210329,43.55,43.96,43.5,43.9437,11396
20210330,44.09,44.69,43.8701,44.17,25159
20210331,44,45.37,44,45.18,16230
20210401,47.37,47.37,46.475,46.52,8146
20210405,47.37,47.37,46.5514,46.79,16989
20210406,47.04,47.7,47.04,47.42,16920
20210407,46.75,46.75,45.68,45.94,27854
20210408,47.03,47.03,46.2301,46.86,38692
20210409,46.71,46.71,46.22,46.5,2352
20210412,45.96,46.065,45.83,45.93,32375
20210413,46.12,46.44,46.06,46.44,14569
20210414,47.26,47.26,46.185,46.1965,23407
20210415,47.41,47.41,46.51,46.6432,9684
20210416,46.76,46.97,46.574,46.905,6593
20210419,46.75,46.75,46,46,7924
20210420,45.86,46.11,45.1,45.23,48313
20210421,44.58,45.54,44.58,45.54,15245
20210422,45.89,46.38,45.87,45.87,7323
20210423,46.38,46.91,46.38,46.87,6107
20210426,46.37,46.89,46.31,46.89,15487
20210427,47.36,47.36,46.97,47.34,54703
20210428,46.56,47.84,46.56,47.56,44034
20210429,48.75,48.75,46.66,46.88,61841
20210430,46.9,46.9,45.79,45.79,16309
20210503,46.16,46.35,45.55,45.57,17985
20210504,44.535,44.651,44.23,44.56,14004
20210505,44.94,45.0376,44.47,44.54,11246
20210506,44.3658,44.4999,43.72,44.07,10255
20210507,44.445,44.96,44.3819,44.44,13914
20210510,43.93,43.93,42.5092,42.5092,28288
20210511,41.23,42.86,41,42.59,23741
20210512,41.75,42.25,41.38,41.525,9975
20210513,41.39,41.4776,40.02,40.37,23063
20210514,40.7966,41.33,40.47,41.24,24034
20210517,41.24,41.47,41.0671,41.47,4976
20210518,40.31,42.46,40.31,42.23,4843
20210519,41.545,42.26,41.545,42.123,9137
20210520,42.12,43.58,42.12,43.55,10259
20210521,44.16,44.16,43.11,43.15,41137
20210524,43.78,43.82,42.89,43.63,51137
20210525,43.61,44.25,43.61,43.91,27479
20210526,44.3447,44.455,44.11,44.2,15417
20210527,43.65,44.1376,43.525,43.94,8920
20210528,43.74,44.44,43.74,44.18,18844
20210601,45.655,45.8623,45.402,45.69,8244
20210602,45.67,45.67,45.195,45.48,33605
20210603,44.95,44.95,44.25,44.3,18599
20210604,43.94,45.0072,43.94,44.94,10432
20210607,44.4328,44.76,44.3,44.6489,8593
20210608,44.75,44.75,44.42,44.52,8637
20210609,44.34,44.7261,44.31,44.355,6263
20210610,44.8657,44.9769,44.45,44.9769,15433
20210611,45.01,45.06,44.78,45.04,7674
20210614,44.74,45.6373,44.74,45.47,8871
20210615,45.75,45.75,44.9,44.97,5746
20210616,45.1514,45.19,44.7,45.08,12416
20210617,44.85,46,44.85,45.87,37781
20210618,45.32,46,45.32,45.9099,5211
20210621,46.28,46.28,45.23,45.74,57939
20210622,45.6,45.76,45.32,45.55,37326
20210623,46.61,46.61,46.14,46.17,22370
20210624,46.52,47.185,46.52,46.89,13492
20210625,47.12,47.54,46.97,47.505,10234
20210628,48.07,48.07,47.29,47.29,48133
20210629,47.77,47.83,47.24,47.63,6784
20210630,47.95,47.95,47.05,47.3,42908
20210701,47.01,47.0148,46.41,46.57,42088
20210702,46.28,46.49,46.212,46.325,16690
20210706,46.35,46.35,45.0902,45.31,48629
20210707,45.49,45.5125,44.94,45,129999
20210708,44.06,44.06,43.39,43.8367,6693
20210709,44.36,44.98,44.2,44.87,31823
20210712,44.85,44.99,44.62,44.95,17992
20210713,45,45.9799,44.99,45.5,27541
20210714,45.61,45.7755,45.3363,45.3363,7208
20210715,45.98,45.98,44.97,45.1,7787
20210716,44.98,45.295,44.75,44.825,9342
20210719,43.68,44.3821,43.68,44.26,7839
20210720,44.14,44.77,43.87,44.77,6231
20210721,44.375,45.01,44.361,45.01,5524
20210722,45.25,45.7499,45.23,45.49,79642
20210723,45.34,45.34,44.27,44.665,33461
20210726,43.4,43.4,42.0829,42.3,40703
20210727,40.67,41.1176,39.67,40.375,119657
20210728,41.18,42.5,41.18,42.4,25535
20210729,42.58,42.99,42.171,42.7,8058
20210730,41.83,42.43,41.5101,42.07,52431
20210802,41.87,43.05,41.87,42.77,41570
20210803,41.87,41.87,41.25,41.6,42231
20210804,41.89,42.5615,41.89,42.41,11257
20210805,42.21,42.5,41.4582,42.3484,12669
20210806,42.01,42.4811,41.76,41.99,21179
20210809,41.94,42.92,41.94,42.12,146985
20210810,43.04,43.2929,42.6183,43.0136,7853
20210811,43.33,43.33,42.07,42.64,10325
20210812,42.18,42.4499,41.955,42.23,6700
20210813,41.79,42.2984,41.7711,41.9,15157
20210816,40.56,41.3267,40.5345,40.755,11097
20210817,40.01,40.41,39.79,40.3192,10406
20210818,40.24,40.93,40.23,40.7244,17646
20210819,39.69,39.93,39.28,39.505,98339
20210820,39.28,40.23,39.2577,39.5,16588
20210823,39.6,40.39,39.411,40.26,30737
20210824,41.9,42.5,41.9,42.48,6316
20210825,42.84,42.84,41.856,42.5213,9249
20210826,42.17,42.26,41.7285,42.26,3474
20210827,41.33,42.0972,40.38,41.847,19539
20210830,41.47,42.2398,41.47,41.9699,17337
20210831,42.9,43.5226,42.9,43.2046,6717
20210901,43.78,44.73,43.78,44.4762,7427
20210902,44.26,44.81,44.16,44.325,18930
20210903,43.96,44.5408,43.24,44.15,6881
20210907,44.66,45.43,44.66,45.1316,4854
20210908,44.3135,44.39,43.7884,44.0567,2673
20210909,43.53,43.53,43,43.44,6923
20210910,43.6,43.8072,43,43.3551,4548
20210913,43.08,43.08,42.13,42.5578,17217
20210914,42.39,42.71,42.17,42.36,53120
20210915,42.23,42.23,41.3471,42.21,10423
20210916,41.5,42.1922,41.36,42.1922,25983
20210917,42.75,42.75,41.7717,41.7773,13772
20210920,40.79,41.1442,40.03,40.51,95679
20210921,40.89,41.19,40.68,40.95,12001
20210922,40.8,41.6819,40.8,41.44,70366
20210923,41.44,42.1,41.42,41.64,18591
20210924,40.95,41.16,40.95,41.115,9243
20210927,40.96,41.4691,40.876,41.43,14145
20210928,41.04,41.13,40.05,40.5,42645
20210929,40.06,40.515,39.6,39.76,4959
20210930,40.04,40.1842,39.58,40.1138,4843
20211001,39.56,40.085,39.194,39.68,22583
20211004,39.01,39.1617,38.27,38.76,42391
20211005,38.3,39.27,38.3,39.2699,9429
20211006,38.42,39.293,38.42,38.97,10993
20211007,39.68,41.24,39.68,41.0181,21245
20211008,41.32,41.32,40.77,40.96,4122
20211011,41.82,41.82,41,41.01,9024
20211012,41.02,41.02,40.59,40.683,7395
20211013,41.19,42.03,41.19,41.765,19267
20211014,41.92,42.3524,41.6001,41.94,66471
20211015,41.88,42.74,41.88,42.73,30573
20211018,42.58,43.16,42.49,42.91,10078
20211019,43.5,44.18,43.5,44.18,18050
20211020,44.41,44.445,44.01,44.445,6215
20211021,44.61,44.61,43.97,44.2,8068
20211022,44.3858,44.5,43.8212,43.8212,1983
20211025,43.8196,44,43.33,43.695,5734
20211026,43.49,43.89,42.32,42.97,25503
20211027,42.37,42.97,42.33,42.43,4692
20211028,42.45,43.3433,42.44,43.3433,5414
20211029,43.78,43.78,42.28,42.7,5243
20211101,42.11,43.59,42.11,43.59,11067
20211102,42.52,42.9349,42.48,42.54,19729
20211103,42.48,43.06,42.48,43.05,9215
20211104,43.215,43.4228,42.92,43.01,5812
20211105,42.5,42.96,42.3317,42.42,5859
20211108,42.21,42.719,42.21,42.719,5892
20211109,42.23,42.51,42.07,42.29,4786
20211110,42.23,42.81,41.75,42.25,6940
20211111,42.19,43.3853,42.19,43.36,19444
20211112,43.62,44.3,43.565,44.3,4188
20211115,43.78,44.5038,43.73,43.985,8791
20211116,44.11,44.95,44.08,44.435,54657
20211117,43.96,44.83,43.26,43.78,10993
20211118,43.3,43.3,42.475,43.01,23357
20211119,43.11,43.2,42.31,42.96,5208
20211122,41.81,42.2553,40.9701,41.22,20309
20211123,41.3,41.3,40.0201,40.33,3180
20211124,40.6,40.969,40.49,40.969,3167
20211126,40.6,40.6,39.6782,39.6782,1004
20211129,39.45,40.02,39.45,39.875,8460
20211130,39.755,39.87,38.49,38.75,7210
20211201,38.8,39.95,38.1844,38.38,19349
20211202,38.09,38.26,37.85,37.88,3317
20211203,37.76,37.76,35.91,36.28,16132
20211206,35.82,37.3,35.26,37.27,38733
20211207,37.85,39.15,37.85,38.93,83850
20211208,38.21,39.28,37.97,39.22,25408
20211209,38.46,38.535,37.9901,38.2,75257
20211210,38.2,38.38,37.43,37.43,22081
20211213,37.33,37.67,37,37.06,43657
20211214,37,37.1293,35.9459,36.785,11471
20211215,35.55,36.5,35.3463,36.31,35227
20211216,37,37,35.42,35.49,20525
20211217,34.77,35.5,34.3665,35.5,19950
20211220,34.47,34.7291,33.8701,34.315,17700
20211221,35.37,36.28,34.56,36.27,42750
20211222,35.95,36.326,35.34,36.01,35471
20211223,35.66,36.48,35.39,36.4,38829
20211227,36.19,36.81,36.1,36.14,203767
20211228,35.81,36.2699,35.568,35.8499,114903
20211229,35.2,35.345,34.85,35.15,43234
20211230,34.95,36.81,34.95,36.59,28194
20211231,36.18,37.0099,36.115,36.115,24153
20220103,36.11,36.36,36.11,36.2198,3160
20220104,36.37,37.26,34.27,34.84,23346
20220105,34.1,34.5,33.26,33.345,34052
20220106,33.15,34.35,32.84,33.92,26239
20220107,33.62,34.44,33.5088,33.6714,13188
20220110,34.0054,34.0054,33.01,33.78,36830
20220111,33.7,35.2,33.7,35.17,23293
20220112,35.83,36.5482,35.67,36.03,8862
20220113,35.74,35.74,34.24,34.24,46314
20220114,33.75,34.29,33.5582,34.25,26430
20220118,33.6,33.74,32.53,33.19,12494
20220119,33.45,33.9,33.16,33.17,47760
20220120,34.4,35.3399,34.0215,34.38,9409
20220121,33.82,34.14,32.5653,33.01,22805
20220124,32.35,32.35,30.3601,32.32,77734
20220125,31.75,32.1378,31.1681,31.65,16336
20220126,32.485,32.485,30.98,30.98,9173
20220127,30.8,31.149,30.02,30.03,9820
20220128,30.01,31.16,29.75,31.16,22575
20220131,31.95,33.52,31.95,33.47,20217
20220201,33.7,33.97,32.8401,33.9,17757
20220202,32.915,33.24,32.28,32.29,12749
20220203,31.8,32.54,31.57,31.57,17096
20220204,31.4,32.615,31.4,32.4459,15693
20220207,32.49,32.49,31.6499,31.85,5762
20220208,31.95,32.7511,31.92,32.46,6015
20220209,32.77,33.9999,32.77,33.86,17034
20220210,33.15,33.8597,32.76,32.82,19276
20220211,32.5,32.93,31.66,31.9098,7259
20220214,31.53,31.79,31.0216,31.31,30969
20220215,31.85,32.65,31.85,32.55,26355
20220216,32.33,32.376,31.89,31.89,26752
20220217,32.14,32.14,31,31.44,16225
20220218,30.97,30.97,29.43,30.58,12946
