Date,Open,High,Low,Close,Volume
20130523,96.88,97.63,95.5,97.61,50200
20130524,96.7,97.17,96.48,97.17,19100
20130528,100.11,100.11,98,98.25,42100
20130529,96.78,96.78,95.5,96.33,8700
20130530,96.74,97.9,96.74,97.48,8300
20130531,95.47,96,93.82,93.82,13100
20130603,94.28,95.19,93.04,95.19,4100
20130604,95.94,95.94,94.39,94.91,4900
20130605,93.71,93.79,91.93,91.93,25400
20130606,92.84,92.84,91.29,92.83,6700
20130607,92.91,94.82,92.85,94.78,19600
20130610,94.59,94.9,94.04,94.89,6400
20130611,91.69,93.13,91.69,92.88,3900
20130612,94.21,94.21,92.49,92.76,4100
20130613,92.48,94.68,92.35,94.68,2100
20130614,93.51,93.55,92.45,92.83,9000
20130617,95.83,96.2,93.98,95.11,2000
20130618,95.22,95.7,95.21,95.7,3200
20130619,94.74,95.28,92.12,92.12,2500
20130620,87.8,88.13,85.25,85.54,5600
20130621,85.29,86.34,83.01,84.41,13300
20130624,79.8,82,79.76,81.8,9100
20130625,82.17,83.77,82.17,83.64,2000
20130626,85.7,85.7,84.94,85.42,6500
20130627,87.27,87.27,86.19,86.65,4700
20130628,85.89,86.17,85.18,85.46,16600
20130701,87.64,87.74,87.15,87.18,3900
20130702,86.43,86.62,84.79,85.46,4700
20130703,83.59,84.87,83.44,84.87,2700
20130705,85.5,85.62,84.65,85.05,1700
20130708,87.1,87.73,86.66,87.21,21000
20130709,88.14,88.14,87.2,87.87,7000
20130710,88.37,89.36,88.37,89.07,1600
20130711,92.16,93.8,91.74,93.8,2300
20130712,92.54,92.54,92.12,92.12,3000
20130715,92.77,93.37,92.77,93.31,5400
20130716,93.15,93.17,92.51,93.17,1700
20130717,94.21,94.36,93.19,93.6,2400
20130718,94.07,94.73,94.07,94.7,1000
20130719,94.15,95.33,94.15,95.03,2100
20130722,95.51,96.43,95.48,96.25,6800
20130723,96.31,96.48,96.31,96.46,300
20130724,96.81,97.01,96.17,96.41,3500
20130725,96.4,97.35,96.4,97.28,5000
20130726,95.79,96.8,95.26,96.8,1000
20130729,95.75,96.03,95.21,95.93,8300
20130730,95.93,95.93,94.65,95.13,2600
20130731,95.78,97.37,95.78,97.37,7100
20130801,97.64,98.29,97.31,97.98,2800
20130802,98.92,99.03,98.92,99.03,300
20130805,98.22,98.59,97.83,98.54,6300
20130806,98.89,98.89,97.95,98.16,3500
20130807,98.26,98.7,98.1,98.7,13400
20130808,99.32,100.32,99.24,100.32,2600
20130809,100.34,100.72,100.1,100.6,2200
20130812,99.44,99.79,99.29,99.75,5200
20130813,99.47,101,99,100.92,17700
20130814,100.94,101.2,100.84,101.07,2800
20130815,98.56,100,97.8,99.95,4400
20130816,100.22,100.47,100.08,100.43,3500
20130819,99.46,99.46,98.62,98.62,600
20130820,98.81,99.86,98.8,99.65,17000
20130821,98.65,98.65,97.39,97.76,8500
20130822,99.1,99.36,98.72,99.36,5000
20130823,100.31,100.89,99.9,100.89,14800
20130826,100.45,100.79,99.8,100.5,40900
20130827,97.87,98.11,96.52,96.52,11100
20130828,95.95,96.59,95.3,96.17,30700
20130829,95.5,95.58,95.2,95.47,3100
20130830,94.46,94.58,93.57,93.97,11200
20130903,96.76,96.79,95.05,96.06,25200
20130904,95.46,97.4,94.92,97.17,9300
20130905,96.95,97.25,96.26,97.15,7200
20130906,97.95,98.91,97.18,98.43,6200
20130909,99,100.16,98.84,99.78,9200
20130910,100.84,101.85,100.84,101.58,7700
20130911,102.19,103.23,102.17,103.21,2500
20130912,103.03,103.14,102.31,102.45,3700
20130913,102.3,103.36,102,103.16,6400
20130916,105.46,105.48,104.37,104.37,5800
20130917,104.74,104.74,103.97,104.42,6200
20130918,104.44,109.61,104.33,109.43,5900
20130919,110.27,110.27,108.44,108.87,3700
20130920,108.58,108.58,107.45,107.63,3700
20130923,107.44,107.44,106.41,107,7300
20130924,107.25,107.92,106.88,107.11,8400
20130925,106.18,108,106.18,107.56,4200
20130926,107.74,108.05,107.22,107.66,12200
20130927,107.85,107.91,107.36,107.83,7900
20130930,106.48,106.6,106.1,106.25,5600
20131001,106.83,107.53,106.62,107.17,9100
20131002,106.58,107.48,106.3,107.48,5900
20131003,106.92,107.3,106.44,106.72,3400
20131004,106.21,106.94,106.21,106.57,5700
20131007,104.9,105.83,104.04,105.3,4300
20131008,104.8,104.82,102.86,102.96,9700
20131009,102.35,102.67,101.72,102.32,7800
20131010,105.22,106.44,105.04,106.43,2100
20131011,106.52,107.7,106.52,107.66,7200
20131014,107.44,108.57,107.44,108.36,3800
20131015,107.02,108.18,106.52,108.1,6200
20131016,108.51,109.18,108.5,109.18,4400
20131017,110.9,112.71,110.9,112.71,4900
20131018,112.51,113.64,112.51,113.58,5800
20131021,112.18,113.82,112.18,113.82,3300
20131022,115,117.12,115,117,3400
20131023,116.09,116.39,114.99,115.59,2400
20131024,116.18,117.01,116.18,116.94,3200
20131025,117.74,117.74,115.85,116.81,3900
20131028,116.08,116.73,115.91,116.57,5400
20131029,116.9,117.02,116.44,116.92,3100
20131030,116.41,117.12,115.12,115.83,4900
20131031,115.58,115.72,114.67,115.14,3700
20131101,114.24,114.24,113.04,114,7600
20131104,114.16,114.62,113.92,114.62,1200
20131105,112.66,113.39,111.74,113.2,3800
20131106,114.85,115.49,114.36,114.82,7100
20131107,114.85,114.85,111.49,111.49,4200
20131108,111.14,112.72,110.82,112.72,2700
20131111,113.09,113.27,113.09,113.27,2500
20131112,113.14,113.14,111.94,112.21,4000
20131113,109.71,113.06,109.71,113.06,3600
20131114,112.25,113.95,112.25,113.7,4700
20131115,114.46,115.09,114.34,114.94,3800
20131118,116.06,118.09,115.25,115.38,5600
20131119,114.96,115.41,114.34,114.75,5900
20131120,115.33,115.38,112.89,113.07,3000
20131121,114.06,114.67,113.86,114.65,5200
20131122,115.43,116.08,115.32,116.08,2900
20131125,116.38,116.38,114.89,115.58,1800
20131126,115.22,115.66,115.04,115.6,3800
20131127,116.62,116.62,115.76,116.14,5200
20131129,117.68,118.05,117.53,117.53,6800
20131202,116.21,116.28,115.31,115.31,5200
20131203,114.14,114.14,112.92,113.38,2400
20131204,111.02,112.11,110.6,111.84,10400
20131205,111.03,111.88,110.88,110.88,2600
20131206,112.48,113.99,112.48,113.9,2800
20131209,113.72,114.42,113.72,114.34,4800
20131210,113.35,113.4,112.81,112.88,1800
20131211,112.97,113.06,110.98,110.98,4500
20131212,108.93,110.13,108.69,109.06,1600
20131213,108.55,110.28,108.4,108.8,1500
20131216,111.61,112.11,111.1,111.4941,4993
20131217,110.95,110.95,109.34,110.34,3291
20131218,111.77,113.829,111.3672,112.87,4558
20131219,112.8,114.3602,112.8,114.3,1265
20131220,114.73,115.61,114.73,115.44,20867
20131223,116.32,117.5,116.32,117.35,4327
20131224,117.8,118.45,117.8,118.45,2153
20131226,119.1001,119.75,119.1001,119.75,2420
20131227,121.48,121.8,121.13,121.17,3561
20131230,121.23,121.77,120.9516,121.77,4175
20131231,122.37,123.0401,122,122.61,6949
20140102,119.27,120.45,117.188,117.378,7977
20140103,117.75,118.35,117.7,118.06,5155
20140106,118.04,118.3101,117.78,117.916,3992
20140107,119.19,119.73,119.19,119.73,1491
20140108,119.15,119.779,118.82,119.32,36519
20140109,119.11,119.32,118.35,119.3,9037
20140110,119.62,121.13,119.62,120.95,4902
20140113,120,120.22,118.92,118.92,5297
20140114,119.88,121.54,119.81,121.47,6946
20140115,121.26,122.55,121.26,122.42,2983
20140116,122,122.81,121.8001,122.8,5875
20140117,123.71,123.71,121.55,121.55,2186
20140121,123.43,123.45,122.41,123.27,2893
20140122,122.84,123.16,122.66,123.16,4223
20140123,122.61,122.759,121.83,122.5795,5065
20140124,119.06,119.06,115.91,115.9499,4280
20140127,115.51,115.74,113.35,114.47,8876
20140128,115.42,116.29,115.42,115.95,2694
20140129,113.52,114.26,112.89,113.6,2919
20140130,114.18,114.7,113.29,114.69,4525
20140131,111.26,112.53,108.83,111.78,10958
20140203,111.24,111.24,107.6,107.75,8266
20140204,108.14,109.05,108.14,108.958,7610
20140205,109.0801,109.5,108.68,109.4899,3269
20140206,110.58,113.216,110.58,112.86,5299
20140207,114.21,115.97,113.765,115.9699,5187
20140210,114.99,115.22,114.75,115.099,2022
20140211,116.38,118.35,116.38,118.35,3336
20140212,118.46,119,118.46,118.904,1966
20140213,117.08,120.26,117.08,120.16,5663
20140214,120.52,121.55,120.36,121.33,3516
20140218,122.25,123.46,122.25,123.46,7678
20140219,121.4,123.77,121.4,122.32,2413
20140220,122.26,123.51,122.03,123.509,2504
20140221,123.8,124.51,123.58,123.689,2165
20140224,124.0445,125.76,124.0445,125.2215,3895
20140225,124.75,125.21,124.23,124.68,4521
20140226,123.83,123.96,123.275,123.64,2543
20140227,123.699,124.85,123.56,124.85,2301
20140228,125.61,126.68,125.35,125.51,2725
20140303,122.2,122.2,120.2,120.32,1806
20140304,123.58,124.56,123.58,124.3501,5866
20140305,124.18,124.6299,123.89,124.07,3010
20140306,126.05,126.1,125.65,125.86,1596
20140307,125.35,125.35,123.098,123.48,2076
20140310,122.45,122.55,121.92,122.55,1005
20140311,121.98,122.81,120.88,120.88,3816
20140312,119.28,120.29,118.96,120.09,2500
20140313,120.56,120.57,115.47,115.66,3373
20140314,114.97,116.49,114.97,115.78,2726
20140317,117.02,118.44,117.02,118.28,1062
20140318,119.33,120.67,119.33,119.93,2000
20140319,119.679,119.9,116.1301,116.93,2420
20140320,115.739,117.63,115.739,117.25,2456
20140321,118.39,119.0388,117.24,117.38,3525
20140324,117.76,117.79,116.2428,117.49,3054
20140325,119.13,120.63,118.93,120.3109,2847
20140326,121.28,121.32,119.691,119.8664,2453
20140327,120.06,120.48,120.0149,120.21,3219
20140328,122.2599,122.4588,121.71,121.92,2132
20140331,123.49,123.96,122.83,123.38,5369
20140401,124.76,124.7681,123.81,124.3935,3103
20140402,123.87,124.579,123.87,124.579,1289
20140403,124.27,124.28,123.614,123.906,1681
20140404,123.97,124.49,123.14,123.17,2893
20140407,122.15,122.88,121.471,122.09,3613
20140408,122.23,123.84,122.23,123.7601,2204
20140409,124.73,126.26,124.73,126.26,300
20140410,125.864,125.864,122.7,123.15,2258
20140411,121.58,122.204,121.25,121.68,1032
20140414,122.4255,123.495,122.4255,123.2,2600
20140415,123.28,123.49,120.23,122.09,2066
20140416,123.099,124.42,123.099,124.42,1150
20140417,123.62,125.529,123.62,125.39,2653
20140421,125.25,125.56,125.25,125.36,1541
20140422,126.94,127.842,126.87,127.44,2827
20140423,127.07,127.13,126.21,126.38,3517
20140424,125.66,127.19,125.66,126.9899,2560
20140425,127,127,125.69,125.88,1346
20140428,127.61,127.658,126.15,126.7,1054
20140429,128.969,129.33,128.77,128.95,3607
20140430,129.7901,130.36,110,130.34,1947
20140501,130.599,130.84,130.5,130.8399,2539
20140502,129.9374,130.51,129.85,130.36,1285
20140505,127.94,130.31,127.94,130.17,4367
20140506,130.03,130.11,129.97,129.97,700
20140507,130.78,131.27,129.932,131.12,3036
20140508,131.72,132.16,130.93,131.09,5016
20140509,130.08,130.67,129.71,130.43,1061
20140512,130.92,132.14,130.92,132.14,2236
20140513,131,131.719,131,131.48,3232
20140514,130.94,132.43,130.94,131.8004,3096
20140515,132.02,132.18,131.4,132.03,1723
20140516,132.799,133.079,132.48,133.079,910
20140519,131.88,132.443,131.88,132.24,2410
20140520,130.36,131.25,130.14,130.6,2104
20140521,131.52,132.1,131.4535,132.1,2965
20140522,131.509,131.839,131.509,131.839,1607
20140523,131.05,132.09,131.05,131.95,2880
20140527,133.12,133.12,132.09,132.68,5208
20140528,132.039,132.039,131.798,132.01,984
20140529,132.42,132.5781,132.21,132.41,2179
20140530,131.54,132.929,131.54,132.72,1962
20140602,132.5,132.5,132.07,132.31,1816
20140603,131.93,132.02,131.82,131.91,1479
20140604,131.34,131.4525,131.22,131.3905,2708
20140605,131.32,133.469,131.32,133.46,23096
20140606,133.81,134.2499,133.53,134.2,1865
20140609,132.82,134.069,132.82,134.069,2125
20140610,133.43,134.07,133.43,134.0596,1863
20140611,133.59,133.59,132.732,132.9827,3389
20140612,133.29,133.38,132.679,132.68,1807
20140613,132.29,133.0642,132.166,132.784,2029
20140616,133.11,133.48,132.939,133.1,3050
20140617,132.2301,133.35,132.2301,133.06,1425
20140618,133.308,134.82,133.308,134.8199,1729
20140619,136.68,136.8,135.87,136.04,29663
20140620,136.18,136.18,135.2,135.41,1926
20140623,135.41,135.41,134.521,134.98,4289
20140624,134.65,134.65,133.27,133.42,1924
20140625,131.88,133.2,131.85,133.13,3025
20140626,132.06,132.06,130,131.95,2458
20140627,131.26,131.9101,131.2,131.9101,3471
20140630,131.96,132.559,131.96,132.482,3547
20140701,134.1299,135.04,134.1299,134.53,2723
20140702,134.09,134.7474,134.05,134.6245,2402
20140703,135.21,136.429,135.21,136.429,1767
20140707,134.26,134.26,133.58,133.66,500
20140708,131.8,132,130.64,131.169,2093
20140709,130.73,132.2802,130.73,132.2802,2529
20140710,128.47,129.51,128.2,129.33,3860
20140711,128.8,129.12,128.43,129.12,1410
20140714,130.98,131.57,130.81,130.8501,4603
20140715,130.72,130.9,129.28,129.838,3654
20140716,131.5,131.65,131.28,131.48,1445
20140717,129.53,130.62,127.71,127.85,5829
20140718,128.41,129.671,128.35,129.67,1090
20140721,128.47,128.669,127.969,128.5,1067
20140722,130.084,130.38,129.92,130.0384,2890
20140723,130.38,130.55,130.091,130.091,2911
20140724,130.68,131.189,130.65,131.189,4494
20140725,130.13,130.13,128.9399,129.09,738
20140728,127.96,129.1,127.79,128.93,2681
20140729,129.52,129.52,128.74,128.7401,1448
20140730,128.81,128.81,126.74,127.68,6043
20140731,125.34,125.34,123.56,123.77,3602
20140801,121.97,123.12,121.4,122.03,4436
20140804,122.671,123.39,122.17,123.39,1260
20140805,121.8,122.161,120.695,121.029,3154
20140806,119.8,120.9,119.798,120.879,3305
20140807,121.171,121.171,118.181,118.4809,3121
20140808,118.37,120.32,118.33,120.32,2924
20140811,120.33,121.109,120.33,120.519,3906
20140812,119.7,120.51,119.5901,120.286,5202
20140813,121.27,121.289,120.6401,121.289,4503
20140814,122.06,122.43,122.05,122.3,4353
20140815,123.77,124.25,119.2301,122.16,3975
20140818,123.28,123.74,123.18,123.74,1819
20140819,123.62,124.08,123.49,123.85,2161
20140820,122.25,123.42,122.25,123.3,2274
20140821,123.56,124.621,123.56,124.621,2216
20140822,123.8,123.83,123.01,123.54,1900
20140825,124.66,125.605,124.66,125.03,5615
20140826,125.77,126.935,125.77,126.29,4041
20140827,126.7,126.81,126.27,126.78,4651
20140828,125.34,125.59,124.969,125.4574,3586
20140829,125.65,125.91,124.63,125.76,4236
20140902,125.6909,125.8,125.291,125.6,3308
20140903,128.15,128.3,127.571,128.02,1789
20140904,127.85,128.03,125.73,126.2,2932
20140905,125.59,126.76,125.5,126.671,2070
20140908,124.06,124.88,123.541,123.77,3377
20140909,123.71,123.88,123.21,123.55,2031
20140910,123.4,124.85,123.4,124.85,3681
20140911,123.99,124.11,123.2,124.04,2246
20140912,123.309,123.89,123.15,123.889,1223
20140915,123.49,124.0375,123.49,123.88,3150
20140916,123.2074,124.97,122.99,124.8736,1294
20140917,124.7,124.94,90,123.63,6466
20140918,125.56,125.87,125.54,125.85,4450
20140919,125.5,125.55,124.87,125.219,2960
20140922,124.63,124.82,123.5601,123.7,2393
20140923,122.6,122.6,121.51,121.61,2431
20140924,121.75,123.18,121.75,123.18,23209
20140925,121.03,121.03,119.15,119.57,3852
20140926,119.26,120.501,119.26,120.221,1389
20140929,117.2,118.45,117.2,118.25,2830
20140930,117.42,118.34,117.42,118.17,1646
20141001,116.55,117.22,115.38,116.115,3349
20141002,113.5,113.8,111.99,113.19,5273
20141003,113.51,113.51,111.781,111.9401,3385
20141006,113.36,113.95,112.37,113.95,4591
20141007,110.92,111.111,109.92,109.92,1900
20141008,109.81,113.619,109.74,113.619,3080
20141009,111.72,111.72,107.5,107.5,2744
20141010,105.94,107.03,104.5,104.5716,6224
20141013,106.85,107.45,105.08,105.08,4413
20141014,105.46,106.285,104.638,104.95,2342
20141015,102.64,103.14,99.05,102.8,9352
20141016,98.611,101.79,98.5821,100.6599,8652
20141017,103.23,105.54,103.23,104.59,4809
20141020,103.12,105.32,103.12,105.32,4733
20141021,106.45,108.18,106.45,108.16,1311
20141022,107.56,107.71,106.25,106.25,4222
20141023,107.84,109.288,107.71,108.75,6598
20141024,108.74,109.139,108.62,109.04,1037
20141027,107.37,108.2474,106.7699,107.941,3503
20141028,110.32,110.99,109.85,110.95,7580
20141029,110.91,111.179,108.251,108.83,2997
20141030,106.88,109.612,106.88,109.29,2465
20141031,110.39,112.061,110.39,112.056,4857
20141103,110.09,110.13,108.9,109.25,4476
20141104,109.29,109.29,107.8,108.6,2942
20141105,109.79,110.19,109.79,110.09,538
20141106,109.86,109.86,109.12,109.29,1398
20141107,108.15,109.47,108.15,109.47,936
20141110,110,110.44,110,110.1901,3422
20141111,110.51,111.82,110.2101,111.63,4821
20141112,109.8,110.221,109.1,109.6508,2640
20141113,110.51,110.55,109.94,110.55,4443
20141114,108.92,110.94,108.92,110.67,2571
20141117,109.65,111.33,109.65,111.198,3889
20141118,112.99,113.9448,112.99,113.86,3754
20141119,114.01,114.381,113.16,113.76,2599
20141120,112.15,113.12,112.15,113.04,2714
20141121,115.11,115.62,114.17,114.698,5242
20141124,116.01,116.01,115.61,115.9,1673
20141125,116.39,116.65,116.14,116.62,1336
20141126,116.74,117.56,116.74,117.44,3114
20141128,116.37,116.51,115.799,115.799,6830
20141201,115.69,115.96,115.54,115.55,534
20141202,115.33,116,115.29,115.74,5075
20141203,115.04,115.549,114.86,115.3895,1600
20141204,114.27,114.84,113.65,114.161,1951
20141205,114.35,115.171,114.35,114.63,4717
20141208,113.811,113.811,113.1299,113.1299,1317
20141209,110.91,111.66,110.271,110.92,2607
20141210,110.351,110.351,108.46,108.6001,2231
20141211,109.35,109.56,108.1,108.1,3612
20141212,106.84,107.74,103.49,103.49,4569
20141215,103.1,104.26,98.56,99.24,11817
20141216,98.4,104.29,98.4,102.05,3288
20141217,102.25,104.92,102.17,103.9725,7067
20141218,106.1,107.75,106.1,107.69,6499
20141219,106,107.58,106,107.579,5216
20141222,107.73,108.29,107.71,108.2,3020
20141223,107.23,107.634,107.15,107.431,6489
20141224,107.6,108.44,107.5801,108.4,5986
20141226,108.4,109.0899,108.4,108.8,3339
20141229,107.49,108.127,107.38,107.4001,3978
20141230,106.13,106.13,105.05,105.17,4096
20141231,105.03,105.8,103.8,103.8939,7811
20150102,104.03,104.03,102.19,102.85,6197
20150105,99.74,99.74,96,96.31,22280
20150106,96.441,96.86,94.225,95.32,6299
20150107,95.63,96.37,94.2101,96.18,6434
20150108,98.45,100.629,98.16,99.55,9291
20150109,98.77,98.77,96.35,97.9,5467
20150112,97.05,98.57,96.81,97.78,3798
20150113,100.14,100.81,97.64,98.5836,7477
20150114,97.56,98.54,97.06,98.25,4202
20150115,100.661,101.34,99.9,100.56,10837
20150116,100.69,102.51,100.69,102.51,8823
20150120,104.42,104.54,103.38,104.26,9063
20150121,103.64,105.44,103.34,105.44,2436
20150122,104.51,106.46,104.49,105.46,6901
20150123,105.37,106.5,105.37,105.38,8834
20150126,106.47,108.03,105.83,107.73,8523
20150127,106.78,108.62,106.71,108.14,5466
20150128,107,107,103.74,103.74,2497
20150129,105.5,107.03,104.7,106.5339,6536
20150130,105.03,105.03,103.44,103.49,15459
20150202,104,106.0301,104,106,3009
20150203,108.63,110.508,108.63,110.33,7696
20150204,109.06,110.25,108.81,109,9714
20150205,109.3,110.7589,109.03,110.6737,4649
20150206,109.61,109.61,107.42,107.72,11232
20150209,107.31,108.05,107.31,107.43,2052
20150210,107.83,108.7499,107.15,108.58,5781
20150211,107.1,107.45,106.32,107.1,5309
20150212,108.84,111.01,108.84,110.71,10212
20150213,110.02,112.34,110.02,111.93,9896
20150217,111.3,113,110.87,112.55,5803
20150218,112.47,113.11,111.85,113,8989
20150219,112.49,113.5499,112.39,112.39,6837
20150220,111.6,115.3,111.6,115.2861,5425
20150223,113.46,114.333,113.34,114.16,4479
20150224,113.75,115.78,113.75,115.78,4875
20150225,115.095,115.632,114.8901,115.241,6146
20150226,114.96,115.362,114.48,114.699,3585
20150227,114.72,115.91,114.72,114.94,2382
20150302,114.69,114.83,114.19,114.83,4104
20150303,114.04,114.24,112.9366,113.4192,2527
20150304,110.01,113.46,110.01,113.04,13837
20150305,113.57,114.0083,113.1,113.5599,3641
20150306,110.961,111.474,109.16,109.18,2505
20150309,109.64,110.467,109.46,109.9701,6507
20150310,107.03,107.03,104.41,104.5,5578
20150311,104.7,105.13,103.74,104.24,8148
20150312,106.23,106.3656,105.12,105.95,3750
20150313,103.41,104.12,103.11,104.12,3508
20150316,106.15,107.7,106.15,107.24,5185
20150317,106.23,107.11,106.23,107.11,7247
20150318,107.76,112.41,107.76,110.5,4005
20150319,109.64,109.72,109.076,109.51,1876
20150320,114.14,116.06,114.084,115.599,6386
20150323,116.14,116.92,115.85,116.37,4189
20150324,116.77,117.34,115.81,115.87,4295
20150325,116,116.2586,114.22,114.27,4405
20150326,112.78,112.81,111.64,112.18,5166
20150327,112.13,112.9399,112.13,112.7042,3096
20150330,113.02,113.77,113.02,113.5671,4072
20150331,110.15,110.8866,109.48,109.92,8883
20150401,111.5,111.85,110.74,111.43,2814
20150402,112.65,113.54,112.65,113.11,4320
20150406,115.87,116,114.95,115.11,4116
20150407,115.37,117.05,114.9,115.02,4463
20150408,117.13,117.31,114.6,115.39,5367
20150409,115.87,115.87,115.2015,115.61,2634
20150410,115.11,116.774,115.11,116.27,4740
20150413,115.71,116.249,115.23,115.23,3870
20150414,116.38,117.61,116.38,117.25,5278
20150415,117.64,118.73,117.2,118.73,2119
20150416,117.98,119.0705,117.94,119.0705,1040
20150417,117.31,117.31,115.03,115.54,2584
20150420,116.5,117.38,116.32,116.58,4215
20150421,117.745,118.11,117.5,117.74,18953
20150422,117.3,117.94,116.481,117.94,3367
20150423,117.36,119.78,117.36,119.76,3411
20150424,119.56,121.08,119.29,120.04,6172
20150427,121.41,123.114,121.41,121.8,2185
20150428,121.6,122.09,120.52,121.78,1740
20150429,120.99,121.57,101.5201,120.2,6078
20150430,119.43,120.64,119.43,119.6218,2023
20150501,120.58,120.91,119.53,120.91,2045
20150504,121.66,122.05,120.25,120.52,4306
20150505,120.35,120.39,118.32,118.3299,3948
20150506,120.009,120.67,118.82,119.24,3013
20150507,117.92,118.9,117.57,118.02,2683
20150508,119.028,123.45,119.028,123.25,6316
20150511,122.92,123.6,122.3,122.3,2403
20150512,122.1,122.36,121.44,121.59,1954
20150513,123.65,124.25,122.51,122.51,2292
20150514,125.32,126.48,125.32,126.09,2583
20150515,124.93,125.289,123.85,125.17,4952
20150518,124.27,124.57,123.661,124.419,3887
20150519,123.64,123.64,123.3,123.3457,1708
20150520,123.43,124.42,123.43,124.18,3372
20150521,124.91,126.47,124.91,126.32,1872
20150522,124.49,124.509,123.81,124.15,3655
20150526,122.91,122.91,118.47,118.6752,3777
20150527,119.01,121.69,119.01,121.61,4645
20150528,120.77,121.77,120.5,121.769,1171
20150529,120.715,120.99,118.25,119.71,1156
20150601,119.43,119.43,116.68,117.391,3629
20150602,118.81,120.74,118.7985,119.26,4781
20150603,120.96,121.42,120.76,121.01,2540
20150604,119.36,121.239,118.17,118.18,2183
20150605,114.02,115.7608,113.98,115.7608,3414
20150608,115.19,115.9,114.92,115.65,4199
20150609,113.8599,114.81,113.751,114.4,1476
20150610,115.54,120.57,115.54,119.38,22085
20150611,120.02,120.75,100,119.83,8002
20150612,118.86,118.86,116.57,117.72,5851
20150615,114.61,115.41,114.46,115.41,4031
20150616,115.79,116.13,114.89,115.61,4637
20150617,115.79,116.135,114.55,114.6798,3904
20150618,117.44,119.43,117.43,118.54,3191
20150619,118.35,118.49,117.289,118.22,2047
20150622,122.55,124.42,122.55,122.97,2287
20150623,123.3841,123.57,122.61,122.91,2786
20150624,122.27,122.579,121.04,121.04,3589
20150625,121.05,121.86,120.733,120.7401,3018
20150626,121.651,122.04,120.06,120.7399,6816
20150629,115.4,115.4,113.27,113.51,2182
20150630,113.97,113.97,111.37,112.329,6696
20150701,114.4499,114.45,112.22,112.26,2271
20150702,113.72,113.79,113.05,113.38,5319
20150706,112.276,112.276,108.0001,108.44,4246
20150707,105.76,109.08,103.88,108.241,3844
20150708,106.34,106.34,105.32,105.52,2900
20150709,107.11,110.57,107.11,109.1,5518
20150710,115,117.9,115,117.2,3876
20150713,118.08,118.43,117.845,118.18,6564
20150714,118.5,120.42,118.5,119.913,3730
20150715,119.4,119.65,118.573,119.169,2105
20150716,120,121.3134,120,120.87,3328
20150717,120.05,120.296,119.8295,120,1154
20150720,120.3,120.85,120.23,120.7,2853
20150721,119.781,119.781,119.05,119.05,1383
20150722,117.799,117.799,117.23,117.28,1046
20150723,118.07,118.38,116.8,116.948,3100
20150724,116.12,116.6,114.07,114.48,8272
20150727,114.06,114.06,112.65,112.67,2550
20150728,114,115.7625,113.7501,115.7625,1906
20150729,115.96,117.5,115.96,116.99,3755
20150730,116.31,117,116.31,117,601
20150731,118.17,119,117.74,117.74,4312
20150803,114.21,119,114.21,117.443,5060
20150804,118.18,118.18,117.14,117.2901,756
20150805,118.311,119.52,118.311,119.29,4561
20150806,118.97,119.23,118.28,118.8,4214
20150807,118.35,118.35,117.07,118.23,22747
20150810,119.41,120.68,118.14,120.4,7524
20150811,118.81,118.81,116.71,117.5,11542
20150812,116.33,116.33,106.06,115.42,5436
20150813,116.09,116.09,114.7801,114.92,10617
20150814,114.05,114.77,113.68,114.77,16601
20150817,115,115,112.709,114.26,6689
20150818,113.3,114.089,113.04,113.33,5170
20150819,112.21,112.21,109.79,110.74,3960
20150820,109.6237,109.8275,107.155,107.19,7050
20150821,105.44,106.28,101.13,101.61,15205
20150824,101.624,101.624,92.28,94.37,13985
20150825,95.12,102.88,95.12,96.86,12922
20150826,99.5,99.5,94.65,99,13732
20150827,101,102.7,100.5,102.7,10839
20150828,101.12,102,100.745,101.25,11224
20150831,100.5,101.4935,99.83,100.58,3135
20150901,99.961,99.961,94.45,94.67,7462
20150902,94.67,97.84,94.67,97.14,5780
20150903,97.879,99.4427,97.54,97.57,5681
20150904,93.3401,94.28,93,94.26,13206
20150908,95.01,99.2148,95.01,99.051,12041
20150909,101.81,102.74,98.9,98.9,2200
20150910,97.73,100.04,97.73,99.34,5066
20150911,98.0875,99.429,98,98.98,2890
20150914,97.12,97.12,97.12,97.12,260
20150915,98.67,99.77,97.76,99.312,4458
20150916,101.85,102.509,101.85,102.509,922
20150917,101.53,103.15,101.16,103.15,3937
20150918,98.42,99.44,97.03,97.24,3559
20150921,98,98.389,96.395,96.9,3881
20150922,94.08,94.08,90.07,91.11,4392
20150923,92.07,92.07,90.05,90.432,4250
20150924,89.65,89.92,88.76,89.92,8572
20150925,92.452,93.4,91.05,91.29,3987
20150928,90.55,90.55,87.682,87.98,4729
20150929,88.47,89.07,87.75,88.2001,5280
20150930,90.382,92.44,90.382,92.06,5178
20151001,92.57,92.57,90.35,92.28,5320
20151002,91.82,95.6365,91.82,95.6365,1346
20151005,97.335,99.88,97.335,99.66,12699
20151006,99.76,101.15,99.76,100.59,3408
20151007,101.88,102.662,101.145,101.65,7118
20151008,100.75,103.36,100.38,103.35,5169
20151009,103.77,104.61,103.02,103.02,6914
20151012,103.02,104.1015,103.02,104.08,4350
20151013,101.23,102.4985,101.23,101.62,2157
20151014,101.7782,102.54,101.34,102.17,4866
20151015,103,105.44,103,105.2701,7312
20151016,104.76,106.199,104.592,105.78,3467
20151019,105.75,105.75,104.2601,105.11,3797
20151020,103.79,104.4999,103.57,104.31,7129
20151021,103.14,103.94,102.4235,102.868,5676
20151022,104.9995,106,104.87,105.54,7885
20151023,106.61,107.28,105.88,106.88,8390
20151026,106.739,106.739,105.57,106.1,7747
20151027,103.97,104.85,103.64,103.88,3845
20151028,105.24,107.035,105.24,105.7918,3920
20151029,104.35,104.72,103.3,104.72,4248
20151030,104.12,105.614,104.12,104.64,3521
20151102,105.43,106.38,105.43,106.38,3930
20151103,104.2901,106.1425,104.2901,105.71,2258
20151104,106.51,106.51,104.05,104.6,5958
20151105,105.19,105.32,104.04,104.44,6372
20151106,102.33,103.01,101.57,102.8999,3349
20151109,101.59,101.59,99.8,100.44,5820
20151110,99.25,99.9697,99.15,99.9697,7823
20151111,101.5,102.049,100.74,100.84,4120
20151112,98.68,99.09,98.44,98.57,5749
20151113,96.02,96.72,96,96.04,6601
20151116,96.65,98.9931,96.4,98.78,5839
20151117,100,100.51,99.32,99.48,3635
20151118,100.3,101.66,100.07,101.66,9414
20151119,102.74,103.438,102.61,102.91,4494
20151120,102.87,102.9978,101.26,101.26,4581
20151123,100.75,101.09,99.285,99.63,8023
20151124,97.42,99.63,97.42,99.63,5113
20151125,100.27,100.89,100.11,100.26,2823
20151127,101.34,101.59,100.97,100.97,1057
20151130,101.41,101.84,99.624,101.33,1879
20151201,102.45,102.45,101.09,101.84,6766
20151202,101.3,101.75,99.8,99.86,2690
20151203,99.62,99.67,97.31,97.31,1517
20151204,97.715,100.099,97.71,100.099,6302
20151207,98.76,99.18,97.61,98.3567,5120
20151208,94.72,95.96,94.72,95.19,8383
20151209,95.46,96.86,94.21,94.92,7753
20151210,96.139,96.139,94.57,94.79,12599
20151211,92.28,92.385,90.86,91.14,9824
20151214,90.93,91.3355,88.381,89.65,10267
20151215,92.38,93.43,91.98,92.165,17378
20151216,94.36,96.3851,93.55,96.3455,17441
20151217,95.14,95.14,93.35,93.59,10275
20151218,92.35,92.63,90.9,91.7025,15114
20151221,88.5,93.74,88.5,90.7392,23545
20151222,91.869,92.64,91.1,92.52,20253
20151223,94.7,97.109,94.7,96.73,16983
20151224,96.73,97.4,96.7,97.065,14751
20151228,96.06,96.639,95.61,96.58,10838
20151229,97.21,98.29,97.21,98.08,10178
20151230,97.49,97.53,96.5545,97,53131
20151231,95.29,95.29,93.8,93.8,14605
20160104,92.78,92.78,88.76,91.29,6196
20160105,89.65,90.16,88.811,90.16,3591
20160106,87.31,87.31,86,86.5904,3782
20160107,84.28,84.68,83.07,83.18,4926
20160108,84.5,84.5,79.95,80.15,4886
20160111,82.5,82.7199,79.95,81.55,5293
20160112,83.4,83.4,81.09,82.8,6879
20160113,83.22,83.72,79.2,79.82,5576
20160114,80.09,82.46,78.8701,82.46,14576
20160115,75.841,77.34,74.98,75.47,4898
20160119,75.98,78.7,75.72,76.99,44500
20160120,73.36,73.52,70,73.4275,11048
20160121,72.59,75.12,61.06,74.77,10839
20160122,77.013,80.43,77.013,79.58,5947
20160125,77.5,77.78,76.93,77.1044,1345
20160126,78.17,80.5,78,79.895,3257
20160127,80.8732,81.5554,79.1261,81.5554,1661
20160128,80.43,80.43,78.9,79.4401,3562
20160129,80.44,82.6506,79.755,82.6506,3441
20160201,80.33,82.75,80.1,82.3946,3210
20160202,77.98,78.16,76.54,76.67,2289
20160203,77.666,79.3,76.38,79.3,4162
20160204,79.52,79.53,78.5001,78.68,3282
20160205,78.61,78.61,75.851,76.12,4147
20160208,73.58,73.58,71.04,72.7016,8799
20160209,69.34,70.67,68.962,70.185,6147
20160210,72.09,73.188,71.2,71.54,6457
20160211,69.26,69.78,67.65,69.07,7281
20160212,70.46,72.5,69.94,71.95,5430
20160216,74.108,74.74,73.524,74.74,7091
20160217,76.47,78.2485,76.47,78.03,3411
20160218,77.41,77.5,76.25,76.285,5478
20160219,74.63,76.2225,74.45,75.92,5666
20160222,76.72,77.301,76.72,77.12,2752
20160223,75.79,76,73.91,73.91,4597
20160224,70.72,73.33,69.96,72.82,9274
20160225,75,75.89,74.12,75.79,13771
20160226,76.42,76.7,75.7371,76.07,2570
20160229,74.75,76.1952,74.4949,74.4949,9831
20160301,76.83,79.35,76.73,78.936,7158
20160302,78.38,80.42,78.38,80.42,6999
20160303,80.3,81.39,80,81.39,3085
20160304,82.63,83.375,82.34,82.4,6175
20160307,81.07,82.83,80.7,82.605,5801
20160308,81.64,81.98,81.16,81.35,5427
20160309,81.79,82.4,81.42,81.74,10816
20160310,83.53,84.005,80.5526,81.64,2981
20160311,85,86.8,84.81,86.36,9667
20160314,85.74,86.33,85.6,85.9902,9429
20160315,83.53,84.06,83.47,83.865,3834
20160316,82.57,85.432,82.54,85.25,3336
20160317,84.73,86.9,84.73,86.84,3486
20160318,86.16,86.808,85.68,85.9901,3303
20160321,85.16,86.1,83.375,85.7,2088
20160322,83.05,84.77,82.51,84.3,7096
20160323,84.18,84.18,82.62,82.7152,5021
20160324,80.65,81.445,80.3923,81.445,5585
20160328,82.04,82.32,81.89,81.89,7053
20160329,81.4244,84.53,80.86,84.53,10332
20160330,86.01,87.0504,85.491,86.1488,3523
20160331,85.39,85.39,84.32,84.42,4351
20160401,81.89,82.65,80.305,82.65,4421
20160404,83.4,83.57,82.7,82.74,5670
20160405,79.74,79.74,79.241,79.4,5037
20160406,80.44,82.34,79.9,82.0288,8080
20160407,80.58,80.7732,79.75,79.85,2130
20160408,82.39,83.08,82.11,82.25,4381
20160411,84.19,84.88,83.2,83.36,13699
20160412,82.495,85.57,82.495,85.201,5494
20160413,87.86,88.52,87.63,88.43,5957
20160414,88.66,89.78,88.66,89.5106,6557
20160415,89.45,89.75,88.94,89.11,7904
20160418,88.6,91.1954,88.6,91.02,3217
20160419,93.95,94.9986,93.95,94.7705,41402
20160420,94.48,95.52,94.46,95.225,2627
20160421,94.03,94.77,93.44,93.635,8995
20160422,92.62,93.65,92.38,93.53,4389
20160425,92.05,92.6218,91.9,92.2001,5158
20160426,93.61,93.92,93.34,93.38,2927
20160427,93.63,94.4801,93.63,94.3546,3501
20160428,93.68,94.424,93.02,93.02,1787
20160429,93.03,93.03,91.25,91.972,2258
20160502,92.7,93.47,92.5,93.14,6173
20160503,90.07,90.121,89.4101,89.55,4374
20160504,87.24,87.25,85.91,86.4,4732
20160505,86,86.26,85.4,85.715,1168
20160506,85.5,86.3354,84.8,85.89,9500
20160509,86.77,87.03,86.1,86.5,9581
20160510,87.89,88.8,87.69,88.8,4946
20160511,87.71,88.65,87.37,87.69,8231
20160512,88.78,89.28,86.37,87.3,4808
20160513,86.22,86.415,85.18,85.38,3949
20160516,86,87.58,86,87.29,6052
20160517,86.45,86.9159,85.84,85.91,5871
20160518,85.85,88.2,85.85,86.54,1826
20160519,85.54,85.54,84.44,85.17,6614
20160520,86.24,86.7292,86.24,86.54,5270
20160523,85.9,86.4,85.2999,85.85,6788
20160524,87.54,89.9987,87.54,89.56,7287
20160525,91.82,93.0199,91.82,92.682,4909
20160526,93.545,93.545,92.642,93.15,4011
20160527,93,93.435,92.61,93.1,4639
20160531,93.01,93.015,90.34,90.77,4137
20160601,89.41,90.8,89.41,90.64,3740
20160602,90.3,90.7448,90.0001,90.71,4254
20160603,91.53,92.4386,90.695,92.3625,35404
20160606,92.92,93.7082,92.5301,93.29,14184
20160607,95,95.342,94.6262,94.77,12003
20160608,94.9,94.9,94,94.32,10502
20160609,92.09,92.1346,91.17,92.0065,16233
20160610,87.22,87.22,84.6401,85.36,15758
20160613,82.79,84.21,81.6101,81.65,5678
20160614,79.79,80.14,77.58,78.22,11201
20160615,79.91,80.9356,79.52,80,4582
20160616,77.22,81.08,75.73,81.0295,9677
20160617,82.11,83.4301,81.6595,83.4181,3304
20160620,87.85,89.81,87.85,88.31,14866
20160621,89.9,91.8401,89.46,90.6886,7870
20160622,92.15,92.7699,90.65,90.65,6004
20160623,95.1,96.52,93.5505,96.52,8766
20160624,76.44,82.5499,76.44,76.5,18357
20160627,73.54,73.54,66.88,72.99,26309
20160628,77.18,78.22,76.02,78.07,13882
20160629,81.647,82.6496,80.96,82.3001,12978
20160630,82.61,86.31,82.393,85.99,12210
20160701,86.18,86.68,85.89,86.31,18376
20160705,83.5201,83.5201,81.64,81.8745,15059
20160706,79.45,81.36,78.17,81.09,8018
20160707,81.15,81.96,79.6368,80.3,2582
20160708,81.96,82.59,81.86,82.26,55511
20160711,84.05,85.3,84.05,84.784,21178
20160712,87.04,87.8437,86.92,87.18,7387
20160713,87.31,88.02,86.29,86.44,30268
20160714,89.04,89.53,88.21,88.63,11893
20160715,87.94,88.1656,87.16,87.465,21060
20160718,86.86,88.2942,86.85,87.6,12639
20160719,85.87,85.97,85.06,85.36,7816
20160720,86.28,87.78,86.28,87.33,6782
20160721,87.09,87.75,86.58,86.7,7647
20160722,87.38,87.7699,86.78,87.26,3013
20160725,87.11,87.26,86.2301,86.84,8301
20160726,87.28,88.12,86.68,87.55,11392
20160727,88.21,88.8151,87.17,88.36,4428
20160728,88.21,88.75,87.25,88.106,6826
20160729,89.24,90.5429,89.23,90.3558,3112
20160801,89.2219,89.31,87.84,87.84,5727
20160802,87.89,87.89,86.575,87.35,4676
20160803,85.72,86.75,85.72,86.7,3666
20160804,87.1,87.409,86.48,87.32,6014
20160805,87.32,88.1493,87.32,88.06,5157
20160808,87.27,87.78,87.25,87.65,5533
20160809,88.06,89.769,88.06,89.3256,4087
20160810,90.35,90.55,89.57,89.78,10190
20160811,90.9,92.2749,90.9,91.83,4235
20160812,91.8,92.12,91.16,91.43,7294
20160815,91.89,92.7,91.84,91.9,5225
20160816,92.5,92.64,92.01,92.154,11073
20160817,90.71,92.39,90.65,91.805,3566
20160818,91.7,92.88,91.7,92.79,7334
20160819,91.11,91.11,90.3,90.92,1437
20160822,90.11,91.162,89.8,90.83,3968
20160823,92.43,92.7,91.57,91.65,2319
20160824,92.16,92.16,90.69,90.75,1773
20160825,90.48,90.58,89.96,90.12,5224
20160826,90.75,91.55,88.675,89.1893,7997
20160829,88.69,90.21,88.69,90.2,11526
20160830,90.53,90.53,89.77,90.1,1982
20160831,90.25,90.35,89.21,89.75,4704
20160901,89.7207,90.21,89.3101,89.91,5125
20160902,92.85,93.855,92.85,93.7,5074
20160906,94.25,94.52,93.9768,94.52,1826
20160907,94.79,94.98,94.04,94.35,3739
20160908,94.245,94.59,93.9538,94.38,4555
20160909,92.45,92.6085,90.23,90.24,3368
20160912,88.56,92.38,88.56,92,5478
20160913,89.12,89.12,87.65,87.75,2055
20160914,87.51,88.8747,87.51,87.78,5302
20160915,87.32,89.43,87.32,89.43,13584
20160916,86.85,86.85,85.42,86.2,7262
20160919,87.83,88.43,86.98,87.24,4738
20160920,88.56,88.67,87.725,87.725,1829
20160921,88.48,89.98,88.09,89.88,5716
20160922,93.18,93.37,92.342,92.73,3841
20160923,91,91.3699,90.74,91.19,5300
20160926,89.1972,89.2,88.57,88.622,5641
20160927,87,88.95,87,88.87,2372
20160928,89.95,91.08,89.07,91.08,1069
20160929,90.1206,90.36,87.3997,87.73,4779
20160930,88.18,90.11,88.18,89.95,5288
20161003,88.85,89.15,88.46,88.69,4563
20161004,90.34,90.65,88.6451,89.4,5182
20161005,90.06,90.6906,89.87,90.42,11930
20161006,89.3,89.48,88.81,89.36,2429
20161007,88.67,88.67,87.09,88.05,3305
20161010,87.79,88.97,87.79,88.35,2502
20161011,87.8,87.83,85.32,85.32,3697
20161012,84.6,85.26,84.51,84.65,2227
20161013,82.24,83.54,81.64,83.54,3323
20161014,85.08,85.92,84.16,84.3063,3847
20161017,83.59,83.873,83.0501,83.0501,1201
20161018,85.68,85.7185,85,85.39,1675
20161019,85.5582,85.5582,85.04,85.12,2914
20161020,85.36,85.6,85.3,85.6,500
20161021,84.6,84.88,84.32,84.88,6389
20161024,85.435,85.435,84.43,84.74,1418
20161025,84.1,84.2763,83.94,84.18,3391
20161026,82.97,83.6,82.69,82.8703,2846
20161027,84.24,84.51,83.5,83.85,2781
20161028,83.09,83.68,83.06,83.36,1221
20161031,82.56,82.987,82.28,82.6338,3146
20161101,82.83,83.04,81.58,81.58,2548
20161102,81.97,82.2532,80.76,81.0033,4338
20161103,81.09,81.6147,80.19,80.19,1978
20161104,79.05,79.4599,78.53,78.53,3792
20161107,80.99,81.475,80.78,81.31,4567
20161108,81.16,82.3325,80.87,82.3325,2573
20161109,82,84.716,82,83.5901,2606
20161110,83,83.5744,81.81,82.82,4144
20161111,81.75,81.75,80.0751,81.06,3545
20161114,80.72,80.72,78.91,79.65,4325
20161115,78.97,80.9,78.97,80.9,1017
20161116,78.7,78.7,78.32,78.47,1706
20161117,78.87,79.57,78.7901,79.23,5447
20161118,77.91,77.91,76.78,76.91,5029
20161121,77.64,78.58,77.6,78.1399,2286
20161122,78.32,78.32,77.34,77.73,2894
20161123,75.58,76.8476,75.36,76.8476,3290
20161125,77.73,78.62,77.73,78.21,894
20161128,76.88,76.88,76,76.03,2204
20161129,75.99,77.5591,75.99,77.1667,4202
20161130,77.95,77.95,77.24,77.3,697
20161201,77.21,77.31,76.6231,76.78,4363
20161202,76.84,78.2,76.84,77.7626,4918
20161205,77.87,80.528,77.87,80.528,4798
20161206,80.89,82.7239,80.89,82.49,3555
20161207,83.6553,84.4265,83.21,84.4265,617
20161208,83.85,84.1918,83.53,84.15,3632
20161209,84.22,85.279,84.22,85.0173,2879
20161212,85.249,85.69,85.02,85.02,4958
20161213,86.99,88.66,86.99,87.91,4157
20161214,87.8,88,85.8,85.8,1249
20161215,84.29,85.0723,84.29,84.92,5669
20161216,85.291,86.4053,85.291,85.58,3267
20161219,85.7244,86,85.1001,85.1001,1391
20161220,85.89,85.89,85.21,85.57,6775
20161221,86.09,86.09,85.76,85.81,1012
20161222,85.791,86.289,85.71,85.71,4526
20161223,85.52,86.37,85.47,85.935,1834
20161227,86.04,86.4518,86.04,86.15,4413
20161228,85.37,85.44,85.06,85.06,2363
20161229,86.09,86.739,86.09,86.22,3990
20161230,88.03,88.353,86.975,87.67,3874
20170103,88,88.2803,87.74,88.2803,2432
20170104,88.77,89.74,88.77,89.74,1839
20170105,90.52,92.31,90.52,92.31,2707
20170106,91.58,93.5575,91.1676,91.83,114986
20170109,90.9,91.268,90.03,91.06,28285
20170110,91.35,91.67,90.9355,91.19,13452
20170111,91.6,91.81,90,91.8,9391
20170112,92.22,92.22,91.4144,92.01,11384
20170113,92.1,92.7,92,92.63,9681
20170117,92.27,92.27,91.501,91.7231,4400
20170118,91.57,91.734,91.0043,91.13,3651
20170119,91,91,90.01,90.28,10301
20170120,91,91.64,90.67,91.64,17368
20170123,91.38,91.96,90.75,91.96,9692
20170124,91.45,92,91.3001,91.971,4416
20170125,93.36,94.6848,93.36,94.6848,9888
20170126,93.91,93.91,92.541,93.24,8072
20170127,93.28,93.28,92.641,92.959,3328
20170130,91.18,91.18,90.143,91.08,9047
20170131,91.54,92.16,91.12,92.16,2404
20170201,92.9149,92.9149,92.001,92.635,1016
20170202,92.18,92.53,91.623,91.735,9857
20170203,93.19,93.56,92.511,93.0258,4958
20170206,91.63,91.63,90.97,91.3713,8496
20170207,91.07,91.07,90.56,90.83,2665
20170208,90.34,91.5,90.01,91.28,3496
20170209,92.17,92.9664,92.17,92.71,7433
20170210,92.05,92.698,91.76,92.21,5027
20170213,93.05,93.45,92.8923,93.42,1756
20170214,92.99,92.99,91.78,92.61,3077
20170215,92.41,94.059,91.97,94.059,2005
20170216,94.65,94.65,94.1301,94.45,2650
20170217,93.93,94.9603,93.93,94.865,4120
20170221,94.13,94.47,93.99,94.47,3795
20170222,94.01,95,93.59,94.99,6449
20170223,95.28,95.789,95.28,95.567,1995
20170224,93.42,94.285,92.94,93.9,3647
20170227,93.87,94.25,93.65,93.95,5516
20170228,94.2,94.58,93.73,94.056,2234
20170301,95.21,96.86,95.08,96.4603,2001
20170302,95.59,95.8657,95.08,95.44,4170
20170303,96.09,97.744,96.07,97.744,6305
20170306,96.93,96.93,96.1,96.5246,4432
20170307,95.52,96.18,94.751,95.8125,9653
20170308,95.81,95.82,94.905,94.97,5667
20170309,95.44,96.3,95.44,95.9652,3127
20170310,97.4,98.2332,97.221,98.2332,4932
20170313,98.66,98.83,98.314,98.6736,2461
20170314,97.62,97.7,97,97,6639
20170315,97.46,99.876,97.46,99.876,3707
20170316,101.35,102.265,101.35,102.265,2125
20170317,102.58,102.6227,101.861,102.6227,2844
20170320,102.95,102.95,101.57,101.87,4387
20170321,104.16,104.6627,101.54,101.5544,4106
20170322,101.29,102.2499,101.1525,101.8,3541
20170323,101.56,102.95,101.56,102.1939,2612
20170324,102.74,102.8158,102.17,102.56,2814
20170327,102.91,103.9434,102.91,103.7096,3040
20170328,104.11,104.1651,103.4988,104.1651,3328
20170329,103.09,103.8138,102.678,103.8138,3482
20170330,103.32,103.9,102.91,102.91,5218
20170331,102.95,103.6594,102.66,103.2832,3988
20170403,102.9,102.9,101.2386,101.9928,2306
20170404,101.9,102.849,101.9,102.6322,3197
20170405,102.97,103.2,101.98,102.41,4727
20170406,101.78,102.72,101.778,101.9868,2858
20170407,101.5,101.8558,101.4301,101.45,2740
20170410,101.17,101.889,101.17,101.23,4602
20170411,101.91,102.3599,101.531,102.145,1223
20170412,101.89,102.379,101.661,102.35,1422
20170413,101.18,101.18,100.39,100.5004,1864
20170417,100.98,101.8188,100.98,101.673,2136
20170418,100.66,100.97,99.505,100.34,4963
20170419,100.44,100.44,99.315,99.315,5250
20170420,101.36,101.7825,101.33,101.33,2449
20170421,100.84,100.8955,100.305,100.8,9187
20170424,107.43,108.73,107.43,108.73,12031
20170425,109.92,110.5179,109.75,110.244,3227
20170426,109.41,110.13,109.34,109.55,4124
20170427,109.19,109.82,109.19,109.51,3071
20170428,109.72,109.72,109.151,109.3722,2523
20170501,109.88,109.9291,109.31,109.9291,3509
20170502,109.99,111.08,109.99,110.91,4406
20170503,111.27,111.75,110.71,111.125,4743
20170504,112.8,114.3725,112.8,114.3725,3831
20170505,115,117.33,115,117.329,4716
20170508,115.78,116.689,114.7492,115,2788
20170509,115.21,115.3671,114.36,114.64,5003
20170510,115.53,116.977,114.9901,115.5,2146
20170511,114.79,115.1177,114.49,114.74,2173
20170512,115.89,117.3125,115.89,117.3125,1432
20170515,117.68,118.4871,117.68,118.3291,2286
20170516,120.89,121.2934,120.8,121.145,4332
20170517,120.17,120.1801,119.07,119.07,2396
20170518,117.85,118.3699,117.5892,118.3357,5335
20170519,119.87,121.2892,119.87,120.912,2512
20170522,121.83,122.16,121.53,121.53,1880
20170523,121.86,121.86,121.0401,121.0401,1121
20170524,120.86,121.3435,120.6395,121.3,1815
20170525,121.72,121.72,120.9,121.01,2006
20170526,119.72,120.34,119.72,120.34,12074
20170530,119.71,119.7619,119.6,119.6498,2268
20170531,120.33,120.97,120.33,120.9572,971
20170601,121.2,121.4976,120,121.3718,1506
20170602,122.1,123.16,122.1,123.16,869
20170605,122.27,122.27,121.5,121.7203,1665
20170606,120.82,121.19,120.62,120.62,1582
20170607,120.82,121.134,119.39,120.1243,3936
20170608,119.56,119.56,118.84,119.085,1296
20170609,118.54,119.1697,117.88,118.415,2725
20170612,117.85,117.85,116.97,117.46,2689
20170613,118.28,119.0331,118.03,119.0331,821
20170614,119.65,119.65,117.21,117.72,1915
20170615,114.91,116.0253,114.32,116.0253,3250
20170616,117.14,118.4871,117.01,118.4871,2248
20170619,119.9402,120.0799,119.51,119.75,1857
20170620,119.17,119.17,116.9317,117.0789,3196
20170621,117.08,117.08,116.53,116.53,1949
20170622,116.74,117.75,116.74,117.3,1928
20170623,117.44,117.921,117.44,117.88,438
20170626,120.05,120.05,119.275,119.52,2803
20170627,120.4,120.4,120.4,120.4,100
20170628,120.28,121.66,120.28,121.51,2181
20170629,121.16,121.16,118.3701,118.6,3094
20170630,118.3712,118.3712,117.42,117.8527,4220
20170703,119.1166,119.2,118.522,118.522,711
20170705,117.2,117.4,116.86,117.2,1484
20170706,116.33,117.18,116,116.5546,2358
20170707,116.29,116.91,115.76,116.91,1776
20170710,116.82,117.465,116.82,117.38,1388
20170711,116.74,116.75,116.71,116.75,585
20170712,119.38,120,119.38,120,1393
20170713,119.83,120.27,119.7064,120.2516,4416
20170714,120.84,121.8,120.77,121.8,1934
20170717,121.6265,121.639,121.0401,121.18,985
20170718,120.8,121.006,120.55,120.665,1120
20170719,121.03,121.9174,121.03,121.615,2236
20170720,122.74,123.5532,122.74,123.5532,1189
20170721,122.48,122.48,120.79,121.881,1278
20170724,121.31,121.31,120.7822,121.208,2254
20170725,122.96,123,122.09,122.09,1759
20170726,122.21,122.21,122.0001,122.17,3325
20170727,121.68,121.7801,121,121.18,796
20170728,119.76,121.3132,119.76,121.3132,1230
20170731,121.35,121.926,121.28,121.926,1390
20170801,123.35,123.35,123.35,123.35,225
20170802,123.53,123.6085,122.7,123.2445,1769
20170803,123.39,124.3499,123.3888,123.53,2058
20170804,123.52,123.89,123.52,123.89,431
20170807,123.89,124.12,123.85,124.12,5244
20170808,124.07,124.07,123.19,123.19,2071
20170809,121.95,122.3748,121.95,122.3,1400
20170810,121,121,119.05,119.2514,5033
20170811,118.3586,118.91,117.93,118.91,4973
20170814,119.82,120.54,119.82,120,4095
20170815,119.2867,119.4316,115.57,119.4316,541
20170816,120.45,120.8,120.24,120.8,1025
20170817,119.8,119.8,117.95,117.95,822
20170818,117.81,118.3054,117.7779,118.3054,695
20170821,118.46,118.48,118.44,118.48,532
20170822,119.05,119.5365,118.885,119.411,2498
20170823,118.88,119.44,118.88,119.44,764
20170824,120.18,120.33,119.51,119.76,1173
20170825,120.6,121.15,120.6,121.15,1371
20170828,121.7188,121.75,120.82,121.1535,3929
20170829,120.44,120.898,120.17,120.55,1900
20170830,120.3,120.3,119.34,119.51,2622
20170831,120.38,121.39,120.38,121.39,1735
20170901,122.3,122.3,121.84,122.2564,837
20170905,121.501,121.501,119.35,120.03,1218
20170906,121.28,122.3218,121.28,122.25,1300
20170907,124.13,124.13,123.65,124.06,725
20170908,124.82,124.8499,124.39,124.39,1645
20170911,125.8,126.4203,125.8,126.25,1110
20170912,126.58,126.99,126.49,126.87,2558
20170913,126.77,126.77,125.68,125.81,1304
20170914,126.32,126.32,126.31,126.31,306
20170915,126.295,126.5,126.295,126.5,401
20170918,127.17,127.6521,126.56,126.85,2415
20170919,127.99,128.1001,127.99,128.1001,491
20170920,128.106,128.106,126.64,127.32,1309
20170921,127.45,127.5,127.4001,127.5,976
20170922,128.49,129.1864,128.34,128.34,1000
20170925,128.03,128.03,126.93,127.06,1375
20170926,126.76,126.76,126.3401,126.39,643
20170927,126.25,127.3511,126.25,127.22,916
20170928,127.5289,127.6354,127.09,127.6354,424
20170929,127.96,129.2216,127.96,129.2216,765
20171002,128.69,128.9772,128.24,128.82,3094
20171003,128.87,129.64,128.87,129.64,600
20171004,129.44,129.44,129.12,129.12,1490
20171005,128.67,128.9685,128.67,128.7099,900
20171006,128.35,128.6267,128.1067,128.6267,1742
20171009,129.04,129.46,128.71,129.3804,1279
20171010,130,130.9,130,130.9,685
20171011,130.85,131.38,130.85,131.38,1150
20171012,131.12,131.68,131,131.525,2538
20171013,132.2,132.29,131.7228,131.875,6437
20171016,131.63,131.772,131.27,131.3,2826
20171017,130.92,130.92,130.38,130.82,1827
20171018,130.8988,130.92,130.8988,130.92,303
20171019,130.43,130.75,130.155,130.28,4304
20171020,130.11,130.11,129.1601,129.3,1550
20171023,129.3,129.62,128.5,128.5,6805
20171024,128.67,128.67,128.04,128.45,3550
20171025,128.71,128.71,126.5,127.16,2064
20171026,127.76,127.8555,127.1401,127.8555,4648
20171027,126.81,127.01,126.635,126.86,2628
20171030,127.31,127.94,127.31,127.94,1324
20171031,129.18,129.7214,128.9934,129.61,1157
20171101,130.38,130.7499,129.66,129.66,2562
20171102,129.64,129.92,129.32,129.92,1752
20171103,129.34,129.75,129.3301,129.679,2307
20171106,129.05,129.945,129.05,129.7501,3488
20171107,128.95,129.12,127.54,127.67,1824
20171108,127.711,128.3,127.711,127.8542,815
20171109,126.68,127.01,126.23,126.68,2886
20171110,126.51,126.51,126.28,126.28,543
20171113,124.48,125.51,124.4334,125.5,3256
20171114,125.47,125.51,125.291,125.51,953
20171115,124.89,125.3152,124.89,125.258,800
20171116,126.14,126.14,126,126.0699,928
20171117,125.55,126.1799,111.39,126.0785,8430
20171120,126.77,127.349,126.4701,126.6153,7360
20171121,127.74,128.0984,127.74,127.75,2559
20171122,129.26,129.3177,128.03,128.6501,5825
20171124,131.3,131.4527,131.17,131.419,1687
20171127,131.41,131.41,130.492,130.492,1773
20171128,129.92,131.5501,129.92,131.28,3376
20171129,131.6,131.85,130,130.01,2009
20171130,130.721,130.97,127.7401,129.895,3801
20171201,128.49,128.99,128.49,128.92,501
20171204,129.87,129.87,128.535,128.535,1238
20171205,127.73,128.11,126.94,126.94,1631
20171206,127.05,127.5495,127.05,127.5457,1319
20171207,127.01,127.5512,126.93,127.5512,1349
20171208,128.2,129.09,128.07,128.859,1685
20171211,129.04,129.27,128.92,128.92,1414
20171212,129.39,129.8994,129.3,129.8994,771
20171213,130.2,130.83,130.0756,130.5586,3360
20171214,130.34,130.34,129.15,129.2144,1613
20171215,128.04,129.02,128.0101,128.77,1226
20171218,131.6,132.19,131.43,131.6365,2531
20171219,131.83,131.83,131.151,131.2293,600
20171220,130.78,130.78,129.75,129.81,1341
20171221,131.2931,131.785,131.28,131.28,1531
20171222,130.51,130.72,130.405,130.405,797
20171226,130.7701,130.971,130.7701,130.86,2199
20171227,131.8784,131.8784,131.404,131.4451,1553
20171228,130.6,132.23,130.6,131.79,1925
20171229,132.52,132.715,132.23,132.4,1532
20180102,132.78,132.91,132.43,132.91,5159
20180103,133.1478,134.073,133.03,133.725,2011
20180104,136.14,136.63,135.99,136.02,3148
20180105,137.24,138.259,137.1,138.259,1363
20180108,137.46,137.46,137,137.2825,2236
20180110,137.55,137.55,136.85,136.851,2748
20180111,137.69,137.69,137.69,137.69,196
20180112,140.22,141.2946,140.22,141.2946,2141
20180116,141.71,142.15,141.363,141.43,839
20180117,141.55,142.0867,141.55,142.0867,350
20180118,142.1,142.7916,141.63,142.515,1822
20180119,143.49,143.8,143.49,143.8,468
20180122,144.23,145.89,144.23,145.89,1587
20180123,146,146,145.655,145.86,845
20180124,148.15,148.2,147.3083,147.8,2536
20180125,148.71,148.71,146.69,146.69,2870
20180126,146.27,148.42,146.27,148.42,1564
20180129,146.36,146.36,145.43,145.853,2979
20180130,145.53,145.53,144.09,144.15,17890
20180131,145.2777,145.2777,143.99,144.13,1887
20180201,142.63,143.35,142.63,143.2078,2307
20180202,140.9,140.9,137.39,137.39,4665
20180205,134.82,135.2601,127.16,128,10947
20180206,126.75,131.15,126.75,131.13,7540
20180207,129.7463,130.45,128.021,128.76,1736
20180208,128.88,128.88,123.52,123.52,7253
20180209,123.1,123.4675,117.5759,123.1,3254
20180212,124.55,126.2601,124.34,125.605,3323
20180213,125.35,125.35,124.7001,125.244,1428
20180214,125.95,129.7,125.95,129.7,1285
20180215,131.28,131.6857,130.3945,131.36,9883
20180216,131.4,132.8009,131.135,131.145,3853
20180220,129.11,129.73,128.65,128.65,1839
20180221,129.47,130.46,128.995,129.6515,975
20180222,128.34,129.25,128.19,128.8215,2333
20180223,129.42,130.67,129.42,130.64,1135
20180226,131.3,131.65,130.69,131.65,9100
20180227,129.0401,129.44,128.21,129.15,763
20180228,126.59,126.7449,126.45,126.45,995
20180301,122.9585,124.38,121.8914,122.84,2811
20180302,120.04,122.58,119.8,122.58,63179
20180305,120.91,124.347,120.89,124.347,14324
20180306,125,125.5669,124.5,124.97,6642
20180307,124.55,125.5,124.19,125.47,12002
20180308,126.24,126.7039,125.55,126.275,4623
20180309,126.8,127.33,126.699,127.33,3825
20180312,127.2,127.5719,126.83,127.46,5284
20180313,127.3271,127.3715,125.098,125.22,3796
20180314,127.12,127.3325,125.141,125.54,6401
20180315,125.4,126.6849,124.995,125.33,13947
20180316,126.06,126.9,126.06,126.9,369
20180319,126.21,126.21,123.625,124.49,3692
20180320,123.86,124.365,123.86,123.911,566
20180321,123.57,124.95,123.32,124.265,1389
20180322,121.03,121.25,120,120,2004
20180323,120.55,120.67,118.4,118.4,2127
20180326,121.75,122.3176,119.661,122.3176,2118
20180327,122.649,122.7753,119.79,119.79,38949
20180328,121.11,122.88,121.11,122.04,6465
20180329,123.38,124.0587,122.87,123.6501,13951
20180402,122.5,122.99,118.88,119.32,4417
20180403,121.85,122.3458,120.44,122.3458,1189
20180404,119.99,123.27,119.9,122.77,14267
20180405,125,126.5,125,126.13,4416
20180406,126.2,126.6164,124.4,124.4,9837
20180409,126.97,128.2284,124.1201,127.24,9739
20180410,129.54,130,129.48,129.84,3758
20180411,129.81,129.81,128.4301,128.59,838
20180412,129.05,129.5448,129.05,129.5448,885
20180413,130.48,130.48,129.1,129.13,4891
20180416,129.7901,130.35,127.885,130.038,3367
20180417,130.42,131.4,130.42,130.81,1186
20180418,129.43,131.43,127.6,131.34,1494
20180419,131.11,131.11,129.9082,130.11,369
20180420,128.6,128.84,128.6,128.61,901
20180423,128.58,128.8403,128.58,128.8,352
20180424,129.25,129.41,127.65,127.65,4894
20180425,126.2301,127.41,126.2301,127.41,989
20180426,128.3534,129.11,125.6409,128.7453,8566
20180427,127.97,129.0097,127.97,128.92,831
20180430,128.36,129.11,128.22,128.22,975
20180501,127.36,127.36,125.92,126.79,1181
20180502,128,128,126.97,126.97,2209
20180503,127.22,127.22,125.81,127.09,1035
20180504,126.5,132.1038,125.7395,128.38,67334
20180507,129,129.51,128.5,128.66,25785
20180508,127.35,130.5,126.75,127.5,14821
20180509,128.37,130.44,128.37,130.01,4431
20180510,130.35,130.96,129.4651,130.62,5623
20180511,131.45,136.2156,129.024,130.585,9764
20180514,132.55,133.3748,131.25,131.4819,8815
20180515,129.71,132.63,129.71,130,2650
20180516,129.94,130.7503,129.1501,129.99,4408
20180517,129.76,133.93,129.76,130.27,8419
20180518,130.2,130.2,129.14,130.06,5560
20180521,130.21,131.68,130.21,131.2414,4846
20180522,131.8816,131.8816,131.1,131.26,5143
20180523,127.85,127.85,126.9,127.71,4876
20180524,127.41,127.41,125.88,126.9003,5184
20180525,125,125,123.59,124.35,8621
20180529,120.62,120.67,112.59,118.14,14476
20180530,120.64,122.44,116.5725,121.74,5859
20180531,116.5,120.9,111.431,119.92,9491
20180601,118.95,120.07,118.95,119.9,3800
20180604,120,120.02,119.9,119.902,2245
20180605,120.1,120.1,120.1,120.1,200
