Date,Open,High,Low,Close,Volume
20120112,38.85,40.22,37.95,38.86,10180
20120113,39.69,39.69,39.02,39.19,5030
20120117,39.12,39.12,37.89,38.95,5370
20120118,39.94,39.96,38.2,38.23,22580
20120119,38.55,39.5,38.35,38.35,1870
20120124,38.34,39.51,37.28,38.22,42810
20120125,37.92,39.39,37.64,37.64,18860
20120126,37.39,38.02,37.28,38.01,19640
20120127,38.17,38.17,38.17,38.17,100
20120130,38.21,38.25,38.19,38.24,10460
20120206,37.63,37.63,37.63,37.63,100
20120208,37.25,37.36,37.25,37.36,310
20120209,37.25,37.35,37.25,37.35,200
20120214,37.48,37.48,37.48,37.48,100
20120216,36.97,36.97,36.97,36.97,100
20120312,37.67,37.67,37.67,37.67,310
20120402,36.84,36.85,36.52,36.54,11010
20120403,36.56,36.62,35.43,36.46,37190
20120404,36.95,37.61,36.85,36.85,24630
20120405,37.07,37.08,36.14,36.93,40810
20120411,37.4,37.4,37.25,37.25,200
20120424,37.31,37.31,37.31,37.31,100
20120430,37.38,37.39,37.37,37.37,400
20120503,37.46,37.56,37.46,37.56,400
20120504,37.97,38.01,37.94,38.01,3950
20120507,37.92,37.92,37.92,37.92,1040
20120605,38.63,38.65,38.63,38.65,210
20120613,39.11,39.11,39.08,39.08,210
20120628,38.95,38.95,38.95,38.95,210
20120703,38.9,38.9,38.9,38.9,210
20120710,38.71,39.09,38.71,39.09,920
20120914,36.51,36.51,35.11,35.11,2370
20120920,35.96,36.1,35.96,36.1,1130
20121130,37.04,37.04,37.04,37.04,260
20121210,35.79,35.79,35.79,35.79,260
20121224,35.6,35.75,35.6,35.67,720
20121226,35.67,35.67,35.66,35.66,200
20121228,36.04,36.35,36.04,36.3,8460
20121231,36.27,37.11,35.45,35.45,16740
20130102,35.71,35.86,35.69,35.69,330
20130103,35.77,35.77,35.76,35.76,200
20130104,35.15,35.87,35.06,35.76,3490
20130107,35.74,35.74,35.52,35.56,11430
20130116,36.05,36.07,35.89,35.94,4900
20130125,35.52,35.54,35.43,35.51,7210
20130301,35.86,35.86,35.86,35.86,100
20130503,36.92,36.93,36.87,36.88,2250
20130506,37.07,37.08,37.01,37.07,2660
20130523,37.5,37.5,37.5,37.5,180
20130610,38.83,39.04,38.83,39.04,1120
20130614,40.57,40.57,38.81,40.38,41230
20130617,39.85,40,39.85,40,890
20130619,39.54,40.29,39,39.08,13070
20130620,39.52,40.95,39.52,40.31,18670
20130621,40.84,40.84,40.24,40.24,200
20130625,39.5,40.79,39.5,40.77,1240
20130626,38.89,40.41,38.89,39.38,21380
20130627,40.19,40.19,39.11,39.11,480
20130628,39.11,39.11,39.11,39.11,100
20130701,39.28,39.28,39.28,39.28,100
20130711,39.88,39.88,38.89,38.89,1430
20130724,38.82,38.85,38.72,38.85,500
20130726,37.62,38.53,37.62,38.26,1000
20130916,38.47,38.47,38.47,38.47,810
20131007,37.22,37.22,37.22,37.22,120
20131025,37.81,37.81,37.81,37.81,200
20131030,37.91,38.71,37.81,38.4,600
20131118,36.79,36.79,36.79,36.79,200
20131119,36.9,37.72,36.9,37.7,1400
20131206,39.47,39.47,38.37,38.37,580
20131209,38.57,38.57,38.57,38.57,100
20131212,38.48,38.48,38.48,38.48,100
20140121,37.8,37.8,37.8,37.8,210
20140203,37.46,37.46,37.46,37.46,210
20140311,37.28,37.28,37.28,37.28,300
20140318,38.53,39.33,38.03,38.95,8400
20140319,38.55,39.63,38.55,39.33,11620
20140320,39.23,39.79,39.08,39.23,1700
20140321,39.23,40.15,38.68,39.33,12020
20140324,39.23,39.69,39.23,39.63,5410
20140325,39.48,40.07,39.48,39.73,4520
20140326,39.15,39.2999,39.15,39.2999,300
20140327,38.5,38.6,38.5,38.5,300
20140331,39.4,39.66,39.4,39.52,3500
20140403,38.57,38.67,38.56,38.67,600
20140408,38.81,39,38.71,38.95,4900
20140410,38.8,38.8,38.61,38.78,1100
20140411,38.8,39.3,38.66,39.12,48650
20140414,38.56,38.6,38.56,38.6,400
20140415,38.6,38.6,38.59,38.6,700
20140416,38.6,39.2,38.6,39.2,19250
20140417,38.5,39.25,38.5,39.25,9860
20140423,38.3299,38.76,38.3299,38.53,12299
20140424,37.8,38.25,37.7,37.95,3797
20140425,37.8,38.35,37.6,38.2,9487
20140428,37.7099,38,37.7099,37.86,2000
20140429,37.9,38,37.9,38,1700
20140430,38,39.02,38,39,12876
20140501,38.4,38.65,37.2801,37.2801,1311
20140506,37.68,38.35,37.68,38.35,900
20140508,38.7,39.8799,38.6,39.8799,903
20140513,38.5499,39.2001,38.5499,39,6802
20140514,38.7799,39.2501,38.7799,39.15,19547
20140516,39,39,38.4499,38.9701,9600
20140519,38.71,39,38.65,39,600
20140520,38.6,39.25,38.6,39.1,31003
20140521,38.72,38.75,38.4,38.75,2898
20140522,38.63,39.3,38.62,38.89,7423
20140523,38.46,39.04,38.46,38.8405,1902
20140527,38.56,38.75,38.56,38.75,699
20140528,38.7,39.65,38.7,39.2,24800
20140529,39.57,39.57,39.04,39.09,400
20140602,38.6,38.7,38.6,38.7,200
20140603,38.7,38.7,38.7,38.7,100
20140604,38.75,38.75,37.94,38.03,1500
20140605,38.4999,38.5,37.85,37.85,14699
20140606,38.4,38.9501,38.1301,38.7,12750
20140609,38.7,38.8,38.6505,38.75,500
20140610,38.7,38.7,38.655,38.655,802
20140611,39,39,38.6,38.6,409
20140612,38.32,39.16,38.32,38.736,7100
20140613,38.63,38.65,38.48,38.65,1800
20140616,38.72,38.75,38.45,38.49,4400
20140617,38.58,38.58,38.58,38.58,3200
20140620,37.9,38.6,37.9,38.4,3799
20140624,38.1,38.5,37.9499,38.3005,7200
20140625,38.45,38.5,37.62,38.5,6100
20140626,37.92,38.4101,37.8499,38.2,8000
20140627,37.8499,38.4001,37.8499,38.22,17402
20140630,37.96,38.2601,37.96,38.2,11600
20140701,37.96,38.32,37.93,38.13,4198
20140702,37.9799,38.3701,37.9799,38.2,8100
20140703,37.9699,38.24,37.9699,38.1901,8105
20140707,37.7999,38.2901,37.7999,38.2801,28400
20140708,37.9999,38.38,37.9,38.1,31624
20140709,38.0599,38.2501,38.0599,38.17,3601
20140710,37.84,37.94,37.72,37.72,1300
20140711,37.75,37.9,37.75,37.9,500
20140714,38,38.15,37.4,37.9005,16994
20140715,37.71,38.1201,37.55,37.63,20198
20140716,37.9501,38.7,37.16,37.73,33936
20140717,37.94,38.1901,37.55,37.78,17076
20140718,38.02,38.4001,37.58,37.7,23001
20140721,37.7,37.85,37.36,37.85,4295
20140722,38.03,38.3901,37.8199,37.86,20699
20140723,37.8199,38.3901,37.8199,38,16100
20140724,37.98,37.98,37.55,37.55,11000
20140725,37.71,37.92,37.55,37.7,17803
20140728,37.68,37.73,37.51,37.73,3100
20140729,37.53,37.63,37.52,37.63,2500
20140730,37.7601,37.83,37.57,37.6,11000
20140731,37.8,37.8001,37.4999,37.71,11100
20140801,37.51,37.51,37.51,37.51,1300
20140804,37.7,37.9,37.63,37.6605,6100
20140805,37.83,37.83,37.65,37.65,1600
20140806,37.74,37.74,37.74,37.74,4800
20140808,37.8,37.95,37.75,37.75,7790
20140812,37.95,38,37.9,37.9,4100
20140813,37.85,38.08,37.78,38.08,11399
20140814,37.97,38.05,37.97,37.97,4000
20140815,38.14,38.15,38.14,38.15,1710
20140818,38.14,38.44,38.06,38.29,17476
20140819,38.18,38.63,38.14,38.6001,15004
20140820,38.53,38.58,38.2799,38.34,16200
20140821,38.35,38.55,38.1,38.48,18099
20140822,38.45,38.78,38.31,38.6,20493
20140825,38.4,38.98,38.4,38.86,24508
20140826,38.83,39.29,38.29,38.39,44379
20140827,38.39,39.06,38.28,38.97,91837
20140828,38.9,39.01,38.62,38.69,31229
20140829,38.69,38.75,38.62,38.68,22799
20140902,38.53,39.06,38.49,38.55,29774
20140903,38.71,38.72,38.49,38.64,11732
20140904,38.6,38.6,38.4,38.49,5340
20140905,38.46,38.669,38.45,38.4505,10659
20140908,38.54,38.55,38.54,38.54,2326
20140909,38.59,38.99,38.59,38.8,50823
20140910,38.9,38.9,38.63,38.8344,77191
20140911,38.9,38.9,38.78,38.78,25711
20140912,39.35,39.35,38.78,38.78,15930
20140915,38.82,38.82,38.79,38.79,2904
20140916,38.85,38.85,38.84,38.84,3000
20140917,38.8,38.81,38.67,38.798,34697
20140918,38.72,39.4,38.72,38.96,37801
20140919,38.9,39.41,38.89,39.19,106080
20140922,39.42,39.88,39.36,39.39,13599
20140923,39.41,39.42,39.29,39.38,14603
20140924,39.26,39.7,39.25,39.5105,19099
20140925,39.33,39.46,39.11,39.17,19946
20140926,39.76,40.02,39.33,39.71,106116
20140929,40.08,40.08,39.8,39.92,14582
20140930,40.05,40.36,39.8,40.07,96047
20141001,40.068,40.17,39.47,39.65,74473
20141002,39.7,39.83,39.46,39.71,47813
20141003,39.73,40.18,39.58,40.124,75560
20141006,40.22,40.62,39.82,39.85,125256
20141007,40.3,40.47,40.03,40.16,13694
20141008,40.26,40.94,40.25,40.64,94916
20141009,39.666,39.83,39.53,39.54,77383
20141010,39.87,40.02,39.86,39.93,5600
20141013,39.96,40.02,39.93,40.02,1899
20141014,40.22,40.92,40.2105,40.78,51903
20141015,41.27,41.63,40.82,41.59,81594
20141016,41.03,41.03,39.72,39.96,64400
20141017,40.47,40.52,39.57,40.06,26516
20141020,40.48,40.48,39.88,39.99,11600
20141021,39.99,40.09,39.98,40.03,30200
20141022,40.02,41.16,39.88,40.9,109559
20141023,40.8,41.06,40.19,40.5,120029
20141024,40.68,40.68,40.42,40.55,3379
20141028,40.29,40.29,39.98,39.98,3800
20141029,40.43,40.56,40.23,40.23,5254
20141030,40.24,40.24,40.23,40.23,2055
20141104,40.21,40.21,40.14,40.17,1000
20141105,40.26,40.26,40.26,40.26,100
20141111,40.48,40.74,40.17,40.29,67403
20141112,40.45,40.69,40.34,40.4,7058
20141113,40.37,40.91,40.37,40.49,10943
20141114,40.64,40.65,40.59,40.59,7600
20141117,40.49,40.85,40.42,40.67,40654
20141118,40.82,41.15,40.55,40.8,46537
20141119,40.85,40.88,40.48,40.8,57520
20141120,40.87,41.09,40.76,40.97,39060
20141121,40.74,40.96,40.62,40.88,7001
20141124,40.79,41.4,40.72,40.83,29577
20141125,40.75,40.97,40.71,40.97,19213
20141126,40.96,41.62,40.88,41.38,33079
20141128,41.75,41.88,41.58,41.75,22254
20141201,41.87,41.87,41.03,41.24,54302
20141202,41.36,41.38,40.86,41.14,60315
20141203,41.05,41.59,41.05,41.32,73592
20141204,41.5401,41.65,41.37,41.43,36309
20141205,41.5001,41.7,41.46,41.46,14300
20141208,41.68,41.82,41.31,41.64,27756
20141209,41.78,41.99,41.12,41.22,59151
20141210,41.4,42.07,41.2299,41.86,112006
20141211,41.81,41.98,40.98,41.58,71079
20141212,41.81,41.92,41.78,41.85,7700
20141215,41.97,42.43,41.89,41.98,36926
20141216,42.12,42.19,41.74,41.9099,50224
20141217,41.83,42.13,41.61,41.87,68649
20141218,41.76,42.64,41.72,42.6,70721
20141219,42.37,42.59,42.32,42.3799,42563
20141222,42.66,42.66,42,42.12,5900
20141223,42.18,42.2632,42.065,42.07,19937
20141224,42.12,42.12,41.943,42.04,12400
20141226,42.17,42.37,42.06,42.11,8256
20141229,42.15,42.54,41.7,42.27,89447
20141230,42.1,42.82,42.1,42.48,24495
20141231,42.53,43.22,42.2001,42.22,27900
20150102,41.81,42.58,41.6,42.1,143130
20150105,42.24,42.73,42.05,42.59,66361
20150106,42.45,43.43,42.45,43.27,145702
20150107,42.8,43.5,42.8,43.11,43094
20150108,43.01,43.26,42.26,42.47,111257
