Date,Open,High,Low,Close,Volume
20160922,23.4,23.4,23.4,23.4,545
20160923,23.3,23.3,23.3,23.3,244
20160927,23.19,23.19,23.19,23.19,327
20160929,23.24,23.24,23.09,23.12,1743
20161003,23.09,23.09,23.09,23.09,327
20161004,22.99,22.99,22.99,22.99,218
20161005,23.07,23.07,23.04,23.06,327
20161006,23.06,23.06,23.06,23.06,218
20161012,22.89,22.96,22.89,22.96,327
20161020,22.96,22.96,22.96,22.96,271
20161024,22.85,22.85,22.85,22.85,463
20161025,22.74,22.75,22.74,22.75,132972
20161026,22.63,22.63,22.63,22.63,1089
20161027,22.52,22.52,22.52,22.52,741
20161103,22.35,22.35,22.35,22.35,436
20161109,22.87,22.87,22.86,22.86,3066
20161114,22.92,22.92,22.85,22.9,436
20161117,23.11,23.11,23.11,23.11,871
20161122,23.23,23.24,23.23,23.24,659
20161130,23.33,23.33,23.33,23.33,724
20161228,23.6,23.6,23.6,23.6,109
20170105,23.7,23.7,23.7,23.7,109
20170126,23.98,23.98,23.97,23.97,1415
20170130,23.93,23.93,23.9,23.9,218
20170202,23.72,23.8,23.72,23.8,2668
20170203,23.95,23.95,23.95,23.95,109
20170213,24.24,24.24,24.24,24.24,512
20170215,24.35,24.37,24.35,24.37,846
20170221,24.67,24.67,24.67,24.67,675
20170222,24.68,24.68,24.68,24.68,109
20170224,24.8,24.82,24.8,24.82,4358
20170306,24.84,24.84,24.84,24.84,195
20170308,24.79,24.79,24.75,24.75,601
20170309,24.84,24.84,24.84,24.84,327
20170314,24.82,24.82,24.82,24.82,604
20170320,24.86,24.86,24.86,24.86,11
20170321,24.87,24.87,24.82,24.82,2168
20170324,24.75,24.75,24.75,24.75,10762
20170327,24.77,24.77,24.77,24.77,109
20170331,24.85,24.89,24.83,24.83,1340
20170403,24.8,24.8,24.69,24.69,616
20170405,24.93,24.93,24.9,24.9,2546
20170406,24.85,24.85,24.76,24.79,1989
20170407,24.81,24.81,24.81,24.81,163
20170413,24.75,24.75,24.67,24.67,956
20170417,24.78,24.78,24.78,24.78,126
20170418,24.81,24.81,24.78,24.8,4124
20170419,24.84,24.84,24.84,24.84,326
20170420,24.78,24.91,24.78,24.91,763
20170421,24.85,24.85,24.83,24.83,544
20170424,25.02,25.16,25.02,25.16,822
20170425,25.1,25.1,25.1,25.1,212
20170426,25.2,25.2,25.13,25.13,2012
20170427,25.14,25.14,25.14,25.14,489
20170428,25.07,25.07,25.01,25.04,1304
20170501,25.03,25.03,25.03,25.03,598
20170502,25.03,25.03,25,25,995
20170503,24.98,24.98,24.98,24.98,163
20170510,25.1,25.13,25.1,25.13,218
20170515,25.16,25.16,25.14,25.14,435
20170517,24.98,24.98,24.97,24.97,217
20170601,25.7,25.7,25.7,25.7,544
20170607,25.88,25.88,25.88,25.88,154
20170614,25.9,25.9,25.9,25.9,109
20170629,25.65,25.65,25.62,25.62,759
20170630,25.72,25.72,25.72,25.72,217
20170705,25.68,25.68,25.68,25.68,607
20170706,25.51,25.51,25.51,25.51,108
20170707,25.63,25.64,25.63,25.64,271
20170710,25.66,25.66,25.63,25.63,434
20170711,25.53,25.54,25.53,25.54,380
20170719,25.96,25.97,25.96,25.97,542
20170721,25.98,25.98,25.98,25.98,217
20170725,26.08,26.08,26.08,26.08,542
20170726,26.03,26.03,26.02,26.02,1045
20170804,26.04,26.04,26.04,26.04,120
20170807,26.06,26.06,26.06,26.06,412
20170811,25.84,25.84,25.84,25.84,492
20170816,26.01,26.01,26.01,26.01,293
20170817,26.13,26.13,25.74,25.74,2074
20170818,26.08,26.08,25.61,25.61,1158
20170821,25.54,25.55,25.54,25.55,216
20170822,25.88,25.88,25.83,25.83,1844
20170823,25.76,25.76,25.76,25.76,692
20170829,25.7,25.78,25.7,25.78,325
20170830,25.87,25.87,25.87,25.87,108
20170831,25.96,25.96,25.94,25.94,1025
20170901,25.98,25.98,25.98,25.98,108
20170911,26.13,26.13,26.13,26.13,1014
20170926,26.27,26.27,26.27,26.27,1078
20171002,26.46,26.47,26.46,26.47,751
20171006,27.08,27.08,26.68,26.68,2749
20171013,26.87,26.88,26.85,26.88,852
20171019,26.83,26.83,26.83,26.83,527
20171025,26.88,26.88,26.88,26.88,533
20171031,27.02,27.02,27.02,27.02,269
20171101,27.05,27.05,27.05,27.05,248
20171102,27.08,27.09,27.08,27.09,954
20171103,27.21,27.21,27.18,27.18,647
20171107,27.24,27.24,27.23,27.23,1008
20171108,27.32,27.35,27.32,27.34,1331
20171110,27.14,27.14,27.14,27.14,162
20171114,27.07,27.07,27.07,27.07,162
20171115,27.5,27.5,27.5,27.5,108
20171116,27.25,27.25,27.25,27.25,155
20171117,27.15,27.16,27.15,27.16,6380
20171120,27.18,27.18,27.18,27.18,701
20171121,27.37,27.37,27.37,27.37,216
20171129,27.69,27.69,27.67,27.67,862
20171201,27.65,27.65,27.65,27.65,367
20171205,27.94,27.96,27.77,27.77,866
20171206,27.81,27.81,27.78,27.78,432
20171207,27.76,27.76,27.76,27.76,323
20171212,27.95,27.95,27.95,27.95,230
20171213,28.1,28.13,28.1,28.13,851
20171215,28.11,28.11,28.11,28.11,129
20171218,28.23,28.23,28.23,28.23,216
20171219,28.24,28.24,28.19,28.19,1238
20171220,28.34,28.34,28.34,28.34,429
20171221,28.19,28.19,28.19,28.19,322
20171222,28.12,28.12,28.12,28.12,107
20171226,28.16,28.16,28.16,28.16,322
20171227,28.21,28.21,28.21,28.21,322
20171228,28.25,28.25,28.25,28.25,483
20171229,28.31,28.31,28.24,28.24,2590
20180102,28.21,28.21,28.21,28.21,107
20180103,28.28,28.28,28.28,28.28,215
20180104,28.53,28.67,28.47,28.67,912
20180105,28.67,29.36,28.67,29.35,984
20180108,29.83,32.86,28.58,28.63,9657
20180109,28.8,28.82,28.79,28.79,4327
20180110,28.76,28.76,28.65,28.65,1552
20180111,28.74,28.74,28.74,28.74,182
20180116,29.17,29.17,28.95,28.95,214
20180117,29.23,29.23,29.23,29.23,1325
20180118,29.26,29.26,29.2,29.2,214
20180124,29.71,29.71,29.71,29.71,349
20180126,29.84,29.84,29.84,29.84,644
20180130,29.57,29.57,29.51,29.51,1390
20180202,29.25,29.25,29.08,29.08,214
20180205,29.13,29.13,29.13,29.13,692
20180207,28.26,28.26,28.26,28.26,644
20180212,27.7,27.83,27.7,27.72,2708
20180213,27.67,27.86,27.67,27.82,778
20180216,28.56,28.56,28.56,28.56,493
20180220,28.34,28.35,28.34,28.35,1583
20180221,28.27,28.27,28.25,28.25,680
20180222,28.23,28.23,28.23,28.23,786
20180223,28.38,28.4,28.37,28.37,2803
20180227,28.76,28.76,28.76,28.76,536
20180305,28.28,28.34,28.28,28.34,756
20180309,29,29,29,29,885
20180312,29.08,29.11,29.03,29.08,1161
20180313,29.02,29.02,29.02,29.02,268
20180320,28.39,28.62,28.39,28.57,1579
20180322,28.13,28.13,28.13,28.13,642
20180323,27.53,27.53,27.53,27.53,214
20180329,28.08,28.08,28.08,28.08,535
20180404,28.02,28.02,28.02,28.02,664
20180405,28.28,28.28,28.28,28.28,107
20180406,28.21,28.21,27.67,27.67,429
20180412,28.24,28.24,28.24,28.24,535
20180419,28.68,28.68,28.61,28.61,1323
20180420,28.23,28.23,28.23,28.23,134
20180423,28.24,28.24,28.24,28.24,146
20180424,28.34,28.34,28.03,28.03,535
20180425,28,28,28,28,214
20180502,28,28,28,28,179
20180503,27.92,27.92,27.92,27.92,321
20180504,27.97,28.27,27.94,28.27,187970
20180508,28.27,28.31,28.27,28.31,1070
20180510,28.51,28.76,28.51,28.76,1194
20180515,28.62,28.66,28.62,28.66,2140
20180516,28.65,28.65,28.65,28.65,107
20180524,28.91,28.91,28.91,28.91,155
20180529,28.53,28.53,28.51,28.51,4130
20180531,28.7,28.7,28.7,28.7,352
20180601,28.97,28.97,28.97,28.97,202
20180605,29.44,29.44,29.19,29.19,214
20180606,29.33,29.33,29.33,29.33,428
20180607,29.48,29.48,29.38,29.38,766
20180608,28.99,29.47,28.99,29.45,1177
20180611,29.26,29.26,29.26,29.26,278
20180615,29.34,29.34,29.34,29.34,535
20180625,29.2,29.2,28.78,28.78,246
20180626,28.58,28.58,28.58,28.58,210
20180702,29.1,29.1,29.1,29.1,424
20180706,29.18,29.21,29.18,29.2,4657
20180709,29.31,29.35,29.31,29.33,7641
20180710,29.49,29.49,29.49,29.49,267
20180713,29.64,29.69,29.63,29.69,535
20180717,29.73,29.73,29.72,29.72,214
20180718,29.73,29.84,29.73,29.84,18137
20180724,29.73,29.73,29.73,29.73,6996
20180726,30.06,30.12,30.06,30.1,1774
20180730,29.81,29.81,29.81,29.81,664
20180803,29.92,29.95,29.92,29.92,1762
20180806,30.03,30.03,30.03,30.03,123
20180807,30.09,30.12,30.09,30.12,466
20180809,30.13,30.17,30.13,30.17,1283
20180813,29.91,29.91,29.91,29.91,321
20180816,30.07,30.07,30.07,30.07,374
20180817,30.31,30.31,30.31,30.31,376
20180821,30.46,30.46,30.41,30.46,1514
20180827,30.87,30.87,30.64,30.67,534
20180828,30.69,30.69,30.6,30.66,1405
20180829,30.85,30.85,30.83,30.83,1122
20180830,30.73,30.73,30.73,30.73,374
20180906,30.81,30.81,30.81,30.81,325
20180910,30.77,30.79,30.77,30.79,642
20180913,31,31,30.97,30.97,3738
20180914,31.01,31.06,31,31.06,4487
20180917,30.9,31.02,30.9,30.97,2922
20180918,31.09,31.1,31.09,31.1,1817
20180919,31.11,31.11,31.06,31.06,1444
20180920,31.21,31.21,31.21,31.21,106
20180924,31.2,31.24,31.2,31.2,852
20180925,31.18,31.18,31.14,31.14,234
20180926,31.04,31.04,31.04,31.04,254
20180928,31.13,31.17,31.09,31.12,2164
20181002,31.16,31.23,31.16,31.23,2127
20181003,31.09,31.23,31.09,31.13,5060
20181004,30.8,30.8,30.8,30.8,106
20181005,30.67,30.8,30.67,30.8,319
20181009,30.88,30.91,30.88,30.91,638
20181010,30.48,30.48,30.36,30.36,213
20181011,29.36,29.62,29.36,29.59,3188
20181012,30.54,30.54,29.43,29.64,1489
20181015,30.59,30.59,29.53,29.53,1167
20181016,29.9,30.1,29.9,30.06,7203
20181017,30.06,30.36,30.06,30.36,638
20181018,30.1,30.1,29.74,29.74,292
20181022,29.74,29.74,29.74,29.74,638
20181024,29.6,29.6,29.17,29.17,1013
20181025,29.37,29.37,29.36,29.36,638
20181026,28.94,28.95,28.93,28.95,1169
20181029,28.88,28.88,28.88,28.88,1063
20181031,29.67,29.7,29.56,29.56,3129
20181101,29.59,29.59,29.59,29.59,212
20181102,29.64,29.64,29.44,29.44,781
20181106,30.07,30.11,30.03,30.11,3045
20181107,30.67,30.67,30.37,30.44,1062
20181108,30.51,30.74,30.51,30.74,372
20181112,30.27,30.27,30.27,30.27,1595
20181113,30.12,30.12,30.12,30.12,425
20181114,29.96,30.01,29.64,30.01,2551
20181115,29.82,30.07,29.82,30.07,1700
20181119,30.07,30.07,30.07,30.07,128
20181120,29.61,29.61,29.5,29.5,1495
20181127,29.62,29.67,29.59,29.67,32365
20181128,29.89,30.31,29.89,30.31,4626
20181129,30.27,30.44,30.27,30.36,1927
20181130,30.31,30.47,30.31,30.47,1170
20181203,30.83,31.46,30.69,30.78,1489
20181204,30.53,30.53,30.53,30.53,159
20181206,29.65,29.79,29.53,29.79,535
20181207,30.15,30.15,29.34,29.35,1489
20181210,28.87,28.87,28.87,28.87,166
20181211,29.58,29.58,29.4,29.4,1097
20181212,29.76,29.77,29.76,29.77,1383
20181213,29.49,29.56,29.49,29.53,1432
20181214,29.09,29.12,29.06,29.06,1049
20181217,28.49,28.5,28.48,28.48,1096
20181218,28.67,28.67,28.32,28.33,701
20181219,28.61,28.72,28.04,28.05,1803
20181220,27.47,27.47,27.26,27.33,789
20181221,27.6,27.6,27.12,27.12,1421
20181224,26.6,26.6,26.6,26.6,139
20181226,26.94,27.52,26.94,27.52,3922
20181227,27.2,27.34,27.2,27.34,762
20181228,27.89,28.08,27.89,28.08,1285
20181231,28.01,28.01,27.97,28.01,763
20190102,27.96,28.24,27.92,28.01,4078
20190103,27.59,27.64,27.58,27.58,658
20190104,27.75,28.17,27.75,28.17,2711
20190107,28.4,28.4,28.27,28.32,1915
20190108,28.39,28.39,28.3,28.3,1738
20190109,28.65,28.65,28.58,28.58,7663
20190110,28.52,28.74,28.42,28.74,4007
20190111,28.56,28.62,28.56,28.62,955
20190114,28.61,28.63,28.61,28.63,245
20190115,28.83,28.89,28.83,28.88,2748
20190116,28.85,28.92,28.84,28.89,7804
20190118,28.86,28.86,28.86,28.86,33
20190122,28.86,28.86,28.86,28.86,33
20190123,28.95,28.95,28.95,28.95,380
20190124,29.05,29.05,29.05,29.05,354
20190125,29.38,29.38,29.38,29.38,349
20190128,29.53,29.53,29.53,29.53,30
20190129,29.4,29.4,29.4,29.4,30
20190130,29.89,29.89,29.78,29.82,4421
20190131,30.01,30.01,29.98,29.98,767
20190201,30.1,30.23,30.1,30.13,3746
20190204,31.65,31.65,30.39,30.39,656
20190205,30.42,30.51,30.42,30.51,2375
20190206,30.48,30.48,30.42,30.42,356
20190207,30.46,30.51,30.27,30.28,2959
20190208,30.24,30.36,30.24,30.36,16025
20190211,30.45,30.45,30.39,30.39,434
20190212,30.75,30.75,30.75,30.75,30
20190213,30.84,30.84,30.84,30.84,239
20190214,30.68,30.81,30.68,30.81,673
20190215,31.01,31.01,31.01,31.01,158
20190219,31.17,31.17,31.17,31.17,30
20190220,31.15,31.29,31.15,31.24,789
20190221,31.18,31.18,31.18,31.18,344
20190222,31.42,31.42,31.42,31.42,135
20190225,31.56,31.59,31.56,31.59,396
20190226,31.47,31.47,31.46,31.46,448
20190227,31.37,31.37,31.33,31.37,396
20190228,31.45,31.51,31.45,31.51,449
20190301,31.79,31.79,31.58,31.58,377
20190304,31.35,31.35,31.35,31.35,30
20190305,31.53,31.53,31.53,31.53,30
20190306,31.43,31.45,31.43,31.43,660
20190307,31.19,31.19,31.19,31.19,30
20190308,31.16,31.16,30.95,30.95,992
20190311,31.27,31.48,31.27,31.48,1598
20190312,31.58,31.58,31.55,31.55,239
20190313,31.58,31.58,31.58,31.58,33
20190314,31.8,31.8,31.8,31.8,30
20190315,32.03,32.03,31.98,31.98,1286
20190318,31.96,31.99,31.96,31.99,239
20190319,31.99,31.99,31.99,31.99,30
20190320,31.92,31.92,31.92,31.92,30
20190321,32.23,32.31,32.23,32.24,2540
20190322,31.95,31.95,31.95,31.95,499
20190325,31.82,31.82,31.82,31.82,197
20190326,32.07,32.07,32,32,447
20190327,32.12,32.12,31.87,32.04,2114
20190328,32.16,32.16,32.1,32.1,1468
20190329,32.19,32.3,32.19,32.3,5762
20190401,32.48,32.48,32.48,32.48,134
20190402,32.51,32.61,32.51,32.61,768
20190403,32.62,32.67,32.58,32.63,2951
20190404,32.57,32.57,32.57,32.57,343
20190405,32.72,32.78,32.72,32.76,1395
20190408,32.74,32.74,32.74,32.74,238
20190409,32.64,32.64,32.64,32.64,30
20190410,32.69,32.69,32.69,32.69,326
20190411,32.69,32.76,32.69,32.71,2010
20190412,32.95,32.95,32.95,32.95,30
20190415,33.1,33.1,32.88,32.88,578
20190416,33.08,33.08,32.99,32.99,316
20190417,32.87,32.87,32.87,32.87,134
20190418,32.96,32.96,32.7,32.85,1444
20190422,32.84,32.86,32.8,32.86,1181
20190423,33.06,33.21,33.06,33.18,1335
20190424,33.2,33.27,33.2,33.2,955
20190425,32.97,33.24,32.97,33.24,1091
20190426,33.18,33.22,33.12,33.21,2121
20190429,33.25,33.28,33.25,33.28,254
20190430,33.26,33.26,33.26,33.26,134
20190501,33.39,33.41,33.34,33.36,1019
20190502,33.1,33.1,33.06,33.06,1257
20190503,33.28,33.28,33.28,33.28,1072
20190506,32.69,33.25,32.69,33.25,4129
20190507,33,33,32.58,32.58,7845
20190508,32.77,32.81,32.77,32.81,552
20190509,32.53,32.53,32.53,32.53,343
20190510,32.34,32.62,32.29,32.62,1025
20190513,32.42,32.42,32.22,32.3,2811
20190514,32.22,32.72,32.22,32.69,3038
20190515,32.72,32.72,32.72,32.72,134
20190516,33.06,33.06,33.06,33.06,134
20190517,32.97,32.99,32.95,32.95,552
20190520,32.8,32.86,32.73,32.73,2728
20190521,32.96,32.96,32.96,32.96,30
20190522,32.93,32.93,32.93,32.93,30
20190523,32.53,32.56,32.51,32.56,2361
20190524,32.78,32.78,32.78,32.78,30
20190528,32.56,32.56,32.56,32.56,30
20190529,32.33,32.34,32.32,32.34,1117
20190530,32.46,32.46,32.46,32.46,30
20190531,32.25,32.25,32.25,32.25,30
20190603,32.41,32.41,32.21,32.21,342
20190604,32.48,32.71,32.48,32.71,21709
20190605,32.99,33.06,32.99,33.06,342
20190606,33.32,33.32,33.32,33.32,238
20190607,33.81,33.83,33.77,33.77,446
20190610,33.89,33.9,33.82,33.82,1410
20190611,33.78,33.78,33.78,33.78,134
20190612,33.74,33.74,33.68,33.73,1934
20190613,33.83,33.83,33.83,33.83,134
20190614,33.76,33.79,33.76,33.79,238
20190617,33.83,33.83,33.76,33.76,660
20190618,34.07,34.07,34.05,34.05,266
20190619,33.98,34.15,33.98,34.15,6075
20190620,34.42,34.52,34.38,34.52,841
20190621,34.41,34.54,34.38,34.47,2598
20190624,34.39,34.39,34.39,34.39,30
20190625,34.26,34.32,34.17,34.23,5672
20190626,33.99,34.01,33.97,33.97,1301
20190627,34.09,34.26,34.09,34.18,1358
20190628,34.21,34.22,34.14,34.22,7758
20190701,34.47,34.5,34.47,34.47,5087
20190702,34.5,34.59,34.5,34.59,1761
20190703,34.77,34.84,34.77,34.84,342
20190705,34.75,34.98,34.69,34.93,4046
20190708,34.82,34.83,34.81,34.81,962
20190709,34.83,34.86,34.76,34.86,687
20190710,34.97,34.97,34.97,34.97,134
20190711,35.3,35.3,34.97,35.05,1250
20190712,35.15,35.23,35.15,35.23,1959
20190715,35.24,35.28,35.2,35.27,25798
20190716,35.22,35.22,35.14,35.16,1528
20190717,35.15,35.15,35.03,35.05,2225
20190718,34.91,35.15,34.89,35.13,4243
20190719,35.12,35.13,34.93,34.93,3374
20190722,35.68,35.68,34.88,34.88,3096
20190723,34.96,35.07,34.95,35.07,7782
20190724,35.12,35.12,35.01,35.1,1467
20190725,35.15,35.19,35.07,35.07,1474
20190726,35.24,35.37,35.24,35.37,1214
20190729,35.34,35.38,35.34,35.37,3846
20190730,35.33,35.35,35.32,35.32,1500
20190731,35.28,35.3,34.62,35.02,3002
20190801,35.06,35.16,34.71,34.8,910
20190802,34.57,34.57,34.46,34.52,1371
20190805,33.98,34.01,33.35,33.35,1574
20190806,34.05,34.05,33.69,33.72,2442
20190807,33.74,34.18,33.74,34.09,3599
20190808,34.39,34.73,34.38,34.72,3806
20190809,34.91,34.91,34.53,34.65,2984
20190812,34.48,34.48,34.18,34.18,1362
20190813,34.63,34.69,34.61,34.68,1539
20190814,34.1,34.1,33.74,33.77,3489
20190815,33.94,33.94,33.71,33.91,914
20190816,34.38,34.38,34.38,34.38,134
20190819,34.64,34.73,34.63,34.73,748
20190820,34.6,34.7,34.6,34.6,783
20190821,34.75,34.77,34.75,34.77,1118
20190822,34.61,34.69,34.61,34.69,1744
20190823,34.77,34.77,34.09,34.09,468
20190826,34.12,34.18,34.08,34.18,351
20190827,34.38,34.4,34.33,34.4,2193
20190828,34.35,34.54,34.35,34.5,2678
20190829,34.84,34.99,34.78,34.96,1902
20190830,35.24,35.24,34.89,34.89,722
20190903,35.33,35.33,34.69,34.79,1174
20190904,35.03,35.1,35.02,35.09,1403
20190905,35.53,35.55,35.49,35.51,2476
20190906,35.63,35.67,35.63,35.63,1716
20190909,35.6,35.6,35.33,35.37,6584
20190910,34.94,34.99,34.94,34.98,1276
20190911,34.99,35.02,34.96,35.02,5935
20190912,35.33,35.34,35.33,35.33,705
20190913,35.51,35.51,35.32,35.35,1984
20190916,35.28,35.34,35.28,35.31,820
20190917,35.33,35.4,35.32,35.4,2898
20190918,35.39,35.44,35.27,35.44,2585
20190919,35.63,35.64,35.53,35.53,1362
20190920,35.66,35.66,35.65,35.65,909
20190923,35.34,35.42,35.32,35.39,1037201
20190924,35.49,35.52,35.13,35.21,708
20190925,35.2,35.21,35.2,35.21,859
20190926,35.29,35.36,35.29,35.36,533
20190927,35.25,35.25,35.25,35.25,237
20190930,35.23,35.34,35.23,35.34,598
20191001,35.46,35.46,34.99,35.04,2503
20191002,34.61,34.61,34.37,34.45,5698
20191003,34.28,34.61,34.22,34.59,7449
20191004,34.69,35.15,34.69,35.14,1732
20191007,35.18,35.2,35.17,35.18,2241
20191008,34.57,34.75,34.49,34.49,36604
20191009,34.69,34.96,34.62,34.84,1321
20191010,34.97,34.97,34.96,34.96,1170
20191011,35.37,35.46,35.26,35.26,4978
20191014,35.23,35.23,35.18,35.19,5084
20191015,35.27,35.38,35.27,35.35,5312
20191016,35.2,35.32,35.2,35.31,3590
20191017,35.43,35.43,35.3,35.33,6088
20191018,35.75,35.75,35.19,35.27,12701
20191021,35.43,35.43,35.27,35.29,5252
20191022,35.31,35.31,35.09,35.09,5913
20191023,35.03,35.06,34.96,34.96,3172
20191024,35.01,35.14,35.01,35.12,6746
20191025,35.13,35.22,35.09,35.16,17390
20191028,35.31,35.31,35.18,35.21,3191
20191029,35.29,35.4,35.29,35.37,4046
20191030,35.33,35.44,35.3,35.34,6124
20191031,35.38,35.38,35.23,35.3,6912
20191101,35.61,35.61,35.51,35.52,3074
20191104,36.18,36.18,35.44,35.44,4533
20191105,35.23,35.34,35.23,35.32,4721
20191106,35.39,35.44,35.37,35.44,1507
20191107,35.66,35.67,35.57,35.57,4965
20191108,35.54,35.57,35.49,35.57,5283
20191111,35.58,35.58,35.49,35.58,2039
20191112,35.7,35.72,35.62,35.63,8240
20191113,35.7,35.83,35.7,35.82,4335
20191114,35.87,35.89,35.77,35.89,3637
20191115,36.53,36.53,35.99,36.07,6401
20191118,36.16,36.17,36.12,36.12,3202
20191119,36.25,36.25,36.11,36.16,6477
20191120,36.15,36.16,35.9,36,2622
20191121,35.92,36,35.92,35.96,2986
20191122,36.16,36.16,35.86,35.93,2577
20191125,36.13,36.13,36.06,36.12,2066
20191126,36.21,36.32,36.18,36.32,14122
20191127,36.31,36.45,36.31,36.45,2526
20191129,36.43,36.43,36.34,36.35,8696
20191202,36.31,36.31,35.99,36.07,22094
20191203,35.73,35.86,35.63,35.83,18579
20191204,36.02,36.1,36.02,36.09,3751
20191205,36.11,36.22,36.01,36.13,49775
20191206,36.48,36.5,36.36,36.42,3856
20191209,36.53,36.53,36.24,36.33,12838
20191210,36.72,36.72,36.24,36.28,2421
20191211,36.52,36.52,36.22,36.33,19134
20191212,36.44,36.58,36.42,36.58,8497
20191213,36.55,36.62,36.44,36.59,3923
20191216,36.82,36.83,36.76,36.76,8172
20191217,36.93,36.93,36.77,36.77,9016
20191218,36.84,36.84,36.7,36.72,9254
20191219,36.47,37,36.47,36.9,9824
20191220,37,37.49,37,37.49,5723
20191223,37.77,37.77,36.98,37.08,10197
20191224,37.01,37.09,37.01,37.09,5187
20191226,37.54,37.54,37.01,37.2,73564
20191227,37.26,37.26,37.1,37.15,25133
20191230,37,37.06,36.91,37.01,13282
20191231,37.01,37.09,36.9,37.09,6395
20200102,37.7,37.7,37.09,37.12,14804
20200103,37.05,37.26,37.05,37.21,6971
20200106,36.87,37.21,36.87,37.2,14775
20200107,37.15,37.15,37.08,37.13,30188
20200108,37.16,37.41,37.16,37.4,61332
20200109,37.77,37.77,37.41,37.48,32171
20200110,37.7,37.7,37.45,37.46,8288
20200113,37.78,37.78,37.49,37.59,11256
20200114,37.68,37.69,37.58,37.58,13371
20200115,37.77,37.84,37.7,37.76,14015
20200116,37.81,38.01,37.81,38,4847
20200117,38.2,38.2,38.12,38.2,3355
20200121,38.22,38.29,38.15,38.23,15522
20200122,38.37,38.41,38.29,38.31,11879
20200123,38.25,38.29,38.08,38.25,58657
20200124,38.77,38.77,37.95,37.98,128380
20200127,37.59,37.77,37.48,37.77,8738
20200128,37.78,38.04,37.76,38.02,3709
20200129,38.15,38.15,37.82,37.82,9457
20200130,37.81,38.03,37.75,38.03,8611
20200131,37.95,37.95,37.39,37.44,19365
20200203,38.27,38.27,37.78,37.83,10507
20200204,38.29,38.38,38.19,38.21,9724
20200205,38.56,38.56,38.37,38.56,4243
20200206,38.68,38.68,38.52,38.59,29838
20200207,38.69,38.69,38.39,38.47,40158
20200210,38.44,38.66,38.44,38.66,7544
20200211,38.92,38.92,38.73,38.75,3439
20200212,38.92,38.92,38.75,38.9,12579
20200213,38.57,39.02,38.57,38.9,16476
20200214,39.03,39.09,38.95,39.09,10123
20200218,39.07,39.07,38.88,38.92,12412
20200219,39.05,39.11,38.98,39.02,7778
20200220,39.17,39.17,38.52,38.8,68060
20200221,39.09,39.09,38.46,38.56,81248
20200224,37.74,38.03,37.59,37.78,18437
20200225,38.16,38.16,36.51,36.66,58780
20200226,36.69,37.14,36.4,36.52,14881
20200227,36.22,36.23,35.32,35.32,27321
20200228,34.67,34.67,33.58,34.41,59818
20200302,34.51,35.92,34.47,35.92,35411
20200303,36.07,36.46,34.94,35.17,20716
20200304,36.3,36.66,35.6,36.66,54790
20200305,35.93,36.18,35.26,35.54,112093
20200306,34.52,35.21,34.19,34.98,24300
20200309,32.89,33.71,31.62,32.83,63678
20200310,33.88,34.07,32.47,34.07,15882
20200311,33.59,34.04,32.12,32.61,21195
20200312,30.69,31.45,29.5,29.5,30866
20200313,31.03,31.85,29.56,31.85,55617
20200316,28.47,29.94,27.93,28.21,21872
20200317,29.32,29.91,28.15,29.91,195918
20200318,28.23,28.68,25.38,28.1,110956
20200319,27.77,28.54,27.22,28,43128
20200320,28.17,28.4,26.85,26.91,15274
20200323,27.09,27.09,25.49,25.82,9014
20200324,27.43,28.25,27.42,28.21,27362
20200325,28.37,29.63,27.96,28.8,110317
20200326,29.38,30.69,29.35,30.69,19427
20200327,29.85,30.48,29.55,30.13,16635
20200330,30.21,30.77,30.11,30.76,12384
20200331,30.75,30.75,30.06,30.06,47302
20200401,28.64,29.43,28.64,28.86,5506
20200402,29.52,29.65,29.23,29.58,6107
20200403,29.97,29.97,29,29.1,21778
20200406,30.15,31.11,30.08,31.11,9519
20200407,31.94,32.01,31.25,31.47,51087
20200408,31.5,32.18,31.5,32.06,9232
20200409,32.59,33.04,32.57,32.71,18039
20200413,32.46,32.53,31.86,32.16,13985
20200414,32.89,33.16,32.74,33.16,7914
20200415,32.56,32.56,32.14,32.31,29562
20200416,32.33,32.51,32.09,32.32,11486
20200417,32.93,33.38,32.92,33.38,6570
20200420,33.09,33.31,32.81,32.9,110703
20200421,32.27,32.3,31.8,32,34392
20200422,32.51,32.68,32.31,32.68,11124
20200423,32.74,33.19,32.51,32.58,23291
20200424,34.12,34.87,32.53,33.01,60485
20200427,33.29,33.78,33.29,33.71,10933
20200428,34.13,34.23,33.62,33.62,10012
20200429,34.12,34.28,34.03,34.28,6198
20200430,33.8,33.88,33.48,33.58,14607
20200501,33.22,33.22,32.75,32.76,6606
20200504,32.72,32.94,32.53,32.92,12663
20200505,33.25,33.6,33.25,33.29,5358
20200506,33.47,33.47,33,33.08,7278
20200507,33.35,33.55,33.35,33.44,3032
20200508,33.87,33.87,33.64,33.76,5970
20200511,33.57,33.94,33.57,33.89,5820
20200512,33.86,33.86,33.4,33.4,7716
20200513,32.95,33.02,32.3,32.57,6510
20200514,32.42,32.52,32.2,32.52,1182
20200515,32.84,33.08,32.81,33.08,3855
20200518,33.74,34.34,33.74,34.33,14202
20200519,33.97,34.13,33.69,33.69,10010
20200520,34.21,34.32,34.1,34.19,5168
20200521,34.19,34.24,33.84,33.84,3893
20200522,33.92,34.07,33.9,34.06,3501
20200526,34.81,34.81,34.53,34.53,22043
20200527,34.62,35.03,34.45,34.99,194232
20200528,35.36,35.55,35.19,35.2,35114
20200529,35.26,35.46,35.01,35.38,17565
20200601,35.34,35.57,35.34,35.57,9576
20200602,35.68,35.71,35.48,35.71,11583
20200603,35.98,36.35,35.98,36.25,12263
20200604,36.18,36.27,35.93,36.07,4373
20200605,36.83,37.12,36.81,36.94,8680
20200608,37.09,37.37,37.09,37.37,9853
20200609,36.8,37.07,36.8,37,7154
20200610,36.8,36.95,36.64,36.67,2674
20200611,35.72,35.83,34.6,34.71,13291
20200612,35.55,35.55,34.45,34.92,21256
20200615,33.62,35.3,33.62,35.02,18758
20200616,36.07,36.22,35.37,35.81,40195
20200617,36.04,36.04,35.69,35.92,19687
20200618,35.66,35.77,35.55,35.72,133253
20200619,36.24,36.24,35.3,35.84,8316
20200622,35.35,35.56,35.1,35.48,144550
20200623,35.78,35.9,35.6,35.63,8390
20200624,35.3,35.33,34.52,34.7,309783
20200625,34.64,35.06,34.44,35.03,7967
20200626,35.02,35.1,34.44,34.48,12598
20200629,34.57,34.8,34.54,34.71,3401
20200630,34.92,35.21,34.91,35.21,11016
20200701,35.51,35.91,35.37,35.57,8098
20200702,35.95,35.95,35.63,35.67,3262
20200706,36.08,36.1,35.83,35.86,1525
20200707,36.31,36.31,35.56,35.56,10887
20200708,36.24,36.24,35.45,35.68,5511
20200709,35.63,35.67,35.13,35.49,4723
20200710,35.7,35.77,35.67,35.77,2757
20200713,35.91,36.18,35.52,35.52,9788
20200714,35.62,36.05,35.47,36.05,8542
20200715,36.52,36.52,36.34,36.45,4034
20200716,36.31,36.34,36.26,36.31,2786
20200717,36.43,36.69,36.43,36.69,6608
20200720,36.75,36.78,36.56,36.77,18654
20200721,36.91,37.06,36.87,36.87,4433
20200722,37.01,37.19,36.96,37.19,13176
20200723,37.3,37.43,36.95,36.95,21910
20200724,36.98,37.03,36.64,36.8,56928
20200727,36.86,36.91,36.84,36.85,5555
20200728,36.79,37.01,36.79,36.99,9145
20200729,36.94,37.24,36.94,37.15,9394
20200730,36.78,37.04,36.64,36.96,205566
20200731,37.18,37.18,36.62,36.92,34177
20200803,37.35,37.35,37.13,37.29,6936
20200804,37.16,37.42,37.16,37.27,5421
20200805,37.64,37.64,37.44,37.44,2800
20200806,37.4,37.56,37.33,37.55,7332
20200807,37.51,37.81,37.51,37.81,4771
20200810,37.95,37.96,37.87,37.89,7324
20200811,38.06,38.36,37.76,37.76,6996
20200812,38.09,38.19,38.04,38.13,10150
20200813,38.06,38.15,38.01,38.05,14824
20200814,38.09,38.16,37.98,37.98,23866
20200817,38.27,38.27,38.1,38.11,6165
20200818,38.32,38.32,38.03,38.2,6227
20200819,38.65,38.65,38.22,38.22,2209
20200820,38,38.07,37.95,38.05,11385
20200821,38.06,38.11,37.93,38.08,14940
20200824,38.38,38.38,38.31,38.36,13883
20200825,38.59,38.59,38.44,38.53,6438
20200826,38.51,38.66,38.45,38.64,4504
20200827,38.65,38.9,38.62,38.77,21561
20200828,38.99,38.99,38.74,38.97,35438
20200831,38.88,38.89,38.75,38.88,5272
20200901,38.81,38.87,38.72,38.87,7768
20200902,39.09,39.58,39.09,39.53,10162
20200903,39.55,39.55,38.21,38.45,11442
20200904,38.84,38.84,37.79,38.2,3802
20200908,37.91,37.91,37.5,37.56,4360
20200909,37.75,38.33,37.75,38.09,7935
20200910,38.13,38.28,37.55,37.55,8945
20200911,37.87,37.87,37.45,37.7,6199
20200914,38.12,38.33,38.12,38.24,7843
20200915,38.41,38.49,38.31,38.31,4475
20200916,38.56,38.69,38.34,38.39,218945
20200917,38,38.19,37.85,38.12,7617
20200918,38.14,38.18,37.66,37.75,30190
20200921,37.49,37.49,36.89,37.22,14093
20200922,37.65,37.66,37.36,37.66,6743
20200923,37.73,37.73,36.91,36.91,7248
20200924,36.87,37.2,36.73,36.9,2661
20200925,36.94,37.4,36.81,37.4,13464
20200928,37.99,38.06,37.79,37.94,7552
20200929,37.98,38.02,37.77,37.85,7203
20200930,37.9,38.32,37.82,38.08,6920
20201001,38.11,38.24,38.05,38.05,5707
20201002,37.7,38.12,37.7,38.03,5740
20201005,38.23,38.45,38.23,38.45,6382
20201006,38.45,38.68,38.45,38.68,1655
20201007,38.38,38.59,38.37,38.57,5395
20201008,38.9,38.96,38.79,38.9,4768
20201009,39.07,39.27,39.07,39.14,7505
20201012,39.51,39.73,39.38,39.63,9756
20201013,39.58,39.6,39.32,39.38,6091
20201014,39.36,39.54,39.22,39.24,5613
20201015,38.94,39.21,38.89,39.19,3679
20201016,39.44,39.5,39.38,39.45,4752
20201019,39.61,39.61,38.67,38.7,22845
20201020,38.9,39.03,38.78,38.88,37452
20201021,38.82,38.96,38.7,38.75,15392
20201022,38.8,38.95,38.69,38.86,7900
20201023,39.06,39.06,38.77,38.97,18344
20201026,38.53,38.53,38,38.12,5554
20201027,38.21,38.26,38.09,38.09,6232
20201028,37.4,37.61,37.04,37.19,13594
20201029,36.89,37.45,36.89,37.45,6183
20201030,37.05,37.05,36.71,36.73,2902
20201102,37.45,37.75,37.31,37.49,3397
20201103,38.12,38.4,38.12,38.34,3399
20201104,38.66,39.21,38.54,38.75,6330
20201105,39.43,39.43,39.12,39.2,10633
20201106,39.25,39.39,39.19,39.38,9311
20201109,42.13,42.13,40.13,40.16,12187
20201110,39.81,39.95,39.65,39.92,7900
20201111,40.36,40.36,40.02,40.16,10921
20201112,39.96,40.04,39.58,39.63,7167
20201113,40.27,40.3,40.09,40.3,2809
20201116,40.61,40.67,40.55,40.64,6113
20201117,39.8,40.58,39.8,40.46,8208
20201118,40.51,40.56,40.22,40.22,15174
20201119,39.95,40.23,39.95,40.22,4516
20201120,40.3,40.3,39.96,39.96,3145
20201123,40.29,40.29,39.9,40.16,8414
20201124,42.1,42.1,40.44,40.67,5494
20201125,40.75,40.75,40.47,40.56,201171
20201127,40.69,40.69,40.64,40.64,2234
20201130,40.55,40.55,40.39,40.48,3341
20201201,40.92,40.93,40.87,40.87,557
20201202,40.92,40.92,40.75,40.8,2719
20201203,40.86,40.89,40.85,40.89,1908
20201204,41,41.1,41,41.04,5794
20201207,41.05,41.1,40.94,41,9156
20201208,40.88,41.15,40.88,41.11,13375
20201209,41.2,41.2,40.83,41.01,3252
20201210,40.82,40.92,40.75,40.89,4312
20201211,40.75,40.95,40.75,40.95,4040
20201214,41.06,41.38,40.77,40.77,4652
20201215,41,41.19,40.92,41.07,4893
20201216,41.17,41.21,41.04,41.19,5084
20201217,41.31,41.48,41.31,41.43,7574
20201218,41.62,41.62,41.23,41.48,5371
20201221,41.11,41.23,40.62,41.22,15323
20201222,41.27,41.27,41.04,41.05,2878
20201223,41.19,41.32,41.19,41.2,12440
20201224,41.13,41.16,41.13,41.13,875
20201228,41.44,41.45,41.35,41.42,2198
20201229,41.61,41.61,41.29,41.32,2894
20201230,41.43,41.5,41.35,41.35,3564
20201231,41.45,41.52,41.31,41.52,4278
20210104,41.75,41.75,40.8,41.09,2315
20210105,40.94,41.13,40.91,41.13,1390
20210106,41.22,41.84,41.22,41.68,6713
20210107,41.77,42,41.77,42,7935
20210108,42.02,42.06,41.88,41.88,665
20210111,42.12,42.23,42.08,42.23,4353
20210112,42.11,42.13,41.95,42.02,2818
20210113,42.05,42.13,41.99,41.99,9500
20210114,42.13,42.13,41.79,41.79,2189
20210115,41.68,41.72,41.52,41.61,28064
20210119,41.96,41.96,41.66,41.83,23226
20210120,42.04,42.19,41.92,42.18,2471
20210121,42.14,42.14,41.92,42.06,8527
20210122,41.86,41.88,41.7,41.84,20777
20210125,41.81,41.89,41.8,41.88,5180
20210126,41.8,41.89,41.8,41.86,3618
20210127,41.47,41.47,40.68,40.73,6495
20210128,41.13,41.56,41.13,41.31,23694
20210129,41.12,41.12,40.44,40.46,7893
20210201,40.65,40.97,40.65,40.96,1810
20210202,41.56,41.59,41.53,41.53,1461
20210203,41.24,41.43,41.16,41.36,14617
20210204,41.53,41.65,41.51,41.65,5403
20210205,41.89,41.89,41.77,41.82,3082
20210208,41.94,42.05,41.89,41.9,2762
20210209,41.99,42.09,41.95,42.07,2019
20210210,42.19,42.19,41.84,41.98,4044
20210211,42.1,42.11,41.91,42.1,4213
20210212,41.99,42.08,41.94,42.04,112169
20210216,42.35,42.35,42.01,42.01,6377
20210217,41.93,42.14,41.93,42.14,3970
20210218,41.98,42.16,41.88,42.16,3528
20210219,42.31,42.31,41.8,41.8,5446
20210222,41.55,41.69,41.55,41.62,1366
20210223,41.58,41.58,41.33,41.45,4587
20210224,41.44,41.92,41.36,41.86,13101
20210225,42.13,42.13,41.25,41.26,3980
20210226,41.17,41.23,40.98,41.17,13005
20210301,41.18,41.73,41.18,41.73,4832
20210302,41.3,41.58,41.3,41.53,1050
20210303,41.33,41.33,41.08,41.11,1845
20210304,40.9,41.07,40.19,40.39,1785
20210305,42.36,42.36,40.35,41.05,3642
20210308,41.38,41.91,41.38,41.43,3153
20210309,41.94,42.01,41.94,41.95,3517
20210310,42.03,42.12,42.03,42.06,814
20210311,42.22,42.44,42.22,42.39,7771
20210312,42.11,42.32,42.11,42.32,3565
20210315,42.37,42.65,42.37,42.65,31498
20210316,42.58,42.72,42.58,42.65,3328
20210317,42.56,42.57,42.36,42.57,2860
20210318,42.31,42.37,42.16,42.16,3692
20210319,42.16,42.23,41.99,42.21,2086
20210322,42.21,42.52,42.2,42.38,174799
20210323,42.6,42.65,42.31,42.31,7293
20210324,42.55,42.72,42.5,42.5,6134
20210325,42.22,42.59,42.21,42.59,289680
20210326,42.78,43.03,42.78,42.96,8557
20210329,43.44,43.56,43.17,43.48,5770
20210330,43.18,43.25,43.09,43.23,57880
20210331,43.23,43.39,43.23,43.39,1344
20210401,43.33,43.56,43.32,43.56,200228
20210405,43.9,44.19,43.87,44.15,44508
20210406,44.16,44.16,43.94,44.03,1898
20210407,44.11,44.11,43.89,43.97,13925
20210408,44.09,44.14,44.05,44.11,323883
20210409,44.33,44.38,44.19,44.38,5904
20210412,44.35,44.45,44.35,44.44,28813
20210413,44.38,44.56,44.38,44.49,8358
20210414,44.62,44.62,44.35,44.36,6341
20210415,44.65,44.87,44.65,44.78,5807
20210416,45.03,45.2,45.03,45.11,164713
20210419,45.05,45.05,44.91,44.95,10976
20210420,45.01,45.03,44.79,44.92,3801
20210421,44.87,45.2,44.87,45.18,6075
20210422,45.19,45.19,44.98,44.98,1852
20210423,45.06,45.52,45.06,45.43,12315
20210426,45.33,45.35,45.16,45.17,364086
20210427,45.25,45.3,45.17,45.25,10699
20210428,45.35,45.35,45.19,45.2,7059
20210429,45.43,45.52,45.37,45.52,2655
20210430,45.28,45.37,45.21,45.22,5331
20210503,45.56,45.67,45.55,45.56,15813
20210504,45.42,45.49,45.3,45.49,14208
20210505,45.53,45.55,45.36,45.46,7131
20210506,45.53,45.78,45.51,45.78,23689
20210507,45.77,46.03,45.77,46.01,4264
20210510,46.11,46.32,45.88,45.88,11927
20210511,45.58,45.58,45.27,45.27,5308
20210512,45.09,45.14,44.59,44.59,6500
20210513,44.67,45.33,44.67,45.33,23686
20210514,45.39,45.73,45.39,45.7,19733
20210517,45.51,45.51,45.36,45.41,8072
20210518,45.26,45.3,45.06,45.06,9636
20210519,44.6,44.84,44.43,44.84,6835
20210520,45.16,45.46,45.16,45.34,5233
20210521,45.6,45.6,45.38,45.38,2525
20210524,45.53,45.65,45.47,45.54,4173
20210525,45.63,45.63,45.45,45.47,27534
20210526,45.57,45.57,45.42,45.47,5722
20210527,45.61,45.61,45.45,45.45,3919
20210528,45.66,45.7,45.6,45.64,3296
20210601,45.79,45.86,45.32,45.35,4333
20210602,45.52,45.57,45.47,45.5,4148
20210603,45.25,45.54,45.25,45.54,3670
20210604,45.73,45.87,45.73,45.85,7323
20210607,45.86,45.86,45.61,45.67,5203
20210608,45.61,45.68,45.6,45.68,4808
20210609,45.76,45.76,45.7,45.7,2476
20210610,45.77,45.93,45.77,45.91,5092
20210611,45.95,46,45.85,45.95,2645
20210614,45.98,46.06,45.84,46.06,357978
20210615,46.13,46.19,45.97,46.03,1949
20210616,46.13,46.13,45.62,45.78,3553
20210617,45.68,45.73,45.51,45.7,1877
20210618,45.26,45.26,45.21,45.25,1165
20210621,45.55,45.76,45.55,45.76,2386
20210622,45.93,46.04,45.92,46.04,3211
20210623,45.87,45.89,45.87,45.89,779
20210624,45.93,46,45.9,45.98,3021
20210625,46.07,46.32,46.07,46.3,40692
20210628,46.38,46.38,46.17,46.26,9204
20210629,46.38,46.46,46.35,46.35,9226
20210630,46.32,46.53,46.31,46.39,49079
20210701,46.53,46.69,46.53,46.64,5279
20210702,46.83,47,46.81,47,3425
20210706,46.94,46.95,46.65,46.95,82587
20210707,47.05,47.25,47.05,47.25,3088
20210708,46.88,46.89,46.67,46.82,6372
20210709,47.11,47.31,47.11,47.31,2289
20210712,47.25,47.35,47.25,47.35,22916
20210713,47.4,47.4,47.15,47.15,5033
20210714,47.38,47.38,47.29,47.31,2474
20210715,47.32,47.37,47.24,47.31,6140
20210716,47.44,47.46,47.24,47.24,3742
20210719,46.87,46.87,46.3,46.57,161172
20210720,46.82,47.25,46.82,47.17,1275
20210721,47.37,47.38,47.3,47.36,17472
20210722,47.46,47.46,47.22,47.38,3918
20210723,47.65,47.89,47.65,47.89,4349
20210726,47.76,47.85,47.72,47.83,3508
20210727,47.62,47.74,47.61,47.74,4795
20210728,48.01,48.01,47.62,47.68,154429
20210729,47.88,47.96,47.88,47.93,1002
20210730,47.84,47.98,47.76,47.94,4086
20210802,48.12,48.12,47.77,47.82,12503
20210803,47.75,48.11,47.75,48.11,6297
20210804,47.98,48.06,47.85,48.01,17004
20210805,48.04,48.04,47.88,47.91,3027
20210806,48.13,48.13,48.03,48.03,4212
20210809,47.95,48,47.95,48,855
20210810,48.02,48.08,48.02,48.04,3237
20210811,48.18,48.2,48.14,48.18,3744
20210812,48.19,48.31,48.16,48.31,881
20210813,48.37,48.39,48.32,48.36,3801
20210816,48.28,48.71,48.28,48.71,4577
20210817,48.53,48.53,48.33,48.39,2217
20210818,48.38,48.52,48.07,48.07,4384
20210819,48.01,48.08,48.01,48.08,401
20210820,48.3,48.59,48.3,48.55,5304
20210823,48.74,48.78,48.72,48.78,2228
20210824,48.73,48.73,48.6,48.6,1105
20210825,48.55,48.65,48.55,48.62,2139
20210826,48.35,48.44,48.35,48.39,1223
20210827,48.51,48.63,48.51,48.54,2066
20210830,48.55,48.86,48.55,48.75,3672
20210831,48.84,48.84,48.62,48.63,4404
20210901,48.78,48.78,48.75,48.75,567
20210902,48.93,48.93,48.78,48.8,841
20210903,48.85,48.97,48.84,48.91,3455
20210907,48.89,48.89,48.48,48.56,5604
20210908,48.44,48.68,48.44,48.68,3805
20210909,48.74,48.74,48.39,48.39,6304
20210910,48.47,48.47,48.2,48.2,7056
20210913,48.3,48.33,47.96,48.07,4542
20210914,48.32,48.32,47.78,47.82,4841
20210915,47.89,48.25,47.78,48.21,7019
20210916,48.15,48.18,47.96,48.18,3809
20210917,48.11,48.11,47.57,47.71,3300
20210920,47.19,47.36,46.77,46.77,11704
20210921,47.44,47.44,47.13,47.13,3433
20210922,47.34,47.62,47.22,47.53,3797
20210923,48,48,47.88,47.99,4337
20210924,47.88,47.92,47.78,47.92,13824
20210927,47.76,47.76,47.58,47.6,3087
20210928,47.36,47.36,46.81,47.07,4311
20210929,46.86,47.24,46.86,47.19,4243
20210930,46.85,47.2,46.46,46.46,12705
20211001,46.71,46.97,46.71,46.9,793
20211004,46.86,46.86,46.18,46.24,5888
20211005,46.6,46.91,46.47,46.84,4262
20211006,46.58,46.9,46.46,46.88,3294
20211007,47.62,47.63,47.32,47.38,20464
20211008,47.31,47.31,47.07,47.08,4543
20211011,47.22,47.22,46.79,46.8,10044
20211012,46.68,46.79,46.68,46.72,5580
20211013,46.6,46.83,46.6,46.83,1609
20211014,47.53,47.55,47.53,47.55,2315
20211015,47.9,47.92,47.81,47.82,28602
20211018,47.68,47.9,47.67,47.83,32066
20211019,48.19,48.26,48.19,48.26,1337
20211020,48.45,48.61,48.45,48.51,9238
20211021,48.52,48.53,48.52,48.52,734
20211022,48.82,48.82,48.68,48.68,625
20211025,48.91,48.93,48.84,48.84,2916
20211026,49.04,49.14,48.93,48.94,6152
20211027,48.73,48.73,48.51,48.51,2130
20211028,48.48,48.64,48.48,48.58,2028
20211029,48.66,48.87,48.66,48.79,69685
20211101,48.66,48.71,48.66,48.71,472
20211102,48.89,49,48.83,48.97,1415
20211103,48.98,49.12,48.82,49.12,3048
20211104,49.05,49.29,49.05,49.24,17287
20211105,49.63,49.63,49.38,49.52,4674
20211108,49.45,49.45,49.36,49.44,4095
20211109,49.44,49.52,49.31,49.51,44857
20211110,49.6,49.6,49.6,49.6,231
20211111,49.4,49.4,49.4,49.4,2040
20211112,49.55,49.62,49.55,49.61,1301
20211115,49.75,49.75,49.66,49.68,3302
20211116,49.7,50.06,49.7,50.02,1570
20211117,49.62,49.66,49.62,49.66,1539
20211118,49.69,49.69,49.34,49.52,2236
20211119,49.61,49.63,49.5,49.5,3080
20211122,49.62,49.65,49.56,49.61,3399
20211123,49.12,49.51,49.12,49.51,5851
20211124,49.34,49.65,49.34,49.65,9379
20211126,48.92,49.03,48.86,48.86,734
20211129,49.41,49.41,49.35,49.35,1800
20211130,48.91,48.96,48.21,48.21,42798
20211201,48.75,49.05,48.46,48.47,2955
20211202,48.62,48.99,48.62,48.87,13217
20211203,48.99,48.99,48.5,48.65,67905
20211206,49.15,49.5,49.15,49.32,12550
20211207,49.83,49.88,49.83,49.85,7098
20211208,49.67,49.77,49.67,49.76,1711
20211209,49.74,49.74,49.7,49.7,419
20211210,49.9,50.07,49.89,50.07,3663
20211213,50.12,50.35,50.1,50.16,7275
20211214,49.9,50.1004,49.675,49.9,67248
20211215,49.8649,50.56,49.8649,50.55,6133
20211216,50.9,50.9,50.55,50.73,35752
20211217,50.44,50.58,50.12,50.27,3914
20211220,49.63,49.92,49.29,49.92,14544
20211221,50.06,50.299,49.73,50.04,9530
20211222,50.19,50.48,50.11,50.48,9291
20211223,50.75,50.79,50.67,50.71,6732
20211227,50.86,51.15,50.86,51.09,37996
20211228,51.365,51.39,51.2219,51.3202,1530
20211229,51.4666,51.4666,51.3888,51.42,2268
20211230,51.56,51.56,51.5,51.54,3441
20211231,51.4,51.57,51.35,51.54,3730
20220103,51.17,51.2,50.93,51.18,27340
20220104,51.42,51.42,51.09,51.3,3921
20220105,51.38,51.47,50.7671,50.7671,1327
20220106,50.78,50.795,50.64,50.64,5565
20220107,50.67,50.67,50.37,50.5027,3219
20220110,49.76,50.09,49.72,50.09,1782
20220111,50.32,50.48,49.807,50.4612,4759
20220112,50.55,50.73,50.44,50.44,13349
20220113,50.77,50.77,50.23,50.25,6233
20220114,49.9212,49.9212,49.58,49.7451,4546
20220118,49.37,49.37,49.05,49.19,3771
20220119,49.07,49.38,49,49.01,6347
20220120,49.1,49.39,48.62,48.63,83811
20220121,48.35,48.72,48.029,48.029,9580
20220124,47.51,47.92,46.7,47.92,12406
20220125,47.61,47.94,47.23,47.68,3981
20220126,48.21,48.21,46.81,47.05,104264
20220127,47.674,47.94,47.0303,47.2,3970
20220128,46.9,47.97,46.9,47.97,3849
20220131,48.21,48.6866,48.21,48.6866,18682
20220201,48.66,48.82,48.53,48.82,6946
20220202,48.55,49.47,48.55,49.47,10961
20220203,49.31,49.38,48.86,48.95,28903
20220204,48.67,49.095,48.35,48.82,57235
20220207,48.75,48.91,48.55,48.61,81041
20220208,48.4,48.8,48.4,48.75,25238
20220209,49.33,49.44,49.24,49.39,4022
20220210,48.89,49.2,48.33,48.48,14857
20220211,48.34,48.34,47.8,47.82,5705
20220214,47.47,47.7,47.27,47.58,153696
20220215,47.8901,48.08,47.71,47.79,5603
20220216,47.67,48.03,47.46,47.94,32395
20220217,47.65,47.91,47.11,47.1165,9806
20220218,47.31,47.31,46.85,47.07,15822
