Date,Open,High,Low,Close,Volume
20210301,20.57,20.73,20.5,20.65,175323
20210302,20.75,20.75,20.4509,20.48,24268
20210303,20.5,20.6,20.1,20.2,31658
20210304,20.43,21.37,18.9224,19.21,71541
20210305,19.5,19.5,18.505,19.345,17690
20210308,19.401,19.62,19.08,19.0973,109124
20210309,19.37,19.59,19.34,19.485,6403
20210310,19.81,19.91,19.64,19.7,8349
20210311,19.87,20.41,19.8699,20.366,3315
20210312,20.22,20.42,20.21,20.3433,25155
20210315,20.6,20.8,20.57,20.7494,169246
20210316,20.87,20.87,20.4147,20.4147,18242
20210317,20.26,20.55,20.14,20.5244,12093
20210318,20.49,20.49,19.93,19.93,47887
20210319,19.96,20.27,19.8675,20.0615,11310
20210322,20.64,20.64,20.01,20.0695,17796
20210323,20.07,21,19.43,19.43,22895
20210324,19.69,19.69,18.9968,18.9968,13247
20210325,18.805,19.25,18.7,19.25,4440
20210326,19.39,19.42,19.1509,19.3327,21712
20210329,19.23,19.23,19.0474,19.0474,15013
20210330,18.942,19.34,18.9309,19.31,7337
20210331,19.55,19.88,19.525,19.88,25362
20210401,19.87,19.9,19.865,19.88,2365
20210405,20.35,20.35,20.0168,20.1094,7181
20210406,20.26,20.37,20.2182,20.2182,137293
20210407,20.15,20.15,19.79,19.835,17168
20210408,20.08,20.15,19.9,20.075,9427
20210409,20.15,20.33,20.1371,20.309,24135
20210412,20.11,20.31,20.11,20.275,5509
20210413,20.11,20.3013,20.11,20.3013,4449
20210414,20.44,20.45,20.245,20.245,4930
20210415,20.54,20.54,20.3156,20.325,4212
20210416,20.55,20.882,20.2592,20.3,8536
20210419,20.25,20.26,19.9947,19.995,16354
20210420,20.03,21.78,19.2,19.7125,200797
20210421,19.615,20.475,19.615,20.111,31739
20210422,20.04,20.52,20.04,20.25,32352
20210423,20.25,20.59,20.25,20.555,11938
20210426,20.71,20.82,20.68,20.8095,4926
20210427,20.88,21.07,20.7995,20.82,9478
20210428,20.86,20.86,20.7954,20.8287,2368
20210429,20.67,20.686,20.5487,20.56,9692
20210430,20.45,20.5,20.399,20.43,3570
20210503,20.22,21.2077,20.22,20.265,10469
20210504,19.83,19.85,19.61,19.75,9783
20210505,19.54,19.8692,19.54,19.7103,7240
20210506,19.67,19.7,18.56,19.2153,7971
20210507,19.6,20.49,19.45,19.595,11441
20210510,19.28,19.35,18.9488,18.9488,4065
20210511,18.72,19.02,18.5,19.0014,7162
20210512,18.8,18.85,18.4094,18.4094,9183
20210513,18.71,18.71,18.25,18.61,28826
20210514,18.9377,19.0788,18.9377,19.0146,2188
20210517,18.97,18.97,18.84,18.8912,1495
20210518,18.84,19.25,18.84,19.1778,12451
20210519,18.8,18.8,18.45,18.7284,8578
20210520,18.82,19.01,18.8002,18.9268,5489
20210521,19.07,19.08,18.95,18.9811,2511
20210524,19.06,19.22,19.06,19.142,3955
20210525,19.21,19.3,19.14,19.1682,123255
20210526,19.2,19.47,19.13,19.3112,8848
20210527,19.43,19.6536,19.43,19.4842,4385
20210528,19.55,19.71,19.55,19.5977,5478
20210601,19.8,19.8,19.54,19.669,2315
20210602,19.52,19.74,19.52,19.6402,2903
20210603,19.2644,19.55,19.23,19.5214,6222
20210604,19.73,19.81,19.48,19.6715,13447
20210607,19.63,19.74,19.63,19.665,2125
20210608,19.6921,19.8869,19.6921,19.8869,1180
20210609,19.86,20.07,19.6623,19.6623,7226
20210610,19.6001,19.81,19.6001,19.7168,5788
20210611,19.72,19.99,19.72,19.9215,33719
20210614,19.91,20.12,19.84,19.8612,7145
20210615,19.81,19.91,19.7308,19.7646,8842
20210616,19.74,20.2259,19.74,20.2259,5029
20210617,19.75,20.45,19.71,20.2342,9780
20210618,20.2,20.32,20.2,20.3165,2039
20210621,20.35,20.524,20.21,20.21,15148
20210622,20.26,20.465,20.26,20.465,2662
20210623,20.66,21,20.61,20.8068,30292
20210624,20.81,21,20.81,20.85,7917
20210625,21,21,20.71,20.7942,2663
20210628,20.97,21.02,20.9,20.9457,6131
20210629,20.89,20.99,20.81,20.85,47090
20210630,20.99,21.005,20.8754,20.8754,6917
20210701,21.09,21.09,20.534,20.6654,13785
20210702,20.75,20.98,20.75,20.9181,3620
20210706,20.69,21.23,20.69,20.986,10103
20210707,20.86,20.86,20.595,20.6223,11320
20210708,20.1,20.67,20.065,20.3872,7607
20210709,20.51,20.7201,20.51,20.7201,4959
20210712,20.62,20.7302,20.62,20.7302,1839
20210713,20.65,20.81,20.4778,20.4778,3050
20210714,20.34,20.34,19.8176,19.8176,3651
20210715,19.7279,19.7279,19.39,19.5624,3427
20210716,19.57,19.79,19.57,19.635,10019
20210719,19.28,19.85,19.28,19.8096,4276
20210720,19.79,20.54,19.79,20.45,4794
20210721,20.2946,20.5919,20.2946,20.5919,1699
20210722,20.8,20.8003,20.69,20.8003,1463
20210723,20.685,20.9136,20.685,20.9136,1045
20210726,20.95,20.95,20.8391,20.9089,1046
20210727,21.05,21.05,20.4175,20.7036,3516
20210728,20.69,21.19,20.69,21.065,84483
20210729,21.12,21.2783,21.12,21.1658,954
20210730,21.06,21.07,20.9085,20.9085,1541
20210802,20.8,21.15,20.79,20.972,5629
20210803,20.98,21.08,20.98,21.0651,1322
20210804,21.34,21.3852,21.34,21.3852,1194
20210805,21.53,21.7689,21.515,21.764,5074
20210806,21.2,21.55,21.2,21.4076,2906
20210809,21.37,21.71,21.37,21.5647,3726
20210810,21.46,21.67,21.1101,21.1101,8399
20210811,21.0893,21.3882,21.0893,21.3662,2425
20210812,21.4634,21.8973,21.4634,21.8281,11876
20210813,21.81,21.92,21.615,21.6804,90454
20210816,21.41,21.46,21.245,21.3438,3348
20210817,21.2,21.237,21.0369,21.237,3373
20210818,21.29,21.62,21.2468,21.4,16704
20210819,21.17,21.48,21.17,21.1968,13194
20210820,21.35,21.425,21.35,21.425,909
20210823,21.91,21.91,21.8756,21.8756,1372
20210824,21.68,22.8186,21.68,22.3304,20124
20210825,22.4,23.17,22.38,22.5438,7237
20210826,22.7075,22.7075,22.26,22.3047,13199
20210827,22.47,22.96,22.47,22.8795,7717
20210830,22.92,23.15,22.8465,23.04,12796
20210831,23.18,23.18,22.755,22.9648,6608
20210901,22.95,23.22,22.95,23.2016,14607
20210902,23.23,23.66,23.23,23.49,17972
20210903,23.45,23.78,23.41,23.6738,8482
20210907,23.8,24.04,23.63,23.6847,22195
20210908,23.44,23.71,23.15,23.2806,21709
20210909,23.365,23.6472,23.365,23.5129,12582
20210910,23.66,23.79,23.4267,23.4267,15657
20210913,23.45,23.45,22.765,22.97,13697
20210914,22.86,23.175,22.86,23.02,8140
20210915,22.925,23.31,22.925,23.276,2825
20210916,23.55,24.01,23.5392,23.7949,18062
20210917,23.91,23.91,23.725,23.8631,3147
20210920,23.655,23.82,23,23.25,79911
20210921,23.46,23.78,23.46,23.6447,10929
20210922,23.68,23.985,23.66,23.97,37017
20210923,24.18,24.6,24.18,24.5756,31061
20210924,24.22,24.44,24.18,24.3075,21176
20210927,23.97,24.02,23.7296,23.7526,10406
20210928,23.45,23.45,22.7,22.754,27040
20210929,22.93,22.95,22.6,22.64,20948
20210930,22.91,24.312,22.6349,22.6349,8146
20211001,22.52,22.85,22.115,22.8051,18400
20211004,22.41,22.46,22,22.2318,12562
20211005,22.4093,22.62,22.392,22.4688,26763
20211006,22.37,22.77,22.13,22.5888,34012
20211007,22.93,23.16,22.81,22.8268,20891
20211008,22.72,22.91,22.63,22.6687,25196
20211011,22.59,22.8,22.5,22.5,8787
20211012,22.93,22.93,22.67,22.83,15934
20211013,22.8,23.17,22.8,23.17,13885
20211014,23.9941,23.9941,23.35,23.66,10668
20211015,23.78,23.87,23.77,23.79,6777
20211018,23.72,24,23.72,23.98,12527
20211019,23.85,24.39,23.85,24,38819
20211020,24.11,24.23,23.84,23.98,56138
20211021,24.1,24.17,23.96,24.12,34776
20211022,24.29,24.306,23.83,24.14,45316
20211025,24.5,24.6,24.0002,24.21,20909
20211026,24.18,24.36,23.84,24.06,33650
20211027,24.49,24.49,23.55,23.55,47980
20211028,23.81,24.14,23.73,24.06,46724
20211029,24.4,25.94,24.23,24.3,42615
20211101,24.7,24.83,24.5,24.72,7348
20211102,24.89,24.95,24.55,24.75,34376
20211103,24.59,24.85,24.46,24.7599,17308
20211104,24.72,25.3,24.65,24.74,17969
20211105,24.86,25.2,24.67,25.07,27580
20211108,25.34,25.36,24.994,25.21,29845
20211109,25.1,25.1485,24.67,25.1,26255
20211110,24.61,24.85,24.02,24.1,29121
20211111,24.47,24.56,24.37,24.49,12633
20211112,24.5,25.53,24.5,24.69,73004
20211115,25.47,25.47,24.3956,24.6,10100
20211116,24.4,24.74,24.4,24.63,6017
20211117,24.61,24.8,24.3245,24.5,41671
20211118,24.6,24.6,24.12,24.37,19778
20211119,24.32,24.35,24.22,24.2765,7417
20211122,24.19,24.23,23.32,23.44,23616
20211123,23.23,23.3,22.54,22.86,49814
20211124,22.92,23.36,22.61,23.36,13532
20211126,23.2,23.2,22.34,22.7292,11724
20211129,23.32,23.32,22.705,23.04,32286
20211130,22.6,22.86,21.84,22.14,64201
20211201,22.84,22.84,21.03,21.03,77185
20211202,21.2727,21.54,21.0345,21.47,26009
20211203,21.5,21.5,20.24,20.62,117982
20211206,20.47,20.8,20.25,20.7485,5484
20211207,21.09,21.6651,21.09,21.54,12855
20211208,21.5201,21.87,21.5201,21.7879,10997
20211209,21.84,21.84,21.23,21.23,18233
20211210,21.51,21.51,20.63,20.91,48362
20211213,21.15,21.15,20.43,20.55,50975
20211214,20.39,20.54,20.09,20.16,12121
20211215,20.22,20.6,19.77,20.46,17015
20211216,19.75,19.75,18.89,19,53690
20211217,18.59,19.48,18.59,19.32,48170
20211220,18.98,18.98,18.5,18.85,42163
20211221,19.15,19.67,18.99,19.67,22252
20211222,19.69,19.9999,19.6,19.86,14347
20211223,19.88,19.98,19.84,19.9686,6997
20211227,19.93,20.18,19.93,20.175,10042
20211228,20.17,20.28,19.83,19.83,25910
20211229,20.13,20.13,19.86,20.06,14957
20211230,19.96,20.2699,19.96,20.08,20131
20211231,20.02,20.07,19.945,19.976,9498
20220103,20.11,20.11,19.78,19.98,22497
20220104,19.95,19.95,19.61,19.8514,27248
20220105,19.6941,19.72,19.12,19.15,67792
20220106,19.06,19.45,18.81,19.2832,57550
20220107,19.26,19.405,19.08,19.0976,9300
20220110,18.61,18.78,18.27,18.54,42328
20220111,18.7,19.11,18.6999,19.03,8887
20220112,19.19,19.305,19.04,19.0635,45804
20220113,19.19,19.37,18.84,18.95,26570
20220114,19.03,19.14,18.67,18.913,34628
20220118,18.54,18.76,18.4,18.45,10120
20220119,18.38,18.69,18.1,18.24,35774
20220120,18.26,18.57,17.77,17.89,35594
20220121,17.77,17.84,17.38,17.45,46247
20220124,17.56,17.61,16.509,17.61,43615
20220125,17.28,17.52,17.0853,17.34,59888
20220126,17.66,17.83,17.1847,17.1847,14229
20220127,17.42,17.54,16.81,16.81,10215
20220128,16.67,16.93,16.43,16.71,102274
20220131,16.99,17.41,16.99,17.39,12938
20220201,17.46,17.8,17.45,17.8,7089
20220202,17.86,17.86,17.61,17.72,12308
20220203,17.43,17.75,17.28,17.29,15547
20220204,17.27,17.72,17.27,17.51,9765
20220207,17.74,17.86,17.59,17.74,13018
20220208,17.64,18.11,17.63,18.0813,8820
20220209,18.35,18.57,18.3,18.57,5421
20220210,18.34,18.93,18.34,18.49,8416
20220211,18.33,18.52,17.75,17.9,10449
20220214,17.72,17.97,17.61,17.66,10154
20220215,18.02,18.22,17.905,18.22,4586
20220216,18.04,18.55,18.02,18.43,10378
20220217,18.14,18.34,17.82,17.82,22563
20220218,17.88,17.88,17.46,17.64,9360
