Date,Open,High,Low,Close,Volume
20210617,19.95,19.95,19.84,19.8996,18493
20210618,19.74,19.74,19.67,19.67,5285
20210621,19.73,19.9,19.73,19.78,2191
20210622,19.92,19.9958,19.9,19.9958,15164
20210623,20.04,20.05,19.996,19.996,7260
20210624,20.13,20.14,20.09,20.1222,29077
20210625,20.1756,20.1968,20.16,20.1968,8811
20210628,20.26,20.26,20.18,20.24,9167
20210629,20.27,20.28,20.25,20.2505,4656
20210630,20.24,20.2758,20.23,20.2758,2776
20210701,20.32,20.37,20.31,20.3676,3776
20210702,20.45,20.51,20.44,20.5,6557
20210706,20.55,20.55,20.385,20.4567,32011
20210707,20.51,20.5118,20.42,20.5118,3313
20210708,20.23,20.35,20.1429,20.2884,6617
20210709,20.435,20.5664,20.435,20.5664,2467
20210712,20.57,20.6275,20.57,20.6275,3960
20210713,20.605,20.64,20.5198,20.5198,3656
20210714,20.52,20.52,20.4801,20.4801,1067
20210715,20.43,20.43,20.32,20.3877,3138
20210716,20.42,20.43,20.2773,20.2773,11361
20210719,20.05,20.06,19.91,19.9812,7261
20210720,20.08,20.37,20.08,20.3413,871
20210721,20.42,20.51,20.4,20.508,2969
20210722,20.46,20.5255,20.46,20.5255,1467
20210723,20.63,20.7208,20.63,20.7208,699
20210726,20.7,20.721,20.68,20.721,2653
20210727,20.56,20.6164,20.5,20.6164,1706
20210728,20.62,20.7069,20.62,20.7069,1122
20210729,20.79,20.92,20.79,20.87,1140
20210730,20.84,20.84,20.8,20.8026,1406
20210802,20.92,20.94,20.7844,20.7844,1291
20210803,20.89,20.9975,20.79,20.9975,8427
20210804,20.95,20.95,20.8855,20.8855,11255
20210805,20.93,20.9818,20.93,20.9818,1935
20210806,21,21.006,20.99,20.9942,2412
20210809,21,21.01,20.95,20.9813,2014
20210810,20.99,21,20.98,20.9861,26622
20210811,21.08,21.08,21.03,21.0777,1381
20210812,21.08,21.156,21.07,21.156,3428
20210813,21.21,21.21,21.1856,21.1856,2046
20210816,21.16,21.251,21.095,21.251,9854
20210817,21.11,21.11,20.93,21.0428,10253
20210818,21.03,21.09,20.8777,20.8777,3436
20210819,20.88,20.96,20.88,20.8989,4366
20210820,21.07,21.13,21.07,21.1224,2169
20210823,21.21,21.3001,21.21,21.3001,5788
20210824,21.37,21.38,21.34,21.34,3286
20210825,21.4,21.46,21.35,21.445,4032
20210826,21.43,21.43,21.3217,21.3217,2939
20210827,21.39,21.54,21.39,21.5264,1222
20210830,21.57,21.6,21.57,21.576,3295
20210831,21.61,21.61,21.52,21.5454,4272
20210901,21.55,21.58,21.53,21.5451,15891
20210902,21.64,21.65,21.58,21.5936,2236
20210903,21.56,21.61,21.55,21.5822,7131
20210907,21.56,21.56,21.41,21.4362,8104
20210908,21.41,21.41,21.3,21.3809,5203
20210909,21.38,21.42,21.2821,21.2821,5087
20210910,21.4,21.4,21.1907,21.1907,2693
20210913,21.29,21.29,21.2,21.2464,2431
20210914,21.26,21.27,21.14,21.1445,6357
20210915,21.17,21.375,21.17,21.3616,1313
20210916,21.33,21.3508,21.24,21.3508,922
20210917,21.5,21.5,21.13,21.1488,12886
20210920,20.86,20.86,20.5868,20.8033,4538
20210921,20.88,20.88,20.82,20.8225,1008
20210922,20.89,21.03,20.89,20.9866,3965
20210923,21.3498,21.3498,21.2846,21.2846,361
20210924,21.19,21.335,21.19,21.3095,1116
20210927,21.24,21.29,21.2161,21.2161,1495
20210928,21,21,20.7617,20.7617,10856
20210929,20.87,20.88,20.7514,20.7514,2563
20210930,20.77,20.77,20.5571,20.5571,834
20211001,20.57,20.7971,20.5,20.7971,2175
20211004,20.77,20.77,20.48,20.5367,1971
20211005,20.76,20.81,20.7513,20.7513,1313
20211006,20.58,20.8185,20.58,20.8185,1833
20211007,21.085,21.18,21.0594,21.0594,1722
20211008,21.08,21.09,20.9785,20.9785,1097
20211011,20.8748,20.8748,20.8748,20.8748,285
20211012,20.9001,20.985,20.87,20.8932,12193
20211013,20.96,20.9804,20.895,20.9804,5083
20211014,21.17,21.354,21.17,21.354,78243
20211015,21.55,21.55,21.49,21.4908,4522
20211018,21.41,21.56,21.41,21.555,6030
20211019,21.65,21.72,21.64,21.6846,4374
20211020,21.74,21.8,21.72,21.7595,9615
20211021,21.8097,21.84,21.77,21.8398,2017
20211022,21.89,21.98,21.87,21.9392,4698
20211025,21.99,22.05,21.9615,21.9719,3468
20211026,22.11,22.14,22.01,22.0106,4477
20211027,22.07,22.08,21.9266,21.9266,4328
20211028,22.06,22.1809,22.06,22.1809,1826
20211029,22.16,22.31,22.16,22.2907,1336
20211101,22.38,22.39,22.325,22.3505,7367
20211102,22.41,22.44,22.4,22.4151,9715
20211103,22.37,22.51,22.305,22.4973,7950
20211104,22.57,22.59,22.51,22.5793,5264
20211105,22.69,22.69,22.575,22.5779,11839
20211108,22.71,22.71,22.63,22.6699,4664
20211109,22.68,22.68,22.5515,22.6157,4854
20211110,22.52,22.59,22.4,22.4139,7439
20211111,22.47,22.49,22.4642,22.4642,1987
20211112,22.57,22.573,22.55,22.573,891
20211115,22.69,22.69,22.5495,22.5495,6453
20211116,22.66,22.76,22.66,22.7091,5264
20211117,22.69,22.69,22.53,22.5512,4975
20211118,22.61,22.61,22.52,22.5396,5335
20211119,22.6,22.61,22.5227,22.5227,4954
20211122,22.62,22.67,22.4332,22.4332,1553
20211123,22.325,22.5,22.3,22.4591,3320
20211124,22.22,22.403,22.19,22.403,1843
20211126,22.04,22.1,21.855,21.9082,13039
20211129,22.13,22.2168,21.985,22.1461,2175
20211130,22.01,22.01,21.6077,21.6077,3548
20211201,21.74,21.775,21.33,21.33,1690
20211202,21.75,21.8,21.7253,21.7253,844
20211203,21.65,21.65,21.4,21.5199,2742
20211206,21.5,21.79,21.5,21.741,2504
20211207,22.16,22.164,22.12,22.12,2625
20211208,22.19,22.2021,22.12,22.2021,2683
20211209,22.0714,22.0714,21.99,21.9901,767
20211210,22.09,22.1288,22.01,22.1288,4134
20211213,22.1,22.1,21.9549,21.9549,1908
20211214,21.77,21.78,21.59,21.679,1543
20211215,21.63,22.0189,21.63,22.0189,915
20211216,22.05,22.05,21.84,21.8474,2135
20211217,21.54,21.77,21.54,21.5974,4770
20211220,21.32,21.32,21.2,21.3073,14957
20211221,21.5132,21.7344,21.48,21.7344,10546
20211222,21.75,21.9309,21.75,21.9309,11171
20211223,22.05,22.14,22.05,22.0976,3883
20211227,22.18,22.3896,22.18,22.3896,3291
20211228,22.39,22.415,22.33,22.33,3759
20211229,22.37,22.4113,22.37,22.4113,5178
20211230,22.5,22.5,22.3754,22.3754,3625
20211231,22.4,22.42,22.37,22.37,652
20220103,22.4,22.4,22.255,22.3463,1623
20220104,22.47,22.47,22.285,22.3762,2364
20220105,22.31,22.31,21.87,21.8709,1568
20220106,21.83,21.95,21.8251,21.8251,1616
20220107,21.82,21.82,21.66,21.7237,4127
20220110,21.61,21.6693,21.31,21.6693,4634
20220111,21.67,21.8896,21.64,21.8896,1340
20220112,21.89,21.9341,21.89,21.9341,369
20220113,21.95,21.95,21.6204,21.6204,1469
20220114,21.64,21.64,21.485,21.5944,1143
20220118,21.34,21.34,21.16,21.1724,817
20220119,21.34,21.34,21,21,3900
20220120,21.31,21.35,20.7742,20.7742,1128
20220121,20.74,20.74,20.44,20.475,3726
20220124,20.15,20.5934,19.92,20.5934,2488
20220125,20.2297,20.57,20.15,20.2939,2378
20220126,20.59,20.59,20.2064,20.2064,775
20220127,20.45,20.5,20.1,20.1196,2083
20220128,20.552,20.552,20.552,20.552,270
20220131,20.6,21.0167,20.6,21.0167,1335
20220201,21.11,21.1994,21.06,21.1994,2663
20220202,21.21,21.2381,21.1,21.2381,1958
20220203,20.9503,20.9503,20.7502,20.7502,389
20220204,20.7,20.84,20.6,20.8281,854
20220207,20.86,20.9,20.7518,20.7518,2308
20220208,20.76,21.0354,20.76,21.0354,601
20220209,21.25,21.3214,21.25,21.3214,1447
20220210,21.27,21.3,20.9515,20.9515,2732
20220211,20.95,20.95,20.5498,20.5498,438
20220214,20.47,20.52,20.47,20.52,300
20220215,20.7,20.76,20.7,20.745,732
20220216,20.65,20.65,20.635,20.635,500
20220217,20.42,20.47,20.4,20.4,2900
20220218,20.1,20.2292,20.1,20.1,4409
