Date,Open,High,Low,Close,Volume
20090504,17.463,22.5,17.463,17.903,11265
20090505,18.006,18.006,17.889,17.889,3270
20090506,18.109,18.801,17.944,18.144,11944
20090507,18.398,19.303,17.889,17.965,8938
20090508,18.226,18.591,18.226,18.591,3488
20090511,18.213,18.213,17.161,18.103,2879
20090512,17.889,17.889,17.889,17.889,291
20090513,17.566,17.566,17.566,17.566,363
20090514,17.682,17.787,17.586,17.787,3077
20090515,17.814,17.814,17.201,17.332,6104
20090518,17.807,17.807,17.807,17.807,436
20090519,18.206,18.206,18.206,18.206,145
20090520,18.144,18.144,17.201,17.201,2180
20090521,17.394,17.504,17.201,17.201,5086
20090522,17.704,17.8,17.704,17.8,1017
20090526,17.765,17.999,17.765,17.999,1598
20090601,18.488,18.577,17.373,18.467,3341
20090605,18.57,18.57,18.467,18.536,582
20090612,18.392,18.392,18.392,18.392,727
20090615,19.472,19.472,18.577,18.577,582
20090616,18.288,18.288,18.288,18.288,581
20090618,18.013,18.013,18.013,18.013,1163
20090619,18.165,18.233,18.165,18.233,1453
20090622,17.827,17.827,17.58,17.58,436
20090701,18.192,18.192,18.192,18.192,182
20090706,17.373,17.614,17.236,17.545,77973
20090707,17.573,17.58,17.339,17.339,18022
20090708,17.366,17.366,17.366,17.366,145
20090710,17.208,17.256,17.208,17.256,727
20090713,17.463,17.6,17.463,17.58,580
20090715,18.144,18.178,18.144,18.178,7558
20090716,18.522,18.522,18.522,18.522,552
20090717,18.378,18.405,18.378,18.405,726
20090720,18.552,18.552,18.548,18.548,291
20090721,18.681,18.681,18.681,18.681,145
20090722,18.653,18.791,18.653,18.777,58571
20090723,18.866,19.21,18.866,19.21,8429
20090724,19.08,19.246,19.08,19.244,726
20090727,19.197,19.197,19.197,19.197,580
20090728,19.541,19.541,19.389,19.403,581
20090729,19.197,19.362,19.197,19.362,871
20090730,19.556,20.36,19.556,19.704,4504
20090731,19.692,19.692,19.692,19.692,509
20090805,21.32,21.32,21.32,21.32,727
20090807,20.57,20.57,20.57,20.57,291
20090810,20.38,20.38,20.36,20.36,1017
20090812,20.13,20.34,20.13,20.34,26451
20090813,20.33,20.33,20.08,20.08,1308
20090814,20.39,20.39,20.15,20.19,29068
20090818,19.947,19.995,19.933,19.995,7557
20090821,20.51,20.51,20.51,20.51,145
20090824,20.94,20.94,20.76,20.76,435
20090827,20.76,20.92,20.62,20.91,8138
20090831,20.65,20.69,20.64,20.69,2325
20090903,20.19,20.19,20.19,20.19,291
20090904,20.41,20.41,20.41,20.41,145
20090909,20.9,20.94,20.89,20.89,19765
20090910,20.81,21.1,20.78,21.1,94033
20090914,20.98,21.1,20.96,21.09,5960
20090915,21.17,21.24,21.17,21.21,8576
20090916,21.37,21.65,21.37,21.65,1017
20090917,21.74,21.74,21.74,21.74,8721
20090918,21.69,21.69,21.69,21.69,436
20090921,21.49,21.49,21.49,21.49,581
20090922,21.76,21.76,21.76,21.76,436
20090923,21.82,21.82,21.63,21.63,1526
20090925,21.04,21.04,21.04,21.04,2907
20090928,21.4,21.46,21.4,21.46,3052
20090929,21.6,21.6,21.6,21.6,472
20090930,21.31,21.43,21.12,21.26,8574
20091001,21.2,21.2,20.84,20.86,1889
20091002,20.58,20.73,20.57,20.73,9302
20091005,20.77,20.79,20.73,20.77,65839
20091006,21.37,21.37,21.37,21.37,436
20091013,21.69,21.69,21.69,21.69,145
20091015,21.98,22.16,21.98,22.16,2000
20091016,21.94,21.94,21.86,21.89,1745
20091019,22.13,22.23,22.13,22.13,9206
20091020,22.13,22.13,22.13,22.13,291
20091021,22.2,22.2,22.2,22.2,291
20091022,21.88,22.03,21.76,22.03,2863
20091023,22.07,22.07,21.78,21.78,1118
20091026,21.8,21.8,21.49,21.49,537
20091027,21.49,21.49,21.36,21.36,1599
20091028,21.31,21.31,21.31,21.31,145
20091029,21.15,21.51,21.15,21.51,436
20091030,21.36,21.38,20.85,20.85,7557
20091102,21.01,21.01,21.01,21.01,291
20091104,21.25,21.27,21.25,21.27,7993
20091113,22.05,22.05,22.05,22.05,145
20091116,22.16,22.35,22.16,22.32,3488
20091118,22.21,22.27,22.21,22.27,3197
20091120,21.89,21.89,21.86,21.86,582
20091123,22.22,22.3,22.22,22.3,3198
20091124,22.01,22.01,22.01,22.01,4215
20091125,22.18,22.18,22.17,22.17,11628
20091127,21.67,21.81,21.67,21.81,3197
20091130,21.82,21.83,21.76,21.76,2470
20091201,22.21,22.23,22.21,22.23,13081
20091203,22.39,22.4,22.08,22.08,22237
20091204,22.35,22.35,22.02,22.08,15115
20091208,21.89,21.89,21.89,21.89,145
20091209,21.88,21.88,21.75,21.75,3052
20091210,22.09,22.09,22.09,22.09,2907
20091211,22.05,22.13,22.05,22.07,4506
20091214,22.2,22.2,22.2,22.2,7848
20091216,22.18,22.25,22.18,22.23,15770
20091217,21.96,21.96,21.93,21.93,3779
20091221,22.17,22.17,22.17,22.17,2907
20091222,22.31,22.33,22.31,22.33,581
20091223,22.33,22.33,22.33,22.33,218
20091224,22.87,22.87,22.34,22.38,670843
20091228,22.45,22.45,22.38,22.38,1310
20091229,22.51,22.51,22.42,22.42,7860
20091230,22.37,22.39,22.37,22.39,827
20091231,22.37,22.38,22.19,22.19,31160
20100104,22.51,22.51,22.51,22.51,552
20100105,22.56,22.56,22.56,22.56,5515
20100106,22.61,22.72,22.61,22.72,7583
20100111,22.95,23.01,22.93,23.01,1655
20100113,22.89,22.98,22.89,22.98,828
20100115,22.83,22.83,22.83,22.83,414
20100120,22.94,22.94,22.8,22.8,828
20100121,22.72,22.72,22.51,22.51,14202
20100122,22.08,22.08,22.04,22.04,18338
20100125,22.21,22.21,22.16,22.2,10618
20100127,22.06,22.08,22.06,22.08,20958
20100128,22.26,22.26,21.87,21.87,828
20100129,22.11,22.11,22.11,22.11,414
20100201,21.9,21.98,21.3,21.98,9652
20100204,21.93,21.93,21.7,21.7,1104
20100205,21.24,21.24,21.23,21.23,689
20100208,21.42,21.48,21.42,21.48,1104
20100210,21.5,21.5,21.47,21.47,276
20100216,21.77,21.98,21.77,21.98,1104
20100222,22.46,22.5,22.46,22.5,828
20100223,22.43,22.43,22.43,22.43,138
20100224,22.31,22.39,22.31,22.38,1104
20100225,22.28,22.28,22.28,22.28,689
20100305,23.09,23.09,23.09,23.09,138
20100309,23.16,23.19,23.16,23.19,1724
20100310,23.29,23.34,23.29,23.34,966
20100317,23.77,23.77,23.77,23.77,503
20100329,23.91,23.91,23.91,23.91,138
20100401,24.12,24.13,24.12,24.13,689
20100405,24.22,24.22,24.22,24.22,868
20100406,24.12,24.25,24.12,24.25,579
20100412,24.54,24.54,24.54,24.54,827
20100413,24.55,24.55,24.55,24.55,689
20100415,24.88,24.88,24.88,24.88,365
20100416,24.88,24.88,24.52,24.52,552
20100420,24.77,24.77,24.77,24.77,138
20100422,24.62,24.62,24.62,24.62,276
20100423,24.88,24.88,24.88,24.88,620
20100426,25.02,25.02,24.94,24.94,579
20100427,24.7,24.7,24.7,24.7,138
20100428,24.43,24.44,24.43,24.44,620
20100429,24.73,24.73,24.73,24.73,276
20100430,24.67,24.67,24.42,24.5,906
20100505,23.79,23.86,23.75,23.86,789
20100506,23.27,23.27,23.27,23.27,1817
20100507,23.21,23.21,22.51,22.75,1945
20100510,23.92,23.92,23.67,23.79,1104
20100511,24,24,24,24,138
20100512,23.83,23.83,23.83,23.83,689
20100513,23.96,24.01,23.96,24.01,1269
20100514,23.17,23.24,23.1,23.24,3447
20100519,23.24,23.24,23.24,23.24,135
20100520,22.29,22.29,22.15,22.24,1027
20100521,21.6,22.39,21.6,22.32,1929
20100524,22.13,22.13,22.13,22.13,276
20100525,21.53,21.82,21.53,21.82,828
20100527,22.37,22.59,22.37,22.59,897
20100528,22.58,22.58,22.48,22.51,2344
20100601,22.37,22.37,22.35,22.35,7032
20100607,21.93,21.93,21.93,21.93,414
20100608,21.56,21.56,21.38,21.38,1034
20100614,22.51,22.51,22.51,22.51,207
20100615,22.7,22.7,22.7,22.7,347
20100616,22.77,22.86,22.77,22.86,414
20100617,22.81,22.81,22.75,22.76,3077
20100622,22.91,22.91,22.91,22.91,159
20100623,22.53,22.53,22.53,22.53,276
20100624,22.53,22.53,22.53,22.53,270
20100629,21.69,21.7,21.69,21.7,4274
20100701,21.27,21.27,20.33,21.02,4442
20100706,21.45,21.45,21.16,21.17,1588
20100707,21.56,21.95,21.56,21.95,1656
20100708,21.99,22.01,21.97,21.97,828
20100712,22.25,22.34,22.18,22.3,3062
20100714,22.64,22.64,22.53,22.53,552
20100715,22.62,22.62,22.47,22.47,828
20100720,21.81,22.35,21.81,22.35,303
20100722,22.48,22.48,22.48,22.48,276
20100723,22.66,22.66,22.66,22.66,276
20100727,23.06,23.06,23.06,23.06,552
20100728,22.92,22.92,22.81,22.81,2620
20100729,22.83,22.89,22.83,22.89,22198
20100730,22.53,22.67,22.53,22.67,3309
20100803,23.13,23.13,23.06,23.06,276
20100804,23.32,23.32,23.29,23.29,1241
20100805,23.17,23.17,23.17,23.17,3723
20100806,23.06,23.18,22.88,23.13,16978
20100809,23.3,23.3,23.14,23.3,3588
20100810,23.05,23.07,22.9,23.07,1528
20100812,22.19,22.38,22.18,22.35,1380
20100813,22.37,22.37,22.31,22.31,418
20100816,22.19,22.25,22.14,22.17,3517
20100817,22.64,22.64,22.62,22.62,365
20100818,22.58,22.58,22.58,22.58,138
20100819,22.37,22.37,22.29,22.29,414
20100820,22.1,22.1,22.1,22.1,138
20100824,21.82,21.82,21.58,21.79,1241
20100825,21.61,21.61,21.61,21.61,552
20100826,21.76,21.76,21.76,21.76,138
20100827,21.71,21.8,21.71,21.8,1793
20100830,21.82,21.82,21.82,21.82,138
20100831,21.58,21.58,21.58,21.58,138
20100901,22.21,22.3,22.21,22.3,2701
20100902,22.39,22.39,22.35,22.39,690
20100903,22.77,22.77,22.77,22.77,276
20100909,22.81,22.81,22.74,22.74,1086
20100910,22.79,22.87,22.76,22.85,2252
20100914,22.97,22.97,22.97,22.97,138
20100916,23.06,23.06,23.06,23.06,552
20100917,23.3,23.3,23.18,23.18,1793
20100920,23.29,23.61,23.25,23.61,1620
20100922,23.43,23.43,23.39,23.39,276
20100923,23.17,23.18,23.17,23.18,552
20100927,23.44,23.44,23.44,23.44,276
20100928,23.27,23.27,23.27,23.27,138
20100929,23.51,23.51,23.42,23.47,1518
20100930,23.72,23.72,23.37,23.51,2484
20101001,23.67,23.67,23.48,23.59,1518
20101004,23.5,23.5,23.4,23.4,276
20101005,23.68,23.68,23.68,23.68,138
20101006,23.94,23.94,23.94,23.94,138
20101008,23.96,23.96,23.96,23.96,414
20101011,24.01,24.01,24.01,24.01,276
20101013,24.29,24.29,24.29,24.29,138
20101014,24.2,24.2,24.14,24.14,828
20101018,24.21,24.34,24.21,24.34,276
20101025,24.49,24.49,24.36,24.36,690
20101027,24.09,24.09,23.96,23.97,828
20101028,24.17,24.2,24.17,24.2,5178
20101103,24.26,24.35,24.26,24.35,690
20101104,24.71,24.86,24.71,24.86,276
20101105,25.01,25.01,24.99,24.99,276
20101109,25.07,25.07,24.85,24.85,992
20101111,24.75,24.78,24.75,24.78,536
20101122,24.25,24.25,24.25,24.25,138
20101123,24.02,24.02,24.02,24.02,138
20101124,24.24,24.24,24.24,24.24,331
20101126,24.2,24.2,24.19,24.19,414
20101129,23.93,24.16,23.93,24.16,883
20101201,24.45,24.57,24.45,24.57,414
20101202,24.88,24.88,24.88,24.88,276
20101207,25.12,25.12,24.94,24.94,2208
20101208,25.09,25.09,25.07,25.07,276
20101210,25.24,25.24,25.24,25.24,276
20101213,25.44,25.44,25.44,25.44,1070
20101221,25.63,25.63,25.63,25.63,662
20101223,25.65,25.65,25.65,25.65,414
20101227,25.82,25.82,25.67,25.68,492
20101229,25.76,25.76,25.76,25.76,1110
20101230,25.7,25.73,25.68,25.73,613
20101231,25.66,25.75,25.65,25.75,5059
20110103,26.13,26.13,26.13,26.13,175
20110104,26.17,26.17,26.15,26.15,492
20110105,26.04,26.26,26.04,26.26,370
20110107,26.09,26.09,26.09,26.09,231
20110110,25.93,25.93,25.93,25.93,247
20110111,26.23,26.23,26.23,26.23,370
20110112,26.43,26.43,26.43,26.43,123
20110114,26.52,26.52,26.52,26.52,412
20110118,26.6,26.6,26.6,26.6,247
20110119,26.43,26.43,26.43,26.43,123
20110125,26.51,26.51,26.51,26.51,370
20110127,26.66,26.66,26.66,26.66,863
20110131,26.43,26.44,26.43,26.44,677
20110209,27.15,27.16,27.15,27.16,451
20110215,27.36,27.36,27.36,27.36,528
20110225,26.97,26.97,26.97,26.97,398
20110309,26.95,26.95,26.95,26.95,493
20110311,26.53,26.53,26.53,26.53,390
20110315,25.93,25.93,25.93,25.93,767
20110316,26.01,26.01,25.61,25.61,1314
20110331,27.04,27.04,27.04,27.04,123
20110404,27.06,27.06,27.06,27.06,247
20110412,26.93,26.93,26.93,26.93,740
20110420,26.94,26.94,26.94,26.94,372
20110421,26.98,26.98,26.98,26.98,210
20110427,27.35,27.35,27.35,27.35,493
20110429,27.49,27.49,27.49,27.49,185
20110502,27.62,27.62,27.62,27.62,185
20110506,27.2,27.22,27.2,27.22,494
20110513,27.12,27.13,26.86,26.86,3110
20110602,26.32,26.32,26.11,26.15,744
20110603,25.91,25.91,25.91,25.91,247
20110613,25.35,25.35,25.28,25.33,493
20110614,25.53,25.53,25.53,25.53,247
20110623,25.52,25.52,25.52,25.52,767
20110630,26.33,26.5,26.33,26.47,744
20110712,26.29,26.29,26.29,26.29,425
20110713,26.34,26.34,26.08,26.08,246
20110805,23.6,23.64,23.43,23.43,1233
20110809,21.36,22.78,21.32,22.78,862
20110810,22.13,22.13,22.13,22.13,247
20110811,22.8,22.8,22.8,22.8,370
20110819,21.6,21.85,21.6,21.85,246
20110823,21.59,21.59,21.59,21.59,123
20110901,23.42,23.42,23.42,23.42,1233
20110906,21.88,21.88,21.88,21.88,308
20110907,23.06,23.06,23.06,23.06,123
20110908,22.92,22.94,22.91,22.91,1181
20110912,21.88,22.08,21.88,22.08,493
20110913,22.41,22.42,22.31,22.31,369
20111007,22.66,22.66,22.66,22.66,432
20111027,25.31,25.31,25.31,25.31,247
20111031,24.95,24.95,24.67,24.67,863
20111115,24.63,24.63,24.63,24.63,455
20111207,24.84,24.84,24.84,24.84,879
20111213,24.48,24.48,24,24,1023
20111214,23.88,24.07,23.88,24.07,1579
20111215,24.03,24.03,24.03,24.03,247
20111216,24.2,24.2,23.99,23.99,370
20111219,23.89,23.89,23.89,23.89,493
20111220,24.49,24.49,24.49,24.49,493
20111229,25.2,25.24,25.07,25.24,648
20120103,25.66,25.66,25.66,25.66,189
20120111,25.92,25.92,25.92,25.92,550
20120112,26.04,26.04,26.04,26.04,1972
20120117,26,26,25.99,25.99,439
20120126,26.45,26.48,26.44,26.48,1401
20120202,26.75,26.75,26.75,26.75,324
20120206,26.85,27.06,26.85,27.06,4360
20120207,26.89,27.13,26.89,27.13,4067
20120210,26.82,26.83,26.82,26.83,646
20120213,27.09,27.09,27.09,27.09,1401
20120216,27.09,27.09,27.09,27.09,108
20120217,27.38,27.38,27.38,27.38,366
20120221,27.48,27.48,27.48,27.48,216
20120223,27.45,27.45,27.45,27.45,577
20120227,27.39,27.39,27.39,27.39,216
20120301,27.6,27.6,27.6,27.6,216
20120302,27.7,27.7,27.7,27.7,431
20120306,27.29,27.29,26.98,26.98,951
20120309,27.9,27.9,27.9,27.9,306
20120313,27.96,27.96,27.96,27.96,683
20120319,28.81,28.81,28.81,28.81,108
20120323,28.3,28.3,28.3,28.3,318
20120403,28.64,28.64,28.64,28.64,1078
20120416,27.81,27.81,27.81,27.81,288
20120420,28.02,28.02,28.02,28.02,594
20120423,27.74,27.74,27.74,27.74,210
20120502,28.11,28.11,28.11,28.11,351
20120509,27.03,27.17,27.03,27.17,998
20120521,25.73,25.76,25.72,25.76,648
20120522,26.03,26.09,26.03,26.09,565
20120523,25.61,25.61,25.61,25.61,216
20120607,26.08,26.2,26.08,26.2,432
20120613,26.24,26.24,26.24,26.24,216
20120620,27.01,27.01,26.92,26.92,432
20120622,26.49,26.49,26.36,26.36,1036
20120626,26.18,26.2,26.18,26.2,432
20120627,26.32,26.38,26.32,26.38,324
20120628,26.1,26.1,26.1,26.1,216
20120702,26.92,26.92,26.92,26.92,108
20120706,26.63,26.63,26.63,26.63,1165
20120719,27.14,27.14,27.12,27.12,432
20120730,27.15,27.2,27.15,27.2,485
20120801,27.1,27.1,26.98,26.98,324
20120802,26.86,26.86,26.86,26.86,216
20120803,27.3,27.37,27.3,27.37,4310
20120807,27.63,27.63,27.56,27.56,432
20120816,27.9,27.9,27.9,27.9,323
20120817,27.9,27.9,27.9,27.9,216
20120821,28.03,28.03,27.98,27.98,432
20120822,27.87,27.87,27.86,27.86,324
20120906,28.03,28.3,28.03,28.29,4095
20120912,28.67,28.67,28.67,28.67,1078
20120914,29.44,29.56,29.44,29.56,539
20120918,29.07,29.07,29.07,29.07,205
20120924,28.83,28.92,28.83,28.92,324
20120925,28.92,28.92,28.92,28.92,216
20121003,28.82,28.82,28.82,28.82,216
20121008,29,29,29,29,216
20121011,28.91,28.91,28.75,28.75,981
20121012,28.71,28.72,28.49,28.49,696
20121015,28.71,28.75,28.71,28.75,324
20121016,28.96,29.13,28.96,29.13,952
20121017,29.37,29.45,29.32,29.45,3018
20121018,29.48,29.54,29.48,29.54,338
20121022,29.06,29.06,29.06,29.06,216
20121025,28.6,28.6,28.39,28.44,972
20121105,28.67,28.67,28.67,28.67,108
20121108,28.38,28.38,28.38,28.38,431
20121116,27.53,27.53,27.53,27.53,191
20121120,28.33,28.33,28.15,28.15,539
20121128,28.5,28.65,28.42,28.65,507
20121130,28.88,28.88,28.77,28.77,474
20121203,28.77,28.77,28.77,28.77,108
20121204,28.55,28.67,28.55,28.67,770
20121205,28.83,28.83,28.81,28.81,1991
20121207,28.84,28.84,28.84,28.84,108
20121213,28.99,28.99,28.99,28.99,1078
20121224,28.89,28.89,28.89,28.89,168
20130104,29.91,29.91,29.91,29.91,1072
20130114,29.95,29.95,29.95,29.95,857
20130123,30.82,30.82,30.82,30.82,166
20130128,31.26,31.26,31.26,31.26,804
20130129,31.18,31.38,31.18,31.38,535
20130130,31.36,31.36,31.36,31.36,107
20130204,31.4,31.4,31.4,31.4,563
20130207,31.72,31.72,31.72,31.72,107
20130208,31.84,31.84,31.84,31.84,415
20130211,31.84,31.84,31.84,31.84,321
20130212,31.87,31.87,31.87,31.87,107
20130219,32,32.23,32,32.23,686
20130222,31.52,31.52,31.52,31.52,214
20130225,31.71,31.83,31.39,31.39,857
20130226,31.01,31.01,30.71,30.92,1512
20130228,31.55,31.55,31.55,31.55,190
20130305,31.79,31.79,31.79,31.79,321
20130307,32.2,32.2,32.2,32.2,214
20130308,32.44,32.44,32.42,32.44,589
20130315,32.82,32.82,32.82,32.82,107
20130326,32.54,32.54,32.54,32.54,177
20130328,32.73,32.73,32.73,32.73,107
20130402,32.73,32.73,32.72,32.72,590
20130403,32.16,32.16,32.16,32.16,107
20130408,32.14,32.14,32.14,32.14,214
20130409,32.48,32.67,32.48,32.67,573
20130410,32.88,32.88,32.88,32.88,214
20130411,32.84,32.84,32.84,32.84,107
20130423,32.24,32.26,32.2,32.26,6483
20130429,32.93,32.93,32.93,32.93,3215
20130501,32.83,32.83,32.83,32.83,107
20130503,33.24,33.41,33.24,33.41,321
20130515,34.63,34.77,34.63,34.77,214
20130520,35.29,35.29,35.14,35.15,321
20130524,34.59,34.59,34.59,34.59,398
20130528,35.19,35.19,35.19,35.19,107
20130531,35.19,35.19,35.03,35.03,321
20130604,34.93,34.93,34.93,34.93,536
20130606,34.2,34.5,34.2,34.5,428
20130607,34.71,34.99,34.71,34.99,3332
20130613,34.41,34.93,34.41,34.93,535
20130614,34.73,34.73,34.73,34.73,107
20130618,35.03,35.14,35.03,35.07,610
20130619,34.95,34.95,34.88,34.88,230
20130620,34.27,34.27,33.87,33.87,311
20130624,33.47,33.47,33.47,33.47,214
20130628,34.06,34.11,34.05,34.11,321
20130701,34.63,34.63,34.63,34.63,107
20130709,35.27,35.33,35.26,35.33,3461
20130710,35.31,35.31,35.31,35.31,373
20130711,35.48,35.48,35.48,35.48,107
20130715,36.03,36.03,36.03,36.03,321
20130717,36.05,36.08,36.01,36.01,1616
20130719,36.15,36.37,36.15,36.3,1495
20130722,36.57,36.57,36.57,36.57,206
20130723,36.57,36.61,36.57,36.6,914
20130724,36.42,36.42,36.34,36.34,807
20130729,36.11,36.15,36.11,36.15,793
20130730,36.2,36.2,36.17,36.17,336
20130805,36.86,36.91,36.86,36.91,217
20130813,36.43,36.43,36.43,36.43,598
20130814,36.43,36.44,36.4,36.44,6567
20130815,36.08,36.08,35.9,35.9,214
20130816,34.4,34.4,34.4,34.4,1369
20130819,35.59,35.68,35.56,35.64,1806
20130820,35.38,35.38,35.38,35.38,107
20130821,35.59,35.61,35.59,35.61,2679
20130822,35.61,35.68,35.61,35.68,214
20130827,35.34,35.34,35.34,35.34,107
20130903,34.02,35.53,34.02,35.35,3576
20130905,35.94,35.94,35.94,35.94,846
20130909,35.88,36.18,35.88,36.11,16822
20130910,36.42,36.48,36.34,36.42,1498
20130911,36.55,36.76,36.55,36.73,1290
20130912,36.56,36.57,36.42,36.42,24858
20130913,36.55,36.62,36.49,36.5,2356
20130916,36.89,36.94,36.78,36.83,3911
20130917,36.88,36.93,36.84,36.87,4953
20130919,37.31,37.31,37.17,37.19,803
20130920,36.74,36.74,36.67,36.72,343
20130924,36.55,36.64,36.55,36.63,9845
20130925,36.49,36.49,36.49,36.49,1658
20130930,35.83,36.12,35.83,36.02,4996
20131002,36.06,36.16,36.06,36.16,1883
20131003,36.08,36.22,35.81,35.94,2949
20131004,36.01,36.01,36.01,36.01,536
20131008,35.59,35.59,35.57,35.57,750
20131010,36.26,36.26,36.26,36.26,536
20131015,36.85,36.85,36.57,36.7,14145
20131016,36.85,37.11,36.85,37.05,63301
20131017,37.01,37.26,36.91,37.26,61613
20131018,37.28,37.28,37.1,37.24,45639
20131021,37.24,37.24,37.12,37.16,5623
20131022,37.21,37.4,37.21,37.4,2701
20131023,37.18,37.18,36.98,37.03,1713
20131028,37.5,37.5,37.41,37.43,1606
20131030,37.59,37.59,37.47,37.47,750
20131104,37.21,37.21,37.21,37.21,806
20131105,37.26,37.26,37.23,37.23,536
20131113,37.8,38,37.8,38,857
20131114,38.05,38.05,38.05,38.05,107
20131118,38.6,38.6,38.57,38.57,580
20131120,38.44,38.46,38.26,38.26,648
20131122,38.72,38.72,38.72,38.72,750
20131125,38.98,38.98,38.98,38.98,107
20131126,38.94,39,38.93,39,2947
20131129,38.97,38.97,38.82,38.82,856
20131202,38.9,39.02,38.9,39.02,578
20131203,38.73,38.73,38.73,38.73,139
20131204,38.52,38.52,38.52,38.52,107
20131205,38.28,38.33,38.28,38.33,857
20131210,38.72,38.72,38.72,38.72,279
20131211,38.43,38.43,38.43,38.43,771
20131216,38.24,38.31,38.24,38.31,2549
20131217,38.12,38.13,38.11,38.11,788
20131219,38.78,38.78,38.77,38.77,375
20140102,39.53,39.53,39.38,39.38,399
20140103,39.48,39.5,39.46,39.46,2625
20140106,39.33,39.38,39.33,39.38,861
20140107,39.55,39.55,39.54,39.54,308
20140113,39.75,39.75,39.23,39.23,3570
20140122,39.75,39.75,39.75,39.75,525
20140127,40.26,40.26,38.52,38.54,582
20140128,38.3,38.63,38.3,38.63,584
20140129,38.55,38.55,38.55,38.55,121
20140131,38.66,38.66,38.66,38.66,158
20140204,37.88,37.88,37.88,37.88,105
20140207,38.52,38.52,38.52,38.52,525
20140210,38.68,38.68,38.68,38.68,105
20140211,39.19,39.33,39.19,39.33,410
20140212,39.35,39.39,39.19,39.28,54297
20140214,39.46,39.79,39.46,39.77,698
20140218,39.84,39.88,39.84,39.86,755
20140219,39.8,39.8,39.74,39.74,649
20140220,39.59,39.85,39.52,39.8,4262
20140221,39.84,39.97,39.77,39.83,3141
20140224,40.31,40.31,40.31,40.31,226
20140225,40.08,40.08,40.08,40.08,105
20140226,40.03,40.17,39.98,39.98,2159
20140228,40.32,40.32,40.08,40.18,730
20140303,39.94,39.94,39.94,39.94,1680
20140304,40.56,40.57,40.52,40.56,1493
20140305,40.87,40.87,40.87,40.87,192
20140306,40.99,40.99,40.99,40.99,315
20140307,40.98,40.98,40.98,40.98,126
20140310,42.46,42.46,40.96,40.99,2080
20140312,40.62,40.62,40.58,40.58,1100
20140314,40.36,40.36,40.27,40.31,5047
20140319,41,41,40.66,40.78,3261
20140326,41.06,41.06,40.74,40.75,44400
20140327,40.54,40.54,40.54,40.54,292
20140328,40.87,40.94,40.87,40.94,315
20140331,41.19,41.19,41.19,41.19,244
20140401,41.34,41.34,41.31,41.33,630
20140402,41.4,41.4,41.4,41.4,105
20140403,41.38,41.49,41.38,41.49,236
20140407,40.94,40.94,40.42,40.42,3928
20140408,40.51,40.72,40.51,40.65,3724
20140409,40.84,40.84,40.74,40.83,4141
20140410,40.75,40.75,40.22,40.22,483
20140411,40.18,40.18,39.91,39.91,355
20140414,40.09,40.15,40.09,40.15,614
20140415,40.3,40.31,39.9,40.26,734
20140417,40.69,40.85,40.69,40.83,461
20140421,40.81,40.81,40.81,40.81,210
20140422,41.24,41.25,41.24,41.25,258
20140424,41.31,41.31,41.07,41.08,6376
20140429,40.87,40.89,40.87,40.89,695
20140501,40.97,41.09,40.97,41.06,1808
20140502,41.13,41.13,41.13,41.13,315
20140505,40.61,40.77,40.55,40.77,2757
20140506,40.71,40.74,40.7,40.7,358
20140507,40.85,40.86,40.8,40.84,1379
20140509,40.9,40.9,40.9,40.9,244
20140512,41.39,41.51,41.39,41.47,4306
20140513,41.57,41.57,41.56,41.56,210
20140514,41.36,41.36,41.36,41.36,301
20140515,40.63,40.75,40.63,40.73,1432
20140520,41.01,41.01,41.01,41.01,263
20140522,41.5,41.5,41.5,41.5,250
20140527,41.9,41.9,41.89,41.89,525
20140604,42.24,42.24,42.24,42.24,105
20140605,42.24,42.24,42.24,42.24,119
20140606,42.75,42.75,42.75,42.75,105
20140609,42.94,42.94,42.7,42.7,368
20140611,42.51,42.59,42.48,42.59,1916
20140612,42.44,42.44,42.44,42.44,420
20140613,42.43,42.43,42.43,42.43,108
20140616,42.46,42.46,42.46,42.46,147
20140618,42.85,42.85,42.85,42.85,105
20140619,43.33,43.33,43.33,43.33,108
20140620,43.19,43.19,43.19,43.19,315
20140624,42.92,42.92,42.92,42.92,168
20140625,42.9,42.9,42.9,42.9,113
20140627,42.72,42.72,42.69,42.69,654
20140630,42.89,42.89,42.89,42.89,118
20140702,43.16,43.16,43.16,43.16,1138
20140703,43.39,43.39,43.39,43.39,322
20140707,43.22,43.22,43.22,43.22,254
20140708,43.27,43.27,42.86,42.86,846
20140709,42.98,42.98,42.98,42.98,216
20140710,42.85,42.93,42.85,42.9,988
20140711,42.83,42.83,42.83,42.83,252
20140714,42.93,43.2,42.93,43.2,713
20140715,43.35,43.35,43.21,43.21,1355
20140717,43.09,43.09,43.09,43.09,650
20140718,42.99,42.99,42.99,42.99,420
20140723,42.99,43.18,42.99,43.18,4736
20140724,43.19,43.34,43.19,43.34,735
20140728,42.99,43.16,42.99,43.16,499
20140730,43.07,43.07,43.07,43.07,252
20140731,42.29,42.29,42.29,42.29,460
20140801,42.21,42.21,41.9,41.93,963
20140805,41.84,41.84,41.84,41.84,105
20140806,42.04,42.05,42.04,42.05,2569
20140807,42.12,42.12,41.84,41.84,714
20140811,42.48,42.48,42.48,42.48,105
20140812,42.19,42.33,42.19,42.33,717
20140813,42.37,42.37,42.37,42.37,2154
20140815,42.67,42.7,42.58,42.58,2682
20140819,43.22,43.22,43.15,43.15,247
20140821,43.62,43.62,43.39,43.58,37585
20140825,43.86,43.86,43.84,43.84,210
20140826,43.95,43.95,43.95,43.95,105
20140827,43.94,43.97,43.94,43.97,5869
20140828,43.77,43.98,43.77,43.96,16085
20140829,44.01,44.01,44.01,44.01,105
20140902,44.03,44.03,43.99,43.99,614
20140903,44.2,44.2,43.97,43.98,4617
20140905,43.82,43.92,43.82,43.92,3150
20140908,43.9,43.9,43.86,43.87,1140
20140909,43.51,43.51,43.51,43.51,116
20140910,43.6,43.6,43.6,43.6,368
20140911,43.63,43.67,43.63,43.67,2137
20140912,43.69,43.69,43.69,43.69,236
20140915,43.69,43.69,43.44,43.65,4222
20140919,44.12,44.35,44.12,44.22,3523
20140922,44.29,44.29,43.73,43.78,4108
20140923,43.46,43.49,43.37,43.37,2848
20140924,43.57,43.76,43.35,43.76,2265
20140925,43.28,43.28,43.28,43.28,105
20140926,43.19,43.46,43.19,43.46,683
20140930,43.18,43.41,43.18,43.41,773
20141001,42.6,42.6,42.59,42.59,2258
20141002,42.27,42.27,42.27,42.27,105
20141003,43.05,43.05,43.02,43.02,1969
20141006,43.02,43.02,43.02,43.02,415
20141007,42.6,42.6,42.35,42.35,1014
20141008,42.46,42.6,42.18,42.6,1196
20141009,41.88,41.88,41.88,41.88,420
20141013,41.6,41.6,41.5,41.5,458
20141015,39.45,39.52,39.38,39.48,8053
20141016,39.16,40.7,39.16,40.69,1134
20141017,41.23,41.23,41.11,41.11,572
20141021,41.74,42.15,41.74,42.15,1141
20141022,42.14,42.14,42.14,42.14,117
20141023,42.38,42.39,42.38,42.39,1034
20141027,42.57,42.57,42.57,42.57,105
20141028,42.65,42.88,42.65,42.88,603
20141029,42.99,42.99,42.89,42.92,1325
20141030,42.94,43.29,42.94,43.29,899
20141031,43.75,43.75,43.75,43.75,227
20141103,43.88,43.92,43.73,43.77,5296
20141105,43.84,43.89,43.79,43.89,2366
20141106,43.94,44.04,43.94,44.03,1692
20141107,44.19,44.19,44.04,44.15,2229
20141110,44.17,44.17,44.17,44.17,531
20141111,44.25,44.29,44.25,44.25,823
20141117,44.04,44.27,44.04,44.26,569
20141118,44.35,44.45,44.35,44.45,361
20141119,44.24,44.39,44.24,44.36,1673
20141120,44.4,44.4,44.33,44.33,263
20141121,44.87,44.87,44.87,44.87,105
20141124,44.91,44.91,44.87,44.87,352
20141125,44.8,44.8,44.8,44.8,210
20141126,44.75,44.76,44.71,44.74,3292
20141201,45.01,45.01,43.9,43.9,315
20141203,44.43,44.8,44.43,44.8,254
20141204,44.61,44.61,44.51,44.51,1307
20141205,44.8,44.8,44.8,44.8,112
20141208,44.32,44.32,44.29,44.29,420
20141209,43.95,43.95,43.95,43.95,550
20141210,43.92,43.92,43.92,43.92,467
20141211,43.57,43.65,43.57,43.65,818
20141212,43.12,43.12,42.99,43.01,1785
20141215,42.5,42.59,42.39,42.4,5102
20141216,42.46,42.48,42.46,42.48,767
20141218,43.69,43.69,43.66,43.66,959
20141219,44.27,44.27,44.27,44.27,981
20141222,44.48,44.65,44.39,44.62,8884
20141223,45,45.07,44.97,45.03,2903
20141224,44.95,44.98,44.88,44.88,408
20141229,45.04,45.04,45.03,45.03,613
20141230,45,45.03,44.88,44.98,3176
20141231,44.97,45.03,44.52,44.52,2617
20150105,44.29,44.29,43.04,43.48,4944
20150106,42.81,42.94,42.71,42.71,515
20150108,44,44,44,44,204
20150109,43.6,43.6,43.6,43.6,310
20150113,43.49,43.49,42.58,42.58,1856
20150116,42.3,42.64,42.26,42.64,6998
20150120,42.68,42.68,42.68,42.68,102
20150121,42.86,43.07,42.74,43.07,4684
20150122,43.1,43.1,43.1,43.1,102
20150126,43.17,43.17,43.17,43.17,613
20150127,43.2,43.45,43.2,43.45,326
20150129,42.62,42.72,42.62,42.65,2147
20150130,42.64,42.64,42.64,42.64,268
20150203,43.4,43.45,43.26,43.26,368
20150205,43.8,43.8,43.61,43.64,4186
20150211,44.06,44.06,44.06,44.06,307
20150212,44.39,44.71,44.39,44.71,410
20150213,44.99,44.99,44.99,44.99,102
20150217,44.86,44.96,44.86,44.96,270
20150218,44.87,44.98,44.87,44.98,221
20150219,45.03,45.03,45.01,45.01,2486
20150220,44.84,45.25,44.82,45.25,1303
20150223,45.21,45.21,45.21,45.21,664
20150224,45.57,45.62,45.57,45.62,204
20150225,45.46,45.46,45.45,45.45,1124
20150226,45.22,45.22,45.16,45.16,1124
20150302,45.34,45.41,45.34,45.41,372
20150303,45.37,45.37,45.37,45.37,399
20150304,45.1,45.1,45.1,45.1,219
20150305,45.18,45.18,45.18,45.18,310
20150306,44.62,44.62,44.62,44.62,128
20150310,43.94,43.96,43.94,43.94,409
20150311,43.86,43.86,43.83,43.83,364
20150313,44.26,44.26,44.17,44.17,3169
20150316,44.37,44.37,44.37,44.37,353
20150318,44.25,44.92,44.25,44.89,1538
20150319,44.55,44.55,44.55,44.55,102
20150323,45.08,45.25,45.08,45.25,1380
20150326,43.94,43.94,43.93,43.93,1531
20150327,43.94,43.94,43.94,43.94,159
20150330,44.48,44.61,44.48,44.61,1238
20150331,44.3,44.44,44.3,44.44,4223
20150401,44.05,44.11,44.01,44.07,1509
20150407,44.12,44.55,44.12,44.51,578
20150408,44.58,44.58,44.43,44.43,204
20150410,44.69,44.89,44.69,44.89,1141
20150413,44.91,44.91,44.65,44.69,1232
20150414,44.45,44.45,44.38,44.38,392
20150415,44.96,44.96,44.96,44.96,112
20150417,44.54,44.54,44.54,44.54,254
20150420,44.93,44.93,44.92,44.92,529
20150421,44.79,44.84,44.79,44.84,3964
20150422,44.83,44.94,44.83,44.94,424
20150423,45.25,45.25,45.25,45.25,446
20150427,45.22,45.22,45.22,45.22,199
20150430,44.82,44.82,44.69,44.69,321
20150501,45,45,45,45,198
20150504,45.46,45.46,45.46,45.46,390
20150505,45.2,45.2,44.87,44.87,2151
20150506,44.66,44.72,44.66,44.72,2233
20150507,44.68,44.68,44.68,44.68,171
20150508,45.43,45.43,45.43,45.43,460
20150511,45.36,45.36,45.26,45.26,321
20150512,45.1,45.11,45.1,45.11,433
20150518,45.49,45.5,45.44,45.44,456
20150519,45.46,45.55,45.46,45.55,306
20150521,45.52,45.59,45.52,45.59,6081
20150522,45.47,45.47,45.46,45.47,511
20150526,44.96,44.96,44.88,44.88,2668
20150527,45.2,45.2,45.2,45.2,592
20150529,44.96,44.96,44.96,44.96,255
20150601,45.28,45.29,45.01,45.01,665
20150608,44.88,44.88,44.72,44.72,407
20150609,44.69,44.69,44.69,44.69,141
20150610,45.31,45.35,45.3,45.33,1020
20150615,44.97,44.97,44.97,44.97,204
20150616,45.14,45.14,45.12,45.12,597
20150617,45.13,45.13,45.13,45.13,304
20150618,45.61,45.61,45.56,45.57,1464
20150619,45.38,45.38,45.38,45.38,122
20150624,45.46,45.46,45.46,45.46,604
20150625,45.41,45.41,45.41,45.41,220
20150630,44.5,44.6,44.5,44.6,1045
20150706,44.1,44.1,44.06,44.06,409
20150709,44.33,44.33,44.04,44.05,1123
20150710,44.42,44.42,44.42,44.42,103
20150713,44.8,44.9,44.8,44.9,1021
20150714,44.92,45.05,44.92,44.97,918
20150715,44.84,44.84,44.84,44.84,207
20150716,45.21,45.21,45.21,45.21,116
20150717,45.05,45.07,45.05,45.06,662
20150720,45.1,45.1,45.04,45.04,408
20150721,44.94,44.94,44.94,44.94,102
20150722,44.81,44.88,44.81,44.88,714
20150723,44.67,44.67,44.67,44.67,409
20150729,44.27,44.5,44.27,44.5,1395
20150730,44.38,44.38,44.38,44.38,102
20150804,43.97,44,43.82,43.82,1359
20150805,43.98,43.98,43.97,43.97,323
20150806,43.6,43.6,43.55,43.56,1456
20150807,43.54,43.54,43.21,43.21,1538
20150810,43.59,44.09,43.59,44.09,239
20150813,43.63,43.78,43.63,43.78,380
20150814,43.68,43.68,43.68,43.68,125
20150817,43.93,43.93,43.93,43.93,204
20150820,42.98,43.04,42.98,43.04,483
20150821,41.97,41.97,41.97,41.97,1129
20150825,40.01,40.02,39.95,39.95,1430
20150828,41.24,41.24,41.24,41.24,102
20150831,41.24,41.24,41.18,41.18,1269
20150901,39.94,40.31,39.94,40.06,1655
20150903,40.75,40.75,40.56,40.56,365
20150904,39.93,39.93,39.93,39.93,123
20150908,40.58,40.89,40.58,40.89,306
20150909,41.38,41.38,41.38,41.38,102
20150910,40.39,40.65,40.39,40.65,306
20150911,40.53,40.53,40.48,40.48,306
20150914,40.57,40.57,40.44,40.44,1122
20150915,40.8,41.21,40.8,41.21,1224
20150916,41.34,41.42,41.34,41.41,628
20150917,41.46,41.83,41.06,41.08,3607
20150918,40.64,40.67,40.5,40.59,1226
20150922,39.92,39.92,39.92,39.92,409
20150923,39.95,39.99,39.95,39.99,409
20150924,39.37,39.37,39.37,39.37,102
20150925,40.02,40.02,40.02,40.02,102
20150928,39.24,39.24,38.79,38.79,230
20150930,39.21,39.24,39.21,39.24,1291
20151002,39.88,40.18,39.81,40.18,400
20151005,40.71,41.11,40.71,41.11,204
20151006,41.03,41.1,41.03,41.08,2571
20151007,41.68,41.68,41.29,41.44,1635
20151008,41.68,41.91,41.68,41.77,3937
20151013,41.81,41.81,41.74,41.74,5712
20151014,41.29,41.29,41.29,41.29,102
20151015,41.47,41.96,41.39,41.96,612
20151019,41.9,41.9,41.9,41.9,102
20151020,42,42.11,42,42.11,921
20151022,42.38,42.38,42.38,42.38,1534
20151023,42.69,42.78,42.49,42.76,1657
20151026,42.37,42.37,42.37,42.37,1022
20151027,42.16,42.17,42.16,42.17,1661
20151028,42.88,42.88,42.88,42.88,1534
20151029,43.02,43.02,43.02,43.02,102
20151030,43.05,43.31,43,43.01,2940
20151110,42.9,43.07,42.88,43.07,968
20151111,42.74,42.74,42.74,42.74,204
20151116,42.05,42.13,42.05,42.13,391
20151117,42.47,42.54,42.37,42.37,464
20151118,42.54,43.12,42.54,43.12,1985
20151124,42.98,43.6,42.98,43.6,984
20151127,43.46,43.46,43.44,43.44,716
20151130,43.5,43.5,43.48,43.48,641
20151202,43.58,43.58,43.33,43.33,549
20151203,43.42,43.42,42.63,42.63,524
20151204,42.84,42.84,42.84,42.84,102
20151207,42.74,42.74,42.74,42.74,102
20151208,42.34,42.65,42.34,42.64,510
20151209,42.87,42.87,42.26,42.26,774
20151210,42.46,42.46,42.46,42.46,221
20151214,41.13,41.13,41.13,41.13,204
20151215,41.99,42.01,41.99,42.01,562
20151216,42.64,42.64,42.62,42.62,1038
20151217,42.11,42.29,42.11,42.29,204
20151218,41.5,41.5,41.5,41.5,102
20151221,41.46,41.46,41.21,41.21,575
20151223,42.36,42.69,42.36,42.69,1174
20151230,42.604,42.604,42.604,42.604,300
20160104,41.5465,41.5465,41.214,41.214,300
20160105,41.6595,41.6595,41.6595,41.6595,100
20160106,41.17,41.17,41.17,41.17,100
20160107,40.0474,40.0623,39.78,39.78,869
20160108,39.6501,39.674,39.644,39.644,2931
20160111,39.51,39.69,39.24,39.24,2872
20160113,38.76,38.7783,38.7586,38.7586,721
20160114,38.6416,38.9699,38.6416,38.953,603
20160119,38.25,38.27,38.25,38.27,300
20160127,38.214,38.2142,38.214,38.2142,200
