Date,Open,High,Low,Close,Volume
20160616,24.85,24.85,24.66,24.66,6108
20160617,24.49,24.49,24.47,24.47,9161
20160620,24.09,24.16,24.06,24.16,4682
20160623,23.86,23.86,23.86,23.86,204
20160624,24.28,24.28,24.26,24.26,1527
20160627,24.49,24.8,24.49,24.79,2138
20160628,24.61,24.63,24.61,24.63,1272
20160630,23.58,23.58,23.58,23.58,102
20160701,23.46,23.46,23.46,23.46,158
20160705,23.65,23.7,23.65,23.7,1170
20160706,23.73,23.76,23.65,23.69,7026
20160713,22.54,22.66,22.54,22.66,306
20160714,22.55,22.55,22.55,22.55,509
20160726,22.66,22.66,22.66,22.66,102
20160729,22.84,22.84,22.73,22.73,1426
20160801,22.81,22.81,22.81,22.81,204
20160802,22.91,22.91,22.91,22.91,204
20160803,22.87,22.87,22.87,22.87,1018
20160805,22.37,22.37,22.37,22.37,102
20160808,22.33,22.34,22.32,22.33,712
20160810,22.06,22.12,22.06,22.12,9717
20160812,21.98,21.98,21.98,21.98,305
20160816,21.88,21.89,21.88,21.89,204
20160817,21.92,21.92,21.89,21.89,1476
20160819,21.79,21.79,21.79,21.79,102
20160822,21.93,21.93,21.87,21.92,3308
20160824,21.74,21.83,21.74,21.83,306
20160826,21.67,21.87,21.67,21.87,1018
20160829,21.81,21.81,21.7,21.74,4274
20160830,21.62,21.62,21.62,21.62,471
20160831,21.79,21.8,21.79,21.8,1730
20160901,21.82,21.84,21.82,21.84,3053
20160906,21.46,21.47,21.44,21.47,2953
20160907,21.52,21.52,21.49,21.49,1120
20160909,21.8,21.94,21.8,21.94,510
20160912,23.17,23.17,21.83,21.9,8503
20160913,22.09,22.31,22.08,22.22,9742
20160914,22.25,22.25,22.25,22.25,509
20160915,22,22.11,21.99,22.01,8904
20160919,22,22,22,22,102
20160921,21.98,21.98,21.96,21.97,1588
20160922,21.51,21.59,21.43,21.53,3219
20160923,21.62,21.62,21.48,21.48,306
20160926,21.69,21.72,21.67,21.7,870
20160927,21.84,21.84,21.69,21.7,4300
20160928,21.62,21.62,21.33,21.33,992
20160929,21.38,21.45,21.38,21.41,815
20160930,21.44,21.46,21.38,21.38,6616
20161003,21.38,21.38,21.38,21.38,223
20161004,21.34,21.38,21.32,21.38,1272
20161005,21.37,21.37,21.37,21.37,102
20161006,21.28,21.36,21.28,21.29,4580
20161007,21.32,21.33,21.21,21.21,2649
20161010,21.13,21.13,21,21.01,764
20161011,21.12,21.32,21.12,21.27,6720
20161012,21.32,21.43,21.21,21.21,816
20161013,21.46,21.46,21.36,21.36,2342
20161014,21.3,21.3,21.26,21.26,1856
20161017,21.26,21.29,21.21,21.29,3404
20161018,21.21,21.25,21.15,21.15,5823
20161019,21.06,21.06,21.06,21.06,814
20161020,21.06,21.06,21.01,21.02,509
20161024,21,21,21,21,303
20161026,21.03,21.17,21.03,21.17,7142
20161027,21.17,21.18,21.17,21.17,713
20161028,21.42,21.56,21.4,21.5,3666
20161101,21.85,21.85,21.84,21.85,5273
20161102,22.05,22.07,22.05,22.07,224
20161103,22.01,22.01,21.92,21.92,8392
20161107,21.51,21.55,21.51,21.55,658
20161108,21.54,21.54,21.54,21.54,204
20161109,21.69,21.74,21.68,21.74,510
20161110,21.85,22.22,21.85,22.22,561
20161111,22.63,22.63,22.56,22.58,2239
20161114,22.46,22.75,22.44,22.44,7375
20161115,22.17,22.17,22.08,22.08,789
20161116,22.05,22.08,22.05,22.08,1162
20161117,22.03,22.07,22.02,22.06,612
20161118,22.12,22.15,22.1,22.1,9373
20161122,21.64,21.64,21.48,21.48,408
20161123,21.65,21.68,21.62,21.62,2952
20161125,21.6,21.6,21.6,21.6,102
20161128,21.55,21.55,21.48,21.55,5119
20161129,21.67,21.67,21.65,21.67,510
20161130,21.67,21.68,21.66,21.68,510
20161201,21.68,21.68,21.68,21.68,509
20161202,21.49,21.51,21.49,21.51,1018
20161207,21.13,21.13,20.94,20.94,1326
20161208,21,21.01,20.95,20.95,510
20161209,20.93,20.94,20.92,20.93,510
20161213,20.81,20.83,20.8,20.83,510
20161214,20.83,21.09,20.78,21.09,2697
20161215,21.14,21.14,21.14,21.14,102
20161216,21.09,21.13,21.09,21.13,611
20161220,20.95,20.95,20.95,20.95,112
20161221,21.11,21.11,20.85,20.86,1221
20161222,20.86,20.86,20.86,20.86,1018
20161223,20.74,20.74,20.74,20.74,102
20161227,20.75,20.78,20.66,20.78,4279
20161228,20.71,20.72,20.68,20.72,3664
20161230,20.77,20.77,20.76,20.76,3053
20170103,20.61,20.61,20.5,20.51,2443
20170104,20.34,20.35,20.34,20.35,814
20170105,20.3,20.4,20.27,20.4,8442
20170109,20.42,20.42,20.41,20.41,306
20170110,20.33,20.33,20.33,20.33,814
20170111,20.38,20.38,20.38,20.38,102
20170112,20.41,20.42,20.39,20.39,510
20170113,20.37,20.37,20.37,20.37,1018
20170117,20.4,20.4,20.4,20.4,204
20170123,20.4,20.43,20.39,20.39,1033
20170124,20.31,20.31,20.31,20.31,102
20170125,20.18,20.18,20.18,20.18,509
20170130,20.21,20.22,20.21,20.21,1120
20170202,20.14,20.19,20.14,20.17,10429
20170203,20.07,20.09,20.06,20.08,1227
20170206,20.07,20.07,20.07,20.07,204
20170208,20.1,20.16,20.1,20.16,305
20170209,20.1,20.1,20.1,20.1,102
20170210,20.08,20.08,20.07,20.07,510
20170213,19.987,19.997,19.947,19.995,10112
20170214,20.04,20.05,20.04,20.05,550
20170221,19.888,19.888,19.82,19.82,4429
20170222,19.869,19.869,19.81,19.81,1835
20170223,19.79,19.79,19.771,19.79,408
20170224,19.81,19.81,19.81,19.81,102
20170227,19.731,19.731,19.721,19.721,370
20170228,19.712,19.712,19.712,19.712,324
20170301,19.162,19.574,17.255,19.573,1557
20170302,19.643,19.643,19.643,19.643,335
20170303,19.739,19.739,19.653,19.653,663
20170306,19.775,19.817,19.775,19.817,898
20170307,19.957,19.957,19.931,19.931,321
20170308,20.16,20.17,20.16,20.17,255
20170310,20.34,20.54,20.34,20.5,10161
20170313,20.52,20.52,20.44,20.44,2867
20170314,20.58,20.6,20.56,20.57,1326
20170315,20.37,20.37,20.27,20.27,1348
20170316,19.967,20.11,19.967,20.11,6600
20170317,20.09,20.1,20.07,20.1,1020
20170320,20.14,20.14,20.11,20.13,1352
20170321,20.29,20.39,20.29,20.39,306
20170322,20.59,20.59,20.59,20.59,102
20170323,20.43,20.43,20.3,20.31,1159
20170324,20.34,20.34,20.34,20.34,173
20170329,19.997,20.105,19.938,19.957,6108
20170330,19.938,19.938,19.761,19.761,1333
20170403,19.8,19.8,19.8,19.8,102
20170404,19.78,19.78,19.778,19.78,1120
20170405,19.741,19.79,19.682,19.79,1854
20170406,19.79,19.8,19.731,19.8,9063
20170407,19.731,19.761,19.721,19.721,10381
20170410,19.712,19.712,19.712,19.712,313
20170412,19.78,19.78,19.741,19.741,611
20170413,19.736,19.741,19.736,19.741,1303
20170417,19.938,19.938,19.761,19.761,494
20170418,19.751,19.751,19.751,19.751,509
20170419,19.643,19.653,19.643,19.653,204
20170420,19.672,19.672,19.647,19.653,1294
20170421,19.653,19.692,19.653,19.692,5854
20170424,19.497,19.525,19.497,19.525,830
20170425,19.416,19.416,19.416,19.416,173
20170501,19.495,19.535,19.495,19.505,4682
20170502,19.397,19.397,19.368,19.368,364
20170503,19.338,19.338,19.338,19.338,262
20170504,19.505,19.505,19.505,19.505,102
20170505,19.495,19.495,19.495,19.495,102
20170509,19.368,19.387,19.368,19.377,2493
20170510,19.368,19.368,19.279,19.287,2971
20170511,19.279,19.279,19.279,19.279,102
20170512,19.25,19.27,19.25,19.259,1578
20170516,19.142,19.142,19.132,19.132,1628
20170517,19.25,19.25,19.25,19.25,102
20170518,19.358,19.358,19.279,19.279,1246
20170519,19.181,19.181,19.161,19.161,1475
20170524,19.043,19.043,19.043,19.043,102
20170525,18.975,18.975,18.975,18.975,153
20170530,18.966,18.966,18.966,18.966,112
20170602,18.883,18.886,18.877,18.877,420
20170605,18.886,18.906,18.886,18.886,7960
20170606,18.916,18.916,18.896,18.896,3042
20170607,18.925,18.925,18.925,18.925,204
20170608,19.053,19.092,19.004,19.034,5430
20170609,18.984,18.994,18.916,18.994,1291
20170612,18.994,18.994,18.935,18.938,2045
20170613,18.866,18.886,18.857,18.886,807
20170614,18.847,18.847,18.847,18.847,305
20170616,18.945,18.945,18.945,18.945,102
20170620,19.004,19.014,19.001,19.003,1252
20170621,19.191,19.269,19.191,19.269,204
20170623,19.177,19.177,19.177,19.177,255
20170626,19.092,19.092,18.991,18.993,2086
20170627,19.014,19.043,18.984,19.043,1323
20170628,18.994,18.994,18.994,18.994,364
20170629,18.994,19.043,18.994,19.004,510
20170630,18.984,18.984,18.95,18.95,753
20170706,19.076,19.102,19.076,19.092,3385
20170707,19.112,19.112,19.112,19.112,102
20170710,19.122,19.122,19.112,19.112,255
20170711,19.078,19.078,19.078,19.078,1884
20170712,18.906,18.906,18.876,18.876,611
20170713,18.876,18.876,18.866,18.866,1018
20170718,18.753,18.756,18.749,18.749,2183
20170719,18.66,18.68,18.635,18.635,918
20170720,18.623,18.655,18.608,18.61,824
20170721,18.925,19.289,18.638,18.65,1731
20170724,18.611,18.616,18.611,18.612,2137
20170725,18.572,18.572,18.572,18.572,102
20170726,18.542,18.542,18.503,18.523,1222
20170727,18.542,18.542,18.542,18.542,102
20170728,18.591,18.591,18.582,18.582,812
20170731,18.552,18.552,18.552,18.552,102
20170801,18.552,18.552,18.542,18.552,3357
20170802,18.513,18.513,18.513,18.513,102
20170804,18.601,18.631,18.601,18.611,1147
20170807,18.621,18.621,18.601,18.618,3218
20170808,18.601,18.719,18.601,18.699,510
20170809,18.827,18.866,18.827,18.866,1527
20170810,18.926,19.083,18.926,19.083,1274
20170811,19.102,19.102,19.033,19.034,67680
20170814,18.846,18.886,18.846,18.857,3342
20170815,18.86,18.871,18.857,18.857,363
20170816,18.837,18.847,18.808,18.847,459
20170818,19.071,19.071,18.965,18.965,408
20170821,18.67,18.994,18.67,18.994,1262
20170822,18.955,18.955,18.859,18.859,204
20170823,18.817,18.817,18.798,18.798,1806
20170825,18.749,18.749,18.739,18.739,653
20170830,18.739,18.739,18.719,18.719,1169
20170831,18.582,18.582,18.572,18.572,53402
20170901,18.68,18.68,18.395,18.571,5010
20170905,18.414,18.584,18.414,18.572,1629
20170907,18.611,18.631,18.611,18.621,3384
20170911,18.562,18.562,18.326,18.552,1526
20170912,18.461,18.572,18.461,18.572,3206
20170913,18.542,18.582,18.542,18.582,417
20170914,18.598,18.6,18.598,18.6,204
20170915,18.519,18.521,18.485,18.485,509
20170919,18.503,18.503,18.493,18.493,204
20170920,18.445,18.445,18.405,18.406,3690
20170925,18.493,18.503,18.493,18.503,1018
20170929,18.336,18.336,18.336,18.336,102
20171002,18.326,18.339,18.198,18.316,4173
20171003,18.267,18.292,18.267,18.292,407
20171004,18.313,18.336,18.311,18.336,4987
20171005,18.336,18.346,18.238,18.238,1934
20171006,18.346,18.351,18.308,18.336,2387
20171010,16.508,18.395,9.905,18.277,4202
20171018,18.233,18.233,18.229,18.229,306
20171020,18.22,18.238,18.22,18.238,417
20171024,18.238,18.238,18.238,18.238,102
20171025,18.342,18.342,18.276,18.292,1318
20171027,18.33,18.33,18.33,18.33,102
20171031,18.33,18.33,18.33,18.33,545
20171101,18.179,18.287,18.179,18.287,2002
20171102,18.287,18.313,18.277,18.291,4886
20171103,18.331,18.334,18.307,18.33,1228
20171106,18.316,18.359,18.187,18.187,1821
20171108,18.552,18.552,18.552,18.552,306
20171109,18.758,18.837,18.621,18.68,52765
20171110,18.852,18.857,18.69,18.69,510
20171113,18.749,18.758,18.69,18.69,2139
20171115,18.965,18.984,18.915,18.916,4274
20171116,18.719,18.719,18.69,18.69,1515
20171117,18.651,18.651,18.474,18.555,3461
20171120,18.562,18.562,18.523,18.523,44970
20171121,18.464,18.464,18.454,18.464,4302
20171122,18.463,18.463,18.46,18.463,611
20171124,18.405,18.434,18.405,18.434,285
20171127,18.383,18.408,18.383,18.408,306
20171128,18.395,18.468,18.395,18.395,1080
20171130,18.375,18.4,18.375,18.4,1982
20171201,18.493,18.582,18.415,18.572,10160
20171204,18.459,18.459,18.459,18.459,204
20171205,18.473,18.473,18.473,18.473,102
20171206,18.591,18.591,18.503,18.518,510
20171207,18.527,18.532,18.513,18.532,4863
20171208,18.493,18.493,18.365,18.424,1730
20171211,18.424,18.424,18.424,18.424,102
20171212,18.424,18.424,18.407,18.407,3240
20171213,18.416,18.424,18.414,18.419,2562
20171218,18.473,18.503,18.473,18.503,1119
20171219,18.522,18.553,18.522,18.553,1766
20171220,18.562,18.562,18.562,18.562,398
20171222,18.428,18.477,18.428,18.477,981
20171226,18.466,18.466,18.466,18.466,204
20180103,18.227,18.227,18.179,18.179,549
20180104,18.1,18.1,18.1,18.1,102
20180105,18.041,18.041,18.041,18.041,204
20180108,18.085,18.085,18.059,18.061,1722
20180109,18.12,18.188,18.117,18.188,2718
20180110,18.248,18.32,18.248,18.32,671
20180111,18.25,18.25,18.149,18.184,2443
20180112,18.247,18.247,18.213,18.216,1174
20180116,18.238,18.257,18.238,18.257,3358
20180117,18.199,18.231,18.199,18.231,713
20180119,18.301,18.333,18.262,18.262,3308
20180122,18.267,18.267,18.238,18.238,611
20180123,18.247,18.247,18.149,18.149,1677
20180124,18.203,18.203,18.164,18.164,2417
20180126,18.169,18.169,18.169,18.169,227
20180201,18.385,18.464,18.356,18.464,7748
20180202,19.8,19.8,18.555,18.719,7564
20180205,18.68,18.954,18.591,18.857,7979
20180206,18.817,18.906,18.808,18.808,1630
20180207,18.542,18.79,18.542,18.778,1484
20180208,18.876,19.171,18.876,19.171,984
20180209,19.191,19.535,19.151,19.279,4094
20180212,19.309,19.309,19.034,19.043,3808
20180213,19.034,19.191,19.034,19.171,4445
20180214,19.24,19.24,19.112,19.112,3062
20180215,18.921,18.921,18.822,18.822,888
20180216,18.778,18.778,18.718,18.728,1516
20180220,18.729,18.729,18.69,18.699,1003
20180221,18.719,18.886,18.719,18.847,510
20180222,18.896,18.965,18.847,18.965,306
20180226,18.648,18.648,18.648,18.648,102
20180227,18.65,18.675,18.65,18.675,1346
20180228,18.691,18.768,18.691,18.768,576
20180302,19.024,19.024,18.984,18.984,1603
20180305,19.024,19.024,19.024,19.024,1075
20180307,18.849,18.89,18.849,18.866,1390
20180308,18.876,18.876,18.876,18.876,509
20180312,18.808,18.832,18.808,18.832,407
20180313,18.857,18.857,18.857,18.857,611
20180314,18.876,18.88,18.876,18.876,1628
20180315,18.879,18.879,18.879,18.879,509
20180322,19.033,19.033,19.033,19.033,1325
20180323,19.057,19.215,19.057,19.215,2135
20180326,19.166,19.166,19.166,19.166,102
20180328,18.989,18.989,18.989,18.989,305
20180329,18.954,18.983,18.89,18.949,2079
20180402,18.969,18.969,18.969,18.969,102
20180403,19.028,19.107,19.028,19.107,915
20180404,19.048,19.067,19.028,19.067,1239
20180406,18.885,19.037,18.851,18.967,10007
20180409,18.821,18.821,18.811,18.811,610
20180410,18.752,18.802,18.752,18.802,508
20180411,18.743,18.743,18.743,18.743,102
20180412,18.632,18.632,18.615,18.632,407
20180413,18.556,18.556,18.556,18.556,431
20180416,18.456,18.456,18.359,18.359,1016
20180417,18.387,18.457,18.387,18.457,366
20180419,18.664,18.664,18.664,18.664,102
20180423,18.757,18.802,18.757,18.802,1275
20180424,18.959,18.988,18.959,18.988,508
20180425,18.947,18.947,18.88,18.88,1423
20180427,18.846,18.861,18.846,18.861,1016
20180430,18.782,18.861,18.782,18.861,555
20180501,18.88,18.88,18.88,18.88,132
20180503,18.894,18.894,18.894,18.894,305
20180504,18.841,18.841,18.841,18.841,140
20180507,18.821,18.847,18.821,18.847,915
20180508,18.858,18.858,18.841,18.841,1423
20180514,18.734,18.734,18.734,18.734,102
20180515,18.858,18.858,18.858,18.858,160
20180516,18.88,18.88,18.88,18.88,143
20180521,18.929,18.929,18.929,18.929,240
20180522,18.87,18.87,18.87,18.87,508
20180523,18.875,18.875,18.875,18.875,135
20180524,18.851,18.896,18.836,18.836,1603
20180525,18.869,18.887,18.861,18.861,1016
20180529,19.067,19.067,19.028,19.028,722
20180530,19.011,19.011,19.011,19.011,152
20180531,18.911,18.969,18.911,18.969,571
20180601,18.871,18.91,18.871,18.91,659
20180604,18.833,18.979,18.833,18.851,2489
20180605,18.851,18.851,18.792,18.811,1366
20180612,18.61,18.61,18.61,18.61,254
20180613,18.546,18.546,18.546,18.546,813
20180614,18.556,18.565,18.556,18.556,53972
20180615,18.546,18.546,18.546,18.546,102
20180618,18.605,18.605,18.605,18.605,356
20180619,16.778,18.618,16.778,18.618,407
20180620,18.576,18.576,18.576,18.576,102
20180621,18.638,18.638,18.638,18.638,507
20180625,18.701,18.701,18.701,18.701,599
20180627,18.729,18.729,18.729,18.729,102
20180629,18.926,18.926,18.926,18.926,406
20180703,18.958,18.958,18.958,18.958,203
20180705,18.985,19.005,18.827,18.877,1626
20180706,18.877,18.877,18.709,18.719,2932
20180709,18.748,18.748,18.714,18.714,253
20180710,18.709,18.709,18.709,18.709,102
20180719,18.611,18.611,18.611,18.611,138
20180724,18.55,18.55,18.55,18.55,484
20180730,18.453,18.453,18.453,18.453,159
20180731,18.453,18.453,18.414,18.453,1828
20180801,18.441,18.441,18.441,18.441,316
20180803,18.315,18.315,18.295,18.295,873
20180809,18.29,18.29,18.29,18.29,162
20180814,18.315,18.34,18.315,18.34,609
20180815,18.542,18.542,18.364,18.384,4975
20180816,18.332,18.332,18.315,18.315,4263
20180817,18.286,18.286,18.286,18.286,203
20180820,18.246,18.256,18.246,18.256,406
20180821,18.217,18.256,18.213,18.213,405
20180822,18.177,18.177,18.177,18.177,203
20180823,18.167,18.197,18.167,18.197,509
20180824,18.148,18.148,18.148,18.148,203
20180827,18.138,18.138,18.108,18.108,2372
20180828,18.138,18.138,18.138,18.138,203
20180829,18.108,18.108,18.108,18.108,203
20180830,18.138,18.138,18.138,18.138,203
20180831,18.138,18.177,18.138,18.177,305
20180904,18.069,18.157,18.029,18.029,3654
20180905,18.031,18.367,18.029,18.034,4255
20180912,18.07,18.07,18.07,18.07,102
20180914,17.862,17.862,17.862,17.862,691
20180920,17.991,18.129,17.991,18.129,407
20180921,18.044,18.044,18.044,18.044,101
20180926,18.021,18.021,18.021,18.021,101
20180928,17.935,17.935,17.935,17.935,101
20181003,17.789,17.956,17.789,17.951,786
20181004,18.144,18.165,18.121,18.165,404
20181005,18.254,18.296,18.135,18.296,1503
20181008,18.066,18.285,18.066,18.283,1298
20181010,18.461,18.461,18.461,18.461,2176
20181011,18.669,18.679,18.546,18.546,3625
20181012,18.527,18.527,18.527,18.527,152
20181015,18.273,18.511,18.273,18.511,202
20181016,18.194,18.37,18.194,18.37,607
20181017,18.244,18.471,18.244,18.471,283
20181019,18.509,18.519,18.333,18.333,570
20181023,18.333,18.53,16.627,18.53,2936
20181025,18.777,18.777,18.204,18.491,1213
20181026,17.447,17.447,17.447,17.447,253
20181030,18.303,18.659,18.303,18.659,404
20181101,18.304,18.541,18.304,18.541,758
20181102,19.321,19.321,18.087,18.561,505
20181105,17.834,17.964,17.834,17.964,708
20181107,17.997,17.997,17.997,17.997,609
20181109,18.49,18.49,18.49,18.49,101
20181112,18.718,18.718,18.718,18.718,101
20181113,18.669,18.857,18.659,18.777,6093
20181114,18.6,18.955,18.6,18.955,607
20181115,18.955,19.212,18.955,19.209,917
20181116,19.238,19.272,19.146,19.212,5034
20181119,19.1,19.1,19.1,19.1,1417
20181120,19.292,19.292,19.232,19.291,732
20181121,17.789,19.202,17.789,19.183,2838
20181128,19.163,19.188,18.924,18.939,5159
20181130,18.94,18.94,18.94,18.94,101
20181203,18.371,18.555,18.371,18.466,1720
20181204,18.777,18.777,18.768,18.777,1315
20181207,18.975,18.975,18.975,18.975,506
20181210,19.119,19.119,19.119,19.119,30
20181211,19.03,19.03,19.03,19.03,536
20181212,18.944,18.944,18.925,18.925,1146
20181213,18.976,18.976,18.818,18.838,1960
20181214,18.998,18.998,18.998,18.998,232
20181217,19.196,19.266,19.176,19.266,2370
20181218,19.299,19.339,19.299,19.339,1144
20181219,19.645,19.896,19.54,19.766,20812
20181220,19.943,20.29,19.904,19.939,8371
20181221,19.969,20.34,19.863,20.31,9301
20181224,20.8,20.8,20.52,20.66,4191
20181226,20.76,20.86,19.945,19.969,9326
20181227,20.02,20.27,20.02,20.12,4370
20181228,20.13,20.13,19.886,19.886,1138
20181231,19.881,19.881,19.881,19.881,327
20190102,20.37,20.37,20.03,20.03,735
20190103,20.13,20.23,19.851,19.851,2903
20190104,19.423,19.423,19.237,19.237,434
20190107,19.25,19.25,18.724,18.724,5201
20190108,18.691,18.891,18.661,18.661,5645
20190109,18.573,18.682,18.433,18.473,16805
20190110,18.493,18.815,18.493,18.533,3002
20190111,18.562,18.562,18.562,18.562,30
20190114,18.562,18.562,18.562,18.562,30
20190115,18.468,18.468,18.468,18.468,30
20190116,18.518,18.518,18.518,18.518,30
20190117,18.294,18.438,18.294,18.438,537
20190118,18.2,18.2,18.2,18.2,30
20190122,18.408,18.408,18.378,18.408,2800
20190123,18.408,18.408,18.408,18.408,30
20190124,18.354,18.354,18.354,18.354,333
20190125,18.29,18.29,18.29,18.29,30
20190128,18.433,18.433,18.433,18.433,131
20190129,18.4,18.478,18.359,18.359,5403
20190130,18.19,18.19,18.19,18.19,1552
20190131,18.047,18.047,18.047,18.047,1544
20190201,17.865,18.096,17.865,18.096,4821
20190204,18.227,18.227,18.047,18.057,4596
20190205,17.898,17.898,17.769,17.819,1089
20190206,17.898,17.898,17.898,17.898,835
20190207,17.913,17.982,17.913,17.943,940
20190208,17.997,17.997,17.997,17.997,636
20190211,17.812,17.967,17.812,17.967,837
20190212,17.873,17.873,17.873,17.873,229
20190213,17.685,17.685,17.685,17.685,30
20190214,17.848,17.848,17.848,17.848,333
20190215,17.691,17.691,17.691,17.691,30
20190219,17.576,17.576,17.576,17.576,232
20190220,17.358,17.724,17.358,17.724,434
20190221,17.705,17.705,17.705,17.705,1438
20190222,17.566,17.566,17.566,17.566,30
20190225,17.501,17.501,17.501,17.501,231
20190226,17.546,17.546,17.546,17.546,131
20190227,17.397,17.397,17.397,17.397,30
20190228,17.503,17.526,17.437,17.526,1049
20190301,17.521,17.521,17.432,17.432,1141
20190304,17.301,17.402,17.185,17.402,4025
20190305,17.437,17.437,17.437,17.437,30
20190306,17.531,17.531,17.531,17.531,760
20190307,19.266,20.208,17.561,17.61,1967
20190308,17.61,17.655,17.591,17.591,2551
20190311,17.65,17.65,17.471,17.571,2096
20190312,17.436,17.486,17.436,17.486,333
20190313,17.348,17.348,17.348,17.348,30
20190314,17.357,17.357,17.357,17.357,232
20190315,17.392,17.392,17.303,17.303,645
20190318,17.282,17.332,17.282,17.332,552
20190319,17.219,17.288,17.219,17.288,232
20190320,17.365,17.365,17.195,17.215,1139
20190321,17.257,17.257,17.186,17.186,1134
20190322,17.311,17.331,17.311,17.313,621
20190325,17.35,17.35,17.35,17.35,30
20190326,17.235,17.235,17.235,17.235,30
20190327,17.185,17.185,17.185,17.185,30
20190328,17.161,17.161,17.161,17.161,134
20190329,17.186,17.191,17.086,17.096,927
20190401,17.225,17.225,17.106,17.106,833
20190402,17.051,17.051,17.051,17.051,30
20190403,16.991,16.991,16.991,16.991,230
20190404,16.977,16.977,16.977,16.977,131
20190405,16.902,16.902,16.902,16.902,30
20190408,16.912,16.912,16.912,16.912,363
20190409,16.991,16.991,16.991,16.991,30
20190410,16.797,16.797,16.797,16.797,489
20190411,16.72,16.777,16.7,16.748,8084
20190412,16.688,16.688,16.688,16.688,131
20190415,16.703,16.703,16.693,16.703,1291
20190416,16.713,16.713,16.713,16.713,30
20190417,16.713,16.713,16.713,16.713,30
20190418,16.773,16.773,16.773,16.773,30
20190422,16.802,16.802,16.802,16.802,30
20190423,16.768,16.768,16.768,16.768,30
20190424,16.768,16.768,16.768,16.768,30
20190425,16.773,16.773,16.773,16.773,30
20190426,16.758,16.758,16.748,16.758,8465
20190429,16.663,16.663,16.663,16.663,161
20190430,16.643,16.643,16.643,16.643,30
20190501,16.773,16.773,16.718,16.723,8555
20190502,16.728,16.728,16.728,16.728,30
20190503,16.648,16.648,16.648,16.648,30
20190506,16.643,16.643,16.643,16.643,131
20190507,16.698,16.807,16.698,16.768,13342
20190508,16.786,16.796,16.747,16.786,1331
20190509,16.876,16.985,16.87,16.924,2842
20190510,16.735,16.811,16.735,16.801,1816
20190513,17.011,17.072,17.011,17.072,330
20190514,16.952,16.952,16.952,16.952,231
20190515,16.962,16.962,16.962,16.962,131
20190516,17.335,17.335,16.887,16.887,2439
20190517,16.862,16.862,16.862,16.862,30
20190520,16.908,16.908,16.908,16.908,30
20190521,16.831,16.831,16.831,16.831,131
20190522,16.852,16.852,16.819,16.829,412
20190523,16.966,17.016,16.966,16.973,2295
20190524,16.736,17.034,16.736,17.034,3377
20190528,17.022,17.092,17.012,17.022,13880
20190529,17.168,17.207,17.168,17.168,635
20190530,17.106,17.116,17.066,17.116,983
20190531,17.353,17.353,17.353,17.353,130
20190603,17.303,17.333,17.293,17.333,14537
20190604,17.011,17.011,17.011,17.011,234
20190605,16.871,16.921,16.861,16.921,2352
20190606,16.842,16.842,16.842,16.842,738
20190607,16.723,16.733,16.723,16.733,433
20190610,16.675,16.735,16.665,16.7,1402
20190611,16.574,16.673,16.574,16.673,1037
20190612,16.698,16.738,16.664,16.738,4053
20190613,16.607,16.677,16.607,16.667,837
20190614,16.718,16.718,16.718,16.718,130
20190617,16.729,16.729,16.729,16.729,30
20190618,16.592,16.592,16.533,16.543,3150
20190619,16.534,16.534,16.434,16.444,2339
20190620,16.171,16.211,16.162,16.162,4048
20190621,16.23,16.259,16.23,16.251,8168
20190624,16.272,16.272,16.266,16.269,3145
20190625,16.402,16.4021,16.402,16.402,1646
20190626,16.4,16.41,16.4,16.405,7854
20190627,16.3311,16.3386,16.2,16.32,3774
20190628,16.325,16.325,16.325,16.325,30
20190701,16.26,16.2775,16.21,16.2775,7519
20190702,16.29,16.29,16.2739,16.276,1350
20190703,16.2329,16.2329,16.1552,16.1552,4200
20190705,16.25,16.31,16.24,16.31,3200
20190708,16.33,16.33,16.33,16.33,100
20190709,16.4,16.4,16.4,16.4,500
20190710,16.28,16.3,16.28,16.3,1400
20190711,16.35,16.36,16.325,16.36,600
20190712,16.38,16.38,16.38,16.38,100
20190715,16.27,16.29,16.27,16.29,1500
20190716,17.11,17.11,16.32,16.35,2200
20190718,16.43,16.445,16.43,16.4415,4200
20190719,17.11,17.11,16.39,16.4,1082
20190722,16.36,16.36,16.36,16.36,100
20190723,16.3,16.3,16.2881,16.2881,6000
20190724,16.34,16.34,16.34,16.34,500
20190725,16.28,16.34,16.28,16.28,4098
20190726,16.2799,16.2799,16.16,16.17,9375
20190729,16.23,16.27,16.23,16.25,1943
20190730,16.29,16.29,16.2822,16.2822,300
20190731,16.23,16.35,16.17,16.28,1751
20190801,16.23,16.26,16.2,16.2,400
20190802,16.31,16.38,16.2716,16.325,900
20190805,16.55,16.83,16.55,16.78,4684
20190806,16.78,16.78,16.58,16.61,1400
20190807,16.67,16.7199,16.505,16.51,17013
20190808,16.47,16.51,16.42,16.51,7149
20190809,16.47,16.51,16.45,16.459,3550
20190812,16.55,16.58,16.4982,16.54,1988
20190813,16.47,16.47,16.39,16.41,2890
20190814,16.54,16.65,16.54,16.65,19025
20190815,16.6,16.61,16.5836,16.61,4600
20190816,16.5,16.53,16.48,16.52,9307
20190819,16.41,16.43,16.29,16.3701,3373
20190820,16.358,16.36,16.3163,16.34,9372
20190821,16.27,16.27,16.145,16.2,12683
20190822,16.16,16.23,16.15,16.2,3646
20190823,16.12,16.34,16.12,16.34,1037
20190826,16.28,16.28,16.18,16.19,2863
20190827,16.13,16.24,16.13,16.198,1500
20190828,16.126,16.13,16.11,16.11,1540
20190829,15.9993,15.9993,15.9993,15.9993,450
20190830,16.1,16.12,16.1,16.12,200
20190903,16.22,16.25,16.21,16.21,400
20190904,16.14,16.14,16.1088,16.13,784
20190905,15.96,16.0897,15.96,15.9998,12636
20190909,15.94,15.94,15.8869,15.8869,800
20190910,15.98,15.98,15.9295,15.9295,950
20190911,15.915,15.915,15.885,15.885,1204
20190912,15.87,15.9043,15.87,15.9043,711
20190913,15.9284,15.93,15.9,15.93,5309
20190916,16.04,16.04,15.83,15.83,995
20190917,15.74,15.74,15.72,15.72,300
20190918,15.86,15.93,15.84,15.86,2222
20190919,15.86,15.86,15.86,15.86,604
20190920,15.8662,15.8662,15.82,15.82,500
20190923,15.67,15.86,15.67,15.86,557
20190924,15.85,15.93,15.85,15.89,2274
20190925,15.95,15.95,15.95,15.95,100
20190926,15.99,15.99,15.92,15.92,2300
20190930,15.96,15.97,15.96,15.9683,1422
20191002,16.12,16.2623,16.11,16.2623,1870
20191003,16.29,16.29,16.29,16.29,100
20191007,16.1649,16.1649,16.1649,16.1649,1134
20191008,16.2357,16.26,16.2357,16.26,600
20191009,16.1978,16.2095,16.1978,16.2095,2500
20191010,16.13,16.15,16.13,16.15,2446
20191011,16.03,16.0452,15.95,15.9801,15231
