Date,Open,High,Low,Close,Volume
20160617,39.33,39.33,39.33,39.33,126
20160624,39.26,39.46,39.26,39.46,784
20160627,39.15,39.15,39.15,39.15,126
20160628,39.17,39.17,39.17,39.17,253
20160630,39.91,39.91,39.91,39.91,250
20160701,40,40.15,40,40.07,757
20160712,40.93,40.93,40.93,40.93,4307
20160714,40.76,40.76,40.69,40.69,252
20160720,40.78,40.78,40.71,40.74,632
20160728,40.69,40.69,40.69,40.69,3162
20160801,40.85,40.85,40.85,40.85,126
20160802,40.53,40.53,40.53,40.53,126
20160824,41.38,41.38,41.38,41.38,413
20160829,41.5,41.5,41.5,41.5,503
20160831,41.32,41.32,41.32,41.32,934
20160909,41.27,41.27,41.27,41.27,125
20160919,41.06,41.06,41.06,41.06,125
20160920,41.06,41.06,41.06,41.06,125
20160922,41.44,41.44,41.44,41.44,4253
20160923,41.44,41.51,41.44,41.51,884
20160927,41.19,41.29,41.19,41.29,1704
20161013,41.47,41.47,41.47,41.47,248
20161018,41.64,41.64,41.6,41.6,1091
20161025,41.79,41.79,41.79,41.79,282
20161101,41.23,41.23,41.23,41.23,124
20161103,41.02,41.02,40.88,40.88,275
20161110,40.7,40.72,40.7,40.72,841
20161121,40.79,40.79,40.79,40.79,124
20161122,41.11,41.11,41.08,41.08,9272
20161130,40.94,40.96,40.94,40.96,531
20161206,41.27,41.27,41.27,41.27,123
20170104,42,42,42,42,745
20170117,42.11,42.11,42.11,42.11,239
20170119,42.15,42.15,42.15,42.15,245
20170130,42.18,42.18,42.18,42.18,246
20170206,42.34,42.34,42.34,42.34,122
20170207,42.4,42.4,42.4,42.4,122
20170216,42.49,42.49,42.49,42.49,471
20170223,42.81,42.81,42.81,42.81,918
20170228,42.85,42.85,42.85,42.85,453
20170303,42.87,42.88,42.87,42.88,993
20170310,42.24,42.24,42.24,42.24,243
20170324,42.27,42.27,42.26,42.27,3036
20170405,42.88,42.88,42.88,42.88,2175
20170412,42.83,42.83,42.83,42.83,396
20170424,43.15,43.15,43.15,43.15,292
20170425,43.19,43.19,43.18,43.18,1208
20170426,43.17,43.17,43.17,43.17,121
20170428,43.24,43.25,43.24,43.25,5096
20170501,43.29,43.29,43.29,43.29,120
20170503,43.32,43.32,43.29,43.29,884
20170505,43.16,43.16,43.16,43.16,1057
20170509,43.24,43.24,43.24,43.24,542
20170510,43.29,43.29,43.29,43.29,255
20170519,43.22,43.22,43.22,43.22,4810
20170522,43.3,43.31,43.3,43.31,241
20170531,43.48,43.48,43.48,43.48,241
20170601,43.55,43.55,43.55,43.55,604
20170619,43.73,43.73,43.73,43.73,120
20170620,43.63,43.66,43.63,43.66,1317
20170621,43.6,43.6,43.57,43.57,359
20170622,46.35,46.35,43.47,43.53,5835
20170626,43.68,43.68,43.67,43.67,2288
20170703,43.76,43.76,43.74,43.74,475
20170718,43.93,43.93,43.93,43.93,226
20170720,44.06,44.06,44.06,44.06,288
20170725,44.08,44.08,44.06,44.06,478
20170726,44.08,44.08,44.08,44.08,179
20170801,44.09,44.09,44.09,44.09,237
20170802,44.11,44.12,44.11,44.12,432
20170804,44.01,44.02,44.01,44.02,356
20170807,44.02,44.02,44.01,44.01,238
20170808,44.03,44.03,44.03,44.03,181
20170809,43.86,43.86,43.8,43.8,2964
20170810,43.64,43.64,43.62,43.62,715
20170811,43.59,43.6,43.59,43.6,727
20170814,43.74,43.74,43.74,43.74,160
20170817,43.71,43.71,43.71,43.71,237
20170818,43.66,43.67,43.65,43.65,950
20170821,43.67,43.7,43.67,43.7,243
20170822,43.76,43.76,43.76,43.76,1185
20170825,43.86,43.86,43.86,43.86,119
20170828,43.91,43.91,43.91,43.91,2070
20170829,43.9,43.9,43.9,43.9,119
20170830,43.95,43.95,43.95,43.95,119
20170901,44.13,44.13,44.13,44.13,236
20170905,44.07,44.07,44.02,44.02,236
20170911,44.05,44.05,44.05,44.05,118
20170912,44.07,44.07,44.05,44.05,524
20170913,44,44,44,44,118
20171002,44.24,44.24,44.24,44.24,120
20171012,44.24,44.24,44.24,44.24,175
20171013,44.24,44.24,44.24,44.24,117
20171101,44.28,44.28,44.26,44.26,7436
20171103,44.2,44.2,44.2,44.2,452
20171108,43.9,43.9,43.9,43.9,117
20171109,43.65,43.65,43.65,43.65,117
20171110,43.66,43.66,43.66,43.66,337
20171114,43.55,43.55,43.55,43.55,117
20171121,43.96,43.96,43.96,43.96,234
20171122,43.99,43.99,43.99,43.99,117
20171124,44.03,44.05,44.03,44.05,234
20171128,44.02,44.02,44.02,44.02,408
20171129,44.04,44.04,44.04,44.04,228
20171130,44.06,44.06,44.06,44.06,136
20171201,44.06,44.06,44.06,44.06,436
20171204,44.03,44.03,44.03,44.03,192
20171205,44.03,44.03,44.03,44.03,227
20171207,44.03,44.03,44.03,44.03,116
20171208,43.99,43.99,43.99,43.99,1127
20171211,44.02,44.02,44,44,1027
20171212,44.05,44.05,44.03,44.03,349
20171226,44.01,44.01,44.01,44.01,675
20171227,44.05,44.05,44.05,44.05,250
20171229,44.11,44.11,44.11,44.11,116
20180103,44.22,44.24,44.22,44.24,2036
20180104,44.39,44.39,44.39,44.39,579
20180109,44.41,44.41,44.33,44.33,2541
20180110,44.24,44.24,44.24,44.24,918
20180116,44.3,44.3,44.3,44.3,1707
20180118,44.25,44.25,44.22,44.22,1621
20180125,44.36,44.4,44.3,44.3,667
20180131,44.22,44.22,44.22,44.22,116
20180201,44.19,44.19,44.19,44.19,167
20180206,43.72,43.72,43.72,43.72,576
20180208,43.65,43.65,43.65,43.65,230
20180209,43.3,43.3,43.3,43.3,115
20180212,43.25,43.51,43.25,43.51,402
20180216,44.01,44.01,44.01,44.01,9871
20180220,43.88,43.88,43.88,43.88,396
20180221,43.94,43.94,43.94,43.94,230
20180222,43.83,43.83,43.83,43.83,345
20180223,43.76,43.76,43.76,43.76,6797
20180226,44.05,44.05,44.05,44.05,788
20180228,43.89,43.89,43.89,43.89,115
20180301,43.88,43.88,43.88,43.88,229
20180305,43.82,43.9,43.82,43.9,803
20180307,43.87,43.87,43.87,43.87,233
20180308,43.86,43.87,43.86,43.87,677
20180309,44.03,44.03,44.03,44.03,2381
20180315,43.87,43.87,43.87,43.87,125
20180316,43.86,43.86,43.86,43.86,115
20180320,43.79,43.79,43.73,43.79,1950
20180322,43.7,43.7,43.7,43.7,165
20180323,43.58,43.58,43.57,43.57,291
20180326,43.71,43.71,43.71,43.71,115
20180328,43.59,43.59,43.59,43.59,1147
20180402,43.42,43.42,43.42,43.42,229
20180403,43.75,43.75,43.75,43.75,195
20180404,43.78,43.78,43.78,43.78,114
20180406,43.88,43.88,43.88,43.88,114
20180409,43.96,43.96,43.96,43.96,114
20180410,44.14,44.14,44.14,44.14,114
20180411,44.16,44.16,44.16,44.16,176
20180416,44.45,44.45,44.43,44.43,942
20180417,44.49,44.49,44.49,44.49,177
20180418,44.41,44.43,44.41,44.43,1369
20180419,44.34,44.34,44.27,44.27,381
20180424,44.09,44.09,44.09,44.09,302
20180501,43.99,43.99,43.99,43.99,329
20180502,44.11,44.11,44.11,44.11,4255
20180503,44.06,44.06,44.06,44.06,133
20180507,44.12,44.12,44.12,44.12,352
20180509,44.11,44.11,44.11,44.11,269
20180511,44.21,44.21,44.19,44.19,435
20180517,44.09,44.09,44.09,44.09,114
20180522,44.14,44.14,44.1,44.1,389
20180524,44.18,44.18,44.18,44.18,284
20180525,44.13,44.13,44.13,44.13,730
20180612,44.52,44.52,44.51,44.51,257
20180613,44.63,44.63,44.63,44.63,142
20180618,44.57,44.57,44.57,44.57,113
20180619,44.52,44.55,44.52,44.55,895
20180620,44.58,44.58,44.58,44.58,404
20180626,44.44,44.47,44.44,44.47,381
20180627,44.33,44.33,44.33,44.33,113
20180628,44.21,44.21,44.21,44.21,226
20180629,44.26,44.26,44.26,44.26,220
20180705,44.17,44.18,44.17,44.18,562
20180706,44.29,44.29,44.29,44.29,225
20180713,44.55,44.55,44.54,44.54,8210
20180717,44.49,44.49,44.49,44.49,394
20180718,44.68,44.68,44.64,44.64,449
20180719,44.77,44.77,44.77,44.77,225
20180730,44.94,44.94,44.94,44.94,557
20180801,45.01,45.01,45.01,45.01,114
20180807,45.01,45.01,45.01,45.01,112
20180808,45.25,45.25,45.25,45.25,222
20180809,45.25,45.25,45.25,45.25,198
20180810,45.17,45.17,45.14,45.14,224
20180813,45.1,45.14,45.1,45.14,448
20180815,45.08,45.12,45.08,45.08,1712
20180816,45.13,45.13,45.13,45.13,223
20180817,45.12,45.12,45.12,45.12,224
20180820,45.24,45.24,45.24,45.24,112
20180821,45.23,45.23,45.23,45.23,177
20180827,45.31,45.31,45.31,45.31,134
20180829,45.26,45.26,45.26,45.26,224
20180830,45.36,45.37,45.36,45.37,1175
20180904,45.32,45.32,45.32,45.32,118
20180905,45.33,45.33,45.27,45.3,2227
20180906,45.33,45.33,45.26,45.26,222
20180907,45.25,45.25,45.21,45.24,1015
20180911,45.37,45.37,45.35,45.36,826
20180912,45.4,45.4,45.4,45.4,175
20180914,45.55,45.55,45.53,45.53,222
20180918,45.59,45.59,45.59,45.59,345
20180924,45.48,45.52,45.43,45.49,2884
20180925,45.49,45.5,45.49,45.5,1894
20180926,45.53,45.53,45.51,45.51,780
20181001,45.66,45.74,45.66,45.74,740
20181004,45.49,45.49,45.49,45.49,111
20181005,45.44,45.44,45.36,45.39,1109
20181008,45.29,45.29,45.2,45.2,247
20181010,45.21,45.21,45.07,45.07,277
20181011,44.95,44.96,44.88,44.96,596
20181018,45.09,45.09,45.09,45.09,111
20181022,45.1,45.1,45.1,45.1,111
20181023,44.99,45.07,44.95,45.07,529
20181024,44.96,44.96,44.96,44.96,222
20181025,44.96,44.96,44.96,44.96,111
20181026,44.81,44.81,44.77,44.77,222
20181029,44.83,44.83,44.75,44.75,333
20181101,45,45.09,44.99,45.08,799
20181102,45.03,45.03,45.03,45.03,110
20181107,45.4,45.43,45.33,45.43,1046
20181108,45.43,45.43,45.37,45.37,716
20181109,45.13,45.17,45.13,45.16,778
20181113,44.9,44.9,44.9,44.9,169
20181114,44.81,44.81,44.81,44.81,110
20181115,44.52,44.52,44.52,44.52,110
20181116,44.51,44.54,44.51,44.54,782
20181119,44.58,44.58,44.45,44.54,461
20181120,44.43,44.43,44.43,44.43,331
20181121,44.57,44.62,44.57,44.62,1391
20181128,44.92,44.92,44.92,44.92,223
20181129,44.91,44.91,44.84,44.85,1489
20181130,44.88,44.92,44.88,44.9,2445
20181204,44.99,44.99,44.93,44.93,1426
20181206,44.69,44.72,44.56,44.72,2112
20181207,44.72,44.72,44.71,44.71,498
20181210,44.65,44.65,44.53,44.65,1289
20181211,44.71,44.71,44.71,44.71,5814
20181213,44.86,44.86,44.86,44.86,110
20181214,44.87,44.87,44.87,44.87,146
20181217,44.75,44.77,44.75,44.77,323
20181218,44.5,44.5,44.44,44.44,365
20181220,43.76,43.84,43.72,43.76,1108
20181224,43.42,43.42,43.42,43.42,220
20181226,43.44,43.44,43.44,43.44,1543
20181227,43.68,43.68,43.68,43.68,109
20181228,43.89,43.89,43.89,43.89,1051
20181231,44.01,44.01,44.01,44.01,131
20190109,45.36,45.36,45.33,45.36,1092
20190110,45.17,45.41,45.17,45.41,1528
20190111,45.33,45.39,45.33,45.39,874
20190114,45.32,45.33,45.17,45.17,1154
20190115,45.36,45.39,45.36,45.39,350
20190116,45.46,45.46,45.46,45.46,109
20190118,45.71,45.79,45.69,45.78,5237
20190122,45.65,45.65,45.58,45.58,551
20190123,45.65,45.65,45.5,45.5,1125
20190125,45.72,45.75,45.64,45.64,4018
20190128,45.64,45.64,45.64,45.64,1091
20190129,45.67,45.67,45.63,45.63,500
20190130,45.71,45.95,45.71,45.95,2246
20190131,46.05,46.06,46.05,46.06,1457
20190201,46.06,46.08,46.06,46.06,24214
20190204,46.05,46.1,46.05,46.1,455
20190205,46.36,46.37,46.36,46.37,434
20190207,46.2,46.2,46.05,46.05,1082
20190211,46.14,46.14,46.14,46.14,228
20190212,46.37,46.37,46.37,46.37,324
20190213,46.34,46.34,46.31,46.31,448
20190215,46.39,46.39,46.39,46.39,163
20190219,46.36,46.36,46.36,46.36,109
20190220,46.42,46.48,46.42,46.48,434
20190221,46.48,46.48,46.48,46.48,1629
20190222,46.54,46.54,46.54,46.54,543
20190225,46.63,46.63,46.53,46.56,4367
20190227,46.66,46.73,46.64,46.67,4845
20190228,46.69,46.69,46.69,46.69,1683
20190304,46.85,46.85,46.69,46.73,4429
20190305,46.74,46.8,46.74,46.8,1595
20190306,46.64,46.64,46.64,46.64,272
20190308,46.48,46.48,46.48,46.48,756
20190313,46.86,46.86,46.84,46.84,862
20190314,46.88,46.89,46.85,46.89,972
20190318,46.96,46.98,46.92,46.92,2773
20190319,46.97,47,46.93,46.93,26012
20190320,46.89,47.07,46.89,47.06,1168
20190321,47.06,47.14,47.06,47.14,1095
20190322,47,47,46.83,46.83,1836
20190325,46.95,46.95,46.95,46.95,209
20190326,47.05,47.06,47.05,47.06,637
20190327,47.09,47.09,46.99,47.03,7189
20190328,47.03,47.03,47.03,47.03,234
20190329,47.15,47.21,47.15,47.21,338
20190401,47.32,47.32,47.21,47.31,3453
20190402,47.27,47.27,47.24,47.25,430
20190403,47.29,47.33,47.2,47.24,5758
20190404,47.23,47.34,47.23,47.34,1829
20190405,47.4,47.43,47.4,47.42,1555
20190408,47.42,47.44,47.41,47.44,2263
20190409,47.44,47.44,47.38,47.44,3886
20190410,47.5,47.5,47.5,47.5,269
20190411,47.57,47.57,47.55,47.55,1201
20190412,47.64,47.64,47.64,47.64,10860
20190415,47.66,47.66,47.63,47.63,358
20190416,47.67,47.71,47.67,47.68,5162
20190417,47.68,47.68,47.6,47.61,3010
20190418,47.6,47.6,47.49,47.54,1739
20190422,47.59,47.6,47.59,47.6,215
20190423,47.66,47.67,47.62,47.67,808
20190424,47.69,47.7,47.63,47.7,1506
20190425,47.59,47.6,47.59,47.6,323
20190426,47.7,47.71,47.7,47.7,1273
20190429,47.67,47.75,47.67,47.75,942
20190430,47.76,47.76,47.71,47.71,2278
20190501,47.7,47.82,47.7,47.71,1575
20190502,47.71,47.76,47.67,47.67,749
20190506,47.66,47.66,47.66,47.66,210
20190507,47.56,47.61,47.48,47.52,29512
20190508,47.56,47.56,47.56,47.56,107
20190513,47.2,47.2,47.2,47.2,112
20190514,47.29,47.41,47.29,47.41,1284
20190515,47.42,47.42,47.27,47.27,1278
20190521,47.4,47.55,47.4,47.55,1582
20190522,47.55,47.55,47.55,47.55,214
20190528,47.4,47.4,47.4,47.4,636
20190529,47.27,47.27,47.27,47.27,107
20190530,47.3,47.31,47.3,47.31,1493
20190604,47.49,47.56,47.49,47.56,2766
20190605,47.6,47.63,47.54,47.63,10438
20190606,47.61,47.74,47.58,47.72,11728
20190607,47.77,47.87,47.77,47.84,5669
20190610,47.91,47.94,47.91,47.92,6766
20190611,48.08,48.13,47.94,47.94,9559
20190612,47.98,47.98,47.95,47.95,2682
20190613,47.97,48.02,47.97,47.98,636
20190614,47.97,47.98,47.97,47.98,3406
20190617,47.98,47.98,47.9,47.9,3137
20190618,48.14,48.21,48.14,48.21,9538
20190619,48.18,48.44,48.18,48.44,2661
20190620,48.57,48.58,48.53,48.53,2875
20190621,48.58,48.58,48.53,48.53,2261
20190624,48.44,48.45,48.42,48.44,15156
20190625,48.36,48.36,48.25,48.26,4149
20190626,48.27,48.28,48.26,48.26,3189
20190627,48.31,48.32,48.31,48.32,212
20190628,48.44,48.44,48.38,48.38,745
20190701,48.59,48.59,48.46,48.47,2120
20190702,48.48,48.58,48.48,48.58,652
20190703,48.58,48.75,48.58,48.75,1060
20190705,48.5,48.53,48.47,48.53,5334
20190708,48.51,48.51,48.44,48.46,12614
20190709,48.46,48.46,48.43,48.43,4521
20190711,48.59,48.59,48.42,48.42,8371
20190712,48.48,48.54,48.45,48.54,21299
20190715,48.59,48.62,48.58,48.58,4346
20190716,48.58,48.59,48.54,48.54,9845
20190717,48.52,48.54,48.52,48.53,1703
20190718,48.5,48.5,48.49,48.49,212
20190719,48.58,48.58,48.55,48.55,1825
20190722,48.58,48.63,48.58,48.61,3515
20190723,48.67,48.71,48.65,48.71,6315
20190724,48.75,48.77,48.73,48.77,1537
20190725,48.98,48.98,48.67,48.71,2298
20190726,48.78,48.81,48.76,48.81,11038
20190729,48.8,48.8,48.75,48.78,29040
20190730,48.8,48.85,48.8,48.84,4184
20190731,48.84,48.88,48.68,48.72,9074
20190801,48.81,48.94,48.77,48.77,37002
20190802,48.63,48.66,48.59,48.66,13001
20190805,48.43,48.43,48.22,48.26,10121
20190806,48.52,48.6,48.41,48.59,2033
20190807,48.37,48.64,48.25,48.64,25260
20190808,48.62,48.77,48.59,48.67,23618
20190809,48.7,48.7,48.59,48.7,1560
20190812,48.6,48.65,48.52,48.52,1925
20190813,48.57,48.76,48.57,48.76,316
20190814,48.64,48.64,48.35,48.35,36193
20190815,48.52,48.52,48.52,48.52,105
20190816,48.6,48.69,48.6,48.64,4271
20190819,48.8,48.8,48.75,48.77,33476
20190820,48.81,48.82,48.81,48.82,5854
20190822,48.99,49.04,48.95,49.02,2544
20190823,49.06,49.09,48.82,48.82,1590
20190826,48.97,49.07,48.97,49.07,973
20190827,49.18,49.18,49.11,49.11,1756
20190828,49.17,49.2,49.15,49.15,7067
20190829,49.26,49.26,49.22,49.22,1727
20190830,49.23,49.25,49.14,49.14,4492
20190903,49.05,49.1,49.02,49.1,5717
20190904,49.21,49.24,49.21,49.21,4921
20190905,49.29,49.38,49.29,49.35,14618
20190906,49.37,49.38,49.34,49.34,488
20190909,49.41,49.41,49.38,49.39,1673
20190910,49.41,49.41,49.37,49.37,648
20190911,49.43,49.45,49.4,49.44,6213
20190912,49.42,49.47,49.4,49.47,3091
20190913,49.42,49.42,49.34,49.38,19458
20190916,49.34,49.4,49.34,49.38,4724
20190917,49.36,49.41,49.36,49.41,17850
20190918,49.44,49.44,49.44,49.44,203
20190920,49.49,49.49,49.43,49.43,840
20190924,49.48,49.48,49.43,49.43,3844
20190925,49.35,49.42,49.32,49.42,11183
20190926,49.36,49.36,49.36,49.36,107
20190927,49.43,49.43,49.43,49.43,551
20190930,49.44,49.46,49.44,49.46,1474
20191001,49.38,49.38,49.34,49.36,2090
20191002,49.26,49.26,49.1,49.13,34688
20191003,49.13,49.14,48.94,49.14,48014
20191004,49.19,49.19,49.15,49.15,21987
20191007,49.2,49.26,49.12,49.17,7743
20191008,49.1,49.14,49.1,49.14,1195
20191009,49.26,49.28,49.22,49.22,1052
20191010,49.22,49.27,49.22,49.27,5056
20191015,49.56,49.58,49.52,49.53,15993
20191016,49.53,49.53,49.52,49.52,915
20191017,49.55,49.62,49.55,49.6,962
20191018,49.62,49.62,49.57,49.57,1193
20191021,49.63,49.67,49.63,49.66,1776
20191022,49.68,49.72,49.68,49.72,4396
20191023,49.72,49.75,49.72,49.74,6158
20191024,49.78,49.78,49.74,49.74,738
20191025,49.81,49.83,49.79,49.83,2749
20191028,49.87,49.88,49.83,49.83,1326
20191029,49.86,49.88,49.83,49.83,12481
20191030,49.74,49.74,49.64,49.72,102418
20191031,49.66,49.66,49.58,49.59,32376
20191101,49.67,49.77,49.67,49.76,6800
20191104,49.82,49.84,49.8,49.81,3596
20191105,49.8,49.84,49.73,49.75,10211
20191106,49.77,49.79,49.76,49.78,21100
20191107,49.84,49.84,49.72,49.72,4245
20191108,49.71,49.73,49.68,49.73,3384
20191111,49.72,49.73,49.69,49.72,1518
20191112,49.74,49.79,49.74,49.74,2033
20191113,49.72,49.72,49.7,49.71,5179
20191114,49.7,49.75,49.68,49.7,10252
20191115,49.75,49.81,49.75,49.79,3724
20191118,49.79,49.79,49.7,49.7,4161
20191119,49.66,49.66,49.62,49.65,2433
20191120,49.63,49.63,49.53,49.53,5995
20191121,49.55,49.56,49.47,49.55,4877
20191122,49.63,49.7,49.63,49.7,2405
20191125,49.73,49.86,49.73,49.86,2941
20191126,49.81,49.88,49.81,49.87,7190
20191127,49.87,49.96,49.87,49.94,4828
20191129,49.88,49.91,49.83,49.87,3449
20191202,49.9,49.9,49.75,49.83,2505
20191203,49.71,49.82,49.68,49.79,14317
20191204,49.82,49.91,49.82,49.91,4203
20191205,49.91,49.97,49.91,49.97,452
20191206,50.02,50.07,50.02,50.05,2978
20191209,50.01,50.05,50.01,50.02,5625
20191210,50.07,50.12,50.07,50.12,2408
20191211,50.08,50.2,50.07,50.2,2577
20191212,50.19,50.32,50.18,50.26,12557
20191213,50.22,50.26,50.19,50.23,10047
20191216,50.37,50.38,50.33,50.33,2877
20191217,50.38,50.45,50.38,50.44,4722
20191218,50.49,50.53,50.48,50.51,3804
20191219,50.53,50.53,50.43,50.49,10418
20191220,50.54,50.54,49.53,50.43,33066
20191223,50.47,50.49,50.44,50.48,9393
20191224,50.46,50.52,50.46,50.51,1376
20191226,50.57,50.59,50.56,50.57,20087
20191227,50.56,50.58,50.56,50.57,1659
20191230,50.55,50.55,50.46,50.5,15913
20191231,50.52,50.56,50.5,50.56,2435
20200102,50.67,50.68,50.6,50.68,2193
20200103,50.62,50.68,50.6,50.67,10353
20200106,50.62,50.62,50.57,50.61,11895
20200107,50.6,50.62,50.57,50.57,15292
20200108,50.6,50.64,50.57,50.6,7124
20200109,50.69,50.78,50.69,50.78,3608
20200110,50.8,50.8,50.7,50.76,50767
20200113,50.82,50.82,50.78,50.8,4439
20200114,50.78,50.83,50.78,50.81,7843
20200115,50.78,50.87,50.78,50.83,15585
20200116,50.84,50.84,50.79,50.82,5795
20200117,50.88,50.88,50.8,50.81,14479
20200121,50.82,50.84,50.74,50.74,25552
20200122,50.78,50.87,50.78,50.82,4333
20200123,50.78,50.8,50.68,50.8,17182
20200124,50.76,50.76,50.49,50.52,18688
20200127,50.3,50.33,50.16,50.28,21535
20200128,50.54,50.68,50.54,50.61,887
20200129,50.59,50.68,50.59,50.68,2735
20200130,50.49,50.59,50.47,50.59,3921
20200131,50.62,50.62,50.37,50.42,3646
20200203,50.58,50.61,50.45,50.46,35612
20200204,50.7,50.76,50.63,50.76,2967
20200205,50.93,50.93,50.88,50.93,5907
20200206,50.96,50.99,50.84,50.95,2608
20200207,50.94,50.98,50.92,50.96,15531
20200210,51.01,51.05,50.94,51.05,9162
20200211,51.14,51.15,51.12,51.12,2668
20200212,51.17,51.19,51.17,51.19,6867
20200213,51.22,51.29,51.18,51.24,3311
20200214,51.22,51.29,51.21,51.24,18444
20200218,51.23,51.24,51.13,51.23,7520
20200219,51.28,51.28,51.22,51.22,5310
20200220,51.33,51.34,51.18,51.34,5249
20200221,51.33,51.33,51.29,51.31,2925
20200224,50.91,50.92,50.75,50.85,32213
20200225,51.06,51.06,50.45,50.48,54877
20200226,50.96,50.96,50.5,50.76,62982
20200227,50.46,50.6,50.12,50.34,11748
20200228,49.54,50.35,49.54,50.35,11635
20200302,50.48,50.76,50.17,50.76,10887
20200303,50.77,51.04,50.39,50.46,49947
20200304,50.98,51.17,50.84,51.06,48358
20200305,50.83,50.83,50.42,50.46,51915
20200306,49.84,50.25,49.45,50.05,70276
20200309,49.25,49.25,48.12,48.5,34215
20200310,49.39,49.55,48.88,49.51,57534
20200311,48.75,48.82,48.26,48.54,23647
20200312,45.04,47.98,45.04,46.65,91486
20200313,47.7,48.21,46.81,48.21,60928
20200316,45.12,46.04,44.86,44.86,96013
20200317,45.25,46.08,45.01,45.7,62261
20200318,44.46,44.87,43.37,44.37,21171
20200319,43.41,43.7,42.59,42.68,52344
20200320,43.2,43.28,41.99,42.35,68738
20200323,42.56,42.75,40.97,41.07,125333
20200324,42.51,43.43,40.97,42.89,113058
20200325,43.69,45.05,43.31,44,61001
20200326,44.43,46.53,44.43,46.13,62072
20200327,45.2,46.76,45.2,45.71,93192
20200330,45.81,46.69,45.81,46.33,27514
20200331,46.62,46.62,46.18,46.25,23593
20200401,43.1,45.52,43.1,44.78,137289
20200402,44.5,45.45,44.5,45.08,3900
20200403,45.09,45.09,43.93,44.38,3286
20200406,45.46,45.51,45.13,45.5,1814
20200407,46.15,46.29,45.59,45.59,31650
20200408,45.84,46.76,45.39,46.65,9760
20200409,48.23,50.23,48.23,49.17,18531
20200413,49.12,49.12,48.19,48.63,19586
20200414,48.73,49.18,48.6,49.18,14675
20200415,48.54,48.54,47.99,48.54,22056
20200416,48.49,48.9,47.85,48.9,7109
20200417,48.89,49.11,48.25,49.11,11861
20200420,48.2,48.41,48.01,48.01,5982
20200421,47.39,47.45,47.02,47.02,5290
20200422,46.86,47.88,46.86,47.88,8401
20200423,47.51,47.93,47.36,47.36,30255
20200424,47.08,47.19,46.82,46.98,44050
20200427,46.92,47.31,46.92,47.25,19686
20200428,47.17,47.27,47.06,47.25,20262
20200429,47.64,48.43,47.49,48.43,12188
20200430,47.71,47.99,47.59,47.9,12595
20200501,47.54,47.59,47.23,47.28,5439
20200504,47.11,47.2,47,47.14,6340
20200505,47.23,47.49,47.23,47.34,4196
20200506,47.65,47.65,47.04,47.19,10529
20200507,47.34,47.59,47.26,47.27,29888
20200508,47.47,47.7,47.23,47.48,20389
20200511,47.63,47.91,47.42,47.46,20803
20200512,47.7,47.83,47.46,47.46,17631
20200513,47.52,47.52,47.02,47.09,12019
20200514,46.94,47.13,46.69,47.02,20523
20200515,46.8,47.21,46.8,47.19,2105
20200518,48,48,47.7,47.86,37805
20200519,47.87,48.14,47.81,47.85,20416
20200520,48.21,48.46,48.18,48.44,34370
20200521,48.41,48.42,48.18,48.28,11323
20200522,48.2,48.47,48.2,48.47,2532
20200526,48.8,48.97,48.77,48.88,25017
20200527,48.98,49.13,48.69,48.79,7394
20200528,48.83,49.18,48.79,48.79,9002
20200529,48.85,49.07,48.83,49.06,3678
20200601,48.98,49.5,48.98,49.46,16457
20200602,49.53,49.89,49.53,49.89,10384
20200603,50.08,50.33,50.04,50.15,14450
20200604,50.02,50.07,49.86,49.92,5962
20200605,50.38,50.74,50.38,50.48,5245
20200608,50.47,50.48,50.38,50.41,16046
20200609,50.07,50.08,49.96,50.05,13537
20200610,50.06,50.14,49.76,49.89,11781
20200611,49.35,49.35,48.74,48.78,14989
20200612,49.32,49.48,48.99,49.15,5525
20200615,49.02,49.9,48.97,49.73,19578
20200616,50.3,50.3,49.73,49.87,6669
20200617,49.79,49.88,49.59,49.59,9749
20200618,49.59,49.7,49.54,49.62,6105
20200619,49.68,49.72,49.5,49.54,25595
20200622,49.56,49.62,49.45,49.5,5464
20200623,49.68,49.68,49.5,49.55,14381
20200624,49.4,49.43,48.74,48.96,10926
20200625,48.97,49.13,48.83,49.13,5618
20200626,48.77,48.77,48.62,48.64,11194
20200629,48.55,48.59,48.22,48.33,23629
20200630,48.61,48.95,48.6,48.9,10067
20200701,49,49.16,49,49.08,10367
20200702,49.52,49.52,49.24,49.28,12379
20200706,49.52,49.66,49.45,49.62,4032
20200707,49.55,49.71,49.39,49.44,9052
20200708,49.45,49.58,49.41,49.55,9294
20200709,49.35,49.45,49.24,49.35,6024
20200710,49.36,49.57,49.36,49.46,3113
20200713,49.69,49.74,49.31,49.31,2186
20200714,49.4,49.67,49.36,49.67,13843
20200715,49.86,50.02,49.83,49.97,6563
20200716,49.94,50.04,49.93,49.98,1712
20200717,50.17,50.17,49.97,50.12,5194
20200720,50.28,50.44,50.26,50.44,5299
20200721,50.54,50.79,50.54,50.62,7353
20200722,50.79,50.84,50.63,50.68,6784
20200723,50.82,50.82,50.56,50.73,4317
20200724,50.69,50.84,50.68,50.82,2251
20200727,50.89,50.89,50.8,50.83,3258
20200728,50.92,50.92,50.78,50.8,12893
20200729,50.96,51.06,50.89,51,1321
20200730,50.99,51.17,50.99,51.17,4158
20200731,51.22,51.29,50.95,51.29,52447
20200803,51.29,51.29,51.08,51.27,5216
20200804,51.23,51.29,51.15,51.28,6359
20200805,51.18,51.38,51.18,51.37,4494
20200806,51.33,51.48,51.26,51.47,6486
20200807,51.36,51.41,51.29,51.32,3438
20200810,51.39,51.39,51.24,51.28,2439
20200811,51.31,51.32,50.83,50.86,24014
20200812,51.16,51.16,50.93,50.93,3061
20200813,50.91,51.05,50.71,50.77,13727
20200814,50.63,50.77,50.58,50.68,8114
20200817,50.78,50.94,50.72,50.94,3109
20200818,51.32,51.32,50.84,51.01,8651
20200819,51.03,51.04,50.87,50.87,9650
20200820,50.82,50.98,50.7,50.94,8646
20200821,50.93,50.99,50.9,50.95,8829
20200824,51.15,51.2,51.04,51.17,36594
20200825,51.17,51.31,51.12,51.26,2477
20200826,51.33,51.43,51.31,51.37,7459
20200827,51.4,51.4,51.18,51.21,9078
20200828,51.2,51.36,51.2,51.31,4876
20200831,51.23,51.29,51.15,51.23,4628
20200901,51.29,51.5678,51.2001,51.5032,4479
20200902,51.61,51.6599,51.39,51.6599,5028
20200903,51.4,51.4,51.1,51.25,4166
20200904,51.28,51.31,50.81,51.12,5950
20200908,50.96,51.0652,50.8,50.89,7061
20200909,51,51.29,51,51.21,7595
20200910,51.26,51.41,51.1,51.1,20337
20200911,51.15,51.26,50.95,51.26,8538
20200914,51.33,51.33,51.22,51.23,4323
