Date,Open,High,Low,Close,Volume
20150312,21.44,21.44,21.41,21.41,2321
20150313,21.38,21.38,21.36,21.36,928
20150317,21.46,21.46,21.43,21.43,2554
20150320,21.59,21.59,21.59,21.59,1161
20150323,21.59,21.63,21.57,21.57,3442
20150324,21.64,21.64,21.64,21.64,464
20150330,21.62,21.62,21.62,21.62,1393
20150407,21.77,21.77,21.77,21.77,483
20150408,21.78,21.78,21.76,21.76,3250
20150409,21.69,21.69,21.69,21.69,2322
20150413,21.71,21.72,21.71,21.72,5108
20150414,21.81,21.81,21.8,21.8,4857
20150415,21.82,21.82,21.82,21.82,2786
20150417,21.85,21.85,21.85,21.85,11144
20150420,21.82,21.82,21.82,21.82,464
20150421,21.83,21.83,21.83,21.83,2090
20150422,21.76,21.76,21.76,21.76,464
20150424,21.83,21.83,21.83,21.83,933
20150427,21.81,21.81,21.81,21.81,929
20150428,21.8,21.8,21.79,21.79,9738
20150429,21.71,21.71,21.69,21.71,5107
20150430,21.64,21.64,21.64,21.64,2322
20150501,21.71,21.71,21.71,21.71,1388
20150505,21.58,21.59,21.58,21.59,4628
20150506,21.56,21.56,21.56,21.56,463
20150508,21.68,21.68,21.65,21.66,2315
20150512,21.55,21.55,21.54,21.55,9705
20150513,21.57,21.57,21.57,21.57,1388
20150515,21.64,21.7,21.64,21.7,5101
20150518,21.73,21.73,21.61,21.61,3703
20150519,21.56,21.56,21.56,21.56,796
20150520,21.59,21.59,21.59,21.59,1018
20150521,21.6,21.6,21.55,21.58,6363
20150522,21.57,21.57,21.57,21.57,926
20150527,21.65,21.67,21.65,21.67,570
20150528,21.68,21.68,21.68,21.68,3567
20150529,21.76,21.78,21.76,21.78,812
20150601,21.67,21.69,21.67,21.69,693
20150602,21.6,21.6,21.6,21.6,693
20150603,21.54,21.54,21.52,21.52,1501
20150605,21.44,21.47,21.44,21.46,806
20150608,21.5,21.51,21.35,21.36,2104
20150609,21.36,21.36,21.36,21.36,11496
20150611,21.33,21.36,21.22,21.35,7046
20150615,21.47,21.47,21.44,21.44,1069
20150617,21.45,21.45,21.45,21.45,115
20150618,21.39,21.39,21.36,21.36,15060
20150619,21.41,21.5,21.41,21.5,346
20150623,21.41,21.41,21.36,21.36,4603
20150624,21.37,21.37,21.33,21.36,25128
20150625,21.36,21.4,21.35,21.39,1822
20150626,21.33,21.34,21.33,21.34,394
20150629,21.44,21.44,21.42,21.42,1094
20150630,21.42,21.42,21.37,21.38,4488
20150701,21.42,21.43,21.36,21.36,14987
20150702,21.36,21.42,21.36,21.4,37544
20150706,21.4,21.43,21.39,21.4,14336
20150707,21.53,21.53,21.48,21.48,3591
20150708,21.55,21.55,21.55,21.55,211
20150709,21.46,21.58,21.46,21.49,18945
20150710,21.4,21.44,21.39,21.39,1211
20150713,21.27,21.27,21.27,21.27,797
20150715,21.74,21.74,21.41,21.44,2131
20150716,21.35,21.38,21.31,21.38,15117
20150717,21.33,21.35,21.33,21.35,2521
20150721,21.25,21.25,21.25,21.25,1039
20150722,21.35,21.35,21.35,21.35,1037
20150723,21.28,21.35,21.28,21.35,7878
20150724,21.31,21.36,21.31,21.36,3387
20150727,21.28,21.28,21.28,21.28,230
20150728,21.35,21.35,21.34,21.34,2223
20150729,21.31,21.32,21.31,21.32,16651
20150730,21.36,21.39,21.35,21.36,15362
20150731,21.41,21.42,21.4,21.42,3992
20150803,21.38,21.6,21.38,21.45,13808
20150804,21.44,21.44,21.33,21.33,2868
20150805,21.29,21.32,21.27,21.32,12893
20150806,21.31,21.31,21.31,21.31,139
20150807,21.24,21.33,21.23,21.31,4062
20150810,21.3,21.31,21.28,21.28,3349
20150811,21.25,21.37,21.25,21.36,586
20150812,21.34,21.4,21.34,21.36,920
20150813,21.35,21.35,21.27,21.27,5862
20150814,21.24,21.24,21.23,21.23,3390
20150817,21.31,21.31,21.3,21.31,1630
20150818,21.3,21.3,21.26,21.3,3839
20150819,21.24,21.35,21.24,21.35,1180
20150820,21.34,21.34,21.34,21.34,2374
20150821,21.34,21.42,21.34,21.42,10755
20150824,21.65,21.65,21.29,21.45,157973
20150825,21.41,21.44,21.36,21.36,13958
20150826,21.3,21.3,21.29,21.29,690
20150827,21.28,21.31,21.28,21.31,1149
20150831,21.3,21.3,21.28,21.28,1891
20150901,21.41,21.42,21.33,21.41,3811
20150902,21.34,21.35,21.31,21.35,6469
20150903,21.35,21.38,21.34,21.34,4695
20150904,21.36,21.44,21.34,21.38,11566
20150908,21.35,21.39,21.35,21.37,651
20150909,21.19,21.45,21.19,21.43,30635
20150910,21.4,21.41,21.36,21.39,12258
20150911,21.4,21.44,21.39,21.42,2665
20150914,21.4,21.6,21.38,21.42,4048
20150915,21.4,21.41,21.3,21.37,12657
20150916,21.28,21.53,21.28,21.32,5154
20150917,21.32,21.37,21.31,21.37,4780
20150918,21.45,21.48,21.42,21.48,11523
20150921,21.46,21.68,21.43,21.47,37667
20150922,21.51,21.54,21.5,21.5,1696
20150923,21.52,21.54,21.51,21.52,8386
20150924,21.55,21.55,21.5,21.5,2858
20150925,21.47,21.55,21.46,21.55,12316
20150928,21.49,21.59,21.47,21.55,11261
20150929,21.55,21.66,21.55,21.55,10831
20150930,21.49,21.54,21.49,21.54,5948
20151001,21.54,21.59,21.49,21.57,18359
20151002,21.66,21.67,21.57,21.6,17375
20151005,21.56,21.6,21.53,21.56,26822
20151006,21.55,21.59,21.55,21.57,2381
20151007,21.54,21.6,21.54,21.58,6117
20151008,21.56,21.63,21.53,21.58,36907
20151009,21.52,21.59,21.49,21.56,11396
20151012,21.56,21.62,21.52,21.56,7926
20151013,21.65,21.65,21.58,21.62,17777
20151014,21.63,21.69,21.63,21.69,4119
20151015,21.67,21.67,21.62,21.66,4716
20151016,21.63,21.66,21.62,21.63,5241
20151019,21.62,21.67,21.6,21.66,19709
20151020,21.64,21.64,21.59,21.64,1866
20151021,21.61,21.7,21.61,21.68,3453
20151022,21.66,21.77,21.65,21.71,16725
20151023,21.64,21.72,21.6,21.72,6228
20151026,21.66,21.73,21.62,21.73,10362
20151027,21.73,21.77,21.73,21.75,12551
20151028,21.67,21.71,21.63,21.66,9279
20151029,21.56,21.6,21.47,21.57,17371
20151030,21.53,21.54,21.53,21.54,2605
20151102,21.55,21.59,21.55,21.55,3047
20151103,21.53,21.53,21.52,21.52,3654
20151104,21.47,21.48,21.41,21.48,4062
20151105,21.44,21.46,21.43,21.46,5134
20151106,21.37,21.38,21.37,21.38,2805
20151109,21.35,21.37,21.35,21.37,5939
20151110,21.38,21.47,21.38,21.47,10548
20151111,21.45,21.46,21.4,21.45,8827
20151112,21.44,21.47,21.41,21.47,14003
20151113,21.4,21.51,21.4,21.5,6880
20151116,21.46,21.53,21.46,21.52,3898
20151117,21.43,21.66,21.42,21.56,58231
20151118,21.49,21.61,21.48,21.49,10456
20151119,21.52,21.53,21.5,21.52,10849
20151120,21.54,21.54,21.5,21.5,3196
20151123,21.51,21.53,21.47,21.5,10596
20151124,21.58,21.68,21.52,21.6,7243
20151125,21.55,21.55,21.53,21.54,2302
20151127,21.53,21.53,21.53,21.53,1142
20151130,21.56,21.59,21.52,21.58,5995
20151201,21.56,21.58,21.55,21.58,1222
20151202,21.55,21.66,21.54,21.66,29284
20151203,21.51,21.51,21.45,21.49,7333
20151207,21.57,21.69,21.57,21.68,19633
20151208,21.52,21.61,21.52,21.58,159858
20151209,21.49,21.63,21.47,21.63,2836
20151210,21.64,21.66,21.54,21.61,13495
20151211,21.65,21.66,21.5,21.61,14251
20151214,21.61,21.61,21.44,21.44,425902
20151215,21.37,21.46,21.33,21.39,10561
20151216,21.36,21.41,21.3,21.34,15495
20151217,21.37,21.41,21.36,21.38,7049
20151218,21.43,21.45,21.41,21.42,12328
20151221,21.46,21.46,21.39,21.42,6540
20151222,21.41,21.43,21.38,21.42,26987
20151223,21.41,21.45,21.38,21.44,14537
20151224,21.4,21.45,21.38,21.42,5908
20151228,21.39,21.4,21.32,21.4,1479
20151229,21.31,21.42,21.29,21.29,21315
20151230,21.33,21.37,21.3,21.37,11552
20151231,21.38,21.41,21.37,21.37,14215
20160104,21.39,21.45,21.35,21.36,23334
20160105,21.41,21.47,21.4,21.44,11671
20160106,21.48,21.48,21.42,21.47,237683
20160107,21.49,21.49,21.42,21.48,8083
20160108,21.45,21.57,21.43,21.57,40497
20160111,21.53,21.53,21.5,21.52,13046
20160112,21.5,21.58,21.49,21.55,8426
20160113,21.51,21.58,21.51,21.57,29956
20160114,21.57,21.6,21.51,21.55,281582
20160115,21.53,21.56,21.48,21.48,28232
20160119,21.12,21.58,21.12,21.48,17710
20160120,21.5,21.57,21.48,21.49,27128
20160121,21.51,21.51,21.38,21.46,15027
20160122,21.38,21.46,21.37,21.44,30173
20160125,21.39,21.46,21.39,21.46,16392
20160126,21.38,21.52,21.35,21.48,45400
20160127,21.36,21.44,21.33,21.44,50689
20160128,21.44,21.5,21.44,21.48,15936
20160129,21.45,21.53,21.44,21.51,34208
20160201,21.47,21.56,21.45,21.49,125053
20160202,21.42,21.58,21.4,21.57,36188
20160203,21.5,21.6,21.5,21.56,32438
20160204,21.56,21.56,21.47,21.54,58780
20160205,21.57,21.57,21.43,21.51,50964
20160208,21.52,21.58,21.49,21.58,16960
20160209,21.6,21.6,21.51,21.54,16849
20160210,21.51,21.57,21.5,21.55,23709
20160211,21.56,21.64,21.49,21.57,25836
20160212,21.5,21.5,21.4,21.44,293557
20160216,21.42,21.51,21.38,21.5,54033
20160217,21.4,21.46,21.39,21.45,16915
20160218,21.32,21.54,21.24,21.45,43320
20160219,21.41,21.54,21.4,21.48,39294
20160222,21.47,21.53,21.41,21.47,47834
20160223,21.39,21.54,21.38,21.47,69056
20160224,21.44,22.04,21.44,21.5,55465
20160225,21.58,21.62,21.53,21.61,85791
20160226,21.55,21.6,21.49,21.56,46167
20160229,21.53,21.62,21.53,21.53,123961
20160301,21.54,21.54,21.48,21.53,31551
20160302,21.48,21.52,21.41,21.41,55999
20160303,21.46,21.54,21.46,21.54,44892
20160304,21.52,21.52,21.47,21.51,26398
20160307,21.49,21.49,21.42,21.48,26868
20160308,21.55,21.58,21.54,21.54,28373
20160309,21.57,21.61,21.54,21.59,37183
20160310,21.55,21.61,21.49,21.61,32826
20160311,21.54,21.62,21.54,21.59,66521
20160314,21.46,21.61,21.46,21.51,64566
20160315,21.58,21.62,21.53,21.59,16708
20160316,21.58,21.82,21.54,21.82,43476
20160317,21.74,21.83,21.65,21.81,44221
20160318,21.76,21.85,21.76,21.84,27245
20160321,21.82,21.87,21.79,21.86,31480
20160322,21.83,21.87,21.72,21.72,36177
20160323,21.76,21.85,21.76,21.84,54933
20160324,21.83,21.91,21.72,21.85,107719
20160328,21.87,21.91,21.83,21.85,52453
20160329,21.85,21.99,21.82,21.98,481400
20160330,21.98,22.07,21.93,21.97,65644
20160331,21.9,22.02,21.9,22.01,47652
20160401,22.04,22.05,21.91,22.02,43728
20160404,22.04,22.1,22,22.08,143546
20160405,22.26,22.26,22.03,22.08,88937
20160406,22.15,22.15,21.95,22.07,174812
20160407,22.11,22.18,22.07,22.11,157518
20160408,22.21,22.21,22.07,22.13,26782
20160411,22.16,22.26,22.08,22.2,38443
20160412,22.21,22.21,22.05,22.06,346125
20160413,22.12,22.18,22.06,22.11,80041
20160414,22.09,22.11,22.04,22.11,19883
20160415,22.1,22.18,22.04,22.13,38272
20160418,22.12,22.14,22.09,22.13,22993
20160419,22.16,22.16,22.1,22.13,14675
20160420,22.18,22.18,22.11,22.14,43707
20160421,22.07,22.13,22.04,22.1,24713
20160422,22.13,22.13,22.09,22.11,273783
20160425,22.09,22.11,22.05,22.11,21741
20160426,22.05,22.11,22.04,22.1,33399
20160427,22.11,22.15,22.06,22.12,28732
20160428,22.13,22.15,22.11,22.15,122261
20160429,22.14,22.18,22.11,22.18,234582
20160502,22.14,22.19,22.14,22.17,30382
20160503,22.19,22.23,22.17,22.22,50663
20160504,22.23,22.24,22.14,22.19,30083
20160505,22.22,22.24,22.2,22.22,26796
20160506,22.28,22.28,22.16,22.21,20827
20160509,22.13,22.23,22.13,22.21,26798
20160510,22.22,22.28,22.22,22.25,34730
20160511,22.27,22.27,22.13,22.23,25798
20160512,22.19,22.22,22.14,22.18,28112
20160513,22.19,22.23,22.17,22.21,20105
20160516,22.18,22.23,22.06,22.17,36196
20160517,22.08,22.2,22.07,22.15,17680
20160518,22.13,22.13,22.02,22.05,65735
20160519,22.04,22.06,21.92,22.05,51562
20160520,22.03,22.1,21.94,22.05,34551
20160523,22.06,22.09,22.03,22.05,30565
20160524,22.05,22.11,21.96,22.06,45680
20160525,22.05,22.08,22,22.05,34221
20160526,22.06,22.14,21.96,22.1,58804
20160527,22.08,22.15,22.06,22.07,268447
20160531,22.15,22.15,22.03,22.08,23171
20160601,22.05,22.14,22.05,22.09,40794
20160602,22.22,22.22,22.05,22.12,38135
20160603,22.17,22.25,22.13,22.24,19655
20160606,22.22,22.24,22.2,22.23,20456
20160607,22.18,22.29,22.18,22.24,16851
20160608,22.31,22.31,22.2,22.24,36579
20160609,22.21,22.32,22.21,22.29,69806
20160610,22.29,22.34,22.21,22.31,43131
20160613,22.31,22.34,22.27,22.32,206741
20160614,22.36,22.36,22.27,22.32,103189
20160615,22.32,22.37,22.28,22.31,13728
20160616,22.39,22.41,22.33,22.39,12606
20160617,22.35,22.4,22.32,22.32,37258
20160620,22.35,22.35,22.25,22.26,45480
20160621,22.32,22.34,22.25,22.27,86978
20160622,22.25,22.33,22.16,22.33,27933
20160623,22.32,22.36,22.31,22.32,17252
20160624,22.47,22.67,22.32,22.4,133954
20160627,22.48,22.48,22.35,22.46,44580
20160628,22.58,22.58,22.37,22.48,58928
20160629,22.51,22.53,22.43,22.47,39692
20160630,22.46,22.55,22.39,22.54,32651
20160701,22.65,22.65,22.5,22.53,19086
20160705,22.58,22.59,22.53,22.58,14976
20160706,22.75,22.75,22.56,22.57,31121
20160707,22.79,22.79,22.52,22.55,46414
20160708,22.53,22.64,22.53,22.6,36233
20160711,22.58,22.6,22.47,22.56,21803
20160712,22.51,22.59,22.45,22.45,35445
20160713,22.46,22.59,22.45,22.55,23738
20160714,22.57,22.57,22.51,22.55,45043
20160715,22.52,22.53,22.43,22.46,98745
20160718,22.55,22.56,22.48,22.51,83486
20160719,22.45,22.57,22.45,22.54,34589
20160720,22.52,22.55,22.51,22.52,37745
20160721,22.51,22.59,22.47,22.57,39996
20160722,22.6,22.6,22.53,22.58,149566
20160725,22.61,22.61,22.52,22.54,59698
20160726,22.59,22.59,22.5,22.53,50048
20160727,22.56,22.61,22.52,22.59,94259
20160728,22.56,22.62,22.56,22.6,31158
20160729,22.59,22.69,22.59,22.68,148303
20160801,22.66,22.8,22.52,22.55,42172
20160802,22.52,22.57,22.51,22.51,34343
20160803,22.54,22.59,22.5,22.54,51478
20160804,22.59,22.61,22.54,22.59,58442
20160805,22.55,22.55,22.48,22.49,51364
20160808,22.52,22.52,22.48,22.5,21043
20160809,22.54,22.56,22.52,22.55,31282
20160810,22.59,22.6,22.53,22.59,40747
20160811,22.59,22.61,22.51,22.52,67971
20160812,22.6,22.63,22.55,22.56,69726
20160815,22.59,22.59,22.5,22.56,270505
20160816,22.54,22.58,22.52,22.55,36378
20160817,22.54,22.59,22.53,22.57,52558
20160818,22.59,22.64,22.57,22.59,27750
20160819,22.51,22.59,22.51,22.57,51956
20160822,22.61,22.62,22.52,22.59,47637
20160823,22.65,22.65,22.55,22.57,44420
20160824,22.59,22.62,22.56,22.6,44164
20160825,22.59,22.64,22.57,22.59,36850
20160826,22.59,22.65,22.54,22.54,47321
20160829,22.6,22.61,22.55,22.59,30809
20160830,22.58,22.62,22.5,22.52,87573
20160831,22.52,22.56,22.48,22.54,29686
20160901,22.54,22.6,22.48,22.49,64555
20160902,22.53,22.57,22.51,22.54,29616
20160906,22.55,22.58,22.54,22.54,45187
20160907,22.61,22.67,22.56,22.59,21018
20160908,22.62,22.62,22.53,22.54,22961
20160909,22.48,22.52,22.44,22.52,41456
20160912,22.51,22.52,22.44,22.51,34190
20160913,22.54,22.54,22.4,22.44,43063
20160914,22.45,22.5,22.44,22.47,31753
20160915,22.51,22.52,22.44,22.51,21901
20160916,22.52,22.53,22.47,22.5,55051
20160919,22.48,22.53,22.48,22.48,128168
20160920,22.47,22.5,22.44,22.45,33901
20160921,22.51,22.55,22.43,22.48,71866
20160922,22.53,22.58,22.49,22.52,41065
20160923,22.54,22.58,22.52,22.53,45912
20160926,22.59,22.6,22.52,22.55,22372
20160927,22.59,22.6,22.53,22.6,31437
20160928,22.6,22.61,22.56,22.59,25079
20160929,22.55,22.6,22.54,22.58,23832
20160930,22.59,22.6,22.54,22.56,42390
20161003,22.57,22.58,22.54,22.54,30080
20161004,22.58,22.58,22.46,22.52,61854
20161005,22.48,22.53,22.42,22.48,58654
20161006,22.44,22.49,22.42,22.45,138082
20161007,22.47,22.52,22.43,22.49,50576
20161010,22.47,22.5,22.44,22.48,56852
20161011,22.38,22.48,22.38,22.46,48892
20161012,22.43,22.5,22.42,22.48,73740
20161013,22.51,22.53,22.46,22.51,75508
20161014,22.46,22.53,22.46,22.52,54701
20161017,22.51,22.55,22.49,22.53,60972
20161018,22.56,22.62,22.5,22.55,39629
20161019,22.53,22.61,22.53,22.57,57577
20161020,22.58,22.61,22.52,22.56,32416
20161021,22.54,22.62,22.54,22.57,69446
20161024,22.59,22.61,22.53,22.54,61408
20161025,22.54,22.61,22.53,22.57,55850
20161026,22.56,22.56,22.49,22.55,21534
20161027,22.5,22.54,22.47,22.49,45437
20161028,22.49,22.51,22.45,22.48,49635
20161031,22.54,22.55,22.44,22.49,38084
20161101,22.48,22.54,22.43,22.52,62659
20161102,22.57,22.57,22.43,22.53,14818
20161103,22.54,22.55,22.48,22.53,42422
20161104,22.57,22.57,22.49,22.53,20949
20161107,22.46,22.58,22.46,22.53,48714
20161108,22.55,22.55,22.44,22.49,38583
20161109,22.47,22.47,22.35,22.37,66615
20161110,22.36,22.4,22.3,22.34,54038
20161111,22.26,22.38,22.26,22.35,80957
20161114,22.29,22.31,22.18,22.24,62204
20161115,22.27,22.27,22.18,22.24,58998
20161116,22.26,22.26,22.17,22.22,57257
20161117,22.27,22.27,22.15,22.16,105339
20161118,22.22,22.22,22.11,22.13,36796
20161121,22.21,22.21,22.1,22.12,27211
20161122,22.19,22.19,22.07,22.13,98866
20161123,22.09,22.1,21.98,22.06,47128
20161125,22.13,22.13,21.99,21.99,8945
20161128,22.01,22.15,22.01,22.11,31946
20161129,22.19,22.19,22.08,22.1,47346
20161130,22.14,22.14,22.04,22.07,1305386
20161201,22.12,22.12,21.95,22.06,48041
20161202,22.06,22.17,22.05,22.06,29963
20161205,22.08,22.15,22.05,22.05,51209
20161206,22.14,22.15,22.06,22.07,92579
20161207,22.17,22.18,22.12,22.13,25418
20161208,22.17,22.2,22.11,22.14,54509
20161209,22.16,22.18,22.04,22.05,60151
20161212,22.13,22.14,22.04,22.08,76190
20161213,22.15,22.16,22.05,22.1,42209
20161214,22.15,22.17,21.97,21.97,49615
20161215,21.97,22,21.93,21.98,37678
20161216,21.9,22.02,21.9,21.97,48495
20161219,22.06,22.08,21.93,22.01,70036
20161220,22.05,22.05,21.93,21.95,156020
20161221,22.08,22.08,21.98,21.98,94393
20161222,21.97,22.09,21.95,21.99,164432
20161223,22.09,22.09,21.94,21.94,67591
20161227,22.02,22.05,21.94,21.99,61831
20161228,22.07,22.07,21.98,21.99,85623
20161229,22.02,22.11,21.99,22.07,40508
20161230,22.11,22.2,22,22.11,76723
20170103,22.1,22.45,22.04,22.1,46821
20170104,22.19,22.22,22.1,22.16,95165
20170105,22.22,22.26,22.16,22.19,91113
20170106,22.22,22.22,22.11,22.13,37890
20170109,22.23,22.23,22.14,22.17,41952
20170110,22.23,22.25,22.15,22.17,74496
20170111,22.13,22.26,22.11,22.18,44852
20170112,22.15,22.26,22.15,22.22,235617
20170113,22.23,22.23,22.14,22.15,38676
20170117,22.26,22.29,22.23,22.24,78460
20170118,22.27,22.31,22.12,22.19,64219
20170119,22.21,22.21,22.12,22.15,47379
20170120,22.16,22.23,22.13,22.13,45807
20170123,22.22,22.25,22.15,22.23,135814
20170124,22.19,22.25,22.15,22.19,63263
20170125,22.02,22.23,22.02,22.15,131124
20170126,22.06,22.21,22.06,22.15,38724
20170127,22.22,22.22,22.14,22.18,43876
20170130,22.21,22.25,22.18,22.19,51461
20170131,22.18,22.27,22.18,22.23,66005
20170201,22.24,22.25,22.07,22.12,60533
20170202,22.35,22.35,22.17,22.25,91164
20170203,22.32,22.33,22.21,22.21,66653
20170206,22.28,22.33,22.25,22.25,66818
20170207,22.35,22.35,22.26,22.27,256602
20170208,22.35,22.35,22.26,22.32,63743
20170209,22.35,22.36,22.27,22.28,41961
20170210,22.25,22.34,22.25,22.28,50797
20170213,22.29,22.29,22.25,22.25,85860
20170214,22.31,22.31,22.2,22.2,78818
20170215,22.2,22.27,22.2,22.22,62199
20170216,22.25,22.28,22.23,22.25,100463
20170217,22.32,22.32,22.23,22.27,59116
20170221,22.26,22.3,22.25,22.26,86618
20170222,22.37,22.37,22.25,22.29,38729
20170223,22.37,22.37,22.31,22.33,53073
20170224,22.38,22.43,22.35,22.36,327934
20170227,22.38,22.41,22.33,22.34,54815
20170228,22.38,22.4,22.32,22.32,56665
20170301,22.3,22.33,22.26,22.3,95883
20170302,22.26,22.32,22.25,22.28,52088
20170303,22.26,22.31,22.21,22.26,74043
20170306,22.28,22.32,22.23,22.27,68176
20170307,22.25,22.28,22.23,22.24,68394
20170308,22.2,22.22,22.16,22.19,101212
20170309,22.17,22.18,22.12,22.14,59587
20170310,22.17,22.18,22.13,22.18,51015
20170313,22.17,22.18,22.14,22.15,51981
20170314,22.15,22.17,22.13,22.13,44103
20170315,22.19,22.27,22.13,22.27,104673
20170316,22.26,22.28,22.19,22.2,56680
20170317,22.25,22.27,22.22,22.25,45270
20170320,22.27,22.31,22.23,22.28,74088
20170321,22.28,22.32,22.27,22.31,54638
20170322,22.34,22.34,22.28,22.32,31925
20170323,22.39,22.39,22.27,22.32,64896
20170324,22.33,22.35,22.27,22.3,55715
20170327,22.37,22.37,22.3,22.34,89474
20170328,22.4,22.41,22.28,22.29,41930
20170329,22.28,22.37,22.28,22.34,44984
20170330,22.35,22.37,22.29,22.32,311217
20170331,22.36,22.37,22.29,22.35,60694
20170403,22.4,22.42,22.36,22.41,122162
20170404,22.41,22.46,22.36,22.39,80997
20170405,22.45,22.48,22.38,22.42,44397
20170406,22.46,22.47,22.37,22.4,46483
20170407,22.39,22.46,22.34,22.35,119526
20170410,22.43,22.43,22.38,22.38,128216
20170411,22.46,22.47,22.41,22.47,51168
20170412,22.47,22.48,22.44,22.47,44375
20170413,22.49,22.54,22.48,22.53,56006
20170417,22.55,22.56,22.48,22.52,73154
20170418,22.48,22.61,22.48,22.52,36146
20170419,22.56,22.58,22.51,22.54,45938
20170420,22.56,22.57,22.5,22.53,51515
20170421,22.56,22.57,22.5,22.52,55885
20170424,22.51,22.53,22.46,22.53,58121
20170425,22.5,22.52,22.45,22.48,95774
20170426,22.5,22.52,22.46,22.51,29549
20170427,22.44,22.55,22.44,22.5,226928
20170428,22.47,22.54,22.47,22.52,88729
20170501,22.54,22.54,22.48,22.51,75339
20170502,22.48,22.55,22.48,22.54,230735
20170503,22.54,22.58,22.48,22.5,64454
20170504,22.49,22.5,22.45,22.5,108515
20170505,22.5,22.51,22.48,22.5,21216
20170508,22.5,22.5,22.46,22.48,86626
20170509,22.5,22.5,22.44,22.47,110689
20170510,22.51,22.51,22.43,22.46,106889
20170511,22.47,22.5,22.45,22.5,71494
20170512,22.54,22.56,22.46,22.56,69020
20170515,22.65,22.65,22.5,22.61,60308
20170516,22.66,22.66,22.56,22.56,68912
20170517,22.61,22.67,22.6,22.65,181894
20170518,22.63,22.69,22.6,22.63,69361
20170519,22.71,22.71,22.57,22.62,57923
20170522,22.56,22.66,22.55,22.63,73920
20170523,22.64,22.64,22.57,22.61,129245
20170524,22.61,22.64,22.57,22.63,54806
20170525,22.71,22.71,22.6,22.63,203492
20170526,22.69,22.69,22.61,22.64,167810
20170530,22.69,22.69,22.6,22.68,76201
20170531,22.68,22.69,22.6,22.69,40768
20170601,22.7,22.7,22.66,22.68,75908
20170602,22.71,22.75,22.69,22.73,60023
20170605,22.7,22.76,22.66,22.7,41798
20170606,22.67,22.75,22.67,22.71,64815
20170607,22.73,22.74,22.66,22.71,54095
20170608,22.7,22.73,22.65,22.7,62684
20170609,22.7,22.7,22.65,22.67,72018
20170612,22.7,22.7,22.65,22.68,49374
20170613,22.68,22.69,22.64,22.65,67112
20170614,22.76,22.81,22.7,22.7,68467
20170615,22.66,22.71,22.66,22.69,119082
20170616,22.66,22.75,22.66,22.72,101269
20170619,22.64,22.7,22.64,22.69,98733
20170620,22.66,22.74,22.66,22.71,131684
20170621,22.74,22.74,22.67,22.69,64892
20170622,22.67,22.73,22.67,22.71,124590
20170623,22.72,22.72,22.69,22.71,144740
20170626,22.76,22.76,22.68,22.71,57528
20170627,22.7,22.72,22.64,22.67,65974
20170628,22.7,22.71,22.66,22.69,151673
20170629,22.67,22.68,22.63,22.67,76334
20170630,22.7,22.73,22.63,22.65,113420
20170703,22.66,22.68,22.59,22.62,24196
20170705,22.67,22.68,22.63,22.63,53859
20170706,22.65,22.67,22.57,22.61,67682
20170707,22.65,22.68,22.56,22.59,70653
20170710,22.66,22.66,22.59,22.65,46301
20170711,22.64,22.66,22.6,22.64,73892
20170712,22.69,22.72,22.64,22.7,53938
20170713,22.71,22.72,22.65,22.72,75023
20170714,22.76,22.76,22.71,22.73,49661
20170717,22.71,22.75,22.71,22.72,117384
20170718,22.75,22.78,22.72,22.76,219317
20170719,22.77,22.8,22.72,22.74,39625
20170720,22.79,22.81,22.74,22.74,88072
20170721,22.8,22.82,22.76,22.8,85934
20170724,22.8,22.81,22.74,22.79,39746
20170725,22.78,22.78,22.71,22.73,68519
20170726,22.69,22.78,22.69,22.77,80138
20170727,22.73,22.81,22.72,22.78,72175
20170728,22.8,22.81,22.74,22.78,51294
20170731,22.8,22.82,22.77,22.8,38064
20170801,22.8,22.84,22.76,22.82,50695
20170802,22.82,22.82,22.77,22.8,106236
20170803,22.77,22.85,22.76,22.84,97433
20170804,22.82,22.83,22.76,22.79,72551
20170807,22.82,22.82,22.78,22.79,148467
20170808,22.79,22.83,22.77,22.78,55030
20170809,22.83,22.83,22.76,22.79,66736
20170810,22.8,22.82,22.74,22.8,64681
20170811,22.76,22.84,22.76,22.83,34758
20170814,22.83,22.83,22.78,22.81,138471
20170815,22.79,22.79,22.75,22.77,71744
20170816,22.71,22.82,22.71,22.79,94401
20170817,22.82,22.85,22.78,22.83,185989
20170818,22.85,22.87,22.79,22.85,90022
20170821,22.85,22.85,22.81,22.85,66937
20170822,22.82,22.85,22.81,22.81,85836
20170823,22.85,22.87,22.83,22.86,68061
20170824,22.85,22.85,22.82,22.83,93222
20170825,22.84,22.86,22.83,22.85,71491
20170828,22.85,22.87,22.83,22.85,47781
20170829,22.9,22.9,22.85,22.9,40293
20170830,22.88,22.89,22.85,22.86,67401
20170831,22.89,22.91,22.82,22.88,96883
20170901,22.85,22.9,22.85,22.87,103411
20170905,22.95,22.95,22.89,22.92,117859
20170906,22.94,22.97,22.89,22.91,77669
20170907,22.94,22.96,22.91,22.94,37851
20170908,22.96,22.96,22.9,22.92,57621
20170911,22.92,22.94,22.89,22.91,45318
20170912,22.89,22.89,22.82,22.82,155373
20170913,22.83,22.85,22.8,22.81,43994
20170914,22.86,22.86,22.78,22.8,55195
20170915,22.86,22.87,22.78,22.83,48294
20170918,22.8,22.85,22.79,22.85,54106
20170919,22.86,22.86,22.81,22.86,80793
20170920,22.86,22.87,22.78,22.81,80287
20170921,22.76,22.84,22.76,22.8,60354
20170922,22.83,22.86,22.79,22.84,79739
20170925,22.85,22.86,22.83,22.84,49249
20170926,22.83,22.87,22.82,22.85,73157
20170927,22.84,22.85,22.81,22.84,54049
20170928,22.8,22.86,22.8,22.86,59178
20170929,22.87,22.87,22.82,22.85,56058
20171002,22.87,22.88,22.82,22.84,43207
20171003,22.82,22.88,22.82,22.84,71292
20171004,22.88,22.88,22.85,22.86,93387
20171005,22.88,22.88,22.83,22.85,85919
20171006,22.84,22.88,22.8,22.86,56792
20171009,22.88,22.88,22.83,22.87,83236
20171010,22.83,22.89,22.83,22.85,60773
20171011,22.88,22.88,22.86,22.86,56580
20171012,22.88,22.88,22.86,22.88,82164
20171013,22.91,22.92,22.88,22.91,66451
20171016,22.89,22.92,22.88,22.88,58472
20171017,22.9,22.9,22.86,22.87,146723
20171018,22.86,22.87,22.85,22.86,94845
20171019,22.89,22.91,22.86,22.86,72493
20171020,22.86,22.88,22.82,22.84,74453
20171023,22.86,22.88,22.82,22.84,110384
20171024,22.87,22.88,22.81,22.81,113985
20171025,22.84,22.84,22.8,22.82,41044
20171026,22.8,22.86,22.8,22.8,308773
20171027,22.83,22.87,22.81,22.83,48978
20171030,22.85,22.86,22.84,22.86,56443
20171031,22.88,22.9,22.84,22.85,905588
20171101,22.86,22.89,22.81,22.87,179241
20171102,22.89,22.89,22.83,22.86,74462
20171103,22.89,22.89,22.85,22.86,30426
20171106,22.89,22.89,22.83,22.84,53699
20171107,22.89,22.89,22.82,22.83,73423
20171108,22.86,22.86,22.81,22.81,65454
20171109,22.81,22.85,22.8,22.82,66672
20171110,22.78,22.82,22.77,22.8,122487
20171113,22.83,22.83,22.76,22.76,52328
20171114,22.79,22.79,22.73,22.74,47219
20171115,22.78,22.79,22.75,22.77,69044
20171116,22.8,22.8,22.74,22.78,100389
20171117,22.82,22.82,22.75,22.78,60069
20171120,22.78,22.81,22.74,22.76,220289
20171121,22.77,22.78,22.76,22.77,100508
20171122,22.74,22.82,22.74,22.79,85443
20171124,22.78,22.84,22.78,22.82,19860
20171127,22.83,22.83,22.79,22.81,120297
20171128,22.85,22.85,22.8,22.83,79029
20171129,22.78,22.83,22.76,22.79,60927
20171130,22.81,22.81,22.77,22.78,92524
20171201,22.79,22.81,22.78,22.8,119663
20171204,22.81,22.81,22.74,22.78,96229
20171205,22.8,22.81,22.77,22.79,119447
20171206,22.8,22.84,22.77,22.78,64787
20171207,22.83,22.83,22.77,22.79,144409
20171208,22.82,22.83,22.76,22.82,103873
20171211,22.82,22.82,22.74,22.79,81853
20171212,22.76,22.79,22.75,22.78,91039
20171213,22.79,22.85,22.74,22.82,94883
20171214,22.82,22.82,22.77,22.79,97021
20171215,22.78,22.81,22.75,22.79,78391
20171218,22.79,22.81,22.76,22.78,72623
20171219,22.78,22.82,22.73,22.75,173163
20171220,22.77,22.77,22.71,22.74,132908
20171221,22.77,22.77,22.69,22.73,204871
20171222,22.78,22.78,22.69,22.74,118563
20171226,22.75,22.77,22.72,22.76,96758
20171227,22.74,22.8,22.73,22.77,225709
20171228,22.78,22.82,22.76,22.76,123158
20171229,22.74,22.81,22.74,22.8,149754
20180102,22.85,22.85,22.73,22.76,96788
20180103,22.8,22.82,22.75,22.79,90870
20180104,22.79,22.79,22.74,22.78,105449
20180105,22.79,22.81,22.74,22.76,77647
20180108,22.8,22.8,22.73,22.76,94188
20180109,22.78,22.81,22.72,22.76,157354
20180110,22.77,22.77,22.72,22.75,123104
20180111,22.78,22.81,22.74,22.78,178384
20180112,22.75,22.75,22.7,22.74,93000
20180116,22.77,22.77,22.71,22.75,120936
20180117,22.74,22.75,22.72,22.72,242275
20180118,22.73,22.73,22.68,22.71,131737
20180119,22.69,22.73,22.69,22.7,119467
20180122,22.72,22.72,22.68,22.69,169544
20180123,22.71,22.73,22.7,22.72,1577431
20180124,22.73,22.73,22.69,22.72,122327
20180125,22.72,22.73,22.65,22.73,605231
20180126,22.7,22.7,22.65,22.7,125027
20180129,22.69,22.7,22.63,22.69,167547
20180130,22.7,22.7,22.67,22.68,129007
20180131,22.71,22.71,22.63,22.67,160112
20180201,22.7,22.7,22.62,22.64,223011
20180202,22.65,22.66,22.61,22.66,122528
20180205,22.62,22.73,22.62,22.72,132732
20180206,22.7,22.74,22.64,22.66,109729
20180207,22.69,22.71,22.65,22.66,131864
20180208,22.67,22.67,22.62,22.66,199774
20180209,22.61,22.69,22.61,22.66,119975
20180212,22.65,22.71,22.6,22.62,179397
20180213,22.64,22.64,22.56,22.6,221790
20180214,22.56,22.57,22.51,22.55,97098
20180215,22.55,22.58,22.5,22.56,68434
20180216,22.59,22.59,22.51,22.57,106587
20180220,22.61,22.61,22.51,22.54,153351
20180221,22.58,22.58,22.51,22.53,306953
20180222,22.57,22.57,22.52,22.55,76714
20180223,22.56,22.59,22.53,22.58,93230
20180226,22.59,22.6,22.57,22.58,158172
20180227,22.56,22.6,22.53,22.55,170644
20180228,22.55,22.58,22.53,22.55,170220
20180301,22.58,22.6,22.53,22.58,112028
20180302,22.6,22.6,22.51,22.54,220583
20180305,22.53,22.61,22.53,22.55,184333
20180306,22.51,22.59,22.51,22.55,301347
20180307,22.56,22.58,22.52,22.55,108201
20180308,22.56,22.56,22.49,22.55,92700
20180309,22.51,22.54,22.51,22.54,125506
20180312,22.54,22.54,22.52,22.54,92871
20180313,22.5,22.55,22.5,22.54,98931
20180314,22.53,22.55,22.5,22.54,85145
20180315,22.54,22.54,22.52,22.53,96242
20180316,22.52,22.53,22.52,22.53,129929
20180319,22.5,22.52,22.49,22.52,107635
20180320,22.51,22.51,22.47,22.5,113662
20180321,22.49,22.52,22.45,22.51,67840
20180322,22.53,22.53,22.48,22.52,167460
20180323,22.53,22.53,22.5,22.53,94221
20180326,22.53,22.53,22.5,22.51,118886
20180327,22.53,22.56,22.52,22.55,112104
20180328,22.57,22.57,22.53,22.55,140904
20180329,22.56,22.61,22.56,22.58,126196
20180402,22.56,22.62,22.55,22.58,116775
20180403,22.58,22.62,22.53,22.54,248452
20180404,22.58,22.58,22.53,22.55,84403
20180405,22.57,22.61,22.53,22.57,126996
20180406,22.62,22.62,22.55,22.6,191932
20180409,22.57,22.65,22.57,22.61,157038
20180410,22.6,22.66,22.57,22.6,118946
20180411,22.63,22.64,22.57,22.61,111632
20180412,22.64,22.64,22.57,22.59,83827
20180413,22.57,22.58,22.56,22.58,48475
20180416,22.57,22.58,22.55,22.58,53573
20180417,22.55,22.58,22.54,22.58,138714
20180418,22.56,22.57,22.55,22.55,55373
20180419,22.55,22.55,22.53,22.55,46281
20180420,22.55,22.55,22.51,22.53,98112
20180423,22.53,22.53,22.49,22.53,115513
20180424,22.52,22.53,22.47,22.51,124366
20180425,22.52,22.53,22.51,22.53,96479
20180426,22.52,22.55,22.52,22.55,105032
20180427,22.55,22.55,22.51,22.55,108291
20180430,22.55,22.55,22.51,22.55,210628
20180501,22.56,22.56,22.5,22.53,182023
20180502,22.51,22.55,22.51,22.53,79719
20180503,22.53,22.58,22.52,22.56,80752
20180504,22.54,22.56,22.53,22.55,82592
20180507,22.56,22.56,22.52,22.55,108712
20180508,22.54,22.56,22.54,22.55,79494
20180509,22.57,22.57,22.5,22.54,211022
20180510,22.56,22.56,22.51,22.55,88396
20180511,22.51,22.56,22.51,22.56,108166
20180514,22.56,22.56,22.53,22.55,80916
20180515,22.52,22.55,22.5,22.51,149178
20180516,22.51,22.53,22.49,22.5,129637
20180517,22.54,22.57,22.49,22.51,112836
20180518,22.54,22.56,22.52,22.55,102292
20180521,22.56,22.57,22.52,22.55,150409
20180522,22.56,22.59,22.52,22.55,96427
20180523,22.53,22.59,22.52,22.57,128056
20180524,22.57,22.6,22.56,22.6,84866
20180525,22.69,22.69,22.57,22.63,109598
20180529,22.64,22.72,22.63,22.71,114383
20180530,22.75,22.75,22.65,22.67,143400
20180531,22.65,22.7,22.63,22.66,156073
20180601,22.67,22.67,22.59,22.62,103646
20180604,22.64,22.64,22.6,22.6,86574
20180605,22.61,22.62,22.58,22.58,155833
20180606,22.61,22.65,22.58,22.6,136464
20180607,22.62,22.68,22.58,22.64,73373
20180608,22.61,22.66,22.6,22.62,58401
20180611,22.62,22.62,22.58,22.6,61286
20180612,22.62,22.62,22.58,22.59,75004
20180613,22.57,22.61,22.56,22.59,97353
20180614,22.6,22.61,22.57,22.6,138994
20180615,22.64,22.64,22.59,22.61,127210
20180618,22.62,22.62,22.57,22.58,126025
20180619,22.62,22.62,22.6,22.62,118848
20180620,22.62,22.62,22.59,22.6,216989
20180621,22.62,22.64,22.6,22.61,77998
20180622,22.62,22.62,22.57,22.6,209747
20180625,22.59,22.62,22.59,22.61,87394
20180626,22.62,22.62,22.58,22.62,104226
20180627,22.64,22.65,22.61,22.64,104210
20180628,22.62,22.65,22.62,22.63,144177
20180629,22.64,22.64,22.61,22.63,122265
20180702,22.65,22.65,22.61,22.63,110757
20180703,22.64,22.66,22.62,22.66,67430
20180705,22.66,22.66,22.62,22.63,256027
20180706,22.63,22.65,22.6,22.63,85466
20180709,22.65,22.65,22.63,22.65,76375
20180710,22.65,22.65,22.63,22.65,207458
20180711,22.64,22.65,22.62,22.64,97426
20180712,22.64,22.66,22.63,22.65,133641
20180713,22.66,22.68,22.64,22.68,123229
20180716,22.66,22.67,22.65,22.66,85812
20180717,22.67,22.67,22.66,22.67,153805
20180718,22.67,22.68,22.63,22.65,175793
20180719,22.67,22.7,22.64,22.68,134810
20180720,22.66,22.68,22.65,22.68,199329
20180723,22.68,22.68,22.65,22.65,78773
20180724,22.64,22.68,22.63,22.66,370153
20180725,22.64,22.68,22.64,22.64,150379
20180726,22.68,22.68,22.63,22.67,101610
20180727,22.66,22.68,22.64,22.68,103509
20180730,22.65,22.68,22.65,22.66,103755
20180731,22.68,22.68,22.65,22.66,82655
20180801,22.67,22.7,22.65,22.65,129179
20180802,22.68,22.71,22.67,22.71,81290
20180803,22.72,22.73,22.69,22.73,60174
20180806,22.71,22.75,22.7,22.74,51567
20180807,22.73,22.73,22.71,22.73,65454
20180808,22.73,22.75,22.7,22.73,91507
20180809,22.71,22.75,22.71,22.74,162507
20180810,22.74,22.79,22.74,22.75,136139
20180813,22.77,22.77,22.74,22.75,141056
20180814,22.73,22.77,22.73,22.74,163170
20180815,22.76,22.78,22.73,22.77,112633
20180816,22.78,22.78,22.73,22.75,115796
20180817,22.78,22.78,22.74,22.77,71917
20180820,22.8,22.8,22.77,22.79,112352
20180821,22.81,22.81,22.75,22.78,147552
20180822,22.81,22.82,22.76,22.77,136974
20180823,22.8,22.8,22.76,22.79,195410
20180824,22.78,22.78,22.76,22.77,90534
20180827,22.78,22.79,22.76,22.78,234779
20180828,22.79,22.84,22.75,22.77,126596
20180829,22.78,22.78,22.74,22.74,204126
20180830,22.75,22.8,22.75,22.78,138865
20180831,22.81,22.84,22.77,22.8,63977
20180904,22.79,22.8,22.77,22.78,110987
20180905,22.79,22.84,22.76,22.79,167445
20180906,22.78,22.84,22.78,22.8,157654
20180907,22.77,22.8,22.74,22.77,129976
20180910,22.78,22.79,22.76,22.77,142583
20180911,22.78,22.79,22.75,22.75,158146
20180912,22.77,22.79,22.73,22.73,197103
20180913,22.76,22.81,22.74,22.76,242303
20180914,22.77,22.8,22.73,22.74,173665
20180917,22.76,22.78,22.73,22.76,118910
20180918,22.79,22.79,22.73,22.74,174837
20180919,22.77,22.77,22.73,22.74,260958
20180920,22.74,22.77,22.72,22.75,298910
20180921,22.76,22.76,22.73,22.76,103152
20180924,22.76,22.76,22.74,22.76,134355
20180925,22.76,22.8,22.74,22.75,134691
20180926,22.76,22.79,22.73,22.76,182757
20180927,22.77,22.79,22.73,22.77,247378
20180928,22.75,22.78,22.74,22.78,155533
20181001,22.8,22.82,22.76,22.77,174389
20181002,22.79,22.8,22.77,22.78,422748
20181003,22.79,22.8,22.74,22.75,241640
20181004,22.77,22.77,22.71,22.73,156131
20181005,22.73,22.73,22.7,22.73,191545
20181008,22.75,22.75,22.71,22.74,89657
20181009,22.81,22.81,22.7,22.73,72203
20181010,22.74,22.79,22.71,22.75,174922
20181011,22.78,22.78,22.72,22.74,108999
20181012,22.76,22.8,22.72,22.76,259865
20181015,22.76,22.76,22.74,22.74,111603
20181016,22.76,22.76,22.73,22.74,491468
20181017,22.73,22.76,22.72,22.73,176562
20181018,22.71,22.78,22.71,22.73,262984
20181019,22.74,22.75,22.7,22.73,116392
20181022,22.72,22.74,22.71,22.72,150598
20181023,22.73,22.75,22.72,22.74,197166
20181024,22.77,22.77,22.72,22.76,263725
20181025,22.77,22.79,22.72,22.75,113604
20181026,22.75,22.82,22.75,22.79,149381
20181029,22.77,22.8,22.76,22.79,214551
20181030,22.78,22.78,22.76,22.77,130530
20181031,22.77,22.77,22.75,22.76,102967
20181101,22.77,22.78,22.75,22.77,91259
20181102,22.77,22.77,22.73,22.75,247131
20181105,22.76,22.76,22.73,22.74,126081
20181106,22.74,22.75,22.72,22.74,107233
20181107,22.74,22.76,22.71,22.72,221308
20181108,22.74,22.74,22.72,22.74,206615
20181109,22.74,22.76,22.72,22.75,130145
20181112,22.76,22.76,22.72,22.75,226350
20181113,22.74,22.76,22.73,22.75,85905
20181114,22.75,22.76,22.71,22.73,192153
20181115,22.74,22.76,22.74,22.75,532151
20181116,22.76,22.76,22.71,22.76,149451
20181119,22.76,22.77,22.75,22.77,149237
20181120,22.78,22.78,22.71,22.76,234965
20181121,22.74,22.77,22.73,22.77,153225
20181123,22.78,22.79,22.76,22.78,27429
20181126,22.76,22.78,22.76,22.77,108139
20181127,22.76,22.77,22.75,22.76,161078
20181128,22.77,22.77,22.74,22.76,146219
20181129,22.78,22.78,22.76,22.77,104330
20181130,22.78,22.78,22.74,22.76,163772
20181203,22.77,22.79,22.74,22.76,143572
20181204,22.74,22.79,22.74,22.79,220552
20181206,22.81,22.81,22.78,22.78,278354
20181207,22.78,22.8,22.76,22.78,153984
20181210,22.8,22.84,22.77,22.79,270094
20181211,22.77,22.78,22.77,22.78,160677
20181212,22.79,22.79,22.77,22.77,168310
20181213,22.8,22.82,22.77,22.81,261851
20181214,22.83,22.84,22.79,22.83,191242
20181217,22.84,22.86,22.83,22.86,164382
20181218,22.88,22.92,22.83,22.87,316442
20181219,22.89,22.89,22.85,22.88,159888
20181220,22.89,22.89,22.82,22.84,282045
20181221,22.85,22.9,22.85,22.89,371941
20181224,22.85,22.91,22.85,22.9,146755
20181226,22.89,22.93,22.86,22.87,167373
20181227,22.87,22.93,22.86,22.91,273779
20181228,22.9,22.95,22.89,22.92,272147
20181231,22.96,22.98,22.94,22.95,238440
20190102,23.01,23.01,22.93,22.98,270599
20190103,22.97,23.01,22.96,23.01,293507
20190104,23,23,22.95,22.98,126620
20190107,23,23,22.93,22.95,255479
20190108,22.95,22.95,22.92,22.94,965460
20190109,22.97,23.14,22.92,22.97,231301
20190110,23,23,22.95,22.98,130641
20190111,23,23,22.96,22.99,122714
20190114,23.01,23.01,22.98,23.01,513102
20190115,23,23.03,22.99,23,751566
20190116,23.01,23.01,22.98,23,250929
20190117,23.01,23.07,23,23.02,394842
20190118,23.04,23.04,23.01,23.02,164189
20190122,23.07,23.09,23.01,23.04,228522
20190123,23.06,23.06,23.01,23.05,280736
20190124,23.06,23.09,23.05,23.09,277442
20190125,23.1,23.1,23.06,23.08,249737
20190128,23.08,23.09,23.06,23.08,163217
20190129,23.11,23.11,23.09,23.1,171753
20190130,23.12,23.15,23.09,23.14,237427
20190131,23.18,23.18,23.16,23.18,407839
20190201,23.2,23.2,23.14,23.16,250670
20190204,23.16,23.18,23.15,23.16,300438
20190205,23.18,23.18,23.14,23.18,318959
20190206,23.2,23.2,23.16,23.17,497037
20190207,23.19,23.2,23.18,23.19,214568
20190208,23.2,23.22,23.19,23.2,229735
20190211,23.2,23.2,23.18,23.19,338323
20190212,23.19,23.2,23.17,23.2,282907
20190213,23.18,23.18,23.16,23.18,183181
20190214,23.18,23.22,23.18,23.19,238774
20190215,23.21,23.21,23.17,23.21,212620
20190219,23.27,23.27,23.19,23.21,203327
20190220,23.23,23.23,23.19,23.21,205620
20190221,23.21,23.22,23.18,23.21,176803
20190222,23.23,23.24,23.21,23.24,214190
20190225,23.24,23.24,23.22,23.23,310403
20190226,23.28,23.28,23.23,23.25,217497
20190227,23.27,23.27,23.23,23.24,228574
20190228,23.26,23.26,23.22,23.24,231466
20190301,23.27,23.27,23.21,23.25,176161
20190304,23.26,23.26,23.22,23.25,154373
20190305,23.28,23.28,23.23,23.25,192607
20190306,23.27,23.28,23.23,23.27,179702
20190307,23.29,23.31,23.26,23.29,266759
20190308,23.28,23.32,23.28,23.31,208996
20190311,23.3,23.31,23.28,23.3,139940
20190312,23.29,23.32,23.29,23.32,326996
20190313,23.32,23.33,23.28,23.32,217562
20190314,23.34,23.34,23.31,23.32,421060
20190315,23.34,23.35,23.31,23.34,213551
20190318,23.34,23.36,23.33,23.34,280731
20190319,23.34,23.34,23.32,23.33,210568
20190320,23.35,23.38,23.32,23.37,301411
20190321,23.4,23.4,23.34,23.35,240291
20190322,23.37,23.42,23.37,23.41,176251
20190325,23.44,23.45,23.42,23.44,174602
20190326,23.45,23.46,23.42,23.45,204261
20190327,23.46,23.47,23.45,23.46,209977
20190328,23.46,23.47,23.44,23.45,167047
20190329,23.45,23.45,23.43,23.43,130283
20190401,23.43,23.43,23.41,23.42,224928
20190402,23.44,23.44,23.42,23.43,156063
20190403,23.42,23.42,23.41,23.41,243690
20190404,23.43,23.43,23.42,23.43,133552
20190405,23.43,23.43,23.41,23.42,171207
20190408,23.44,23.44,23.42,23.43,100273
20190409,23.43,23.44,23.42,23.43,157757
20190410,23.43,23.45,23.43,23.45,147674
20190411,23.45,23.45,23.42,23.44,162301
20190412,23.43,23.44,23.42,23.42,143132
20190415,23.42,23.42,23.42,23.42,126788
20190416,23.42,23.42,23.39,23.4,726313
20190417,23.42,23.42,23.41,23.41,119702
20190418,23.43,23.43,23.39,23.4,443462
20190422,23.43,23.43,23.4,23.42,154532
20190423,23.43,23.44,23.4,23.44,243552
20190424,23.44,23.45,23.43,23.45,331181
20190425,23.45,23.46,23.43,23.45,157872
20190426,23.48,23.49,23.46,23.48,146030
20190429,23.48,23.48,23.46,23.48,144179
20190430,23.48,23.5,23.46,23.5,127415
20190501,23.5,23.52,23.49,23.49,181674
20190502,23.49,23.49,23.46,23.47,126637
20190503,23.48,23.48,23.46,23.48,103774
20190506,23.5,23.5,23.48,23.49,101597
20190507,23.5,23.51,23.5,23.5,188948
20190508,23.51,23.51,23.49,23.5,206966
20190509,23.51,23.51,23.5,23.51,115653
20190510,23.51,23.52,23.5,23.51,95002
20190513,23.54,23.54,23.51,23.53,92160
20190514,23.54,23.54,23.51,23.53,97021
20190515,23.56,23.56,23.52,23.55,161146
20190516,23.54,23.54,23.51,23.53,175990
20190517,23.56,23.56,23.53,23.53,176584
20190520,23.56,23.56,23.52,23.52,109807
20190521,23.51,23.53,23.49,23.5,121622
20190522,23.5,23.52,23.5,23.52,117170
20190523,23.54,23.56,23.51,23.55,180912
20190524,23.56,23.56,23.53,23.55,110001
20190528,23.56,23.57,23.54,23.55,114940
20190529,23.57,23.57,23.56,23.56,171869
20190530,23.57,23.58,23.56,23.58,86208
20190531,23.6,23.62,23.59,23.62,119424
20190603,23.64,23.68,23.63,23.67,122611
20190604,23.69,23.7,23.64,23.67,258799
20190605,23.68,23.72,23.67,23.68,253168
20190606,23.68,23.71,23.67,23.67,220602
20190607,23.7,23.72,23.68,23.7,101117
20190610,23.7,23.7,23.67,23.67,98368
20190611,23.69,23.69,23.65,23.65,81627
20190612,23.67,23.68,23.67,23.68,91746
20190613,23.69,23.72,23.68,23.7,222577
20190614,23.72,23.72,23.68,23.7,151155
20190617,23.71,23.71,23.7,23.7,109082
20190618,23.73,23.73,23.7,23.72,148380
20190619,23.72,23.77,23.68,23.77,183133
20190620,23.79,23.81,23.77,23.79,183075
20190621,23.77,23.77,23.75,23.77,132319
20190624,23.76,23.79,23.75,23.79,132776
20190625,23.81,23.81,23.76,23.78,207696
20190626,23.76,23.77,23.75,23.77,162651
20190627,23.77,23.79,23.76,23.79,101957
20190628,23.79,23.8,23.76,23.79,136986
20190701,23.8,23.8,23.76,23.78,118692
20190702,23.81,23.81,23.76,23.8,99750
20190703,23.81,23.84,23.79,23.81,90869
20190705,23.78,23.81,23.75,23.77,177014
20190708,23.77,23.77,23.75,23.76,122628
20190709,23.77,23.77,23.73,23.74,126629
20190710,23.75,23.78,23.74,23.78,129850
20190711,23.79,23.8,23.76,23.76,168728
20190712,23.76,23.79,23.76,23.79,174369
20190715,23.81,23.81,23.77,23.78,146760
20190716,23.8,23.8,23.76,23.78,144433
20190717,23.78,23.81,23.77,23.8,194784
20190718,23.81,23.84,23.79,23.84,198064
20190719,23.81,23.84,23.8,23.83,166716
20190722,23.83,23.83,23.81,23.82,157249
20190723,23.82,23.82,23.81,23.82,146423
20190724,23.84,23.84,23.82,23.83,132017
20190725,23.8,23.82,23.8,23.81,298426
20190726,23.84,23.84,23.8,23.8,238264
20190729,23.8,23.82,23.8,23.82,101857
20190730,23.83,23.83,23.81,23.83,119655
20190731,23.83,23.86,23.8,23.82,203339
20190801,23.81,23.9,23.79,23.87,155540
20190802,23.87,23.87,23.85,23.86,152966
20190805,23.92,23.92,23.87,23.89,150775
20190806,23.91,23.91,23.89,23.89,392063
20190807,23.92,23.92,23.89,23.9,208944
20190808,23.9,23.92,23.89,23.9,121071
20190809,23.91,23.93,23.89,23.89,201445
20190812,23.91,23.91,23.89,23.9,118158
20190813,23.92,23.92,23.88,23.89,182136
20190814,23.91,23.91,23.88,23.91,144985
20190815,23.89,23.95,23.89,23.95,133920
20190816,23.93,23.95,23.92,23.94,112429
20190819,23.96,23.96,23.92,23.92,200267
20190820,23.95,23.97,23.93,23.96,145010
20190821,23.96,23.97,23.92,23.94,175386
20190822,23.96,23.96,23.92,23.94,99484
20190823,23.96,23.97,23.92,23.96,193479
20190826,23.97,23.97,23.94,23.97,107310
20190827,23.97,23.97,23.94,23.97,152580
20190828,23.98,23.99,23.96,23.97,100478
20190829,23.98,23.98,23.94,23.97,180137
20190830,23.96,23.98,23.95,23.98,138318
20190903,23.99,24,23.96,23.99,152744
20190904,24.01,24.02,23.99,24.01,253646
20190905,24,24,23.96,23.97,247849
20190906,23.99,23.99,23.95,23.98,141654
20190909,23.99,23.99,23.95,23.95,171691
20190910,23.97,23.97,23.92,23.93,173173
20190911,23.93,23.95,23.91,23.94,219911
20190912,23.96,23.96,23.92,23.93,263789
20190913,23.88,23.92,23.88,23.9,136535
20190916,23.93,23.93,23.9,23.92,126268
20190917,23.92,23.94,23.9,23.94,115046
20190918,23.97,23.97,23.92,23.94,265172
20190919,23.95,23.95,23.93,23.95,207105
20190920,23.95,23.97,23.94,23.97,119903
20190923,23.98,23.99,23.96,23.98,169152
20190924,24,24,23.97,24,189172
20190925,23.95,24,23.95,23.97,188808
20190926,23.99,23.99,23.95,23.98,140286
20190927,23.99,23.99,23.97,23.99,102743
20190930,24.01,24.02,23.98,24.02,180057
20191001,24,24.04,23.97,24.04,82023
20191002,24.02,24.05,24.02,24.05,179030
20191003,24.04,24.09,24.04,24.08,110451
20191004,24.05,24.09,24.05,24.08,84791
20191007,24.08,24.08,24.05,24.07,132471
20191008,24.06,24.08,24.06,24.08,220188
20191009,24.07,24.09,24.04,24.07,204493
20191010,24.09,24.09,24.04,24.05,148491
20191011,24.05,24.05,24.01,24.04,175380
20191014,24.02,24.05,24.02,24.04,91122
20191015,24.06,24.06,24.02,24.04,114868
20191016,24.03,24.05,24.03,24.05,240783
20191017,24.06,24.06,24.04,24.06,168633
20191018,24.06,24.07,24.05,24.07,123996
20191021,24.07,24.07,24.06,24.06,281033
20191022,24.06,24.07,24.05,24.06,385710
20191023,24.08,24.08,24.06,24.07,103811
20191024,24.09,24.09,24.07,24.08,118323
20191025,24.07,24.08,24.06,24.06,138608
20191028,24.07,24.07,24.04,24.07,86664
20191029,24.07,24.07,24.06,24.07,146410
20191030,24.05,24.09,24.05,24.08,361760
20191031,24.08,24.11,24.08,24.1,102896
20191101,24.08,24.1,24.08,24.1,144735
20191104,24.11,24.13,24.09,24.09,166328
20191105,24.1,24.1,24.08,24.08,156019
20191106,24.1,24.1,24.09,24.09,132456
20191107,24.09,24.1,24.06,24.08,182824
20191108,24.09,24.09,24.07,24.08,173277
20191111,24.09,24.1,24.08,24.08,123194
20191112,24.09,24.09,24.06,24.09,156413
20191113,24.1,24.1,24.09,24.09,173571
20191114,24.11,24.11,24.09,24.1,129410
20191115,24.09,24.1,24.09,24.1,87639
20191118,24.1,24.11,24.1,24.11,94139
20191119,24.1,24.11,24.09,24.11,188061
20191120,24.11,24.12,24.1,24.11,140375
20191121,24.11,24.11,24.09,24.1,90003
20191122,24.09,24.11,24.09,24.1,156464
20191125,24.1,24.1,24.09,24.1,154894
20191126,24.11,24.12,24.09,24.11,476711
20191127,24.11,24.11,24.09,24.11,381912
20191129,24.11,24.11,24.09,24.11,75769
20191202,24.05,24.07,24.05,24.07,180115
20191203,24.13,24.15,24.12,24.13,356516
20191204,24.15,24.15,24.12,24.12,131611
20191205,24.14,24.14,24.12,24.12,131982
20191206,24.13,24.13,24.1,24.11,183678
20191209,24.13,24.13,24.11,24.11,109589
20191210,24.13,24.14,24.1,24.1,152711
20191211,24.12,24.12,24.09,24.1,253852
20191212,24.12,24.14,24.1,24.11,131573
20191213,24.12,24.14,24.12,24.13,213160
20191216,24.13,24.16,24.11,24.13,330772
20191217,24.13,24.14,24.12,24.12,161941
20191218,24.14,24.14,24.12,24.13,204825
20191219,24.13,24.15,24.13,24.14,277787
20191220,24.11,24.14,24.11,24.14,274670
20191223,24.15,24.16,24.13,24.15,411000
20191224,24.15,24.15,24.14,24.15,116480
20191226,24.17,24.17,24.14,24.16,178217
20191227,24.15,24.17,24.14,24.17,162208
20191230,24.16,24.18,24.15,24.18,199296
20191231,24.18,24.19,24.16,24.19,181815
20200102,24.19,24.19,24.17,24.19,662765
20200103,24.2,24.2,24.18,24.19,313874
20200106,24.21,24.21,24.19,24.19,224995
20200107,24.17,24.2,24.16,24.18,908923
20200108,24.18,24.2,24.18,24.18,396837
20200109,24.19,24.2,24.18,24.19,188649
20200110,24.2,24.21,24.19,24.21,246861
20200113,24.2,24.21,24.2,24.21,154160
20200114,24.21,24.21,24.2,24.21,421065
20200115,24.22,24.22,24.18,24.19,2484832
20200116,24.21,24.21,24.19,24.19,323305
20200117,24.21,24.22,24.2,24.21,334396
20200121,24.22,24.23,24.21,24.21,175908
20200122,24.23,24.23,24.22,24.22,578004
20200123,24.23,24.24,24.22,24.23,188296
20200124,24.23,24.25,24.23,24.23,149818
20200127,24.25,24.26,24.24,24.25,199765
20200128,24.24,24.26,24.24,24.24,168471
20200129,24.23,24.26,24.23,24.26,228147
20200130,24.26,24.28,24.23,24.24,330735
20200131,24.27,24.28,24.26,24.27,165122
20200203,24.28,24.3,24.27,24.28,256532
20200204,24.27,24.28,24.22,24.26,242923
20200205,24.26,24.26,24.24,24.26,200555
20200206,24.26,24.26,24.22,24.26,253156
20200207,24.26,24.27,24.26,24.27,250113
20200210,24.27,24.29,24.26,24.27,184020
20200211,24.26,24.28,24.25,24.26,185603
20200212,24.27,24.27,24.26,24.27,166533
20200213,24.28,24.28,24.26,24.27,202811
20200214,24.28,24.29,24.26,24.26,333152
20200218,24.28,24.3,24.27,24.28,148612
20200219,24.29,24.29,24.26,24.28,128015
20200220,24.3,24.3,24.27,24.29,135532
20200221,24.3,24.31,24.29,24.3,105102
20200224,24.33,24.34,24.31,24.32,162157
20200225,24.31,24.33,24.31,24.32,162275
20200226,24.31,24.33,24.31,24.32,135681
20200227,24.33,24.37,24.31,24.32,175090
20200228,24.37,24.37,24.32,24.36,464713
20200302,24.36,24.41,24.35,24.36,186680
20200303,24.37,24.41,24.36,24.4,304701
20200304,24.42,24.44,24.41,24.42,256364
20200305,24.43,24.45,24.42,24.42,183866
20200306,24.48,24.52,24.4,24.41,429983
20200309,24.45,24.67,24.27,24.33,379588
20200310,24.27,24.4,24.24,24.27,355551
20200311,24.26,24.35,24.13,24.18,224277
20200312,24.04,24.87,23.64,23.95,760045
20200313,23.73,24.12,23.72,23.77,327028
20200316,23.58,23.86,23.25,23.39,394250
20200317,23.18,23.74,23.17,23.33,650488
20200318,23.07,23.33,22.64,23.09,602162
20200319,22.64,22.91,22.09,22.2,351116
20200320,21.95,22.88,21.56,22.37,638646
20200323,23.24,23.59,22.84,23.16,957854
20200324,23.02,23.61,23.02,23.5,297457
20200325,23.53,23.9,23.49,23.9,711852
20200326,23.79,23.91,23.66,23.86,637298
20200327,23.84,23.92,23.68,23.87,442874
20200330,23.83,24.03,23.82,23.99,643351
20200331,23.99,24.06,23.78,24.02,243873
20200401,23.96,24.09,23.91,24.01,365601
20200402,23.94,24.03,23.79,23.98,622431
20200403,23.85,24.03,23.84,23.93,190396
20200406,23.95,24.07,23.95,24.03,154692
20200407,24.12,24.12,23.98,24.07,231862
20200408,24.01,24.34,23.96,24.17,351142
20200409,24.16,24.37,24.16,24.33,334135
20200413,24.37,24.4,24.17,24.37,306270
20200414,24.38,24.41,24.29,24.37,810773
20200415,24.24,24.4,24.19,24.36,309826
20200416,24.32,24.39,24.24,24.34,299192
20200417,24.31,24.39,24.31,24.39,187215
20200420,24.3,24.38,24.3,24.33,211857
20200421,24.26,24.34,24.25,24.29,259489
20200422,24.25,24.36,24.24,24.3,222017
20200423,24.28,24.41,24.28,24.32,210238
20200424,24.37,24.37,24.3,24.36,349757
20200427,24.37,24.37,24.29,24.37,264674
20200428,24.38,24.38,24.34,24.35,333177
20200429,24.38,24.42,24.36,24.4,245198
20200430,24.42,24.42,24.36,24.39,261952
20200501,24.39,24.46,24.33,24.36,362226
20200504,24.35,24.44,24.35,24.41,242869
20200505,24.43,24.45,24.39,24.41,206951
20200506,24.44,24.45,24.39,24.4,187176
20200507,24.44,24.44,24.39,24.43,160842
20200508,24.44,24.46,24.41,24.42,252733
20200511,24.42,24.44,24.41,24.42,116884
20200512,24.42,24.49,24.4,24.45,320596
20200513,24.45,24.48,24.43,24.47,252069
20200514,24.46,24.49,24.42,24.48,350944
20200515,24.46,24.49,24.45,24.49,145338
20200518,24.52,24.52,24.47,24.5,127734
20200519,24.51,24.52,24.48,24.51,152342
20200520,24.52,24.53,24.5,24.53,145366
20200521,24.53,24.54,24.51,24.54,274048
20200522,24.54,24.58,24.51,24.57,133213
20200526,24.58,24.61,24.53,24.54,165858
20200527,24.53,24.55,24.5,24.53,249539
20200528,24.54,24.57,24.52,24.54,151431
20200529,24.56,24.56,24.54,24.54,155206
20200601,24.55,24.58,24.54,24.54,258142
20200602,24.58,24.61,24.58,24.58,133249
20200603,24.6,24.64,24.57,24.59,323414
20200604,24.59,24.61,24.57,24.6,145907
20200605,24.61,24.62,24.58,24.61,742874
20200608,24.62,24.64,24.57,24.57,289038
20200609,24.57,24.6,24.57,24.6,119522
20200610,24.59,24.64,24.58,24.6,164557
20200611,24.55,24.61,24.55,24.57,189579
20200612,24.57,24.59,24.55,24.56,120269
20200615,24.53,24.59,24.5,24.58,100837
20200616,24.54,24.64,24.54,24.64,143650
20200617,24.64,24.66,24.58,24.61,139351
20200618,24.58,24.62,24.57,24.61,459779
20200619,24.62,24.66,24.59,24.6,93425
20200622,24.57,24.62,24.57,24.61,134202
20200623,24.62,24.63,24.59,24.6,142101
20200624,24.62,24.63,24.57,24.57,276649
20200625,24.58,24.63,24.55,24.62,879418
20200626,24.62,24.65,24.59,24.61,202328
20200629,24.59,24.64,24.59,24.62,185635
20200630,24.62,24.63,24.61,24.63,242832
20200701,24.63,24.65,24.62,24.64,213365
20200702,24.68,24.7,24.62,24.65,489244
20200706,24.65,24.68,24.63,24.64,148972
20200707,24.63,24.68,24.61,24.61,659039
20200708,24.66,24.66,24.61,24.63,239540
20200709,24.61,24.65,24.61,24.64,134915
20200710,24.65,24.65,24.59,24.59,226236
20200713,24.61,24.65,24.59,24.63,193302
20200714,24.66,24.67,24.62,24.63,135210
20200715,24.66,24.66,24.63,24.64,226295
20200716,24.62,24.67,24.62,24.64,159365
20200717,24.65,24.65,24.62,24.64,149621
20200720,24.66,24.69,24.63,24.65,138600
20200721,24.65,24.69,24.61,24.62,470610
20200722,24.66,24.67,24.63,24.66,178413
20200723,24.63,24.67,24.63,24.66,421003
20200724,24.66,24.67,24.64,24.66,148890
20200727,24.67,24.67,24.64,24.66,228163
20200728,24.65,24.66,24.64,24.65,122674
20200729,24.65,24.67,24.64,24.65,177226
20200730,24.65,24.67,24.64,24.67,241210
20200731,24.65,24.67,24.64,24.66,162448
20200803,24.66,24.67,24.65,24.66,106727
20200804,24.67,24.68,24.66,24.67,249829
20200805,24.67,24.68,24.65,24.65,328317
20200806,24.63,24.67,24.63,24.67,303208
20200807,24.65,24.67,24.65,24.65,136849
20200810,24.67,24.68,24.65,24.65,245191
20200811,24.65,24.67,24.65,24.65,180286
20200812,24.67,24.67,24.64,24.66,117593
20200813,24.67,24.68,24.65,24.65,185125
20200814,24.64,24.67,24.64,24.65,92393
20200817,24.67,24.68,24.65,24.66,157588
20200818,24.67,24.67,24.65,24.66,140701
20200819,24.67,24.69,24.65,24.66,299988
20200820,24.65,24.68,24.65,24.66,212719
20200821,24.66,24.68,24.65,24.67,202378
20200824,24.67,24.68,24.65,24.67,91510
20200825,24.67,24.67,24.65,24.67,139948
20200826,24.67,24.67,24.66,24.67,144961
20200827,24.66,24.67,24.66,24.67,136602
20200828,24.68,24.68,24.66,24.66,385975
20200831,24.67,24.68,24.66,24.68,129646
20200901,24.68,24.7,24.67,24.68,238804
20200902,24.68,24.68,24.67,24.68,248120
20200903,24.68,24.68,24.67,24.68,230221
20200904,24.67,24.69,24.67,24.67,153609
20200908,24.68,24.68,24.66,24.66,127486
20200909,24.67,24.69,24.66,24.67,328910
20200910,24.69,24.7,24.66,24.67,133743
20200911,24.68,24.68,24.67,24.67,161821
20200914,24.68,24.68,24.67,24.68,166977
20200915,24.67,24.68,24.67,24.67,398403
20200916,24.68,24.68,24.67,24.68,175943
20200917,24.68,24.68,24.67,24.68,169518
20200918,24.69,24.69,24.68,24.68,90231
20200921,24.67,24.68,24.67,24.67,150380
20200922,24.68,24.68,24.66,24.68,199790
20200923,24.68,24.69,24.67,24.67,96868
20200924,24.66,24.67,24.66,24.67,124977
20200925,24.66,24.68,24.66,24.67,113559
20200928,24.66,24.68,24.66,24.67,319938
20200929,24.68,24.69,24.67,24.68,403963
20200930,24.69,24.69,24.66,24.67,130811
20201001,24.69,24.69,24.66,24.68,114252
20201002,24.68,24.68,24.65,24.67,182737
20201005,24.68,24.69,24.66,24.68,179794
20201006,24.66,24.68,24.66,24.68,133336
20201007,24.68,24.68,24.66,24.68,140855
20201008,24.68,24.68,24.66,24.66,140768
20201009,24.68,24.68,24.66,24.67,83487
20201012,24.67,24.7,24.67,24.7,257408
20201013,24.68,24.69,24.67,24.68,100004
20201014,24.68,24.69,24.67,24.69,264271
20201015,24.67,24.69,24.67,24.68,85996
20201016,24.67,24.69,24.67,24.68,124915
20201019,24.67,24.69,24.67,24.69,145688
20201020,24.68,24.69,24.66,24.68,268331
20201021,24.68,24.68,24.67,24.67,113827
20201022,24.67,24.69,24.67,24.67,200790
20201023,24.68,24.69,24.67,24.69,130184
20201026,24.67,24.68,24.66,24.68,270828
20201027,24.68,24.68,24.67,24.68,172858
20201028,24.69,24.69,24.67,24.69,99432
20201029,24.68,24.69,24.67,24.67,150269
20201030,24.67,24.68,24.67,24.68,114014
20201102,24.69,24.69,24.67,24.68,120011
20201103,24.67,24.69,24.67,24.68,131404
20201104,24.69,24.7,24.67,24.68,161460
20201105,24.69,24.69,24.67,24.68,119305
20201106,24.68,24.68,24.66,24.68,198815
20201109,24.68,24.69,24.67,24.68,202703
20201110,24.66,24.69,24.66,24.69,173060
20201111,24.66,24.69,24.66,24.69,193702
20201112,24.69,24.7,24.67,24.68,141902
20201113,24.68,24.69,24.68,24.68,117959
20201116,24.68,24.69,24.67,24.68,157139
20201117,24.68,24.69,24.67,24.69,144368
20201118,24.69,24.7,24.67,24.69,217488
20201119,24.67,24.69,24.67,24.68,302481
20201120,24.67,24.69,24.66,24.67,239614
20201123,24.66,24.68,24.66,24.68,225948
20201124,24.68,24.69,24.67,24.69,215175
20201125,24.68,24.69,24.68,24.69,255178
20201127,24.69,24.69,24.67,24.69,59657
20201130,24.68,24.69,24.67,24.68,232501
20201201,24.69,24.7,24.67,24.69,388755
20201202,24.7,24.7,24.68,24.68,143154
20201203,24.69,24.7,24.68,24.69,153414
20201204,24.7,24.7,24.68,24.69,137635
20201207,24.69,24.7,24.68,24.68,110012
20201208,24.7,24.7,24.65,24.68,212382
20201209,24.7,24.7,24.68,24.69,153259
20201210,24.68,24.7,24.68,24.7,170222
20201211,24.68,24.7,24.67,24.69,422335
20201214,24.69,24.7,24.68,24.69,402260
20201215,24.71,24.71,24.68,24.7,285121
20201216,24.69,24.7,24.68,24.69,153472
20201217,24.69,24.7,24.67,24.69,302669
20201218,24.7,24.7,24.64,24.69,395982
20201221,24.69,24.71,24.66,24.7,708622
20201222,24.69,24.7,24.68,24.7,378939
20201223,24.7,24.7,24.68,24.7,375564
20201224,24.7,24.7,24.69,24.7,116109
20201228,24.69,24.7,24.67,24.69,313048
20201229,24.7,24.71,24.68,24.68,250080
20201230,24.68,24.7,24.68,24.68,206812
20201231,24.69,24.7,24.68,24.7,118342
20210104,24.71,24.71,24.68,24.69,160250
20210105,24.67,24.69,24.67,24.68,254825
20210106,24.69,24.7,24.67,24.7,156285
20210107,24.68,24.7,24.68,24.7,302548
20210108,24.68,24.7,24.68,24.7,243068
20210111,24.68,24.7,24.68,24.69,228965
20210112,24.7,24.7,24.69,24.7,224100
20210113,24.68,24.7,24.68,24.7,639734
20210114,24.69,24.7,24.69,24.7,523420
20210115,24.69,24.7,24.69,24.7,220967
20210119,24.7,24.7,24.69,24.7,553078
20210120,24.7,24.7,24.69,24.69,276236
20210121,24.7,24.7,24.68,24.7,453092
20210122,24.71,24.71,24.69,24.69,297217
20210125,24.69,24.7,24.69,24.69,343518
20210126,24.68,24.7,24.68,24.7,689877
20210127,24.69,24.7,24.68,24.69,632586
20210128,24.69,24.69,24.68,24.69,791657
20210129,24.69,24.7,24.69,24.69,500958
20210201,24.69,24.7,24.69,24.69,332780
20210202,24.69,24.7,24.69,24.69,363033
20210203,24.69,24.72,24.69,24.7,923115
20210204,24.71,24.71,24.7,24.7,201457
20210205,24.69,24.71,24.68,24.69,670134
20210208,24.69,24.71,24.69,24.7,1089222
20210209,24.69,24.71,24.69,24.69,242638
20210210,24.69,24.71,24.69,24.7,384243
20210211,24.71,24.71,24.7,24.7,334377
20210212,24.69,24.71,24.69,24.71,303762
20210216,24.69,24.71,24.69,24.69,211616
20210217,24.7,24.71,24.7,24.7,125138
20210218,24.7,24.71,24.69,24.71,145737
20210219,24.71,24.71,24.7,24.7,135230
20210222,24.69,24.72,24.69,24.7,482347
20210223,24.7,24.71,24.7,24.7,141662
20210224,24.71,24.71,24.69,24.71,371245
20210225,24.7,24.71,24.66,24.69,438042
20210226,24.7,24.71,24.69,24.7,158438
20210301,24.7,24.7,24.69,24.7,133893
20210302,24.69,24.7,24.68,24.69,409159
20210303,24.69,24.7,24.69,24.69,1035956
20210304,24.71,24.71,24.69,24.7,256618
20210305,24.7,24.7,24.69,24.69,277615
20210308,24.68,24.71,24.68,24.7,236527
20210309,24.71,24.71,24.69,24.7,293842
20210310,24.7,24.71,24.7,24.71,146515
20210311,24.71,24.71,24.69,24.7,269823
20210312,24.69,24.7,24.67,24.7,368226
20210315,24.69,24.7,24.69,24.7,84920
20210316,24.69,24.7,24.69,24.7,134565
20210317,24.69,24.7,24.69,24.7,193672
20210318,24.69,24.7,24.69,24.7,241113
20210319,24.69,24.7,24.69,24.7,338394
20210322,24.69,24.7,24.68,24.7,162612
20210323,24.69,24.7,24.69,24.69,130140
20210324,24.7,24.71,24.69,24.7,252410
20210325,24.69,24.71,24.69,24.7,93785
20210326,24.69,24.71,24.69,24.69,229160
20210329,24.69,24.71,24.69,24.7,167455
20210330,24.69,24.72,24.69,24.7,825545
20210331,24.7,24.71,24.7,24.71,131253
20210401,24.7,24.71,24.7,24.71,206149
20210405,24.69,24.71,24.69,24.7,245725
20210406,24.71,24.72,24.69,24.7,175256
20210407,24.7,24.71,24.69,24.7,180885
20210408,24.7,24.71,24.7,24.7,853247
20210409,24.7,24.71,24.7,24.7,120201
20210412,24.7,24.71,24.7,24.71,273858
20210413,24.71,24.71,24.7,24.71,180163
20210414,24.7,24.71,24.7,24.71,126133
20210415,24.71,24.71,24.7,24.71,225535
20210416,24.7,24.72,24.7,24.71,130265
20210419,24.7,24.71,24.69,24.71,137869
20210420,24.7,24.71,24.7,24.71,107552
20210421,24.72,24.72,24.7,24.7,86119
20210422,24.72,24.72,24.71,24.71,105634
20210423,24.72,24.72,24.7,24.72,80612
20210426,24.7,24.71,24.7,24.7,173302
20210427,24.7,24.72,24.7,24.7,222015
20210428,24.7,24.71,24.7,24.7,121782
20210429,24.71,24.71,24.7,24.71,134220
20210430,24.71,24.72,24.7,24.7,228030
20210503,24.7,24.72,24.7,24.72,315254
20210504,24.71,24.72,24.71,24.72,96102
20210505,24.71,24.72,24.71,24.72,146285
20210506,24.72,24.72,24.71,24.72,146705
20210507,24.72,24.72,24.71,24.71,164085
20210510,24.71,24.72,24.71,24.71,127030
20210511,24.72,24.72,24.71,24.72,208943
20210512,24.71,24.72,24.71,24.71,208296
20210513,24.72,24.72,24.71,24.71,231989
20210514,24.71,24.72,24.71,24.71,145817
20210517,24.71,24.72,24.71,24.71,142240
20210518,24.71,24.72,24.7,24.72,96039
20210519,24.71,24.72,24.71,24.71,208598
20210520,24.71,24.72,24.71,24.71,103623
20210521,24.72,24.72,24.71,24.71,104669
20210524,24.71,24.72,24.71,24.72,274209
20210525,24.72,24.72,24.71,24.72,94838
20210526,24.72,24.72,24.71,24.72,76349
20210527,24.72,24.72,24.72,24.72,127292
20210528,24.72,24.72,24.71,24.72,109361
20210601,24.73,24.73,24.69,24.71,299663
20210602,24.72,24.72,24.71,24.72,195371
20210603,24.73,24.73,24.71,24.71,96366
20210604,24.71,24.72,24.71,24.72,98136
20210607,24.71,24.72,24.71,24.72,107008
20210608,24.72,24.72,24.71,24.71,98452
20210609,24.72,24.72,24.71,24.72,75026
20210610,24.71,24.72,24.71,24.72,137617
20210611,24.72,24.73,24.71,24.72,164477
20210614,24.71,24.72,24.71,24.72,320716
20210615,24.72,24.72,24.71,24.71,311386
20210616,24.71,24.73,24.71,24.71,155450
20210617,24.71,24.72,24.7,24.72,191015
20210618,24.72,24.72,24.71,24.71,64806
20210621,24.72,24.72,24.71,24.72,178999
20210622,24.71,24.72,24.71,24.72,122339
20210623,24.71,24.73,24.71,24.73,128589
20210624,24.72,24.72,24.71,24.72,63898
20210625,24.72,24.73,24.71,24.71,82333
20210628,24.71,24.73,24.71,24.72,266866
20210629,24.72,24.73,24.72,24.73,79921
20210630,24.73,24.73,24.71,24.71,90632
20210701,24.72,24.73,24.71,24.72,89464
20210702,24.72,24.72,24.71,24.72,140368
20210706,24.71,24.72,24.71,24.72,168193
20210707,24.71,24.72,24.71,24.72,142994
20210708,24.73,24.73,24.71,24.71,199684
20210709,24.71,24.72,24.71,24.71,173398
20210712,24.71,24.72,24.66,24.71,415840
20210713,24.7,24.72,24.7,24.72,88974
20210714,24.71,24.72,24.71,24.72,137296
20210715,24.72,24.72,24.71,24.72,139799
20210716,24.71,24.72,24.71,24.72,465710
20210719,24.71,24.72,24.71,24.72,110954
20210720,24.71,24.72,24.71,24.72,89887
20210721,24.71,24.72,24.71,24.72,100248
20210722,24.71,24.72,24.71,24.72,87440
20210723,24.71,24.72,24.71,24.71,73809
20210726,24.71,24.72,24.7,24.71,2004837
20210727,24.71,24.73,24.71,24.72,306827
20210728,24.72,24.74,24.72,24.73,691124
20210729,24.72,24.73,24.72,24.73,191967
20210730,24.73,24.74,24.72,24.73,292100
20210802,24.72,24.73,24.72,24.72,82506
20210803,24.72,24.73,24.72,24.73,125604
20210804,24.72,24.73,24.72,24.72,79984
20210805,24.72,24.73,24.72,24.73,100804
20210806,24.72,24.73,24.71,24.72,160541
20210809,24.73,24.73,24.72,24.72,108140
20210810,24.72,24.73,24.72,24.72,110736
20210811,24.72,24.73,24.72,24.73,82688
20210812,24.72,24.73,24.72,24.72,113424
20210813,24.72,24.74,24.72,24.72,71904
20210816,24.73,24.73,24.72,24.72,128883
20210817,24.72,24.73,24.72,24.72,150121
20210818,24.72,24.73,24.72,24.73,142657
20210819,24.73,24.73,24.72,24.73,77010
20210820,24.73,24.74,24.72,24.73,185017
20210823,24.72,24.74,24.72,24.73,235040
20210824,24.72,24.74,24.72,24.72,163863
20210825,24.72,24.73,24.72,24.72,59250
20210826,24.72,24.73,24.72,24.73,125303
20210827,24.72,24.73,24.72,24.73,85951
20210830,24.72,24.73,24.72,24.72,99324
20210831,24.72,24.73,24.72,24.72,112056
20210901,24.73,24.74,24.72,24.72,100372
20210902,24.73,24.74,24.71,24.73,272272
20210903,24.74,24.74,24.72,24.72,263450
20210907,24.73,24.73,24.72,24.72,78780
20210908,24.72,24.73,24.72,24.73,68293
20210909,24.72,24.74,24.72,24.72,97022
20210910,24.72,24.73,24.72,24.72,76658
20210913,24.72,24.73,24.72,24.72,155573
20210914,24.72,24.73,24.72,24.73,87509
20210915,24.73,24.73,24.72,24.72,149025
20210916,24.72,24.73,24.72,24.72,110191
20210917,24.73,24.73,24.72,24.73,131785
20210920,24.73,24.73,24.72,24.72,152857
20210921,24.72,24.73,24.72,24.73,102778
20210922,24.72,24.74,24.72,24.73,177743
20210923,24.72,24.73,24.72,24.73,70986
20210924,24.73,24.73,24.72,24.72,1811249
20210927,24.72,24.73,24.72,24.73,152731
20210928,24.72,24.73,24.72,24.72,77905
20210929,24.71,24.73,24.71,24.71,207498
20210930,24.71,24.73,24.71,24.72,144726
20211001,24.71,24.72,24.71,24.72,128738
20211004,24.72,24.73,24.71,24.72,145344
20211005,24.71,24.72,24.71,24.72,58162
20211006,24.71,24.72,24.71,24.72,1583237
20211007,24.72,24.73,24.71,24.72,193655
20211008,24.71,24.73,24.71,24.73,81508
20211011,24.71,24.73,24.71,24.72,94773
20211012,24.73,24.73,24.72,24.72,678475
20211013,24.71,24.72,24.71,24.71,127390
20211014,24.71,24.72,24.71,24.72,62638
20211015,24.72,24.72,24.71,24.72,295824
20211018,24.71,24.73,24.71,24.71,258606
20211019,24.71,24.73,24.7,24.72,606413
20211020,24.72,24.73,24.72,24.73,226502
20211021,24.71,24.72,24.71,24.72,111788
20211022,24.7,24.72,24.7,24.72,93385
20211025,24.71,24.73,24.71,24.72,335088
20211026,24.71,24.73,24.71,24.72,1029106
20211027,24.71,24.72,24.71,24.71,96137
20211028,24.71,24.72,24.71,24.71,457719
20211029,24.71,24.72,24.71,24.71,162454
20211101,24.72,24.73,24.72,24.725,149082
20211102,24.71,24.73,24.71,24.715,142558
20211103,24.71,24.73,24.71,24.725,102875
20211104,24.72,24.73,24.72,24.73,130202
20211105,24.72,24.73,24.71,24.725,643812
20211108,24.72,24.73,24.72,24.72,124535
20211109,24.71,24.73,24.71,24.72,109766
20211110,24.72,24.73,24.72,24.72,114201
20211111,24.71,24.73,24.71,24.715,160374
20211112,24.72,24.73,24.71,24.715,163144
20211115,24.71,24.72,24.71,24.715,102682
20211116,24.71,24.72,24.71,24.72,113353
20211117,24.71,24.72,24.71,24.715,341126
20211118,24.71,24.72,24.71,24.71,181174
20211119,24.71,24.72,24.7039,24.705,168793
20211122,24.71,24.72,24.71,24.715,118242
20211123,24.72,24.72,24.71,24.71,554796
20211124,24.71,24.72,24.71,24.715,130137
20211126,24.72,24.72,24.71,24.72,47779
20211129,24.71,24.72,24.71,24.715,190681
20211130,24.71,24.72,24.71,24.71,133481
20211201,24.7,24.72,24.7,24.72,366667
20211202,24.72,24.72,24.71,24.71,188464
20211203,24.71,24.72,24.71,24.715,884170
20211206,24.71,24.72,24.71,24.72,179266
20211207,24.72,24.72,24.71,24.72,234523
20211208,24.71,24.72,24.71,24.72,192957
20211209,24.71,24.72,24.71,24.72,131640
20211210,24.71,24.72,24.71,24.71,180036
20211213,24.71,24.72,24.71,24.715,109668
20211214,24.71,24.72,24.71,24.71,315272
20211215,24.72,24.72,24.71,24.71,151664
