Date,Open,High,Low,Close,Volume
20020701,0.45,0.45,0.45,0.45,600
20020718,0.375,0.375,0.34,0.375,28000
20020719,0.45,0.45,0.45,0.45,2000
20020723,0.3,0.3,0.3,0.3,5200
20020724,0.3,0.3,0.3,0.3,10000
20020801,0.375,0.375,0.28,0.28,30000
20020805,0.27,0.27,0.27,0.27,400
20020813,0.27,0.27,0.27,0.27,200
20020815,0.27,0.27,0.27,0.27,2500
20020816,0.27,0.27,0.27,0.27,4600
20020822,0.27,0.27,0.27,0.27,500
20021003,0.25,0.3,0.25,0.3,9800
20021011,0.24,0.25,0.24,0.25,15200
20021028,0.25,0.3,0.25,0.3,3500
20021106,0.3,0.3,0.3,0.3,50000
20021107,0.3,0.35,0.3,0.33,21800
20021112,0.18,0.25,0.18,0.25,15200
20021113,0.3,0.3,0.3,0.3,2700
20021120,0.33,0.33,0.33,0.33,100
20021219,0.27,0.27,0.27,0.27,500
20021223,0.27,0.3001,0.27,0.3001,8700
20021226,0.27,0.3001,0.27,0.27,31400
20021227,0.25,0.25,0.25,0.25,4600
20021230,0.25,0.25,0.25,0.25,4000
20030109,0.2,0.3,0.2,0.3,71900
20030115,0.3,0.35,0.25,0.35,79800
20030212,0.08,0.35,0.08,0.35,37700
20030218,0.35,0.35,0.27,0.27,15000
20030219,0.35,0.35,0.27,0.35,30000
20030319,0.08,0.5,0.08,0.5,47200
20030403,0.21,0.25,0.21,0.25,10900
20030407,0.25,0.25,0.25,0.25,2000
20030408,0.25,0.3,0.25,0.3,5000
20030416,0.25,0.3,0.25,0.3,5200
20030424,0.4,0.45,0.35,0.4,14500
20030505,0.25,0.49,0.1,0.49,23100
20030513,0.2,0.55,0.2,0.5,5600
20030514,0.4,0.45,0.3,0.35,28200
20030515,0.4,0.45,0.35,0.45,15000
20030519,0.3,0.4,0.25,0.4,13600
20030522,0.3,0.3,0.3,0.3,6000
20030528,0.3,0.35,0.3,0.35,7200
20030529,0.3,0.35,0.3,0.3,17800
20030604,0.25,0.25,0.25,0.25,21400
20030606,0.33,0.33,0.3,0.3,15000
20030611,0.35,0.35,0.3,0.3,10000
20030620,0.25,0.25,0.25,0.25,4200
20030626,0.25,0.25,0.25,0.25,600
20030630,0.3,0.3,0.3,0.3,5000
20030707,0.35,0.35,0.3,0.3,4000
20030709,0.3,0.3,0.3,0.3,10000
20030717,0.31,0.31,0.31,0.31,3000
20030718,0.31,0.31,0.3,0.3,196300
20030721,0.25,0.36,0.25,0.36,4200
20030806,0.28,0.28,0.27,0.28,43000
20030808,0.3,0.3,0.3,0.3,2000
20030811,0.27,0.3,0.24,0.24,125600
20030812,0.37,0.37,0.37,0.37,3100
20030813,0.23,0.23,0.23,0.23,3100
20030815,0.23,0.28,0.23,0.28,8000
20030818,0.37,0.37,0.35,0.35,6000
20030819,0.35,0.35,0.33,0.33,10000
20030820,0.35,0.35,0.33,0.35,117100
20030822,0.4,0.4,0.35,0.35,10000
20030826,0.4,0.45,0.36,0.4,18300
20030828,0.3,0.3,0.3,0.3,3400
20030903,0.3,0.32,0.3,0.31,91800
20030908,0.35,0.35,0.35,0.35,9200
20030909,0.39,0.4,0.35,0.35,79300
20030910,0.35,0.35,0.35,0.35,1000
20030911,0.3,0.3,0.3,0.3,5000
20030918,0.42,0.42,0.4,0.4,1000
20031007,0.25,0.35,0.25,0.28,21700
20031010,0.31,0.32,0.31,0.32,6200
20031013,0.42,0.42,0.4,0.4,2000
20031027,0.42,0.42,0.4,0.4,7200
20031107,0.42,0.42,0.4,0.4,3000
20031111,0.32,0.35,0.25,0.25,82110
20031112,0.35,0.35,0.35,0.35,5000
20031117,0.32,0.32,0.32,0.32,3166
20031118,0.32,0.32,0.32,0.32,3186
20031119,0.35,0.35,0.35,0.35,5250
20031125,0.32,0.32,0.32,0.32,353
20031201,0.35,0.35,0.35,0.35,3514
20031211,0.32,0.35,0.3,0.35,31950
20031212,0.3,0.4,0.3,0.37,21378
20031217,0.4,0.4,0.39,0.39,5000
20031223,0.3,0.4,0.3,0.4,42200
20031231,0.34,0.36,0.34,0.36,24013
20040106,0.4,0.4,0.4,0.4,32058
20040107,0.39,0.4,0.39,0.4,30000
20040112,0.41,0.42,0.4,0.4,52009
20040113,0.4,0.41,0.38,0.38,76800
20040115,0.41,0.41,0.41,0.41,5000
20040116,0.41,0.41,0.4,0.4,21612
20040123,0.46,0.48,0.41,0.47,26165
20040225,0.45,0.45,0.45,0.45,1400
20040304,0.48,0.5,0.48,0.5,4000
20040310,0.48,0.51,0.4,0.48,18794
20040311,0.51,0.51,0.51,0.51,1000
20040312,0.51,0.51,0.5,0.5,2600
20040315,0.5,0.51,0.5,0.5,3900
20040318,0.34,0.35,0.34,0.35,1000
20040319,0.38,0.45,0.38,0.4,50044
20040323,0.51,0.51,0.39,0.39,2400
20040324,0.3501,0.51,0.35,0.5,20268
20040329,0.35,0.35,0.35,0.35,3168
20040331,0.35,0.35,0.35,0.35,1258
20040402,0.51,0.51,0.45,0.49,53164
20040405,0.51,0.51,0.51,0.51,700
20040414,0.48,0.51,0.48,0.49,32200
20040416,0.5,0.51,0.5,0.51,5000
20040419,0.44,0.51,0.44,0.5,29438
20040422,0.44,0.44,0.44,0.44,3000
20040427,0.5,0.51,0.48,0.5,42978
20040429,0.51,0.51,0.5,0.51,10300
20040430,0.51,0.51,0.5,0.5,9300
20040504,0.45,0.48,0.45,0.48,4000
20040506,0.52,0.52,0.52,0.52,2500
20040510,0.52,0.52,0.52,0.52,200
20040511,0.52,0.52,0.5,0.5,32600
20040512,0.51,0.51,0.45,0.45,4633
20040513,0.51,0.51,0.51,0.51,5000
20040514,0.45,0.48,0.45,0.48,26600
20040518,0.51,0.51,0.51,0.51,4100
20040525,0.5,0.51,0.5,0.51,1400
20040526,0.5,0.51,0.5,0.5,9100
20040601,0.45,0.45,0.45,0.45,1062
20040610,0.49,0.49,0.45,0.45,450
20040615,0.45,0.49,0.45,0.48,26400
20040616,0.5,0.51,0.5,0.5,29254
20040617,0.51,0.51,0.45,0.45,2392
20040621,0.5,0.5,0.5,0.5,10000
20040622,0.5,0.5,0.5,0.5,10000
20040623,0.45,0.48,0.45,0.48,1600
20040624,0.48,0.48,0.45,0.45,50168
20040625,0.45,0.45,0.45,0.45,22978
20040630,0.5,0.5,0.5,0.5,10000
20040709,0.5,0.5,0.5,0.5,2400
20040715,0.46,0.46,0.41,0.41,35500
20040723,0.35,0.45,0.35,0.45,1200
20040727,0.36,0.505,0.36,0.5,5000
20040728,0.505,0.505,0.5,0.5,3000
20040802,0.505,0.505,0.5,0.5,1000
20040811,0.35,0.35,0.35,0.35,1450
20040901,0.505,0.505,0.5,0.5,2000
20040903,0.4,0.45,0.4,0.45,7000
20040907,0.505,0.505,0.4,0.4,1000
20040913,0.36,0.4,0.36,0.4,20000
20040915,0.48,0.48,0.4,0.48,8150
20040920,0.45,0.48,0.45,0.48,21372
20040921,0.41,0.46,0.4,0.4,72288
20040929,0.4,0.44,0.4,0.4,37000
20040930,0.44,0.44,0.44,0.44,2000
20041004,0.35,0.44,0.35,0.4,21410
20041007,0.42,0.42,0.4,0.4,36734
20041011,0.4,0.4,0.4,0.4,9000
20041014,0.35,0.35,0.28,0.3,111650
20041015,0.22,0.3,0.22,0.3,12000
20041019,0.3,0.3,0.28,0.3,23000
20041026,0.3,0.31,0.3,0.31,3000
20041105,0.34,0.34,0.34,0.34,23400
20041110,0.37,0.4,0.37,0.4,31050
20041116,0.43,0.43,0.43,0.43,2000
20041118,0.43,0.43,0.4,0.4,7200
20041119,0.39,0.39,0.35,0.38,33190
20041124,0.4,0.4,0.4,0.4,8800
20041129,0.43,0.43,0.43,0.43,100
20041202,0.35,0.41,0.35,0.4,31232
20041207,0.4,0.43,0.4,0.4,70992
20041209,0.36,0.36,0.36,0.36,3000
20041213,0.42,0.5,0.4,0.45,45854
20041214,0.36,0.38,0.36,0.38,1104
20041215,0.46,0.46,0.45,0.45,5000
20041216,0.45,0.47,0.45,0.45,47000
20041217,0.4,0.42,0.37,0.37,32200
20041220,0.38,0.4,0.37,0.38,35000
20041221,0.37,0.38,0.36,0.36,16003
20041223,0.39,0.4,0.37,0.37,20000
20041227,0.4,0.4,0.4,0.4,100
20041228,0.37,0.38,0.34,0.34,54000
20041229,0.38,0.42,0.36,0.36,30000
20050114,0.45,0.45,0.45,0.45,4000
20050118,0.45,0.45,0.45,0.45,1000
20050119,0.45,0.45,0.45,0.45,19000
20050120,0.4,0.4,0.4,0.4,1000
20050121,0.45,0.45,0.4,0.4,2300
20050125,0.45,0.45,0.45,0.45,6000
20050127,0.45,0.45,0.45,0.45,5000
20050128,0.45,0.45,0.45,0.45,1000
20050201,0.46,0.46,0.46,0.46,4400
20050204,0.4,0.4,0.4,0.4,6000
20050207,0.36,0.36,0.36,0.36,1011
20050209,0.36,0.38,0.36,0.36,30400
20050210,0.4,0.4,0.4,0.4,5000
20050211,0.4,0.4,0.4,0.4,6000
20050214,0.4,0.4,0.4,0.4,33208
20050215,0.4,0.4,0.4,0.4,5000
20050310,0.39,0.39,0.38,0.38,10000
20050315,0.37,0.37,0.37,0.37,14000
20050316,0.4,0.4,0.36,0.36,6000
20050329,0.37,0.37,0.36,0.36,12600
20050406,0.4,0.4,0.4,0.4,5000
20050408,0.38,0.38,0.38,0.38,25000
20050411,0.36,0.36,0.36,0.36,500
20050414,0.36,0.36,0.36,0.36,4000
20050426,0.36,0.39,0.36,0.38,6800
20050428,0.39,0.42,0.39,0.42,5000
20050429,0.42,0.42,0.39,0.39,4000
20050502,0.39,0.39,0.36,0.37,28267
20050503,0.42,0.42,0.4,0.4,8000
20050506,0.35,0.35,0.35,0.35,5000
20050516,0.36,0.36,0.36,0.36,1000
20050517,0.42,0.42,0.4,0.4,2050
20050524,0.35,0.35,0.35,0.35,4000
20050525,0.35,0.35,0.35,0.35,500
20050531,0.35,0.36,0.35,0.36,22500
20050602,0.35,0.35,0.35,0.35,5000
20050616,0.35,0.35,0.32,0.32,43522
20050620,0.4,0.4,0.31,0.4,12800
20050621,0.32,0.32,0.3,0.3,145194
20050622,0.35,0.35,0.35,0.35,7000
20050629,0.34,0.34,0.34,0.34,500
20050701,0.3,0.34,0.3,0.34,67500
20050708,0.34,0.34,0.34,0.34,9000
20050711,0.35,0.35,0.35,0.35,3000
20050712,0.36,0.36,0.36,0.36,7500
20050715,0.3,0.3,0.3,0.3,4001
20050718,0.35,0.35,0.35,0.35,6634
20050719,0.35,0.35,0.35,0.35,6700
20050722,0.38,0.38,0.38,0.38,20000
20050727,0.33,0.33,0.32,0.32,10600
20050801,0.31,0.31,0.31,0.31,10000
20050802,0.33,0.33,0.33,0.33,26300
20050811,0.38,0.38,0.33,0.33,22500
20050815,0.39,0.39,0.39,0.39,5000
20050817,0.38,0.38,0.38,0.38,10000
20050823,0.39,0.39,0.33,0.35,24622
20050824,0.35,0.35,0.35,0.35,7738
20050825,0.35,0.35,0.35,0.35,10000
20050901,0.35,0.35,0.35,0.35,15000
20050908,0.35,0.35,0.35,0.35,5000
20050909,0.33,0.33,0.33,0.33,100
20050912,0.35,0.35,0.35,0.35,300
20050913,0.35,0.35,0.35,0.35,5000
20050920,0.33,0.33,0.33,0.33,2000
20050927,0.33,0.33,0.33,0.33,200
20050928,0.33,0.33,0.33,0.33,1500
20051006,0.39,0.39,0.39,0.39,1090
20051012,0.33,0.33,0.33,0.33,8500
20051013,0.33,0.33,0.33,0.33,72108
20051018,0.33,0.33,0.33,0.33,1000
20051020,0.33,0.37,0.33,0.37,1738
20051025,0.35,0.35,0.35,0.35,10000
20051031,0.33,0.33,0.33,0.33,5000
20051101,0.33,0.34,0.3,0.3,102750
20051107,0.33,0.33,0.33,0.33,4975
20051108,0.33,0.33,0.25,0.3,20000
20051114,0.3,0.3,0.3,0.3,334
20051117,0.35,0.36,0.33,0.33,28090
20051118,0.34,0.34,0.34,0.34,15000
20051121,0.3,0.3,0.3,0.3,5000
20051122,0.3,0.3,0.3,0.3,18000
20051123,0.3,0.34,0.3,0.34,18920
20051128,0.33,0.33,0.33,0.33,5000
20051202,0.31,0.31,0.31,0.31,2800
20051207,0.33,0.35,0.315,0.35,87084
20051208,0.36,0.36,0.36,0.36,19000
20051209,0.33,0.33,0.32,0.32,21860
20051213,0.32,0.32,0.3,0.3,21000
20051214,0.35,0.35,0.34,0.34,10000
20051216,0.32,0.32,0.31,0.31,13820
20051227,0.34,0.34,0.34,0.34,15000
20051228,0.31,0.35,0.31,0.35,18792
20051229,0.33,0.33,0.33,0.33,61008
20051230,0.33,0.34,0.33,0.34,100000
20060103,0.32,0.32,0.32,0.32,3500
20060104,0.33,0.33,0.33,0.33,141614
20060105,0.32,0.34,0.32,0.34,12285
20060106,0.35,0.35,0.35,0.35,13200
20060112,0.35,0.35,0.33,0.33,28000
20060113,0.31,0.31,0.31,0.31,37137
20060118,0.33,0.33,0.33,0.33,23466
20060119,0,0,0,0.33,48000
20060130,0.39,0.39,0.39,0.39,1000
20060201,0.35,0.35,0.31,0.35,40558
20060202,0.35,0.35,0.35,0.35,52500
20060203,0.35,0.35,0.35,0.35,30260
20060206,0.37,0.39,0.35,0.35,20000
20060207,0.37,0.37,0.37,0.37,5000
20060208,0.36,0.36,0.36,0.36,12000
20060209,0.36,0.37,0.36,0.37,15580
20060213,0.36,0.36,0.36,0.36,167
20060214,0.36,0.36,0.35,0.35,10700
20060215,0.355,0.355,0.355,0.355,55000
20060217,0.37,0.39,0.37,0.39,20000
20060222,0.39,0.39,0.39,0.39,17500
20060223,0.4,0.4,0.35,0.39,7100
20060224,0.35,0.35,0.35,0.35,789
20060301,0.35,0.35,0.35,0.35,300
20060308,0.38,0.38,0.38,0.38,3000
20060313,0.38,0.38,0.38,0.38,1127
20060314,0.38,0.38,0.38,0.38,284
20060315,0.4,0.4,0.4,0.4,12000
20060316,0.4,0.4,0.4,0.4,14000
20060317,0.4,0.4,0.4,0.4,9200
20060320,0.4,0.4,0.4,0.4,24160
20060327,0.38,0.38,0.38,0.38,16000
20060329,0.35,0.37,0.35,0.37,4100
20060405,0.35,0.35,0.35,0.35,1144
20060410,0.35,0.37,0.35,0.37,9100
20060411,0.36,0.36,0.35,0.35,42000
20060412,0.36,0.36,0.36,0.36,20000
20060413,0.36,0.37,0.35,0.36,37664
20060417,0.35,0.4,0.35,0.4,21772
20060418,0.35,0.36,0.35,0.36,33052
20060419,0.38,0.38,0.36,0.36,73968
20060424,0.36,0.36,0.35,0.35,16000
20060425,0.36,0.4,0.36,0.4,32009
20060426,0.42,0.5,0.42,0.44,154662
20060427,0.4,0.42,0.4,0.42,7600
20060428,0.47,0.47,0.47,0.47,1000
20060501,0.42,0.42,0.4,0.42,60314
20060502,0.42,0.42,0.42,0.42,5000
20060503,0.42,0.44,0.4,0.42,54000
20060504,0.42,0.43,0.4,0.43,35000
20060508,0.43,0.43,0.41,0.42,30141
20060509,0.42,0.42,0.41,0.41,6359
20060510,0.41,0.42,0.41,0.42,76174
20060511,0.42,0.42,0.4,0.42,46000
20060512,0.41,0.46,0.41,0.46,2100
20060516,0.41,0.41,0.41,0.41,2000
20060518,0.42,0.42,0.4,0.42,30492
20060519,0.42,0.42,0.41,0.41,16000
20060522,0.42,0.42,0.4,0.41,53500
20060523,0.41,0.42,0.41,0.42,10000
20060530,0.41,0.41,0.41,0.41,200
20060531,0.41,0.41,0.41,0.41,2000
20060601,0.41,0.42,0.41,0.42,4664
20060602,0.41,0.41,0.41,0.41,146
20060609,0.41,0.41,0.41,0.41,11000
20060614,0.41,0.41,0.41,0.41,20000
20060620,0.41,0.41,0.41,0.41,9556
20060621,0.42,0.42,0.42,0.42,11400
20060622,0.42,0.42,0.41,0.41,35000
20060623,0.42,0.42,0.41,0.42,295000
20060629,0.37,0.41,0.37,0.41,7000
20060703,0.42,0.42,0.42,0.42,2000
20060706,0.4,0.41,0.4,0.41,19000
20060710,0.43,0.43,0.43,0.43,2000
20060711,0.43,0.43,0.43,0.43,2000
20060712,0.41,0.41,0.41,0.41,7500
20060713,0.43,0.43,0.43,0.43,5000
20060718,0.43,0.43,0.42,0.42,15000
20060719,0.41,0.41,0.41,0.41,5000
20060720,0.41,0.41,0.41,0.41,21197
20060724,0.41,0.41,0.41,0.41,3460
20060725,0.44,0.44,0.44,0.44,1000
20060726,0.43,0.43,0.41,0.43,171520
20060728,0.41,0.41,0.41,0.41,400
20060801,0.41,0.42,0.41,0.41,34860
20060802,0.41,0.43,0.41,0.42,28672
20060809,0.41,0.42,0.41,0.41,36600
20060811,0.42,0.42,0.42,0.42,65000
20060814,0.42,0.42,0.41,0.41,4700
20060821,0.41,0.41,0.41,0.41,12000
20060823,0.41,0.42,0.41,0.41,12000
20060825,0.41,0.41,0.41,0.41,25000
20060831,0.42,0.45,0.42,0.45,50520
20060908,0.42,0.42,0.42,0.42,31850
20060911,0.43,0.43,0.43,0.43,5000
20060913,0.42,0.42,0.42,0.42,20000
20060918,0.42,0.44,0.42,0.43,62500
20060919,0.44,0.49,0.42,0.49,37134
20060920,0.48,0.5,0.45,0.48,146160
20060921,0.47,0.47,0.47,0.47,15000
20060922,0.47,0.47,0.47,0.47,20000
20060926,0.47,0.47,0.47,0.47,10000
20060927,0.47,0.49,0.47,0.49,69700
20060928,0.47,0.49,0.47,0.49,26688
20060929,0.48,0.48,0.48,0.48,16656
20061006,0.48,0.48,0.46,0.46,5000
20061009,0.48,0.485,0.48,0.485,215800
20061010,0.48,0.5,0.48,0.5,137288
20061011,0.49,0.49,0.48,0.48,97000
20061012,0.48,0.485,0.48,0.485,565000
20061013,0.49,0.5,0.49,0.5,32000
20061016,0.5,0.5,0.5,0.5,2400
20061019,0.465,0.465,0.465,0.465,3000
20061020,0.49,0.49,0.48,0.48,81400
20061025,0.53,0.53,0.48,0.48,3300
20061026,0.52,0.52,0.52,0.52,4650
20061027,0.52,0.52,0.52,0.52,1000
20061030,0.5,0.5,0.49,0.49,21900
20061107,0.49,0.53,0.49,0.53,17572
20061108,0.52,0.52,0.51,0.51,12500
20061109,0.51,0.51,0.51,0.51,400
20061114,0.52,0.52,0.51,0.51,22500
20061117,0.53,0.53,0.52,0.52,3000
20061120,0.52,0.52,0.49,0.52,7000
20061128,0.49,0.49,0.49,0.49,10000
20061129,0.49,0.5,0.49,0.5,10000
20061130,0.48,0.48,0.47,0.47,10500
20061201,0.49,0.5,0.49,0.5,18500
20061204,0.5,0.55,0.5,0.55,33454
20061205,0.5,0.52,0.5,0.51,8300
20061207,0.52,0.52,0.51,0.51,3300
20061212,0.51,0.51,0.49,0.5,22900
20061213,0.51,0.51,0.5,0.5,28568
20061219,0.5,0.52,0.49,0.5,120632
20061220,0.5,0.55,0.5,0.52,20000
20061221,0.5,0.57,0.5,0.55,59500
20061222,0.55,0.56,0.52,0.55,108700
20061226,0.55,0.55,0.47,0.55,60972
20061227,0.55,0.56,0.54,0.54,67500
20061228,0.55,0.55,0.53,0.55,18000
20061229,0.59,0.62,0.57,0.6,132917
20070103,0.55,0.62,0.55,0.6,30918
20070104,0.6,0.6,0.57,0.6,3350
20070105,0.6,0.6,0.6,0.6,5000
20070108,0.62,0.68,0.62,0.62,49500
20070109,0.65,0.65,0.61,0.62,38000
20070110,0.62,0.75,0.6,0.7,108338
20070111,0.75,0.81,0.75,0.75,22361
20070112,0.81,0.82,0.75,0.75,35700
20070116,0.75,0.75,0.75,0.75,300
20070117,0.7,0.72,0.7,0.7,35500
20070118,0.75,0.75,0.75,0.75,13000
20070119,0.7,0.75,0.7,0.75,13900
20070122,0.75,0.75,0.7,0.7,23940
20070123,0.68,0.68,0.68,0.68,3200
20070124,0.68,0.68,0.68,0.68,7000
20070126,0.66,0.66,0.66,0.66,2500
20070129,0.65,0.66,0.65,0.66,10500
20070201,0.64,0.64,0.64,0.64,800
20070202,0.68,0.68,0.68,0.68,1675
20070205,0.64,0.64,0.61,0.61,7820
20070207,0.61,0.61,0.61,0.61,2100
20070208,0.65,0.75,0.65,0.68,55988
20070212,0.68,0.68,0.68,0.68,10100
20070213,0.68,0.68,0.68,0.68,2800
20070215,0.75,0.75,0.69,0.69,5611
20070216,0.7,0.72,0.69,0.71,13000
20070220,0.75,0.82,0.69,0.7,74028
20070221,0.72,0.75,0.72,0.75,33600
20070222,0.72,0.72,0.72,0.72,20000
20070223,0.75,0.75,0.7,0.7,21400
20070226,0.72,0.75,0.71,0.71,51128
20070227,0.72,0.75,0.69,0.7,31089
20070228,0.72,0.75,0.72,0.74,54300
20070301,0.7,0.72,0.7,0.72,19500
20070302,0.7,0.72,0.69,0.69,20656
20070305,0.69,0.69,0.68,0.69,42856
20070306,0.69,0.7,0.67,0.7,80240
20070307,0.74,0.75,0.7,0.7,161962
20070308,0.74,0.9,0.74,0.85,14800
20070309,0.82,0.82,0.82,0.82,2000
20070313,0.8,0.84,0.8,0.8,7500
20070314,0.8,0.8,0.71,0.8,46514
20070315,0.8,0.85,0.8,0.82,15886
20070320,0.82,0.84,0.82,0.84,31000
20070321,0.84,0.85,0.82,0.85,91207
20070327,0.82,0.82,0.82,0.82,2500
20070329,0.82,0.82,0.82,0.82,7000
20070404,0.85,0.9,0.85,0.87,33930
20070405,0.87,0.88,0.87,0.88,104438
20070409,0.88,0.89,0.86,0.89,48252
20070410,0.9,0.9,0.87,0.9,83625
20070411,0.9,0.95,0.9,0.93,51850
20070412,0.93,1.04,0.9,1.01,106486
20070413,1.05,1.3,1.05,1.22,97823
20070416,1.45,1.6,1.25,1.35,188541
20070417,1.4,1.4,1.06,1.26,98963
20070418,1.26,1.36,1.26,1.3,71343
20070419,1.3,1.37,1.3,1.3,15152
20070420,1.37,1.39,1.27,1.35,29635
20070423,1.38,1.38,1.28,1.3,50075
20070424,1.32,1.42,1.3,1.4,46166
20070425,1.4,1.43,1.35,1.4,129888
20070426,1.4,1.41,1.35,1.35,63600
20070427,1.39,1.4,1.24,1.25,100940
20070430,1.22,1.27,1.22,1.26,35514
20070501,1.22,1.27,1.22,1.26,35514
20070502,1.22,1.27,1.22,1.26,35514
20070503,1.22,1.27,1.22,1.26,35514
20070504,1.22,1.27,1.22,1.26,35514
20070507,1.3,1.3,1.21,1.25,28465
20070508,1.21,1.21,1.15,1.2,18467
20070509,1.15,1.15,1.08,1.08,32800
20070510,1.06,1.06,0.99,1.05,58134
20070511,1,1.11,0.98,1.11,52470
20070514,1.11,1.115,1.05,1.1,13990
20070515,1.1,1.1,0.97,1.05,33148
20070517,1.01,1.02,1,1,5801
20070518,0.98,1.02,0.98,0.98,3831
20070521,1.02,1.02,1.02,1.02,2500
20070522,1.02,1.02,0.98,1,4100
20070523,0.98,0.99,0.86,0.97,27924
20070524,0.86,0.9,0.86,0.87,29000
20070525,0.88,0.95,0.88,0.95,35500
20070529,0.95,0.95,0.95,0.95,8750
20070530,0.95,0.95,0.95,0.95,750
20070531,0.95,1.05,0.95,1.05,4400
20070601,0.95,1,0.95,1,5000
20070604,0.95,1.01,0.95,1.01,1875
20070605,0.99,0.99,0.96,0.97,14860
20070606,0.99,0.99,0.96,0.96,20900
20070607,0.97,0.98,0.97,0.97,28535
20070608,0.98,0.98,0.97,0.98,22200
20070611,0.97,0.97,0.97,0.97,310
20070612,0.98,0.98,0.97,0.97,33717
20070613,0.97,0.97,0.97,0.97,18701
20070614,0.98,1.03,0.98,1.03,3300
20070615,1.01,1.01,0.97,0.97,7000
20070618,1,1,0.97,0.97,1350
20070619,0.97,0.97,0.97,0.97,680
20070620,1,1,0.99,0.99,10900
20070621,1,1,1,1,1200
20070622,1,1,1,1,1000
20070626,0.88,0.9,0.88,0.9,9300
20070627,0.95,0.95,0.95,0.95,4500
20070628,1,1,1,1,1000
20070702,1,1,1,1,2870
20070705,0.9,0.9,0.88,0.88,9500
20070706,0.88,0.88,0.88,0.88,9794
20070710,0.88,0.88,0.81,0.81,9500
20070712,0.9,0.9,0.9,0.9,3350
20070713,0.9,0.9,0.9,0.9,2250
20070718,0.86,0.86,0.85,0.85,3000
20070719,0.85,0.85,0.79,0.82,22515
20070720,0.8,0.8,0.8,0.8,7500
20070723,0.79,0.79,0.75,0.76,12800
20070724,0.79,0.8,0.79,0.8,18500
20070725,0.76,0.76,0.75,0.75,9850
20070726,0.7,0.75,0.7,0.75,5100
20070727,0.7,0.7,0.7,0.7,6161
20070730,0.68,0.75,0.68,0.75,1850
20070731,0.74,0.74,0.62,0.62,3301
20070801,0.62,0.75,0.62,0.75,22165
20070803,0.75,0.75,0.75,0.75,1000
20070806,0.75,0.75,0.62,0.62,15700
20070807,0.69,0.69,0.65,0.65,7050
20070808,0.67,0.75,0.67,0.75,23150
20070809,0.7,0.71,0.7,0.71,5000
20070810,0.7,0.79,0.7,0.77,15990
20070813,0.77,0.77,0.77,0.77,2350
20070814,0.85,0.85,0.75,0.75,34500
20070816,0.7,0.75,0.65,0.65,8500
20070820,0.78,0.78,0.75,0.75,2542
20070828,0.72,0.72,0.7,0.7,9080
20070830,0.7,0.72,0.7,0.72,6000
20070831,0.72,0.72,0.7,0.7,3520
20070904,0.66,0.66,0.66,0.66,473
20070905,0.66,0.66,0.66,0.66,8500
20070906,0.7,0.7,0.7,0.7,1900
20070907,0.66,0.66,0.66,0.66,2196
20070910,0.65,0.65,0.65,0.65,3000
20070912,0.67,0.7,0.67,0.7,10900
20070913,0.65,0.65,0.65,0.65,1500
20070914,0.65,0.65,0.65,0.65,1600
20070917,0.65,0.65,0.65,0.65,1000
20070918,0.68,0.68,0.65,0.65,9500
20070919,0.65,0.65,0.65,0.65,5367
20070920,0.65,0.65,0.65,0.65,5000
20070921,0.64,0.64,0.56,0.56,6500
20181206,25.24,25.24,25.24,25.24,100
20181212,25.09,25.09,25.0391,25.0391,5000
20190103,25.264,25.264,25.264,25.264,200
20190109,25.25,25.25,25.25,25.25,100
20190207,25.319,25.319,25.319,25.319,100
20190212,25.34,25.34,25.34,25.34,200
20190412,25.4,25.4,25.385,25.4,800
20190418,25.4,25.41,25.4,25.41,1500
20190513,25.48,25.48,25.48,25.48,510
20190801,25.63,25.63,25.63,25.63,100
20190805,25.69,25.8099,25.69,25.8099,1400
20190809,25.78,25.78,25.7699,25.77,1300
20190819,25.7001,25.7001,25.7001,25.7001,195
20190820,25.7362,25.7362,25.7362,25.7362,1200
20190829,25.7197,25.7197,25.7197,25.7197,776
20190905,25.81,25.81,25.73,25.73,1000
20190909,25.6853,25.75,25.6853,25.75,295
20190927,25.65,25.65,25.62,25.6401,2464
20191003,25.83,25.83,25.83,25.83,4000
20191004,25.75,25.78,25.75,25.78,977
20191107,25.63,25.63,25.63,25.63,600
20191202,25.6835,25.6835,25.6835,25.6835,100
20191223,25.51,25.51,25.4485,25.489,1767
20191224,25.4471,25.455,25.44,25.455,200
20200106,25.56,25.56,25.5554,25.5554,500
20200107,25.5349,25.5655,25.5261,25.5531,4850
20200108,25.5201,25.5201,25.5201,25.5201,3000
20200203,25.619,25.619,25.619,25.619,233
20200212,25.05,25.05,25.05,25.05,100
