Date,Open,High,Low,Close,Volume
20171205,19.373,19.373,19.002,19.05,155551
20171206,20.26,20.26,18.765,18.784,32583
20171207,18.878,19.017,18.803,18.974,49016
20171208,19.306,19.306,19.017,19.017,33386
20171211,19.411,19.411,18.993,19.012,33572
20171212,18.955,19.002,18.946,18.981,10997
20171213,19.002,19.145,18.946,19.012,27048
20171214,19.098,19.135,18.993,19.022,22580
20171215,19.135,19.325,19.059,19.264,131678
20171218,19.401,19.563,19.401,19.553,30420
20171219,19.591,19.61,19.43,19.43,46548
20171220,19.477,19.857,19.354,19.392,16062
20171221,19.458,19.515,19.458,19.487,18098
20171222,19.344,19.449,19.344,19.392,8323
20171226,19.42,19.42,19.249,19.344,10241
20171227,19.468,19.515,19.411,19.484,17626
20171228,19.515,19.572,19.468,19.477,22517
20171229,19.506,19.648,19.373,19.373,16920
20180102,19.553,19.762,19.553,19.744,30822
20180103,19.744,20.05,19.744,20.02,70751
20180104,20.32,20.32,19.943,20.2,37941
20180105,20.2,20.32,20.13,20.28,36360
20180108,20.75,20.75,20.14,20.15,29146
20180109,20.19,20.29,20.16,20.16,13863
20180110,19.971,20.152,19.924,20.06,22107
20180111,20.11,20.36,20.11,20.32,45274
20180112,20.34,20.65,20.34,20.4,103695
20180116,20.47,20.9,19.94,20.01,35787
20180117,20.34,20.38,20.16,20.25,10114
20180118,20.12,20.34,19.94,20.1,64918
20180119,20.29,20.33,20.18,20.3,25549
20180122,20.42,20.93,20.41,20.55,44455
20180123,20.55,20.86,20.55,20.77,45741
20180124,20.69,20.71,20.32,20.39,42410
20180125,20.46,20.73,20.42,20.51,36068
20180126,20.57,20.71,20.56,20.56,45651
20180129,20.46,20.9,20.42,20.49,32699
20180130,20.33,20.46,20.23,20.23,19613
20180131,20.31,20.49,20.13,20.13,47926
20180201,20.01,20.19,19.856,19.856,47393
20180202,19.867,19.867,19.42,19.465,23601
20180205,19.278,19.316,18.86,18.886,30915
20180206,18.67,19.191,18.48,19.191,18329
20180207,19.031,19.42,19.031,19.315,14848
20180208,19.211,19.325,18.756,18.756,16243
20180209,18.718,18.776,18.281,18.661,51821
20180212,18.765,19.021,18.765,18.967,20897
20180213,19.439,19.439,18.993,19.098,8263
20180214,19.166,19.506,19.166,19.398,4882
20180215,19.705,19.848,19.538,19.762,16676
20180216,20.4,20.4,19.753,19.772,18193
20180220,19.753,20.06,19.743,19.903,7331
20180221,19.933,20.16,19.819,19.819,11619
20180222,19.857,19.924,19.762,19.886,41222
20180223,19.943,20.04,19.802,20,7797
20180226,20.13,20.23,19.964,20.21,11497
20180227,20.16,20.41,19.886,19.886,5477
20180228,19.819,19.966,19.819,19.902,10480
20180301,19.962,19.962,19.58,19.658,7403
20180302,19.602,20.04,19.602,20.03,5665
20180305,19.895,20.13,19.735,20.09,18805
20180306,20.35,20.35,19.943,20.02,5919
20180307,19.943,20.17,19.867,20.17,17146
20180308,19.943,19.955,19.781,19.781,6376
20180309,20.02,20.046,19.822,19.981,13216
20180312,20.12,20.17,20.01,20.16,5911
20180313,20.22,20.22,20.06,20.06,10579
20180314,20.01,20.07,19.95,19.981,3848
20180315,20.02,20.09,19.962,19.985,10510
20180316,20.06,20.06,19.943,19.976,3776
20180319,19.971,19.971,19.459,19.532,4191
20180320,19.686,19.743,19.639,19.676,8960
20180321,19.585,19.857,19.585,19.838,8715
20180322,19.601,19.601,19.42,19.444,4985
20180323,19.287,19.302,18.993,19.022,10081
20180326,19.153,19.164,18.87,19.135,9074
20180327,19.315,19.315,18.756,18.851,6515
20180328,18.623,18.775,18.309,18.423,120658
20180329,18.566,18.841,18.471,18.813,5019
20180402,18.993,18.993,18.347,18.347,7197
20180403,18.518,18.822,18.518,18.718,3168
20180404,18.556,18.708,18.556,18.708,2432
20180405,18.775,18.855,18.718,18.746,5681
20180406,18.765,18.765,18.386,18.414,3240
20180409,18.618,18.993,18.618,18.766,5384
20180410,18.993,19.259,18.993,19.135,4900
20180411,18.993,19.164,18.95,19.164,1507
20180412,19.154,19.316,19.154,19.225,5544
20180413,19.231,19.306,19.145,19.306,2319
20180416,19.43,19.43,19.183,19.23,6510
20180417,19.23,19.467,19.23,19.467,3177
20180418,19.333,19.458,19.306,19.34,3239
20180419,19.344,19.344,19.07,19.07,2736
20180420,19.031,19.125,18.936,18.936,4513
20180423,18.993,19.002,18.946,18.946,1337
20180424,18.993,18.993,18.442,18.765,8078
20180425,18.395,18.631,18.395,18.631,4759
20180426,18.632,18.831,18.594,18.718,2695
20180427,18.566,18.613,18.547,18.613,2295
20180430,18.631,18.631,18.476,18.476,1905
20180501,18.421,18.604,18.385,18.604,1074
20180502,18.623,18.623,18.623,18.623,538
20180503,18.575,18.651,18.547,18.58,4483
20180504,18.571,18.848,18.571,18.776,4318
20180507,18.689,18.946,18.632,18.946,7958
20180508,18.898,18.898,18.746,18.746,16998
20180509,18.838,19.059,18.824,19.059,8759
20180510,18.955,19.088,18.955,19.088,3591
20180511,19.164,19.261,19.154,19.183,3659
20180514,19.221,19.432,19.221,19.325,6789
20180515,19.194,19.388,19.194,19.313,2489
20180516,19.42,19.562,19.416,19.562,3120
20180517,19.563,19.563,19.439,19.501,2444
20180518,19.481,19.619,19.439,19.439,4632
20180521,19.657,19.731,19.569,19.569,9823
20180522,19.715,19.715,19.658,19.658,7034
20180523,19.477,19.64,19.477,19.563,7023
20180524,19.563,19.586,19.468,19.577,3480
20180525,19.591,19.696,19.563,19.696,4355
20180529,19.515,19.515,19.355,19.43,4616
20180530,19.497,19.613,19.497,19.544,1869
20180531,19.525,19.705,19.496,19.639,10858
20180601,19.886,19.886,19.747,19.747,1060
20180604,19.724,19.886,19.724,19.886,762
20180605,19.819,19.931,19.819,19.931,7171
20180606,19.943,19.943,19.848,19.928,1854
20180607,19.952,19.952,19.715,19.715,5278
20180608,19.734,19.924,19.734,19.924,3872
20180611,19.995,19.995,19.867,19.924,2656
20180612,19.876,20.1,19.825,19.992,12690
20180613,20.09,20.12,19.913,19.943,4217
20180614,19.943,19.971,19.81,19.924,5967
20180615,19.771,19.88,19.762,19.781,5938
20180618,20.08,20.08,19.516,19.905,4122
20180619,19.734,19.847,19.496,19.719,2954
20180620,19.829,20.04,19.829,19.914,9773
20180621,19.848,19.848,19.62,19.62,8406
20180622,19.734,19.734,19.534,19.572,5352
20180625,19.534,19.534,19.116,19.211,13510
20180626,19.363,19.392,19.354,19.355,4066
20180627,19.373,19.666,19.088,19.14,4782
20180628,19.724,19.724,19.135,19.302,4159
20180629,19.355,19.392,19.355,19.392,1380
20180702,19.439,19.458,19.439,19.458,3294
20180703,19.568,19.61,19.568,19.572,1274
20180705,19.543,19.582,19.458,19.507,1696
20180706,19.664,19.819,19.639,19.734,2984
20180709,19.701,19.753,19.691,19.738,2846
20180710,19.723,19.814,19.701,19.799,4036
20180711,19.705,19.718,19.582,19.638,6295
20180712,19.667,19.838,19.667,19.838,5955
20180713,19.829,20.08,19.829,19.952,8834
20180716,20.01,20.07,20.01,20.02,1243
20180717,20.08,20.09,20.01,20.02,4071
20180718,19.924,20.1,19.924,20.1,761
20180719,19.969,19.99,19.933,19.94,6882
20180720,20.37,20.37,19.468,20.02,4923
20180723,20.02,20.13,19.489,19.99,3265
20180724,20.13,20.18,19.971,19.971,10832
20180725,20.14,20.2,20.14,20.18,8903
20180726,20.18,20.27,20.06,20.12,6996
20180727,20.29,20.29,19.952,19.952,9068
20180730,19.868,19.943,19.753,19.829,62892
20180731,19.981,19.981,19.788,19.931,4831
20180801,19.791,19.818,19.735,19.818,1875
20180802,19.612,19.781,19.612,19.72,3028
20180803,19.63,19.76,19.63,19.76,1623
20180806,19.895,19.898,19.789,19.898,2413
20180807,19.829,19.829,19.733,19.828,3097
20180808,19.779,19.943,19.724,19.924,2693
20180809,19.924,19.924,19.757,19.829,5319
20180810,19.804,19.829,19.743,19.829,1064
20180813,19.724,19.838,19.639,19.658,3371
20180814,19.838,19.838,19.685,19.753,2024
20180815,19.629,19.678,19.477,19.667,8221
20180816,19.705,19.848,19.705,19.762,4367
20180817,19.847,19.891,19.828,19.891,1353
20180820,20.02,20.09,19.962,20.07,5756
20180821,20.24,20.37,20.24,20.32,5532
20180822,20.37,20.58,20.37,20.48,4997
20180823,20.62,20.62,20.38,20.5,5140
20180824,20.61,20.7,20.56,20.66,6482
20180827,20.96,21.09,20.89,20.96,9382
20180828,20.97,21.09,20.97,21.04,5256
20180829,21.08,21.2,20.99,21.2,20076
20180830,21.08,21.08,21,21.05,1401
20180831,20.97,21.16,20.97,21.08,1616
20180904,20.91,20.95,20.77,20.77,3921
20180905,20.58,20.58,20.44,20.44,1684
20180906,20.61,20.61,20.35,20.35,9684
20180907,20.27,20.45,20.27,20.45,2439
20180910,20.46,20.54,20.35,20.52,13160
20180911,20.44,20.46,20.38,20.38,9626
20180912,20.73,20.73,20.4,20.4,4771
20180913,20.54,20.66,20.54,20.64,4921
20180914,20.69,20.69,20.53,20.59,1838
20180917,20.67,20.67,20.5,20.5,1406
20180918,20.4,20.54,20.4,20.48,5066
20180919,20.52,20.52,20.36,20.36,6407
20180920,20.49,20.77,20.47,20.72,3657
20180921,20.95,20.95,20.76,20.76,3181
20180924,20.74,20.82,20.74,20.78,2576
20180925,20.86,20.97,20.86,20.97,600
20180926,20.84,20.94,20.69,20.74,3199
20180927,20.79,20.81,20.7,20.7,1206
20180928,20.79,20.8,20.79,20.79,1223
20181001,20.89,20.89,20.7,20.7,2027
20181002,20.71,20.71,20.54,20.6,4027
20181003,20.81,20.81,20.75,20.77,4740
20181004,20.73,20.73,20.39,20.39,3761
20181005,20.21,20.23,19.94,20.05,9505
20181008,20.1,20.1,19.696,19.696,5262
20181009,19.773,19.773,19.734,19.734,1187
20181010,19.677,19.677,19.202,19.223,5379
20181011,19.316,19.316,18.917,18.917,3062
20181012,19.373,19.382,19.164,19.278,8756
20181015,19.335,19.348,19.287,19.326,1109
20181016,19.401,19.772,19.401,19.707,4166
20181017,19.525,19.563,19.392,19.563,4056
20181018,19.544,19.544,19.363,19.363,3260
20181019,19.407,19.604,19.373,19.463,2012
20181022,19.468,19.479,19.415,19.415,917
20181023,19.119,19.249,18.979,19.24,2525
20181024,19.211,19.244,18.718,18.72,4172
20181025,18.794,19.202,18.794,18.965,12897
20181026,19.031,19.069,18.936,19.029,4537
20181029,19.316,19.408,19.079,19.307,3527
20181030,19.091,19.091,19.091,19.091,116
20181031,19.268,19.292,19.194,19.194,1538
20181101,19.249,20.11,19.249,20.11,8387
20181102,19.886,20.09,19.886,20.026,537
20181105,20.11,20.11,19.99,19.991,2503
20181106,19.886,20.06,19.886,20.028,962
20181107,20.22,20.46,20.18,20.46,8795
20181108,20.47,20.85,20.47,20.7,2910
20181109,20.52,20.6,20.42,20.42,3344
20181112,20.08,20.08,19.967,20.07,1405
20181113,20.24,20.24,20.14,20.14,2666
20181114,20.01,20.01,19.914,19.933,1743
20181115,19.658,20.12,19.648,19.94,5661
20181116,19.971,19.971,19.876,19.895,1293
20181119,19.666,19.667,19.449,19.489,1330
20181120,18.015,19.42,18.015,19.306,11398
20181121,19.297,19.525,19.297,19.384,3120
20181123,19.235,19.487,19.235,19.487,7819
20181126,19.62,19.675,19.563,19.652,2040
20181127,18.927,19.613,18.927,19.571,1412
20181128,19.68,19.962,19.68,19.962,2421
20181129,20,20.12,19.933,20,4328
20181130,20.1,20.2,20.1,20.1,966
20181203,20.3,20.3,20.27,20.29,748
20181204,19.952,20.01,19.84,19.902,1063
20181206,19.743,19.829,19.593,19.715,4634
20181207,19.933,19.933,19.558,19.566,1327
20181210,19.603,19.667,19.561,19.561,1880
20181211,19.705,19.705,19.544,19.544,1917
20181212,19.534,19.789,19.534,19.694,2096
20181213,19.534,19.686,19.525,19.525,6928
20181214,19.363,19.449,18.984,19.002,17671
20181217,18.974,19.003,18.803,18.803,1474
20181218,18.917,18.917,18.56,18.651,7374
20181219,18.788,18.788,18.594,18.613,1581
20181220,18.452,18.585,17.864,18.043,12086
20181221,18.252,18.252,17.673,17.673,7528
20181224,17.341,17.341,17.094,17.322,5405
20181226,17.466,17.961,17.466,17.961,13073
20181227,17.866,17.895,17.698,17.816,11174
20181228,17.932,18.187,17.931,18.029,2246
20181231,18.293,18.508,18.107,18.107,9007
20190102,18.167,18.547,18.167,18.547,7558
20190103,18.346,18.547,18.346,18.459,1741
20190104,18.616,19.066,18.616,18.9,5891
20190107,18.909,19.444,18.909,19.281,4844
20190108,19.226,19.38,19.154,19.38,1995
20190109,19.375,19.531,19.375,19.531,4499
20190110,19.165,19.532,19.155,19.323,2992
20190111,19.203,19.585,19.203,19.585,5699
20190114,19.266,19.36,19.255,19.255,5810
20190115,19.195,19.195,19.195,19.195,1027
20190116,19.38,19.578,19.38,19.508,7453
20190117,19.37,19.497,19.341,19.412,2231
20190118,19.487,19.487,19.478,19.484,622
20190122,19.448,19.448,19.105,19.135,2998
20190123,19.331,19.517,19.331,19.38,3623
20190124,19.409,19.625,19.409,19.605,15262
20190125,19.87,19.889,19.694,19.889,3463
20190128,19.693,19.977,19.683,19.928,8230
20190129,20.13,20.32,19.918,20.11,9524
20190130,20.18,20.56,20.17,20.55,5812
20190131,20.5,20.81,20.5,20.8,6039
20190201,20.73,20.86,20.67,20.67,2398
20190204,20.78,21.05,20.78,20.97,4142
20190205,21.07,21.19,20.81,20.86,7668
20190206,21.18,21.25,20.95,20.95,8599
20190207,20.89,21.05,20.89,21.05,20400
20190208,20.75,20.98,20.75,20.98,5161
20190211,21.08,21.28,21.08,21.24,4631
20190212,21.28,21.43,21.14,21.36,10264
20190213,21.3,21.41,21.26,21.35,3460
20190214,21.07,21.34,20.93,21.34,1115
20190215,21.29,21.42,21.27,21.42,8285
20190219,21.32,21.43,21.29,21.43,4084
20190220,21.44,21.49,21.34,21.35,2783
20190221,21.51,21.51,21.4,21.51,807
20190222,21.58,21.59,21.47,21.52,1803
20190225,21.84,21.84,21.79,21.79,2104
20190226,21.6,21.78,21.31,21.32,4426
20190227,21.66,21.66,21.11,21.29,5575
20190228,21.3,21.35,21.3,21.3,2689
20190301,21.41,21.53,21.18,21.29,3260
20190304,21.56,21.79,21.25,21.38,4108
20190305,21.48,21.48,21.38,21.43,2034
20190306,21.51,21.51,21.1,21.1,2712
20190307,21.16,21.16,20.71,20.71,6062
20190308,20.73,20.81,20.64,20.81,46960
20190311,20.72,21.12,20.72,20.95,2333
20190312,21.02,21.35,20.99,21.25,5628
20190313,21.34,21.35,21.15,21.31,3033
20190314,21.11,21.25,21.07,21.25,4832
20190315,21.2,21.35,21.18,21.18,1920
20190318,21.28,21.48,21.28,21.48,2363
20190319,21.26,21.49,21.26,21.34,1158
20190320,21.28,21.39,21.22,21.24,3982
20190321,21.13,21.45,21.13,21.44,2999
20190322,21.35,21.35,21.05,21.05,39791
20190325,21.17,21.17,20.81,20.81,2248
20190326,20.93,21.21,20.93,21.21,918
20190327,21.24,21.26,20.96,21.05,12768
20190328,21.19,21.25,20.98,21.05,4867
20190329,21.34,21.49,21.3,21.35,3646
20190401,21.5,21.54,21.41,21.51,46064
20190402,21.73,21.9,21.58,21.9,8510
20190403,21.9,22.01,21.55,21.79,8759
20190404,21.64,21.64,21.28,21.52,14724
20190405,21.56,21.56,21.45,21.52,5746
20190408,21.54,21.68,21.54,21.64,2551
20190409,21.64,21.64,21.56,21.58,9994
20190410,21.61,21.64,21.59,21.6,2773
20190411,21.7,21.79,21.64,21.79,928
20190412,21.84,21.96,21.84,21.95,3318
20190415,21.96,21.96,21.7,21.84,3626
20190416,21.91,22.05,21.85,22.05,8491
20190417,21.91,21.99,21.61,21.78,12516
20190418,21.83,21.83,21.44,21.44,4049
20190422,21.65,21.82,21.55,21.82,3086
20190423,22,22.22,21.82,22.1,8063
20190424,22.05,22.07,21.96,21.96,2280
20190425,22.03,22.03,21.85,21.85,4131
20190426,22.03,22.03,21.72,21.81,2279
20190429,22.06,22.19,21.74,21.85,6157
20190430,21.7,21.7,21.22,21.44,9659
20190501,21.31,21.45,21.31,21.41,3230
20190502,21.24,21.24,21.17,21.17,1433
20190503,21.26,21.51,21.26,21.51,3925
20190506,21.3,21.47,21.22,21.36,4083
20190507,21.51,21.51,21.12,21.18,4160
20190508,21.26,21.34,21.19,21.24,7707
20190509,21.09,21.23,21.09,21.23,2055
20190510,21.3,21.3,21.11,21.11,1237
20190513,21.03,21.03,20.55,20.55,7136
20190514,20.72,20.88,20.72,20.73,842
20190515,20.65,20.73,20.57,20.69,3056
20190516,20.66,20.76,20.62,20.62,1235
20190517,20.64,20.75,20.61,20.75,2748
20190520,20.58,20.73,20.43,20.58,2420
20190521,20.58,20.74,20.55,20.71,1548
20190522,20.59,20.66,20.59,20.65,1653
20190523,20.49,20.49,20.06,20.17,3735
20190524,20.36,20.36,20.29,20.29,928
20190528,20.22,20.31,20.1,20.12,3509
20190529,20.05,20.05,19.597,19.781,10143
20190530,19.83,19.899,19.732,19.784,3604
20190531,19.63,19.732,19.595,19.664,3293
20190603,19.722,19.722,19.399,19.399,17288
20190604,19.589,19.67,19.501,19.587,4629
20190605,19.866,19.965,19.781,19.879,3311
20190606,19.899,19.939,19.899,19.939,408
20190607,20.08,20.09,19.977,19.977,2004
20190610,20.06,20.35,20.06,20.35,2260
20190611,20.48,20.48,19.94,19.982,5442
20190612,20.03,20.03,19.762,19.767,2868
20190613,19.928,20.02,19.928,19.977,3029
20190614,20.02,20.03,19.9,19.91,1643
20190617,19.781,20.065,19.746,19.791,1901
20190618,20.11,20.11,19.826,20.01,1630
20190619,20.06,20.34,19.841,19.986,7319
20190620,20.36,20.36,20.21,20.28,3993
20190621,20.18,20.19,19.969,20.1,3794
20190624,20.07,20.32,20.07,20.29,1997
20190625,20.26,20.26,19.987,20.07,1946
20190626,20.2,20.21,19.914,19.914,1248
20190627,20.12,20.12,19.869,20.12,7427
20190628,20.45,20.45,20.21,20.32,546
20190701,20.41,20.5,20.35,20.5,1490
20190702,20.42,20.56,20.41,20.41,1540
20190703,20.41,20.41,20.4,20.4,853
20190705,20.39,20.39,20.22,20.29,2961
20190708,20.25,20.3,20.07,20.07,4240
20190709,20.25,20.29,20.22,20.29,1328
20190710,20.42,20.56,20.41,20.56,23503
20190711,20.58,20.58,20.48,20.56,30556
20190712,20.49,20.56,20.41,20.56,1202
20190715,20.64,20.66,20.48,20.66,8292
20190716,20.71,20.73,20.51,20.52,11699
20190717,20.52,20.61,20.42,20.42,1466
20190718,20.51,20.53,20.31,20.43,2678
20190719,20.42,20.42,20.42,20.42,2052
20190722,20.14,20.22,20.06,20.18,3523
20190723,20.31,20.31,20.06,20.17,1664
20190724,20.02,20.14,19.977,20.12,4833
20190725,20.12,20.15,19.977,20.15,9743
20190726,20.27,20.27,19.997,20.08,4734
20190729,20.09,20.09,19.889,20.03,5752
20190730,20.19,20.19,20.08,20.08,1710
20190731,20.21,20.29,20.04,20.18,4182
20190801,20.1,20.12,20.09,20.1,928
20190802,19.977,20.17,19.795,19.795,5616
20190805,19.683,19.742,19.458,19.507,5222
20190806,19.576,20.041,19.494,19.554,2125
20190807,19.673,19.693,19.481,19.481,3087
20190808,19.997,20.006,19.762,19.987,3173
20190809,19.889,19.889,19.801,19.85,2562
20190812,19.811,19.908,19.634,19.781,1470
20190813,19.626,20,19.626,19.984,2574
20190814,19.938,19.938,19.341,19.35,9941
20190815,19.536,19.536,19.098,19.191,1496
20190816,19.272,19.462,19.252,19.462,2643
20190819,19.781,19.956,19.734,19.874,11992
20190820,19.878,19.977,19.878,19.977,868
20190821,19.898,20.03,19.84,20.03,9314
20190822,20.09,20.14,20.03,20.06,2408
20190823,20.12,20.16,19.902,19.943,2390
20190826,19.967,20.04,19.967,19.999,2670
20190827,20.28,20.33,20.21,20.21,1689
20190828,19.889,19.987,19.821,19.875,1141
20190829,20.08,20.12,20.08,20.12,1592
20190830,20.06,20.06,20.06,20.06,214
20190903,19.909,20.07,19.909,19.909,1509
20190904,20.2,20.2,20.15,20.18,1439
20190905,20.22,20.28,20.22,20.27,2306
20190906,20.28,20.34,20.19,20.33,1847
20190909,20.03,20.2,20.03,20.2,2237
20190910,20.21,20.21,20.21,20.21,10
20190911,20.13,20.3,20.13,20.24,853
20190912,20.38,20.47,20.38,20.44,1146
20190913,20.42,20.52,20.42,20.52,1044
20190916,20.56,20.68,20.56,20.58,4134
20190917,20.63,20.63,20.63,20.63,163
20190918,20.69,20.69,20.64,20.64,515
20190919,20.76,20.76,20.76,20.76,1030
20190920,20.8,20.8,20.64,20.64,526
20190923,20.71,20.71,20.63,20.63,2942
20190924,20.69,20.69,20.38,20.38,1902
20190925,20.37,20.42,20.36,20.42,612
20190926,20.41,20.41,20.16,20.18,3017
20190927,20.22,20.22,20.22,20.22,10
20190930,20.13,20.13,20.13,20.13,182
20191001,20.12,20.12,19.781,19.801,2664
20191002,19.745,19.762,19.696,19.737,3558
20191003,19.762,19.82,19.595,19.778,2109
20191004,19.971,20,19.971,20,740
20191007,19.977,19.977,19.977,19.977,112
20191008,19.938,19.938,19.793,19.877,1921
20191009,19.838,19.838,19.811,19.811,610
20191010,19.967,19.967,19.683,19.683,877
20191011,20.12,20.12,20.01,20.01,731
20191014,20.05,20.08,19.99,20.04,990
20191015,20.09,20.09,19.952,20.03,4070
20191016,19.957,20.1,19.957,20.04,3196
20191017,19.997,20.07,19.938,20.07,1183
20191018,19.938,20.04,19.83,19.951,2920
20191021,20.11,20.11,20.11,20.11,253
20191022,20.07,20.15,19.98,20.07,5623
20191023,20.12,20.144,19.967,20.04,9846
20191024,20.07,20.07,20.04,20.04,1194
20191025,20.06,20.26,20.06,20.26,3313
20191028,20.33,20.54,20.32,20.43,4459
20191029,20.43,20.53,20.42,20.51,1848
20191030,20.59,20.99,20.47,20.47,2817
20191031,20.42,20.74,20.42,20.74,2977
20191101,20.82,20.99,20.79,20.85,1197
20191104,21.14,21.2,20.94,21.09,2951
20191105,21.3,21.3,21.23,21.23,2835
20191106,21.2,21.2,21.07,21.07,776
20191107,21.1,21.1,20.79,20.86,4120
20191108,20.79,20.79,20.77,20.77,357
20191111,20.93,20.93,20.55,20.84,3176
20191112,21.05,21.05,20.76,20.82,8367
20191113,20.89,21.02,20.8,20.91,5017
20191114,21.06,21.08,20.94,21.05,1287
20191115,21.2,21.31,21.2,21.31,2431
20191118,21.62,21.93,21.56,21.91,8907
20191119,21.8,21.92,21.8,21.92,3519
20191120,21.85,21.89,21.82,21.82,1779
20191121,21.65,21.65,21.61,21.61,1031
20191122,21.67,21.67,21.62,21.64,2435
20191125,21.66,21.83,21.66,21.83,727
20191126,21.96,22.01,21.96,22.01,724
20191127,21.96,22.33,21.96,22.33,2401
20191129,22.28,22.31,21.93,21.93,9162
20191202,22.07,22.21,21.72,21.83,2402
20191203,21.64,21.75,21.64,21.75,520
20191204,21.8,21.9,21.8,21.9,924
20191205,22.09,22.09,21.87,21.87,1132
20191206,22.1,22.1,21.88,21.88,3380
20191209,21.98,22.1,21.94,21.94,3856
20191210,21.97,21.99,21.97,21.99,1546
20191211,22.12,22.22,22.1,22.16,1543
20191212,22.02,22.17,22.01,22.01,3765
20191213,22.04,22.24,22.04,22.16,1898
20191216,22.35,22.36,22.19,22.23,1771
20191217,22.17,22.28,22.1,22.28,3254
20191218,22.16,22.16,22.09,22.09,749
20191219,22.02,22.15,22.02,22.1,2314
20191220,22.19,22.4,22.06,22.3,3693
20191223,22.43,22.43,22.23,22.32,12417
20191224,22.32,22.35,22.29,22.29,265
20191226,22.29,22.38,22.28,22.38,1763
20191227,22.47,22.85,22.36,22.36,7859
20191230,22.25,22.42,22.02,22.2,9229
20191231,22.17,22.28,22.07,22.1804,2085
20200102,22.8,22.8,22.5405,22.59,2431
20200103,22.45,22.51,22.15,22.465,3991
20200106,22.23,22.32,22.11,22.26,2559
20200107,22.57,22.6,22.3601,22.58,5157
20200108,22.65,22.785,22.65,22.78,1575
20200109,23.0759,23.1391,22.96,23.1391,1562
20200110,23.08,23.296,23.08,23.25,1704
20200113,23.29,23.5408,23.2,23.54,3969
20200114,23.5,23.61,23.5,23.52,1129
20200115,23.58,23.945,23.58,23.7175,13958
20200116,23.87,24.0521,23.87,23.91,6172
20200117,24.13,24.32,24.025,24.139,18421
20200121,24.14,24.22,23.98,23.98,6762
20200122,24.29,24.31,23.9956,24.0188,5809
20200123,24.16,24.1609,23.9532,24.045,7973
20200124,24.28,24.28,23.63,23.81,14732
20200127,23.24,23.64,23.0509,23.08,8568
20200128,23.41,23.48,23.15,23.4316,9622
20200129,23.59,24.02,23.4347,23.5254,3470
20200130,23.33,23.43,23.01,23.148,8184
20200131,23,23,22.85,22.9725,1794
20200203,23.54,23.54,22.51,22.8581,17096
20200204,23.41,23.535,23.4,23.5,2600
20200205,23.85,23.92,23.69,23.69,7332
20200206,23.85,24.12,23.7201,23.7201,11082
20200207,23.83,23.83,23.51,23.71,3482
20200210,25.03,25.03,22.9201,23.5141,5528
20200211,23.77,23.9962,23.7526,23.7647,10333
20200212,24.1,24.1,23.8751,24.07,15794
20200213,23.84,23.92,23.72,23.77,4724
20200214,23.88,23.88,23.64,23.8245,4007
20200218,23.71,23.95,23.6521,23.69,3108
20200219,23.81,24.307,23.81,24.307,4089
20200220,24.04,24.2933,23.98,24.2933,5674
20200221,24.33,24.33,24.05,24.18,5529
20200224,24.86,24.86,22.9266,23.1,15778
20200225,23.2343,23.2343,22.35,22.405,21972
20200226,22.61,22.71,22.605,22.71,3391
20200227,22.06,22.38,21.3372,21.65,10935
20200228,20.69,21.35,20.6,21.35,13547
20200302,21.42,21.73,21.3,21.6,8327
20200303,21.77,21.88,21.1648,21.225,6016
20200304,21.44,21.44,21.25,21.4294,2772
20200305,20.85,21.1375,20.54,20.7265,6673
20200306,20.39,20.76,20.36,20.4,4090
20200309,19.59,19.59,18.6182,18.85,22017
20200310,19.21,19.3074,18.9,19.18,9439
20200311,18.53,19.5078,18.04,18.208,10842
20200312,16.98,17.29,15.39,16.09,9719
20200313,17.1,17.5899,16.1402,16.445,6090
20200316,14.73,16.098,14.58,14.95,12888
20200317,14.19,15.5967,14.19,15.345,18236
20200318,14.29,14.97,14,14,18395
20200319,14.53,15.6,14.49,15.58,9320
20200320,15.87,16.0377,14.97,14.97,4991
20200323,14.41,15.28,14.41,15.215,3262
20200324,16.62,16.81,16.04,16.81,9368
20200325,16.33,17.05,16.33,16.8355,2250
20200326,17.35,17.6799,17.24,17.49,10068
20200327,16.8113,17.1191,16.8113,17.09,7450
20200330,17.21,17.335,17.07,17.315,1867
20200331,17.1,17.6469,17.1,17.35,6820
20200401,16.85,17.0521,16.69,16.69,2810
20200402,16.94,16.94,16.75,16.75,1300
20200403,16.957,16.957,16.56,16.6669,5417
20200406,17.53,18.02,17.53,18.02,1050
20200407,18.24,18.94,17.97,18.4082,3552
20200408,18.42,19.005,18.07,18.99,7313
20200409,19.38,19.4302,18.9828,19.4302,3500
20200413,19.3333,19.485,19.24,19.48,2294
20200414,20,20.1398,19.57,20,4040
20200415,19.56,19.745,19.39,19.74,1207
20200416,19.93,19.93,19.72,19.8373,4164
20200417,20.4,20.4,20.1298,20.2592,2755
20200420,20.4052,20.97,20.4052,20.635,11703
20200421,20.38,20.44,19.73,19.855,1563
20200422,20.2203,20.5,20.2203,20.25,3700
20200423,20.5714,20.58,20.3932,20.43,2826
20200424,20.68,20.68,20.4414,20.59,8700
20200427,21.31,21.88,21.2154,21.8,7610
20200428,23.5,23.5,21.3,21.65,8655
20200429,21.84,22.5999,21.84,22.41,12153
20200430,22.1014,22.29,21.75,21.8577,14321
20200501,21.51,21.615,20.9,21.02,3469
20200504,20.9731,21.16,20.7621,21.13,5595
20200505,21.3,21.877,21.3,21.6,5206
20200506,21.55,21.75,21.4301,21.645,4969
20200507,22.06,22.18,21.935,21.9414,3454
20200508,22.18,22.4981,22.0701,22.2882,1658
20200511,22.39,22.84,22.39,22.81,8992
20200512,22.82,22.95,22.42,22.42,36697
20200513,22.58,22.58,21.44,21.759,15388
20200514,21.45,21.55,21.0569,21.55,14492
20200515,21.5,21.82,21.5,21.82,2330
20200518,22.56,22.78,22.4,22.73,9933
20200519,22.66,23.1,22.66,22.965,3605
20200520,23.66,23.66,23.25,23.4,5754
20200521,23.4782,23.51,22.94,23.335,28629
20200522,23.28,23.4915,23.16,23.4,4525
20200526,24.66,24.66,23.7,23.73,10892
20200527,24.06,24.06,23.16,23.4607,6747
20200528,23.84,23.95,23.355,23.355,8083
20200529,23.37,23.59,23.37,23.59,2186
20200601,23.74,24.15,23.74,24.15,4389
20200602,24.22,24.47,24.0736,24.439,6391
20200603,24.62,24.7218,24.5084,24.71,9936
20200604,24.68,24.82,24.28,24.35,11443
20200605,24.81,24.81,24.354,24.354,4475
20200608,24.81,24.94,24.48,24.93,8050
20200609,24.8276,24.9295,24.695,24.732,3198
20200610,24.96,25.01,24.775,24.85,7493
20200611,25,25,23.4452,23.4452,18179
20200612,23.73,24.21,23.42,23.68,3677
20200615,23.54,24.34,23.54,24.2226,9049
20200616,24.92,24.97,24.635,24.67,23105
20200617,24.77,24.78,24.47,24.57,12610
20200618,24.53,24.84,24.53,24.73,5947
20200619,25,25.12,24.65,24.8499,19332
20200622,25.32,26.3996,24.425,24.9,469760
20200623,24.5,25.35,24.09,25.08,426062
20200624,24.72,24.95,23.911,24.4212,16921
20200625,24.3,24.4029,24.1906,24.4,6178
20200626,24.4,24.455,24,24.1,6691
20200629,23.9,24.03,23.325,23.5,15881
20200630,23.53,24.0299,23.521,23.915,8593
20200701,24.02,24.1862,23.83,24.05,21447
20200702,24.3,24.46,23.995,24.21,12694
20200706,24.79,24.79,24.27,24.5,21105
20200707,24.43,24.745,24.3068,24.54,8069
20200708,24.15,24.5,24.15,24.2369,32924
20200709,24.35,24.515,24.084,24.39,7560
20200710,24.1536,24.33,24.06,24.1075,11644
20200713,24.55,24.925,24,24,19739
20200714,24.17,24.7,23.93,24.7,17317
20200715,25.015,25.29,24.66,25.1,9528
20200716,25.03,25.03,24.69,24.85,5532
20200717,25.06,25.32,24.8732,25.3,6599
20200720,26.32,26.5737,25.34,25.86,18941
20200721,26.04,26.06,25.34,25.62,17796
20200722,25.65,25.885,25.57,25.64,6936
20200723,25.64,25.86,25.131,25.22,11118
20200724,25.16,25.2399,24.73,25,9107
20200727,25,25.33,25,25.15,9736
20200728,25.21,25.29,25.03,25.05,7292
20200729,25.05,25.11,24.7214,25.0165,5095
20200730,24.665,25.11,24.53,25.02,9340
20200731,25.41,25.41,24.74,24.9792,8736
20200803,25.35,25.92,25.335,25.92,7937
20200804,25.79,25.8,25.5885,25.8,14053
20200805,26.12,26.25,25.91,26.1101,12168
20200806,26,26.05,25.7142,26.04,10884
20200807,25.88,26.129,25.6325,25.76,8920
20200810,26.13,26.1799,25.785,26.01,17111
20200811,26.15,26.21,25.77,25.8341,11329
20200812,25.86,26.02,25.8193,25.8862,8740
20200813,26.01,26.24,25.9211,26.175,13290
20200814,26.22,26.25,26.0001,26.2399,39246
20200817,26.02,26.5899,26.02,26.32,14030
20200818,26.45,26.52,26.25,26.3375,14844
20200819,26.4,26.4,26.25,26.26,15646
20200820,26.1,26.4,25.9797,26.18,20194
20200821,25.87,26.09,25.87,25.89,13534
20200824,26.49,26.6107,25.7927,25.82,13689
20200825,26.15,26.2,25.86,26.02,9951
20200826,26.15,26.3625,26.06,26.2,10693
20200827,26.44,26.44,25.8001,25.85,15148
20200828,25.87,26.22,25.8542,26.11,10537
20200831,26.07,26.23,25.9,26.2054,21860
20200901,26.35,26.35,25.52,25.61,853775
20200902,25.85,26.05,25.58,26.02,25538
20200903,25.29,25.6299,24.7,24.7999,25601
20200904,24.99,24.99,23.66,24.5,26160
20200908,24.13,24.6299,23.96,24.365,12897
20200909,24.11,24.9,24.11,24.88,10299
20200910,24.73,24.8899,24.35,24.35,24034
20200911,25.01,25.01,24.08,24.19,28085
20200914,25.03,25.03,24.78,24.9114,13747
20200915,25.56,25.56,25.12,25.255,20464
20200916,25.41,25.59,25.25,25.36,40743
20200917,25,25.59,25,25.39,42728
20200918,25.59,25.74,25.31,25.51,20860
20200921,25.07,25.17,24.47,24.9,35224
20200922,25.31,25.38,24.75,25.2201,13519
20200923,25.07,25.07,24.5,24.51,7386
20200924,24.52,24.52,23.96,24.08,30421
20200925,23.7,24.7894,23.7,24.59,22618
20200928,24.73,24.9699,24.59,24.59,17964
20200929,24.78,24.9699,24.72,24.83,8404
20200930,25,25.4,25,25.14,44941
20201001,25.23,25.5384,25.2,25.5384,27769
20201002,25.4,25.43,25.0301,25.11,8398
20201005,25.55,25.9263,25.54,25.77,7858
20201006,25.83,26.065,25.5326,25.6758,11975
20201007,25.84,26.18,25.71,26.08,40360
20201008,26.22,26.5,26.16,26.42,15535
20201009,26.63,26.99,26.51,26.83,38634
20201012,27.18,27.18,26.68,26.84,22672
20201013,26.81,27.21,26.54,27.0001,58408
20201014,27.03,27.7199,26.74,26.82,24210
20201015,26.64,26.77,26.301,26.72,26833
20201016,27.15,27.2099,26.81,26.81,16992
20201019,27.32,27.54,26.6501,26.78,30411
20201020,27.39,27.39,26.815,26.87,20147
20201021,26.82,26.99,26.47,26.47,18721
20201022,26.72,26.72,26.2,26.482,20780
20201023,26.5343,26.66,25.88,25.92,16138
20201026,25.8,26.3,25.29,25.5501,96337
20201027,25.7,25.7,24.87,25.42,85611
20201028,25.43,25.43,24.55,24.56,18205
20201029,24.55,25.01,24.46,24.7187,9263
20201030,24.33,24.6275,24.22,24.2917,23068
20201102,24.74,24.8653,24.19,24.475,23215
20201103,24.69,25.02,24.43,24.84,11783
20201104,25.03,25.45,24.8601,25.375,24416
20201105,25.68,26.11,25.68,25.94,65802
20201106,25.86,25.86,25.55,25.7999,58377
20201109,26.085,26.11,25.5,25.5,27697
20201110,25.47,25.5799,25.09,25.3969,27944
20201111,25.62,25.82,25.6,25.82,25373
20201112,25.98,25.989,25.605,25.605,15130
20201113,25.8,26,25.8,26,17377
20201116,26.23,26.57,26.01,26.18,15664
20201117,25.96,26.4,25.9,26.2,31562
20201118,26.46,26.7972,26.4,26.4,29746
20201119,26.35,26.72,26.2728,26.61,16150
20201120,26.48,26.67,26.425,26.575,21685
20201123,26.58,27.05,26.58,26.97,43058
20201124,27.14,27.175,26.85,27.05,33530
20201125,27.09,27.291,27.0214,27.255,12807
20201127,27.54,27.8799,27.5001,27.815,24708
20201130,27.48,27.7499,27.1576,27.48,34185
20201201,27.74,27.97,27.5,27.6,31532
20201202,27.5,27.7699,27.23,27.45,24171
20201203,27.53,27.89,27.53,27.835,21870
20201204,28.07,28.3999,27.875,28.2,43486
20201207,28.62,29.0167,28.405,28.785,91994
20201208,29.18,29.3195,28.8,29.055,58655
20201209,29.21,29.23,28.255,28.45,45489
20201210,28.39,29.077,28.37,28.82,56413
20201211,28.77,29,28.54,28.64,61954
20201214,28.83,29.208,28.82,29,87481
20201215,29.09,29.1599,28.83,29.03,38920
20201216,29.21,29.21,28.64,28.66,79748
20201217,28.885,29.0696,28.72,28.94,60628
20201218,29.13,29.4582,28.9,29.3,85141
20201221,29.09,29.49,28.75,29.24,116316
20201222,29.38,29.9999,29.3711,29.84,134940
20201223,30.09,30.4999,30.0142,30.085,115794
20201224,30.74,30.76,29.8801,30.1,61347
20201228,31.22,31.22,30,30.01,109971
20201229,30.07,30.255,29.33,29.42,85936
20201230,29.32,29.91,29.32,29.73,45697
20201231,29.87,29.87,29.54,29.63,41276
20210104,30.05,30.26,29.3002,29.63,120800
20210105,29.52,29.9,29.52,29.88,66439
20210106,29.99,30.3,29.5701,29.94,95677
20210107,30.44,31.48,30.235,31.42,133064
20210108,31.81,31.81,31.1,31.525,169267
20210111,31.7,31.88,31.3,31.83,547608
20210112,32.2,32.25,31.8401,32.05,169402
20210113,32.33,32.46,32.06,32.12,133998
20210114,32.22,32.65,32.1,32.5975,250529
20210115,32.63,32.77,32,32.35,316882
20210119,33.9,33.9,33.27,33.705,377278
20210120,34.28,34.28,33.45,33.59,445084
20210121,33.68,33.68,32.7901,32.8,315611
20210122,32.69,33.02,32.5495,33.02,170845
20210125,33.65,33.815,32.85,33.475,407505
20210126,33.91,33.95,33.6,33.63,356332
20210127,33.55,33.83,32.97,33.04,302832
20210128,33.01,33.34,32.59,33,201110
20210129,32.98,33.25,32.2657,32.5,193991
20210201,32.83,33.135,32.5001,33.08,246861
20210202,33.82,33.94,33.3,33.645,383501
20210203,34.19,34.19,33.68,33.795,307334
20210204,34.19,34.49,33.91,34.2,260018
20210205,35,35.14,34.51,35.06,472269
20210208,36.28,36.7595,35.77,36.71,1173901
20210209,37.74,38.09,37.315,37.84,1233267
20210210,38.54,38.77,37.27,37.67,1116150
20210211,38.1,38.31,37.1,37.51,938176
20210212,37.74,38.1999,37.5,37.9999,560948
20210216,38.44,38.59,37.9,38.02,1111138
20210217,37.87,37.997,36.7001,37.47,659243
20210218,36.71,36.745,35.75,36.09,487166
20210219,37.2,37.37,36.5191,36.66,460727
20210222,36.42,36.5699,35.4001,35.525,550201
20210223,34,34.47,32.59,34.0896,823339
20210224,34.6,34.88,34.01,34.83,332678
20210225,34.85,34.9,32.913,33.17,491925
20210226,33.14,33.44,32.25,32.75,366896
20210301,33.82,34.2399,33.71,34.06,301738
20210302,34.04,34.2,33.5,33.625,243609
20210303,33.91,33.91,32.46,32.46,359161
20210304,32.27,32.5267,30.332,30.97,625263
20210305,31.02,31.41,28.8901,30.8,653438
20210308,30.85,31.2,30.13,30.235,378899
20210309,31,31.599,30.947,31.36,465664
20210310,31.95,32.31,31.4,31.5,265486
20210311,32.13,32.8098,32.13,32.77,387234
20210312,32.46,32.8196,32.1501,32.71,174726
20210315,32.65,33.23,32.65,33.18,171885
20210316,33.44,33.63,32.63,32.91,174599
20210317,32.29,33.188,32.1015,33.02,90168
20210318,32.72,32.8,32,32.02,359170
20210319,31.94,32.5,31.79,32.435,102390
20210322,32.86,33,32.51,32.58,200725
20210323,32.69,32.92,31.633,31.82,185642
20210324,32.08,32.11,31,31.04,357308
20210325,30.67,31,30.16,30.85,179417
20210326,30.71,31.21,30.5151,31,129070
20210329,31.1,31.26,30.52,30.75,121717
20210330,30.64,30.87,30.2916,30.71,187737
20210331,31,31.56,30.78,31.28,254044
20210401,31.93,32.13,31.74,31.86,140841
20210405,32.48,32.5,32.1,32.3,222880
20210406,32.24,32.49,32,32.28,138598
20210407,32.31,32.46,31.77,32,120575
20210408,32,32.45,32,32.26,142933
20210409,32.3,32.3,32.05,32.23,90174
20210412,31.9,32.0869,31.85,31.985,51940
20210413,31.69,32.03,31.56,31.89,199566
20210414,32.2,32.31,31.81,31.87,157637
20210415,31.93,32.2,31.8,32.01,201442
20210416,32,32.0236,31.704,31.93,159373
20210419,31.66,31.7,30.91,31.1484,158779
20210420,31,31.3125,30.6001,30.93,257717
20210421,30.69,31.49,30.6584,31.41,106041
20210422,31.73,32,31.3901,31.53,98772
20210423,31.55,31.99,31.31,31.96,59033
20210426,32,32.49,31.98,32.31,106229
20210427,32.59,32.8,32.3,32.395,48541
20210428,32.14,32.35,32.001,32.34,73577
20210429,32.44,32.64,31.97,32.255,73305
20210430,32.02,32.25,31.71,31.85,56822
20210503,32.35,32.35,31.6,31.711,135415
20210504,31.66,31.66,30.701,30.98,120638
20210505,31.02,31.2873,30.72,30.77,80886
20210506,30.85,30.85,30.0834,30.34,142679
20210507,30.28,30.8499,30.252,30.7,170229
20210510,30.68,30.68,29.85,29.9,167518
20210511,28.81,29.715,28.26,29.5,247740
20210512,29,29.56,28.96,29.04,164496
20210513,28.99,29.411,28.51,28.69,252017
20210514,28.9,29.66,28.85,29.5,118712
20210517,29.5,29.57,29.21,29.48,103169
20210518,29.39,30.11,29.39,29.85,72184
20210519,29.55,29.94,29.14,29.67,120197
20210520,29.99,30.7,29.99,30.69,84343
20210521,30.94,30.99,30.55,30.65,67429
20210524,30.74,30.99,30.64,30.89,60834
20210525,31.01,31.01,30.5,30.56,36539
20210526,30.61,31.01,30.5005,30.96,34394
20210527,31,31.1796,30.76,31.11,35428
20210528,31.22,31.4899,31.1,31.12,31644
20210601,31.25,31.25,30.6901,31.05,67056
20210602,31.05,31.17,30.8,31.09,53748
20210603,30.62,30.96,30.5624,30.795,44266
20210604,30.76,31.21,30.742,31.21,28753
20210607,31.32,31.6304,31.23,31.45,47748
20210608,31.29,31.68,31.265,31.48,60055
20210609,31.46,31.63,31.21,31.29,240449
20210610,31.28,31.5313,31.02,31.37,390736
20210611,31.26,31.65,31.2,31.53,71150
20210614,31.78,32.04,31.73,31.89,99671
20210615,31.91,32,31.46,31.6741,58866
20210616,31.52,31.84,31.42,31.63,58196
20210617,31.65,31.91,31.45,31.74,35643
20210618,31.82,31.85,31.36,31.56,45212
20210621,31.32,31.67,31.19,31.52,51293
20210622,31.46,31.7,31.2501,31.7,40859
20210623,31.66,31.9999,31.66,31.85,38709
20210624,31.99,32.28,31.99,32.2,120448
20210625,32.31,32.465,32.17,32.385,37668
20210628,32.4,32.6786,32.325,32.53,74959
20210629,32.44,32.7,32.33,32.375,50003
20210630,32.16,32.2777,31.89,32.1,50103
20210701,32.09,32.29,31.62,31.935,72592
20210702,31.87,32.06,31.57,31.8,33961
20210706,31.73,31.919,31.5325,31.69,40906
20210707,31.69,31.9563,31.24,31.4,39919
20210708,30.9,30.98,30.425,30.98,101151
20210709,31.01,31.33,30.91,31.275,110334
20210712,31.22,31.47,31.071,31.17,69696
20210713,31.16,31.2272,30.8001,30.82,39767
20210714,30.82,30.9786,30.28,30.28,90614
20210715,30.11,30.2927,29.53,29.805,98584
20210716,29.99,30.26,29.41,29.42,72091
20210719,28.95,29.149,28.521,28.98,77184
20210720,29.09,29.69,29,29.54,47355
20210721,29.54,30.1299,29.54,30.12,27550
20210722,30.13,30.25,29.71,29.98,37406
20210723,29.93,29.93,29.6301,29.83,57783
20210726,29.73,29.9999,29.65,29.7,43636
20210727,29.72,29.74,29.12,29.47,27840
20210728,29.58,30,29.23,29.89,33421
20210729,29.82,30.28,29.76,30.13,35633
20210730,30.07,30.32,29.78,30.19,32831
20210802,30.31,30.5539,30.2,30.26,48754
20210803,30.24,30.285,29.86,30.14,46683
20210804,29.94,30.33,29.8,29.96,49383
20210805,29.93,30.2,29.9,30.14,73706
20210806,30.02,30.14,29.83,30.03,31213
20210809,30,30.1999,29.8,30.14,51987
20210810,30.18,30.425,30,30.01,75420
20210811,30.21,30.21,29.7,29.82,44806
20210812,29.94,30.18,29.842,30.08,34432
20210813,30.03,30.14,29.97,29.99,42201
20210816,29.73,29.85,29.28,29.34,26442
20210817,29.05,29.22,28.6501,28.82,100090
20210818,28.8,29.3677,28.8,29.01,21444
20210819,28.66,29.0504,28.65,28.7564,30116
20210820,28.69,29.15,28.6674,29.1,38594
20210823,29.01,29.822,29.01,29.65,57449
20210824,29.7,30.2,29.66,30.2,67052
20210825,30.115,30.5,30.115,30.245,51569
20210826,30.18,30.459,30.13,30.28,36753
20210827,30.08,30.68,30.08,30.5674,34262
20210830,30.64,30.9676,30.62,30.84,39859
20210831,30.74,30.9903,30.67,30.96,56588
20210901,31,31.2499,31,31.12,58153
20210902,31.19,31.25,31.03,31.06,11692
20210903,31,31.2125,30.94,31.03,31244
20210907,31,31.2,30.861,30.9,35646
20210908,30.72,30.9469,30.4372,30.61,36031
20210909,30.63,30.8,30.585,30.63,23533
20210910,30.84,30.84,30.44,30.47,35732
20210913,30.63,30.63,30.0315,30.24,79671
20210914,30.23,30.4151,30.01,30.03,34355
20210915,29.915,30.15,29.8976,30.12,35892
20210916,29.9,30.425,29.85,30.33,43111
20210917,30.15,30.3898,30.1011,30.37,42713
20210920,29.82,29.915,29.4001,29.48,78841
20210921,29.81,29.99,29.63,29.98,36061
20210922,29.66,30.225,29.66,30.08,40800
20210923,30.15,30.7,30.135,30.64,75582
20210924,30.39,30.53,30.3025,30.39,22393
20210927,30.15,30.435,30.15,30.38,48638
20210928,30.13,30.13,29.53,29.64,45612
20210929,29.8,29.9,29.255,29.255,40756
20210930,29.16,29.48,29.04,29.27,75940
20211001,29.38,29.3999,28.9629,29.32,33459
20211004,29.15,29.245,28.595,28.64,49650
20211005,28.54,28.9722,28.54,28.86,16710
20211006,28.69,29.21,28.35,28.72,46128
20211007,29,29.3499,29,29.18,52575
20211008,29.175,29.1828,28.9101,29.02,19070
20211011,28.88,29.3499,28.83,29.11,67648
20211012,29.2,29.58,29.1573,29.41,42607
20211013,29.32,30,29.32,29.98,66190
20211014,29.98,30.39,29.76,30.06,43251
20211015,30.065,30.15,29.94,29.99,33188
20211018,29.62,29.9133,29.28,29.8,54249
20211019,29.92,30.26,29.71,30.18,27974
20211020,29.94,30.31,29.83,30.28,37668
20211021,30.4,30.48,30.32,30.46,24963
20211022,30.48,30.48,30.0301,30.11,22822
20211025,30.05,30.8,30.05,30.798,60443
20211026,30.81,30.98,30.62,30.68,31550
20211027,30.73,30.81,30.32,30.32,32481
20211028,30.27,30.7269,30.27,30.62,18085
20211029,30.67,30.88,30.37,30.88,39766
20211101,30.49,31.4999,30.49,31.49,50886
20211102,31.51,31.6496,31.37,31.43,33171
20211103,31.42,31.6853,31.25,31.6711,30016
20211104,31.74,32,31.695,31.83,48974
20211105,31.93,31.99,31.52,31.78,53454
20211108,31.43,32.005,31.43,32,84811
20211109,31.95,32.06,31.72,31.95,31168
20211110,31.33,31.69,31,31.1,72820
20211111,31.2,31.49,31.19,31.39,106911
20211112,31.34,31.56,31.3,31.56,32234
20211115,31.44,31.605,31.14,31.19,65311
20211116,31.29,31.38,31.04,31.16,39758
20211117,31.025,31.249,30.8375,30.94,52693
20211118,30.8,30.91,30.37,30.47,45909
20211119,30.35,30.605,30.35,30.38,37081
20211122,30.48,30.51,29.81,29.94,75890
20211123,29.63,29.845,29.18,29.35,41377
20211124,29.06,29.54,28.9116,29.54,42096
20211126,28.93,29.205,28.75,28.85,30574
20211129,29,29.3031,28.95,29.13,34357
20211130,29.12,29.1501,28.45,28.74,88950
20211201,29.06,29.48,28.31,28.31,61817
20211202,28.28,28.62,28.01,28.38,140792
20211203,28.34,28.49,27.4179,27.55,74658
20211206,27.6,27.8,27.05,27.68,73184
20211207,28.29,29.125,28.29,28.945,49176
20211208,29.03,29.56,29.03,29.5,54347
20211209,29.17,29.47,28.78,28.79,20573
20211210,29.12,29.12,28.65,28.73,23482
20211213,28.52,28.67,28.0827,28.16,94243
20211214,27.5,28.07,27.411,27.73,113989
20211215,27.56,28.1,27.25,28.08,29578
20211216,28.405,28.43,27.6,27.8392,35406
20211217,27.22,28.065,27.22,28.01,32256
20211220,27.78,28.26,27.18,27.31,83592
20211221,27.3,27.9,27.18,27.87,38624
20211222,27.74,28.07,27.565,28.01,133403
20211223,28.42,28.4854,27.92,28.39,57405
20211227,28.73,28.825,28.3813,28.78,98881
20211228,28.71,28.85,28.5,28.52,87672
20211229,28.54,28.54,28.15,28.25,62927
20211230,28.25,28.76,28.25,28.5,137623
20211231,28.39,28.74,28.14,28.53,50538
20220103,29,29.1999,28.6401,29.11,35229
20220104,29.05,29.1532,28.4622,28.66,23184
20220105,28.52,28.7,27.83,27.83,122861
20220106,27.74,28.29,27.55,27.78,39752
20220107,27.65,28,27.5119,27.63,47043
20220110,27.27,27.56,26.74,27.26,56557
20220111,27.19,27.834,27.19,27.79,25666
20220112,27.77,28.225,27.63,27.7,54037
20220113,27.83,27.985,27.26,27.26,50095
20220114,27.02,27.46,27.02,27.42,111573
20220118,26.97,26.97,26.54,26.6077,116079
20220119,26.5,26.61,26.06,26.09,163902
20220120,26.13,26.4,25.61,25.61,297005
20220121,25.5,26.075,24.9,24.9,103891
20220124,23.96,24.55,22.92,24.44,178663
20220125,24,24.344,23.7094,23.89,29324
20220126,23.89,24.99,23.785,23.87,50944
20220127,24.34,24.34,23.29,23.29,30794
20220128,23.26,23.92,23.01,23.9,49580
20220131,23.75,25.09,23.75,25.05,27468
20220201,24.86,25.58,24.86,25.51,55803
20220202,25.65,25.725,24.778,24.93,20656
20220203,24.67,24.67,24.04,24.04,28446
20220204,23.75,24.77,23.75,24.47,20998
20220207,24.45,24.9499,24.41,24.47,27622
20220208,24.48,24.76,24.1947,24.65,13681
20220209,24.86,25.43,24.86,25.4,15826
20220210,25,25.85,25,25.17,12833
20220211,25.12,25.56,24.42,24.5,25809
20220214,24.25,24.6942,24.1215,24.22,13372
20220215,24.94,25.23,24.66,25.14,22772
20220216,25.14,25.2503,24.83,25.08,14716
20220217,25.14,25.14,24.245,24.34,20168
20220218,24.35,24.35,23.8,23.91,10057
