Date,Open,High,Low,Close,Volume
20160404,23.68,23.68,23.63,23.65,317
20160405,23.4,23.4,23.4,23.4,248
20160408,23.93,23.93,23.19,23.19,212
20160411,23.17,23.17,23.17,23.17,1057
20160412,23.13,23.13,23.04,23.04,317
20160413,23.37,23.42,23.37,23.42,212
20160414,23.44,23.44,23.44,23.44,1276
20160418,23.66,23.66,23.37,23.45,6775
20160419,23.89,23.89,23.59,23.59,529
20160420,23.58,23.58,23.57,23.57,1268
20160421,23.63,23.63,23.43,23.43,8222
20160422,23.49,23.54,23.49,23.54,5705
20160425,23.7,23.7,23.44,23.44,3410
20160426,23.47,23.54,23.42,23.54,2960
20160427,23.56,23.56,23.56,23.56,1057
20160428,23.75,23.75,23.53,23.53,4336
20160429,23.18,23.18,22.97,23.1,3382
20160502,23.99,23.99,23.19,23.27,2994
20160503,23.07,23.07,23.07,23.07,211
20160504,22.96,22.96,22.92,22.94,2219
20160505,22.97,22.97,22.83,22.83,633
20160506,22.78,22.86,22.67,22.86,4311
20160509,22.96,23,22.92,23,889
20160510,23,23.07,23,23.07,846
20160511,22.91,22.91,22.8,22.8,1480
20160512,22.8,22.8,22.62,22.64,1373
20160513,22.67,22.67,22.57,22.57,8558
20160516,22.62,22.72,22.59,22.72,1311
20160517,22.65,22.65,22.39,22.4,2537
20160519,22.45,22.45,22.16,22.34,5179
20160520,22.47,22.62,22.47,22.56,2224
20160523,22.48,22.48,22.43,22.43,1269
20160524,22.56,22.58,22.52,22.52,5389
20160525,22.71,22.71,22.71,22.71,951
20160526,22.7,22.71,22.67,22.71,28074
20160527,22.74,22.77,22.72,22.77,11793
20160531,22.83,22.83,22.68,22.78,19282
20160602,22.89,22.89,22.87,22.87,6887
20160603,22.81,22.91,22.75,22.9,2922
20160606,22.87,22.98,22.87,22.94,1589
20160607,22.94,23.06,22.94,23.05,6237
20160608,23,23.05,23,23.05,3276
20160609,22.95,23.01,22.95,23.01,2640
20160610,22.76,22.76,22.76,22.76,1057
20160613,22.73,22.73,22.57,22.57,4650
20160614,22.48,22.48,22.34,22.34,13630
20160616,22.39,22.41,22.34,22.34,3065
20160620,22.78,22.78,22.78,22.78,528
20160621,22.67,22.68,22.59,22.59,1590
20160624,22.18,22.18,22.18,22.18,211
20160627,21.73,21.73,21.56,21.61,1267
20160628,22.1,22.1,22.1,22.1,211
20160629,22.44,22.52,22.44,22.52,1478
20160630,22.79,22.79,22.56,22.74,815
20160701,23.05,23.05,22.91,22.91,740
20160705,22.69,22.69,22.59,22.59,529
20160706,22.6,22.6,22.6,22.6,106
20160707,22.71,22.71,22.71,22.71,106
20160708,22.71,23.18,22.69,23.17,3242
20160711,23.35,23.4,23.28,23.33,2432
20160712,23.5,23.5,23.5,23.5,317
20160713,23.41,23.41,23.4,23.4,2008
20160714,23.53,23.56,23.53,23.56,212
20160715,23.57,23.57,23.57,23.57,106
20160718,23.57,23.57,23.56,23.56,1269
20160720,23.71,23.71,23.71,23.71,106
20160721,23.6,23.6,23.6,23.6,106
20160725,23.74,23.8,23.74,23.8,944
20160728,23.66,23.66,23.66,23.66,634
20160729,23.69,23.72,23.69,23.72,1057
20160801,23.63,23.75,23.62,23.65,848
20160802,23.57,23.57,23.35,23.35,896
20160804,23.79,23.79,23.64,23.64,423
20160805,23.86,23.86,23.8,23.8,318
20160808,23.8,23.93,23.75,23.75,18684
20160809,23.78,23.78,23.78,23.78,106
20160810,23.67,23.76,23.67,23.76,317
20160811,24.01,24.01,23.9,23.9,318
20160812,23.84,23.84,23.84,23.84,106
20160815,23.92,23.92,23.92,23.92,106
20160817,23.66,23.66,23.66,23.66,317
20160822,23.67,23.67,23.67,23.67,317
20160823,23.85,23.85,23.85,23.85,106
20160826,23.51,23.51,23.4,23.4,2114
20160830,23.52,23.52,23.5,23.5,635
20160831,23.38,23.38,23.38,23.38,2536
20160901,23.3,23.4,23.3,23.4,1902
20160902,23.47,23.47,23.43,23.43,212
20160906,23.44,23.44,23.35,23.35,740
20160909,23.14,23.19,22.94,22.94,4757
20160912,22.88,22.88,22.85,22.85,1057
20160913,23.03,23.03,23.03,23.03,740
20160916,23.04,23.04,23.04,23.04,846
20160919,23.55,23.55,23.17,23.28,784
20160929,23.46,23.46,23.26,23.26,634
20160930,23.52,23.52,23.52,23.52,106
20161003,23.34,23.37,23.34,23.37,951
20161005,23.49,23.54,23.49,23.5,1585
20161010,23.78,23.78,23.78,23.78,380
20161011,23.69,23.69,23.69,23.69,106
20161012,23.61,23.61,23.59,23.61,317
20161013,23.34,23.47,23.3,23.47,1903
20161014,23.52,23.53,23.52,23.53,2008
20161017,23.33,23.33,23.33,23.33,1796
20161018,23.33,23.33,23.33,23.33,106
20161021,23.28,23.28,23.28,23.28,2320
20161103,22.87,22.87,22.87,22.87,211
20161109,23.42,23.42,23.42,23.42,1057
20161110,23.87,23.94,23.79,23.94,1269
20161117,24.51,24.51,24.51,24.51,2113
20161118,24.51,24.51,24.51,24.51,317
20161125,24.94,24.94,24.94,24.94,528
20161129,24.8,24.8,24.8,24.8,106
20161130,24.76,24.84,24.72,24.72,1797
20161201,24.61,24.77,24.61,24.75,846
20161202,24.61,24.61,24.61,24.61,106
20161205,24.61,24.8,24.61,24.8,502
20161206,24.73,24.84,24.73,24.84,212
20161207,24.82,25.07,24.82,25.07,212
20161208,25.42,25.53,25.42,25.53,212
20161209,25.6,25.6,25.6,25.6,106
20161212,25.47,25.47,25.47,25.47,106
20161213,25.46,25.66,25.46,25.66,318
20161214,25.54,25.54,25.48,25.48,529
20161215,25.22,25.29,25.22,25.29,212
20161216,25.36,25.38,25.32,25.32,318
20161219,25.35,25.35,25.35,25.35,106
20161220,25.47,25.78,25.47,25.78,322
20161221,26.71,26.71,25.71,25.76,2411
20161222,25.53,25.53,25.36,25.36,210
20161223,25.49,25.49,25.4,25.42,1095
20161227,25.39,25.46,25.39,25.46,210
20161228,25.48,25.55,25.38,25.38,420
20161229,25.18,25.18,25.18,25.18,105
20161230,25.39,25.39,25.28,25.28,210
20170103,25.34,25.34,25.28,25.28,419
20170104,25.33,25.47,25.33,25.47,210
20170105,25.52,25.52,25.29,25.38,6782
20170106,25.3,25.33,25.3,25.33,210
20170109,25.39,25.39,25.39,25.39,105
20170110,25.33,25.33,25.33,25.33,105
20170111,25.41,25.41,25.41,25.41,105
20170112,25.48,25.48,25.46,25.48,1096
20170113,25.39,25.59,25.39,25.47,6604
20170117,26.41,26.41,25.5,25.52,9970
20170118,25.36,25.46,25.36,25.46,840
20170119,25.51,25.51,25.31,25.31,302
20170120,25.37,25.48,25.37,25.43,2936
20170123,25.18,25.18,25.11,25.11,3216
20170124,25.05,25.3,25.05,25.3,935
20170125,25.1,25.51,25.1,25.51,211
20170126,25.3,25.41,25.3,25.38,3852
20170127,25.28,25.29,25.22,25.22,847
20170130,25.23,25.23,24.87,25.02,796
20170131,24.8,24.89,24.8,24.89,210
20170201,24.89,24.89,24.89,24.89,105
20170202,25.09,25.09,25.04,25.04,330
20170203,24.9,24.9,24.9,24.9,105
20170206,24.85,24.9,24.85,24.9,210
20170207,24.9,25.04,24.9,25.04,1363
20170208,24.8,24.8,24.8,24.8,105
20170209,24.96,25.22,24.96,25.22,210
20170210,25.22,25.56,25.22,25.48,2310
20170213,25.38,25.38,25.38,25.38,105
20170214,25.36,25.67,25.36,25.67,1573
20170215,25.49,25.53,25.49,25.53,315
20170216,25.43,25.43,25.43,25.43,110
20170217,25.34,25.34,25.34,25.34,105
20170221,25.45,25.45,25.34,25.34,547
20170222,25.41,25.76,25.41,25.68,781
20170223,25.55,25.73,25.55,25.62,1206
20170224,25.33,25.68,25.33,25.68,451
20170227,25.41,25.82,25.41,25.82,837
20170228,25.52,25.68,25.52,25.61,704
20170301,25.62,26.01,25.62,26.01,419
20170302,25.67,25.67,25.67,25.67,105
20170303,25.53,25.8,25.53,25.8,1646
20170306,25.51,25.68,25.51,25.55,1800
20170307,25.55,25.56,25.5,25.5,3077
20170308,25.41,25.41,25.41,25.41,105
20170309,25.33,25.33,25.33,25.33,105
20170310,25.34,25.59,25.34,25.57,774
20170313,25.42,25.69,25.42,25.69,1353
20170314,25.48,25.66,25.48,25.66,1717
20170315,25.48,25.73,25.48,25.73,318
20170316,25.6,25.8,25.6,25.8,547
20170317,25.63,25.63,25.63,25.63,105
20170320,25.63,25.68,25.63,25.68,231
20170321,25.45,25.45,25.33,25.33,2199
20170322,25.19,25.19,25.19,25.19,105
20170323,25.19,25.42,25.19,25.42,524
20170324,25.15,25.28,25.15,25.18,1270
20170327,25.18,25.33,25.18,25.33,3173
20170328,25.18,25.5,25.18,25.5,1678
20170329,25.33,25.33,25.33,25.33,115
20170330,25.39,25.73,25.39,25.73,1521
20170331,25.52,25.52,25.52,25.52,105
20170403,25.52,25.52,25.18,25.19,2384
20170404,25.18,25.33,25.18,25.33,524
20170405,25.18,25.18,25.18,25.18,583
20170406,25.18,25.41,25.18,25.32,4311
20170407,25.38,25.38,25.38,25.38,105
20170410,25.18,25.18,25.18,25.18,839
20170411,25.18,25.18,25.18,25.18,125
20170412,25.14,25.14,25.14,25.14,105
20170413,25.09,25.09,25.09,25.09,105
20170417,25.09,25.09,25.09,25.09,224
20170418,25.11,26.71,25.11,25.95,2428
20170419,26.19,26.19,26.14,26.14,1150
20170420,26.04,26.14,26.04,26.14,593
20170421,26.04,26.04,26.04,26.04,105
20170424,26.04,27.08,26.04,26.61,734
20170425,26.04,26.04,26.04,26.04,105
20170426,25.52,25.52,25.52,25.52,105
20170427,25.52,25.52,25.52,25.52,105
20170428,25.52,25.52,25.52,25.52,105
20170501,25.42,25.44,25.28,25.44,1911
20170502,25.18,25.18,25.04,25.04,420
20170504,24.97,24.97,24.97,24.97,105
20170505,24.97,25.21,24.97,25.21,524
20170508,25.08,25.25,25.08,25.25,341
20170509,25,25.2,25,25.18,839
20170510,25.06,25.16,25.06,25.06,4257
20170511,24.98,25.03,24.81,24.99,2411
20170512,24.8,24.86,24.8,24.8,346
20170515,23.89,23.96,23.89,23.96,8553
20170516,23.95,23.95,23.85,23.85,220
20170517,23.43,23.47,23.27,23.27,8222
20170518,23.25,23.42,23.25,23.42,274
20170519,23.42,23.64,23.42,23.64,1316
20170522,23.72,23.81,23.72,23.78,4934
20170523,23.63,23.63,23.59,23.61,768
20170524,23.52,23.65,23.52,23.65,548
20170525,24.62,24.62,23.68,23.81,3022
20170526,23.78,23.93,23.78,23.93,4277
20170530,23.87,23.95,23.87,23.87,9096
20170531,23.8,23.8,23.8,23.8,110
20170601,23.78,24.07,23.78,23.99,3008
20170602,24.1,24.17,24.1,24.17,2632
20170605,23.99,23.99,23.99,23.99,110
20170606,23.78,23.89,23.73,23.84,1380
20170607,23.79,23.79,23.79,23.79,110
20170608,23.74,23.74,23.74,23.74,110
20170609,23.81,23.9,23.81,23.9,220
20170612,24.02,24.02,24.02,24.02,110
20170613,23.89,24.03,23.89,24.03,659
20170614,23.93,23.99,23.93,23.99,439
20170615,23.71,23.71,23.71,23.71,110
20170616,23.71,23.71,23.52,23.52,2323
20170619,23.41,23.58,23.41,23.48,7923
20170620,23.28,23.66,23.28,23.65,799
20170621,23.85,24.02,23.54,23.54,17038
20170622,23.7,23.71,23.56,23.65,6260
20170623,23.56,23.63,23.56,23.63,658
20170626,25.14,25.4,24.9901,25.02,7033
