Date,Open,High,Low,Close,Volume
20180709,33.55,33.57,33.55,33.56,8900
20180720,33.62,33.63,33.62,33.63,200
20180724,33.72,33.72,33.72,33.72,200
20180725,33.68,33.68,33.68,33.68,100
20180727,33.84,33.84,33.84,33.84,2900
20180731,33.9,33.9,33.9,33.9,100
20180803,33.67,33.67,33.67,33.67,147200
20180809,33.89,33.89,33.89,33.89,1200
20180810,33.89,33.89,33.89,33.89,100
20180817,33.95,33.95,33.95,33.95,1200
20180824,34,34,34,34,1200
20180921,34.11,34.11,34.11,34.11,100
20181001,34.2,34.2,34.2,34.2,200
20181010,34.18,34.18,34.18,34.18,3000
20181018,34.12,34.12,34.12,34.12,400
20181102,34.25,34.25,34.12,34.12,100
20181116,34.25,34.25,34.12,34.12,100
20181119,33.68,33.68,33.68,33.68,582
20181210,33.68,33.68,33.68,33.68,36
20181211,33.68,33.68,33.68,33.68,36
20181212,33.68,33.68,33.68,33.68,36
20181213,33.68,33.68,33.68,33.68,36
20181214,33.68,33.68,33.68,33.68,36
20181217,33.68,33.68,33.68,33.68,36
20181218,33.68,33.68,33.68,33.68,36
20181219,33.68,33.68,33.68,33.68,36
20181220,33.68,33.68,33.68,33.68,36
20181221,33.68,33.68,33.68,33.68,36
20181224,33.68,33.68,33.68,33.68,36
20181226,33.51,33.51,33.51,33.51,24976
20181227,34.18,34.18,34.18,34.18,33
20181228,34.1,34.1,34.1,34.1,36
20181231,34.14,34.14,34.14,34.14,36
20190102,34.11,34.11,34.11,34.11,36
20190103,34.12,34.12,34.12,34.12,36
20190104,34.12,34.12,34.12,34.12,36
20190107,34.12,34.12,34.12,34.12,36
20190108,34.12,34.12,34.12,34.12,36
20190109,34.12,34.12,34.12,34.12,36
20190110,34.12,34.12,34.12,34.12,36
20190111,34.12,34.12,34.12,34.12,36
20190114,34.12,34.12,34.12,34.12,36
20190115,34.12,34.12,34.12,34.12,36
20190116,34.12,34.12,34.12,34.12,36
20190117,34.12,34.12,34.12,34.12,36
20190118,34.12,34.12,34.12,34.12,36
20190122,34.12,34.12,34.12,34.12,36
20190123,34.12,34.12,34.12,34.12,36
20190124,34.12,34.12,34.12,34.12,36
20190125,34.72,34.72,34.72,34.72,36
20190128,34.45,34.45,34.45,34.45,36
20190129,34.73,34.73,34.73,34.73,33
20190130,34.8,34.8,34.8,34.8,33
20190131,34.83,34.83,34.83,34.83,33
20190201,34.85,34.85,34.85,34.85,33
20190204,34.91,34.91,34.91,34.91,33
20190205,34.92,34.92,34.92,34.92,33
20190206,34.86,34.86,34.86,34.86,33
20190207,34.92,34.92,34.92,34.92,33
20190208,34.93,34.93,34.93,34.93,33
20190211,35,35,35,35,33
20190212,35.07,35.07,35.07,35.07,33
20190213,35.01,35.01,35.01,35.01,33
20190214,35.08,35.08,35.08,35.08,33
20190215,35.04,35.04,35.04,35.04,33
20190219,35.25,35.25,35.25,35.25,33
20190220,35.2,35.2,35.2,35.2,3476
20190221,35.14,35.14,35.14,35.14,33
20190222,35.15,35.15,35.15,35.15,33
20190225,35.11,35.11,35.11,35.11,33
20190226,35.16,35.16,35.16,35.16,33
20190227,35.19,35.19,35.19,35.19,33
20190228,35.25,35.25,35.25,35.25,33
20190301,35.32,35.32,35.32,35.32,33
20190304,35.33,35.33,35.33,35.33,33
20190305,35.35,35.35,35.35,35.35,33
20190306,35.36,35.36,35.36,35.36,33
20190307,35.36,35.36,35.36,35.36,33
20190308,35.33,35.33,35.33,35.33,33
20190311,35.39,35.39,35.39,35.39,33
20190312,35.45,35.45,35.45,35.45,33
20190313,35.45,35.45,35.45,35.45,33
20190314,35.5,35.5,35.5,35.5,33
20190315,35.59,35.59,35.59,35.59,33
20190318,35.66,35.66,35.66,35.66,33
20190319,35.74,35.74,35.74,35.74,33
20190320,35.75,35.75,35.75,35.75,33
20190321,35.83,35.83,35.83,35.83,33
20190322,35.97,35.97,35.97,35.97,603
20190325,35.78,35.78,35.78,35.78,33
20190326,35.83,35.83,35.83,35.83,33
20190327,35.84,35.84,35.84,35.84,33
20190328,35.84,35.84,35.84,35.84,33
20190329,35.87,35.87,35.87,35.87,33
20190401,35.84,35.84,35.84,35.84,33
20190402,35.86,35.86,35.86,35.86,1346
20190403,35.88,35.88,35.88,35.88,33
20190404,35.83,35.83,35.83,35.83,147
20190405,35.83,35.83,35.83,35.83,147
20190408,35.9,35.95,35.9,35.95,944
20190409,35.91,35.91,35.91,35.91,33
20190410,35.91,35.91,35.91,35.91,147
20190411,35.9,35.9,35.9,35.9,147
20190412,36,36,36,36,488
20190415,35.83,35.83,35.83,35.83,318
20190416,35.91,35.91,35.91,35.91,33
20190417,35.85,35.85,35.85,35.85,147
20190418,35.92,35.92,35.92,35.92,33
20190422,35.88,36.01,35.88,36.01,489
20190423,35.94,35.94,35.94,35.94,33
20190424,35.85,35.85,35.85,35.85,33
20190425,35.87,35.87,35.87,35.87,602
20190426,35.89,35.89,35.89,35.89,33
20190429,35.82,35.82,35.82,35.82,146
20190430,36.01,36.01,36.01,36.01,33
20190501,36.13,36.13,36.12,36.12,598
20190502,36.03,36.03,36.03,36.03,33
20190503,36.07,36.07,36.07,36.07,33
20190506,36.02,36.02,36.02,36.02,33
20190507,36,36,36,36,33
20190508,36.01,36.01,36.01,36.01,33
20190509,36.03,36.03,36.03,36.03,33
20190510,36,36,36,36,33
20190513,35.97,35.97,35.97,35.97,33
20190514,35.96,35.96,35.96,35.96,33
20190515,36.07,36.07,36.04,36.04,793
20190516,36.02,36.02,36.02,36.02,373
20190517,35.97,35.97,35.97,35.97,33
20190520,35.97,35.97,35.97,35.97,33
20190521,35.96,35.96,35.96,35.96,33
20190522,35.97,35.97,35.97,35.97,33
20190523,35.97,35.97,35.97,35.97,33
20190524,35.95,35.95,35.95,35.95,33
20190528,35.99,35.99,35.99,35.99,33
20190529,36.04,36.04,36.04,36.04,33
20190530,36.07,36.07,36.07,36.07,33
20190531,36.05,36.05,36.05,36.05,33
20190603,36.03,36.03,36.03,36.03,33
20190604,36.01,36.01,36.01,36.01,33
20190605,36.06,36.06,36.06,36.06,33
20190606,36.06,36.06,36.06,36.06,33
20190607,36.11,36.11,36.11,36.11,33
20190610,36.09,36.09,36.09,36.09,33
20190611,36.11,36.11,36.11,36.11,33
20190612,36.11,36.11,36.11,36.11,33
20190613,36.12,36.12,36.12,36.12,33
20190614,36.11,36.11,36.11,36.11,33
20190617,36.12,36.12,36.12,36.12,33
20190618,36.13,36.13,36.13,36.13,33
20190619,36.16,36.16,36.16,36.16,259
20190620,36.23,36.23,36.23,36.23,33
20190621,36.3,36.3,36.3,36.3,33
20190624,36.34,36.34,36.34,36.34,33
20190625,36.38,36.38,36.38,36.38,146
20190626,36.28,36.28,36.28,36.28,259
20190627,36.37,36.37,36.37,36.37,33
20190628,36.36,36.36,36.36,36.36,33
20190701,36.4,36.4,36.4,36.4,33
20190702,36.45,36.45,36.45,36.45,33
20190703,36.43,36.43,36.43,36.43,33
20190705,36.5,36.5,36.5,36.5,146
20190708,36.45,36.45,36.45,36.45,33
20190709,36.45,36.45,36.45,36.45,33
20190710,36.49,36.49,36.49,36.49,33
20190711,36.42,36.42,36.42,36.42,33
20190712,36.48,36.48,36.48,36.48,33
20190715,36.44,36.44,36.44,36.44,33
20190716,36.46,36.46,36.46,36.46,33
20190717,36.38,36.38,36.38,36.38,483
20190718,36.45,36.45,36.45,36.45,33
20190719,36.42,36.42,36.42,36.42,33
20190722,36.45,36.45,36.45,36.45,33
20190723,36.44,36.53,36.44,36.53,371
20190724,36.46,36.46,36.46,36.46,33
20190725,36.48,36.48,36.48,36.48,33
20190726,36.44,36.44,36.44,36.44,33
20190729,36.44,36.57,36.44,36.52,481
20190730,36.5,36.5,36.5,36.5,33
20190731,36.52,36.52,36.52,36.52,33
20190801,36.47,36.47,36.47,36.47,434
20190802,36.51,36.51,36.51,36.51,33
20190805,36.43,36.43,36.43,36.43,33
20190806,36.39,36.39,36.39,36.39,33
20190807,36.36,36.36,36.36,36.36,33
20190808,36.41,36.41,36.41,36.41,33
20190809,36.44,36.44,36.44,36.44,33
20190812,36.48,36.48,36.42,36.42,325
20190813,36.45,36.45,36.45,36.45,145
20190814,36.39,36.39,36.39,36.39,33
20190815,36.37,36.37,36.27,36.27,596
20190816,36.29,36.29,36.29,36.29,33
20190819,36.28,36.28,36.28,36.28,33
20190820,36.36,36.36,36.36,36.36,33
20190821,36.4,36.4,36.4,36.4,33
20190822,36.42,36.42,36.42,36.42,33
20190823,36.49,36.49,36.49,36.49,33
20190826,36.37,36.37,36.37,36.37,33
20190827,36.47,36.47,36.47,36.47,33
20190828,36.4,36.4,36.4,36.4,145
20190829,36.45,36.45,36.45,36.45,33
20190830,36.43,36.43,36.43,36.43,179
20190903,36.41,36.41,36.41,36.41,33
20190904,36.4,36.4,36.4,36.4,33
20190905,36.36,36.36,36.36,36.36,33
20190906,36.58,36.58,36.58,36.58,1517
20190909,36.38,36.38,36.38,36.38,33
20190910,36.43,36.43,36.43,36.43,33
20190911,36.46,36.46,36.46,36.46,33
20190912,36.47,36.47,36.47,36.47,33
20190913,36.51,36.51,36.51,36.51,33
20190916,36.53,36.53,36.53,36.53,33
20190917,36.54,36.54,36.54,36.54,33
20190918,36.51,36.51,36.51,36.51,33
20190919,36.54,36.54,36.54,36.54,33
20190920,36.53,36.53,36.53,36.53,33
20190923,36.53,36.53,36.53,36.53,33
20190924,36.56,36.56,36.56,36.56,33
20190925,36.53,36.53,36.53,36.53,33
20190926,36.59,36.59,36.59,36.59,33
20190927,36.53,36.53,36.53,36.53,33
20190930,36.53,36.53,36.53,36.53,33
20191001,36.56,36.56,36.56,36.56,33
20191002,36.53,36.53,36.53,36.53,33
20191003,36.61,36.61,36.61,36.61,33
20191004,36.59,36.59,36.59,36.59,33
20191007,36.62,36.62,36.62,36.62,33
20191008,36.66,36.66,36.66,36.66,33
20191009,36.64,36.64,36.64,36.64,255
20191010,36.63,36.63,36.63,36.63,33
20191011,36.67,36.67,36.67,36.67,33
20191014,36.68,36.68,36.68,36.68,33
20191015,36.69,36.69,36.69,36.69,33
20191016,36.85,36.85,36.85,36.85,144
20191017,36.75,36.75,36.75,36.75,33
20191018,36.71,36.71,36.71,36.71,33
20191021,36.82,36.82,36.82,36.82,211
20191022,36.76,36.76,36.76,36.76,33
20191023,36.89,36.89,36.89,36.89,168
20191024,36.83,36.83,36.83,36.83,33
20191025,36.84,36.84,36.84,36.84,33
20191028,36.85,36.85,36.85,36.85,33
20191029,36.86,36.86,36.86,36.86,33
20191030,36.99,36.99,36.79,36.79,705
20191031,36.92,36.92,36.92,36.92,144
20191101,36.88,36.88,36.88,36.88,33
20191104,36.97,36.97,36.86,36.86,808
20191105,36.95,36.95,36.95,36.95,254
20191106,36.88,36.88,36.88,36.88,33
20191107,36.89,36.89,36.89,36.89,33
20191108,37.02,37.02,37.01,37.01,1029
20191111,36.95,36.95,36.95,36.95,33
20191112,36.95,36.95,36.95,36.95,33
20191113,36.93,36.93,36.93,36.93,33
20191114,36.98,36.98,36.98,36.98,33
20191115,36.97,36.97,36.97,36.97,33
20191118,36.98,36.98,36.98,36.98,33
20191119,36.96,36.96,36.96,36.96,33
20191120,36.98,36.98,36.98,36.98,33
20191121,37.01,37.01,37.01,37.01,33
20191122,37.02,37.02,37.02,37.02,33
20191125,37.07,37.07,37.07,37.07,33
20191126,37.08,37.08,37.08,37.08,33
20191127,37.09,37.09,37.09,37.09,33
20191129,37.1,37.1,37.09,37.09,684
20191202,37.11,37.11,37.1,37.1,1188
20191203,37.01,37.01,36.99,36.99,396
20191204,37.05,37.05,37.05,37.05,143
20191205,36.93,36.93,36.93,36.93,254
20191206,36.81,36.81,36.73,36.73,276
20191209,36.86,36.86,36.86,36.86,225
20191210,36.78,36.78,36.78,36.78,143
20191211,36.72,36.72,36.72,36.72,33
20191212,36.78,36.78,36.78,36.78,33
20191213,36.8,36.8,36.8,36.8,33
20191216,36.83,36.83,36.83,36.83,143
20191217,36.91,36.91,36.91,36.91,33
20191218,37.03,37.03,37.03,37.03,143
20191219,36.99,36.99,36.99,36.99,33
20191220,37,37,37,37,33
20191223,37.06,37.06,37.06,37.06,33
20191224,37.09,37.09,37.09,37.09,33
20191226,37.08,37.08,37.08,37.08,33
20191227,36.97,36.97,36.97,36.97,254
20191230,37.21,37.21,37.21,37.21,33
20191231,37.2,37.2,37.2,37.2,33
20200102,37.27,37.27,37.27,37.27,33
20200103,37.38,37.38,37.38,37.38,143
20200106,37.3,37.3,37.3,37.3,143
20200107,37.45,37.45,37.45,37.45,143
20200108,37.42,37.42,37.42,37.42,33
20200109,37.39,37.39,37.39,37.39,33
20200110,37.33,37.5,37.3,37.31,1257
20200113,37.41,37.41,37.41,37.41,33
20200114,37.44,37.44,37.44,37.44,33
20200115,37.39,37.39,37.37,37.38,1149
20200116,37.48,37.48,37.48,37.48,33
20200117,37.54,37.54,37.54,37.54,33
20200121,37.5,37.5,37.5,37.5,33
20200122,37.62,37.62,37.62,37.62,225
20200123,37.48,37.48,37.48,37.48,33
20200124,37.51,37.51,37.51,37.51,33
20200127,37.48,37.48,37.48,37.48,33
20200128,37.55,37.55,37.55,37.55,33
20200129,37.53,37.53,37.53,37.53,33
20200130,37.43,37.43,37.43,37.43,33
20200131,37.46,37.46,37.46,37.46,33
20200203,37.33,37.33,37.33,37.33,270
20200204,37.31,37.31,37.31,37.31,33
20200205,37.23,37.32,37.23,37.32,688
20200206,37.48,37.49,37.36,37.36,502
20200207,37.39,37.39,37.39,37.39,33
20200210,37.28,37.28,37.28,37.28,164
20200211,37.39,37.39,37.39,37.39,33
20200212,37.41,37.41,37.41,37.41,33
20200213,37.43,37.43,37.43,37.43,33
20200214,37.49,37.49,37.49,37.49,33
20200218,37.53,37.53,37.53,37.53,3300
20200219,37.51,37.51,37.51,37.51,33
20200220,37.51,37.51,37.51,37.51,33
20200221,37.45,37.45,37.45,37.45,33
20200224,37.51,37.51,37.49,37.49,3945
20200225,37.4,37.4,37.4,37.4,33
20200226,37.42,37.42,37.42,37.42,33
20200227,37.4,37.4,37.4,37.4,142
20200228,37.36,37.36,37.36,37.36,33
20200302,37.34,37.34,37.34,37.34,33
20200303,37.35,37.35,37.35,37.35,33
20200304,37.36,37.36,37.36,37.36,33
20200305,37.44,37.44,37.44,37.44,33
20200306,37.37,37.37,37.37,37.37,33
20200309,37.3,37.3,37.3,37.3,33
20200310,37.19,37.19,37.19,37.19,33
20200311,37.07,37.08,37.07,37.07,520
20200312,36.87,36.87,36.87,36.87,33
20200313,36.52,36.53,36.52,36.53,886
20200316,36.12,36.14,36.12,36.14,577
20200317,35.79,35.85,35.79,35.84,1425
20200318,35.15,35.22,35.1,35.11,1339
20200319,34.63,34.69,34.62,34.62,4494
20200320,34.05,34.06,33.91,33.95,8861
20200323,33.45,33.45,33.45,33.45,218
20200324,34.12,34.12,34.12,34.12,33
20200325,34.22,34.22,34.22,34.22,33
20200326,34.35,34.35,34.35,34.35,33
20200327,35.21,35.21,35.21,35.21,33
20200330,35.18,35.18,35.18,35.18,33
20200331,35.2,35.2,35.2,35.2,141
20200401,34.69,34.69,34.69,34.69,33
20200402,34.25,34.95,34.25,34.95,400
20200403,34.64,34.64,34.64,34.64,33
20200406,34.81,34.81,34.17,34.17,280
20200407,34.17,34.17,34.17,34.17,141
20200408,34.65,34.65,34.65,34.65,358
20200409,34.64,34.64,34.64,34.64,33
20200413,34.73,34.73,34.73,34.73,33
20200414,34.82,34.82,34.71,34.71,5867
20200415,34.82,35.12,34.82,35.12,358
20200416,35.12,35.12,35.12,35.12,33
20200417,35.48,35.48,35.31,35.31,249
20200420,35.48,35.48,35.48,35.48,33
20200421,35.39,35.71,35.17,35.71,668
20200422,35.65,35.65,35.65,35.65,141
20200423,35.6,35.6,35.06,35.07,770
20200424,35.29,35.29,35.29,35.29,33
20200427,35.21,35.21,35.21,35.21,33
20200428,35.38,35.38,35.38,35.38,33
20200429,35.36,35.36,35.36,35.36,33
20200430,35.66,35.66,35.66,35.66,33
20200501,35.2,35.2,35.2,35.2,33
20200504,35.11,35.11,35.11,35.11,33
20200505,35.35,35.35,35.35,35.35,33
20200506,35.4,35.4,35.4,35.4,33
20200507,35.59,35.59,35.21,35.21,357
20200508,35.37,35.71,35.35,35.35,5165
20200511,35.67,35.67,35.67,35.67,33
20200512,36.08,36.08,36.08,36.08,465
20200513,35.96,35.96,35.96,35.96,33
20200514,36,36,36,36,33
20200515,36.03,36.03,36.03,36.03,33
20200518,36.22,36.23,36.22,36.23,627
20200519,36.23,36.23,36.23,36.23,141
20200520,36.12,36.12,36.12,36.12,33
20200521,36.07,36.07,36.07,36.07,33
20200522,36.07,36.07,36.07,36.07,573
20200526,36.07,36.07,36.07,36.07,33
20200527,35.98,35.98,35.98,35.98,33
20200528,35.94,35.94,35.94,35.94,33
20200529,35.8,35.8,35.8,35.8,141
20200601,36.13,36.13,36.13,36.13,33
20200602,36.13,36.13,36.13,36.13,33
20200603,36.14,36.4,36.09,36.39,55409
20200604,36.41,36.41,36.41,36.41,141
20200605,36.37,36.37,36.37,36.37,141
20200608,36.62,36.62,36.62,36.62,33
20200609,36.67,36.67,36.67,36.67,33
20200610,36.84,36.85,36.84,36.85,573
20200611,36.75,36.75,36.68,36.69,2192
20200612,36.56,36.56,36.56,36.56,33
20200615,36.6,36.61,36.6,36.61,573
20200616,36.43,36.43,36.43,36.43,141
20200617,36.55,36.55,36.55,36.55,33
20200618,36.61,36.61,36.61,36.61,33
20200619,36.74,36.81,36.74,36.74,668
20200622,36.73,36.73,36.73,36.73,33
20200623,36.71,36.71,36.71,36.71,157
20200624,36.69,36.69,36.69,36.69,33
20200625,36.75,36.75,36.75,36.75,33
20200626,36.78,36.78,36.78,36.78,33
20200629,36.83,36.84,36.83,36.84,248
20200630,36.68,36.68,36.68,36.68,33
20200701,36.76,36.76,36.76,36.76,33
20200702,36.87,36.87,36.74,36.74,3151
20200706,37,37,37,37,33
20200707,37.15,37.15,37.15,37.15,33
20200708,37.19,37.19,37.19,37.19,33
20200709,37.09,37.34,37.09,37.33,733
20200710,37.34,37.34,37.34,37.34,248
20200713,37.23,37.3,37.23,37.3,1855
20200714,37.28,37.28,37.28,37.28,33
20200715,37.27,37.27,37.27,37.27,141
20200716,37.23,37.23,37.23,37.23,33
20200717,37.33,37.35,37.33,37.35,2597
20200720,37.28,37.29,37.16,37.25,3679
20200721,37.24,37.24,37.24,37.24,33
20200722,37.34,37.34,37.34,37.34,166
20200723,37.32,37.43,37.32,37.43,1855
20200724,37.59,37.62,37.58,37.61,4549
20200727,37.51,37.51,37.48,37.48,258
20200728,37.39,37.39,37.39,37.39,33
20200729,37.29,37.34,37.29,37.33,1967
20200730,37.41,37.41,37.41,37.41,33
20200731,37.35,37.35,37.35,37.35,504
20200803,37.54,37.54,37.51,37.51,461
20200804,37.49,37.49,37.49,37.49,236
20200805,37.63,37.63,37.63,37.63,210
20200806,37.58,37.58,37.58,37.58,33
20200807,37.45,37.45,37.45,37.45,543
20200810,37.7,37.7,37.7,37.7,1318
20200811,37.63,37.63,37.63,37.63,33
20200812,37.7,37.7,37.7,37.7,33
20200813,37.79,37.8,37.78,37.78,2495
20200814,37.78,37.78,37.73,37.73,461
20200817,37.66,37.66,37.66,37.66,33
20200818,37.69,37.69,37.55,37.68,669
20200819,37.69,37.69,37.69,37.69,33
20200820,37.66,37.66,37.66,37.66,33
20200821,37.7,37.7,37.7,37.7,33
20200824,37.85,37.87,37.85,37.87,2441
20200825,37.8,37.81,37.8,37.81,484
20200826,37.89,37.89,37.86,37.86,3486
20200827,37.71,37.73,37.71,37.73,692
20200828,37.59,37.59,37.59,37.59,461
20200831,37.67,37.94,37.67,37.75,673
20200901,38.03,38.03,38.03,38.03,166
20200902,37.95,37.95,37.95,37.95,33
20200903,38,38,37.99,38,6852
20200904,38,38,38,38,33
20200908,37.93,37.93,37.93,37.93,229
20200909,37.93,37.96,37.93,37.96,673
20200910,37.84,37.84,37.82,37.82,1740
20200911,37.72,37.72,37.72,37.72,33
20200914,37.94,37.95,37.94,37.94,461
20200915,37.84,37.84,37.84,37.84,33
20200916,37.88,37.97,37.88,37.93,2319
20200917,37.93,37.93,37.93,37.93,140
20200918,37.94,37.94,37.94,37.94,33
20200921,37.93,37.93,37.93,37.93,33
20200922,37.99,37.99,37.94,37.94,246
20200923,37.89,37.89,37.89,37.89,33
20200924,37.83,37.86,37.83,37.83,2294
20200925,37.61,37.61,37.61,37.61,33
20200928,37.55,37.55,37.55,37.55,246
20200929,37.32,37.32,37.32,37.32,300
20200930,37.44,37.44,37.44,37.44,673
20201001,37.49,37.49,37.49,37.49,33
20201002,37.59,37.59,37.59,37.59,33
20201005,37.73,37.73,37.68,37.68,245
20201006,37.72,37.72,37.72,37.72,33
20201007,37.83,37.83,37.83,37.83,928
20201008,37.85,37.87,37.75,37.79,5029
20201009,37.82,37.82,37.82,37.82,33
20201012,37.81,37.81,37.81,37.81,33
20201013,37.91,37.91,37.91,37.91,299
20201014,37.86,37.86,37.86,37.86,33
20201015,37.79,37.79,37.79,37.79,33
20201016,37.75,37.75,37.75,37.75,1254
20201019,37.8,37.8,37.8,37.8,33
20201020,37.78,37.78,37.78,37.78,33
20201021,37.78,37.94,37.78,37.94,2582
20201022,37.97,37.97,37.71,37.71,586
20201023,37.94,37.94,37.94,37.94,33
20201026,37.97,37.97,37.96,37.96,334
20201027,37.96,37.96,37.96,37.96,245
20201028,37.73,37.73,37.73,37.73,1414
20201029,37.92,37.92,37.9,37.9,396
20201030,37.86,37.86,37.84,37.85,1356
20201102,37.92,37.92,37.9,37.9,498
20201103,37.83,37.83,37.7,37.7,1147
20201104,37.84,37.85,37.84,37.85,1726
20201105,37.84,37.86,37.84,37.86,542
20201106,38.1,38.11,38.1,38.11,298
20201109,38.05,38.11,38.05,38.07,1488
20201110,37.99,37.99,37.95,37.97,1882
20201111,37.88,37.92,37.88,37.91,1832
20201112,37.9,37.91,37.85,37.85,2778
20201113,37.85,37.88,37.85,37.85,4961
20201116,37.74,37.78,37.74,37.74,3125
20201117,37.85,37.85,37.85,37.85,33
20201118,37.89,37.91,37.88,37.88,1991
20201119,37.9,37.9,37.9,37.9,1356
20201120,37.93,37.93,37.93,37.93,139
20201123,37.74,37.77,37.74,37.77,2678
20201124,38.02,38.02,37.84,37.84,2193
20201125,37.92,37.92,37.92,37.92,958
20201127,38.18,38.19,38.04,38.04,4291
20201130,37.96,37.96,37.96,37.96,293
20201201,38.22,38.22,38.22,38.22,561
20201202,38.15,38.15,38.15,38.15,275
20201203,38.15,38.15,38.03,38.03,1369
20201204,38.23,38.23,38.23,38.23,33
20201207,38.29,38.29,38.29,38.29,33
20201208,38.37,38.37,38.18,38.18,714
20201209,38.24,38.24,38.24,38.24,138
20201210,38.26,38.41,38.26,38.41,1060
20201211,38.32,38.32,38.32,38.32,138
20201214,38.22,38.24,38.22,38.24,296
20201215,38.48,38.48,38.48,38.48,139
20201216,38.52,38.52,38.52,38.52,184
20201217,38.53,38.56,38.39,38.39,770
20201218,38.53,38.53,38.53,38.53,33
20201221,38.61,38.61,38.51,38.55,689
20201222,38.39,38.51,38.39,38.51,879
20201223,38.45,38.64,38.45,38.64,566
20201224,38.66,38.66,38.63,38.63,612
20201228,38.48,38.48,38.47,38.47,407
20201229,38.66,38.66,38.55,38.55,4501
20201230,38.67,38.67,38.67,38.67,30
20201231,38.46,38.7,38.46,38.57,667
20210104,38.46,38.71,38.46,38.71,1155
20210105,38.64,38.76,38.6,38.7,7669
20210106,38.62,38.66,38.54,38.54,588
20210107,38.54,38.56,38.54,38.56,939
20210108,38.45,38.45,38.41,38.41,5123
20210111,38.29,38.29,38.04,38.22,2435
20210112,38.05,38.05,38.02,38.02,6152
20210113,38.03,38.14,38.03,38.14,3529
20210114,38.14,38.43,38.14,38.22,1849
20210115,38.36,38.36,38.36,38.36,30
20210119,38.41,38.46,38.41,38.46,1937
20210120,38.45,38.45,38.44,38.44,647
20210121,38.41,38.41,38.35,38.35,15076
20210122,38.46,38.46,38.46,38.46,30
20210125,38.55,38.55,38.37,38.51,1238
20210126,38.54,38.54,38.53,38.53,740
20210127,38.55,38.59,38.32,38.32,1313
20210128,38.63,38.63,38.34,38.34,511
20210129,38.26,38.26,38.26,38.26,238
20210201,38.6,38.61,38.37,38.37,1743
20210202,38.34,38.34,38.34,38.34,256
20210203,38.49,38.53,38.49,38.53,258
20210204,38.24,38.24,38.24,38.24,235
20210205,38.41,38.41,38.41,38.41,159
20210208,38.42,38.46,38.37,38.37,983
20210209,38.4,38.4,38.4,38.4,952
20210210,38.4,38.4,38.4,38.4,235
20210211,38.47,38.48,38.45,38.45,1396
20210212,38.4,38.5,38.4,38.5,1080
20210216,38.41,38.41,38.41,38.41,570
20210217,38.41,38.62,38.4,38.4,731
20210218,38.61,38.61,38.5,38.61,1419
20210219,38.7,38.7,38.7,38.7,216
20210222,38.77,38.77,38.77,38.77,1270
20210223,38.75,38.75,38.66,38.66,1361
20210224,38.72,38.72,38.52,38.52,1531
20210225,38.49,38.74,38.49,38.73,4342
20210226,38.66,38.69,38.66,38.69,581
20210301,38.72,38.72,38.72,38.72,295
20210302,38.52,38.71,38.51,38.71,821
20210303,38.59,38.59,38.59,38.59,30
20210304,38.52,38.52,38.49,38.49,540
20210305,38.55,38.55,38.55,38.55,30
20210308,38.49,38.53,38.49,38.53,1356
20210309,38.41,38.41,38.39,38.39,486
20210310,38.45,38.45,38.45,38.45,30
20210311,38.43,38.43,38.43,38.43,290
20210312,38.48,38.48,38.48,38.48,30
20210315,38.38,38.51,38.38,38.51,612
20210316,38.54,38.54,38.49,38.49,438
20210317,38.47,38.7,38.47,38.7,761
20210318,38.75,38.75,38.74,38.74,846
20210319,38.81,38.81,38.77,38.79,540
20210322,38.61,38.81,38.61,38.81,1290
20210323,38.68,38.68,38.68,38.68,30
20210324,38.79,38.79,38.79,38.79,132
20210325,38.79,38.79,38.79,38.79,234
20210326,38.65,38.65,38.65,38.65,30
20210329,38.55,38.58,38.55,38.55,1893
20210330,38.47,38.5,38.47,38.5,935
20210331,38.44,38.48,38.43,38.43,1920
20210401,38.48,38.48,38.48,38.48,1656
20210405,38.69,38.76,38.69,38.76,325
20210406,38.73,38.77,38.73,38.77,3390
20210407,38.72,38.77,38.68,38.73,4664
20210408,38.72,38.72,38.72,38.72,30
20210409,38.78,38.78,38.69,38.77,691
20210412,38.72,38.74,38.54,38.74,574
20210413,38.57,38.57,38.57,38.57,30
20210414,38.54,38.58,38.54,38.57,3076
20210415,38.56,38.56,38.56,38.56,336
20210416,38.38,38.38,38.31,38.31,3435
20210419,38.5,38.5,38.5,38.5,30
20210420,38.51,38.51,38.51,38.51,30
20210421,38.48,38.48,38.45,38.45,893
20210422,38.6,38.6,38.6,38.6,30
20210423,38.69,38.69,38.69,38.69,30
20210426,38.61,38.61,38.61,38.61,30
20210427,38.64,38.64,38.64,38.64,30
20210428,38.53,38.53,38.53,38.53,538
20210429,38.68,38.68,38.68,38.68,132
20210430,38.82,38.82,38.82,38.82,30
20210503,38.9,38.9,38.9,38.9,131
20210504,38.93,38.93,38.91,38.92,536
20210505,38.85,38.85,38.85,38.85,132
20210506,38.94,38.96,38.94,38.95,606
20210507,38.93,38.93,38.93,38.93,182
20210510,38.93,38.93,38.92,38.93,2585
20210511,38.89,38.89,38.89,38.89,182
20210512,38.81,38.81,38.81,38.81,30
20210513,38.75,38.75,38.73,38.75,384
20210514,38.78,38.78,38.73,38.76,1475
20210517,38.89,38.89,38.89,38.89,30
20210518,38.88,38.88,38.83,38.83,846
20210519,38.73,38.93,38.73,38.93,987
20210520,38.75,38.79,38.75,38.79,1237
20210521,38.92,38.92,38.76,38.76,333
20210524,38.93,38.93,38.93,38.93,232
20210525,38.89,38.93,38.89,38.93,1547
20210526,38.99,38.99,38.9,38.9,659
20210527,39.06,39.08,39.06,39.08,405
20210528,39.08,39.08,39.04,39.04,665
20210601,38.97,38.99,38.83,38.83,1447
20210602,39.02,39.04,39.01,39.03,4457
20210603,38.95,38.99,38.95,38.98,5277
20210604,38.8,39.03,38.8,39.02,12400
20210607,38.8,39,38.8,39,10215
20210608,39.06,39.06,39.05,39.06,512
20210609,38.81,38.98,38.77,38.98,9268
20210610,38.85,38.94,38.81,38.93,2046
20210611,38.84,38.84,38.81,38.81,259
20210614,38.84,38.91,38.81,38.91,488
20210615,38.88,38.88,38.82,38.82,1138
20210616,38.91,38.91,38.82,38.88,1560
20210617,38.79,38.95,38.79,38.95,885
20210618,38.94,38.94,38.81,38.81,941
20210621,38.97,38.97,38.97,38.97,635
20210622,38.76,38.76,38.76,38.76,141
20210623,38.95,38.95,38.92,38.93,15655
20210624,38.84,38.89,38.84,38.88,1139
20210625,38.88,38.88,38.88,38.88,232
20210628,38.85,38.89,38.84,38.87,12140
20210629,38.83,38.85,38.83,38.85,2533
20210630,38.81,38.81,38.56,38.56,1470
20210701,38.76,38.83,38.71,38.71,1112
20210702,38.71,38.78,38.6,38.7,1416
20210706,38.53,38.53,38.37,38.38,8559
20210707,38.41,38.41,38.39,38.39,9666
20210708,38.57,38.57,38.46,38.53,993
20210709,38.71,38.71,38.71,38.71,30
20210712,38.8,38.81,38.8,38.81,2717
20210713,38.87,38.87,38.76,38.76,1708
20210714,38.85,38.9,38.85,38.9,1656
20210715,38.9,38.9,38.87,38.87,684
20210716,38.83,38.92,38.83,38.92,2621
20210719,38.76,38.81,38.72,38.73,1356
20210720,38.74,38.74,38.66,38.66,334
20210721,38.68,38.69,38.68,38.69,1174
20210722,38.64,38.64,38.63,38.63,281
20210723,38.61,38.61,38.61,38.61,30
20210726,38.47,38.49,38.43,38.48,6939
20210727,38.23,38.23,38.11,38.21,5006
20210728,38.08,38.09,38.06,38.09,592
20210729,37.93,38.01,37.93,38.01,101984
20210730,37.8,37.8899,37.8,37.8899,866
