Date,Open,High,Low,Close,Volume
20171012,24.16,24.16,24.05,24.05,312
20171013,24.18,24.18,24.17,24.18,559
20171016,24.35,24.35,24.35,24.35,179
20171017,24.26,24.26,24.17,24.18,416
20171018,24.35,24.4,24.32,24.4,527
20171019,23.95,23.95,23.84,23.86,387
20171020,24.04,24.04,23.95,23.95,9129
20171023,23.85,23.86,23.72,23.72,6607
20171024,23.69,23.69,23.6,23.63,1583
20171025,23.8,23.82,23.33,23.38,1385
20171026,23.3,23.32,23.2,23.2,2626
20171027,23.19,23.33,23.19,23.33,2579
20171030,23.32,23.57,23.11,23.11,656
20171031,23.38,23.59,23.38,23.57,732
20171101,23.67,23.73,23.63,23.63,3698
20171102,23.68,23.68,23.54,23.61,2680
20171106,24,24.05,23.98,24.04,2493
20171107,24.09,24.09,24.06,24.06,781
20171108,24,24.04,23.97,23.99,1666
20171109,23.86,23.9,23.86,23.9,753
20171110,24,24,23.78,23.8,2729
20171113,23.78,23.95,23.78,23.95,2812
20171115,23.52,23.86,23.44,23.85,1405
20171116,24.36,24.39,24.36,24.38,1146
20171117,24.48,24.48,24.48,24.48,521
20171120,24.6,24.6,24.6,24.6,104
20171121,25.03,25.03,24.99,24.99,735
20171122,24.87,24.87,24.83,24.83,1250
20171124,24.56,24.58,24.54,24.58,417
20171127,24.15,24.15,24.15,24.15,422
20171128,24.07,24.15,24.07,24.15,306
20171129,23.63,23.66,23.54,23.61,3958
20171130,23.34,23.38,23.34,23.38,796
20171201,23.28,23.28,23.2,23.23,823
20171204,23.32,23.32,23.32,23.32,208
20171205,23.1,23.1,23.1,23.1,521
20171206,22.91,22.91,22.91,22.91,521
20171208,23.24,23.25,23.24,23.25,260
20171218,23.89,24.04,23.89,24.04,1679
20171226,24.31,24.31,24.31,24.31,130
20171228,24.51,24.51,24.51,24.51,208
20180103,25.58,25.58,25.53,25.53,560
20180104,25.82,25.82,25.76,25.76,1798
20180105,25.91,25.91,25.91,25.91,573
20180108,26.26,26.26,26.26,26.26,260
20180109,26.27,26.27,26.27,26.27,417
20180110,26.16,26.16,26.08,26.1,1346
20180111,26.05,26.14,26.05,26.13,1509
20180112,26.12,26.29,26.12,26.29,591
20180116,26.49,26.66,26.26,26.26,4030
20180117,26.37,26.62,26.37,26.62,1693
20180118,26.48,26.48,26.48,26.48,208
20180119,26.67,26.71,26.62,26.71,701
20180122,26.64,26.76,26.64,26.76,3197
20180123,26.77,26.78,26.72,26.72,2833
20180124,27.06,27.15,26.97,26.97,1424
20180125,27.36,27.36,27.22,27.24,1070
20180126,27.56,27.81,27.55,27.81,31884
20180129,27.43,27.43,27.26,27.3,28545
20180130,26.83,26.86,26.6,26.84,37514
20180131,26.97,27.16,26.91,26.98,70558
20180201,26.63,26.93,26.56,26.59,56149
20180202,26.36,26.36,25.86,25.86,56175
20180205,25.55,25.72,25,25.13,54685
20180206,24.79,25.21,24.79,25.14,2003
20180207,25.22,25.29,24.93,24.95,26283
20180208,25.01,25.03,24.08,24.09,28176
20180209,24.36,24.48,23.57,24.36,28177
20180212,24.61,24.93,24.61,24.93,28147
20180213,25.28,25.44,25.16,25.36,30615
20180214,25.65,26.22,25.65,26.16,16192
20180215,26.59,26.67,26.2,26.54,17255
20180216,26.45,26.59,26.27,26.43,19528
20180220,26.27,26.48,26.25,26.37,13233
20180221,26.71,26.71,26.63,26.63,234
20180222,26.49,26.51,26.32,26.38,28963
20180223,26.64,26.98,26.51,26.98,28454
20180226,26.76,26.83,26.7,26.79,14917
20180227,26.57,26.6,26.19,26.21,14100
20180228,26.09,26.09,26,26.01,9742
20180301,25.92,26.11,25.56,25.85,14194
20180302,25.42,26.1,25.42,26.1,10824
20180305,25.89,26.2,25.76,26.17,13447
20180306,26.43,26.49,26.41,26.44,11577
20180307,26.26,26.68,26.26,26.66,11189
20180308,26.75,26.75,26.49,26.6,12594
20180309,27.14,27.14,27.14,27.14,2084
20180312,27.23,27.29,27.15,27.25,13012
20180313,27.28,27.28,26.87,26.93,14986
20180314,27.01,27.05,26.85,26.95,16134
20180315,27.12,27.12,26.91,27.04,14882
20180316,26.95,27.04,26.9,27.02,15828
20180319,26.75,26.98,26.57,26.77,15090
20180320,27.22,27.3,27.15,27.3,10408
20180321,27.14,27.3,27.05,27.25,11194
20180322,26.63,26.63,26.01,26.09,11474
20180323,26,26.11,25.63,25.67,12575
20180326,26.29,26.29,25.77,26.25,12391
20180327,26.2,26.23,25.38,25.48,3434
20180328,25.27,25.27,25.13,25.17,9979
20180329,25.49,25.72,25.46,25.69,27155
20180402,25.04,25.04,25.02,25.02,1719
20180403,25.28,25.28,25.28,25.28,142
20180404,24.94,25.14,24.92,25.14,1276
20180406,25.08,25.08,24.78,24.88,2080
20180409,25.16,25.39,25.16,25.39,989
20180410,25.37,25.43,25.36,25.42,978
20180411,25.33,25.56,25.33,25.44,6198
20180412,25.38,25.42,25.31,25.42,5722
20180413,24.96,24.96,24.96,24.96,1042
20180416,24.86,24.88,24.83,24.87,12372
20180417,25.02,25.12,25.02,25.07,2082
20180418,25.04,25.08,25.04,25.08,271
20180419,25.07,25.09,24.9,25.04,10663
20180420,24.82,24.83,24.7,24.77,5805
20180423,25.2,25.2,24.76,24.8,543126
20180424,25.22,25.22,24.46,24.55,201818
20180425,24.51,24.57,24.04,24.13,50477
20180426,24.19,24.3,24.14,24.27,57066
20180427,24.28,24.35,24.09,24.23,84055
20180430,24.36,24.41,24.11,24.24,86345
20180501,24.25,24.28,24.02,24.21,44516
20180502,24.48,24.48,24.21,24.21,37897
20180503,24.24,24.24,23.81,24.15,51571
20180504,23.91,24.42,23.91,24.33,36713
20180507,24.28,24.7,24.28,24.54,46577
20180508,24.6,24.74,24.45,24.69,24729
20180509,24.73,24.73,24.5,24.5,35496
20180510,24.7,25.03,24.7,24.92,42851
20180511,24.86,24.87,24.61,24.64,25961
20180514,24.65,24.73,24.43,24.43,27390
20180515,24.09,24.09,23.85,23.97,26433
20180516,24.18,24.33,24.18,24.31,23357
20180517,24.03,24.19,23.94,24.04,37153
20180518,23.81,23.87,23.63,23.75,24468
20180521,24.05,24.14,23.8,23.9,87859
20180522,23.95,24.12,23.9,24.06,126922
20180523,23.94,24.19,23.79,24.18,71468
20180524,24.12,24.15,23.88,24.05,49294
20180525,24.02,24.14,24.02,24.04,48053
20180529,23.61,23.65,23.44,23.56,34720
20180530,23.51,23.72,23.49,23.71,26004
20180531,23.8,23.9,23.76,23.85,27885
20180601,23.97,24.35,23.97,24.26,49229
20180604,24.36,24.57,24.36,24.53,17800
20180605,24.57,24.77,24.57,24.62,19840
20180606,24.62,24.72,24.6,24.6,10616
20180607,24.52,24.56,24.04,24.2,25095
20180608,24.2,24.61,24.18,24.59,12115
20180611,24.6,24.81,24.54,24.63,14273
20180612,24.72,24.87,24.63,24.64,6324
20180613,24.63,24.71,24.42,24.42,14200
20180614,24.46,24.73,24.46,24.63,2292
20180615,24.43,24.52,24.31,24.47,8267
20180618,24.17,24.36,24.08,24.32,12285
20180619,23.7,24.04,23.67,23.94,15457
20180620,24.11,24.11,23.86,23.9,42383
20180621,23.88,23.9,23.57,23.57,21303
20180622,23.88,23.9,23.62,23.8,9840
20180625,23.58,23.58,23.04,23.17,65658
20180626,23.13,23.29,23.04,23.19,79591
20180627,23.23,23.3,22.57,22.66,39400
20180628,22.48,22.98,22.48,22.95,61057
20180629,23.25,23.41,23.25,23.28,9306
20180702,22.96,23.08,22.85,23.05,22534
20180703,23.25,23.31,23.12,23.21,8486
20180705,23.32,23.33,23.09,23.24,21324
20180706,23.19,23.55,23.11,23.48,12397
20180709,23.81,23.84,23.64,23.75,14554
20180710,23.76,23.76,23.62,23.71,3639
20180711,23.39,23.55,23.37,23.39,6586
20180712,23.7,23.85,23.66,23.83,6699
20180713,23.66,23.84,23.66,23.79,15912
20180716,23.75,23.8,23.7,23.79,12482
20180717,23.66,23.95,23.57,23.95,5528
20180718,23.78,23.88,23.75,23.86,5905
20180719,23.48,23.49,23.35,23.42,25870
20180720,23.58,23.65,23.54,23.54,2261
20180723,23.38,23.41,23.29,23.33,24941
20180724,23.62,23.65,23.34,23.36,9804
20180725,23.59,23.84,23.58,23.84,4913
20180726,23.56,23.69,23.52,23.52,7798
20180727,23.65,23.65,23.26,23.35,17451
20180730,23.31,23.31,22.98,23.03,7817
20180731,23.01,23.06,22.81,22.9,12725
20180801,22.74,23.03,22.62,22.84,9440
20180802,22.43,22.56,22.3,22.56,15479
20180803,22.51,22.74,22.49,22.68,24375
20180806,22.53,22.68,22.53,22.64,30024
20180807,22.91,22.96,22.81,22.82,13634
20180808,22.73,22.76,22.61,22.61,9442
20180809,22.58,22.84,22.58,22.64,8751
20180810,22.37,22.39,22.23,22.32,15115
20180813,21.98,22.07,21.79,21.89,28660
20180814,21.93,21.93,21.8,21.91,14750
20180815,21.08,21.29,20.94,21.2,42319
20180816,21.33,21.53,21.27,21.29,26713
20180817,21.28,21.46,21.15,21.4,7090
20180820,21.4,21.64,21.4,21.58,27947
20180821,21.69,21.71,21.56,21.59,11390
20180822,21.66,21.79,21.62,21.76,9057
20180823,21.88,21.93,21.49,21.5,5777
20180824,21.8,21.84,21.75,21.81,9866
20180827,22.05,22.38,21.96,22.31,11845
20180828,22.3,22.3,22.04,22.05,10630
20180829,22.03,22.19,22.03,22.13,5333
20180830,21.85,21.85,21.43,21.45,9932
20180831,21.38,21.63,21.38,21.57,7088
20180904,21.28,21.36,21.07,21.13,23157
20180905,20.86,20.86,20.54,20.58,26476
20180906,20.58,20.69,20.28,20.48,46317
20180907,20.48,20.71,20.48,20.54,10121
20180910,20.54,20.6,20.14,20.31,12670
20180911,20.08,20.35,20.08,20.35,19020
20180912,20.36,20.6,20.27,20.6,8185
20180913,20.72,20.97,20.72,20.9,8766
20180914,20.86,20.92,20.7,20.74,10305
20180917,20.61,20.67,20.53,20.54,22791
20180918,20.59,20.67,20.58,20.59,3322
20180919,20.69,21.03,20.69,21.03,5717
20180920,21.17,21.32,21.13,21.3,2194
20180921,21.4,21.4,21.31,21.31,2143
20180924,21.18,21.18,20.93,21.03,6368
20180925,21.05,21.15,21.02,21.12,5919
20180926,21.14,21.41,21.14,21.19,4042
20180927,21.17,21.29,21.17,21.21,974
20180928,21,21,20.82,20.83,4663
20181001,21.02,21.02,20.75,20.85,6702
20181002,20.53,20.58,20.4,20.46,5525
20181003,20.69,20.69,20.4,20.43,6328
20181004,20.26,20.27,19.74,19.869,3362
20181005,19.841,19.869,19.447,19.61,19358
20181008,19.514,19.735,19.409,19.668,11978
20181009,19.524,19.726,19.524,19.572,6587
20181010,19.418,19.418,17.844,18.814,51631
20181011,18.583,18.919,18.487,18.794,25018
20181012,18.967,19.438,18.967,19.438,9210
20181015,19.178,19.207,18.996,19.178,9586
20181016,19.332,19.616,19.314,19.615,34191
20181017,19.486,19.486,19.323,19.38,5714
20181018,19.14,19.178,18.78,18.842,15426
20181019,19.14,19.246,18.89,18.929,6811
20181022,19.303,19.418,19.226,19.318,6938
20181023,18.718,18.902,18.545,18.881,12186
20181024,18.67,18.724,17.988,18.015,8185
20181025,18.132,18.516,18.065,18.324,43273
20181026,17.873,18.42,17.753,18.286,95998
20181029,18.276,18.276,17.604,17.686,32099
20181030,17.835,18.113,17.739,18.055,14979
20181031,18.314,18.66,18.314,18.628,8317
20181101,18.902,19.514,18.777,19.514,6113
20181102,19.831,19.831,19.39,19.503,4786
20181105,19.447,19.534,19.303,19.505,4848
20181106,19.38,19.626,19.323,19.476,7828
20181107,19.639,19.678,19.534,19.678,2135
20181108,19.361,19.361,18.891,18.91,1982
20181109,18.737,18.737,18.343,18.497,4011
20181112,18.372,18.372,18.181,18.181,6220
20181113,18.305,18.612,18.305,18.41,2826
20181114,18.631,18.732,18.574,18.732,3608
20181115,18.833,19.237,18.833,19.237,5869
20181116,19.025,19.13,18.91,19.08,5483
20181119,18.9,18.963,18.55,18.603,42030
20181120,18.18,18.276,17.969,18.113,15526
20181121,18.468,18.775,18.391,18.549,8670
20181123,18.449,18.478,18.401,18.408,3771
20181126,18.65,18.862,18.65,18.823,11557
20181127,18.756,18.945,18.756,18.833,5628
20181128,19.082,19.481,18.98,19.481,12422
20181129,19.332,19.332,19.121,19.295,1232
20181130,19.092,19.409,19.092,19.409,9905
20181203,20,20,19.836,19.841,3352
20181204,19.831,19.831,19.332,19.332,2972
20181206,18.818,19.092,18.818,19.092,780
20181207,19.198,19.332,18.958,18.958,1352
20181210,18.679,18.698,18.486,18.67,10761
20181211,18.929,18.929,18.737,18.824,2219
20181212,19.207,19.355,19.207,19.303,5457
20181213,19.313,19.313,19.145,19.16,5009
20181214,18.948,18.995,18.718,18.842,5787
20181217,18.65,18.679,18.487,18.487,3587
20181218,18.533,18.574,18.416,18.416,3472
20181219,18.574,18.698,17.998,18.121,4672
20181220,18.43,18.43,18.094,18.142,10969
20181221,18.324,18.324,17.892,17.988,13649
20181224,17.95,18.046,17.815,17.815,832
20181226,17.864,18.269,17.861,18.26,12225
20181227,18.107,18.29,18.107,18.29,2415
20181228,18.344,18.382,18.257,18.362,4407
20181231,18.488,18.521,18.2,18.251,6397
20190102,18.257,18.334,18.228,18.295,2702
20190103,17.921,18.027,17.902,17.912,1671
20190104,18.583,18.919,18.583,18.9,1390
20190107,18.843,19.107,18.843,19.087,4748
20190108,19.13,19.13,19.06,19.097,2425
20190109,19.394,19.613,19.394,19.613,1959
20190110,19.342,19.658,19.342,19.658,10046
20190111,19.322,19.364,19.322,19.364,259
20190114,19.034,19.034,19.034,19.034,134
20190115,19.342,19.399,19.275,19.294,8184
20190116,19.37,19.572,19.37,19.554,977
20190117,19.322,19.717,19.322,19.534,2426
20190118,19.716,19.956,19.716,19.869,2755
20190122,19.668,19.668,19.368,19.368,1823
20190123,19.63,19.679,19.591,19.591,878
20190124,19.63,19.735,19.61,19.735,2242
20190125,20.16,20.21,20.11,20.17,2051
20190128,19.946,20.13,19.946,20.09,17200
20190129,20.05,20.05,20.02,20.02,975
20190130,20.22,20.42,20.11,20.25,1331
20190131,20.64,20.67,20.54,20.61,4093
20190201,20.45,20.59,20.45,20.59,2632
20190204,20.59,20.64,20.59,20.62,3789
20190205,20.75,20.93,20.75,20.92,1460
20190206,20.78,20.78,20.66,20.66,4822
20190207,20.43,20.43,20.18,20.27,1502
20190208,20.27,20.37,20.27,20.37,1385
20190211,20.39,20.43,20.39,20.43,238
20190212,20.56,20.56,20.56,20.56,223
20190213,20.64,20.69,20.57,20.57,955
20190214,20.53,20.53,20.44,20.45,2530
20190215,20.47,20.54,20.47,20.48,1334
20190219,20.5,20.67,20.5,20.67,446
20190220,20.94,20.94,20.82,20.82,1175
20190221,20.5,20.5,20.48,20.5,862
20190222,20.92,21.05,20.92,21.03,1070
20190225,21.46,21.46,21.35,21.36,3755
20190226,21.47,21.47,21.42,21.46,1036
20190227,21.45,21.58,21.45,21.56,1995
20190228,21.46,21.55,21.42,21.52,3271
20190301,21.61,21.64,21.42,21.45,6434
20190304,21.58,21.59,21.33,21.52,7519
20190305,21.66,22.03,21.66,22,12082
20190306,21.94,21.95,21.75,21.75,4267
20190307,21.36,21.36,21.13,21.13,2084
20190308,20.87,21.13,20.86,21.04,1383
20190311,21.34,21.74,21.34,21.67,2915
20190312,21.56,21.66,21.56,21.66,1914
20190313,21.74,21.77,21.69,21.77,871
20190314,21.42,21.51,21.42,21.51,41294
20190315,21.77,21.91,21.77,21.91,798
20190318,22.01,22.11,21.93,22.11,2239
20190319,22.15,22.18,22.03,22.15,3666
20190320,21.94,21.95,21.91,21.91,2123
20190321,21.88,21.9,21.8,21.8,1023
20190322,21.61,21.61,21.35,21.35,764
20190325,21.44,21.44,21.44,21.44,759
20190326,21.5,21.6,21.46,21.46,1037
20190327,21.5,21.5,21.39,21.4,2277
20190328,21.49,21.52,21.49,21.52,488
20190329,21.97,22.13,21.97,22.12,2529
20190401,22.32,22.35,22.25,22.35,859
20190402,22.35,22.35,22.27,22.27,4156
20190403,22.51,22.59,22.51,22.51,602
20190404,22.52,22.55,22.46,22.55,1733
20190405,22.65,22.74,22.65,22.68,967
20190408,22.56,22.57,22.52,22.56,3204
20190409,22.58,22.58,22.52,22.52,1281
20190410,22.51,22.64,22.51,22.64,2061
20190411,22.47,22.47,22.37,22.45,2219
20190412,22.65,22.71,22.56,22.56,4560
20190415,22.46,22.46,22.31,22.38,2140
20190416,22.57,22.57,22.57,22.57,502
20190417,22.65,22.65,22.57,22.58,1176
20190418,22.34,22.44,22.34,22.39,9657
20190422,22.22,22.32,22.22,22.28,4527
20190423,22.31,22.5,22.31,22.45,6746
20190424,22.24,22.26,22.16,22.16,4197
20190425,22.02,22.19,21.88,22.19,1098
20190426,22.08,22.19,22.07,22.19,3154
20190429,22.29,22.36,22.29,22.31,10197
20190430,22.31,22.46,22.31,22.4,3756
20190501,22.44,22.58,22.31,22.31,2999
20190502,22.39,22.39,22.39,22.39,447
20190503,22.57,22.71,22.57,22.71,2942
20190506,21.84,22.23,21.79,22.23,10785
20190507,21.94,21.95,21.65,21.65,2512
20190508,21.78,21.78,21.65,21.71,3434
20190509,21.24,21.25,21.12,21.25,4432
20190510,21.6,21.6,21.24,21.26,884
20190513,20.84,20.84,20.7,20.74,14665
20190514,20.95,21.07,20.94,21.07,1284
20190515,20.96,21.22,20.96,21.18,1557
20190516,21.22,21.31,21.19,21.3,871
20190517,20.76,20.8,20.6,20.62,1280
20190520,20.23,20.27,20.2,20.21,1606
20190521,20.35,20.41,20.35,20.41,1866
20190522,20.47,20.6,20.31,20.31,2494
20190523,20.01,20.01,19.745,20,67513
20190524,20.06,20.15,19.946,20.01,2017
20190528,20.08,20.1,19.985,20.008,2559
20190529,19.908,19.986,19.896,19.906,2379
20190530,20.17,20.17,20.11,20.11,238
20190531,20.06,20.12,20.06,20.1,1599
20190603,20.2,20.29,20.1,20.1,1543
20190604,20.16,20.36,20.16,20.36,602
20190605,20.44,20.44,20,20.15,1395
20190606,20.15,20.28,20.14,20.28,6726
20190607,20.35,20.6,20.35,20.57,4038
20190610,20.91,20.93,20.91,20.93,674
20190611,21.17,21.17,21.07,21.1,3156
20190612,20.89,20.89,20.85,20.87,1488
20190613,20.88,20.96,20.88,20.95,685
20190614,20.67,20.67,20.64,20.64,759
20190617,20.69,20.69,20.66,20.68,2478
20190618,21.23,21.24,21.14,21.2,6930
20190619,21.12,21.3,21.04,21.3,16274
20190620,21.67,21.74,21.5,21.54,30405
20190621,21.57,21.57,21.47,21.54,13856
20190624,21.49,21.64,21.45,21.45,12107
20190625,21.41,21.41,21.18,21.21,4149
20190626,21.32,21.42,21.32,21.38,12592
20190627,21.46,21.57,21.45,21.53,7175
20190628,21.49,21.49,21.48,21.49,1331
20190701,21.63,21.63,21.62,21.62,895
20190702,21.62,21.68,21.6,21.68,1072
20190703,21.64,21.64,21.64,21.64,238
20190705,21.55,21.61,21.55,21.6,6176
20190708,21.53,21.53,21.22,21.22,24989
20190709,21.32,21.38,21.31,21.37,16805
20190710,21.69,21.71,21.52,21.57,19302
20190711,21.68,21.68,21.56,21.56,16514
20190712,21.57,21.6,21.53,21.54,32690
20190715,21.67,21.73,21.67,21.7,1623
20190716,21.53,21.57,21.52,21.57,983
20190717,21.51,21.51,21.39,21.39,661
20190718,21.39,21.44,21.3,21.43,9778
20190719,21.56,21.56,21.45,21.45,3423
20190722,21.55,21.55,21.41,21.48,819
20190723,21.63,21.71,21.63,21.71,966
20190724,21.7,21.79,21.7,21.79,4765
20190725,21.78,21.78,21.68,21.68,3297
20190726,21.8,21.8,21.79,21.8,17636
20190729,21.6,21.6,21.6,21.6,30
20190730,21.37,21.41,21.33,21.33,8334
20190731,21.42,21.42,21.12,21.12,1445
20190801,21.47,21.57,21.47,21.57,2009
20190802,21.07,21.07,20.74,20.88,5572
20190805,20.27,20.27,20,20,3633
20190806,20.31,20.31,20.13,20.18,4165
20190807,20.17,20.35,20.17,20.35,1800
20190808,20.65,20.76,20.65,20.76,446
20190809,20.84,20.84,20.64,20.64,668
20190812,20.4,20.41,20.4,20.4,1993
20190813,20.43,20.95,20.43,20.95,2790
20190814,20.43,20.43,20.22,20.22,11481
20190815,20.32,20.32,20.32,20.32,30
20190816,20.4,20.59,20.4,20.59,2985
20190819,20.97,20.97,20.97,20.97,1349
20190820,21.06,21.06,21.02,21.02,1383
20190821,21.2,21.2,21.12,21.12,565
20190822,20.89,20.89,20.89,20.89,759
20190823,20.78,20.78,20.45,20.46,6404
20190826,20.55,20.59,20.55,20.57,3994
20190827,20.78,20.78,20.54,20.6,1937
20190828,20.72,20.77,20.69,20.77,887
20190829,20.93,20.99,20.93,20.99,1384
20190830,21.12,21.15,21.12,21.15,655
20190903,20.96,20.98,20.96,20.98,1488
20190904,21.35,21.37,21.35,21.37,551
20190905,21.53,21.57,21.53,21.55,1135
20190906,21.65,21.69,21.61,21.62,3474
20190909,21.68,21.76,21.52,21.57,11580
20190910,21.3,21.38,21.22,21.36,2091
20190911,21.65,21.65,21.63,21.65,2020
20190912,21.75,21.8,21.74,21.8,3155
20190913,21.87,21.93,21.87,21.93,361
20190916,21.67,21.69,21.66,21.66,3268
20190917,21.65,21.65,21.65,21.65,372
20190918,21.59,21.59,21.59,21.59,2270
20190919,21.66,21.66,21.66,21.66,30
20190920,21.63,21.66,21.5,21.59,1902
20190923,21.4,21.4,21.37,21.37,862
20190924,21.41,21.41,21.08,21.1,1913
20190925,21.1,21.13,21.09,21.09,1360
20190926,21.11,21.13,21.11,21.13,238
20190927,20.52,20.58,20.52,20.58,1401
20190930,20.87,20.87,20.76,20.76,826
20191001,20.63,20.75,20.61,20.61,13648
20191002,20.48,20.48,20.44,20.44,963
20191003,20.62,20.86,20.62,20.85,2415
20191004,20.76,20.94,20.76,20.94,2536
20191007,20.8,20.85,20.8,20.85,342
20191008,20.56,20.58,20.54,20.54,948
20191009,20.63,20.71,20.62,20.71,1645
20191010,20.81,20.81,20.77,20.77,342
20191011,21.19,21.19,21.19,21.19,551
20191014,21.18,21.3,21.18,21.3,456
20191015,21.39,21.39,21.38,21.38,655
20191016,21.34,21.38,21.33,21.34,28441
20191017,21.56,21.56,21.42,21.42,4401
20191018,21.32,21.32,21.06,21.12,29914
20191021,21.32,21.33,21.32,21.33,3350
20191022,21.3,21.3,21.17,21.17,655
20191023,21.16,21.16,21.16,21.16,21296
20191024,21.45,21.53,21.45,21.48,40107
20191025,21.5,21.73,21.5,21.64,85809
20191028,21.84,21.89,21.78,21.84,51301
20191029,21.64,21.64,21.64,21.64,342
20191030,21.68,21.77,21.63,21.77,52917
20191031,21.62,21.64,21.61,21.61,1463
20191101,21.86,21.86,21.82,21.85,4348
20191104,22.18,22.18,22.14,22.18,2087
20191105,22.08,22.15,22.08,22.14,2783
20191106,22.03,22.03,22.03,22.03,134
20191107,22.32,22.37,22.32,22.37,1095
20191108,22.27,22.28,22.22,22.22,2521
20191111,22.06,22.13,22.06,22.1,1958
20191112,22.05,22.1,22.03,22.03,1072
20191113,21.79,21.89,21.79,21.89,1826
20191114,21.84,21.84,21.77,21.8,1540
20191115,22.04,22.04,21.99,21.99,1629
20191118,21.89,21.97,21.89,21.97,554
20191119,21.86,21.86,21.82,21.82,759
20191120,21.74,21.74,21.6,21.6,811
20191121,21.72,21.72,21.72,21.72,30
20191122,21.86,21.86,21.86,21.86,5408
20191125,22.08,22.15,22.08,22.15,898
20191126,22,22.03,22,22.02,1025
20191127,22.05,22.1,22.03,22.1,5509
20191129,21.98,21.98,21.9,21.9,238
20191202,21.97,21.97,21.72,21.88,18550
20191203,21.6,21.72,21.57,21.72,2268
20191204,21.84,21.84,21.73,21.73,9670
20191205,21.87,21.87,21.8,21.83,17012
20191206,22,22.07,21.99,22.02,16789
20191209,21.95,21.95,21.89,21.89,21398
20191210,21.85,21.85,21.85,21.85,30
20191211,22.01,22.01,21.95,21.98,49923
20191212,22.46,22.46,22.3,22.34,19423
20191213,22.56,22.75,22.54,22.58,12271
20191216,22.76,22.77,22.71,22.71,14710
20191217,22.88,23.03,22.88,22.93,13926
20191218,23.1,23.1,23.04,23.06,5927
20191219,23.01,23.09,23.01,23.09,4821
20191220,23.1,23.15,23.1,23.15,742
20191223,23.29,23.31,23.29,23.31,238
20191224,23.29,23.33,23.29,23.3,3142
20191226,23.4,23.4,23.4,23.4,154
20191227,23.56,23.6,23.56,23.56,1055
20191230,23.65,23.65,23.38,23.38,663
20191231,23.39,23.4,23.39,23.4,441
20200102,23.89,24.14,23.89,24.14,3211
20200103,23.74,23.87,23.74,23.84,544
20200106,23.67,23.78,23.67,23.78,52984
20200107,23.94,24,23.94,23.98,875
20200108,23.85,24.28,23.85,24.28,21412
20200109,24.36,24.4,24.33,24.4,2463
20200110,24.51,24.55,24.41,24.44,9988
20200113,24.68,24.95,24.68,24.95,4179
20200114,24.89,24.89,24.75,24.75,3543
20200115,24.81,24.86,24.79,24.79,1188
20200116,25.03,25.03,24.91,24.95,3926
20200117,25.11,25.11,24.92,24.95,3006
20200121,24.46,24.52,24.38,24.45,6458
20200122,24.78,24.78,24.5,24.5,3713
20200123,24.2,24.38,24.2,24.38,1481
20200124,24.26,24.26,23.85,23.86,3952
20200127,22.82,23.44,22.71,23.32,7519
20200128,23.43,23.72,23.43,23.68,1385
20200129,23.71,23.77,23.71,23.73,1977
20200130,23.24,23.45,23.13,23.45,4609
20200131,22.97,22.97,22.89,22.91,5328
20200203,23.18,23.53,23.18,23.52,6276
20200204,24.05,24.22,24.04,24.11,8589
20200205,24.25,24.25,23.99,24.07,145451
20200206,24.09,24.21,24.09,24.09,22527
20200207,23.87,23.87,23.68,23.71,4038
20200210,23.78,23.83,23.77,23.79,6601
20200211,24.15,24.26,24.11,24.11,6658
20200212,24.46,24.57,24.46,24.56,2543
20200213,24.31,24.53,24.22,24.46,7302
20200214,24.59,24.59,24.45,24.52,8471
20200218,24.56,24.56,24.32,24.35,11615
20200219,24.73,24.78,24.7,24.75,34435
20200220,24.61,24.61,24.2,24.29,3226
20200221,24.1,24.23,24.04,24.21,7149
20200224,23.04,23.29,22.94,23.23,6949
20200225,23.61,23.61,23.03,23.03,3672
20200226,23.43,23.44,23,23,27412
20200227,22.59,22.79,22.45,22.45,5168
20200228,21.93,22.04,21.64,21.95,66229
20200302,22.35,22.86,22.22,22.86,41820
20200303,22.82,23.17,22.11,22.59,63848
20200304,23.07,23.07,22.9,23.02,3226
20200305,22.81,22.99,22.6,22.67,117083
20200306,22.12,22.13,21.86,22.13,6382
20200309,20.69,21.1,20.51,20.71,5025
20200310,21.34,21.66,21.01,21.65,13908
20200311,21.06,21.06,20.59,20.8,2179
20200312,18.382,19.1,18.362,18.675,26261
20200313,19.935,19.935,18.597,19.81,13337
20200316,17.503,18.314,17.503,17.533,9767
20200317,17.865,18.44,17.47,18.197,2468
20200318,16.986,17.328,16.732,17.137,2960
20200319,17.337,17.488,17.015,17.318,6976
20200320,18.226,18.226,17.498,17.498,15304
20200323,17.191,17.374,16.85,17.164,46922
20200324,18.343,18.791,18.343,18.617,3811
20200325,18.959,19.672,18.949,19.564,146519
20200326,19.388,19.887,19.388,19.887,7478
20200327,19.017,19.017,18.697,18.697,9273
20200330,18.846,18.91,18.794,18.9,9616
20200331,19.368,19.368,19.368,19.368,184
20200401,18.519,18.754,18.295,18.382,2101
20200402,18.705,18.847,18.705,18.847,635
20200403,18.92,18.92,18.465,18.465,650
20200406,19.384,19.63,19.384,19.63,1258
20200407,20.02,20.02,19.777,19.777,2601
20200408,19.594,19.818,19.594,19.789,133641
20200409,20.07,20.1,19.967,19.967,2180
20200413,19.672,19.704,19.63,19.656,1596
20200414,20.28,20.28,20.12,20.13,3671
20200415,19.829,19.984,19.829,19.984,2266
20200416,20.28,20.35,20.12,20.25,52396
20200417,20.57,20.57,20.4,20.43,2773
20200420,20.33,20.52,20.3,20.33,80059
20200421,19.945,20.02,19.76,19.901,4426
20200422,20.44,20.44,20.34,20.38,2988
20200423,20.67,20.67,20.26,20.26,21097
20200424,20.21,20.22,20.07,20.07,4019
20200427,20.49,20.64,20.49,20.58,18821
20200428,20.95,20.95,20.63,20.66,26701
20200429,21.07,21.25,21.06,21.25,4970
20200430,21.13,21.13,20.75,20.77,23007
20200501,20.39,20.39,20,20.12,8170
20200504,20.28,20.33,20.19,20.19,4599
20200505,20.78,20.81,20.73,20.77,4478
20200506,20.98,21.05,20.95,20.95,5574
20200507,21.25,21.31,21.13,21.27,4737
20200508,21.48,21.67,21.48,21.67,951
20200511,21.63,21.69,21.62,21.69,2884
20200512,21.84,22.03,21.68,21.68,3234
20200513,21.84,21.84,21.38,21.44,9650
20200514,21.21,21.59,21.08,21.59,1351
20200515,21.43,21.46,21.29,21.43,4413
20200518,22.01,22.27,22.01,22.16,12764
20200519,22.21,22.47,22.21,22.28,1174
20200520,22.64,22.66,22.33,22.33,12189
20200521,22.37,22.37,22.1,22.18,4329
20200522,21.93,21.93,21.72,21.82,2614
20200526,22.54,22.74,22.54,22.65,7973
20200527,22.36,22.45,22.35,22.42,12535
20200528,22.38,22.47,22.38,22.46,1188
20200529,22.26,22.39,22.21,22.28,2837
20200601,22.85,23.17,22.85,23.16,10511
20200602,23.6,23.64,23.54,23.64,7556
20200603,23.72,24.02,23.72,24.02,4706
20200604,23.74,23.96,23.69,23.75,4530
20200605,24.27,24.49,24.27,24.39,6728
20200608,24.47,24.5,24.43,24.46,4346
20200609,24.44,24.6,24.39,24.6,2984
20200610,24.73,24.99,24.58,24.92,23273
20200611,24.27,24.39,23.71,23.71,1812
20200612,24.37,24.37,23.99,24,15977
20200615,23.69,24.34,23.69,24.32,9620
20200616,25.02,25.02,24.47,24.61,7516
20200617,24.84,24.97,24.84,24.93,7716
20200618,25,25.04,24.88,24.9,139195
20200619,25.16,25.16,24.92,24.96,2410841
20200622,25.32,25.43,25.25,25.43,21127
20200623,25.84,25.96,25.8,25.83,7744
20200624,25.49,25.61,25.21,25.35,29581
20200625,25.33,25.49,25.23,25.49,5639
20200626,25.22,25.27,25.1,25.12,6778
20200629,25.25,25.27,24.94,25.27,11864
20200630,25.41,25.46,25.3,25.4,11804
20200701,25.44,25.57,25.4,25.52,6155
20200702,26.11,26.39,26.08,26.27,209516
20200706,27.11,27.15,26.85,26.85,14707
20200707,26.85,27,26.74,26.74,12838
20200708,27.17,27.39,27.08,27.39,31846
20200709,27.92,27.96,27.46,27.72,18438
20200710,27.63,27.69,27.47,27.63,33693
20200713,27.78,27.81,27.09,27.09,21157
20200714,26.73,26.97,26.67,26.94,11885
20200715,27.09,27.15,26.93,26.98,116544
20200716,26.44,26.57,26.38,26.56,4697
20200717,26.8,26.8,26.61,26.7,22570
20200720,26.68,26.98,26.68,26.95,15152
20200721,27.43,27.45,27.29,27.34,9737
20200722,27.14,27.19,26.97,27.05,2274
20200723,27.16,27.16,26.66,26.69,19627
20200724,26.37,26.58,26.32,26.54,24805
20200727,26.78,26.93,26.7,26.93,1838
20200728,26.91,26.94,26.86,26.86,950
20200729,27.12,27.34,27.12,27.34,9938
20200730,27,27.2,26.86,27.17,36787
20200731,27.23,27.29,26.96,27.07,54541
20200803,27.61,27.84,27.61,27.73,56265
20200804,27.81,28.02,27.78,28,22587
20200805,28.28,28.46,28.28,28.44,2997
20200806,28.38,28.46,28.25,28.46,13906
20200807,27.87,27.99,27.67,27.75,35611
20200810,27.82,27.82,27.4,27.49,13789
20200811,27.55,27.61,27.24,27.24,5284
20200812,27.62,27.76,27.58,27.76,1810
20200813,27.83,27.93,27.76,27.8,5531
20200814,27.68,27.68,27.48,27.51,2930
20200817,27.72,28.01,27.72,28.01,9181
20200818,28.06,28.13,27.87,28.09,6238
20200819,28.06,28.06,27.84,27.84,6530
20200820,27.35,27.63,27.35,27.62,6742
20200821,27.49,27.68,27.49,27.68,5731
20200824,28.19,28.19,27.82,27.92,27559
20200825,28.15,28.35,28.08,28.35,6134
20200826,28.44,28.57,28.41,28.55,17700
20200827,28.51,28.56,28.42,28.44,10464
20200828,28.6,28.73,28.6,28.73,4771
20200831,28.52,28.52,28.35,28.39,9305
20200901,28.83,28.96,28.83,28.96,8792
20200902,29.19,29.19,28.82,28.97,7049
20200903,28.77,28.77,28.12,28.21,17685
20200904,28.38,28.44,27.52,28.41,89835
20200908,27.51,27.74,27.25,27.44,25494
20200909,27.76,27.83,27.68,27.8,19150
20200910,27.82,27.91,27.26,27.29,3860
20200911,27.65,27.65,27.2,27.36,6029
20200914,27.76,27.94,27.76,27.91,3164
20200915,28.3,28.3,28.09,28.21,6839
20200916,28.32,28.32,28.14,28.15,4551
20200917,27.88,28.02,27.83,28.02,8958
20200918,28.03,28.03,27.77,27.89,5468
20200921,27.49,27.69,27.3,27.69,8739
20200922,27.53,27.56,27.28,27.53,8417
20200923,27.54,27.67,27.01,27.01,13589
20200924,26.76,27.09,26.73,27.01,4216
20200925,26.79,27.16,26.79,27.16,1771
20200928,27.52,27.52,27.24,27.39,7744
20200929,27.27,27.31,27.18,27.28,3171
20200930,27.28,27.62,27.28,27.55,4958
20201001,27.71,27.89,27.69,27.86,7402
20201002,27.52,27.76,27.52,27.54,10354
20201005,27.71,27.84,27.7,27.84,11760
20201006,27.94,28.16,27.93,27.93,19936
20201007,28.17,28.27,28.08,28.27,5390
20201008,28.29,28.36,28.28,28.36,2102
20201009,28.52,28.77,28.35,28.63,25103
20201012,28.8,28.8,28.66,28.72,22189
20201013,28.57,28.69,28.5,28.69,5371
20201014,28.68,28.68,28.48,28.48,1861
20201015,27.98,28.17,27.98,28.16,6154
20201016,28.41,28.43,28.39,28.41,1148
20201019,28.46,28.46,28.1,28.15,9200
20201020,28.4,28.79,28.4,28.65,24876
20201021,28.59,28.76,28.57,28.71,3148
20201022,28.56,28.77,28.24,28.39,28237
20201023,28.42,28.59,28.27,28.58,3920
20201026,28.2,28.29,27.84,28.15,29440
20201027,28.29,28.36,28.2,28.33,25623
20201028,27.98,27.98,27.7,27.74,16757
20201029,27.85,28.12,27.83,28.05,74280
20201030,27.63,27.7,27.32,27.42,10338
20201102,27.92,27.92,27.53,27.79,20617
20201103,27.76,27.91,27.62,27.87,17425
20201104,28.59,29.18,28.54,29,23288
20201105,29.63,29.83,29.43,29.77,12968
20201106,29.7,29.94,29.59,29.88,3124
20201109,30.67,30.67,29.72,29.81,20136
20201110,29.34,29.34,28.8,29.07,1618
20201111,28.96,29.21,28.96,29.16,2950
20201112,29.45,29.53,29.13,29.13,7812
20201113,29.69,29.74,29.51,29.74,17247
20201116,29.79,29.79,29.64,29.73,3528
20201117,29.62,29.72,29.57,29.65,14928
20201118,29.88,29.88,29.51,29.51,2469
20201119,29.48,29.83,29.45,29.8,7372
20201120,29.94,30.14,29.94,30.11,13304
20201123,30.31,30.31,30,30.15,12403
20201124,30.32,30.4,30.23,30.39,47263
20201125,30.05,30.3,30.05,30.29,5386
20201127,30.58,30.82,30.58,30.8,4372
20201130,30.38,30.38,30.1,30.11,7510
20201201,30.47,30.54,30.3,30.42,6144
20201202,30.26,30.37,30.14,30.37,8657
20201203,30.78,31.09,30.78,30.96,9423
20201204,31.25,31.35,31.21,31.32,6674
20201207,31.23,31.4,31.23,31.26,7835
20201208,31.28,31.41,31.2,31.4,24593
20201209,31.45,31.45,30.93,31.04,15699
20201210,30.81,31.27,30.81,31.2,7401
20201211,31.26,31.26,31.05,31.14,11570
20201214,31.08,31.14,30.91,30.91,18397
20201215,31.12,31.36,31.07,31.36,7067
20201216,31.58,31.84,31.58,31.79,9227
20201217,32.1,32.16,32.04,32.16,8086
20201218,32.04,32.12,32,32,11302
20201221,31.7,31.89,31.66,31.71,27478
20201222,31.6,31.61,31.5,31.52,3053
20201223,31.7,31.7,31.6,31.68,7136
20201224,31.35,31.5,31.26,31.44,11786
20201228,31.42,31.42,31.04,31.26,25430
20201229,31.76,31.87,31.65,31.83,9864
20201230,32.482,32.82,32.474,32.745,8677
20201231,32.97,32.97,32.53,32.585,5482
20210104,33.16,33.19,32.5,32.7299,17057
20210105,32.78,33.56,32.78,33.5044,68031
20210106,33.12,33.2999,32.68,32.6977,39662
20210107,32.79,33.05,32.705,33,27564
20210108,33.67,34.11,33.4346,34.11,32026
20210111,33.56,33.674,33.43,33.43,8467
20210112,33.56,33.76,33.52,33.73,13391
20210113,33.79,34.04,33.6884,33.93,13784
20210114,34.36,34.6337,34.36,34.3616,19828
20210115,34.17,34.21,33.83,33.88,24392
20210119,34.77,34.8388,34.6622,34.838,43984
20210120,35.63,35.85,35.58,35.795,26078
20210121,35.85,35.85,35.48,35.75,28373
20210122,35.94,36.06,35.8305,36.06,24258
20210125,36.85,36.85,36.0222,36.25,22648
20210126,36.05,36.05,35.67,35.75,25999
20210127,35.09,35.29,34.725,34.735,14064
20210128,34.72,35.3088,34.72,35.1,10395
20210129,34.57,34.68,34.0392,34.23,14287
20210201,35.01,35.49,34.98,35.47,19371
20210202,36.16,36.35,35.9998,36.29,40028
20210203,36.645,36.8201,36.55,36.66,12684
20210204,36.86,36.86,36.5188,36.75,18270
20210205,37.03,37.2899,36.96,37.18,11339
20210208,37.3,37.57,37.3,37.41,35772
20210209,37.4,37.8699,37.4,37.86,46769
20210210,38.31,38.58,38.1,38.44,26656
20210211,38.9,39.025,38.72,38.87,13790
20210212,38.55,39.12,38.49,38.96,19122
20210216,39.32,39.4,38.945,39.15,36764
20210217,38.99,39.0716,38.535,38.91,19311
20210218,38.2,38.3525,37.907,38.24,39153
20210219,38.74,39.04,38.73,38.8,14388
20210222,37.5,37.839,37.06,37.06,29464
20210223,36.77,37.315,35.898,37.2,35558
20210224,36.56,36.78,36.18,36.76,25570
20210225,36.9001,37.1061,35.71,35.83,29450
20210226,35.68,35.82,35.09,35.51,18580
20210301,36.47,36.8499,36.39,36.8499,22573
20210302,36.61,36.68,36.18,36.25,253323
20210303,36.38,36.38,35.46,35.6,399459
20210304,35.5,35.5523,33.93,34.42,65995
20210305,34.42,34.42,32.97,34.27,48880
20210308,33.39,33.4501,32.3218,32.35,182364
20210309,33.34,33.718,33.035,33.56,34949
20210310,33.83,33.83,32.95,33.12,92525
20210311,34.18,34.73,34.11,34.69,29621
20210312,33.68,33.92,33.5733,33.89,29794
20210315,33.67,34.05,33.64,34.01,148608
20210316,34.33,34.49,34.06,34.21,6457
20210317,33.625,34.13,33.315,33.99,18369
20210318,33.72,33.72,33.11,33.16,16200
20210319,33.27,33.5499,33.12,33.5,7376
20210322,33.49,33.57,33.3,33.47,10422
20210323,33.08,33.14,32.81,32.81,31188
20210324,32.612,32.612,31.64,31.65,24775
20210325,31.26,31.805,31.18,31.59,11141
20210326,31.99,32.03,31.1851,31.95,14225
20210329,31.55,31.5776,31.245,31.52,7997
20210330,31.36,31.79,31.32,31.75,18265
20210331,31.91,32.3887,31.91,32.18,17555
20210401,32.78,33.13,32.78,32.92,10625
20210405,33.25,33.25,32.795,32.99,15009
20210406,33,33.56,33,33.43,4816
20210407,32.76,32.87,32.675,32.74,20781
20210408,33.17,33.4199,33.17,33.33,14770
20210409,33.02,33.16,33.01,33.14,15661
20210412,32.9,32.95,32.857,32.857,2713
20210413,32.86,33.12,32.83,33.12,63425
20210414,33.57,33.57,33.0263,33.06,16512
20210415,33.3343,33.359,33.2,33.32,11395
20210416,33.37,33.49,33.29,33.48,8118
20210419,33.32,33.41,33.051,33.21,29295
20210420,33.22,33.22,32.62,32.84,33490
20210421,32.55,33.18,32.52,33.18,12013
20210422,33.22,33.5,33.17,33.2,7255
20210423,33.59,33.91,33.59,33.82,11432
20210426,33.6,33.94,33.6,33.94,3000
20210427,34.01,34.12,33.83,33.83,48722
20210428,33.9839,34.17,33.94,34.1,14606
20210429,34.25,34.25,33.5499,33.79,9049
20210430,33.21,33.3293,33.045,33.09,6553
20210503,33.2,33.2,32.9001,32.9828,2339
20210504,32.59,32.59,32.1,32.26,27114
20210505,32.47,32.68,32.32,32.355,10708
20210506,32.36,32.409,32.16,32.2,9054
20210507,32.65,32.935,32.59,32.68,10867
20210510,31.975,31.975,31.51,31.5699,26504
20210511,30.88,31.47,30.47,31.46,19660
20210512,30.98,31.13,30.369,30.43,29551
20210513,30.49,30.55,29.7,29.88,31279
20210514,30.12,30.55,30.078,30.55,7943
20210517,30.49,30.66,30.49,30.579,3853
20210518,31.16,31.4201,31.16,31.305,20567
20210519,30.73,31.1631,30.73,31.148,15619
20210520,31.34,31.82,31.34,31.82,297314
20210521,31.65,31.65,31.27,31.27,10199
20210524,31.44,31.51,31.3601,31.43,4376
20210525,31.83,31.92,31.79,31.79,42559
20210526,32,32,31.85,31.985,23239
20210527,31.58,31.99,31.526,31.9,8490
20210528,31.93,32.2,31.93,32.07,5352
20210601,33.14,33.14,32.7899,32.95,8176
20210602,32.86,32.95,32.85,32.91,12489
20210603,32.56,32.56,32.25,32.35,13717
20210604,32.6,32.6,32.48,32.54,10130
20210607,32.44,32.44,32.2999,32.37,4012
20210608,32.31,32.41,32.178,32.29,16460
20210609,32.22,32.47,32.16,32.2,8212
20210610,32.18,32.82,32.18,32.82,4605
20210611,32.6,32.6299,32.52,32.57,2664
20210614,32.75,32.89,32.75,32.87,6395
20210615,32.85,32.85,32.51,32.57,12221
20210616,32.43,32.53,31.25,32.09,18337
20210617,32.4013,32.45,32.235,32.39,5544
20210618,32.5596,32.5596,32.42,32.42,4002
20210621,32.38,32.52,32.17,32.49,29232
20210622,32.09,32.18,32.01,32.18,2512
20210623,32.45,32.802,32.45,32.62,7978
20210624,32.92,33.2499,32.92,33.18,6989
20210625,33.46,33.46,33.205,33.4,18285
20210628,33.29,33.49,33.2701,33.36,11247
20210629,33.24,33.73,33.24,33.73,3859
20210630,33.54,33.54,33.42,33.4417,3051
20210701,33.54,33.54,33.0818,33.13,35787
20210702,33.28,33.28,33.1,33.22,18247
20210706,32.61,32.65,32.281,32.44,18059
20210707,32.65,32.65,32.061,32.2,6075
20210708,31.22,31.41,31,31.37,10658
20210709,31.55,31.9663,31.54,31.9663,9040
20210712,31.85,31.85,31.71,31.73,3429
20210713,31.89,32.465,31.89,32.22,11307
20210714,32.51,32.51,32.13,32.13,8729
20210715,32.13,32.251,31.981,32.06,15851
20210716,32.09,32.09,31.64,31.7073,4250
20210719,31.06,31.06,30.925,30.9499,4352
20210720,31.02,31.439,30.99,31.439,3886
20210721,31.05,31.54,31.021,31.53,9036
20210722,31.66,31.66,31.45,31.63,22270
20210723,30.54,30.54,30.18,30.28,16960
20210726,29.39,29.577,28.92,29.02,54829
20210727,28.12,28.37,27.8,28.24,147499
20210728,28.81,29.4303,28.81,29.4303,20909
20210729,29.83,29.8922,29.57,29.81,22842
20210730,29.35,29.43,29.12,29.16,6251
20210802,29.4,29.65,29.33,29.4849,92815
20210803,29.03,29.04,28.805,29.04,13604
20210804,29.5,29.58,29.2601,29.32,9241
20210805,29.5,29.7194,29.5,29.51,9103
20210806,29.58,29.58,29.35,29.36,12120
20210809,29.53,29.92,29.53,29.89,62139
20210810,30.12,30.12,29.835,29.88,11901
20210811,29.97,29.97,29.611,29.78,5244
20210812,29.39,29.47,29.341,29.39,4779
20210813,29.23,29.23,28.97,29.02,2431
20210816,28.41,28.47,28.2,28.26,9446
20210817,27.54,27.779,27.505,27.54,31176
20210818,27.83,28.06,27.73,27.75,43636
20210819,27.09,27.41,27.05,27.27,17200
20210820,27.1,27.42,27.1,27.14,34359
20210823,27.48,27.71,27.3565,27.66,7417
20210824,28.57,29.118,28.57,29.118,12025
20210825,29.038,29.129,28.95,29.11,6700
20210826,28.91,28.94,28.725,28.725,6118
20210827,28.87,28.995,28.77,28.995,10952
20210830,28.88,29.175,28.8799,29.1,7799
20210831,29.6501,29.68,29.5,29.6,33474
20210901,30.11,30.4201,30.1099,30.27,5346
20210902,30.32,30.399,30.071,30.0924,15862
20210903,30.02,30.17,30.02,30.13,3383
20210907,30.53,30.81,30.53,30.665,46840
20210908,30.41,30.41,29.9501,29.9901,17853
20210909,29.33,29.709,29.33,29.6399,11026
20210910,29.85,29.85,29.5423,29.58,3761
20210913,29.41,29.41,29.0599,29.31,8540
20210914,29.24,29.24,28.81,28.81,12648
20210915,28.67,28.6758,28.4299,28.6709,7053
20210916,28.39,28.5299,28.27,28.505,37923
20210917,28.55,28.5501,28.21,28.29,4920
20210920,27.58,27.75,27.185,27.26,24259
20210921,27.6369,27.7492,27.5531,27.68,9829
20210922,27.94,28.34,27.94,28.2481,2794
20210923,28.1745,28.29,28.16,28.2,66457
20210924,27.83,27.9,27.68,27.8447,11434
20210927,27.48,27.75,27.41,27.71,90720
20210928,27.39,27.39,26.8565,27.029,6101
20210929,26.92,26.9745,26.635,26.71,5199
20210930,26.86,27.1,26.86,26.95,36978
20211001,26.92,27.03,26.6,26.909,64328
20211004,26.62,26.62,26.03,26.19,14324
20211005,26.16,26.46,26.16,26.409,5955
20211006,25.85,26.31,25.85,26.28,5753
20211007,26.96,27.559,26.96,27.39,7682
20211008,27.53,27.54,27.425,27.425,2946
20211011,27.65,27.65,27.321,27.321,5007
20211012,27.12,27.12,26.96,26.96,6088
20211013,27.34,27.64,27.34,27.64,4155
20211014,27.91,27.91,27.65,27.799,15087
20211015,27.96,28.34,27.95,28.25,21148
20211018,28.2,28.4599,28.2,28.4,13116
20211019,28.79,29.21,28.79,29.18,12294
20211020,29.47,29.51,29.27,29.41,11463
20211021,29.17,29.2696,29.13,29.13,3960
20211022,29.17,29.17,28.76,28.85,12878
20211025,28.84,28.85,28.57,28.81,6126
20211026,28.7343,28.91,28.39,28.4999,1001571
20211027,28.33,28.55,28.18,28.26,43943
20211028,28.02,28.27,27.929,28.2009,71974
20211029,27.76,27.7735,27.605,27.65,12133
20211101,27.8,28.38,27.8,28.38,19147
20211102,28.08,28.08,27.84,27.97,39750
20211103,27.96,28.1399,27.78,28.12,31328
20211104,28.26,28.26,27.72,27.721,24033
20211105,28.02,28.02,27.7508,27.86,16411
20211108,28.1,28.1,27.9681,28.07,12915
20211109,28.3,28.3,28.02,28.13,15406
20211110,28.32,28.56,28.03,28.09,22888
20211111,28.91,29.16,28.91,29.12,6417
20211112,29.15,29.3199,29.11,29.285,17818
20211115,29.29,29.3,29.091,29.2193,23658
20211116,29.55,29.55,29.23,29.35,6328
20211117,29.31,29.31,28.6,28.651,20723
20211118,28.35,28.35,27.925,28.1,12624
20211119,28.1,28.16,27.7808,27.8,20072
20211122,27.58,27.59,26.76,26.89,98950
20211123,26.68,26.81,26.36,26.47,28931
20211124,26.38,26.6399,26.32,26.6168,21938
20211126,25.98,25.98,25.5861,25.86,24334
20211129,25.91,25.91,25.5807,25.74,24915
20211130,25.69,25.83,25.23,25.43,149221
20211201,25.8,25.9,25.045,25.1,35995
20211202,25.18,25.35,24.86,25.02,36508
20211203,24.97,24.97,24.23,24.45,143622
20211206,24.22,24.58,23.84,24.58,69788
20211207,25.2,25.41,25.16,25.23,29101
20211208,25.22,25.5401,25.05,25.4,15634
20211209,25.36,25.62,25.11,25.2,92107
20211210,25.2,25.29,24.812,24.89,22173
20211213,24.78,24.78,24.18,24.5,85667
20211214,24.11,24.28,23.98,24.07,35092
20211215,23.95,23.96,23.4,23.91,38082
20211216,24.24,24.3,23.61,23.76,54945
20211217,23.34,23.79,23.09,23.61,130601
20211220,23.08,23.08,22.77,22.9,77603
20211221,23.2,23.83,23.2,23.83,192381
20211222,23.65,23.84,23.6,23.74,47529
20211223,23.61,23.7279,23.41,23.67,1070915
20211227,23.63,23.9801,23.63,23.74,178300
20211228,23.68,23.68,23.4,23.51,49133
20211229,23.3,23.3,22.92,22.94,145816
20211230,23.1,23.955,23.1,23.84,186059
20211231,23.68,23.87,23.63,23.63,52057
20220103,23.59,23.78,23.37,23.73,38788
20220104,23.33,23.33,22.71,22.76,17400
20220105,22.29,22.55,21.77,21.795,25582
20220106,21.68,22.15,21.49,22.0699,35126
20220107,22.47,22.59,22.22,22.31,18352
20220110,22.33,22.33,21.9199,22.21,50473
20220111,22.32,23.09,22.32,23.09,8982
20220112,23.58,23.58,23.26,23.48,58301
20220113,23.106,23.17,22.47,22.49,143184
20220114,22.53,22.6104,22.2,22.49,21963
20220118,21.95,22.2596,21.74,21.95,51530
20220119,22.09,22.24,21.94,21.99,15349
20220120,22.67,23.13,22.545,22.545,51046
20220121,22.31,22.3599,21.64,21.64,48138
20220124,20.81,20.93,20.04,20.93,55549
20220125,20.58,20.968,20.5,20.84,17796
20220126,21.07,21.07,20.335,20.44,13157
20220127,20.34,20.34,19.8989,19.93,18439
20220128,19.9,20.01,19.58,19.99,181287
20220131,20.58,21.56,20.58,21.54,80494
20220201,21.74,21.8,21.5303,21.75,122998
20220202,22.11,22.11,21.38,21.545,52042
20220203,21.08,21.2,20.89,20.89,24164
20220204,20.9,21.372,20.82,21.32,33827
20220207,21.23,21.44,21.15,21.21,48611
20220208,21.239,21.75,21.18,21.64,27017
20220209,21.88,22.45,21.88,22.45,108817
20220210,21.89,22.41,21.85,21.93,18666
20220211,21.67,21.82,21.06,21.06,156077
20220214,20.82,21.0076,20.726,20.86,35870
20220215,21.16,21.69,21.16,21.69,29091
20220216,21.6,21.73,21.49,21.73,88311
20220217,21.57,21.6696,21.22,21.45,64467
20220218,20.63,20.71,20.52,20.57,10598
