Date,Open,High,Low,Close,Volume
20200106,25.02,25.02,24.99,25.01,120130
20200107,25.07,25.0741,25.07,25.0741,530
20200108,24.98,24.98,24.98,24.98,30
20200109,25.06,25.06,25.05,25.05,2043
20200110,25.03,25.03,25.03,25.03,533
20200113,25.05,25.12,25.05,25.12,1439
20200114,25.19,25.19,25.09,25.09,735
20200115,25.09,25.09,25.09,25.09,634
20200116,25.2,25.2,25.18,25.18,834
20200117,25.26,25.26,25.26,25.26,30
20200121,25.41,25.43,25.24,25.24,757
20200122,25.3,25.33,25.28,25.28,735
20200123,25.32,25.32,25.32,25.32,30
20200124,25.25,25.25,25.13,25.13,592
20200127,25.09,25.09,25.09,25.09,131
20200128,25.1,25.1,25.08,25.1,1037
20200129,25.24,25.24,25.14,25.14,2948
20200130,24.94,24.99,24.94,24.97,1939
20200131,24.87,24.89,24.81,24.82,834
20200203,24.92,24.92,24.92,24.92,30
20200204,25.16,25.16,25.16,25.16,30
20200205,25.32,25.32,25.32,25.32,30
20200206,25.38,25.38,25.37,25.37,332
20200207,25.25,25.25,25.25,25.25,181
20200210,25.39,25.39,25.39,25.39,30
20200211,25.5,25.5,25.5,25.5,30
20200212,25.56,25.56,25.56,25.56,30
20200213,25.53,25.53,25.53,25.53,30
20200214,25.52,25.52,25.52,25.52,30
20200218,25.49,25.49,25.49,25.49,30
20200219,25.63,25.63,25.63,25.63,30
20200220,25.52,25.52,25.52,25.52,30
20200221,25.35,25.35,25.35,25.35,30
20200224,24.84,24.94,24.84,24.87,6772
20200225,24.69,24.69,24.69,24.69,1142
20200226,24.57,24.58,24.54,24.54,432
20200227,24.27,24.27,24.2,24.2,534
20200228,23.95,23.99,23.77,23.89,1880
20200302,24.28,24.28,24.28,24.28,231
20200303,24.45,24.45,24.05,24.05,432
20200304,24.76,24.76,24.76,24.76,30
20200305,24.51,24.51,24.26,24.26,433
20200306,23.92,23.92,23.85,23.85,332
20200309,24,24.01,23.22,23.28,2999
20200310,23.72,23.72,23.7,23.7,5264
20200311,23.33,23.33,23.3,23.32,3181
20200312,24.44,24.44,22.78,22.78,745
20200313,22.47,22.81,22.47,22.81,1278
20200316,21.37,21.37,21.37,21.37,30
20200317,22.1,22.1,22.1,22.1,30
20200318,21.63,21.63,21.39,21.39,533
20200319,21.54,21.54,21.54,21.54,30
20200320,21.64,21.64,21.23,21.32,634
20200323,21.13,21.17,21.13,21.17,1137
20200324,21.96,21.96,21.96,21.96,131
20200325,22.2,22.2,22.2,22.2,30
20200326,22.65,22.78,22.65,22.78,3048
20200327,22.38,22.5,22.38,22.5,533
20200330,22.77,22.77,22.77,22.77,30
20200331,22.52,22.54,22.51,22.52,1036
20200401,22.02,22.02,21.79,21.79,833
20200402,21.77,21.77,21.76,21.76,936
20200403,22.22,22.22,22.22,22.22,30
20200406,22.89,22.96,22.89,22.96,4975
20200407,23.13,23.13,22.94,22.94,3351
20200408,22.89,22.89,22.89,22.89,30
20200409,23.48,23.59,23.39,23.4,4507
20200413,23.4,23.41,23.4,23.41,7501
20200414,23.62,23.71,23.62,23.7,2627
20200415,23.35,23.35,23.26,23.26,7493
20200416,22.51,23.48,22.51,23.43,2568
20200417,23.45,23.45,23.45,23.45,30
20200420,26.09,26.09,23.48,23.53,10026
20200421,23.47,23.47,23.47,23.47,30
20200422,23.1,23.1,23.1,23.1,30
20200423,23.48,23.48,23.48,23.48,30
20200424,23.66,23.66,23.66,23.66,141
20200427,23.67,23.67,23.67,23.67,30
20200428,23.85,23.85,23.85,23.85,4353
20200429,23.9,23.9,23.9,23.9,2871
20200430,24.21,24.21,24.21,24.21,30
20200501,24.88,24.88,24.88,24.88,130
20200504,23.96,23.98,23.93,23.95,430
20200505,24.01,24.04,23.94,23.94,5585
20200506,23.95,23.95,23.89,23.89,433
20200507,24.08,24.11,24.07,24.11,5232
20200508,24.03,24.03,24.03,24.03,30
20200511,24,24,24,24,233
20200512,23.97,23.97,23.97,23.97,30
20200513,24.04,24.04,23.63,23.69,8966
20200514,23.24,23.66,23.24,23.66,232
20200515,24.06,24.06,24.06,24.06,30
20200518,24.45,24.56,24.45,24.56,5439
20200519,24.52,24.53,24.52,24.53,544
20200520,24.6,24.6,24.6,24.6,30
20200521,24.56,24.56,24.53,24.53,433
20200522,24.49,24.49,24.49,24.49,30
20200526,24.79,24.84,24.74,24.79,5920
20200527,24.79,24.79,24.79,24.79,30
20200528,24.79,24.82,24.79,24.82,231
20200529,24.73,24.73,24.71,24.71,5364
20200601,25.84,25.84,24.87,24.87,458
20200602,24.97,24.97,24.97,24.97,2043
20200603,25.12,25.12,25.11,25.12,9723
20200604,25.01,25.01,25.01,25.01,231
20200605,25.22,25.41,25.22,25.35,738
20200608,25.39,25.43,25.32,25.43,3152
20200609,25.35,25.44,25.33,25.33,13069
20200610,25.26,25.39,25.25,25.38,827
20200611,24.88,24.88,24.46,24.46,835
20200612,24.54,24.54,24.54,24.54,332
20200615,24.52,24.52,24.52,24.52,231
20200616,25.17,25.17,25.15,25.15,5526
20200617,25.09,25.11,25.09,25.11,231
20200618,25.06,25.08,25.04,25.04,7878
20200619,25.07,25.07,25.07,25.07,30
20200622,25.1,25.12,25.09,25.12,5054
20200623,25.29,25.29,25.29,25.29,30
20200624,24.85,24.89,24.85,24.89,8881
20200625,25,25,25,25,1237
20200626,24.84,24.84,24.81,24.81,835
20200629,24.89,24.91,24.89,24.91,231
20200630,25.11,25.11,25.11,25.11,433
20200701,26.42,26.42,25.15,25.21,12286
20200702,25.22,25.22,25.22,25.22,30
20200706,25.51,25.51,25.51,25.51,30
20200707,25.49,25.54,25.44,25.44,29468
20200708,25.56,25.56,25.56,25.56,30
20200709,25.63,25.63,25.63,25.63,1415
20200710,25.53,25.54,25.53,25.54,3483
20200713,25.78,25.81,25.37,25.37,333
20200714,25.34,25.34,25.34,25.34,4997
20200715,25.8,25.8,25.8,25.8,562
20200716,25.65,25.65,25.65,25.65,30
20200717,25.71,25.79,25.71,25.78,1029
20200720,25.85,25.85,25.85,25.85,533
20200721,25.97,25.97,25.95,25.95,533
20200722,26.01,26.01,26.01,26.01,30
20200723,25.83,25.83,25.83,25.83,684
20200724,25.76,25.79,25.73,25.79,5281
20200727,25.94,25.95,25.94,25.95,378
20200728,25.91,25.91,25.91,25.91,1296
20200729,25.92,26.08,25.92,26.04,8487
20200730,26.03,26.03,26.03,26.03,223
20200731,25.97,26,25.97,25.97,498
20200803,27.08,28.42,26.22,26.31,1138
20200804,26.35,26.35,26.33,26.33,521
20200805,26.51,26.51,26.51,26.51,131
20200806,26.6,26.6,26.6,26.6,30
20200807,26.49,26.49,26.49,26.49,30
20200810,27.09,27.09,26.48,26.49,6853
20200811,26.46,26.46,26.42,26.42,1534
20200812,26.44,26.47,26.42,26.47,534
20200813,26.52,26.52,26.52,26.52,131
20200814,26.45,26.45,26.45,26.45,131
20200817,26.6,26.61,26.6,26.6,1031
20200818,26.62,26.62,26.62,26.62,30
20200819,26.48,26.48,26.48,26.48,30
20200820,26.57,26.57,26.57,26.57,30
20200821,26.58,26.58,26.57,26.57,333
20200824,26.77,26.77,26.77,26.77,2083
20200825,26.83,26.83,26.83,26.83,131
20200826,26.8,26.82,26.8,26.82,2043
20200827,27.03,27.03,26.95,26.95,885
20200828,27,27,27,27,131
20200831,27.02,27.04,27,27.04,32157
20200901,27.85,27.85,27.05,27.12,1225
20200902,27.18,27.31,27.12,27.28,1687
20200903,28.02,28.02,26.72,26.72,836
20200904,26.74,26.74,26.34,26.48,4958
20200908,26.29,26.31,26.29,26.31,231
20200909,26.44,26.61,26.43,26.61,2445
20200910,26.33,26.33,26.29,26.29,5371
20200911,26.27,26.27,26.27,26.27,30
20200914,26.57,26.57,26.57,26.57,30
20200915,26.61,26.61,26.61,26.61,30
20200916,26.73,26.73,26.7,26.73,433
20200917,26.38,26.39,26.35,26.39,634
20200918,26.34,26.34,26.34,26.34,131
20200921,25.92,26.02,25.89,26.02,1712
20200922,26.27,26.27,26.27,26.27,30
20200923,26.2,26.2,25.94,25.94,1238
20200924,25.85,25.96,25.85,25.96,1153
20200925,26.13,26.13,26.13,26.13,30
20200928,26.35,26.35,26.35,26.35,30
20200929,26.33,26.33,26.33,26.33,332
20200930,26.44,26.46,26.44,26.46,922
20201001,27.46,28.82,26.58,26.66,1725
20201002,26.45,26.45,26.45,26.45,433
20201005,26.71,26.71,26.71,26.71,30
20201006,26.73,26.75,26.73,26.75,1237
20201007,26.7,26.73,26.69,26.73,633
20201008,26.84,26.84,26.84,26.84,30
20201009,27.02,27.02,27.02,27.02,30
20201012,27.22,27.22,27.22,27.22,231
20201013,27.24,27.24,27.24,27.24,178
20201014,27.21,27.21,27.21,27.21,1036
20201015,27.06,27.06,27.06,27.06,30
20201016,27.12,27.12,27.12,27.12,231
20201019,26.84,26.84,26.84,26.84,231
20201020,27.04,27.04,27.04,27.04,131
20201021,26.93,26.93,26.93,26.93,483
20201022,26.87,26.87,26.87,26.87,30
20201023,26.88,26.88,26.88,26.88,231
20201026,26.66,26.68,26.6,26.65,2849
20201027,26.72,26.72,26.69,26.69,232
20201028,26.37,26.37,26.28,26.29,2445
20201029,26.38,26.38,26.38,26.38,2768
20201030,26.08,26.12,26.04,26.07,635
20201102,27.16,27.16,26.13,26.24,19857
20201103,26.5,26.52,26.47,26.47,1137
20201104,27.06,27.06,26.99,26.99,1439
20201105,27.31,27.31,27.23,27.24,1036
20201106,27.27,27.3,27.27,27.3,412
20201109,27.26,27.28,27.26,27.28,231
20201110,27.12,27.15,27.02,27.02,2002
20201111,27.18,27.2,27.17,27.17,1937
20201112,27.41,27.41,27.08,27.08,1237
20201113,27.27,27.27,27.27,27.27,231
20201116,27.38,27.38,27.38,27.38,30
20201117,27.34,27.41,27.34,27.41,1540
20201118,27.3,27.3,27.3,27.3,131
20201119,27.19,27.19,27.19,27.19,131
20201120,27.21,27.21,27.21,27.21,30
20201123,27.22,27.22,27.22,27.22,279
20201124,27.05,27.22,27.05,27.22,332
20201125,27.33,27.33,27.33,27.33,256
20201127,27.44,27.44,27.44,27.44,30
20201130,27.33,27.37,27.32,27.32,527
20201201,27.64,27.64,27.6,27.6,636
20201202,27.6,27.6,27.6,27.6,30
20201203,27.72,27.72,27.69,27.69,2445
20201204,28.82,28.82,27.74,27.81,1972
20201207,27.83,27.83,27.8,27.82,434
20201208,27.88,27.88,27.88,27.88,231
20201209,27.84,27.84,27.84,27.84,231
20201210,27.75,27.75,27.72,27.72,432
20201211,27.68,27.68,27.68,27.68,30
20201214,27.73,27.74,27.69,27.7,2614
20201215,27.79,27.89,27.79,27.89,382
20201216,27.9,27.99,27.9,27.99,1016
20201217,28.1,28.1,28.06,28.0602,1396
20201218,28.0048,28.0048,28.0048,28.0048,30
20201221,27.86,28.04,27.85,28.04,1930
20201222,28.03,28.03,28.03,28.03,328
20201223,28.06,28.06,28.04,28.04,630
20201224,28.0929,28.0929,28.0929,28.0929,30
20201228,28.2194,28.2194,28.2194,28.2194,500
20201229,28.13,28.13,28.13,28.13,200
20201230,28.24,28.24,28.22,28.22,2324
20201231,28.19,28.19,28.19,28.19,110
20210104,29.29,29.29,28.072,28.15,5140
20210105,28.21,28.21,28.21,28.21,100
20210106,28.23,28.38,28.23,28.38,200
20210107,28.68,28.7,28.6454,28.7,1200
20210108,28.7,28.72,28.6,28.6603,6288
20210111,28.61,28.61,28.61,28.61,100
20210112,28.5002,28.5002,28.5002,28.5002,150
20210113,28.61,28.61,28.59,28.59,1615
20210114,28.67,28.67,28.66,28.66,200
20210115,28.54,28.54,28.52,28.52,200
20210119,28.6798,28.6798,28.6798,28.6798,100
20210120,28.9204,28.9204,28.9204,28.9204,200
20210122,28.93,28.97,28.92,28.97,6188
20210125,29.07,29.07,28.93,28.9575,1306
20210126,29.45,29.45,28.9566,28.963,500
20210127,28.74,28.74,28.6096,28.63,680
20210129,28.53,28.58,28.36,28.5,7802
20210201,28.59,28.69,28.59,28.69,975
20210202,28.85,28.87,28.85,28.87,400
20210203,28.86,28.86,28.86,28.86,146
20210204,28.86,28.92,28.86,28.92,510
20210208,29.21,29.27,29.1881,29.27,875
20210209,29.19,29.31,29.18,29.24,2437
20210216,29.3162,29.3162,29.3162,29.3162,900
20210217,29.17,29.189,29.17,29.189,1743
20210218,29.17,29.17,29.17,29.17,200
20210219,29.26,29.26,29.2219,29.2219,966
20210222,29.09,29.13,29.06,29.06,1100
20210223,28.9131,29.03,28.76,29.03,1200
20210224,29.11,29.11,29.11,29.11,200
20210225,28.87,28.9,28.64,28.64,1700
20210226,28.7859,28.83,28.78,28.78,694
20210301,29.86,29.86,28.8986,29.04,1077
20210304,28.65,28.65,28.31,28.31,700
20210305,28.23,28.63,28.23,28.63,400
20210308,28.645,28.645,28.57,28.5919,1244
20210309,28.88,28.93,28.88,28.905,2094
20210310,28.98,28.98,28.98,28.98,571
20210315,29.19,29.28,29.19,29.26,3152
20210317,29.16,29.39,29.16,29.39,500
20210318,29.32,29.39,29.31,29.39,700
20210319,28.99,29.2,28.99,29.18,1996
20210322,29.23,29.3,29.23,29.25,500
20210324,28.95,28.95,28.85,28.85,3000
20210326,28.93,28.96,28.93,28.96,1329
20210329,29.07,29.07,29.07,29.07,200
20210401,29.25,29.3,29.21,29.21,1265
20210408,29.54,29.5599,29.54,29.5599,485
20210409,29.61,29.61,29.61,29.61,100
20210413,29.73,29.76,29.73,29.7495,1846
20210414,29.85,29.85,29.85,29.85,100
20210415,29.8695,29.8695,29.8695,29.8695,380
20210416,30.0058,30.0058,30.0058,30.0058,124
20210419,29.79,29.8292,29.32,29.8,40284
20210420,29.59,29.59,29.55,29.57,800
20210421,29.62,29.71,29.62,29.71,627
20210422,29.63,29.63,29.63,29.63,100
20210427,30.11,30.14,30.1,30.14,11170
20210428,30.08,30.11,30.08,30.11,1063
20210429,30.11,30.11,30.0487,30.07,4686
20210430,29.93,30.03,29.9281,29.95,27281
20210503,30.11,30.18,30.04,30.05,1857
20210504,29.87,29.99,29.7854,29.99,1199
20210505,30.03,30.065,29.92,30.065,3727
20210506,30.0852,30.0852,30.0852,30.0852,306
20210507,30.26,30.4,30.26,30.4,2550
20210519,29.64,29.69,29.64,29.69,300
20210521,29.9382,30,29.9382,29.965,700
20210526,30.16,30.2,30.16,30.2,700
20210601,30.42,30.42,30.345,30.38,3032
20210603,30.21,30.21,30.1599,30.1599,1308
20210607,30.28,30.28,30.2799,30.2799,434
20210609,30.25,30.25,30.25,30.25,389
20210611,30.26,30.26,30.226,30.26,300
20210615,30.08,30.08,30.08,30.08,100
20210616,30.1,30.11,30.0965,30.0965,5574
20210618,29.64,29.64,29.64,29.64,3000
20210621,29.69,29.8493,29.69,29.81,12682
20210623,30.06,30.07,30.01,30.01,1740
20210624,30.1,30.15,30.1,30.14,350
20210625,30.2,30.21,30.2,30.21,1157
20210628,30.21,30.21,30.21,30.21,500
20210629,30.1952,30.23,30.1952,30.23,637
20210630,30.22,30.22,30.22,30.22,100
20210701,30.31,30.34,30.3,30.33,1100
20210706,30.22,30.36,30.18,30.18,300
20210713,30.38,30.38,30.38,30.38,165
20210716,30.11,30.11,30.11,30.11,100
20210719,29.79,29.79,29.79,29.79,117
20210720,29.94,29.99,29.94,29.99,400
20210726,30.46,30.46,30.46,30.46,100
20210728,30.46,30.52,30.4332,30.49,2490
20210802,30.66,30.66,30.55,30.55,548
20210805,30.57,30.59,30.57,30.59,945
20210806,30.64,30.64,30.57,30.57,2415
20210811,30.7217,30.7217,30.58,30.64,6817
20210812,30.68,30.78,30.68,30.78,1572
20210817,30.52,30.52,30.52,30.52,1500
20210818,30.481,30.481,30.481,30.481,393
20210824,30.78,30.83,30.78,30.83,1006
20210825,30.88,30.92,30.88,30.92,200
20210830,31.32,31.32,31.02,31.02,402
20210831,30.96,31,30.95,31,2917
20210901,31.03,31.04,31.02,31.02,641
20210907,30.97,31,30.97,31,300
20210908,30.79,30.82,30.79,30.82,1282
20210910,30.7601,30.85,30.69,30.69,3400
20210914,30.65,30.67,30.5993,30.61,1640
20210915,30.72,30.72,30.72,30.72,100
20210916,30.56,30.72,30.5337,30.69,5750
20210917,30.55,30.57,30.55,30.57,500
20210920,30.07,30.22,30.05,30.22,2708
20210921,30.25,30.27,30.2194,30.22,3297
20210922,30.34,30.44,30.2517,30.38,4052
20210923,31.37,31.37,30.54,30.54,200
20210924,30.42,30.421,30.42,30.42,600
20210927,30.57,30.73,30.49,30.73,4608
20210928,30.26,30.96,30.26,30.42,500
20210929,30.36,30.45,30.3308,30.37,1000
20210930,30.31,30.31,30.31,30.31,106
20211004,31.06,31.06,30.08,30.21,1776
20211005,30.27,30.36,30.27,30.36,824
20211006,29.84,30.52,29.84,30.37,600
20211007,30.53,30.6,30.53,30.53,800
20211008,31.16,31.28,30.22,30.5,2900
20211011,30.3,30.37,30.3,30.37,200
20211012,30.2596,30.2596,30.2596,30.2596,160
20211013,30.36,30.45,30.36,30.45,200
20211014,30.69,30.74,30.686,30.74,1300
20211015,30.81,30.84,30.7808,30.84,300
20211018,30.77,30.93,30.77,30.92,3967
20211019,30.89,30.99,30.89,30.99,200
20211020,30.9896,30.9896,30.9896,30.9896,157
20211022,31.04,31.06,31.04,31.0481,400
20211026,31.18,31.18,31.18,31.18,160
20211028,31.16,31.24,31.16,31.24,300
20211029,31.1482,31.1482,31.1482,31.1482,416
20211101,31.25,31.38,31.25,31.38,639
20211103,31.58,31.58,31.5739,31.5739,8474
20211104,31.56,31.64,31.56,31.64,500
20211105,31.77,31.79,31.735,31.76,9104
20211108,31.8299,31.8299,31.8299,31.8299,298
20211109,31.72,31.785,31.71,31.78,4200
20211111,31.5815,31.64,31.5815,31.64,1209
20211112,31.67,31.67,31.67,31.67,100
20211115,31.76,31.77,31.71,31.71,900
20211116,31.84,31.84,31.81,31.81,200
20211117,31.69,31.73,31.69,31.73,503
20211118,31.73,31.78,31.7197,31.77,9730
20211119,31.65,31.66,31.58,31.63,3885
20211122,31.68,31.68,31.61,31.65,1000
20211123,31.56,31.65,31.5,31.65,650
20211124,31.51,31.69,31.51,31.67,4166
20211126,31.11,31.19,31.11,31.149,2834
20211129,31.2,31.46,31.2,31.38,1954
20211130,31,31.83,31,31.05,1800
20211201,31.34,31.36,30.87,30.87,821
20211202,31.0903,31.19,31.0903,31.13,3303
20211203,30.7847,30.82,30.767,30.767,1878
20211206,31.15,31.15,31.11,31.11,450
20211207,31.61,31.61,31.5002,31.54,2888
20211208,31.59,31.61,31.59,31.61,2100
20211210,31.46,31.58,31.46,31.58,200
20211213,31.46,31.46,31.29,31.3,1390
20211214,31.53,32.77,31.0903,31.16,3964
20211215,31.17,31.41,31.1365,31.41,3928
20211217,31.0888,31.0888,31.0888,31.0888,1600
20211220,30.66,30.74,30.6,30.74,2100
20211221,30.96,31.15,30.96,31.15,3863
20211222,31.1299,31.2464,31.1299,31.2464,1839
20211223,31.32,31.5,31.32,31.45,1400
20211227,31.71,31.71,31.71,31.71,400
20211229,31.67,31.7,31.6665,31.69,3063
20211230,31.72,31.73,31.61,31.61,1000
20211231,31.59,31.64,31.5665,31.59,3384
20220103,31.65,31.75,31.65,31.75,1068
20220104,31.8,31.8,31.8,31.8,400
20220105,31.83,31.85,31.43,31.43,10234
20220106,31.4399,31.5,31.42,31.42,10482
20220107,31.41,31.49,31.342,31.35,9181
20220110,31.18,31.37,31.18,31.32,3000
20220111,31.38,31.38,31.38,31.38,108
20220112,31.58,31.62,31.5772,31.62,2494
20220113,31.5373,31.5373,31.41,31.41,2171
20220114,31.22,31.225,31.08,31.225,644
20220119,30.8888,30.92,30.77,30.77,1851
20220120,30.95,30.95,30.91,30.91,600
20220121,30.35,30.35,30.28,30.28,200
20220124,29.68,29.9655,29.68,29.9655,2525
20220125,30.32,30.34,30.31,30.31,5964
20220126,30.455,30.49,30.455,30.49,200
20220127,30,30.06,30,30.06,1229
20220128,30.06,30.37,30,30.37,4700
20220131,30.45,30.69,30.45,30.69,6407
20220201,30.99,30.99,30.65,30.87,3661
20220202,30.81,30.81,30.81,30.81,100
20220203,30.25,30.7583,30.25,30.49,4803
20220204,30.79,30.81,30.75,30.75,833
20220207,30.8357,30.85,30.76,30.76,6806
20220208,30.88,30.98,30.88,30.96,9697
20220209,31.02,31.18,31.02,31.17,1600
20220210,31.11,31.1822,30.86,30.86,1783
20220211,30.84,31,30.63,30.67,3250
20220214,30.51,30.55,30.51,30.55,600
20220215,30.59,30.82,30.59,30.68,3125
20220216,30.79,30.91,30.7444,30.89,1850
20220217,30.54,30.59,30.4701,30.54,4822
20220218,30.4587,30.4587,30.39,30.39,672
