Date,Open,High,Low,Close,Volume
20110421,49.67,49.67,49.67,49.67,600
20110425,49.72,49.72,49.16,49.31,5600
20110426,48.99,48.99,48.73,48.73,2700
20110427,49.04,49.22,49.04,49.22,1500
20110428,49.12,49.14,48.81,48.95,3300
20110429,48.97,48.97,48.72,48.85,5000
20110502,48.99,49.03,48.88,48.88,1200
20110503,48.54,48.54,47.84,47.85,5900
20110504,47.88,48,47.88,48,1000
20110505,47.78,48.04,47.51,47.7,12000
20110506,47.63,47.82,47.6,47.77,4400
20110511,47.64,47.64,47.45,47.45,400
20110520,47,47.04,46.89,46.89,3700
20110523,45.9,45.9,45.67,45.67,1700
20110526,45.81,45.92,45.73,45.76,6200
20110608,46.33,46.33,46.33,46.33,100
20110609,46.76,46.96,46.76,46.96,200
20110616,47.55,47.56,47.5,47.5,1400
20110617,47.99,47.99,47.99,47.99,300
20110624,48.62,48.64,48.53,48.53,5200
20110707,49.2,49.56,49.2,49.56,1000
20110719,48.65,48.65,48.65,48.65,100
20110722,48.5,48.5,48.5,48.5,400
20110803,48.74,48.94,48.51,48.94,1700
20110804,49.18,49.18,48.74,48.74,400
20110808,48.3,48.3,48.3,48.3,2000
20110810,47.55,47.68,47.55,47.68,300
20110811,48.27,48.27,48.27,48.27,1000
20110812,48.3,48.3,48.3,48.3,1400
20110815,48.12,48.14,47.94,47.94,1800
20110816,47.95,48.03,47.91,48.02,2000
20110817,47.85,47.85,47.39,47.39,1100
20110822,47.07,47.07,47.07,47.07,100
20110829,47.14,47.14,47.14,47.14,1600
20110830,47.12,47.12,47.09,47.09,500
20110901,46.59,46.59,46.58,46.58,1000
20110913,48.32,48.32,47.96,48.17,1300
20110919,47.84,47.84,47.66,47.71,300
20110921,48,48.18,48,48.18,700
20110926,47.86,47.86,47.85,47.85,300
20110928,47.69,47.69,47.6,47.6,1500
20110929,48.14,48.14,48.09,48.09,600
20110930,47.84,48.04,47.84,48,43600
20111003,48.59,48.72,48.59,48.63,21000
20111004,47.98,47.98,47.95,47.95,1300
20111010,48.94,48.94,48.94,48.94,400
20111012,48.72,48.8,48.61,48.63,7200
20111018,49.52,49.52,49.52,49.52,100
20111019,49.6,49.6,49.47,49.47,1900
20111020,49.02,49.02,49.02,49.02,100
20111021,49.09,49.34,48.84,48.92,44900
20111025,49.14,49.14,49.14,49.14,100
20111026,48.8,48.8,48.38,48.38,600
20111028,48.16,48.16,48.16,48.16,100
20111101,48.65,48.68,48.65,48.68,1200
20111104,48.91,49.02,48.91,49.02,6800
20111110,47.98,47.98,47.98,47.98,100
20111122,48.7,48.7,48.7,48.7,200
20111128,48.2,48.2,48.2,48.2,100
20111206,47.27,47.27,47.27,47.27,400
20111207,47.48,47.52,47.48,47.51,9800
20111208,47.33,47.33,47.09,47.09,400
20111215,46.44,46.44,46.44,46.44,2300
20111220,46.79,46.79,46.79,46.79,1700
20111222,47.12,47.57,47.12,47.56,1500
20111227,47.69,47.69,47.69,47.69,5200
20120103,47.44,47.46,47.25,47.25,9500
20120119,47.63,47.69,47.63,47.69,400
20120123,47.91,47.91,47.91,47.91,2200
20120131,48.14,48.24,48.14,48.24,700
20120202,48.49,48.49,48.49,48.49,200
20120210,47.82,47.82,47.82,47.82,500
20120213,48.06,48.13,48.06,48.11,4500
20120214,48.03,48.34,48.03,48.34,4600
20120223,48.17,48.21,48.16,48.21,500
20120227,48.82,48.82,48.62,48.62,1500
20120228,47.86,47.86,47.86,47.86,300
20120309,46.77,46.83,46.77,46.78,7300
20120327,46.26,46.26,46.26,46.26,2100
20120403,44.63,44.63,44.63,44.63,100
20120411,44.61,44.61,44.61,44.61,3600
20120418,43.6,43.6,43.6,43.6,100
20120425,43.28,43.28,43.22,43.22,5000
20120503,43.62,43.62,43.62,43.62,100
20120507,43.45,43.45,43.45,43.45,300
20120509,43.34,43.34,43.34,43.34,300
20120604,43.11,43.11,43.1,43.1,300
20120615,43.06,43.06,43.06,43.06,3000
20120724,42.86,42.86,42.86,42.86,1900
20120731,43.95,43.95,43.95,43.95,1900
20120802,43.46,43.59,43.34,43.57,43700
20120803,43.97,43.97,43.97,43.97,1200
20120814,43.71,43.71,43.71,43.71,100
20120917,43.37,43.37,43.1,43.16,9200
20120920,43.3,43.3,43.3,43.3,2200
20121002,43.38,43.38,43.35,43.35,1000
20121008,42.37,42.37,42.37,42.37,200
20121023,43.68,43.68,43.68,43.68,2500
20121025,43.39,46.79,43.26,43.4,17300
20121026,43.4,43.4,43.11,43.3,2400
20121031,43.2,43.44,43.2,43.26,1800
20121101,43.39,43.39,43.25,43.25,200
20121107,42.97,43.44,42.97,43.44,2200
20121121,44.21,44.21,44.21,44.21,600
20121123,44.38,44.38,44.38,44.38,600
20121127,44.18,44.18,44.18,44.18,600
20121128,44.25,44.25,44.25,44.25,300
20121203,44.19,44.19,44.19,44.19,800
20121207,43.68,43.72,43.68,43.69,600
20121212,44.1,44.12,44.1,44.12,1100
20121217,44.1,44.1,44.1,44.1,600
20121224,44.08,44.08,44.08,44.08,100
20121231,43.61,43.61,43.61,43.61,200
20130103,43.95,43.97,43.95,43.97,500
20130104,43.9,43.99,43.9,43.95,1100
20130111,43.02,43.02,43.02,43.02,300
20130114,43.2,43.2,43.2,43.2,100
20130116,42.68,42.68,42.68,42.68,3100
20130204,43.11,43.11,42.93,42.93,12500
20130205,42.93,42.95,42.88,42.95,33700
20130206,42.9,42.9,42.7,42.7,4300
20130208,42.33,42.35,42.25,42.25,400
20130308,41.16,41.16,41.16,41.16,500
20130312,41.33,41.33,41.33,41.33,1800
20130318,40.28,40.28,40.28,40.28,1000
20130320,40.34,40.35,40.34,40.35,1700
20130326,40.68,40.68,40.68,40.68,1900
20130405,40.33,40.33,40.33,40.33,200
20130408,38.37,40.44,38.37,40.44,200
20130410,40.01,40.01,40.01,40.01,200
20130411,40.3,40.3,40.3,40.3,100
20130415,39.89,39.89,39.89,39.89,600
20130417,39.93,39.93,39.93,39.93,3000
20130603,40.33,40.33,40.33,40.33,100
20130606,40.25,40.25,40.25,40.25,100
20130610,40.32,40.32,40.3,40.3,4200
20130618,40.6,40.6,40.6,40.6,200
20130621,40.6,40.6,40.6,40.6,200
20130627,41.3,41.3,41.3,41.3,300
20130701,41.3,41.3,41.3,41.3,200
20130716,39.27,41.12,39.27,41.12,200
20130731,40.99,41,40.99,41,200
20130909,41.74,41.74,41.69,41.69,600
20130924,42.42,42.42,42.42,42.42,904
20130930,42.6,42.6,42.58,42.58,700
20131015,42.86,42.86,42.86,42.86,700
20131023,43.15,43.15,43.15,43.15,5000
20131024,43.26,43.26,43.26,43.26,188
20131028,43.12,43.12,43.11,43.11,2000
20131030,43.81,43.81,43.8,43.8,3000
20131031,43.5199,43.5199,43.5199,43.5199,100
20131101,44.53,44.53,43.16,43.16,2188
20131118,42.88,42.88,42.88,42.88,1000
20131119,42.87,42.87,42.79,42.79,1500
20131120,42.7,42.7,42.7,42.7,100
20131209,42.91,42.91,42.91,42.91,1000
20131213,42.55,42.55,42.55,42.55,500
20131226,42.75,42.75,42.75,42.75,100
20140109,43,43,42.96,42.96,200
20140122,43.8,44,43.8,43.89,1000
20140203,43.86,43.86,43.86,43.86,300
20140205,44,44,44,44,200
20140218,44.66,44.66,44.66,44.66,106
20140219,44.67,44.67,44.67,44.67,686
20140226,44.91,44.91,44.91,44.91,106
20140305,46.92,46.92,46.47,46.47,325
20140314,46,46.89,46,46.89,600
20140319,46.5,46.69,46.5,46.69,1500
20140325,47.2275,47.2275,47.2275,47.2275,3500
20140331,46.74,46.74,46.74,46.74,300
20140415,46.999,46.999,46.999,46.999,120
20140417,46.69,46.69,46.62,46.67,1200
20140423,46.924,47.0584,46.924,47.0584,546
20140424,47.4,47.42,47.32,47.42,600
20140428,48,48,47.986,48,2436
20140429,47.99,47.99,47.99,47.99,300
20140502,48.83,49,48.83,48.9,500
20140508,48.96,49.58,48.85,49.58,1530
20140509,49.01,49.1,48.85,49,26600
20140512,49.1,49.1,48.86,48.98,7504
20140513,49.01,49.01,48.78,48.78,2000
20140520,49.2275,49.2275,49.2275,49.2275,165
20140522,49.35,49.35,49.28,49.29,3200
20140523,49.15,49.15,49.05,49.06,3400
20140529,49.39,49.39,49.39,49.39,180
20140530,49.28,49.28,49.28,49.28,101
20140602,49.02,49.32,49.02,49.32,347
20140605,49.43,49.43,49.35,49.38,16400
20140609,49.69,49.69,49.58,49.62,2266
20140612,51.22,51.22,51.22,51.22,600
20140616,51.359,51.359,51.359,51.359,269
20140617,51.129,51.129,50.364,50.364,1112
20140620,50.78,50.78,50.78,50.78,100
20140623,51.16,51.16,51.16,51.16,256
20140624,51.42,51.42,51.42,51.42,400
20140625,51.93,51.93,51.93,51.93,100
20140626,51.5,51.5,51.5,51.5,100
20140627,51.61,51.61,51.61,51.61,100
20140630,52.81,53.11,52.72,52.73,2050
20140701,52.92,52.92,52.92,52.92,100
20140702,53.3,53.3,53.3,53.3,200
20140703,53.618,53.618,53.618,53.618,332
20140707,53.75,53.75,53.75,53.75,900
20140708,53.9,53.9,53.9,53.9,1100
20140709,54.35,54.35,54.35,54.35,2900
20140711,52.54,53.11,52.3,53.08,15800
20140714,53.17,53.17,53.17,53.17,330
20140715,53.39,53.39,53.344,53.344,1250
20140717,53.64,53.64,53.4,53.56,5100
20140718,53.66,53.95,53.66,53.86,4500
20140721,53.88,53.88,53.8,53.87,4200
20140722,54.89,54.89,54.89,54.89,900
20140723,54.67,54.67,53.9,54.13,15300
20140724,53.48,53.53,53.464,53.53,4050
20140728,53.59,53.59,53.3,53.3,900
20140729,53.46,53.46,53.46,53.46,200
20140730,53.42,53.42,53.42,53.42,900
20140731,52.94,52.94,52.3,52.3,5700
20140801,52.11,52.11,51.96,51.96,600
20140804,52.56,52.77,52.56,52.7,1500
20140805,52.47,52.47,52.09,52.09,6800
20140806,52.15,52.19,52.05,52.126,4356
20140807,51.67,51.67,51.67,51.67,300
20140808,50.76,50.76,50.57,50.66,4400
20140811,50.2,50.2099,50.2,50.2099,300
20140812,49.92,49.952,49.69,49.73,4300
20140814,49.5347,49.5347,49.44,49.5,2045
20140818,49.89,49.89,49.89,49.89,100
20140819,50.2259,50.2259,50.2259,50.2259,4000
20140821,49.139,49.139,49.139,49.139,300
20140822,50.25,50.25,50.14,50.14,760
20140825,50.78,50.81,50.78,50.81,1800
20140826,51.06,51.241,51.06,51.12,2195
20140827,51.04,51.13,51.04,51.13,1500
20140902,52.25,52.4,52.25,52.36,1495
20140903,52.49,52.51,52.49,52.51,314
20140904,52.86,52.86,51.94,52.2,6200
20140908,52.48,52.48,52.48,52.48,20
20140911,53.54,53.54,53.54,53.54,100
20140912,53.4,53.4,53.4,53.4,185
20140929,53.67,53.67,53.67,53.67,300
20140930,53.95,54.06,53.8,53.97,3900
20141003,54.41,54.41,54.41,54.41,9600
20141007,55.1046,55.1046,55.1046,55.1046,14000
20141008,55.298,55.3701,55.25,55.3701,800
20141009,55.5,55.5,55.5,55.5,900
20141010,54.894,54.894,54.894,54.894,110
20141013,55.224,55.224,55.224,55.224,300
20141015,53.75,53.75,53.75,53.75,200
20141021,53.87,54.13,53.87,53.89,300
20141029,54.306,54.306,54.306,54.306,128
20141031,54.56,54.56,54.24,54.24,446
20141106,54.5987,54.5987,54.5987,54.5987,105
20141107,54.92,55.008,54.833,55.008,1910
20141111,54.94,55.23,54.94,55.23,210
20141114,56.05,56.05,56.05,56.05,600
20141117,56.34,56.51,56.3,56.51,11900
20141118,56.31,56.46,56.1,56.45,32900
20141119,56.292,56.292,56.292,56.292,400
20141125,56.2901,56.3,56.29,56.3,4400
20141128,56.34,56.34,56.34,56.34,100
20141201,56.34,56.34,56.34,56.34,100
20141202,56.4,56.4,56.3,56.3,400
20141204,55.45,55.632,55.39,55.632,2053
20141209,54,54,54,54,100
20141210,54.0238,54.0238,54.0238,54.0238,100
20141211,54.22,54.22,54.22,54.22,300
20141223,52.816,52.816,52.671,52.671,622
20141226,52.35,52.35,52.35,52.35,100
20150102,54.336,54.336,54.336,54.336,250
20150105,54.506,54.57,54.346,54.57,1940
20150107,53.91,53.96,53.826,53.826,715
20150108,54.09,54.09,53.72,53.82,1009
20150109,52.59,52.59,52.07,52.07,1600
20150112,52.347,52.347,52.347,52.347,188
20150116,50.87,50.87,50.64,50.65,414
20150122,50.371,50.371,50.371,50.371,140
20150126,49.36,49.36,49.35,49.35,489
20150128,50.17,50.2,50.17,50.2,900
20150202,49.69,49.746,49.69,49.746,6500
20150206,48.865,48.865,48.865,48.865,200
20150209,48.98,48.98,48.98,48.98,900
20150211,48.16,48.19,48.16,48.172,1200
20150224,48.37,48.393,48.191,48.191,1010
20150304,48.17,49.58,48.17,49.58,1509
20150305,49.58,49.58,49.58,49.58,190
20150306,49.5,49.5,49.5,49.5,124
20150319,48.3292,48.3292,48.3292,48.3292,9000
20150324,49.4315,49.4315,49.4315,49.4315,4000
20150326,49.01,49.11,49.01,49.11,500
20150327,48.98,49.16,48.98,49.16,500
20150330,48.62,49.065,48.62,49.065,300
20150331,49.57,49.57,49.57,49.57,261
20150401,49.73,49.73,49.73,49.73,209
20150512,50.543,50.543,50.543,50.543,153
20150513,50.65,50.65,50.65,50.65,200
20150520,50.561,50.77,50.561,50.77,367
20150622,48.3655,48.3655,48.3655,48.3655,100
20150715,47.93,48,47.88,47.885,2640
20150716,47.9,47.9,47.64,47.73,791
20150717,47.7,47.7,47.47,47.47,4287
20150722,47.29,47.29,47.29,47.29,600
20150729,47.56,47.56,47.56,47.56,300
20150730,47.2795,47.2795,47.2795,47.2795,100
20150731,46.65,46.68,46.65,46.67,5700
20150804,47.44,47.44,47.44,47.44,600
20150805,47.7,47.72,47.42,47.7,28700
20150806,47.81,47.81,47.32,47.32,11600
20150810,47.16,47.3,47.16,47.3,2200
20150813,46.62,46.62,46.61,46.61,1800
20150814,46.66,47.16,46.65,47.16,1900
20150819,46.86,46.86,46.86,46.86,300
20150821,45.8,45.8,45.8,45.8,900
20150824,45.32,45.86,45.32,45.86,6000
20150826,46.19,46.19,45.8,45.8,1800
20150901,45.99,45.99,45.99,45.99,600
20150903,46.495,46.495,46.495,46.495,930
20150904,46.19,46.3599,46.09,46.09,2920
20150911,46.07,46.07,45.82,45.83,2600
20150914,45.79,45.81,45.63,45.81,1400
20150915,46.19,46.19,46.07,46.07,600
20150916,45.59,45.59,45.14,45.14,900
20150917,45.75,45.75,45.75,45.75,100
20150918,45.41,45.41,45.38,45.4,2200
20150922,45.667,45.667,45.667,45.667,2500
20150925,45.36,45.39,45.36,45.37,2700
20150929,44.87,44.87,44.84,44.84,700
20150930,44.23,44.23,44.23,44.23,100
20151002,43.9,43.98,43.9,43.96,3600
20151006,44.91,44.94,44.91,44.93,1200
20151009,45.72,45.72,45.72,45.72,100
20151016,45.67,45.68,45.67,45.67,1400
20151023,45.85,45.86,45.85,45.86,4200
20151030,44.9,44.9,44.9,44.9,300
20151102,44.95,44.95,44.86,44.8601,1130
20151103,44.945,44.945,44.51,44.51,1840
20151110,41.49,41.49,41.48,41.49,700
20151123,42.24,42.24,42.21,42.21,300
20151125,42.031,42.07,42.031,42.07,260
20151130,41.85,41.85,41.85,41.85,700
20151201,42.4936,42.4936,42.4936,42.4936,2800
20151204,41.4,41.4,41.38,41.38,11100
20151207,40.94,40.94,40.9234,40.9234,500
20151208,40.7908,40.7908,40.7908,40.7908,11000
20151215,40.66,40.66,40.66,40.66,900
20151217,40.4707,40.4707,40.4707,40.4707,100
20151218,40.99,41.03,40.99,41.03,21000
20151222,41.7268,41.7268,41.7268,41.7268,100
20151223,42.02,42.5932,42.01,42.5932,14300
20151224,42.8,42.8,42.8,42.8,300
20151229,43.1475,43.1475,43.1475,43.1475,7000
20160107,42.46,42.46,42.45,42.45,10800
20160114,42.3301,42.3301,42.3301,42.3301,400
20160125,42.58,42.58,42.58,42.58,990
20160126,42.71,42.7628,42.71,42.7628,12453
20160129,42.86,42.86,42.86,42.86,600
20160202,43.13,43.13,43.13,43.13,584
20160210,42.44,42.44,42.44,42.44,600
20160212,42.05,42.05,42.05,42.05,900
20160216,42.4534,42.4534,42.4534,42.4534,2300
20160301,43.4215,43.55,43.421,43.55,898
20160307,43.6001,43.6001,43.6,43.6,333
20160322,43.49,43.49,43.49,43.49,10600
20160324,43.42,43.42,43.27,43.27,5208
20160328,43.7,43.7,43.68,43.68,4800
20160330,43.6,43.6,43.1762,43.1762,400
20160414,42.88,42.88,42.86,42.87,10600
20160420,42.243,42.243,42.075,42.075,600
20160426,42.3769,42.3769,42.3769,42.3769,11000
20160428,42.21,42.25,42.21,42.25,10900
20160505,42.73,42.73,42.73,42.73,600
20160506,43.11,43.11,43.1,43.1,600
20160511,43.51,43.51,43.51,43.51,600
20160512,43.27,43.29,43.27,43.27,1500
20160513,43.29,43.29,43.21,43.21,600
20160517,43.62,43.65,43.6,43.61,10500
20160519,43.48,43.48,43.14,43.14,3700
20160520,42.88,42.99,42.8699,42.99,2300
20160523,42.14,42.14,41.84,41.86,2000
20160524,41.94,41.94,41.94,41.94,900
20160525,41.91,41.91,41.78,41.87,2400
20160526,42.38,42.43,42.34,42.4,6900
20160527,42.62,42.6801,42.62,42.65,1000
20160531,42.82,42.89,42.78,42.89,4700
20160601,42.7599,42.7599,42.75,42.75,200
20160602,43.23,43.2601,43.12,43.19,1700
20160603,43.3,43.36,43.29,43.3,1400
20160606,43.3299,43.3801,42.95,43.13,2300
20160607,43.42,43.4899,43.32,43.32,12500
20160708,42.03,42.05,42,42,2700
20160725,40.04,40.04,40,40.03,3900
20160726,40.5558,40.5558,40.5558,40.5558,6600
20160802,40.065,40.065,40.065,40.065,100
20160805,39.68,39.68,39.64,39.67,4500
20160811,40.12,40.14,40.11,40.14,1000
20160816,39.6603,39.6603,39.6603,39.6603,3500
20160907,36.71,36.71,36.7,36.7,9600
20160926,36,36,36,36,5000
20160927,35.5,35.5,35.5,35.5,1900
20160928,35.389,35.389,35.2,35.2,968
20160930,34.4,34.4,34.4,34.4,1000
20161004,34.69,34.93,34.64,34.77,8600
20161010,34.29,34.34,34.29,34.34,3600
20161011,34.7222,34.7222,34.7222,34.7222,500
20161012,34.16,34.16,34.16,34.16,200
20161014,33.9033,33.9033,33.9033,33.9033,500
20161017,34.2699,34.27,34.2699,34.2699,1400
20161018,34.0199,34.0199,34.0199,34.0199,491
20161019,34.03,34.07,33.46,33.5,29537
20161020,33.58,34.14,33.55,34.06,12960
20161021,34.12,34.63,34.05,34.545,8760
20161024,35.1,35.22,34.98,35.09,4657
20161025,35.5,35.65,35.25,35.34,13170
20161026,35.35,35.64,35.35,35.541,980
20161027,35.54,36.07,35.54,35.95,6701
20161028,36.0025,36.28,36.0025,36.28,1559
20161031,36.24,36.43,36.05,36.18,12023
20161101,36.17,36.5682,36.11,36.39,8100
20161102,36.5,36.59,36.3597,36.5,14101
20161103,36.1,36.2253,36.0598,36.2072,2325
20161104,36.05,36.05,35.6835,35.9986,1700
20161107,35.9581,35.9581,35.45,35.74,2840
20161108,36.07,36.14,36.07,36.14,2100
20161109,36.24,36.2763,36.24,36.2763,600
20161110,36.38,36.52,36.34,36.52,2100
20161111,36.6,36.6,36.6,36.6,200
20161114,36.6,36.6,36.19,36.5488,2718
20161115,36.23,36.451,36.23,36.451,4419
20161116,36.5,36.65,36.5,36.65,600
20161117,37.1211,37.2029,36.9095,37.1557,1000
20161121,37.541,37.63,37.541,37.57,1000
20161122,37.51,37.51,37.4442,37.4442,10600
20161123,37.63,37.6437,37.475,37.6437,9940
20161125,37.98,38.069,37.98,38.069,2880
20161128,38.03,38.21,38.03,38.03,925
20161130,36.63,37.8,36.63,37.8,1500
20161201,37.4862,37.4862,37.4862,37.4862,300
20161202,37.49,37.49,37.49,37.49,1500
20161205,37.0388,37.1986,37.0388,37.08,4400
20161206,37.5,37.5,37.5,37.5,1648
20161208,38.05,38.05,38.05,38.05,300
20161209,38.05,38.05,38.05,38.05,300
20161212,38.0109,38.0109,38.0109,38.0109,100
20161213,39.08,39.14,39.05,39.14,3100
20161214,39.17,39.2836,38.9801,38.9801,750
20161215,37.77,39.32,37.77,39.32,2150
20161216,39.46,39.54,39.46,39.54,8900
20161219,39.19,39.19,39.19,39.19,100
20161220,39.3,39.38,39.23,39.37,8280
20161221,39.47,39.47,39.35,39.35,650
20161222,39.49,39.49,39.49,39.49,100
20161227,38.48,39.12,33.31,39.12,1941
20161228,39.24,39.39,39.07,39.28,2010
20161229,39.35,39.35,39.35,39.35,250
20170103,39.471,39.521,39.471,39.521,4100
20170105,39.611,39.6696,39.28,39.28,1700
20170106,39.16,39.27,39.13,39.27,3200
20170109,39.2289,39.2289,39.17,39.17,400
20170110,40,40,40,40,100
20170111,40.4708,40.4708,40.41,40.47,1352
20170117,40.7,40.7,40.7,40.7,4300
20170118,40.8,40.9223,40.8,40.8877,3200
20170120,40.88,40.88,40.88,40.88,100
20170125,40.66,40.756,40.66,40.756,200
20170127,40.19,40.23,40.19,40.23,15500
20170131,39.7353,39.7397,39.6431,39.6431,16580
20170201,39.55,39.7092,39.55,39.7092,230
20170202,39.75,39.9,39.75,39.9,300
20170203,39.96,40.054,39.96,40.054,200
20170206,40.15,40.2,40.12,40.1979,1150
20170207,40.13,40.37,40.13,40.27,400
20170209,40.01,40.0501,40.01,40.0501,400
20170213,39.52,39.75,39.52,39.6096,850
20170214,39.6797,39.6797,39.6797,39.6797,100
20170217,40.02,40.16,40.02,40.08,8900
20170221,40.408,40.408,40.408,40.408,11000
20170223,40.07,40.14,40.07,40.14,200
20170224,39.97,39.97,39.85,39.8899,400
20170227,40,40,40,40,1000
20170302,40.54,40.6,40.54,40.6,200
20170303,39.98,40.2,39.98,40.1,3289
20170306,40.01,40.0113,40.01,40.0113,300
20170307,39.94,40.09,39.8856,39.8856,1984
20170308,40.2,40.2,40.2,40.2,100
20170310,40.31,40.31,40.3,40.3,235
20170313,40.71,40.75,40.62,40.75,1600
20170315,40.62,40.681,40.62,40.681,600
20170316,40.9,41.19,40.9,41.19,600
20170322,41.24,41.24,41.24,41.24,500
20170323,41.54,41.67,41.54,41.67,1331
20170328,40.8564,40.8564,40.8564,40.8564,5100
20170331,40.55,40.55,40.55,40.55,700
20170403,40.7816,40.7816,40.7816,40.7816,100
20170412,41.09,41.6815,41.09,41.6815,200
20170417,41.77,41.77,41.77,41.77,100
20170418,42.06,42.06,42.06,42.06,4400
20170419,42.08,42.08,42.05,42.05,1900
20170421,42.09,42.1532,42.0614,42.0614,1000
20170424,41.72,41.72,41.5,41.5,300
20170427,43.45,43.45,43.45,43.45,140
20170502,44.18,44.18,44.18,44.18,100
20170504,45.14,45.14,45.14,45.14,200
20170508,44.51,44.56,44.51,44.51,2200
20170512,44.736,44.9699,44.736,44.9699,700
20170517,44.1301,44.1301,44.1301,44.1301,150
20170518,44.2,44.21,44.2,44.2,2000
20170522,44.51,44.925,44.48,44.925,2405
20170523,45,45.01,45,45.01,3700
20170526,44.106,44.106,43.9,43.9,425
20170530,44.3465,44.3465,44.3465,44.3465,100
20170531,45,45,45,45,200
20170601,45.57,45.67,45.57,45.5977,500
20170602,45.72,45.73,45.7,45.71,5000
20170607,45.5383,45.5383,45.5383,45.5383,100
20170612,45.45,45.45,45.45,45.45,200
20170615,43.89,43.984,43.71,43.7756,1400
20170616,43.7,43.91,43.7,43.91,1191
20170619,44.08,44.08,44.03,44.08,1000
20170620,43.645,43.645,43.645,43.645,100
20170621,44.07,44.07,44.07,44.07,100
20170622,43.59,43.6074,43.59,43.6074,642
20170623,43.07,43.1131,43.07,43.1131,200
20170626,43.18,43.22,43.18,43.22,300
20170629,44.19,44.265,44.19,44.265,200
20170630,44.39,44.397,44.39,44.397,200
20170705,44.7426,44.7426,44.65,44.6775,300
20170707,44.25,44.25,44.25,44.25,100
20170710,44.22,44.32,44.22,44.32,385
20170711,44.4,44.4,44.4,44.4,100
20170712,45.24,45.24,45.24,45.24,150
20170714,44.9,44.9,44.88,44.89,3300
20170731,43.3591,43.3591,43.3591,43.3591,100
20170801,42.94,43.0045,42.94,43.0045,420
20170802,43.69,43.69,43.69,43.69,900
20170810,42.5,42.5,42.5,42.5,500
20170811,42.37,42.43,42.37,42.43,2600
20170814,42.25,42.32,42.24,42.32,1200
20170818,41.6203,41.6203,41.6203,41.6203,100
20170828,41.54,41.54,41.54,41.54,195
20170830,41.0001,41.0001,41,41,560
20170831,41.06,41.52,41.06,41.52,600
20170901,41.08,41.39,41.08,41.39,1092
20170905,41.21,41.21,41.21,41.21,283
20170914,42.52,42.52,42.52,42.52,1800
20170915,42.34,42.5,42.3,42.49,5653
20170920,43.37,43.4,43.37,43.4,400
20170925,42.75,42.75,42.74,42.74,5600
20170929,43.12,43.12,43.12,43.12,100
20171002,43.243,43.243,43.243,43.243,100
20171012,44.53,44.53,44.53,44.53,5300
20171023,44.62,44.62,44.62,44.62,100
20171024,45.02,45.02,45.02,45.02,150
20171030,46.57,46.662,46.57,46.662,626
20171031,47.3792,47.3792,47.2,47.216,3327
20171101,47.53,47.5335,47.53,47.5335,1200
20171114,45.95,45.98,45.84,45.84,18400
20171116,45.72,45.72,45.7,45.71,434
20171120,45.4,45.4,45.02,45.28,3850
20171121,45.28,45.3558,45.28,45.3558,200
20171122,45.69,46.08,45.69,45.84,3000
20171124,45.93,46,45.93,46,1053
20171127,46.36,46.36,46.35,46.35,200
20171128,46.4207,46.4207,46.4207,46.4207,17000
20171201,45.1,46.01,45.1,45.36,1400
20171204,45.53,45.53,45.53,45.53,200
20171205,45.27,45.32,45.19,45.19,400
20171208,44.73,44.73,44.73,44.73,193
20171212,44.39,44.39,44.39,44.39,200
20171213,44.72,44.72,44.65,44.65,2900
20171214,44.53,44.93,44.51,44.93,10700
20171220,44.62,44.62,44.62,44.62,100
20171226,44.8,44.8,44.8,44.8,653
20171229,44.99,45,44.99,45,4200
20180102,43.53,45.17,43.53,45.17,532
20180110,45.17,45.17,45.17,45.17,200
20180119,45.54,45.55,45.54,45.55,4400
20180123,45.94,45.94,45.94,45.94,150
20180129,45.87,45.87,45.75,45.75,500
20180130,45.53,45.53,45.53,45.53,100
20180201,46,46.09,46,46.09,2700
20180205,46.02,46.02,46.02,46.02,900
20180207,45.11,45.11,45.08,45.08,600
20180221,45.9,45.9,45.9,45.9,2200
20180222,45.74,45.74,45.74,45.74,300
20180227,45.83,45.83,45.83,45.83,2300
20180315,44.25,44.25,44.25,44.25,200
20180319,43.37,43.37,43.36,43.37,800
20180326,41.61,41.61,41.61,41.61,100
20180328,41.75,41.75,41.75,41.75,2300
20180329,41.54,41.54,41.54,41.54,800
20180402,41.54,41.54,41.54,41.54,125
20180403,40.57,40.57,40.19,40.19,750
20180404,39.79,41.25,39.79,41.25,300
20180405,42,42,42,42,100
20180406,41.71,42.0562,41.71,42.0562,13100
20180411,42.1,42.1,42.1,42.1,1200
