Date,Open,High,Low,Close,Volume
20090109,293.9,318.21,293.8,308,2550
20090112,315.85,347.9,315.85,340.95,11590
20090113,345.05,352.9,332.1,339.35,19980
20090114,356.1,383.3,355.6,374.55,16340
20090115,375.45,407.85,346.4,362.65,12840
20090116,337.15,374.8,337.1,345,13200
20090120,347.75,400.25,347.05,398,12550
20090121,398,408.55,352.05,352.05,19070
20090122,377.83,392.74,354.88,376.17,22530
20090123,404.05,406.1,352.6,364.35,25650
20090126,363.65,371.7,335.95,358.05,17730
20090127,353.75,362.6,340.75,346.65,5500
20090128,325.55,327.9,302.6,308.25,14070
20090129,319.65,342.75,319.25,342.3,9900
20090130,333.9,375.85,330.55,367.75,13300
20090202,387.55,391.55,364.15,371.35,12000
20090203,367.65,379.8,349.6,355.05,13010
20090204,355.25,363.35,334.25,356.5,9280
20090205,365.45,372.2,329.7,339.15,15900
20090206,337.65,339,303.55,306.65,11410
20090209,306.85,312.6,299.3,305.05,2870
20090210,312.6,353.1,304.1,347.45,25690
20090211,341.25,359.15,332.35,346.8,9920
20090212,360.25,372.05,336.8,336.8,15290
20090213,337.65,346.35,328.85,345.25,7350
20090217,382.67,396.23,378.31,394.88,22570
20090218,387.8,415.8,387.8,404.45,11850
20090219,392.25,425.4,384.85,422.5,4820
20090220,447.25,462.55,418.8,433.4,11000
20090223,423.54,483.51,420.94,481.51,9360
20090224,470.05,478.55,412.4,414.85,10480
20090225,423.2,450,405.4,428.6,8920
20090226,411,456.65,409.7,452.75,7390
20090227,485.45,485.45,442.05,470.05,12470
20090302,503.75,554.2,495.7,550.45,8200
20090303,523.95,581.1,523.95,565.1,21650
20090304,540.25,546.8,490.85,512.35,15580
20090305,549.7,593,536.25,584.3,15520
20090306,570.6,633.45,549.1,590,22770
20090309,611.3,616.75,559.3,608,42290
20090310,564.63,571.21,485.17,485.67,34610
20090311,471.8,490.85,454.45,475.35,13470
20090312,476.4,492.3,411.55,416,14540
20090313,411.05,427.55,401.1,404.7,3410
20090316,389.2,413.5,382.65,413.5,10220
20090317,415,425.3,372.4,372.4,13300
20090318,378.75,389.55,331.6,341.15,14400
20090319,326.46,348.94,326.41,347.19,6400
20090320,343.3,378.1,342.5,374.55,7490
20090323,342.7,352.55,292.55,293.89,8950
20090324,307.5,310.6,292.45,310.35,6010
20090325,301.95,331.2,285.65,303.1,9890
20090326,290.17,294.66,271.33,271.33,5590
20090327,283.55,291.95,280.55,290.6,7420
20090330,310.9,330.4,307.4,322.2,10590
20090331,311.7,322.03,294.41,312.2,18090
20090401,325.2,330.2,292.55,296,12290
20090402,271.95,272.85,247.8,261.45,13640
20090403,260.3,266.25,246.05,246.35,7040
20090406,253.45,264.15,251.65,254.1,6830
20090407,266.75,277.65,265,277.45,11020
20090408,266.1,275.65,261.4,261.8,16120
20090409,238.65,244.5,223.9,224.25,19480
20090413,230.95,237.45,219.6,223.75,7990
20090414,232.72,239.13,224.31,238.58,9470
20090415,242.1,245.25,228.3,229.75,5050
20090416,221.6,229.5,205.6,211.55,5230
20090417,208.9,213.55,199.95,204.2,8730
20090420,217.2,233.1,215,232.6,17060
20090421,239.26,240,215.24,215.24,10950
20090422,224.45,225.1,197.4,213.4,11510
20090423,212.65,222.45,209.05,209.2,12070
20090424,203.25,208.25,190.75,195.9,13170
20090427,205.35,206.1,194.25,203.75,9940
20090428,210.27,211.16,197.25,204.68,9590
20090429,198.95,199.65,182.5,189.55,11050
20090430,180.4,188.5,174.95,187,10040
20090501,192,192,181.35,185.4,10420
20090504,179.95,181.65,163.4,163.9,10060
20090505,165.4,169.94,162.66,164.6,9230
20090506,157.12,167.15,156.77,159.4,8130
20090507,153.4,173.75,152.75,171.55,13960
20090508,161.85,168.25,154.55,155.9,10520
20090511,161.1,168.45,161.05,166.1,9460
20090512,162.35,178.5,162.35,170.6,9590
20090513,180.39,193.96,179.99,192.5,19550
20090514,190.85,193.25,178.9,184,21700
20090515,186.1,191.3,177.7,187.8,22030
20090518,182.46,183.16,167.34,167.94,13210
20090519,167.6,170.65,160.32,164.75,15770
20090520,160.1,169.45,153.3,168.75,13950
20090521,175.95,183.55,173.25,177.55,21640
20090522,174.9,181.95,173.3,178.65,16150
20090526,184.9,185,160.3,161,24380
20090527,162.05,169.38,157.6,168.35,12960
20090528,164.8,174.1,162.2,162.55,21420
20090529,160.6,163.65,153.7,153.7,9510
20090601,146.4,147.15,135.75,138.3,21970
20090602,138.95,140,134.8,137.05,11850
20090603,140.16,148.13,139.26,144.24,21460
20090604,142.05,146.5,139.35,139.35,11850
20090605,133.85,143.8,130.7,139.3,31840
20090608,142.7,148.35,139.25,141.9,16400
20090609,140.3,141.95,136.1,137.7,12950
20090610,134.5,144.51,133.7,139.4,10130
20090611,138.7,138.7,132.5,137.35,15430
20090612,141.05,143.75,137.5,137.55,13730
20090615,142.65,150.5,142.65,147.7,15870
20090616,145,156.55,144.55,155.35,26410
20090617,155.85,162.4,152.35,156.5,28610
20090618,156,159.65,153.1,154.6,13820
20090619,149.6,154.9,148.84,152.95,10440
20090622,158,168.2,157.6,167.85,30270
20090623,166.35,173.15,162.15,168.95,30680
20090624,165.58,165.98,157.17,162.47,25430
20090625,329.35,330.05,300.5,301.6,13390
20090626,306.65,306.9,297.3,302.35,7650
20090629,297.05,304.35,289.55,292.2,9430
20090630,291,304.5,288,296.05,10020
20090701,289.65,292.3,282.15,290.3,8720
20090702,304.12,316.58,303.97,316.33,15980
20090706,326.05,334.5,319.9,320.6,26090
20090707,323.93,346.43,323.08,344.32,16320
20090708,340.3,362.5,337.3,349.4,38830
20090709,339.4,349.4,334.4,341.75,30300
20090710,347.65,354.5,338.55,344,15630
20090713,338.25,356.65,320.35,321.45,17250
20090714,320.6,325.7,311.1,311.1,17220
20090715,294.4,298.9,282.5,283.35,16700
20090716,286.05,288.3,270.2,273.45,8390
20090717,273.05,280.4,272.8,275.45,6380
20090720,268.95,271.75,260.05,261.4,14410
20090721,254.55,271.3,253.6,260.65,11410
20090722,263.95,265,253.75,258,5880
20090723,258.4,258.4,234,236.7,16060
20090724,240.8,243.35,230.9,231.1,10800
20090727,230.55,236.4,227.5,228.1,10680
20090728,232.05,237.35,227.3,229.45,11300
20090729,233.75,238.44,231.55,235.45,12130
20090730,225.55,227.3,217.05,224.6,19320
20090731,225.65,227.05,218.45,223.85,5890
20090803,216.35,219.25,209.4,209.55,16930
20090804,212.4,213.15,203.25,205.05,11200
20090805,203.85,213.2,203.6,206.25,12310
20090806,203.25,213.15,201.25,211.35,7000
20090807,201.65,206.7,192.65,196.55,17220
20090810,200.35,203.2,196.6,199.05,11850
20090811,202,209.05,201.2,206.9,9120
20090812,207.2,207.2,193.95,198.8,8310
20090813,194.85,202.5,193.45,193.85,6360
20090814,194.17,206.43,193.37,201.58,13800
20090817,211.85,219.85,211,218.5,17060
20090818,215.3,217.5,209.75,209.75,15130
20090819,218.55,218.55,204.95,206.2,21360
20090820,205.5,207.9,198.85,198.95,13110
20090821,193.85,195,186.5,187.25,17440
20090824,184.15,190.1,182.1,188.4,17010
20090825,184.95,186.9,180.25,185.8,11980
20090826,187.45,189.4,183.5,186.15,15480
20090827,186.2,194.6,182.35,183.7,11350
20090828,177.85,186.9,176.7,182.5,13530
20090831,188.3,192.5,187.65,189.7,22090
20090901,192.6,204,183.3,202.5,26530
20090902,205.3,208.3,202.25,206.75,17600
20090903,202.9,208.55,198.45,198.55,9740
20090904,199.35,201,189.95,190,22150
20090908,183.7,187.15,182.35,182.55,9530
20090909,181.75,184.6,174.05,176,14150
20090910,175.4,179.3,169,169,15460
20090911,168.45,171.65,165.25,168.6,6110
20090914,173,173.7,163.4,163.5,7660
20090915,162.55,164.6,157.3,158.35,13000
20090916,157.3,158.25,149.75,149.9,17580
20090917,149.8,154.5,146.2,152.05,11260
20090918,149.7,154.65,149.7,152,5510
20090921,156.3,157.95,152.3,153.65,9220
20090922,149.85,152.5,148.6,149.5,7480
20090923,148.7,155.25,147.1,155.25,10270
20090924,155.2,166.25,153.9,164,18630
20090925,165.25,168.3,162.5,166.75,15210
20090928,163.6,164.85,155,155.7,10910
20090929,154.9,157.7,151.4,154.95,12400
20090930,153.1,162.65,152.55,156.4,16290
20091001,159.25,172.2,158.45,172.2,27950
20091002,177.85,179.8,171.85,177.1,28180
20091005,173.6,175.65,165,165.05,20310
20091006,160.2,162.65,154.3,158.75,17330
20091007,160.25,161.5,157.6,158.6,10970
20091008,154.5,156.1,149.6,151.65,16010
20091009,152.2,152.95,148.4,148.6,6740
20091012,146.1,148.65,143.95,147.05,7510
20091013,148.7,151.45,147.2,148.65,15350
20091014,143.15,145.2,139.75,139.75,15930
20091015,142.87,143.27,138.53,138.73,17480
20091016,141.33,145.42,141.03,142.87,18920
20091019,141.8,143.2,136.6,137.65,17150
20091020,137.23,143.27,137.08,141.42,12600
20091021,142.47,146.33,137.11,146.33,13490
20091022,146.3,150,139.85,140.35,18070
20091023,138.8,148.4,138.8,147,16800
20091026,146.55,153.2,140.45,152.3,35840
20091027,151.45,158.1,150.1,157.5,31800
20091028,158.15,172.7,158.15,172.5,40450
20091029,167.75,168.35,157.8,159.15,46530
20091030,161.06,174.89,159.76,173.19,43090
20091102,171,178.15,163.9,170.75,28520
20091103,174.3,176.3,164.95,165.45,19080
20091104,160.5,167.2,157.45,166.5,21950
20091105,161.95,163.15,155.5,155.55,14740
20091106,159.8,160.95,152.75,155.35,26750
20091109,150.75,150.75,143.45,143.5,23440
20091110,145.1,146.8,141.8,144.05,19070
20091111,139.8,143.25,137.5,140.95,11300
20091112,140.75,147.5,139.8,146.9,9960
20091113,145.45,148.25,141.85,143.35,17440
20091116,139.98,140.28,134.32,135.82,26070
20091117,137.45,139.55,136.25,136.75,8230
20091118,138,140.15,136.4,138.2,4260
20091119,142.3,148.4,141.4,145.75,19120
20091120,148.75,150.1,146.75,148.1,18320
20091123,141.6,144.45,138.35,143.05,12310
20091124,143.07,147.48,143.07,144.33,8690
20091125,141.95,143.55,139.9,140.2,6910
20091127,155.35,155.55,144.73,148.9,13830
20091130,148.75,151.85,146.8,146.95,18810
20091201,143.15,143.75,139.1,140.45,13920
20091202,140.5,140.5,135.55,138.05,8850
20091203,136.45,142.2,134.35,141.65,10670
20091204,134.25,142.15,132.45,136.65,13070
20091207,137.85,138.4,134.7,136.95,5080
20091208,141.05,143.5,138.4,140.55,9860
20091209,141.65,144,139.75,140.15,9530
20091210,137.25,138.25,135.75,137.35,10150
20091211,134.95,137.25,133.95,134.2,7710
20091214,131.6,132.8,128.6,128.65,9260
20091215,130.6,130.8,128.3,129.9,5850
20091216,127.3,128.55,125.5,127.65,8080
20091217,130.45,131.95,129.2,131.55,8950
20091218,129.6,133.85,129.05,129.55,10520
20091221,126.8,127.15,124.6,125.1,14560
20091222,124.25,124.6,122.35,122.4,11680
20091223,121.25,122.5,119.8,120,7000
20091224,119.15,119.15,117.6,118,6260
20091228,116.35,119.1,116.25,118.35,4730
20091229,117.85,119.1,117.7,119,3070
20091230,120.75,120.75,119,119.6,6980
20091231,118.95,123.3,118.35,123.3,7210
20100104,120.2,120.2,116.9,117.5,7950
20100105,118.3,118.4,115.85,115.9,5430
20100106,115.55,115.65,113.75,114.2,5870
20100107,114.95,115.95,112.4,112.85,9950
20100108,113.9,114.35,111.1,111.25,7960
20100111,109.5,112.45,109.35,111.1,5830
20100112,113.35,116.5,113.05,115.2,9110
20100113,113.85,116.15,110.75,111.2,7060
20100114,112.15,112.2,110.05,110.45,5320
20100115,111.05,115.85,110.45,114.7,13280
20100119,114.6,114.6,110.4,110.4,9120
20100120,113.55,116.2,112.95,113.4,12290
20100121,113,118.75,111.4,118.7,14760
20100122,119.05,126.45,118.7,126.2,16330
20100125,122.55,126.6,122.05,124.65,10210
20100126,125.55,127.5,122.75,126.15,14320
20100127,127.65,130,124.9,125.2,11590
20100128,123.95,131.7,123.45,129.15,15550
20100129,128.95,135.25,124.85,134.3,19740
20100201,133.65,133.65,127.15,127.25,16240
20100202,126.2,127.05,120.85,121.35,18580
20100203,123.25,124.85,121.7,123.9,6820
20100204,127.45,136.8,127.2,136.6,23810
20100205,136.57,145.26,135.72,135.73,26380
20100208,135.65,139.05,132.75,138.3,16290
20100209,133.2,136.85,129.85,132.75,15040
20100210,134.2,137.35,131.5,133.75,11120
20100211,134.15,135.6,128,128.2,8890
20100212,132.45,133.6,127.3,127.85,8860
20100216,122.9,125.05,119.85,120,13320
20100217,118.75,119.75,117.45,117.7,7290
20100218,117.95,118.52,115,115.6,11290
20100219,116.05,116.8,112.75,113.95,11770
20100222,112.25,114.5,111.85,113.9,9350
20100223,114.65,119.15,114,118.65,12520
20100224,117.2,118.5,115.2,115.2,8250
20100225,120.45,120.85,114.6,114.75,19450
20100226,115,116.75,113.7,113.95,3760
20100301,112.05,112.05,108.35,108.35,6410
20100302,107.4,107.6,105.7,106.7,12190
20100303,105.75,106.9,104.3,106.3,17240
20100304,105.3,107.1,105.2,105.9,4250
20100305,103.45,104,100.5,100.95,12530
20100308,101.05,101.15,99.75,100.25,13010
20100309,101.65,101.65,98.55,100,8500
20100310,99.9,100,97.6,97.9,6560
20100311,99.3,99.95,96.7,96.7,11610
20100312,95.3,97.4,95.1,96.1,10230
20100315,96.5,99.1,96.35,96.75,12190
20100316,97.05,97.05,93.5,93.55,15820
20100317,92.5,92.5,90.35,91.25,16810
20100318,91.05,93.12,91.05,92.6,8500
20100319,91.25,95.6,91.25,95.05,10800
20100322,97.45,97.5,91.8,92.15,26480
20100323,91.7,92.7,89.95,90.1,8320
20100324,91.45,92.05,90.45,91.6,16310
20100325,89.65,93.65,89.3,93.45,11540
20100326,92.6,94.65,91.4,93.4,18880
20100329,91.95,92.1,90.75,90.9,13200
20100330,90.3,92.1,89.7,90.95,9330
20100331,91.77,92.33,90.37,92.13,14470
20100401,89.95,90.9,88.45,89.25,15290
20100405,87.7,88.45,85.05,85.05,25880
20100406,86.55,86.55,83.9,84.3,12570
20100407,84.95,87.3,84.4,86.05,18040
20100408,87.4,88.6,85.5,86.05,17750
20100409,85.85,86,83.6,83.75,9370
20100412,83,83.51,82.7,83.05,6540
20100413,83.3,84.65,82.5,82.7,6980
20100414,81.55,81.9,79.25,79.35,21890
20100415,79.85,79.95,78.55,79.45,7410
20100416,80.1,84.5,79.45,83.1,25180
20100419,84.75,86.55,82.45,83.4,30930
20100420,81.95,82.5,79.95,80.05,20060
20100421,79.5,80.75,79.1,79.35,9180
20100422,81.3,82.4,76.65,76.85,23130
20100423,76.68,77.48,74.62,74.62,18170
20100426,74.45,75.35,73.7,75.35,5370
20100427,76.2,81.85,76,81.25,21010
20100428,80.15,82.05,79,80.5,16730
20100429,78.25,78.6,75.95,76.45,12250
20100430,76.05,80.85,75.9,80.85,11500
20100503,79.55,79.8,76.8,77,15490
20100504,80.15,84.55,80,83.4,30680
20100505,86.55,88.4,82.8,86,50190
20100506,87.75,108.75,81.65,94.75,52160
20100507,95.95,104.6,92.85,100.75,56250
20100510,86.7,88.9,84.95,85.25,32130
20100511,88.2,88.4,82.1,85.5,21410
20100512,84.1,84.1,80,80.25,24830
20100513,80.4,83.25,79.2,82.8,12830
20100514,85.25,90.65,84.75,88.45,37080
20100517,87.4,93.85,85.9,88.05,55920
20100518,85.1,92.95,84.5,92.25,27940
20100519,94.55,99.25,91.2,94.8,42370
20100520,101.95,107.5,100.75,106.9,53120
20100521,113.35,114,99.5,100.7,66630
20100524,102.1,104.75,97.1,104.75,27650
20100525,112.45,115.7,103.8,103.85,43560
20100526,101.9,104.1,96.5,103.6,23170
20100527,96.2,98.15,91.25,91.25,31800
20100528,91.45,96.1,91.1,94.75,23830
20100601,97,101.9,94.1,101.9,27930
20100602,99.75,101.5,93.1,93.1,21550
20100603,92.05,93.9,90.6,91,21640
20100604,97.75,102.95,94.55,101.5,29160
20100607,100.6,108.3,100,108.2,29720
20100608,108,112.05,104.85,105.05,29250
20100609,102.75,106.2,97.5,104.8,61960
20100610,98.65,99.2,93.7,93.9,35990
20100611,97.28,97.48,91.47,91.67,23260
20100614,88.35,91.05,86.35,90.65,28000
20100615,88.65,88.85,83.5,83.85,21350
20100616,85.5,86.1,82.95,84.5,24470
20100617,83.25,87.1,82.8,84.8,19350
20100618,83.8,85.7,83.8,84.85,17370
20100621,81.25,87.7,81.05,86.45,42110
20100622,86,92.2,84.85,92,20240
20100623,91.9,95.35,90.25,92.2,24670
20100624,94.2,97.8,93.2,97.35,27630
20100625,96.65,98.95,93.5,94.55,50360
20100628,93.75,96.8,93.2,95.85,10020
20100629,101,107.9,99.9,106.15,41750
20100630,107.6,110.15,102.95,109.25,43330
20100701,111.9,117.65,108.5,110.75,82620
20100702,108.85,114.8,108.45,112.75,30380
20100706,107.05,115.9,105,113.25,100090
20100707,112.3,113.35,100.7,101.1,40990
20100708,98.1,101.5,96.9,97.85,32630
20100709,97.75,98.7,94.9,94.95,12410
20100712,96.1,98.35,94,96.2,14760
20100713,92.45,93.25,89.3,90.4,50220
20100714,91.4,92.9,89.85,91.05,24740
20100715,90.5,94.8,90.35,90.85,31710
20100716,92.7,99.8,92.45,99.15,28120
20100719,98.05,101.35,96.25,97.2,34330
20100720,101.55,102.95,92.3,92.9,40550
20100721,90.8,97.35,90.2,96.45,34260
20100722,93,93,88.05,89.05,24700
20100723,89.88,90.58,85.57,85.57,31940
20100726,85,85.85,81.3,81.3,21640
20100727,79.6,83.85,79.2,82.85,29380
20100728,83.55,86.45,82.75,85.35,31660
20100729,83.24,89.82,83.24,86.96,32050
20100730,90.95,91.05,85.2,86.1,16640
20100802,81.15,83.3,80.2,80.65,33680
20100803,82,83.75,81.05,82.35,14020
20100804,81.12,82.12,79.78,80.03,15330
20100805,81.75,82.4,80.5,81,10040
20100806,84,84.9,81.3,81.75,18980
20100809,80.08,81.48,79.53,79.92,11600
20100810,82.52,83.92,80.98,82.38,18320
20100811,87.25,90.45,86.7,90,31420
20100812,95.95,95.95,90.55,91.5,31480
20100813,92.65,92.65,90.05,92.3,11020
20100816,93.8,95,91.3,92.35,33340
20100817,89,90.2,85.65,87.75,63470
20100818,87.9,89.5,85.5,86.7,12300
20100819,88.4,92.15,87.05,91,44700
20100820,92.15,94.15,91,91.35,20160
20100823,89.7,93.2,88.75,93.2,17440
20100824,97.33,99.57,95.08,97.42,35470
20100825,99.7,101.45,95.2,95.95,43240
20100826,94.8,98.35,93.35,97.9,15310
20100827,94.9,100.6,91.65,92.1,22660
20100830,93.25,96.2,91.65,96.2,17990
20100831,97.65,98.9,94.35,96.4,25830
20100901,91.7,92.3,86.55,86.9,32070
20100902,86.35,86.6,82.9,83.25,21400
20100903,79.88,81.93,79.17,79.88,31630
20100907,80.75,83.3,80.75,82.9,23480
20100908,82.9,82.9,80.39,81.45,50560
20100909,78.55,81.6,78.05,80.8,20090
20100910,80.3,81.05,79.4,79.8,17050
20100913,77.18,77.58,76.07,76.27,31970
20100914,76.75,77.7,75.05,76.25,20550
20100915,77,77.9,75.35,75.55,11630
20100916,76.35,76.8,75.55,75.85,13490
20100917,74.65,76.85,74.5,75.4,15750
20100920,74.4,75.15,71.1,71.6,46360
20100921,71.25,73.05,71,72.7,33270
20100922,73.15,74.8,71.75,74.15,18280
20100923,76.25,76.65,73.4,75.95,28870
20100924,72.85,73.1,70.35,70.75,28570
20100927,70.5,71.6,70,71.35,21810
20100928,70.65,73.3,69.25,69.6,27810
20100929,69.8,70.6,68.75,69.6,15610
20100930,68.25,71,66.9,69.75,16540
20101001,68.5,70.1,67.9,69.05,14560
20101004,69.75,71.9,68.6,70.8,23700
20101005,68.8,69.15,65.85,66.65,51300
20101006,66.55,68.25,66.35,67.55,21670
20101007,66.35,68.85,66.35,67.55,16680
20101008,67.6,67.65,65.2,65.85,23300
20101011,65.65,65.85,64.8,65.55,16620
20101012,65.95,67.35,64.25,64.65,20270
20101013,63.75,63.95,62.05,63.2,22200
20101014,63.2,64.9,62.85,63.85,15980
20101015,62.5,65.2,62.4,63.8,11260
20101018,64,64,62.9,63.1,7820
20101019,65.2,67.05,63.85,65.95,26500
20101020,65.8,65.8,63.05,64,15250
20101021,63.15,65.1,61.75,63.6,20670
20101022,63.45,63.75,62.6,62.7,4420
20101025,61.72,61.93,60.12,61.88,22080
20101026,63,63.4,61.45,62.05,12500
20101027,63.25,64.05,62.1,62.2,7630
20101028,61,63.3,60.7,62.4,8770
20101029,62.95,62.95,61.5,61.7,6290
20101101,60.6,62.7,59.7,61.8,12700
20101102,60.18,61.18,59.82,60.12,8810
20101103,59.75,62,59.55,59.65,13180
20101104,57.1,57.7,56,56.1,28590
20101105,56,56.15,54.9,55.15,36580
20101108,55.5,56.05,55.15,55.3,4340
20101109,55,57.5,54.65,56.95,21570
20101110,56.95,58.2,55.85,55.9,9970
20101111,57.63,57.73,55.72,55.92,10290
20101112,57.25,59.05,56.65,58.35,23090
20101115,57.75,58.45,56.75,58.4,10230
20101116,59.95,62.35,59.35,61.4,52020
20101117,61.3,61.5,60.1,60.8,10920
20101118,58.8,58.8,57.2,58.15,20820
20101119,58.6,59.1,57.15,57.15,10220
20101122,57.9,58.2,56.5,56.55,12550
20101123,58.7,59.3,58.1,58.7,19610
20101124,57.35,57.35,55.35,55.4,14280
20101126,56.55,56.6,55.8,56.2,3560
20101129,57.65,58.75,56.35,56.65,19130
20101130,58.35,58.65,56.7,57.55,10620
20101201,54.8,54.8,53.65,53.9,27980
20101202,53.6,53.73,51.55,51.65,20590
20101203,52.05,52.2,50.4,50.65,10060
20101206,50.87,51.07,50.23,50.53,12790
20101207,48.95,50.7,48.85,50.7,15390
20101208,50.45,51.3,50.15,50.75,1550
20101209,50.1,50.8,49.9,50.25,5200
20101210,49.75,50.05,48.95,49.15,12000
20101213,48.75,49.4,48.6,49.4,4070
20101214,48.95,49.85,48.75,49.45,17690
20101215,49.7,50.45,48.8,50.3,14510
20101216,50.3,50.5,48.9,48.99,15170
20101217,49.05,49.05,48.15,48.35,5030
20101220,48.25,48.65,47.6,47.9,6790
20101221,47.2,47.5,46.55,46.65,10890
20101222,46.65,46.7,46.25,46.4,7050
20101223,46.5,46.95,46.35,46.7,5910
20101227,47.05,47.55,46.6,46.65,3670
20101228,46.5,47.1,46.5,46.85,3150
20101229,46.65,46.65,46.2,46.4,5940
20101230,46.6,46.6,46.1,46.4,6000
20101231,46.4,46.95,46.35,46.8,4680
20110103,45.75,45.75,44.55,45.05,13890
20110104,44.7,47,44.65,46.2,20780
20110105,46.55,46.7,45.25,45.4,14820
20110106,45.3,45.9,45.05,45.6,14180
20110107,45.3,47.05,45,45.85,16450
20110110,46.6,47.15,45.45,45.6,10370
20110111,45.2,45.4,44.7,45,11830
20110112,43.85,44.5,43.8,43.95,10380
20110113,43.7,44.3,43.65,44.05,16620
20110114,44.35,44.4,43.15,43.15,8000
20110118,43.15,43.35,42.55,42.55,18900
20110119,42.65,44.75,42.65,44.5,13300
20110120,45,46.1,44.65,45.35,21740
20110121,44.35,45.4,44.05,45.2,20080
20110124,45,45.25,44,44.2,8860
20110125,44.8,45.45,44.35,44.35,9050
20110126,43.8,44.15,42.95,43.15,9470
20110127,43.25,43.25,42.3,42.5,9780
20110128,42.2,44.9,42,44.75,17350
20110131,44.45,44.7,43.15,43.55,9560
20110201,42.5,42.75,41.5,41.7,12000
20110202,41.85,42.1,41.35,42,16310
20110203,42.25,42.75,41.3,41.45,8320
20110204,41.25,41.65,40.7,40.85,10490
20110207,40.45,40.5,39.5,39.95,11170
20110208,40,40.2,39.45,39.5,4860
20110209,39.8,40.1,39.4,39.8,11910
20110210,40.35,40.35,39.15,39.25,8240
20110211,39.9,39.9,38.15,38.25,7800
20110214,38,38.25,37.75,37.75,5160
20110215,38,38.5,38,38.35,3470
20110216,37.75,37.9,37.3,37.45,12380
20110217,37.75,37.75,36.85,37,5640
20110218,36.85,37.2,36.8,37.05,5440
20110222,38.45,39.95,37.85,39.8,21520
20110223,39.9,42.25,39.55,41.2,49560
20110224,41.02,42.05,40.37,40.97,42210
20110225,40.28,40.4,38.85,38.85,24920
20110228,38.3,39.16,38.16,38.52,27120
20110301,38.09,40.73,38.05,40.61,46930
20110302,40.88,40.89,39.64,40.17,43080
20110303,38.79,38.828,37.78,37.92,23970
20110304,37.86,39.26,37.77,38.52,19890
20110307,38.02,40.51,38.02,39.83,35490
20110308,39.6,40.25,38.3,38.71,19320
20110309,39.51,39.5371,38.65,38.91,10340
20110310,40.52,41.33,40.17,41.11,39030
20110311,42.01,42.01,39.74,40.1,33360
20110314,41.18,41.58,40.18,40.69,32850
20110315,43.69,44.4,41.14,41.88,77220
20110316,42.2,44.13,41.35,43.44,71030
20110317,41.17,42.66,41.17,42.04,28260
20110318,40.43,41.77,40.43,41.54,16700
20110321,39.91,40.09,39.25,39.46,57570
20110322,39.34,40.13,39.32,40.02,15940
20110323,40.51,41.1,39.49,39.82,23860
20110324,39.02,39.91,38.37,38.56,15010
20110325,38.15,38.4,37.2,37.82,33850
20110328,37.69,38.4124,37.45,38.4,11720
20110329,38.67,38.81,37.36,37.4,13530
20110330,36.75,36.81,36.13,36.29,25840
20110331,36.49,36.61,36,36.12,18970
20110401,35.3198,35.74,35.05,35.45,17000
20110404,35.01,35.64,34.97,35.44,26790
20110405,35.64,35.64,34.74,35.19,12080
20110406,34.47,35.57,34.45,35.24,23350
20110407,35.17,36.02,35.14,35.54,23230
20110408,34.78,36.6,34.78,36.14,18040
20110411,35.92,36.95,35.78,36.68,21800
20110412,37.41,37.93,37.06,37.59,89430
20110413,36.72,37.63,36.72,37.2,26420
20110414,38.17,38.17,37.04,37.08,15240
20110415,36.95,37.18,36.13,36.3,31990
20110418,37.9,38.52,37.51,37.73,33810
20110419,37.45,37.6827,37.13,37.13,17080
20110420,35.3,35.5599,35.06,35.22,27900
20110421,34.76,35.01,34.61,34.63,17690
20110425,34.66,35.1,34.5,34.7,16790
20110426,34.55,34.55,33.71,33.92,10920
20110427,33.78,34.17,33.28,33.35,14160
20110428,33.44,33.48,32.86,33.06,31890
20110429,32.9,33.284,32.8,32.9,7010
20110502,32.64,33.25,32.27,33.13,12030
20110503,33.41,34.45,33.2,33.95,23320
20110504,33.99,35.25,33.99,34.75,29720
20110505,35.53,35.78,34.2,35.17,31100
20110506,34,34.87,33.47,34.67,38720
20110509,34.88,34.88,33.79,33.94,27060
20110510,33.63,33.63,32.75,32.81,9440
20110511,33.03,34.17,32.91,33.86,11980
20110512,34.41,34.58,33.14,33.37,31600
20110513,33.51,34.39,33.39,34.23,12450
20110516,34.8,35,33.75,34.89,18110
20110517,35.64,35.91,35,35.31,58330
20110518,35.3,35.338,33.7,33.83,33310
20110519,33.33,34.25,33.33,33.58,6230
20110520,33.89,34.7,33.84,34.21,15440
20110523,35.68,35.92,35.45,35.68,32400
20110524,35.41,36.18,35.12,35.88,18210
20110525,36.35,36.42,35.03,35.27,17280
20110526,35.58,35.65,34.48,34.51,13250
20110527,34.15,34.24,33.64,33.92,17900
20110531,32.78,33.75,32.75,33,9870
20110601,33.21,35.4,33.1,35.3,15100
20110602,35.44,36,34.75,35.42,31160
20110603,37.08,37.08,35.82,36.65,48760
20110606,36.99,38.27,36.75,38.25,78920
20110607,37.575,37.96,36.99,37.93,83100
20110608,38.34,39.03,38.13,38.88,42800
20110609,38.78,38.99,37.74,38.18,67970
20110610,38.74,40.1,38.64,39.87,38590
20110613,39.86,40.78,39.18,40.08,63890
20110614,39.19,39.19,37.83,38.2,48660
20110615,39.35,40.36,38.71,40.12,44480
20110616,40.18,41.21,39.49,40.26,36300
20110617,38.81,40.17,38.81,39.83,31220
20110620,40.08,40.21,38.79,39.09,30940
20110621,38.3,38.4,36.8,36.94,23590
20110622,37.35,37.48,36.4,37.48,31540
20110623,39.24,39.6,37.42,37.54,59760
20110624,37.37,38.76,37.33,38.68,34910
20110627,38.51,39,37.67,37.85,24360
20110628,37.47,37.64,36.26,36.28,19440
20110629,35.75,36.27,35.03,35.41,37520
20110630,35.02,35.14,34.25,34.56,43840
20110701,34.46,34.59,32.7,32.83,77480
20110705,32.76,33.33,32.72,32.89,14850
20110706,33,33.47,32.7,32.79,26060
20110707,31.73,31.93,31.45,31.62,38430
20110708,32.83,33.18,32.33,32.4,25210
20110711,33.5,34.7,33.33,34.52,34230
20110712,34.93,35.02,34.29,34.96,23730
20110713,34.24,34.76,33.47,34.57,26080
20110714,34.49,35.99,34.06,35.79,23580
20110715,35.47,35.77,34.97,35.04,29200
20110718,35.36,36.95,35.36,36.31,58270
20110719,35.61,35.64,34.26,34.38,16950
20110720,34.17,34.82,34.12,34.45,13600
20110721,33.98,34.21,33.18,33.36,17940
20110722,33.52,33.63,33,33.12,6810
20110725,34.33,34.33,33.28,33.81,19250
20110726,34,34.5,33.94,34.4,12970
20110727,34.94,37.1,34.94,36.93,80170
20110728,36.92,37.63,35.97,37.48,51100
20110729,39.12,39.5,37.04,37.83,68930
20110801,36.38,39.57,36.25,38.69,77000
20110802,39.56,42.35,38.88,42.34,77000
20110803,42.26,45,41.56,41.58,104010
20110804,43.42,48.88,43.42,48.874,123520
20110805,47.23,54.05,46.73,50.38,128660
20110808,57,62.49,53.51,62.49,139900
20110809,57.43,63.26,50.95,50.95,169390
20110810,54.62,57.01,51.51,57.01,59240
20110811,56.04,56.2,46.24,48.45,88200
20110812,47.07,48.66,46.1,47.31,49880
20110815,45.85,45.85,43.64,43.67,38630
20110816,45.67,46.6,44,45.44,26890
20110817,44.74,46.62,43.64,45.9,32040
20110818,50.18,54.16,50.18,53.06,62690
20110819,55.75,55.75,50.71,55.65,54740
20110822,50.82,56.2,50.82,55.52,79960
20110823,55.03,55.63,49.29,49.29,41670
20110824,49.82,50.2,46.99,47.24,32530
20110825,45.99,50.35,45.79,49.97,41690
20110826,51,52.93,46.18,46.66,73720
20110829,44.62,44.68,41.53,41.571,44620
20110830,42.4,42.9,40.06,40.67,29190
20110831,40.11,41.04,38.55,40.24,37040
20110901,39.97,41.93,39.12,41.92,23800
20110902,44.88,45.84,43.81,45.37,43190
20110906,49.94,49.94,46.2,46.26,59200
20110907,43.65,44.23,41.33,41.36,39030
20110908,42.49,43.32,41,43,39400
20110909,44.35,47.31,43.76,46.54,55750
20110912,48.96,49.02,45.83,45.92,34850
20110913,45.1,46.15,43.51,43.78,47070
20110914,43.03,45.16,40.24,41.57,50460
20110915,40.09,41.85,39.71,39.89,45770
20110916,39.5,40.59,38.98,39.59,33580
20110919,42.22,42.59,40.2,40.98,59300
20110920,40.25,41.93,39.5,41.79,58510
20110921,42.08,46.18,41.61,46.18,47720
20110922,50.75,53,48.97,50.99,79500
20110923,51.81,52.2999,49.16,49.72,43990
20110926,48.69,51.29,46.22,46.42,51460
20110927,43.6,45.21,41.57,44.26,64720
20110928,44.08,48.42,43.72,48.42,56120
20110929,45.23,50.38,45.14,47.5,71640
20110930,50.1,51.4,48.49,51.28,39820
20111003,52.81,57.6,50.46,57.4,85880
20111004,59.42,61.38,51.89,51.97,110750
20111005,51.5,53.31,48.37,48.84,55190
20111006,49.06,49.92,45.2,45.2,44620
20111007,44.34,47.83,44.34,47.05,44940
20111010,44.53,44.53,42.03,42.03,47160
20111011,43.59,43.59,41.66,41.99,25300
20111012,40.8,41.25,39.08,40.62,59560
20111013,41.24,42.48,40.2,40.55,31940
20111014,39.04,40,38.3,38.57,28000
20111017,39.31,41.21,38.89,41.09,41110
20111018,40.84,42.4,37.25,38.17,51260
20111019,38.53,40.11,37.7,39.83,37050
20111020,39.24,41.4,39,39.07,64760
20111021,37.59,37.92,36.36,36.48,64830
20111024,36.09,36.1741,33.876,33.97,71570
20111025,34.7,36.52,34.7,36.35,35950
20111026,34.83,37.16,34.51,35.12,51920
20111027,31.63,32.95,30.25,31.05,81750
20111028,31.43,31.78,30.84,31.02,16360
20111031,32.57,33.3,31.836,33.28,57660
20111101,36.5,36.69,34.93,36.13,66920
20111102,34.47,35.42,33.58,34.18,46980
20111103,33.29,34.72,31.83,32.05,44410
20111104,33.33,33.77,32,32.11,31830
20111107,32.2,33.53,31.8,32.03,41680
20111108,31.57,32.78,30.99,31.09,60850
20111109,33.52,35.02,33.01,34.91,82900
20111110,33.25,35.2,33,34.15,41140
20111111,32.91,33,31.6,31.83,28590
20111114,32.47,33.3,32.187,32.86,33010
20111115,32.93,33.57,31.77,32.24,36410
20111116,33.24,33.78,31.92,33.78,28180
20111117,33.92,36.19,33.8,35.62,41990
20111118,35.23,36.01,34.78,35.66,35730
20111121,37.55,38.33,37,37.48,102680
20111122,37.79,38.69,37.03,38.04,75230
20111123,39.28,40.88,39.19,40.7941,48280
20111125,41.51,41.51,39.76,41.02,26000
20111128,37.13,38.11,36.51,37.31,70840
20111129,36.75,37.48,36.2,37.02,33600
20111130,33.51,33.74,31.99,31.99,58120
20111201,32.36,32.5,31.57,32.19,26700
20111202,31.17,32.24,30.75,32.12,20640
20111205,30.72,31.49,30.15,31.08,26510
20111206,30.88,31.58,30.71,31.22,41890
20111207,31.78,32.65,31.11,31.26,40080
20111208,32.29,33.88,31.88,33.8,31680
20111209,33.28,33.37,31.5,31.75,29030
20111212,33,34.02,32.93,33.28,55890
20111213,32.46,35.35,32.28,34.77,36300
20111214,35.47,36.4,35.09,36.18,37440
20111215,34.81,35.86,34.77,35.61,14900
20111216,34.7,35.37,33.75,34.86,53430
20111219,34.34,36.64,34.2,36.46,36460
20111220,34.34,34.34,32.7,32.81,40700
20111221,32.94,33.57,32.4,32.57,22300
20111222,32.3,32.3,31.34,31.61,12020
20111223,31.25,31.4,30.85,30.85,22620
20111227,31.08,31.19,30.5,30.7,8610
20111228,30.95,32.12,30.9,32.03,32770
20111229,31.81,31.81,30.9,30.98,15680
20111230,30.95,31.15,30.81,31.13,24690
20120103,29.64,30.38,29.14,30.29,36610
20120104,30.6,30.95,30.21,30.4,10250
20120105,30.93,31.43,29.7,29.78,21350
20120106,30.19,30.25,29.48,29.92,11590
20120109,29.57,30.1,29.44,29.56,13550
20120110,28.55,28.71,28.36,28.49,28270
20120111,28.82,28.84,28.27,28.3,7590
20120112,28.45,28.84,27.93,27.98,26480
20120113,28.55,29.1,28.44,28.5,14110
20120117,27.69,28.35,27.42,28.18,67700
20120118,28.11,28.38,26.95,26.96,33320
20120119,26.75,26.79,26.2,26.35,30140
20120120,26.35,26.75,26.35,26.58,15320
20120123,26.32,26.95,26,26.44,36690
20120124,26.91,27.07,26.27,26.28,13500
20120125,26.22,26.61,25.23,25.37,24520
20120126,24.77,25.98,24.67,25.8,23380
20120127,26.14,26.14,25.491,25.5,20950
20120130,26.14,26.56,25.84,26.05,14930
20120131,25.54,26.5,25.54,26.046,25000
20120201,25.45,25.46,24.73,24.98,51180
20120202,24.91,25.05,24.61,24.85,22400
20120203,23.76,24.0686,23.5926,23.61,57530
20120206,23.93,24.1021,23.6987,23.7072,19390
20120207,23.9,24.11,23.49,23.64,22350
20120208,23.52,23.79,23.22,23.42,6470
20120209,23.14,23.55,23.14,23.25,19340
20120210,23.99,24.17,23.76,23.89,27180
20120213,23.2,23.62,23.2,23.31,8610
20120214,23.6,23.8,23.37,23.37,15640
20120215,22.98,23.66,22.94,23.47,33790
20120216,23.56,23.56,22.58,22.65,18330
20120217,22.26,22.65,22.26,22.6,9460
20120221,22.3,23.02,22.3,22.83,12230
20120222,22.9,23.2,22.69,23.08,12860
20120223,23.12,23.33,22.6,22.64,13930
20120224,22.46,22.63,22.29,22.55,38090
20120227,23.12,23.22,22.35,22.54,26800
20120228,22.48,22.78,22.3,22.54,16730
20120229,22.53,23.0353,22.3,22.95,26430
20120301,22.55,22.72,22.3,22.4,18180
20120302,22.54,22.89,22.39,22.83,15220
20120305,22.91,23.42,22.91,23.17,33280
20120306,24.1,24.55,23.87,24.39,67570
20120307,24.31,24.31,23.61,23.71,43670
20120308,22.93,23.48,22.78,22.9,41590
20120309,22.8,22.88,22.25,22.4,35470
20120312,22.52,22.68,22.48,22.59,26270
20120313,22.26,22.26,21.36,21.36,34160
20120314,21.36,21.78,21.18,21.66,56230
20120315,21.52,21.71,21.12,21.16,21750
20120316,21.11,21.19,21.04,21.15,8080
20120319,21.3,21.3,20.75,21,40350
20120320,21.34,21.67,21.26,21.36,65090
20120321,21.09,21.54,21.09,21.32,19950
20120322,21.85,22.22,21.72,21.9,33180
20120323,21.88,22.34,21.58,21.65,50520
20120326,21.06,21.13,20.75,20.75,89290
20120327,20.626,20.93,20.616,20.93,19660
20120328,21.04,21.75,20.93,21.36,46980
20120329,21.81,22.03,21.33,21.36,19250
20120330,20.96,21.49,20.96,21.23,12100
20120402,21.29,21.38,20.46,20.72,301470
20120403,20.9,21.18,20.62,20.79,64790
20120404,21.46,21.71,21.3,21.53,28380
20120405,21.73,21.808,21.47,21.64,7640
20120409,22.5,22.72,22.41,22.48,26830
20120410,22.62,23.97,22.47,23.9,67270
20120411,23.17,23.28,22.91,23.14,76350
20120412,23,23,21.97,22.04,37580
20120413,22.22,22.69,22.16,22.68,310480
20120416,22.36,23.05,22.3,22.73,29320
20120417,22.12,22.37,21.62,21.79,11050
20120418,22.09,22.09,21.81,21.98,7400
20120419,22.02,22.46,21.63,22.15,15000
20120420,22.15,22.3,21.78,22.18,126180
20120423,23.2,23.4,22.79,22.84,134150
20120424,22.74,22.89,22.47,22.7,29960
20120425,22.2,22.28,21.65,21.7,38440
20120426,21.85,21.87,20.98,21.09,37350
20120427,20.52,21.31,20.52,20.78,32510
20120430,20.92,21.31,20.92,21.13,24520
20120501,21.14,21.25,20.25,20.78,29430
20120502,21.03,21.25,20.73,20.82,35410
20120503,20.69,21.6,20.69,21.51,38670
20120504,21.84,22.63,21.84,22.47,83290
20120507,22.81,22.87,22.2,22.45,82280
20120508,23.01,23.85,22.743,22.79,79170
20120509,23.75,23.99,22.84,23.09,59940
20120510,22.43,23.07,22.34,23.02,30660
20120511,23.54,23.56,22.5298,22.95,15830
20120514,23.83,23.97,23.42,23.86,87240
20120515,23.87,24.46,23.52,24.3,90910
20120516,24.02,24.81,23.69,24.75,44410
20120517,24.75,26.55,24.75,26.55,84730
20120518,26.31,27.59,26.04,27.45,88060
20120521,27.18,27.4101,25.54,25.57,77400
20120522,25.35,25.78,24.72,25.39,85650
20120523,26.55,26.57,24.94,25.03,100470
20120524,24.86,25.52,24.72,24.95,47640
20120525,24.86,25.14,24.69,24.91,25970
20120529,24.32,24.6,23.83,23.98,26710
20120530,24.82,25.4,24.7,25.27,36610
20120531,25.39,26.47,25.15,25.51,58300
20120601,26.78,27.97,26.72,27.87,90730
20120604,27.69,29.03,27.45,28.17,91240
20120605,28.43,28.53,27.02,27.16,78070
20120606,26.35,26.79,25.23,25.23,64680
20120607,24.28,25.66,24.201,25.5,75850
20120608,25.58,26.09,24.9,25.01,73120
20120611,24.26,26.3,23.99,26.22,68110
20120612,25.89,26.37,25.21,25.36,52910
20120613,25.54,26.35,25.17,26.21,45140
20120614,25.97,26.13,25.25,25.49,49470
20120615,25.17,25.4,24.66,24.71,34220
20120618,25.03,25.22,24.09,24.3,20660
20120619,23.75,23.85,23.11,23.47,72820
20120620,23.3,23.96,23.19,23.62,59290
20120621,23.59,25.42,23.39,25.37,69660
20120622,24.88,25.33,24.65,24.82,41910
