Date,Open,High,Low,Close,Volume
20190416,1142.9,1142.9,1142.9,1142.9,30
20190417,1147.48,1147.48,1147.48,1147.48,30
20190418,1147.48,1147.48,1147.48,1147.48,30
20190422,1204.64,1204.64,1204.64,1204.64,30
20190423,1204.64,1204.64,1204.64,1204.64,30
20190424,1238.79,1238.79,1169.319,1169.319,70
20190425,1162.54,1162.54,1162.54,1162.54,3
20190426,1162.54,1162.54,1162.54,1162.54,30
20190429,1162.54,1162.54,1162.54,1162.54,30
20190430,1156.6,1156.6,1156.6,1156.6,40
20190501,1119.6,1119.6,1119.6,1119.6,30
20190502,1119.6,1119.6,1119.6,1119.6,30
20190503,1119.6,1119.6,1119.6,1119.6,30
20190506,1119.6,1119.6,1119.6,1119.6,30
20190507,1119.6,1119.6,1119.6,1119.6,30
20190508,1119.6,1119.6,1119.6,1119.6,30
20190509,954.04,954.04,954.04,954.04,30
20190510,925.21,925.21,925.21,925.21,35
20190513,959.36,959.36,959.36,959.36,30
20190514,995.59,995.59,995.59,995.59,54
20190515,945,945,945,945,3
20190516,945,945,945,945,3
20190517,945,945,945,945,30
20190520,945,945,945,945,30
20190521,945,945,945,945,3
20190522,930.92,931.51,929.57,929.57,39
20190523,930.16,930.16,930.16,930.16,30
20190524,930.16,930.16,930.16,930.16,30
20190528,930.16,930.16,930.16,930.16,30
20190529,813.02,813.02,813.02,813.02,3
20190530,813.02,813.02,813.02,813.02,30
20190531,813.02,813.02,813.02,813.02,30
20190603,813.02,813.02,813.02,813.02,30
20190604,813.02,813.02,813.02,813.02,30
20190605,813.02,813.02,813.02,813.02,30
20190606,813.02,813.02,813.02,813.02,30
20190607,820.34,820.34,820.34,820.34,40
20190610,835.19,835.19,835.19,835.19,40
20190611,800.72,800.72,800.72,800.72,3
20190612,800.72,800.72,800.72,800.72,30
20190613,800.72,800.72,800.72,800.72,3
20190614,800.72,800.72,800.72,800.72,30
20190617,800.72,800.72,800.72,800.72,3
20190618,852.2,852.2,852.2,852.2,30
20190619,852.2,852.2,852.2,852.2,3
20190620,852.2,852.2,852.2,852.2,3
20190621,852.2,852.2,852.2,852.2,3
20190624,852.2,852.2,852.2,852.2,3
20190625,852.2,852.2,852.2,852.2,3
20190626,852.2,852.2,852.2,852.2,3
20190627,852.2,852.2,852.2,852.2,3
20190628,852.2,852.2,852.2,852.2,3
20190701,852.2,852.2,852.2,852.2,3
20190702,797.73,800.23,797.73,800.23,37
20190703,889.34,889.34,889.34,889.34,3
20190705,908.82,908.82,908.82,908.82,30
20190708,908.82,908.82,908.82,908.82,3
20190709,911.8,911.8,911.8,911.8,30
20190710,911.8,911.8,911.8,911.8,3
20190711,911.8,911.8,911.8,911.8,3
20190712,923.27,923.27,923.27,923.27,24
20190715,979.2,979.2,979.2,979.2,30
20190716,979.2,979.2,979.2,979.2,30
20190717,979.2,979.2,979.2,979.2,30
20190718,979.2,979.2,979.2,979.2,30
20190719,979.2,979.2,979.2,979.2,30
20190722,986.33,986.33,986.33,986.33,35
20190723,947.32,947.32,947.32,947.32,3
20190724,947.32,947.32,947.32,947.32,3
20190725,947.32,947.32,947.32,947.32,30
20190726,921.72,921.72,921.72,921.72,3
20190729,921.72,921.72,921.72,921.72,30
20190730,947.12,947.12,947.12,947.12,3
20190731,947.12,947.12,947.12,947.12,30
20190801,947.12,947.12,947.12,947.12,30
20190802,907.55,907.55,907.55,907.55,39
20190805,840.1,840.1,840.1,840.1,30
20190806,840.1,840.1,840.1,840.1,30
20190807,840.1,840.1,840.1,840.1,30
20190808,776.42,776.42,776.42,776.42,3
20190809,754.42,754.42,754.42,754.42,30
20190812,709.32,709.32,709.32,709.32,18
20190813,709.32,709.32,709.32,709.32,3
20190814,667.65,667.65,667.46,667.46,29
20190815,655.2,655.2,655.2,655.2,30
20190816,655.2,655.2,655.2,655.2,3
20190819,689.44,691.17,682.93,691,158
20190820,687.34,687.34,686.38,686.57,40
20190821,731.42,731.42,731.42,731.42,3
20190822,713.5,713.5,713.5,713.5,30
20190823,694,694,679.61,679.61,95
20190826,625.8,632.2,625.8,632.2,45
20190827,613.2,613.2,613.2,613.2,35
20190828,613.5,613.5,613.5,613.5,3
20190829,613.5,613.5,613.5,613.5,3
20190830,690.4,690.4,690.4,690.4,3
20190903,683.36,683.36,683.36,683.36,30
20190904,715,715,715,715,3
20190905,747.62,747.62,747.62,747.62,3
20190906,725.4,727.4,725.4,727.4,18
20190909,796.08,796.08,796.08,796.08,3
20190910,825.3,825.3,825.3,825.3,3
20190911,825.3,825.3,825.3,825.3,3
20190912,814.82,814.82,814.82,814.82,3
20190913,814.82,814.82,814.82,814.82,3
20190916,903.1893,903.1893,903.1,903.1,16
20190917,855.31,855.31,855.31,855.31,11
20190918,866.22,866.22,866.22,866.22,3
20190919,866.22,866.22,866.22,866.22,30
20190920,869.5,869.5,869.5,869.5,30
20190923,868,868,868,868,35
20190924,869.96,869.96,869.96,869.96,30
20190925,869.96,869.96,869.96,869.96,30
20190926,839.25,839.25,839.25,839.25,35
20190927,816.9,816.9,816.9,816.9,30
20190930,816.9,816.9,816.9,816.9,30
20191001,816.9,816.9,816.9,816.9,30
20191002,816.9,816.9,816.9,816.9,30
20191003,816.9,816.9,816.9,816.9,30
20191004,816.9,816.9,816.9,816.9,30
20191007,816.9,816.9,816.9,816.9,30
20191008,804.07,804.07,804.07,804.07,35
20191009,822.56,822.56,822.56,822.56,35
20191010,845.45,845.45,845.45,845.45,35
20191011,900.7,903.34,900.7,903.34,48
20191014,800.88,800.88,800.88,800.88,3
20191015,800.88,800.88,800.88,800.88,3
20191016,778.17,778.17,778.17,778.17,8
20191017,779.74,779.74,779.74,779.74,8
20191018,776.59,780.73,770.1,770.1,43
20191021,799.37,814.78,799.37,814.78,50
20191022,823.2,882.4,823.2,880.2,65
20191023,852.61,868.44,852.61,868.44,85
20191024,869.24,870.24,862.23,862.23,45
20191025,908.1,908.1,908.1,908.1,30
20191028,908.1,908.1,908.1,908.1,30
20191029,915.7,915.7,915.7,915.7,35
20191030,898.4,898.4,898.4,898.4,35
20191031,858.7,858.7,839.4451,839.4451,45
20191101,839.48,839.48,839.48,839.48,3
20191104,839.48,839.48,839.48,839.48,3
20191105,839.48,839.48,839.48,839.48,3
20191106,780,781.22,780,781.22,21
20191107,821.1,827.05,821.1,827.05,107
20191108,930.2,961.6,928,961.6,63
20191111,957.68,957.68,957.68,957.68,30
20191112,957.68,957.68,957.68,957.68,30
20191113,957.68,957.68,957.68,957.68,30
20191114,957.68,957.68,957.68,957.68,30
20191115,906.52,906.52,906.52,906.52,30
20191118,875.21,876.01,875.21,876.01,40
20191119,881.46,881.46,881.46,881.46,30
20191120,865,865,856.6,856.6,40
20191121,861.04,861.04,861.04,861.04,3
20191122,861.04,861.04,861.04,861.04,3
20191125,880.46,880.46,880.46,880.46,3
20191126,880.46,880.46,880.46,880.46,30
20191127,848.32,848.32,848.32,848.32,3
20191129,848.32,848.32,848.32,848.32,30
20191202,817.04,817.04,817.04,817.04,3
20191203,817.04,817.04,817.04,817.04,30
20191204,817.04,817.04,817.04,817.04,30
20191205,817.04,817.04,817.04,817.04,30
20191206,817.04,817.04,817.04,817.04,3
20191209,826.06,826.06,826.06,826.06,30
20191210,851,851,851,851,35
20191211,835.06,835.06,835.06,835.06,30
20191212,835.06,835.06,835.06,835.06,3
20191213,835.06,835.06,835.06,835.06,3
20191216,835.06,835.06,835.06,835.06,3
20191217,835.06,835.06,835.06,835.06,3
20191218,835.06,835.06,835.06,835.06,3
20191219,835.06,835.06,835.06,835.06,3
20191220,835.06,835.06,835.06,835.06,3
20191223,835.06,835.06,835.06,835.06,3
20191224,971.48,971.48,971.48,971.48,30
20191226,969.06,969.06,969.06,969.06,3
20191227,969.06,969.06,969.06,969.06,30
20191230,942.96,942.96,942.96,942.96,3
20191231,942.96,942.96,942.96,942.96,3
20200102,1006.78,1006.78,1006.78,1006.78,30
20200103,1103.8,1103.8,1013.4,1013.4,59
20200106,1027.84,1027.84,1027.84,1027.84,30
20200107,1028.08,1028.08,1028.08,1028.08,3
20200108,1030,1030,979.6,979.6,57
20200109,1005.2,1005.2,1005.2,1005.2,30
20200110,994.6,998,991.772,993.6,71
20200113,992.24,992.24,992.24,992.24,3
20200114,992.24,992.24,992.24,992.24,3
20200115,992.24,992.24,992.24,992.24,30
20200116,971.96,971.96,971.96,971.96,3
20200117,951.68,951.68,951.68,951.68,3
20200121,906.98,906.98,906.98,906.98,30
20200122,875.52,875.52,875.52,875.52,30
20200123,820,830,820,830,65
20200124,824.2,824.2,824.2,824.2,30
20200127,766,766,745.598,745.598,55
20200128,761.88,761.88,761.88,761.88,30
20200129,727.36,727.36,727.36,727.36,3
20200130,744.2,744.2,744.2,744.2,3
20200131,689.79,689.79,689.79,689.79,8
20200203,635.78,635.78,635.78,635.78,3
20200204,646.9,646.9,646.9,646.9,30
20200205,725,725,725,725,30
20200206,699.96,699.96,699.96,699.96,30
20200207,678.94,678.94,678.94,678.94,3
20200210,663.99,663.99,663.59,663.59,13
20200211,1010,1010,695.4,695.4,60
20200212,730.8,730.8,730.8,730.8,35
20200213,725.9732,732.22,725.9732,732.22,45
20200214,737.3,737.3,710.2,710.2,45
20200218,694.3978,695.6,692,695.6,111
20200219,744.5,744.5,744.5,744.5,30
20200220,761.06,761.06,761.06,761.06,3
20200221,727.2,727.2,727.2,727.2,10
20200224,640,640,623.842,626.292,130
20200225,604.2,604.2,533.7298,536.3998,96
20200226,533.452,543.46,486.688,487,152
20200227,382.6,411,382.6,394.6,102
20200228,357.0717,404.34,354.0609,404.34,55
20200302,395.01,410.261,394.4,396.41,85
20200303,433.718,452.8,388.6,388.6,148
20200304,406.6978,422.34,406.6978,422.34,49
20200305,380.236,380.6,352.79,352.79,75
20200306,317.2,317.2,287,287,140
20200309,297,297,100.6,116.5,3369
20200310,132,132,88,107.2,2366
20200311,110.8,110.8,79,83.158,1249
20200312,70.2,70.2,48,49.978,5090
20200313,54.2,72.2,45.2,68,1428
20200316,66,67.76,46.2,61.402,2270
20200317,60.2,62.4,35.894,38.7,7578
20200318,38.8,40.6,21.966,40,8788
20200319,42,42,25,29,14218
20200320,40,45.8,29.054,35.8,7686
20200323,39,42,24,27.24,15066
20200324,36.4,37.2,29.978,35.6,15038
20200325,39.4,50,32,42.79,17429
20200326,45.2,56,43.248,52.6,20471
20200327,50,50,38.75,41.602,15803
20200330,42,43.6,34.002,41.8,20759
20200331,45.8,54,40,44.002,32532
20200401,43.6,43.6,34,37.2,27856
20200402,43.8,54,39,45.8,51569
20200403,52.2,55,39,43.4,63163
20200406,45.2,49.6,42,48.51,29691
20200407,57,63.3,51.2,52,51365
20200408,57.4,65.8,55.4,65.336,52348
20200409,77.8,79.4,54.896,62.6,119245
20200413,77,77,59,61.934,71530
20200414,64.2,64.6,59.2,60.998,39541
20200415,53.8,54,45.464,49.554,59558
20200416,51.2,51.2,40.2,40.4,72313
20200417,42.2,55.6,42.2,55.2,81062
20200420,45,55.4,42.6,49.4,153209
20200421,47.6,49,43,47.2,114427
20200422,55,55.8,51.4,54,94062
20200423,59,64.6,57.6,59.8,107018
20200424,65,65,56.2,59.598,97771
20200427,56.2,66,53.2,64.8,78399
20200428,70,73,65.8,71.604,74545
20200429,83.6,94,81.2,92.602,167882
20200430,97.6,97.6,83,88.4,206055
20200501,81,82.6,67.4,69,176467
20200504,64,78.6,63.6,78.4,143261
20200505,93,93,76.8,79,214714
20200506,83.6,83.6,70.8,71.224,159851
20200507,78,83,75.6,77.4,105959
20200508,82,89.6,80.6,89.6,168547
20200511,87,88.8,83.2,84.6,130104
20200512,88.8,88.8,78.4,78.8,155183
20200513,78,78,66.202,68,184622
20200514,63.2,72.6,58.598,69.2,190163
20200515,69.6,74.4,66.78,69,115001
20200518,81.2,90.6,81.2,89.4,240853
20200519,90.8,90.8,82,82.2,155443
20200520,89.2,93,87.2,91.8,156815
20200521,94.4,95.2,85.4,87.8,149798
20200522,84.8,86.6,80.6,86.4,146352
20200526,94.2,96.6,91.4,92,174054
20200527,95.4,97,87.2,95.4,151202
20200528,95.6,95.6,86,87.6,127399
20200529,86.6,87,80,83.6,193215
20200601,83,90.6,80.2,89,141904
20200602,92.39,99.2,92.39,99.2,233912
20200603,106.6,108.8,102.4,108,249495
20200604,105,109.6,100,107.3,194278
20200605,128,140.6,127.2,139.4,305507
20200608,160.8,162,144,159.7,518447
20200609,140.2,144,128.6,139.7,332109
20200610,131.4,133.8,117.6,118.1,324316
20200611,90,102.6,82,82.6,436886
20200612,96.8,97.9,83,90.6,402268
20200615,78.6,93,74.2,90.3,321473
20200616,105.8,105.8,90.4,99.954,345537
20200617,98.2,98.6,88,88.1,248162
20200618,85,96,84,93.5,193063
20200619,103,103.8,90.4,90.4,250332
20200622,90.0973,92.6,84.491,91.499,183954
20200623,94.4,96.6,91.4,92.6,148936
20200624,88,88,74.2,76.3,423482
20200625,73.8,81.2,72,80.1,222939
20200626,77.2,78,70.6,71.9,270656
20200629,73.2,76.6,71.2,74.4,194750
20200630,73.4,82.6,71,81.7,197569
20200701,82.4,85.6,73.4,73.6,293207
20200702,78,81.6,75.6,76.1,192848
20200706,80,81.2,73.5,76.368,213566
20200707,73.592,73.76,67.7926,68.093,272114
20200708,68.8,70.9,66,67.76,186387
20200709,68,68,56.2,56.364,473407
20200710,55,62,55,61.8,273766
20200713,63.6,64.2,58.2,60,303711
20200714,58.6,66.96,58,66.6,257999
20200715,73,73,67.8,71.8,341928
20200716,70,73.9,67,70.994,205703
20200717,70.6,74.8,66.8,67.73,185919
20200720,67.6,69.9,64.4,64.4,160444
20200721,68.8,79.1,68.4,77,372344
20200722,74,75.8,70.684,74.8,212853
20200723,73.6,75.6,71.3,73.6,154426
20200724,74.4,77.22,71.796,72.4,181379
20200727,72.6,73.9,69.2,71.8,154041
20200728,69.0019,72.8,67.0018,67.402,150731
20200729,68.8,73.4,68,73.2,202451
20200730,68.4,68.4,60.6,63.3,465286
20200731,61.4,63.2,59.402,63,289140
20200803,62.8,63.6,60.8,62,172947
20200804,61,66.4,60.6,64.7,203530
20200805,68.4,69.54,65.272,67,228897
20200806,66.0019,68.8,65.002,65.8019,181572
20200807,64,67.2,60.8,66.6,238997
20200810,68.4,73.4,67.6,73.102,279619
20200811,78,79.8,68.8,69.6,310137
20200812,74.2,75,71,73,136254
20200813,72.6,73.28,68,68.1,146125
20200814,67.8,70.8,66.2,70.6,124199
20200817,70.6,70.6,66.8,68.4,184496
20200818,67.4,69.4,64.8,65.38,172063
20200819,65.4,65.6,62.2,62.7,171750
20200820,60.8,60.8,58.4,58.5,384476
20200821,58.408,58.74,55.4075,57.0078,292067
20200824,58.6,63.2,57.034,61.8,238345
20200825,64,64,59.1,60.6,185441
20200826,60.2,60.3,55.662,55.9,279825
20200827,57,57.2,54.2,56.7,225420
20200828,57.2,60,56.402,59.8,175901
20200831,60,60,55.3,55.3,260684
20200901,55,55.2,52,53.6,233122
20200902,53,54.8,51.6,52.6,194480
20200903,51.2,55.6,50.4,51.2,298237
20200904,53,54,48.8,50.5,243486
20200908,47.4,47.8,43.002,44,275115
20200909,45.8,45.8,43.8,44.58,196648
20200910,44.8,44.9,37.7,37.7,441264
20200911,38.6,39.8,37,38.7,229376
20200914,39.6,41.4,38.4,40,203686
20200915,41.2,42.2,39,39.198,165251
20200916,41,46.6,39.5,44.2,361621
20200917,42,45.2,41.2,45.072,198896
20200918,45,45.4,42.2,43.6,161851
20200921,39.9941,40.9,36.79,38.694,284979
20200922,39,40.78,37.4,37.9,159359
20200923,39,39,32.2,32.3,394832
20200924,31.6,34.2,29.8,32.4,367655
20200925,32.19,33.12,30.79,32.5941,225531
20200928,33.4,35.4,32.6,34.18,230678
20200929,34.4,34.4,30.2,31.602,300858
20200930,31.4,33.4,31,31.4,203667
20201001,30.8,30.8,27.6,28.202,439603
20201002,25.6,29.6,25.2,28.674,399805
20201005,30,32,29.8,32,264092
20201006,33.4,34.4,29.9,30.1,415889
20201007,31.6,31.6,29.6,31.4,198554
20201008,32.4,34.8,31.418,34.8,261914
20201009,35.39,36.32,32.9945,32.9945,249067
20201012,32.01,34.0352,31.43,33.77,226221
20201013,33.45,34.69,31.8832,31.983,133659
20201014,31.5,34.679,31.5,32,189396
20201015,30.69,33.5,29.3,33.41,196035
20201016,33.41,33.41,30.5001,30.72,209547
20201019,31.26,31.26,27.77,27.78,262814
20201020,28.2,29.55,27.3421,28.99,210683
20201021,28.09,28.7,26.49,26.55,229924
20201022,27.17,29.93,25.625,29.78,299479
20201023,30.05,31.5,29.05,30.3724,221882
20201026,28.21,28.76,25.3301,26.0719,336234
20201027,26.47,26.47,24.95,25.11,224348
20201028,22.78,23.88,21.275,21.79,437389
20201029,20.89,24,20.0301,23.8857,304607
20201030,22.9,24.29,22.3412,24.2,231171
20201102,24.65,28.04,23.7557,26.99,247149
20201103,28.41,28.7,25.58,26.3,215703
20201104,26.65,28.78,24.48,27.11,208733
20201105,27.08,28.75,26.5912,27.2,144506
20201106,26.76,28.2,24.83,24.95,153934
20201109,32.68,40.4068,32.68,38.815,619810
20201110,40.55,42.16,37.7383,42.14,303084
20201111,44.69,44.69,39.6402,40.91,288767
20201112,38,40.13,34.35,35.32,329629
20201113,36.43,41.185,35.987,40.66,199597
20201116,46,49.8,44.51,49.72,416780
20201117,46.31,51.41,44.6903,51.08,447681
20201118,52.13,53.89,46.92,46.95,360646
20201119,45,49.2267,44,49.02,228894
20201120,47.97,49.24,47.24,48.01,104523
20201123,50.73,61.01,50.73,60.98,440582
20201124,69.23,71.98,66.06,70.7751,596480
20201125,68.99,69.64,64.7,66.37,333451
20201127,64.93,67.15,62.5,64.06,181005
20201130,62.29,62.3,50.76,51.1535,429370
20201201,55.83,56.74,50.91,51.32,385394
20201202,50,59.45,49.87,56.485,461441
20201203,58.36,61.93,55.4278,59.4476,435182
20201204,64.1,72.1,63.39,72.1,510689
20201207,68.07,69.75,63.68,66.38,443947
20201208,62.9,71.4701,62.9,69.28,378055
20201209,73.03,76.2,67.3,70.9,871811
20201210,71.92,82.3999,70.78,79.755,795148
20201211,78.28,78.5925,72.79,76,502148
20201214,81.64,81.64,65.88,66.72,792536
20201215,67.11,72,65,71.422,565945
20201216,71.38,73,68.33,70.01,316314
20201217,71.5,71.89,66.8801,67.84,254436
20201218,67.97,68.6416,63.05,64.935,399724
20201221,57,62.52,54.6,60.36,455179
20201222,59.63,60.71,56.56,56.9,263912
20201223,58.28,64.78,58.28,62.575,441638
20201224,62.3,62.5,59.09,60.91,196983
20201228,62.76,64.6999,59.22,59.88,286164
20201229,61.5,61.57,57.85,58.845,175837
20201230,58.61,63.93,58.5,63.05,252483
20201231,62.84,63.3,60.82,61.17,125430
20210104,63.12,64.66,58.65,60.635,236503
20210105,62.05,75.35,62.05,70.37,616700
20210106,74,78.6299,70.76,76.7695,398643
20210107,79.55,84.49,77.11,82.4713,313784
20210108,85.25,85.6341,78.72,80.51,330698
20210111,74.81,83.9999,72.5,83.22,176110
20210112,85.74,94.9152,85.1,93.6,268295
20210113,94.41,94.41,86.71,88.79,270785
20210114,89.99,100.5,89.91,97.49,269402
20210115,92,92.08,82.6164,84.83,388687
20210119,89.44,93.9814,86.81,91.81,196467
20210120,94.5,95.1241,89.31,92.75,245552
20210121,91.55,92.24,79.7,82.08,376273
20210122,75.73,81.78,74.07,81.5111,275494
20210125,78.6,80.195,74.43,79.85,299154
20210126,82,85.5425,73.82,73.8441,235623
20210127,69.85,78.25,66.67,71.368,385760
20210128,74.24,76.14,69.465,72.88,210647
20210129,70,73.72,64.6489,66,401830
20210201,69.11,69.12,62.8221,66.82,263701
20210202,72.05,74.15,68.9042,69,360359
20210203,71.18,80.2418,69.54,79.815,360417
20210204,82.13,82.8251,76.5,82.0491,233542
20210205,85.81,86.8768,82.65,83.35,195261
20210208,87.55,98,87.25,97.2692,428734
20210209,93,94.55,89.16,92.38,311786
20210210,94.16,99.7399,92.26,98.5,310778
20210211,97.01,97.435,87.8821,94.91,261263
20210212,91.98,99.19,91.97,98.67,233856
20210216,106.54,111.59,104.84,108.12,253026
20210217,109.99,114.165,105.5,112,220051
20210218,108.16,111,103.44,104.36,180604
20210219,106,113.52,105.21,112.49,207275
20210222,116.48,130.6399,114.9,124.81,343079
20210223,129,134,114.01,132.5,291104
20210224,135.45,150.01,130.92,147.05,282321
20210225,148.94,150.53,134.615,138.31,315258
20210226,131.02,134.5077,114.01,127.92,384634
20210301,137.99,140,132.46,134.69,148676
20210302,135,139.93,132.0473,132.5,184005
20210303,136.58,150.2899,136.58,140.95,240426
20210304,146.88,160.1099,141.5,151.58,433670
20210305,171.32,173.5542,154.15,170.26,555829
20210308,176.2801,179.3399,163.1715,168.939,347780
20210309,166.16,175.06,153.63,155.4899,271787
20210310,158.06,170.12,153.8558,167.974,253389
20210311,172.78,182.31,169.6948,174.74,210458
20210312,174.9,178.89,170.6,173.74,113996
20210315,172.02,172.49,159.73,166.6,236405
20210316,157.45,158.6699,149,152,248649
20210317,150,158.99,146.28,158.47,196652
20210318,153,154.8981,131.175,132.68,273674
20210319,134.8,142.269,127.79,136.7569,183743
20210322,134,136.1548,129.66,130,107791
20210323,120,133.33,118.69,124.54,181152
20210324,132.27,139.85,131.7,134.46,178570
20210325,128.8,137.2,120.665,136.11,215754
20210326,144.5,146.7501,138.79,146.7501,149743
20210329,141,143.22,133.08,139.13,107129
20210330,133.34,141.595,132.53,137.35,61127
20210331,137.01,138.96,133,133.93,118591
20210401,136.14,146.62,134.5,146.28,161225
20210405,143.51,143.51,127.4936,130.87,223079
20210406,133.6,139.707,129.15,130.055,121231
20210407,130.5,133.76,128.7301,132.11,80831
20210408,129.38,129.38,121.49,125.92,149075
20210409,125,130.24,122.15,123.98,100114
20210412,129.7147,129.7147,118.7395,119.34,110952
20210413,118.05,121.1,115.93,118.64,141355
20210414,123.27,135.63,122.87,130.815,175250
20210415,132.26,132.26,124.61,126.425,178554
20210416,128.37,130.61,121.52,122.295,108702
20210419,122.93,127.18,118,120.94,105398
20210420,119.93,120.15,106.16,110.43,270376
20210421,105,117,104.53,116.32,156750
20210422,117.23,117.23,109.91,111.29,101945
20210423,110.65,116.2465,109.015,114.85,70303
20210426,113.7,119.5,113.7,117.55,65959
20210427,119.89,124.88,118.25,123.7,76728
20210428,125.56,139.621,125.56,137.32,238563
20210429,144.85,148.32,137.1606,141.48,183869
20210430,134.32,143.68,131,131.09,118387
20210503,136.57,145.04,135.89,144.1583,141901
20210504,144.25,147.985,137.51,143.9,159581
20210505,150,159.91,144.6486,158.4,322785
20210506,159.7,159.89,147.42,159.89,142328
20210507,155,170.25,153,169.18,222306
20210510,174.8,183,167.66,167.66,262926
20210511,155,160.08,146.25,151.46,320502
20210512,158,168.5226,152,154.33,300450
20210513,149.4,157.47,139.6689,145.49,161665
20210514,151,164.26,150.98,162.15,172061
20210517,160.67,173.6899,159.52,173.6899,136395
20210518,172.33,176.3315,161.77,162.7702,182777
20210519,150.7,156.785,143.81,150.52,256401
20210520,151.7185,151.7185,143.15,148.23,238765
20210521,155.08,157.39,148.96,149.382,119404
20210524,153.64,155.5,147.3681,154.71,125614
20210525,153.06,154.98,144.705,145.5,176239
20210526,146,152.5,144.4,150.5,92718
20210527,151.74,156.7999,151.565,155.51,117984
20210528,158.46,158.46,152.82,154.86,92991
20210601,164.26,175.17,164.12,174.79,370185
20210602,177.93,186.64,170,183.815,220702
20210603,182.14,189.76,178.5501,185.11,171422
20210604,189.83,192.005,181.08,189,137893
20210607,189.67,193.1899,187.19,188.44,75921
20210608,186.47,193.8299,177.81,192,164545
20210609,193.01,196.16,185.87,186,160010
20210610,192,196.44,178.68,184.74,192308
20210611,187.59,190.27,182,182.55,73367
20210614,186.5,189.8484,177.88,181.9049,78304
20210615,185.18,193.51,184.55,190.32,136890
20210616,189.96,194.3,181.5,188.67,233044
20210617,186.28,190.8178,160.4212,167.22,427287
20210618,159.87,164.74,154.68,154.85,217019
20210621,159.65,177.0999,158.95,176.74,221139
20210622,173.78,182.3,169,180,226741
20210623,185.7,193.58,182.86,183.08,209042
20210624,183.55,188.5,179.7,188.02,157147
20210625,190,193.31,186.2312,193.02,191417
20210628,189.93,189.93,168.41,170.5,398758
20210629,174,177.13,166.81,167.68,171628
20210630,171.5,176.4746,170,173.8,159200
20210701,186,188.98,180.7,184.4001,248976
20210702,183.01,186.2099,177,183.48,181681
20210706,183.02,184.44,162.7301,164.01,499414
20210707,163.8,166.81,148,152.29,292936
20210708,143.98,153.72,142,148.92,189899
20210709,156.02,158.15,149,157.2299,124932
20210712,152,160.16,148.55,156.22,116259
20210713,153.48,157.32,149.9401,153.3395,110367
20210714,155.5,160.11,134.44,136.01,262808
20210715,131.1,136.05,127.4,128.7517,192522
20210716,132.9,133,116,116.87,295392
20210719,104.17,108.1699,98.24,102.98,427258
20210720,103.08,110.71,100.3565,107.13,335726
20210721,113.3401,122.8954,113.0706,120.43,313666
20210722,121,121,112.4,116.11,267026
20210723,117.29,117.8,110.2,113.6,167315
20210726,113.11,123.33,112.82,121.25,180235
20210727,119.1,119.1,113.16,117.08,190105
20210728,118.98,125.89,116.35,123.15,93941
20210729,128.48,129.68,123.73,125.5,129710
20210730,123.09,125.0799,117.35,119.6763,155669
20210802,120.8,129.14,115.25,115.35,210015
20210803,113.5,125.52,112.2,125.32,228745
20210804,118.42,121.68,112.34,112.43,410572
20210805,114.9,122.4001,114,117.85,200535
20210806,121.59,124.4,118.63,120.58,140841
20210809,113.78,117.85,112.4442,114.69,190896
20210810,117.3199,121,116.2,120.03,174338
20210811,119,123.8,116.79,123.334,170978
20210812,123.08,125,118.77,123.5701,184838
20210813,122.12,123.27,116.78,117.22,169075
20210816,112.59,112.59,106.88,108.59,189660
20210817,105.54,110.31,102.665,104.66,148456
20210818,105.12,108.01,98,98,231286
20210819,92.36,95.55,85.89,90.1,813949
20210820,87.38,92.599,86.5,90.62,314123
20210823,98.37,102.77,98.19,102.22,402439
20210824,105.59,109.805,104.12,108.59,337341
20210825,108.21,114,105.77,112.12,154786
20210826,109.89,111.47,105.42,106,246505
20210827,110.42,118.8199,110.2247,116.12,272218
20210830,118.1,119.03,111.1,111.1,184229
20210831,109.98,114.07,107.92,110.66,152564
20210901,110.58,111.99,102.75,104.1467,298798
20210902,108,116.3473,107.75,112.62,248662
20210903,112.34,114.855,108.36,110.46,161232
20210907,107.82,113.9499,107.1891,109.15,177780
20210908,111.39,112.8,103.15,103.15,289040
20210909,101.44,109.5,99.3,104.57,252067
20210910,109.51,109.9,102.72,103.78,223871
20210913,108,115.599,108,114.84,563422
20210914,118.36,119.1457,107.29,108.8,336663
20210915,114,122.22,114,122.12,439609
20210916,121,122,116.1231,118.25,144143
20210917,116.31,121.9508,115.11,116.9,262659
20210920,107.44,108.9242,98.0507,103.93,667513
20210921,108.32,109.6673,101.5,105.62,306170
20210922,110.5,120.755,110.295,117.14,534914
20210923,119.98,130.14,116.8,129.32,369906
20210924,126.32,134.93,125.621,132.54,307972
20210927,141.42,149.629,141.42,148.33,334636
20210928,154.11,157.6822,147.501,149.3,411714
20210929,147.7,151.315,142.25,148.94,216129
20210930,147,151,141.61,144.23,400458
20211001,148.22,161.36,147.58,160.71,471895
20211004,167.29,174.89,164.12,169.98,520503
20211005,177.14,184.0499,168.09,175.08,410142
20211006,166.06,173.4,161,172.25,307072
20211007,172.9899,178.5,170.33,175.56,271806
20211008,181,197.83,180.655,196.3,478467
20211011,205.41,207.59,192.43,193.2501,399168
20211012,193.07,200.51,189.42,193.24,283902
20211013,187,194.05,180.24,190.7,266870
20211014,198.08,200.68,189.81,194.93,130155
20211015,200,203.5,193.465,193.8,159350
20211018,200.03,204,190.75,194.27,201541
20211019,197.28,203.98,193.92,201.38,159258
20211020,195.51,208.1143,194.24,207.33,203595
20211021,204.05,208.2315,194.06,199.6,304301
20211022,202.81,207,195.245,205.63,368441
20211025,212.88,220,210.96,214.62,203825
20211026,216.68,220.22,212.009,216.59,166005
20211027,208.24,211.59,192.11,193.74,335132
20211028,191.05,197.1101,189.71,195.47,145807
20211029,197.75,198.8,187.05,190.125,173425
20211101,195.7,201.69,194.4,200.21,154506
20211102,198.35,202,190.14,190.9,215034
20211103,182.85,192.35,180.5,186.88,224801
20211104,195.5,197.39,180.51,185.73,273655
20211105,193,196.59,187.06,194.74,166950
20211108,200,207.6,198.37,201,256546
20211109,200.21,204,193.31,203.79,129398
20211110,200.5,201.9299,182.3,185.61,281708
20211111,186.9,192.17,186.5199,186.89,83963
20211112,183.12,188.2,181.8,186.02,57494
20211115,184.71,193,179.5,188.44,203753
20211116,190,192.4,184.3,186.7,98841
20211117,183.01,188.72,173.3,175.5,217242
20211118,174.7,179.5,166.23,173.01,195510
20211119,161.54,162.9022,149.71,150.98,464124
20211122,151.78,168.99,151.426,161.445,328184
20211123,167.7105,181.6,167.7105,179.4,350987
20211124,175.06,187.45,175.06,183.622,174708
20211126,155,157.12,140.0001,155.32,554065
20211129,167.45,172.39,156.05,158,366535
20211130,147.85,157.36,145.14,148.625,348920
20211201,161.25,165.5,144,144,315659
20211202,141.57,160,137.945,158.25,255463
20211203,166.06,168.16,148.5,152.77,380580
20211206,160.55,166,153.5,160.88,242619
20211207,168.3,180.1539,167,172.15,167724
20211208,175,177.15,169.59,170.86,69716
20211209,167.82,169.43,162.4701,165.87,114738
20211210,171.89,171.89,159.5041,169.33,103445
20211213,164.38,165,151.05,153.87,193130
20211214,149.99,160.2499,149.6506,152.99,112849
20211215,151.01,153.37,139,150.4,333275
20211216,154.22,164.1794,153.4243,153.82,242101
20211217,149.99,152,140.6525,144.9064,252385
20211220,135,139.77,127.5,139.05,293897
20211221,146.42,155,145,154.12,169534
20211222,154,160.27,149.0012,155.69,144827
20211223,159.6,163.7492,155.82,155.89,94053
20211227,154.55,167.21,149.5,167.21,141427
20211228,169.42,173,164.5,167.174,104600
20211229,166.58,169.74,162,164.6,84325
20211230,164.52,169.075,160.45,160.59,57917
20211231,159.3,165.19,158.72,162.31,65824
20220103,162.915,178.91,162.915,178.25,165710
20220104,184.27,201.5,183.645,199.52,474203
20220105,204.7,210.76,194.6,195.762,366097
20220106,209.68,215.02,202.84,212.1999,253585
20220107,213.15,222.66,211.15,221.8436,260430
20220110,220,224.1412,210.04,219.86,144179
20220111,226.34,246.85,221.22,245.7297,243919
20220112,248.08,253.0099,241.146,248.635,154750
20220113,248.82,255.02,242.27,245.325,228960
20220114,247.12,265.49,246.14,265.04,242225
20220118,277.98,279.359,255,269.53,278607
20220119,275.88,277.4808,255.8,264.23,336711
20220120,256.84,275.59,248.37,250.16,296132
20220121,239.64,243.17,223.09,231.76,312331
20220124,212.42,236.5708,198.58,232.8615,312634
20220125,230.61,264.2428,217.7224,261.09,356347
20220126,272.89,276.942,249.16,256.52,264512
20220127,272.38,281,252.67,267.97,396728
20220128,265.66,277.4,248.3179,265.39,268097
20220131,267.39,275.42,250,271.14,238512
20220201,265.39,300.5595,263.55,298.8,315116
20220202,299.15,307.32,284,305.555,214304
20220203,300.16,305.61,286.4,297.08,214162
20220204,307.64,330.8522,307.29,314.295,191375
20220207,309.37,335,301.6737,326.9899,165575
20220208,322.84,323.01,297.03,305.6961,197588
20220209,307.45,322.67,306.26,313.25,111272
20220210,310.46,328.9299,304.08,310.1101,223044
20220211,313.76,343,313.066,340.48,244183
20220214,334.56,334.56,305,315.6,322243
20220215,291.5101,303.56,281.11,298.8,305408
20220216,310.81,321.07,295.7,301.4,230160
20220217,301.78,310.07,293.13,302.96,113967
20220218,290,305.87,289.75,299.14,88307
