Date,Open,High,Low,Close,Volume
20181018,34.09,34.1,33.35,33.36,4425
20181019,33.66,33.66,32.89,32.94,3405
20181022,33.23,33.5,33.07,33.48,4687
20181023,32.71,33.16,32.15,33.06,30761
20181024,32.69,32.69,31.72,31.72,4419
20181025,32.12,32.92,32.03,32.77,19599
20181026,31.46,32.13,31.08,31.45,23188
20181029,31.77,31.82,30.01,30.24,27388
20181030,30.23,31.11,30.23,31.1,36694
20181031,31.78,32.07,31.36,32.06,10837
20181101,31.78,33.26,31.78,33.25,5985
20181102,33.57,33.75,32.94,33.11,7407
20181105,33.04,33.14,32.45,32.87,8534
20181106,33.18,33.18,32.63,32.63,5027
20181107,33.26,34.14,33.05,34.14,34084
20181108,34.09,34.11,33.68,33.71,3823
20181109,33.42,33.63,32.81,32.96,11700
20181112,32.86,32.86,31.92,32.29,8548
20181113,32.25,32.76,31.97,32.23,17935
20181114,32.92,32.92,31.99,31.99,3411
20181115,31.95,32.46,31.9,32.3,4702
20181116,32.32,32.45,31.98,32.32,5463
20181119,32.12,32.12,30.98,30.98,9809
20181120,29.88,30.84,29.41,30.23,21559
20181121,30.73,31.2,30.66,30.75,64493
20181123,30.76,30.99,30.75,30.75,4164
20181126,31.28,31.81,30.98,31.77,28167
20181127,31.67,32.02,31.33,31.91,13138
20181128,31.93,33.25,31.93,33.25,110410
20181129,33.23,33.49,32.86,33.26,22369
20181130,33.19,33.64,33.19,33.55,33603
20181203,35.18,35.18,34.15,34.48,27028
20181204,34.47,34.47,33.15,33.18,9091
20181206,32.27,33.22,32.04,33.22,50095
20181207,33.15,33.43,31.98,31.98,8333
20181210,32.04,32.58,31.99,32.48,13384
20181211,32.64,32.78,32.25,32.25,18114
20181212,32.38,33.31,32.37,33.03,7550
20181213,32.72,32.78,32.18,32.3,13468
20181214,31.74,32.2,31.73,31.74,9683
20181217,31.34,31.5,30.1,30.3,66502
20181218,30.56,30.82,30.32,30.36,6056
20181219,30.84,30.88,29.61,29.74,13577
20181220,29.46,29.7,28.71,29.12,63892
20181221,29.02,29.17,27.7,27.82,23109
20181224,27.63,28.2,27.29,27.35,9649
20181226,28.08,29.43,28.08,29.43,7858
20181227,29.13,29.7,28.71,29.67,23802
20181228,29.87,30.36,29.46,29.8,321034
20181231,30.16,30.2,29.73,29.85,11095
20190102,29.14,30.37,29.14,30.15,14832
20190103,29.69,30.01,29.54,29.54,4665
20190104,30.05,31.25,30.05,31.01,6581
20190107,31.34,32.24,31.21,32.11,39763
20190108,32.63,32.74,32.03,32.62,17307
20190109,32.77,33.2,32.76,33.02,9739
20190110,32.56,32.92,32.36,32.83,8588
20190111,32.7,32.88,32.7,32.83,3032
20190114,32.56,32.76,32.23,32.52,7145
20190115,32.64,33.21,32.64,33.15,10152
20190116,33.28,33.58,33.15,33.38,191220
20190117,33.19,33.71,33.19,33.57,7407
20190118,33.98,34.19,33.75,34,7915
20190122,33.87,33.87,32.66,32.86,5116
20190123,33.16,33.38,32.85,33.04,5447
20190124,32.97,33.59,32.97,33.49,7797
20190125,33.97,34.45,33.97,34.42,5665
20190128,34.07,34.38,33.77,34.35,2419
20190129,34.19,34.25,33.83,33.83,4538
20190130,34.53,34.91,34.28,34.84,6897
20190131,35.09,35.38,35.08,35.36,31653
20190201,34.68,35.09,34.68,34.73,13537
20190204,34.78,34.97,34.61,34.96,11860
20190205,35.12,35.78,35.11,35.57,36973
20190206,35.67,35.67,34.89,35.33,9947
20190207,35.1,35.1,34.31,34.69,16644
20190208,34.48,34.61,34.23,34.57,7666
20190211,34.8,34.84,34.72,34.78,11311
20190212,35.32,35.63,35.19,35.63,6864
20190213,35.63,35.64,35.26,35.31,9974
20190214,35.06,35.31,34.88,35.26,13672
20190215,35.17,35.32,35.12,35.12,6070
20190219,35.14,35.73,35.14,35.6,341433
20190220,35.77,35.86,35.47,35.63,12614
20190221,35.52,35.52,35.04,35.08,2191
20190222,35.64,36.4,35.64,36.4,38397
20190225,36.71,37.1,36.71,36.82,36859
20190226,36.64,37.28,36.64,37.19,10438
20190227,37.21,37.74,37.19,37.59,7136
20190228,37.67,37.68,37.22,37.36,25072
20190301,37.91,38,37.63,37.85,19643
20190304,38.15,38.24,37.24,37.77,33143
20190305,37.86,38.2,37.66,38.01,85156
20190306,38.04,38.04,37.52,37.54,24555
20190307,37.46,37.47,36.41,36.49,47575
20190308,35.95,36.34,35.67,36.34,44969
20190311,36.64,37.44,36.64,37.41,24043
20190312,37.89,37.98,37.68,37.83,24615
20190313,37.91,38.09,37.8,38,37360
20190314,37.78,37.79,37.55,37.57,7675
20190315,37.8,37.97,37.75,37.82,10370
20190318,38.03,38.1,37.78,37.99,7961
20190319,38.31,38.47,37.98,38.03,45779
20190320,37.94,38.35,37.74,38.27,9602
20190321,38.27,38.42,38.25,38.41,16799
20190322,38.2,38.2,37.02,37.02,17377
20190325,36.84,37.52,36.84,37.34,5891
20190326,37.71,37.79,37.32,37.36,6107
20190327,37.65,37.65,36.86,37.04,4664
20190328,37.32,37.43,37.12,37.33,4584
20190329,37.67,37.81,37.62,37.74,11361
20190401,38.06,38.32,38.02,38.14,7333
20190402,38.17,38.28,38.03,38.03,8318
20190403,38.05,38.43,38.05,38.28,30193
20190404,38.17,38.35,37.88,38.22,8708
20190405,38.4,38.4,38.24,38.28,5520
20190408,38.17,38.28,38.17,38.24,12900
20190409,38.09,38.1,37.88,37.88,7507
20190410,38.01,38.11,37.97,38.09,5183
20190411,38.2,38.2,37.88,37.92,14617
20190412,38.19,38.19,37.9,37.94,8082
20190415,37.93,37.93,37.25,37.73,4045
20190416,37.85,38.02,37.79,37.9,1951
20190417,37.78,37.88,37.67,37.78,3670
20190418,37.74,37.85,37.45,37.58,8310
20190422,37.48,37.7,37.41,37.6,8488
20190423,37.63,38.3,37.63,38.3,3878
20190424,38.16,38.41,38.16,38.41,4812
20190425,38.31,38.48,38.01,38.4,5509
20190426,38.56,38.92,38.32,38.89,16540
20190429,38.94,39.08,38.84,39.01,8691
20190430,38.88,38.9,38.47,38.67,7950
20190501,38.88,39.28,38.67,38.67,10732
20190502,38.83,39.01,38.24,38.62,9558
20190503,39.24,39.64,39.24,39.64,18437
20190506,38.36,39.19,38.19,39.14,8111
20190507,38.68,38.94,37.98,38.24,11790
20190508,38.05,38.4,38.05,38.18,5931
20190509,37.78,37.83,37.19,37.76,10055
20190510,37.6,37.6,36.4,37.13,6900
20190513,36.23,36.23,35.61,35.67,21981
20190514,35.95,36.56,35.74,36.47,9514
20190515,36.54,37,36.2,36.89,6884
20190516,37.16,37.58,37.16,37.2,4350
20190517,36.79,36.99,36.66,36.66,10989
20190520,36.32,36.32,35.67,36.08,13601
20190521,36.38,36.71,36.34,36.6,3161
20190522,36.58,36.66,36.3,36.3,4263
20190523,35.8,35.95,35.41,35.66,3631
20190524,36.05,36.14,35.74,35.81,5014
20190528,36.14,36.14,35.9,35.9,9773
20190529,35.87,35.87,35.08,35.36,8274
20190530,35.47,35.58,35.19,35.29,4051
20190531,34.88,34.91,34.62,34.75,10929
20190603,34.61,34.8,34.04,34.19,10746
20190604,34.65,35.18,34.65,35.18,2742
20190605,35.48,35.48,34.8,34.93,4208
20190606,35.25,35.25,35.09,35.17,15310
20190607,35.29,36.17,35.29,35.99,8432
20190610,36.67,37.23,36.52,36.67,19145
20190611,37.05,37.39,36.92,37.16,20389
20190612,36.89,37,36.79,37,8155
20190613,37.22,37.36,37.06,37.12,3206
20190614,36.87,36.87,36.67,36.76,3474
20190617,36.86,37.27,36.86,37.22,4459
20190618,37.46,38.08,37.46,37.57,19906
20190619,37.61,37.83,37.48,37.83,8936
20190620,38.4,38.4,37.51,37.78,14964
20190621,38.01,38.01,37.64,37.64,5536
20190624,37.58,37.67,37.38,37.38,4292
20190625,37.24,37.38,36.66,36.74,8519
20190626,36.78,37.35,36.78,37.2,16114
20190627,37.6,37.65,37.6,37.63,14416
20190628,37.53,37.66,37.45,37.58,1544
20190701,38.13,38.36,37.67,37.78,23980
20190702,37.49,37.56,37.4,37.56,10566
20190703,37.86,37.91,37.78,37.91,4728
20190705,37.72,38.02,37.71,38.02,1577
20190708,37.95,37.95,37.59,37.62,4733
20190709,37.71,38.11,37.71,38.11,2572
20190710,38.33,38.33,37.87,38.11,4391
20190711,38.1,38.1,37.64,37.69,9717
20190712,38.02,38.05,37.83,37.97,14930
20190715,38.11,38.22,37.91,38.22,31759
20190716,38.34,38.34,38.05,38.13,9638
20190717,38.28,38.28,37.82,37.82,12890
20190718,37.84,37.84,37.26,37.59,19242
20190719,37.8,37.9,37.5,37.5,8616
20190722,37.71,37.75,37.47,37.69,7193
20190723,37.91,37.95,37.56,37.9,6811
20190724,37.84,38.37,37.79,38.35,7122
20190725,38.44,38.44,38.14,38.18,18772
20190726,38.18,38.24,37.94,38.17,6969
20190729,38.06,38.06,37.69,37.92,3572
20190730,37.56,37.68,37.46,37.54,17943
20190731,37.54,37.63,36.5,36.9,10178
20190801,37.06,37.49,36.24,36.38,9881
20190802,36.19,36.24,35.74,35.85,12906
20190805,35.22,35.22,34.27,34.49,14827
20190806,34.74,35.07,34.37,34.61,34841
20190807,34.26,34.44,33.75,34.4,23775
20190808,34.8,35.41,34.73,35.41,15237
20190809,35.3,35.3,34.64,34.73,11312
20190812,34.36,34.36,34.05,34.09,2419
20190813,34.44,35.12,34.44,34.8,3710
20190814,34.04,34.09,33.42,33.5,33032
20190815,33.55,33.91,33.28,33.56,18529
20190816,33.78,34.28,33.78,34.27,22293
20190819,34.76,34.86,34.59,34.79,15816
20190820,34.56,34.74,34.56,34.66,13206
20190821,34.91,35.15,34.91,35.01,15234
20190822,34.98,35.25,34.36,34.56,12346
20190823,34.21,34.24,33.31,33.31,16493
20190826,33.65,33.7,33.33,33.51,15807
20190827,33.75,33.79,33.04,33.14,6362
20190828,32.95,33.52,32.95,33.52,5346
20190829,34,34.14,33.98,34.08,11438
20190830,34.26,34.26,33.96,33.98,1247
20190903,33.84,33.84,33.34,33.34,3978
20190904,33.78,34.08,33.78,34.01,12049
20190905,34.45,34.81,34.45,34.78,4535
20190906,34.8,34.87,34.5,34.5,3727
20190909,34.59,35.24,34.59,35.2,6033
20190910,35.05,35.24,34.81,35.24,1852
20190911,35.24,35.73,35.24,35.73,1954
20190912,35.82,35.95,35.57,35.9,9122
20190913,36,36.02,35.84,35.92,3069
20190916,35.71,35.89,35.66,35.89,3474
20190917,35.74,35.78,35.62,35.78,6334
20190918,35.66,35.67,35.04,35.45,17287
20190919,35.45,35.68,35.06,35.08,9300
20190920,35.1,35.2,34.7,34.91,13910
20190923,34.7,34.85,34.53,34.55,5584
20190924,34.59,34.61,33.43,33.51,42310
20190925,33.62,34.02,33.36,33.99,13392
20190926,33.94,33.94,33.47,33.61,6709
20190927,33.69,33.82,32.87,32.87,12590
20190930,33.25,33.46,33.05,33.31,22375
20191001,33.49,33.49,33.07,33.09,4230
20191002,32.71,32.71,32.19,32.42,16563
20191003,32.31,32.94,31.91,32.94,4113
20191004,33.07,33.42,33.07,33.42,283
20191007,33.3,33.56,33.23,33.24,4494
20191008,33.08,33.08,32.69,32.83,10290
20191009,32.87,32.96,32.86,32.96,2540
20191010,32.73,33.12,32.73,33.07,2258
20191011,33.69,34.16,33.69,34.04,10356
20191014,33.77,33.77,33.31,33.52,2243
20191015,33.67,34.24,33.67,34.16,2776
20191016,34.31,34.31,34.17,34.18,2054
20191017,34.37,34.73,34.37,34.7,2301
20191018,34.36,34.36,33.65,33.93,4600
20191021,34.1,34.48,34.1,34.39,2780
20191022,34.58,34.66,34.54,34.54,2160
20191023,34.44,34.59,34.4,34.5,1338
20191024,34.73,34.76,34.51,34.76,21814
20191025,34.55,35.31,34.46,35.22,7769
20191028,35.44,35.53,35.23,35.41,21618
20191029,34.68,34.68,34.13,34.13,14617
20191030,34,34.32,34,34.3,19728
20191031,34.01,34.01,33.36,33.44,8366
20191101,33.53,33.69,33.46,33.46,10219
20191104,33.73,34.11,33.73,34,7505
20191105,34,34.25,34,34.1,9649
20191106,34.06,34.08,33.8,33.8,20698
20191107,34.09,34.25,33.9,33.92,5952
20191108,34.04,34.3,34.04,34.1,7713
20191111,34,34.07,33.93,33.98,9653
20191112,34.08,34.29,34.08,34.18,1767
20191113,33.78,33.82,33.74,33.74,1455
20191114,33.61,33.93,33.61,33.87,5045
20191115,34.22,34.27,34.22,34.23,1143
20191118,34.26,34.29,34.14,34.14,3221
20191119,34.17,34.18,33.8,33.98,3510
20191120,33.56,33.69,33.23,33.31,6787
20191121,33.26,33.34,33.25,33.28,4769
20191122,33.54,33.84,33.54,33.8,1256
20191125,34.17,34.49,34.13,34.48,5841
20191126,34.54,34.78,34.41,34.74,12004
20191127,35,35.27,34.94,35.27,32883
20191129,35.37,35.37,34.87,34.9,19582
20191202,35.04,35.04,34.06,34.44,24412
20191203,34.06,34.39,33.74,34.39,14313
20191204,34.39,34.43,34.05,34.11,6793
20191205,34.06,34.32,34.01,34.14,6898
20191206,34.4,34.63,34.4,34.56,28633
20191209,34.58,34.78,34.49,34.49,7399
20191210,34.45,34.84,34.45,34.61,9135
20191211,34.78,34.91,34.65,34.83,10974
20191212,34.97,35.37,34.92,35.27,14130
20191213,35.21,35.6,35.01,35.01,18178
20191216,35.21,35.37,35.07,35.32,19160
20191217,35.37,35.37,34.87,35.21,17161
20191218,35.25,35.41,35.21,35.21,5323
20191219,35.24,35.37,35.2,35.28,6449
20191220,35.52,35.61,35.31,35.49,13338
20191223,35.47,35.69,35.47,35.63,76298
20191224,35.77,35.82,35.64,35.73,6438
20191226,35.75,36.34,35.75,36.29,8599
20191227,36.52,36.52,36.21,36.21,14132
20191230,36.37,36.37,35.72,35.72,79084
20191231,35.62,35.94,35.62,35.87,19821
20200102,36.08,36.51,36.08,36.28,15220
20200103,35.77,36.18,35.77,36.15,13511
20200106,35.83,36.37,35.83,36.37,7229
20200107,36.49,36.59,36.3,36.49,11401
20200108,36.53,36.86,36.27,36.58,9151
20200109,36.64,36.93,36.64,36.79,4794
20200110,36.79,36.79,36.5,36.74,8468
20200113,37.02,37.69,36.95,37.65,11713
20200114,37.65,37.85,37.32,37.66,8187
20200115,37.67,37.93,37.67,37.69,8245
20200116,37.95,38.27,37.95,38.27,15503
20200117,38.48,38.48,38.18,38.32,4519
20200121,38.21,38.42,37.92,38.42,11850
20200122,38.5,38.69,38.15,38.19,7326
20200123,37.96,38,37.76,37.95,4259
20200124,37.95,38.13,37.03,37.34,9447
20200127,36.27,36.88,36,36.7,13047
20200128,37.02,37.28,36.84,37.25,9457
20200129,37.46,37.46,37.05,37.06,11403
20200130,36.58,37.09,36.58,37.09,4610
20200131,37.95,37.95,36.8,36.87,25508
20200203,37.13,37.42,37.03,37.31,7837
20200204,37.99,38.34,37.94,38.29,21857
20200205,38.48,38.49,38.05,38.3,5865
20200206,38.34,38.63,38.27,38.42,6128
20200207,38.24,38.28,37.81,37.95,7861
20200210,37.85,38.41,37.85,38.39,4202
20200211,38.64,39.14,38.64,38.8,8088
20200212,38.96,39.53,38.96,39.49,13944
20200213,39.25,39.25,38.77,39.04,12607
20200214,39.18,39.18,38.82,38.93,3909
20200218,38.86,39.38,38.86,39.38,3474
20200219,39.17,39.36,38.83,39.08,11803
20200220,39.54,40.56,39.54,40.37,33285
20200221,40.17,40.32,39.52,40.01,19459
20200224,38.14,38.83,37.95,38.37,13537
20200225,38.51,38.67,37.13,37.28,38320
20200226,37.86,37.89,36.87,36.87,3339
20200227,36.57,37.26,35.54,36.18,16872
20200228,34.64,36.1,34.64,36.1,8356
20200302,36.63,36.63,35.64,36.36,3899
20200303,36.63,36.89,35.39,35.93,13530
20200304,36.6,36.69,36.13,36.66,6197
20200305,36.25,36.37,36.12,36.29,2852
20200306,35.48,35.93,35.1,35.63,4591
20200309,34.53,34.53,33.36,33.76,11464
20200310,34.33,34.39,33.12,34.16,8622
20200311,33.56,33.56,31.93,32.3,10563
20200312,30.08,30.92,29.14,29.47,26010
20200313,31.43,31.43,29.3,30.94,61754
20200316,31.37,31.37,28.23,28.62,33634
20200317,29.66,30.71,28.13,30.18,31150
20200318,29.57,29.81,28.18,29.27,22940
20200319,29.12,30.67,29.01,30.06,26891
20200320,30.83,31.1,29.34,29.39,11046
20200323,29.13,29.83,28.52,29.81,25145
20200324,32.14,32.14,30.71,31.36,50410
20200325,32.36,32.64,31.09,31.75,87053
20200326,31.89,32.84,31.64,32.84,27706
20200327,32.47,32.5,31.69,32.32,21125
20200330,32.01,32.8,31.81,32.76,29449
20200331,32.95,33.48,32.56,32.82,24389
20200401,32.02,32.15,31.27,31.48,25353
20200402,31.33,31.87,30.74,31.12,27392
20200403,31.42,31.42,30.45,30.85,13590
20200406,32.57,33.64,32.48,33.64,18480
20200407,35,35.11,34.06,34.56,508284
20200408,34.64,35.62,34.53,35.55,23658
20200409,35.79,36.89,35.79,36.32,43570
20200413,35.94,36.73,35.75,36.6,63139
20200414,37.34,38.28,37.34,37.96,36367
20200415,37.5,38.19,36.95,37.93,33198
20200416,38.45,39.23,38.15,38.95,148171
20200417,39.61,39.61,38.64,39.34,188991
20200420,39.34,40.64,39.26,39.98,91096
20200421,39.56,39.62,38.17,38.93,39081
20200422,40.39,40.39,39.36,39.9,57450
20200423,40.17,40.36,39.77,39.96,82678
20200424,40.36,41.25,40.28,41.05,44424
20200427,42.07,42.47,41.38,42.23,197123
20200428,43.01,43.01,41.07,41.59,89403
20200429,42.28,42.84,41.74,42.53,118774
20200430,42.81,42.81,41.68,42.18,68887
20200501,41.01,41.01,39.76,40.44,78567
20200504,39.75,40.64,39.63,40.5,28686
20200505,41.79,42.51,41.79,42.1,103857
20200506,42.92,42.97,42.1,42.87,42373
20200507,43.55,43.55,42.7,42.93,39894
20200508,43.75,44.57,43.15,44.46,75861
20200511,44.5,44.84,44.24,44.67,64351
20200512,44.83,46.24,44.35,44.7,167015
20200513,45.14,45.24,43.37,44.41,88668
20200514,43.76,44.3,43.16,44.25,48137
20200515,44.11,45,43.79,44.96,32944
20200518,46.08,46.08,45.29,45.59,147464
20200519,45.88,46.49,45.6,45.6,82146
20200520,46.46,46.47,45.24,45.99,79749
20200521,45.99,45.99,44.93,45.42,41611
20200522,45.38,45.66,44.86,45.62,51132
20200526,46.77,46.77,45.51,45.6,49090
20200527,45.91,45.91,43.79,45.22,74516
20200528,45.14,46.04,44.94,45.24,43313
20200529,45.49,46.71,45.32,46.64,94259
20200601,46.82,47.21,46.55,46.98,33323
20200602,47.26,48.03,47.16,47.98,67422
20200603,48.46,48.49,47.92,48.36,71520
20200604,48.28,49.06,47.84,48.22,80961
20200605,48.81,49.12,48.45,48.63,74213
20200608,49.18,49.19,48.74,49.13,68207
20200609,49.05,49.72,48.82,49.37,60980
20200610,50.34,50.34,49.25,49.55,72735
20200611,48.69,49.24,47.35,47.48,202987
20200612,48.87,49.01,46.75,47.76,80193
20200615,47.33,48.95,46.85,48.72,79179
20200616,50.28,50.28,48.93,49.82,102175
20200617,50.59,50.59,50.14,50.32,67212
20200618,50.26,50.75,49.95,50.1,50098
20200619,50.83,51.01,50.31,50.48,66666
20200622,50.94,51.03,50.46,51.02,39521
20200623,51.85,52,51.33,51.53,96187
20200624,51.58,51.82,50.09,50.71,79577
20200625,50.65,50.96,50.16,50.95,74392
20200626,51.39,51.39,50.09,50.11,45163
20200629,50.53,50.53,49.35,50.29,51756
20200630,50.57,51.01,50.4,50.92,102465
20200701,51,52.72,51,52.5,143023
20200702,53.69,53.89,53.02,53.51,105253
20200706,55,56.05,54.88,55.56,155591
20200707,55.65,56.23,55.06,55.5,104630
20200708,56.2,56.94,55.7,56.88,162102
20200709,57.62,58.05,56.68,57.98,165219
20200710,57.9,57.9,56.92,57.83,156338
20200713,58.18,58.77,55.27,55.48,192174
20200714,55.1,55.67,53.25,55.35,119972
20200715,56.02,56.02,54.63,55.75,130336
20200716,55.12,56.02,54.71,55.86,39290
20200717,56.27,56.39,55.37,55.64,62247
20200720,56.3,57.69,56.07,57.55,78134
20200721,58.7,58.7,56.79,57.31,83938
20200722,57.35,57.35,56.39,56.84,61311
20200723,57.07,57.16,54.97,55.6,115389
20200724,54.39,55.5,53.72,55.22,49985
20200727,55.51,57.13,55.51,56.9,60712
20200728,57.25,57.31,56.43,56.43,33918
20200729,57.1,58.38,56.97,58.19,58805
20200730,58.33,59.74,57.88,59.48,105248
20200731,61.03,61.07,59.88,60.63,233511
20200803,61.36,62.58,61.23,62.38,206155
20200804,62.49,63.21,62.14,62.94,157190
20200805,63.3,65.23,63.11,65.1,137191
20200806,65.18,65.36,63.7,64.42,103464
20200807,64.56,66.09,63.85,64.84,150753
20200810,65.04,65.67,63.05,63.78,138158
20200811,63.58,64.06,62.1,62.19,111416
20200812,62.56,63.19,62.39,62.73,77852
20200813,62.95,64.49,62.83,63.79,121877
20200814,64.39,64.39,62.9,63.43,60024
20200817,64.41,65.37,63.86,65.2,95364
20200818,65.58,66.79,65.24,66.61,112932
20200819,66.55,67.43,66.18,66.62,148672
20200820,66.8,66.8,66.18,66.56,100293
20200821,66.19,66.9,65.89,66.59,69708
20200824,67.89,67.93,66.08,67.11,170230
20200825,67.2,67.34,66,67.27,108587
20200826,67.73,68.2,67.36,67.91,147340
20200827,68.04,68.33,65.61,66.18,134142
20200828,66.34,67.15,65.88,65.98,92160
20200831,66.01,66.01,64.9,65.46,154109
20200901,65.54,67.13,65.54,67.12,92923
20200902,68.01,68.01,65.8,66.96,120806
20200903,66.22,66.22,62.51,63.28,215356
20200904,62.91,63.39,58.59,61.99,337446
20200908,59.8,61.85,59.68,60.05,136427
20200909,61.28,62.22,60.71,61.94,144464
20200910,62.82,63.82,60.83,60.95,120633
20200911,61.7,61.93,59.37,59.89,75960
20200914,60.61,61.18,60.21,60.81,126596
20200915,61.73,61.83,60.34,61.03,103123
20200916,61.69,61.78,60.72,60.82,36708
20200917,59.66,60.01,59,59.92,97622
20200918,60.65,60.65,59.06,60.23,45639
20200921,58.9,60.46,58.65,60.46,111806
20200922,61.2,62.53,60.33,62.46,94098
20200923,62.28,62.28,60.14,60.46,56863
20200924,59.6,60.95,59.09,60.11,78120
20200925,59.99,61.33,59.85,61.22,42623
20200928,62.12,62.7,61.77,62.67,51427
20200929,62.9,62.9,62.07,62.15,72878
20200930,62.75,63.26,61.89,62.22,85519
20201001,63.38,64.32,62.94,64.32,112823
20201002,62.23,63.81,62.23,63.15,129401
20201005,63.65,64.62,63.62,64.5,90257
20201006,64.53,64.93,63.21,63.32,84578
20201007,64.33,65.41,64.33,65.34,85611
20201008,65.66,66.01,65.11,65.39,55818
20201009,65.95,66.87,65.95,66.76,104704
20201012,68.05,69.07,67.49,68.5,201336
20201013,68.73,69.82,68.05,69.56,177629
20201014,70.19,70.19,68.12,68.4,1169973
20201015,66.77,68.37,66.48,68.24,166675
20201016,69.09,69.51,67.98,67.98,140141
20201019,68.91,69.12,67.1,67.38,183925
20201020,67.55,68.61,67.47,67.63,2246701
20201021,68.14,68.14,66.1,66.29,174747
20201022,66.23,66.76,65.22,66.29,74304
20201023,66.88,66.99,65.83,66.99,80067
20201026,66.58,67.62,65.11,66.37,215859
20201027,66.97,68.26,66.82,68.13,108380
20201028,67.4,67.55,66.34,67.02,123289
20201029,67.1,67.36,66.03,66.03,104914
20201030,65.37,65.37,62.55,63.01,150360
20201102,63.6,64.01,62.67,63.53,84808
20201103,63.61,64.69,62.58,64.47,141877
20201104,65.92,66.9,65.8,66.53,93405
20201105,68.21,70.04,67.67,69.58,232242
20201106,69.54,70.12,68.56,70.1,84614
20201109,70.15,70.15,64.85,64.91,350371
20201110,64.39,64.39,61.2,62.47,260630
20201111,62.83,64.99,62.81,64.84,80766
20201112,65.53,65.97,64.42,64.62,107704
20201113,65.67,65.98,64.79,65.58,64751
20201116,65.36,65.63,64.44,65.36,149503
20201117,65.73,65.86,64.82,65.63,72054
20201118,65.52,65.72,64.88,65.13,233951
20201119,65.4,66.55,65.36,66.45,72126
20201120,66.98,68.31,66.98,67.98,127761
20201123,68.51,70.01,68.41,69.74,122672
20201124,70.39,70.43,69.37,70.18,68864
20201125,70.25,71.47,70.07,71.33,96996
20201127,72.24,73.17,71.82,73.16,185966
20201130,73.24,73.29,70.22,72.07,218712
20201201,73.05,73.05,71.04,71.82,115032
20201202,71.76,71.76,70.42,71.52,84702
20201203,71.84,72.13,71.48,71.6,81601
20201204,72.11,72.11,71.34,71.68,93641
20201207,71.77,72.12,70.91,71.1,125195
20201208,71.89,72.81,71.81,72.65,79681
20201209,73.31,73.81,71.43,71.92,114190
20201210,71.59,73.01,71.48,72.91,94422
20201211,72.94,73.65,72.16,73.12,74163
20201214,73.76,74.21,73.27,73.36,72224
20201215,74.15,74.85,73.61,74.84,79099
20201216,74.96,76.69,74.69,76.58,144236
20201217,77.37,78.18,76.92,78.07,123526
20201218,78.59,78.62,77.44,78.06,98612
20201221,77.93,78.85,77.27,78.65,96842
20201222,79.33,79.64,78.04,79.1,170571
20201223,79.67,79.67,78.33,78.4,70273
20201224,77.78,78.202,77.045,77.6801,118024
20201228,78.41,78.5,75.705,76.38,135234
20201229,76.83,77.28,75.62,76.56,83661
20201230,77,77.8499,76.9501,77.43,71995
20201231,77.41,77.55,75.5,75.83,61401
20210104,76.16,76.16,73.72,74.94,123567
20210105,74.42,77.5196,74.42,77.5,85371
20210106,76.02,77.76,75.95,76.2899,89786
20210107,77.11,77.72,76.5717,77.02,67722
20210108,77.69,78.83,77.11,78.04,127589
20210111,77.07,78.22,75.96,77.73,282354
20210112,77.81,81.03,77.81,80.69,151305
20210113,81,81.66,80.01,80.95,79997
20210114,81.5,83.3,81.42,82.78,100864
20210115,82.81,82.81,79.69,80.785,77746
20210119,81.52,82.8,81.19,82.78,85056
20210120,83.99,84.72,82.79,83.72,82184
20210121,84.54,84.86,83.64,84.3,132950
20210122,83.99,85.92,83.7201,85.9,87460
20210125,87.13,88.27,84.2,85.28,233466
20210126,86.3,86.56,85.6,86.52,87691
20210127,85.09,86.9799,84.24,84.86,106517
20210128,85.39,85.715,83.5301,84.46,97626
20210129,84.06,84.8,82.18,82.74,100217
20210201,84.18,85.18,82.671,85,81209
20210202,86.6,86.6,84.62,85.1,104857
20210203,86.41,87.36,86.02,86.18,129733
20210204,87.38,87.78,86.42,87.75,103761
20210205,89.27,89.91,88.42,89.6725,169758
20210208,90.7,90.775,89.13,89.86,86629
20210209,90.06,91.24,89.9444,90.4547,144711
20210210,91.34,91.36,88.51,89.99,84639
20210211,90.69,92.54,90.48,91.72,96793
20210212,91.36,92.76,90.91,92.51,90818
20210216,93.33,93.45,91.1353,91.84,170197
20210217,91.12,91.72,89.47,91.45,93292
20210218,89.43,89.9939,88.086,89.68,67179
20210219,90.56,91.57,90.32,90.56,126513
20210222,89.14,89.26,87.36,87.56,88609
20210223,84.8,86.14,80.3711,85.8,316058
20210224,85.68,85.68,83.275,84.85,104939
20210225,84.38,86.13,81,81.395,204499
20210226,82.59,84.14,80.87,82.92,191909
20210301,84.35,86.63,83.85,86.52,82140
20210302,86.58,86.765,84.14,84.24,93448
20210303,84.48,84.48,80.13,80.8,154343
20210304,80.31,80.9,76.04,78.35,289557
20210305,79.11,79.11,73.97,78.88,180909
20210308,78.45,80.2303,77,77.07,121341
20210309,78.52,80.46,78.52,80.02,261131
20210310,81.48,81.88,79.283,79.7809,108644
20210311,81.41,82.94,81.35,82.94,70319
20210312,81.4,82.13,80.41,82.01,78724
20210315,81.87,82.491,81.0883,82.49,56481
20210316,82.82,83.01,80.78,81.57,73309
20210317,80.34,83.55,79.98,82.7309,75199
20210318,82.28,82.7799,80.51,80.69,78828
20210319,81.1,82.515,80.6,82.04,76345
20210322,82.38,82.91,81.63,82.54,63246
20210323,82.23,83.12,81,81.25,62986
20210324,81.8,81.8,76.65,76.74,102989
20210325,75.33,77.23,75.15,76.504,84638
20210326,76.61,77.7874,75.1625,77.74,73343
20210329,77.5,78.139,76.36,76.86,52396
20210330,76.39,77.6351,75.93,77.19,39540
20210331,78.19,79.3117,78.19,78.5,38134
20210401,79.76,80.36,78.97,79.47,51804
20210405,80.28,80.28,78.3756,79.34,71808
20210406,79.39,80.62,79.23,80.11,43149
20210407,80.05,80.3799,79.2,79.38,40149
20210408,80.04,80.3099,79.5611,80.16,97560
20210409,79.87,80.79,79.71,80.77,37528
20210412,80.86,81.5,80.4876,81.49,30022
20210413,81.7,82.86,81.7,82.56,49153
20210414,82.73,83.1,81.37,81.55,42047
20210415,82.06,82.63,81.2157,81.81,34792
20210416,81.9,81.9,80.6111,81.52,39533
20210419,81.06,81.35,79.585,79.94,48079
20210420,79.74,79.74,77.5,78.03,37846
20210421,77.9,78.99,77.44,78.99,39192
20210422,78.91,79.9579,78.41,78.64,37658
20210423,78.86,80.075,78.86,79.94,25731
20210426,79.86,80.77,79.58,80.73,45923
20210427,81.06,81.41,80.78,81.07,173960
20210428,81.03,82.08,80.43,81.75,46030
20210429,82.82,82.82,80.55,81.4,53290
20210430,81.26,81.87,80.51,80.66,28548
20210503,80.9,81.39,79.91,79.99,58512
20210504,79.14,79.4,77.36,78.47,58212
20210505,78.91,79.2938,77.59,77.77,346802
20210506,77.16,77.164,75.5988,76.33,90873
20210507,77,78.44,77,77.49,70176
20210510,76.85,76.97,74.6099,74.66,417204
20210511,72.24,74.94,71.87,74.76,58324
20210512,73.9,74.3,71.75,71.87,80796
20210513,72.06,72.4537,69.43,70.59,114375
20210514,71.33,72.9094,71.33,72.85,44448
20210517,72.62,73.22,72.2701,73.21,81113
20210518,73.86,75,73.64,73.86,67110
20210519,72.35,73.31,71.97,73.31,50555
20210520,73.6,74.8157,73.6,74.61,42174
20210521,74.96,74.96,73.825,73.825,42766
20210524,74.41,75.295,73.9338,74.94,29934
20210525,75.51,76.24,74.76,74.8,26100
20210526,75.42,76.28,75.42,76.01,27474
20210527,76.19,76.3762,75.44,75.95,38228
20210528,76.24,76.595,75.7005,75.735,16648
20210601,76.69,77.18,76.2,76.92,48733
20210602,77.06,79.39,76.445,79.34,58705
20210603,78.03,78.34,76.6,76.65,299124
20210604,77.06,77.2813,76.62,76.78,32447
20210607,76.9,77.7338,76.61,77.6,20093
20210608,78.37,79.16,78.111,79.16,37840
20210609,79.39,79.965,78.725,78.795,33748
20210610,79.02,79.3615,78.5,78.88,46827
20210611,79,79.3701,78.725,79.13,14329
20210614,79.16,79.35,78.84,79.26,36868
20210615,79.5,79.5,77.89,78.21,61604
20210616,78.28,78.69,77.4899,78.46,28642
20210617,78.29,79.45,78.29,79.33,22805
20210618,78.77,79.3,78.05,78.55,20502
20210621,78.47,78.96,77.511,78.75,35704
20210622,78.56,79.8705,78.54,79.64,32085
20210623,79.73,80.7375,79.73,80.46,32058
20210624,80.88,82.03,80.87,81.59,44817
20210625,82,82.28,81.5,81.84,49185
20210628,82.24,82.61,82.01,82.51,29608
20210629,82.48,82.67,81.78,82.58,26804
20210630,82.17,82.17,80.82,80.82,296680
20210701,80.61,80.61,78.5,79.37,225279
20210702,79.46,79.46,77.9781,79.01,39608
20210706,79.01,80.4676,78.43,80.1,42110
20210707,80.82,86.23,80.46,84.67,160508
20210708,81.13,82.235,79.01,81.22,89135
20210709,82.39,84.3925,82.39,83.535,47725
20210712,83.71,83.77,81.8,82.27,515428
20210713,82.15,82.99,80.91,80.94,77919
20210714,81.72,81.9101,78.96,78.96,53679
20210715,79.13,79.57,77.12,77.915,123570
20210716,78.31,78.5636,77.35,77.42,20580
20210719,76.03,76.95,75.25,76.54,70968
20210720,76.91,78.46,76.4,78.12,29469
20210721,78.24,79.0536,78.24,78.94,27290
20210722,79.05,79.3319,78.606,79.03,22639
20210723,78.75,78.78,77.62,78.52,22116
20210726,77.54,78.54,77.1525,77.33,34586
20210727,76.66,76.67,74.2601,75.56,53031
20210728,76.38,76.8,75.92,76.35,44872
20210729,77.02,77.02,75.89,76.02,49033
20210730,73.83,74.3786,72.6,72.76,59695
20210802,73.13,73.92,72.81,73.26,57532
20210803,73.18,73.23,72.1675,73.22,63905
20210804,73.07,73.8716,73.07,73.105,22892
20210805,72.82,73.68,72.598,73.55,33130
20210806,73.53,73.66,72.05,72.42,24826
20210809,72.39,73.14,72.01,72.81,31618
20210810,73.07,73.18,72.38,72.73,34659
20210811,72.82,72.82,71.8908,72.4601,31329
20210812,72.2,72.37,71.6501,72.2622,35934
20210813,71.54,71.6,71.01,71.6,129447
20210816,70.95,71,69.49,70.09,62215
20210817,69.09,69.67,68.2052,68.48,61237
20210818,68.53,69.175,68.1301,68.18,35540
20210819,67.21,67.67,66.185,66.38,94570
20210820,66.64,67.3999,66.3732,66.66,43885
20210823,67,67.8582,66.75,67.7599,58707
20210824,68.63,70.28,68.63,70.08,39712
20210825,69.75,69.8796,69.19,69.8,47612
20210826,69.65,70.065,69.2392,69.61,24030
20210827,69.52,70.0446,69.1694,69.92,32049
20210830,70.1,71.3068,69.92,71.11,32948
20210831,71.43,71.66,70.99,71.39,34935
20210901,71.6,72.99,71.6,72.25,35932
20210902,72.3,72.355,71.42,71.425,35373
20210903,71.11,71.4568,70.81,71.26,26112
20210907,71.69,72.24,71.69,71.78,29461
20210908,71.64,71.64,70.265,70.77,17635
20210909,70.43,71.03,70.12,70.46,20796
20210910,71.07,71.29,69.95,69.99,23539
20210913,70.08,70.08,68.82,69.64,35422
20210914,69.55,69.58,68.35,68.6,29268
20210915,68.52,69.22,67.95,69.14,117073
20210916,68.79,69.68,68.79,69.52,36657
20210917,69.86,70.169,69.53,69.92,17726
20210920,67.93,68.538,66.76,67.79,168140
20210921,68.1,68.29,67.35,67.35,71083
20210922,67.75,68.725,67.75,68.53,27543
20210923,68.66,69.23,68.46,69.1,29541
20210924,68.41,68.59,68.06,68.57,18159
20210927,68.09,69.25,68.09,69.16,28105
20210928,68.48,68.81,66.9019,67.34,34613
20210929,67.42,67.63,66.26,66.27,23625
20210930,66.46,66.515,65.3507,65.64,44700
20211001,65.82,65.82,64.7201,65.44,29436
20211004,65.02,65.02,63.21,63.53,73251
20211005,63.73,64.9384,63.73,64.0905,31695
20211006,63.37,64.72,63.37,64.3903,26663
20211007,65.55,66.85,65.55,66.2,40032
20211008,66.55,66.8,66.11,66.1659,31240
20211011,66.39,66.41,65.02,65.02,30329
20211012,65.41,65.81,65.13,65.3034,38727
20211013,65.65,66.61,65.65,66.53,27760
20211014,67.03,67.38,66.63,66.87,52583
20211015,67.23,67.9614,67.1316,67.62,34710
20211018,67.12,68.39,67.12,68.28,50002
20211019,68.77,69.5,68.5248,69.2501,28796
20211020,69.68,69.94,69.21,69.58,137954
20211021,69.34,70.1668,69.34,70,73347
20211022,69.78,70.02,68.59,68.87,31777
20211025,68.83,69.69,68.48,69.57,43252
20211026,69.73,69.79,68.5,68.61,290013
20211027,68.25,68.889,67.385,67.385,32201
20211028,67.4,68.9201,67.3,68.81,31653
20211029,67.55,68.19,67.3,68.17,32124
20211101,68.21,68.85,68.21,68.75,28509
20211102,68.43,68.45,67.65,68.06,53028
20211103,68.09,69.72,68.09,69.56,45138
20211104,69.31,70.34,69.16,69.62,34707
20211105,69.97,70.4,69.5391,69.67,33077
20211108,70.06,70.54,69.68,69.745,29595
20211109,69.98,70.77,69.6026,70.55,63844
20211110,70.22,70.89,68.73,69.16,48241
20211111,69.79,70.78,69.79,69.98,38814
20211112,70.31,71.4401,69.83,71.43,21031
20211115,71.6,72.1,71.0799,71.35,38138
20211116,71.17,71.77,71.0423,71.6932,49234
20211117,71.62,71.62,70.09,70.15,770452
20211118,69.72,69.87,68.822,69.59,50195
20211119,69.58,70.28,68.74,68.74,44976
20211122,68.79,69.07,66.24,66.805,115741
20211123,66.78,66.965,64.835,65.53,52848
20211124,65,66.48,64.65,66.41,47304
20211126,65.46,66.0502,64.7991,65.5,28208
20211129,66,66,64.6101,65.15,69775
20211130,65.02,65.06,62.5,63.33,56113
20211201,64.31,64.31,60.51,60.51,80502
20211202,60.54,61.1812,59.79,60.5337,97721
20211203,60.25,60.51,57.59,58.34,77617
20211206,58.14,60.05,57.1711,59.49,106552
20211207,60.97,62.0747,60.97,61.53,95086
20211208,61.01,62.185,60.57,61.55,70437
20211209,61.56,62.11,60.071,60.16,46775
20211210,60.29,60.3571,58.29,58.65,130476
20211213,58.5,58.56,56.81,57.63,89343
20211214,56.59,57.85,56.56,57.36,84187
20211215,57.08,57.8039,55.15,57.55,98758
20211216,57.83,58,55.394,55.75,112951
20211217,55.2,56.8977,54.59,56.54,88530
20211220,55.23,55.67,54.6607,55.21,97878
20211221,55.94,57.39,55.94,57.33,83875
20211222,56.73,57.239,56.52,57.05,58188
20211223,56.87,57.7471,56.492,57.5,106873
20211227,57.44,57.97,57.13,57.27,109335
20211228,57.15,57.6,56.62,56.63,74714
20211229,56.51,56.51,55.41,55.88,54240
20211230,55.86,58.23,55.86,57.5661,78291
20211231,57.32,57.845,56.7,56.72,70000
20220103,57.03,57.7409,56.57,57.41,150780
20220104,57.23,57.23,54.95,55.57,48698
20220105,55.14,55.96,53.65,53.71,82237
20220106,53.81,55.26,52.94,54.7,67924
20220107,54.8,55.78,54.18,54.42,86486
20220110,53.95,53.96,52.1735,53.96,157499
20220111,54,56.28,53.91,56.1,52534
20220112,56.8,57.22,55.32,55.82,62323
20220113,55.8,55.8,53.6608,53.76,90085
20220114,53.49,54.2,52.16,53.2,128282
20220118,52.1,52.8275,51.62,51.82,179135
20220119,51.82,52.4353,51.44,51.48,70720
20220120,52.69,53.545,50.85,50.93,85384
20220121,50.58,50.58,48.37,48.41,100523
20220124,47.03,49.3499,45.57,49.32,212288
20220125,48.23,49.175,47.5583,48.3443,61801
20220126,49.6,49.64,46.9,47.3,91186
20220127,47.51,47.8454,46.2717,46.42,77505
20220128,46.34,47.7,45.3251,47.7,95289
20220131,48.03,50.96,48.03,50.9,122195
20220201,51.07,51.74,50.14,51.65,53574
20220202,52.1,52.1,49.09,49.35,54177
20220203,47.88,48.55,47.09,47.12,107563
20220204,48.67,50.12,47.8313,49.51,106675
20220207,49.27,50.42,48.96,49.05,42493
20220208,49,50.929,49,50.83,34311
20220209,51.58,52.36,51.34,52.33,525584
20220210,50.9,52.4736,50.8299,51.04,71168
20220211,50.92,51.271,49.06,49.31,71120
20220214,49,50.07,48.7,49.15,48689
20220215,50.04,51.09,49.94,50.99,274748
20220216,50.65,50.65,49.5,50.01,35501
20220217,50.05,50.6,48.55,48.72,31098
20220218,48.28,48.4999,46.68,47.07,38942
