Date,Open,High,Low,Close,Volume
20161230,22.45,22.49,22.4,22.4,21106
20170103,22.66,22.66,22.38,22.49,13865
20170104,22.52,23.63,22.52,22.79,11563
20170105,23.57,23.57,22.59,22.63,14215
20170106,22.6,22.64,22.56,22.57,2254
20170109,22.58,22.58,22.38,22.38,19375
20170110,22.41,22.51,22.41,22.49,3550
20170111,22.42,22.53,22.42,22.53,2794
20170112,22.67,22.67,22.29,22.42,9775
20170113,22.66,22.66,22.52,22.56,7065
20170117,22.58,22.58,22.44,22.46,5167
20170118,22.43,22.54,22.43,22.54,14224
20170119,22.63,22.63,22.3,22.3,10988
20170120,22.51,22.51,22.38,22.41,1743
20170123,22.42,22.56,22.36,22.4,16217
20170124,22.65,22.77,22.51,22.69,179269
20170125,22.94,23.86,22.74,22.79,139374
20170126,23.04,23.04,22.7,22.71,196663
20170127,22.74,22.74,22.57,22.6,35799
20170130,22.61,22.61,22.34,22.46,68506
20170131,22.48,22.59,22.39,22.54,51155
20170201,22.6,22.68,22.37,22.44,126892
20170202,22.48,22.57,22.42,22.45,88300
20170203,22.67,22.72,22.56,22.69,42418
20170206,22.51,22.69,22.51,22.61,83675
20170207,22.62,22.79,22.55,22.57,42790
20170208,22.74,22.74,22.49,22.57,81130
20170209,22.67,22.75,22.61,22.75,55768
20170210,22.82,22.91,22.78,22.89,54151
20170213,23.12,23.12,22.9,22.91,50311
20170214,23.04,23.04,22.76,22.86,40459
20170215,22.77,22.96,22.75,22.96,20940
20170216,23.03,23.03,22.85,22.98,24996
20170217,22.81,22.96,22.81,22.95,17962
20170221,22.9,23.15,22.9,23.12,17973
20170222,23.13,23.13,23.01,23.09,27521
20170223,23.15,23.15,22.95,23.02,19485
20170224,23.16,23.16,22.9,23,8536
20170227,23.02,23.19,23.02,23.15,12962
20170228,23.12,23.12,22.94,22.94,11330
20170301,23.12,23.21,23.1,23.17,33935
20170302,23.12,23.14,23.01,23.01,23082
20170303,23.17,23.17,22.83,22.97,84772
20170306,23.04,23.04,22.76,22.85,32773
20170307,22.86,23.08,22.7,22.71,96722
20170308,22.8,22.81,22.58,22.58,31560
20170309,22.55,22.64,22.41,22.45,22331
20170310,22.51,22.64,22.45,22.55,40431
20170313,22.58,22.66,22.55,22.62,24858
20170314,22.57,22.58,22.49,22.58,8196
20170315,22.63,22.95,22.63,22.91,27832
20170316,22.95,22.95,22.84,22.85,18981
20170317,22.89,23,22.86,23,21192
20170320,23.01,23.01,22.81,22.85,18681
20170321,22.84,22.84,22.5,22.56,42899
20170322,22.69,22.69,22.4,22.52,18286
20170323,22.57,22.75,22.57,22.58,29719
20170324,22.69,22.69,22.53,22.6,10902
20170327,22.38,22.56,22.35,22.49,48167
20170328,22.5,22.62,22.43,22.62,20936
20170329,22.62,22.68,22.59,22.67,19074
20170330,22.92,22.92,22.68,22.78,31081
20170331,22.92,22.93,22.78,22.84,71849
20170403,22.82,22.82,22.6,22.63,59702
20170404,22.59,22.68,22.57,22.62,17342
20170405,22.68,22.76,22.5,22.5,22363
20170406,22.5,22.63,22.4,22.62,21774
20170407,22.64,22.68,22.6,22.63,13104
20170410,22.67,22.72,22.54,22.66,5985
20170411,22.73,22.81,22.62,22.81,15230
20170412,22.81,22.81,22.67,22.7,12272
20170413,22.54,22.65,22.46,22.49,24453
20170417,22.44,22.68,22.44,22.68,8488
20170418,22.8,22.8,22.68,22.79,2923
20170419,22.92,22.95,22.84,22.87,21395
20170420,22.92,23.06,22.91,23.05,12032
20170421,23.07,23.07,22.98,23.05,14375
20170424,23.07,23.2,23.07,23.19,26222
20170425,23.41,23.54,23.24,23.33,70767
20170426,23.39,23.53,23.36,23.44,45856
20170427,23.48,23.55,23.4,23.43,30802
20170428,23.56,23.56,23.12,23.13,10831
20170501,23.15,23.23,23.11,23.17,9669
20170502,23.14,23.19,23.11,23.15,22160
20170503,23.08,23.14,22.97,23.04,20560
20170504,23.18,23.18,22.85,22.97,9409
20170505,23,23.1,22.99,23.09,24315
20170508,23.57,23.57,22.94,22.98,16825
20170509,23.01,23.01,22.85,22.92,9219
20170510,22.87,23.08,22.84,23.06,17621
20170511,22.96,22.98,22.79,22.93,18769
20170512,22.92,23.05,22.78,22.8,45046
20170515,22.91,23.01,22.88,22.9,13743
20170516,22.86,22.87,22.75,22.79,17270
20170517,22.57,22.71,22.51,22.51,80499
20170518,22.47,22.63,22.42,22.55,24125
20170519,22.59,22.75,22.59,22.67,19050
20170522,22.86,22.86,22.74,22.81,17529
20170523,22.76,22.92,22.76,22.84,9690
20170524,22.77,22.95,22.77,22.93,16674
20170525,22.94,23.14,22.94,22.95,20761
20170526,22.87,23.04,22.84,22.93,82010
20170530,22.93,22.93,22.82,22.87,18077
20170531,22.92,22.92,22.73,22.85,8357
20170601,22.87,23.19,22.87,23.19,111873
20170602,23.19,23.39,23.17,23.28,9913
20170605,23.23,23.25,23.18,23.21,5612
20170606,23.13,23.16,22.99,23.04,14516
20170607,23.05,23.12,22.99,23.06,6225
20170608,23.03,23.25,23.03,23.15,20691
20170609,23.28,23.37,23.25,23.31,10535
20170612,23.21,23.38,23.21,23.32,17084
20170613,23.48,23.48,23.33,23.39,12158
20170614,23.33,23.4,23.27,23.33,14044
20170615,23.24,23.29,23.18,23.27,7827
20170616,23.23,23.46,23.14,23.27,11597
20170619,23.26,23.35,23.26,23.32,9983
20170620,23.34,23.37,23.1,23.12,11131
20170621,23.11,23.2,22.96,22.98,10997
20170622,22.96,23.06,22.96,23.04,12590
20170623,22.96,23.12,22.96,23.08,6194
20170626,23.12,23.25,23.12,23.18,17032
20170627,23.17,23.25,23.08,23.08,9173
20170628,23.17,23.33,23.17,23.25,8439
20170629,23.2,23.22,22.88,23.05,45552
20170630,23.05,23.09,23,23.07,14758
20170703,23.27,23.27,23.15,23.23,9062
20170705,23.22,23.22,22.97,23.02,9598
20170706,22.96,22.99,22.77,22.83,27058
20170707,22.91,22.99,22.82,22.99,19968
20170710,22.94,22.99,22.86,22.87,82400
20170711,23.05,23.05,22.75,22.91,29072
20170712,22.98,23.2,22.98,23.1,19031
20170713,23.22,23.22,22.87,23.05,15523
20170714,23.16,23.21,23.11,23.14,12592
20170717,24.19,24.19,23.14,23.22,53778
20170718,23.21,23.21,23.1,23.14,11244
20170719,23.19,23.36,23.15,23.35,10318
20170720,23.29,23.43,23.29,23.4,5846
20170721,23.27,23.35,23.26,23.31,7072
20170724,23.39,23.39,23.21,23.28,10458
20170725,23.32,23.46,23.31,23.41,6185
20170726,23.41,23.41,23.32,23.34,15940
20170727,23.44,23.44,23.28,23.37,22259
20170728,23.29,23.31,23.17,23.27,6244
20170731,23.25,23.3,23.18,23.28,7202
20170801,23.27,23.32,23.26,23.31,5929
20170802,23.31,23.31,23.04,23.06,211879
20170803,23.03,23.1,23.02,23.02,12108
20170804,23.11,23.14,23.07,23.12,11452
20170807,23.14,23.2,23.06,23.14,7440
20170808,23.27,23.27,23.02,23.1,39164
20170809,22.98,23.09,22.87,22.88,62543
20170810,22.84,22.91,22.72,22.74,65781
20170811,22.74,22.74,22.64,22.71,13794
20170814,22.8,23,22.8,22.95,11704
20170815,22.94,22.94,22.84,22.86,15825
20170816,22.95,23.06,22.89,22.89,19597
20170817,23.02,23.02,22.61,22.61,13309
20170818,22.54,22.56,22.45,22.52,9216
20170821,22.67,22.67,22.45,22.53,17388
20170822,22.55,22.73,22.55,22.72,17135
20170823,22.53,22.7,22.53,22.68,13314
20170824,22.72,22.73,22.66,22.66,13289
20170825,22.66,22.82,22.66,22.77,90089
20170828,22.75,22.75,22.69,22.72,4577
20170829,22.53,22.72,22.53,22.72,4633
20170830,22.74,22.79,22.73,22.78,4856
20170831,22.9,22.97,22.9,22.95,11787
20170901,22.95,23.08,22.95,23.07,5744
20170905,23.06,23.07,22.81,22.88,13804
20170906,22.9,22.96,22.89,22.89,2591
20170907,22.9,22.9,22.76,22.8,13628
20170908,22.77,22.93,22.77,22.86,8279
20170911,22.92,23.18,22.92,23.14,21639
20170912,23.12,23.21,23.12,23.16,16982
20170913,23.11,23.25,23.11,23.25,6096
20170914,23.25,23.3,23.1,23.18,12933
20170915,23.16,23.36,23.16,23.3,8734
20170918,23.35,23.44,23.34,23.37,12342
20170919,23.44,23.44,23.33,23.36,9054
20170920,23.37,23.45,23.36,23.41,9515
20170921,23.42,23.42,23.32,23.32,6523
20170922,23.24,23.45,23.24,23.44,5447
20170925,23.45,23.56,23.43,23.56,10336
20170926,23.59,23.63,23.54,23.63,6881
20170927,23.8,23.8,23.52,23.73,5909
20170928,23.66,23.81,23.66,23.79,4314
20170929,23.84,23.89,23.82,23.86,5671
20171002,23.98,24.02,23.83,24.02,17818
20171003,24.11,24.11,23.96,24.05,25387
20171004,24.18,24.18,24,24.05,25957
20171005,24.08,24.15,24.06,24.09,8765
20171006,24.07,24.08,24.01,24.04,21138
20171009,24.13,24.13,23.99,23.99,18187
20171010,24.08,24.15,23.99,24.08,22345
20171011,24,24.1,24,24.07,15553
20171012,24.03,24.12,24.03,24.09,7891
20171013,24.08,24.21,24.08,24.13,92317
20171016,24.16,24.16,24.04,24.08,26251
20171017,24.02,24.19,24.02,24.1,36604
20171018,24.24,24.24,24.1,24.16,16850
20171019,24.08,24.22,24.08,24.22,23077
20171020,24.32,24.32,24.25,24.28,27130
20171023,24.32,24.32,24.16,24.16,16415
20171024,24.34,24.34,24.15,24.22,5036
20171025,24.14,24.21,23.94,24.11,28860
20171026,24.15,24.21,24.15,24.2,9727
20171027,24.1,24.3,24.1,24.27,68907
20171030,24.27,24.27,24,24.04,28829
20171031,24.18,24.25,24.1,24.23,19627
20171101,24.25,24.26,24.04,24.09,27025
20171102,24.09,24.17,24.04,24.08,29595
20171103,24.03,24.11,24.02,24.05,21149
20171106,24.03,24.14,24.03,24.1,7481
20171107,24.09,24.15,23.95,24,9320
20171108,23.99,24.05,23.9,24.04,11316
20171109,23.96,24.03,23.89,23.95,19459
20171110,23.86,23.99,23.86,23.97,3263
20171113,23.77,24.01,23.77,24.01,6776
20171114,23.98,24.05,23.94,24.04,32462
20171115,23.87,24.01,23.87,23.96,8286
20171116,24.06,24.22,24.02,24.18,28909
20171117,24.2,24.2,24.13,24.17,6211
20171120,24.22,24.24,24.16,24.24,20624
20171121,24.26,24.36,24.24,24.31,17009
20171122,24.38,24.39,24.29,24.32,9869
20171124,24.34,24.35,24.34,24.35,658
20171127,24.31,24.44,24.31,24.34,12842
20171128,24.46,24.6,24.39,24.59,11413
20171129,24.6,24.8,24.6,24.76,20709
20171130,24.84,24.97,24.82,24.85,17831
20171201,25,25,24.36,24.74,33154
20171204,24.82,25.11,24.82,24.93,22324
20171205,24.63,24.88,24.63,24.75,5576
20171206,24.71,24.73,24.67,24.67,154276
20171207,24.67,24.84,24.66,24.78,58680
20171208,24.97,24.97,24.76,24.81,43394
20171211,24.94,24.94,24.76,24.77,33176
20171212,24.77,24.81,24.71,24.71,22264
20171213,24.74,24.86,24.74,24.8,19900
20171214,24.89,24.89,24.56,24.58,46704
20171215,24.66,24.94,24.66,24.83,242492
20171218,25.11,25.14,24.99,25.01,77278
20171219,25.16,25.16,24.8,24.86,54140
20171220,25.02,25.02,24.82,24.82,84652
20171221,24.84,24.89,24.8,24.84,56406
20171222,24.93,24.93,24.78,24.82,30263
20171226,24.87,24.98,24.81,24.81,30950
20171227,24.91,24.97,24.84,24.87,411953
20171228,24.94,24.97,24.82,24.97,183587
20171229,25.04,25.1,24.83,24.83,554970
20180102,25.01,25.01,24.81,24.94,204807
20180103,24.98,25.04,24.84,24.9,144318
20180104,24.98,24.99,24.85,24.87,183338
20180105,24.99,24.99,24.83,24.94,80334
20180108,24.94,25.02,24.84,25,62625
20180109,25.11,25.11,24.86,24.86,271527
20180110,24.85,24.85,24.65,24.72,168389
20180111,24.77,25.04,24.76,25.04,141011
20180112,25.07,25.1,24.98,25,133269
20180116,25.1,25.22,24.88,24.88,176708
20180117,24.95,25.13,24.95,25.06,99876
20180118,25.02,25.05,24.88,24.88,87725
20180119,25.04,25.19,24.95,25.19,80023
20180122,25.16,25.25,25.15,25.25,72969
20180123,25.28,25.39,25.26,25.38,39094
20180124,25.51,25.51,25.25,25.33,90879
20180125,25.38,25.38,25.28,25.36,68233
20180126,25.48,25.48,25.28,25.38,50951
20180129,25.39,25.39,25.21,25.24,65302
20180130,25.19,25.19,24.97,25.06,70419
20180131,25.18,25.19,24.92,25.03,91059
20180201,24.91,24.97,24.79,24.85,56252
20180202,24.71,24.72,24.41,24.44,79851
20180205,24.33,24.43,23.61,23.61,484916
20180206,23.32,23.84,23.08,23.74,223309
20180207,23.84,23.96,23.7,23.81,84913
20180208,23.78,23.78,23.17,23.17,71592
20180209,23.47,23.6,22.89,23.45,89383
20180212,23.42,23.67,23.3,23.58,43767
20180213,23.44,23.72,23.41,23.65,33765
20180214,23.41,23.97,23.41,23.96,23825
20180215,24.17,24.22,23.97,24.2,28156
20180216,24.17,24.4,24.17,24.31,23228
20180220,24.17,24.23,23.93,23.97,30218
20180221,24.03,24.28,23.91,23.91,36057
20180222,23.97,24.08,23.86,23.86,13353
20180223,23.94,24.17,23.94,24.17,25703
20180226,24.19,24.31,24.1,24.26,29227
20180227,24.4,24.4,23.89,23.89,41635
20180228,23.97,24.04,23.66,23.66,29937
20180301,23.63,23.79,23.42,23.56,21775
20180302,23.45,23.75,23.33,23.75,36635
20180305,23.58,23.98,23.58,23.95,43479
20180306,23.95,24.12,23.81,24.08,20912
20180307,23.84,24.2,23.84,24.14,32554
20180308,24.25,24.25,24.04,24.11,97130
20180309,24.22,24.4,24.15,24.4,44357
20180312,24.39,24.5,24.39,24.44,28261
20180313,24.55,24.55,24.34,24.34,17306
20180314,24.51,24.51,24.26,24.27,119613
20180315,24.29,24.33,24.18,24.2,24225
20180316,24.19,24.38,24.19,24.35,13871
20180319,24.26,24.26,24.01,24.13,41781
20180320,24.27,24.27,24.09,24.19,24835
20180321,24.1,24.28,24.1,24.18,22679
20180322,23.98,24.14,23.75,23.75,36238
20180323,23.72,23.78,23.32,23.34,25029
20180326,23.55,23.75,23.43,23.75,45125
20180327,23.87,23.87,23.52,23.52,29863
20180328,23.61,23.86,23.6,23.77,28327
20180329,23.91,24.02,23.87,23.97,23596
20180402,23.99,24.01,23.37,23.51,34146
20180403,23.59,23.9,23.53,23.83,25268
20180404,23.54,24.11,23.54,24.1,32078
20180405,24.01,24.3,24.01,24.27,26391
20180406,24.06,24.2,23.83,23.92,27288
20180409,24,24.08,23.88,23.88,15464
20180410,24.19,24.19,23.96,24.03,30759
20180411,23.99,24.08,23.95,24.05,8280
20180412,24.01,24.15,24.01,24.02,8972
20180413,24.08,24.08,23.92,23.98,41838
20180416,24.1,24.28,24.06,24.26,12855
20180417,24.32,24.49,24.32,24.47,29049
20180418,24.4,24.54,24.39,24.46,34918
20180419,24.45,24.45,24.15,24.26,12323
20180420,24.2,24.31,24.1,24.13,18101
20180423,24.27,24.27,24.03,24.12,20119
20180424,24.19,24.24,23.9,23.98,31271
20180425,23.93,24.09,23.89,24.01,33056
20180426,24.06,24.23,24.03,24.16,45561
20180427,24.24,24.28,24.18,24.22,27555
20180430,24.23,24.29,24,24,25457
20180501,24,24.12,23.81,24.1,29534
20180502,24.16,24.21,23.96,24.02,17966
20180503,24.04,24.1,23.83,24.01,27862
20180504,23.94,24.44,23.94,24.31,16118
20180507,24.32,24.59,24.32,24.49,55706
20180508,24.44,24.59,24.44,24.57,21204
20180509,24.49,24.69,24.47,24.66,36524
20180510,24.59,24.85,24.59,24.79,48253
20180511,24.87,24.91,24.78,24.88,56003
20180514,24.85,24.87,24.71,24.75,30507
20180515,24.63,24.72,24.61,24.7,55780
20180516,24.79,25.04,24.78,24.94,156981
20180517,24.99,25.02,24.89,24.97,216762
20180518,24.98,25,24.91,24.96,176147
20180521,25.04,25.16,25.01,25.12,85267
20180522,25.17,25.2,24.96,24.98,46705
20180523,24.87,24.98,24.85,24.96,35968
20180524,24.99,25.13,24.9,25.07,31676
20180525,25.09,25.09,24.97,25.03,28360
20180529,24.99,24.99,24.76,24.9,59494
20180530,25.04,25.28,25.03,25.2,74245
20180531,25.1,25.17,24.87,24.96,39282
20180601,25.08,25.11,25.02,25.06,28317
20180604,25.15,25.25,25.09,25.25,56827
20180605,25.24,25.41,25.2,25.39,34496
20180606,25.32,25.57,25.32,25.56,45424
20180607,25.67,25.7,25.52,25.62,31233
20180608,25.59,25.75,25.59,25.75,13055
20180611,25.74,25.83,25.72,25.78,42382
20180612,25.79,25.84,25.73,25.84,42820
20180613,25.78,25.82,25.64,25.64,59539
20180614,25.74,25.78,25.64,25.78,58604
20180615,25.69,25.88,25.62,25.87,61004
20180618,25.75,25.94,25.71,25.91,32202
20180619,25.75,25.82,25.55,25.8,61144
20180620,25.81,25.94,25.79,25.9,31206
20180621,25.97,25.97,25.65,25.68,28512
20180622,25.77,25.78,25.6,25.62,21375
20180625,25.45,25.51,25.23,25.32,52810
20180626,25.38,25.48,25.3,25.39,29178
20180627,25.48,25.48,25.07,25.1,47384
20180628,25.04,25.2,24.97,25.15,57061
20180629,25.24,25.39,25.22,25.22,147706
20180702,25.17,25.32,25.05,25.31,34071
20180703,25.3,25.48,25.3,25.33,29223
20180705,25.43,25.57,25.31,25.53,34190
20180706,25.51,25.76,25.51,25.74,39577
20180709,25.82,25.91,25.82,25.91,45939
20180710,25.91,25.97,25.85,25.9,23176
20180711,25.91,25.91,25.69,25.73,14483
20180712,25.8,25.89,25.7,25.81,29548
20180713,25.74,25.91,25.74,25.79,12085
20180716,25.81,25.94,25.64,25.65,11927
20180717,25.69,25.83,25.69,25.8,59740
20180718,25.81,25.9,25.71,25.9,32309
20180719,25.83,26.07,25.78,26.04,54236
20180720,26.04,26.06,25.93,25.96,18088
20180723,26.04,26.04,25.82,25.91,17927
20180724,26.06,26.06,25.72,25.82,19740
20180725,25.9,25.9,25.72,25.86,18290
20180726,25.85,26.15,25.85,26.1,26071
20180727,26.16,26.16,25.81,25.85,15320
20180730,25.8,25.96,25.71,25.73,44087
20180731,25.89,26.11,25.78,26.04,47910
20180801,25.99,26.02,25.77,25.9,19337
20180802,25.75,26.06,25.74,25.97,66594
20180803,26.08,26.08,25.94,26.04,30967
20180806,25.96,26.27,25.96,26.19,16810
20180807,26.12,26.38,26.12,26.24,30615
20180808,26.23,26.23,26.06,26.19,22964
20180809,26.12,26.33,26.12,26.18,20037
20180810,26.15,26.21,26.02,26.07,6478
20180813,26.07,26.19,25.94,26.09,13362
20180814,26.01,26.37,26.01,26.32,26555
20180815,26.18,26.18,25.96,26.08,21091
20180816,26.15,26.35,26.15,26.28,23198
20180817,26.23,26.48,26.23,26.45,12700
20180820,26.46,26.6,26.45,26.54,20689
20180821,26.51,26.78,26.51,26.75,25348
20180822,26.66,26.75,26.62,26.69,14237
20180823,26.79,26.79,26.64,26.68,14140
20180824,26.65,26.8,26.65,26.79,15309
20180827,26.95,26.95,26.8,26.86,113795
20180828,26.98,27.03,26.86,26.94,37927
20180829,27.11,27.11,26.82,26.96,23899
20180830,27.04,27.04,26.81,26.89,31402
20180831,26.79,26.98,26.79,26.96,38114
20180904,26.98,27,26.79,26.94,19136
20180905,26.95,27.03,26.82,27.03,16901
20180906,27.14,27.14,26.93,26.94,62611
20180907,27,27.03,26.85,26.94,24283
20180910,27.03,27.03,26.91,26.92,13495
20180911,26.85,27.02,26.85,26.95,28613
20180912,26.99,27.02,26.81,26.98,13398
20180913,27.03,27.05,26.99,27.01,34997
20180914,27.01,27.18,26.99,27.17,14024
20180917,27.08,27.08,26.92,26.93,22970
20180918,26.9,27.03,26.89,27.01,41998
20180919,27.04,27.06,26.8,26.84,17308
20180920,26.82,27.01,26.82,26.97,23517
20180921,27.04,27.12,26.92,26.93,21210
20180924,26.87,26.87,26.62,26.75,34298
20180925,26.77,26.77,26.64,26.64,21349
20180926,26.69,26.71,26.48,26.49,40280
20180927,26.51,26.6,26.4,26.45,8569
20180928,26.32,26.54,26.32,26.46,17768
20181001,26.51,26.58,26.23,26.25,25101
20181002,26.25,26.3,26.09,26.12,42427
20181003,26.18,26.31,26.12,26.22,18263
20181004,26.09,26.12,25.9,26,59356
20181005,25.96,26.07,25.7,25.82,63286
20181008,25.78,25.83,25.64,25.78,15283
20181009,25.68,25.76,25.58,25.58,17471
20181010,25.41,25.48,24.95,24.98,79680
20181011,24.84,24.98,24.41,24.45,62663
20181012,24.64,24.74,24.27,24.51,31340
20181015,24.49,24.76,24.49,24.64,13736
20181016,24.67,25.16,24.67,25.14,17399
20181017,25.06,25.17,24.9,25.07,36844
20181018,25,25.02,24.59,24.64,22961
20181019,24.67,24.76,24.45,24.5,11157
20181022,24.49,24.58,24.39,24.5,28463
20181023,24.21,24.3,23.69,24.17,56122
20181024,24.17,24.17,23.49,23.49,49659
20181025,23.58,23.92,23.58,23.76,28412
20181026,23.57,23.85,23.31,23.6,32504
20181029,23.82,24.15,23.33,23.56,38028
20181030,23.6,24.05,23.58,24.03,15167
20181031,24.21,24.26,24.1,24.12,23258
20181101,24.13,24.58,24.13,24.53,24109
20181102,24.63,24.81,24.51,24.63,26350
20181105,24.63,24.78,24.55,24.64,10054
20181106,24.58,24.89,24.58,24.86,9819
20181107,24.96,25.19,24.8,25.13,34259
20181108,25.07,25.22,25.02,25.05,18925
20181109,24.92,25.06,24.65,24.81,14779
20181112,24.8,24.8,24.48,24.48,19642
20181113,24.51,24.73,24.39,24.47,11655
20181114,24.64,24.8,24.29,24.35,93059
20181115,24.25,24.71,24.2,24.63,20259
20181116,24.49,24.73,24.48,24.67,27821
20181119,24.6,24.72,24.3,24.39,28643
20181120,24.14,24.3,23.95,24.01,35394
20181121,24.1,24.5,24.1,24.32,23640
20181123,24.14,24.45,24.14,24.42,5215
20181126,24.45,24.63,24.45,24.57,69045
20181127,24.55,24.55,24.37,24.39,28696
20181128,24.39,24.81,24.23,24.81,36247
20181129,24.78,24.84,24.59,24.74,14241
20181130,24.68,24.92,24.64,24.92,26700
20181203,25.09,25.19,24.8,25.07,29548
20181204,25,25,24.04,24.04,30345
20181206,23.75,23.88,23.37,23.88,119720
20181207,23.82,23.93,23.39,23.46,25226
20181210,23.51,23.51,23.04,23.34,68138
20181211,23.59,23.7,23.17,23.27,62395
20181212,23.44,23.75,23.44,23.5,177834
20181213,23.52,23.6,23.25,23.26,15885
20181214,23.13,23.24,22.89,22.92,34539
20181217,22.79,23.05,22.44,22.55,106088
20181218,22.7,22.89,22.52,22.56,146537
20181219,22.65,22.81,22.14,22.16,50404
20181220,22.05,22.29,21.83,21.89,58051
20181221,21.88,22.18,21.47,21.47,83643
20181224,21.43,21.43,21.11,21.2,91853
20181226,21.03,21.83,20.97,21.83,132749
20181227,21.61,22.03,21.38,22.03,52317
20181228,22.09,22.34,21.92,22,58018
20181231,22.21,22.3,21.93,22.2,82857
20190102,21.97,22.34,21.9,22.2,21951
20190103,22.2,22.2,21.76,21.84,36591
20190104,22.03,22.56,22.03,22.47,14665
20190107,22.42,22.9,22.42,22.69,49967
20190108,22.83,22.96,22.76,22.93,15210
20190109,23.06,23.22,23.06,23.18,13554
20190110,23.11,23.32,23.01,23.32,13701
20190111,23.23,23.38,23.15,23.31,19327
20190114,23.25,23.31,23.2,23.2,12789
20190115,23.3,23.31,23.17,23.3,27814
20190116,23.26,23.54,23.26,23.45,12824
20190117,23.48,23.74,23.47,23.63,42735
20190118,23.75,24.05,23.75,23.98,8201
20190122,23.85,23.86,23.52,23.63,18247
20190123,23.74,23.79,23.41,23.54,33671
20190124,23.75,23.88,23.73,23.77,10326
20190125,23.87,24.06,23.87,23.99,4377
20190128,23.82,23.98,23.82,23.91,15051
20190129,23.92,23.98,23.85,23.89,14362
20190130,23.79,24.09,23.75,23.94,20077
20190131,23.95,24.2,23.95,24.14,14742
20190201,24.16,24.31,24.15,24.22,12830
20190204,24.3,24.45,24.21,24.45,40601
20190205,24.44,24.6,24.4,24.55,32050
20190206,24.56,24.59,24.5,24.5,82465
20190207,24.41,24.52,24.28,24.48,16049
20190208,24.36,24.46,24.31,24.43,4540
20190211,24.5,24.56,24.46,24.53,15413
20190212,24.66,24.9,24.66,24.84,138625
20190213,24.94,25.06,24.89,24.97,27890
20190214,24.96,24.98,24.8,24.96,16204
20190215,24.92,25.2,24.92,25.15,8420
20190219,25.04,25.31,25.04,25.24,22205
20190220,25.18,25.39,25.18,25.33,16004
20190221,25.33,25.4,25.3,25.31,12933
20190222,25.44,25.54,25.41,25.54,42894
20190225,25.62,25.72,25.52,25.52,23016
20190226,25.48,25.56,25.37,25.37,17453
20190227,25.37,25.47,25.31,25.45,7990
20190228,25.37,25.46,25.36,25.36,7169
20190301,25.62,25.62,25.37,25.53,7637
20190304,25.6,25.6,25.22,25.31,12836
20190305,25.34,25.35,25.21,25.21,5776
20190306,25.2,25.22,24.93,24.97,23625
20190307,24.95,24.95,24.69,24.69,7481
20190308,24.54,24.64,24.48,24.64,4648
20190311,24.67,24.98,24.67,24.94,11245
20190312,24.97,25.01,24.91,24.97,25351
20190313,25,25.08,24.98,24.98,9312
20190314,25.04,25.04,24.88,24.91,4912
20190315,25.1,25.13,24.95,24.95,8757
20190318,24.98,25.23,24.98,25.17,22854
20190319,25.26,25.28,24.99,25,16228
20190320,24.99,25.06,24.7,24.79,8063
20190321,24.73,25.19,24.73,25.16,5469
20190322,24.99,24.99,24.47,24.48,18042
20190325,24.47,24.67,24.41,24.55,16603
20190326,24.69,24.96,24.69,24.81,16190
20190327,24.88,24.92,24.69,24.83,8117
20190328,24.88,25.06,24.86,24.98,10532
20190329,25.11,25.18,25.03,25.1,12803
20190401,25.26,25.44,25.24,25.44,14229
20190402,25.47,25.47,25.26,25.3,14818
20190403,25.44,25.57,25.42,25.46,18764
20190404,25.53,25.65,25.53,25.62,4864
20190405,25.68,25.89,25.68,25.87,9338
20190408,25.8,25.83,25.74,25.82,10740
20190409,25.78,25.78,25.55,25.56,14724
20190410,25.57,25.78,25.54,25.76,10140
20190411,25.75,25.87,25.75,25.83,13689
20190412,25.95,26.02,25.92,26,20985
20190415,26.03,26.05,25.92,25.93,5378
20190416,25.94,26.13,25.94,26.13,18698
20190417,26.21,26.21,26,26.02,5206
20190418,26.09,26.13,25.98,26.08,16073
20190422,26.06,26.06,25.87,25.91,15693
20190423,25.91,26.23,25.91,26.14,20063
20190424,26.2,26.36,26.2,26.26,19906
20190425,26.11,26.16,25.99,26.05,21556
20190426,26.11,26.29,26.03,26.24,11108
20190429,26.29,26.34,26.24,26.34,12825
20190430,26.37,26.37,26.09,26.32,22881
20190501,26.4,26.4,26.07,26.07,30261
20190502,26.11,26.19,25.97,26.09,4699
20190503,26.2,26.56,26.2,26.56,51325
20190506,26.19,26.49,26.19,26.42,21238
20190507,26.23,26.23,25.95,25.98,29189
20190508,25.97,26.01,25.86,25.86,6820
20190509,25.68,25.86,25.51,25.81,7533
20190510,25.56,25.91,25.47,25.81,13095
20190513,25.44,25.44,25,25.08,208441
20190514,25.12,25.41,25.11,25.32,48450
20190515,25.2,25.39,25.07,25.38,24410
20190516,25.5,25.58,25.37,25.4,21380
20190517,25.36,25.46,25.14,25.15,10906
20190520,25.06,25.1,24.91,24.99,11513
20190521,25.1,25.32,25.1,25.32,9804
20190522,25.21,25.25,25.08,25.14,14967
20190523,24.91,24.94,24.53,24.65,20480
20190524,24.77,24.86,24.67,24.79,12401
20190528,24.78,24.83,24.55,24.55,14563
20190529,24.38,24.47,24.28,24.38,13576
20190530,24.44,24.62,24.33,24.48,18450
20190531,24.22,24.32,24.12,24.17,18967
20190603,24.3,24.6,24.24,24.5,11732
20190604,24.76,25.22,24.76,25.22,16177
20190605,25.32,25.32,25.07,25.27,34232
20190606,25.26,25.36,25.07,25.35,21565
20190607,25.35,25.55,25.35,25.45,10838
20190610,25.58,25.74,25.48,25.6,10645
20190611,25.74,25.84,25.55,25.62,35704
20190612,25.54,25.57,25.49,25.54,11342
20190613,25.61,25.74,25.55,25.59,15050
20190614,25.54,25.56,25.48,25.56,10420
20190617,25.51,25.52,25.45,25.52,6059
20190618,25.53,25.81,25.47,25.66,15603
20190619,25.66,25.7,25.59,25.65,12790
20190620,25.86,25.93,25.76,25.9,7137
20190621,25.86,25.91,25.75,25.83,15643
20190624,25.89,25.89,25.63,25.63,5924
20190625,25.72,25.72,25.52,25.52,12797
20190626,25.53,25.65,25.53,25.61,87278
20190627,25.52,25.81,25.52,25.81,6848
20190628,26.04,26.15,25.99,26.09,17898
20190701,26.33,26.42,26.1,26.18,17183
20190702,26.13,26.15,26.02,26.04,8490
20190703,26.14,26.29,26.1,26.24,9609
20190705,26.2,26.32,26.04,26.29,4577
20190708,26.19,26.22,26.06,26.08,16504
20190709,25.99,26,25.94,26,19828
20190710,26.14,26.17,26.02,26.03,22763
20190711,26.02,26.02,25.86,25.96,21687
20190712,26.04,26.33,26.04,26.32,13446
20190715,26.33,26.36,26.16,26.25,9036
20190716,26.24,26.43,26.24,26.37,57544
20190717,26.39,26.4,26.17,26.17,31925
20190718,26.21,26.34,26.11,26.27,35258
20190719,26.37,26.42,26.23,26.24,10021
20190722,26.22,26.29,26.12,26.12,46822
20190723,26.24,26.39,26.21,26.39,18039
20190724,26.43,26.77,26.43,26.72,14488
20190725,26.72,26.75,26.55,26.57,13782
20190726,26.63,26.9,26.61,26.88,18503
20190729,26.89,26.89,26.73,26.74,14484
20190730,26.54,26.92,26.51,26.92,35150
20190731,26.88,26.94,26.71,26.71,29491
20190801,26.67,26.8,26.08,26.26,72225
20190802,26.08,26.08,25.78,25.88,12600
20190805,25.48,25.48,24.97,25.23,23246
20190806,25.31,25.42,25.16,25.42,14705
20190807,25.19,25.44,25.01,25.4,8985
20190808,25.57,25.91,25.57,25.87,9791
20190809,25.82,25.82,25.55,25.69,4761
20190812,25.58,25.58,25.26,25.26,7565
20190813,25.23,25.8,25.21,25.59,12860
20190814,25.21,25.23,24.9,24.99,21078
20190815,25.06,25.06,24.79,24.95,4941
20190816,25.07,25.39,25.07,25.39,7590
20190819,25.58,25.71,25.58,25.69,9897
20190820,25.56,25.57,25.48,25.52,7583
20190821,25.62,25.7,25.59,25.64,7704
20190822,25.67,25.8,25.56,25.76,14820
20190823,25.48,25.63,24.95,24.99,12955
20190826,25.2,25.23,25.09,25.18,8570
20190827,25.35,25.39,25.08,25.12,6252
20190828,25.01,25.37,25,25.27,54622
20190829,25.52,25.74,25.52,25.71,14327
20190830,25.82,25.91,25.73,25.85,99839
20190903,25.6,25.6,25.39,25.49,4980
20190904,25.78,25.82,25.7,25.82,3319
20190905,25.99,26.46,25.99,26.34,33600
20190906,26.32,26.43,26.3,26.3,6196
20190909,26.38,26.48,26.34,26.48,5849
20190910,26.42,26.6,26.42,26.6,5182
20190911,26.75,27.01,26.72,26.98,8005
20190912,26.97,27.06,26.91,27.05,12780
20190913,27.13,27.14,27,27.06,13655
20190916,26.95,27.01,26.73,26.92,12575
20190917,26.79,26.88,26.77,26.88,4730
20190918,26.73,26.86,26.67,26.83,9080
20190919,26.88,27,26.75,26.77,12646
20190920,26.78,26.87,26.72,26.75,10159
20190923,26.64,26.8,26.62,26.75,4658
20190924,26.71,26.71,26.39,26.43,7045
20190925,26.37,26.77,26.37,26.76,6774
20190926,26.63,26.69,26.53,26.62,3750
20190927,26.65,26.65,26.36,26.4,34438
20190930,26.52,26.67,26.52,26.62,15546
20191001,26.7,26.72,26.13,26.2,51960
20191002,25.98,25.98,25.59,25.69,10908
20191003,25.62,25.75,25.39,25.7,10131
20191004,25.72,25.99,25.71,25.99,8432
20191007,25.96,26,25.85,25.9,6494
20191008,25.66,25.67,25.47,25.49,10290
20191009,25.55,25.7,25.5,25.62,20636
20191010,25.61,25.85,25.61,25.77,71364
20191011,26.09,26.51,26.09,26.34,8417
20191014,26.17,26.17,26.06,26.13,4871
20191015,26.09,26.41,26.09,26.33,40943
20191016,26.3,26.44,26.3,26.35,5653
20191017,26.4,26.63,26.4,26.59,7983
20191018,26.5,26.65,26.5,26.63,4087
20191021,26.75,26.92,26.75,26.83,18757
20191022,26.8,27.02,26.76,26.88,8172
20191023,26.84,26.86,26.78,26.82,4054
20191024,26.93,26.93,26.77,26.86,8804
20191025,26.87,27.18,26.87,27.12,20330
20191028,27.2,27.4,27.2,27.27,20097
20191029,27.22,27.44,27.22,27.37,12257
20191030,27.3,27.32,27.17,27.31,6313
20191031,27.1,27.1,26.98,27,2954
20191101,27.21,27.45,27.21,27.43,10377
20191104,27.57,27.74,27.54,27.74,11832
20191105,27.78,27.98,27.78,27.95,55614
20191106,27.86,27.86,27.71,27.81,11171
20191107,27.97,28.13,27.84,27.93,33462
20191108,27.91,27.92,27.82,27.9,21066
20191111,27.75,27.89,27.75,27.81,19110
20191112,27.79,27.89,27.74,27.77,8228
20191113,27.62,27.75,27.61,27.69,20884
20191114,27.62,27.76,27.62,27.71,13146
20191115,27.83,27.88,27.77,27.84,8125
20191118,27.81,27.81,27.66,27.67,8717
20191119,27.73,27.77,27.58,27.73,7324
20191120,27.7,27.7,27.4,27.5,8829
20191121,27.5,27.5,27.31,27.33,6396
20191122,27.44,27.46,27.34,27.42,12033
20191125,27.6,27.85,27.51,27.82,15670
20191126,27.81,27.9,27.78,27.88,9566
20191127,28.02,28.02,27.9,28,12492
20191129,27.87,27.87,27.78,27.78,2195
20191202,27.85,27.85,27.64,27.64,9651
20191203,27.6,27.6,27.15,27.34,16251
20191204,27.51,27.72,27.49,27.52,14271
20191205,27.57,27.67,27.57,27.67,19639
20191206,27.86,28.08,27.86,27.95,12577
20191209,27.96,27.96,27.82,27.82,8019
20191210,27.79,27.89,27.67,27.73,9997
20191211,27.75,27.89,27.75,27.87,9846
20191212,27.84,28.29,27.84,28.27,19465
20191213,28.14,28.32,27.94,27.98,30126
20191216,28.16,28.3,28.14,28.15,22852
20191217,28.17,28.3,28.16,28.26,8576
20191218,28.3,28.32,28.19,28.32,8176
20191219,28.24,28.37,28.24,28.34,12233
20191220,28.39,28.54,28.39,28.41,9991
20191223,28.47,28.52,28.39,28.49,9799
20191224,28.45,28.47,28.4,28.42,10612
20191226,28.43,28.5,28.38,28.44,5226
20191227,28.46,28.46,28.38,28.38,11712
20191230,28.33,28.48,28.3,28.37,19881
20191231,28.38,28.46,28.38,28.44,3880
20200102,28.43,28.47,28.22,28.4,8335
20200103,28.21,28.29,28.11,28.29,9446
20200106,28.07,28.25,28,28.21,6045
20200107,28.16,28.25,28.14,28.2,9817
20200108,28.27,28.31,28.16,28.29,14232
20200109,28.39,28.39,28.27,28.34,12838
20200110,28.29,28.33,28.2,28.2,9223
20200113,28.29,28.64,28.29,28.64,12798
20200114,28.48,28.71,28.48,28.65,17727
20200115,28.57,28.77,28.57,28.65,13211
20200116,28.85,29.11,28.85,29.1,11893
20200117,29.16,29.16,29.01,29.01,5751
20200121,28.92,28.92,28.81,28.84,7804
20200122,29.02,29.05,28.82,28.84,20181
20200123,28.78,28.96,28.61,28.96,11961
20200124,28.94,28.94,28.47,28.56,19124
20200127,28.29,28.45,28.09,28.23,56863
20200128,28.36,28.56,28.36,28.52,76840
20200129,28.6,28.6,28.41,28.41,8361
20200130,28.18,28.41,28.06,28.41,10313
20200131,28.29,28.3,27.72,27.81,11703
20200203,28.04,28.23,28.02,28.08,6283
20200204,28.36,28.47,28.36,28.43,14025
20200205,28.62,28.87,28.62,28.87,17548
20200206,28.9,28.9,28.76,28.79,15554
20200207,28.62,28.64,28.38,28.41,41269
20200210,28.32,28.47,28.32,28.47,6425
20200211,28.65,28.82,28.65,28.73,5127
20200212,28.82,28.91,28.8,28.88,11303
20200213,28.83,28.94,28.82,28.92,10649
20200214,28.84,28.95,28.74,28.8,5352
20200218,28.73,28.79,28.58,28.64,6306
20200219,28.67,28.85,28.67,28.85,44336
20200220,28.76,28.91,28.63,28.86,16419
20200221,28.69,28.75,28.53,28.64,36677
20200224,27.9,27.94,27.58,27.82,17755
20200225,27.71,27.71,26.8,26.85,24234
20200226,26.89,27.16,26.48,26.54,23190
20200227,25.97,26.46,25.55,25.59,58750
20200228,24.88,25.32,24.7,25.14,38639
20200302,25.23,25.88,24.91,25.88,51347
20200303,25.9,26.18,25.11,25.34,26088
20200304,25.64,26.18,25.48,26.17,24210
20200305,25.57,25.71,24.88,25.11,7305
20200306,24.57,24.91,24.28,24.84,18560
20200309,22,23.47,22,23.02,44843
20200310,23.69,23.69,22.62,23.59,44894
20200311,22.86,22.93,22.03,22.15,35877
20200312,20.5,20.87,19.76,20.24,93695
20200313,21.49,21.53,20.15,21.4,35443
20200316,19.5,20.5,18.859,18.859,167879
20200317,19.651,20.21,18.972,20.19,37030
20200318,18.864,19.153,17.509,18.333,57603
20200319,18.006,19.173,17.524,19.105,39129
20200320,19.375,19.49,18.073,18.073,21064
20200323,18.064,18.064,17.061,17.514,54765
20200324,18.388,19.182,18.388,19.133,32389
20200325,19.471,20.12,18.902,19.423,18652
20200326,20.02,20.67,19.88,20.61,28021
20200327,19.796,20.36,19.709,20.06,24504
20200330,20.05,20.55,19.747,20.55,17883
20200331,20.55,20.68,20.22,20.26,16268
20200401,19.525,19.668,19.051,19.274,30714
20200402,19.361,19.85,19.061,19.322,57196
20200403,19.351,19.542,18.761,19.032,25069
20200406,19.68,20.27,19.68,20.27,24543
20200407,21.09,21.38,20.51,20.65,19034
20200408,20.87,21.48,20.7,21.42,73783
20200409,21.73,22.26,21.73,22,27468
20200413,22.04,22.41,21.23,21.42,24787
20200414,22.07,22.07,21.57,21.76,17143
20200415,21.09,21.21,20.87,20.96,15240
20200416,21.15,21.15,20.56,20.79,36715
20200417,21.57,22,21.57,21.75,50738
20200420,21.23,21.66,21.19,21.26,16868
20200421,20.88,20.99,20.72,20.77,26932
20200422,21.22,21.26,21.03,21.26,7852
20200423,21.3,21.53,21.18,21.28,19483
20200424,21.45,21.56,21.12,21.52,8393
20200427,21.62,22.45,21.62,22.34,20742
20200428,22.87,23.09,22.48,22.7,40305
20200429,23.44,23.88,23.31,23.69,12831
20200430,23.27,23.28,22.91,22.91,16323
20200501,22.34,22.39,21.89,22.07,46288
20200504,21.87,22.08,21.63,22.04,92720
20200505,22.58,22.7,22.12,22.26,17777
20200506,22.41,22.41,21.99,21.99,7874
20200507,22.17,22.49,22.17,22.3,24314
20200508,22.59,23.21,22.59,23.21,17167
20200511,23.04,23.05,22.69,22.96,25021
20200512,23.07,23.07,21.97,21.97,39878
20200513,21.9,21.9,21.09,21.27,15033
20200514,21,21.39,20.5,21.39,8975
20200515,21.3,21.61,21.27,21.52,4686
20200518,22.39,23.05,22.39,23.05,110777
20200519,22.98,23.17,22.69,22.71,225578
20200520,22.98,23.27,22.98,23.12,4859
20200521,23.22,23.25,23.12,23.14,15721
20200522,23.11,23.11,22.86,23.11,7578
20200526,23.78,24.28,23.78,24.22,14911
20200527,24.45,24.88,24.23,24.81,28425
20200528,24.97,24.97,24.35,24.35,23967
20200529,24.21,24.36,24.01,24.28,16366
20200601,24.25,24.56,24.25,24.48,17454
20200602,24.68,24.68,24.45,24.59,24646
20200603,24.9,25.44,24.9,25.38,23545
20200604,25.12,25.37,25.07,25.33,24866
20200605,26.16,26.47,26.04,26.05,44734
20200608,26.42,26.45,26.29,26.37,320262
20200609,26.01,26.1,24.39,25.96,24167
20200610,25.89,25.89,25.39,25.45,29850
20200611,24.44,24.49,23.75,23.81,34733
20200612,24.56,24.56,23.75,23.95,11895
20200615,23.48,24.43,23.48,24.41,7113
20200616,25.28,25.28,24.53,24.7,14374
20200617,24.81,24.81,24.55,24.56,7800
20200618,24.33,24.67,24.33,24.55,58300
20200619,24.85,24.86,24.22,24.35,12070
20200622,24.08,24.44,24.02,24.41,34111
20200623,24.81,24.81,24.43,24.43,13243
20200624,24.27,24.27,23.52,23.63,20075
20200625,23.54,23.89,23.44,23.89,8626
20200626,23.75,23.84,23.31,23.31,106940
20200629,23.67,23.98,23.45,23.98,3594
20200630,23.88,24.34,23.88,24.3,100816
20200701,24.3,24.34,24.11,24.18,14200
20200702,24.62,24.67,24.24,24.31,28223
20200706,24.68,24.74,24.46,24.56,24715
20200707,24.48,24.48,24.09,24.09,49823
20200708,24.13,24.3,23.94,24.22,10551
20200709,24.24,24.24,23.67,23.82,12853
20200710,23.81,24.16,23.77,24.16,7228
20200713,24.34,24.57,24.03,24.03,9483
20200714,24.03,24.41,23.99,24.41,9881
20200715,24.69,25.15,24.69,25.07,9340
20200716,25.04,25.24,25.02,25.08,7900
20200717,25.2,25.27,25.07,25.21,3629
20200720,25.11,25.11,24.97,25.08,50392
20200721,25.29,25.48,25.29,25.35,9237
20200722,25.21,25.54,25.21,25.53,12016
20200723,25.78,25.98,25.64,25.73,19697
20200724,25.64,25.66,25.48,25.48,11251
20200727,25.69,25.74,25.54,25.74,9427
20200728,25.55,25.69,25.47,25.47,11122
20200729,25.58,25.98,25.58,25.95,3841
20200730,25.56,25.84,25.46,25.84,4844
20200731,25.78,25.78,25.34,25.47,4339
20200803,25.75,25.96,25.75,25.93,9168
20200804,25.85,25.91,25.8,25.91,7108
20200805,26.01,26.12,25.96,26.09,2403
20200806,26.13,26.15,25.97,26.12,11905
20200807,26.11,26.36,26.1,26.3,9193
20200810,26.52,26.67,26.51,26.57,7792
20200811,26.74,27.04,26.7,26.7,105315
20200812,26.95,26.95,26.77,26.83,8943
20200813,26.84,26.84,26.67,26.72,9339
20200814,26.61,26.8,26.61,26.67,5529
20200817,26.72,26.75,26.66,26.7,15404
20200818,26.77,26.77,26.51,26.54,7071
20200819,26.52,26.58,26.43,26.45,13781
20200820,26.29,26.3,26.07,26.23,5085
20200821,26.18,26.22,26.13,26.22,6524
20200824,26.47,26.52,26.31,26.48,26487
20200825,26.6,26.62,26.38,26.55,12717
20200826,26.5,26.55,26.42,26.52,5581
20200827,26.76,26.77,26.61,26.68,18869
20200828,26.84,26.84,26.64,26.82,8492
20200831,26.84,26.84,26.59,26.59,9884
20200901,26.63,26.71,26.55,26.71,7166
20200902,26.91,27.2,26.91,27.17,11506
20200903,27.16,27.16,26.28,26.28,13037
20200904,26.53,26.63,25.97,26.35,6196
20200908,26.09,26.09,25.66,25.84,5834
20200909,26.03,26.23,26.01,26.07,11032
20200910,26.21,26.21,25.75,25.84,6538
20200911,25.93,25.93,25.67,25.81,4908
20200914,25.97,26.17,25.95,26.08,6648
20200915,26.26,26.31,26.05,26.16,15925
20200916,26.19,26.39,26.13,26.16,9020
20200917,25.89,26.16,25.88,26.11,14468
20200918,26.18,26.18,25.71,25.8,9711
20200921,25.31,25.49,24.93,25.14,14166
20200922,25.17,25.35,25.08,25.28,6497
20200923,25.35,25.43,24.96,24.96,9193
20200924,24.83,24.91,24.56,24.91,11540
20200925,24.77,25.17,24.77,25.11,8946
20200928,25.36,25.66,25.36,25.61,19557
20200929,25.63,25.63,25.34,25.53,6283
20200930,25.63,25.8,25.51,25.51,6297
20201001,25.77,25.77,25.56,25.63,6605
20201002,25.26,26.01,25.26,25.99,11556
20201005,26.14,26.38,26.14,26.37,14724
20201006,26.43,26.81,26.31,26.31,39071
20201007,26.61,26.68,26.49,26.64,7515
20201008,26.91,27.05,26.91,27.04,7188
20201009,27.16,27.29,27.08,27.14,7403
20201012,27.26,27.48,27.26,27.43,7765
20201013,27.39,27.39,27.14,27.27,9394
20201014,27.27,27.4,27.11,27.2,11278
20201015,26.92,27.33,26.89,27.33,8212
20201016,27.33,27.45,27.32,27.32,9502
20201019,27.43,27.43,26.89,26.9,7623
20201020,27.12,27.19,26.96,26.97,10570
20201021,27.05,27.12,26.99,27.01,7380
20201022,27.12,27.21,27.01,27.21,4987
20201023,27.22,27.36,27.19,27.32,1730
20201026,27.19,27.2,26.77,26.94,5359
20201027,27.03,27.03,26.78,26.8,17415
20201028,26.33,26.33,26.03,26.04,14203
20201029,25.93,26.34,25.91,26.31,6687
20201030,26.23,26.27,25.98,26.01,6670
20201102,26.5,26.68,26.46,26.61,7632
20201103,27.03,27.27,27.03,27.25,41055
20201104,27.11,27.46,27.04,27.14,121084
20201105,27.5,27.73,27.5,27.63,41230
20201106,27.61,27.63,27.43,27.47,5470
20201109,28.63,28.92,28.21,28.21,31235
20201110,28.16,28.66,28.16,28.62,14382
20201111,28.83,28.83,28.36,28.55,18499
20201112,28.34,28.34,27.89,27.93,16822
20201113,28.29,28.7,28.29,28.65,9973
20201116,29.15,29.16,28.88,29.16,20427
20201117,28.97,29.25,28.8,29.1,16854
20201118,29.19,29.27,28.91,28.91,11800
20201119,28.76,28.86,28.61,28.85,20752
20201120,28.77,28.89,28.71,28.84,7242
20201123,28.94,29.29,28.94,29.24,5828
20201124,29.54,29.76,29.45,29.74,13951
20201125,29.71,29.71,29.34,29.41,18659
20201127,29.44,29.45,29.31,29.4,1775
20201130,29.3,29.3,28.98,28.98,15164
20201201,29.25,29.4,29.14,29.22,8319
20201202,29.21,29.22,28.96,29.07,15985
20201203,29.19,29.3,29.11,29.18,14195
20201204,29.36,29.7,29.36,29.7,15252
20201207,29.7,29.7,29.55,29.63,10170
20201208,29.54,29.81,29.54,29.77,61928
20201209,29.84,29.95,29.75,29.87,11442
20201210,29.82,29.87,29.57,29.85,26315
20201211,29.79,30.01,29.78,29.91,9415
20201214,30.17,30.31,29.82,29.82,35830
20201215,30.05,30.32,29.97,30.24,12038
20201216,30.41,30.41,30.14,30.22,15079
20201217,30.41,30.43,30.36,30.41,7506
20201218,30.4,30.53,30.34,30.4,6806
20201221,30.31,30.31,29.78,30.12,13318
20201222,30.28,30.28,30.12,30.16,22185
20201223,30.34,30.48,30.34,30.42,7830
20201224,30.51,30.51,30.35,30.42,1503
20201228,30.73,30.73,30.54,30.61,10898
20201229,30.73,30.73,30.19,30.22,19441
20201230,30.31,30.6,30.31,30.42,21308
20201231,30.51,30.59,30.24,30.59,7672
20210104,30.71,30.79,30.06,30.24,30883
20210105,30.1,30.58,30.1,30.46,40719
20210106,30.98,31.62,30.98,31.42,20702
20210107,31.71,31.75,31.52,31.74,17478
20210108,31.79,31.83,31.29,31.51,21031
20210111,31.41,31.59,31.41,31.51,4575
20210112,31.68,31.8,31.57,31.8,10914
20210113,31.89,31.89,31.55,31.55,14070
20210114,31.63,31.8,31.62,31.65,189406
20210115,31.51,31.57,31.24,31.45,23526
20210119,31.75,31.75,31.52,31.58,8139
20210120,31.81,31.83,31.66,31.81,12534
20210121,31.93,31.94,31.64,31.68,20418
20210122,31.55,31.74,31.41,31.74,23427
20210125,31.76,32,31.57,31.76,11999
20210126,32.06,32.06,31.47,31.51,24188
20210127,31.16,31.3,30.8,30.9,21070
20210128,31.04,31.2,30.83,30.83,10851
20210129,30.69,30.8,30.24,30.29,15312
20210201,30.51,30.77,30.31,30.77,12043
20210202,31.01,31.16,31.01,31.09,7645
20210203,31.25,31.25,31.01,31.11,5657
20210204,31.09,31.51,31.09,31.5,34168
20210205,31.76,31.77,31.58,31.71,14515
20210208,31.92,32.21,31.73,32.21,8136
20210209,32.21,32.37,32.09,32.34,10969
20210210,32.41,32.42,32.24,32.29,14520
20210211,32.45,32.49,32.18,32.46,18382
20210212,32.45,32.51,32.33,32.48,26669
20210216,32.56,32.56,32.31,32.34,9039
20210217,32.18,32.3,32.04,32.24,10482
20210218,32.13,32.17,31.96,32.12,94235
20210219,32.21,32.35,32.19,32.32,35340
20210222,32.21,32.39,32.13,32.3,21857
20210223,32.23,32.46,31.92,32.4,5146
20210224,32.48,32.74,32.36,32.73,13217
20210225,32.81,32.81,32.12,32.12,8735
20210226,32.26,32.26,32,32.04,5383
20210301,32.35,32.65,32.35,32.54,23644
20210302,32.65,32.65,32.21,32.33,5785
20210303,32.26,32.53,32.17,32.17,14200
20210304,32,32.15,31.34,31.52,15930
20210305,31.83,32.39,31.48,32.39,16532
20210308,32.43,32.98,32.43,32.78,8410
20210309,33.07,33.08,32.74,32.74,9849
20210310,32.81,33.26,32.8,33.23,13319
20210311,33.26,33.49,33.26,33.4,10704
20210312,33.35,33.68,33.35,33.68,3364
20210315,33.71,33.94,33.62,33.94,10193
20210316,34.04,34.04,33.67,33.72,12936
20210317,33.67,33.84,33.46,33.84,16504
20210318,33.82,34.05,33.53,33.53,10794
20210319,33.63,33.63,33.34,33.45,20108
20210322,33.63,33.63,33.12,33.26,10625
20210323,32.9,33.18,32.61,32.73,12263
20210324,33.04,33.11,32.71,32.71,7335
20210325,32.64,33.21,32.49,33.18,8458
20210326,33.42,33.57,33.42,33.42,2818
20210329,33.58,33.82,33.43,33.47,19081
20210330,33.48,33.75,33.48,33.68,5987
20210331,33.81,33.83,33.59,33.67,5785
20210401,33.71,33.98,33.67,33.96,1535
20210405,34.28,34.34,34.13,34.34,12753
20210406,34.39,34.46,34.34,34.34,6428
20210407,34.42,34.42,34.03,34.03,5593
20210408,34.23,34.23,33.96,34.23,11284
20210409,34.24,34.32,34.11,34.32,9605
20210412,34.33,34.45,34.33,34.4,5048
20210413,34.38,34.51,34.14,34.22,16600
20210414,34.3,34.47,34.23,34.32,12367
20210415,34.46,34.57,34.36,34.54,27667
20210416,34.74,34.9,34.73,34.84,12504
20210419,34.89,34.89,34.57,34.71,6258
20210420,34.81,34.81,34.33,34.47,13917
20210421,34.42,34.91,34.42,34.91,21592
20210422,34.9,35.1,34.72,34.81,13982
20210423,34.97,35.3,34.93,35.21,11276
20210426,35.42,35.42,35.08,35.08,18692
20210427,35.04,35.14,35.04,35.1,8443
20210428,35.25,35.25,35.05,35.09,17000
20210429,35.33,35.37,35.16,35.31,21010
20210430,35.01,35.05,34.83,34.83,15845
20210503,35.09,35.36,34.96,35.13,12838
20210504,35.07,35.18,34.99,35.11,30807
20210505,35.03,35.16,34.83,35.11,12355
20210506,35.23,35.23,34.97,35.2,25000
20210507,35.46,35.64,35.2,35.63,9955
20210510,35.8,35.91,35.47,35.47,25936
20210511,35.2,35.2,34.87,34.98,8795
20210512,34.98,35.02,34.23,34.23,12433
20210513,34.46,35.1,34.46,34.97,9554
20210514,35.21,35.36,35.11,35.31,17669
20210517,35.22,35.23,35.07,35.16,9815
20210518,35.07,35.09,34.77,34.77,9178
20210519,34.6,34.69,34.23,34.69,43430
20210520,34.63,34.92,34.63,34.92,4142
20210521,35.03,35.17,34.85,34.92,8849
20210524,35.01,35.1,35,35.03,2383
20210525,35.19,35.19,34.78,34.78,6453
20210526,34.73,35.01,34.73,34.99,9133
20210527,35.07,35.25,35.07,35.15,18458
20210528,35.3,35.3,35.01,35.16,8250
20210601,35.37,35.4,35.21,35.37,11764
20210602,35.52,35.52,35.16,35.17,10150
20210603,35.02,35.08,34.86,35.08,13140
20210604,35.25,35.25,35.06,35.23,13024
20210607,35.31,35.31,35.05,35.14,10309
20210608,35.06,35.35,35.06,35.34,8116
20210609,35.37,35.37,35.18,35.18,2034
20210610,35.16,35.28,35.14,35.19,15083
20210611,35.2,35.43,35.2,35.43,26505
20210614,35.51,35.51,35.12,35.24,8269
20210615,35.19,35.33,35.13,35.24,5614
20210616,35.21,35.21,34.86,34.98,6238
20210617,34.66,34.66,34.32,34.57,12984
20210618,34.16,34.26,33.88,33.93,6731
20210621,34.33,34.5,34.33,34.5,9838
20210622,34.53,34.53,34.2,34.44,10922
20210623,34.38,34.46,34.29,34.31,28597
20210624,34.53,34.54,34.34,34.52,8082
20210625,34.61,34.88,34.56,34.88,3765
20210628,34.97,34.97,34.55,34.59,6448
20210629,34.62,34.83,34.62,34.65,8932
20210630,34.65,34.73,34.6,34.72,6495
20210701,34.9,35.07,34.89,35.05,5014
20210702,35.08,35.08,34.86,34.97,4826
20210706,34.91,34.91,34.36,34.7,11519
20210707,34.72,34.96,34.72,34.96,14598
20210708,34.48,34.76,34.29,34.49,10044
20210709,34.7,34.99,34.7,34.94,9462
20210712,34.98,34.99,34.93,34.99,2587
20210713,35.03,35.03,34.65,34.65,8291
20210714,34.69,34.7,34.62,34.64,3905
20210715,34.57,34.64,34.44,34.56,24931
20210716,34.67,34.67,34.38,34.39,7715
20210719,34.05,34.05,33.64,33.88,9165
20210720,33.98,34.75,33.98,34.54,14751
20210721,34.95,34.95,34.77,34.81,8252
20210722,34.83,34.83,34.43,34.44,4958
20210723,34.72,34.96,34.72,34.96,3741
20210726,34.9,35.06,34.9,34.95,13922
20210727,34.8,34.94,34.73,34.88,7268
20210728,35,35.16,34.73,35.07,4050
20210729,35.2,35.59,35.2,35.49,9496
20210730,35.46,35.6,35.46,35.49,3958
20210802,35.78,35.9,35.62,35.62,11176
20210803,35.55,35.71,35.43,35.66,2815
20210804,35.63,35.63,35.33,35.35,7557
20210805,35.36,35.62,35.36,35.49,4912
20210806,35.76,35.81,35.67,35.74,2169
20210809,35.51,35.69,35.51,35.59,1472
20210810,35.64,35.78,35.61,35.68,3038
20210811,35.83,35.9,35.74,35.9,2129
20210812,35.84,35.89,35.81,35.89,10878
20210813,36.02,36.02,35.93,35.97,824
20210816,35.85,36.12,35.78,36.1,3796
20210817,35.87,35.87,35.58,35.76,10319
20210818,35.66,35.71,35.33,35.33,32425
20210819,35.1,35.26,35.1,35.15,3158
20210820,35.24,35.49,35.24,35.49,1090
20210823,35.63,35.68,35.53,35.64,5901
20210824,35.77,35.79,35.7,35.71,3645
20210825,35.68,35.91,35.68,35.84,5640
20210826,35.85,35.85,35.52,35.54,7740
20210827,35.84,36.06,35.84,36.06,640
20210830,36.2,36.21,36.11,36.11,3319
20210831,36.03,36.07,35.97,35.99,2871
20210901,36.13,36.13,35.82,36.09,3419
20210902,36.13,36.27,36.13,36.27,12843
20210903,36.25,36.25,36.12,36.12,1763
20210907,36.05,36.05,35.68,35.7,5939
20210908,35.51,35.67,35.39,35.62,1538
20210909,35.71,35.8,35.55,35.55,3796
20210910,35.71,35.71,35.37,35.44,3428
20210913,35.43,35.43,35.25,35.25,7429
20210914,35.15,35.28,35.03,35.05,2819
20210915,35.21,35.42,35.15,35.42,3032
20210916,35.34,35.35,35.14,35.22,4335
20210917,35.04,35.11,34.96,35.06,3033
20210920,34.64,34.64,34.19,34.53,15685
20210921,34.64,34.72,34.36,34.37,4901
20210922,34.5,34.86,34.5,34.69,8313
20210923,34.79,35.25,34.79,35.02,9463
20210924,34.89,35.19,34.89,35.19,2959
20210927,35.17,35.45,35.17,35.33,2632
20210928,35.24,35.24,34.85,34.86,11556
20210929,34.98,35.13,34.98,34.98,16567
20210930,35.04,35.09,34.45,34.45,8583
20211001,34.55,35.01,34.38,34.88,10490
20211004,34.82,35.04,34.65,34.92,6500
20211005,34.92,35.28,34.92,35.1,6589
20211006,34.8,35.05,34.66,35.05,3575
20211007,35.23,35.66,35.23,35.4,22198
20211008,35.41,35.46,35.34,35.38,5271
20211011,35.3,35.54,35.13,35.13,9487
20211012,35.13,35.28,35.01,35.1,5839
20211013,35.13,35.18,35.05,35.18,4239
20211014,35.46,35.78,35.45,35.78,5445
20211015,36.05,36.05,35.88,35.88,20059
20211018,35.75,35.86,35.75,35.83,26317
20211019,35.95,35.99,35.9,35.96,8425
20211020,35.96,36.24,35.96,36.19,3739
20211021,36.21,36.32,36.16,36.32,1607
20211022,36.42,36.5,36.31,36.33,9548
20211025,36.46,36.52,36.33,36.44,7076
20211026,36.3,36.47,36.2,36.2,6382
20211027,36.03,36.08,35.53,35.53,9943
20211028,35.67,36.09,35.67,35.99,10522
20211029,36.17,36.2,36.15,36.19,1373
20211101,36.44,36.78,36.44,36.73,7259
20211102,36.74,36.74,36.61,36.61,2470
20211103,36.55,36.94,36.55,36.94,4662
20211104,37.12,37.12,36.78,36.82,5250
20211105,37.13,37.35,37.09,37.21,40870
20211108,37.15,37.2,37.09,37.18,10248
20211109,37.16,37.19,37.02,37.11,14730
20211110,37.19,37.21,36.98,37.08,14043
20211111,37.22,37.24,37.16,37.24,27882
20211112,37.29,37.49,37.29,37.43,3830
20211115,37.5,37.58,37.34,37.34,2050
20211116,37.45,37.63,37.43,37.43,4641
20211117,37.32,37.32,37.1,37.24,7707
20211118,37.08,37.08,36.95,36.97,5434
20211119,36.85,36.97,36.85,36.85,3610
20211122,37.01,37.18,36.95,36.96,3463
20211123,37.02,37.02,36.78,36.99,4907
20211124,36.91,36.91,36.87,36.89,1659
20211126,36.21,36.21,35.89,35.97,9651
20211129,36.31,36.31,35.9,35.96,9289
20211130,35.76,35.76,34.96,34.96,5963
20211201,35.42,35.72,34.67,34.67,8558
20211202,34.74,35.71,34.74,35.56,3154
20211203,35.64,35.64,35.19,35.37,6288
20211206,35.62,36.05,35.62,35.9,4643
20211207,36.2,36.46,36.17,36.23,7461
20211208,36.26,36.33,36.17,36.3,3579
20211209,36.17,36.21,36.04,36.04,3455
20211210,36.04,36.2,36.02,36.2,8364
20211213,36.12,36.22,35.97,36.08,4461
20211214,36.09,36.2,35.97,36.07,3691
20211215,35.99,36.37,35.86,36.37,35855
20211216,36.58,36.62,36.27,36.27,7507
20211217,35.97,36.26,35.97,35.98,5302
20211220,35.46,35.46,34.9,35.31,4219
20211221,35.75,35.98,35.75,35.88,5147
20211222,36.05,36.2,36.05,36.2,4065
20211223,36.26,36.53,36.26,36.43,9465
20211227,36.4,36.96,36.4,36.96,6002
20211228,37.04,37.13,37,37.13,5836
20211229,37.15,37.24,37.1,37.24,6637
20211230,37.29,37.31,37.04,37.09,20017
20211231,37.06,37.29,37.06,37.15,3638
20220103,37.33,37.33,36.89,37.11,13289
20220104,37.2,37.61,37.2,37.54,8316
20220105,37.56,37.64,36.84,36.85,5103
20220106,37.07,37.13,36.82,36.97,16067
20220107,36.95,36.95,36.72,36.84,6004
20220110,36.79,36.79,36.39,36.58,3849
20220111,36.92,36.93,36.5,36.91,9660
20220112,36.98,37.13,36.68,36.82,12229
20220113,36.97,37.08,36.76,36.77,10659
20220114,36.51,36.6,36.28,36.6,7623
20220118,36.27,36.27,35.87,35.9,6899
20220119,35.97,36.03,35.58,35.58,17239
20220120,35.8,35.96,35.11,35.11,10083
20220121,35,35.33,34.75,34.87,10817
20220124,34.35,35.12,34.02,35.12,13785
20220125,34.75,34.88,34.18,34.81,8319
20220126,34.71,35.02,34.24,34.34,6252
20220127,34.69,34.769,33.9871,34.1,18419
20220128,33.9915,34.7,33.84,34.69,11136
20220131,34.49,35.28,34.49,35.28,5070
20220201,35.3421,35.43,35.089,35.43,9319
20220202,35.41,35.52,35.2759,35.52,6961
20220203,35.2,35.35,35.03,35.03,6902
20220204,35.02,35.02,34.5,35.005,2239
20220207,34.7626,34.909,34.69,34.69,4849
20220208,34.855,35.24,34.82,35.24,10275
20220209,35.725,35.74,35.62,35.62,37369
20220210,35.26,35.49,35.0096,35.0096,4311
20220211,34.98,35.14,34.63,34.68,1592
20220214,34.55,34.78,34.4059,34.69,11144
20220215,35.05,35.24,35.04,35.17,21200
20220216,35.04,35.2932,34.97,35.25,5184
20220217,35.06,35.06,34.6974,34.715,4317
20220218,34.7,34.82,34.579,34.68,13932
