Date,Open,High,Low,Close,Volume
20170208,18.633,18.693,18.633,18.67,17957
20170209,19.07,19.07,18.577,18.7,6413
20170210,18.7,18.722,18.675,18.722,10740
20170213,18.757,18.774,18.721,18.752,6617
20170214,18.767,18.767,18.722,18.743,5064
20170215,19.011,19.011,18.728,18.728,13448
20170216,19.107,19.107,18.715,18.715,14532
20170217,18.804,18.811,18.737,18.737,15933
20170221,18.737,18.818,18.717,18.796,4185
20170222,18.841,18.856,18.796,18.796,9991
20170223,18.825,18.87,18.643,18.854,13570
20170224,18.944,18.944,18.855,18.883,6314
20170227,18.967,18.967,18.919,18.93,7036
20170228,18.956,18.97,18.944,18.944,12176
20170301,18.966,18.981,18.937,18.959,7970
20170302,18.944,18.981,18.87,18.952,22231
20170303,19.248,19.248,18.898,18.922,11359
20170306,19.248,19.248,18.818,18.818,7484
20170307,18.804,18.848,18.804,18.841,16715
20170308,18.848,18.848,18.693,18.693,19934
20170309,18.737,18.752,18.527,18.596,13000
20170310,18.604,18.604,18.548,18.604,6750
20170313,18.641,18.663,18.619,18.619,18950
20170314,18.796,18.796,18.47,18.604,13206
20170315,18.614,18.759,18.614,18.707,4388
20170316,18.781,18.781,18.73,18.743,1620
20170317,18.826,18.826,18.781,18.781,4752
20170320,18.858,18.858,18.806,18.806,2729
20170321,18.799,18.799,18.733,18.751,2045
20170322,18.769,18.784,18.769,18.775,1074
20170323,18.828,18.828,18.814,18.821,806
20170324,18.894,18.903,18.894,18.903,3361
20170327,18.848,18.851,18.843,18.843,3146
20170328,18.858,18.865,18.855,18.865,1276
20170329,18.917,18.924,18.895,18.903,4071
20170330,18.858,18.984,18.858,18.932,8798
20170331,18.992,19.022,18.955,18.955,7207
20170403,18.999,19.096,18.977,19.065,6950
20170404,19.051,19.051,19.014,19.014,1611
20170405,19.071,19.074,18.999,18.999,5647
20170406,18.962,19.007,18.962,18.999,2149
20170407,19.185,19.185,19.044,19.044,6587
20170410,19.059,19.096,19.051,19.074,6589
20170411,19.193,19.193,19.074,19.139,2553
20170412,19.169,19.17,19.163,19.163,537
20170413,19.146,19.147,19.133,19.133,3361
20170417,19.184,19.184,19.163,19.163,1209
20170418,19.148,19.178,19.133,19.138,2408
20170419,19.228,19.228,19.103,19.17,10075
20170420,19.261,19.261,19.179,19.179,1205
20170421,18.992,19.216,18.992,19.209,695
20170424,19.216,19.223,19.111,19.201,2406
20170425,19.223,19.223,19.201,19.209,5308
20170426,19.216,19.216,19.179,19.186,1646
20170427,19.238,19.238,19.119,19.119,5481
20170428,19.179,19.191,19.179,19.185,2975
20170501,19.216,19.216,19.212,19.215,6819
20170502,19.194,19.2,19.179,19.179,1502
20170503,19.186,19.194,19.182,19.182,1338
20170504,19.171,19.171,19.156,19.156,2538
20170505,19.152,19.164,19.152,19.164,1444
20170508,19.261,19.261,19.149,19.186,143197
20170509,19.238,19.238,19.152,19.156,83908
20170510,19.231,19.231,19.149,19.171,85589
20170511,19.201,19.216,19.171,19.202,35970
20170512,19.231,19.261,19.221,19.246,41717
20170515,20.19,20.19,19.261,19.261,63130
20170516,19.268,19.268,19.253,19.253,62670
20170517,19.224,19.264,19.224,19.253,22811
20170518,19.403,19.403,19.231,19.257,30645
20170519,19.306,19.306,19.231,19.233,28377
20170522,19.343,19.343,19.216,19.298,11969
20170523,19.336,19.336,19.287,19.306,13518
20170524,19.313,19.328,19.283,19.302,14239
20170525,19.336,19.336,19.321,19.325,13117
20170526,19.366,19.366,19.291,19.321,16099
20170530,19.276,19.306,19.276,19.283,16635
20170531,19.298,19.313,19.283,19.302,15559
20170601,19.326,19.334,19.299,19.299,9243
20170602,19.336,19.441,19.313,19.441,8434
20170605,19.334,19.441,19.313,19.433,7124
20170606,19.456,19.456,19.328,19.399,38524
20170607,19.456,19.456,19.381,19.385,6313
20170608,19.388,19.396,19.329,19.336,7154
20170609,19.404,19.418,19.321,19.373,9740
20170612,19.351,19.508,19.351,19.508,12795
20170613,19.515,19.545,19.476,19.545,35038
20170614,19.575,19.628,19.575,19.59,24096
20170615,19.62,19.62,19.545,19.62,8019
20170616,19.613,19.635,19.613,19.634,2271
20170619,19.59,19.643,19.575,19.624,4420
20170620,19.837,19.837,19.636,19.703,97100
20170621,20.44,20.44,19.635,19.733,78065
20170622,19.807,19.807,19.673,19.673,25071
20170623,19.658,19.695,19.621,19.688,4397
20170626,19.792,19.792,19.673,19.699,13002
20170627,19.718,19.725,19.68,19.695,8707
20170628,19.695,19.703,19.688,19.688,5747
20170629,19.665,19.673,19.665,19.67,6160
20170630,19.65,19.707,19.65,19.65,3774
20170703,19.665,19.7,19.65,19.695,27923
20170705,19.725,19.725,19.689,19.71,9091
20170706,19.688,19.695,19.635,19.636,15351
20170707,19.658,19.664,19.568,19.65,13629
20170710,19.575,19.665,19.575,19.65,11516
20170711,19.77,19.77,19.583,19.643,9462
20170712,19.583,19.695,19.575,19.688,4953
20170713,19.807,19.807,19.665,19.667,11390
20170714,19.695,19.733,19.695,19.733,2943
20170717,19.747,19.77,19.747,19.755,16831
20170718,19.747,19.762,19.74,19.747,13563
20170719,19.767,19.818,19.767,19.78,2673
20170720,19.869,19.869,19.786,19.801,6035
20170721,19.786,19.801,19.778,19.801,7882
20170724,19.937,19.937,19.831,19.837,8662
20170725,19.778,19.839,19.748,19.748,10422
20170726,19.786,19.786,19.71,19.776,9286
20170727,19.778,19.778,19.687,19.703,8220
20170728,19.823,19.823,19.793,19.793,3019
20170731,19.937,19.937,19.68,19.733,4692
20170801,19.733,19.822,19.733,19.786,6122
20170802,19.763,19.815,19.763,19.801,12377
20170803,19.808,19.808,19.71,19.71,7268
20170804,19.765,19.778,19.744,19.778,2859
20170807,19.764,19.786,19.764,19.786,4896
20170808,19.785,19.786,19.778,19.781,1058
20170809,19.71,19.71,19.649,19.685,41487
20170810,19.574,19.642,19.574,19.596,18754
20170811,19.521,19.581,19.506,19.513,4757
20170814,19.536,19.659,19.536,19.659,7974
20170815,19.551,19.687,19.551,19.672,17255
20170816,19.71,19.716,19.702,19.71,13303
20170817,19.687,19.71,19.675,19.695,11758
20170818,19.695,19.695,19.679,19.681,3899
20170821,19.748,19.748,19.702,19.718,28015
20170822,19.68,19.718,19.68,19.702,23332
20170823,19.672,19.718,19.672,19.71,4368
20170824,19.71,19.722,19.708,19.709,6548
20170825,19.755,19.755,19.702,19.738,2346
20170828,19.672,19.749,19.672,19.725,21691
20170829,19.635,19.761,19.62,19.756,5899
20170830,19.612,19.793,19.612,19.793,3300
20170831,19.759,19.793,19.759,19.793,1509
20170901,19.788,19.848,19.733,19.839,14907
20170905,19.914,19.914,19.755,19.842,12537
20170906,19.793,19.793,19.74,19.778,41856
20170907,19.763,19.861,19.763,19.846,34881
20170908,19.869,19.869,19.831,19.831,4778
20170911,19.831,19.869,19.793,19.812,12801
20170912,19.854,19.859,19.854,19.859,792
20170913,19.883,19.884,19.824,19.875,2779
20170914,19.823,19.838,19.801,19.829,29351
20170915,19.627,19.884,19.627,19.854,16750
20170918,19.922,19.945,19.899,19.903,16779
20170919,20.02,20.02,19.89,19.899,22670
20170920,19.982,19.982,19.901,19.914,11388
20170921,19.907,19.92,19.907,19.914,5284
20170922,19.899,19.914,19.863,19.863,8861
20170925,19.884,19.899,19.861,19.869,15677
20170926,19.922,19.922,19.884,19.892,5416
20170927,19.877,19.877,19.85,19.854,11309
20170928,19.847,19.864,19.847,19.862,1849
20170929,19.937,19.937,19.861,19.861,5649
20171002,19.867,19.867,19.789,19.791,9523
20171003,19.793,19.808,19.748,19.771,6403
20171004,19.748,19.763,19.733,19.733,6580
20171005,19.755,19.755,19.71,19.71,2946
20171006,19.672,19.687,19.597,19.619,51715
20171009,19.596,19.692,19.596,19.655,12745
20171010,19.672,19.672,19.642,19.663,2247
20171011,19.665,19.693,19.665,19.687,1426
20171012,19.672,19.71,19.672,19.695,3104
20171013,19.672,19.77,19.672,19.755,12699
20171016,19.748,19.763,19.733,19.733,5340
20171017,19.695,19.74,19.65,19.725,4360
20171018,19.717,19.733,19.696,19.71,3378
20171019,19.748,19.748,19.733,19.743,5010
20171020,19.826,19.826,19.734,19.753,16329
20171023,19.782,19.839,19.782,19.816,4138
20171024,19.765,19.834,19.765,19.807,5342
20171025,19.742,19.742,19.726,19.733,8841
20171026,19.749,19.773,19.726,19.73,3013
20171027,19.726,19.815,19.696,19.802,7963
20171030,19.941,19.941,19.788,19.803,5162
20171031,19.819,19.819,19.742,19.819,2067
20171101,19.833,19.845,19.819,19.819,3140
20171102,19.805,19.805,19.787,19.787,1173
20171103,19.803,19.811,19.796,19.796,4432
20171106,19.811,19.826,19.757,19.757,3757
20171107,19.726,19.773,19.688,19.688,7570
20171108,19.722,19.773,19.722,19.742,3104
20171109,19.688,19.74,19.688,19.724,4949
20171110,19.688,19.759,19.688,19.711,8733
20171113,19.688,19.765,19.688,19.719,4507
20171114,19.726,19.749,19.677,19.677,4310
20171115,19.687,19.688,19.683,19.683,1173
20171116,19.707,19.715,19.696,19.696,4755
20171117,19.726,19.734,19.726,19.734,2496
20171120,19.865,19.865,19.673,19.719,5515
20171121,19.788,19.788,19.696,19.765,4091
20171122,19.665,19.811,19.665,19.803,6887
20171124,19.769,19.803,19.769,19.803,1385
20171127,19.849,19.865,19.834,19.849,6449
20171128,19.949,19.949,19.795,19.826,6239
20171129,19.765,19.803,19.727,19.803,3060
20171130,19.803,19.857,19.796,19.796,33108
20171201,19.811,19.811,19.788,19.788,3102
20171204,19.849,19.858,19.757,19.841,2214
20171205,19.865,19.872,19.838,19.838,1932
20171206,19.957,19.957,19.789,19.842,4559
20171207,19.849,19.88,19.796,19.875,4944
20171208,19.888,19.894,19.872,19.894,1178
20171211,19.87,19.903,19.757,19.852,6701
20171212,19.772,19.849,19.772,19.838,2358
20171213,19.872,19.872,19.765,19.814,4057
20171214,19.764,19.803,19.764,19.79,1486
20171215,19.88,19.88,19.826,19.88,5427
20171218,19.842,19.872,19.811,19.865,7635
20171219,19.865,19.918,19.865,19.868,2174
20171220,19.783,19.923,19.783,19.861,7082
20171221,19.783,19.876,19.736,19.853,6484
20171222,19.884,19.884,19.853,19.858,2524
20171226,19.876,19.876,19.837,19.845,5454
20171227,19.841,19.845,19.791,19.83,7302
20171228,19.892,19.892,19.767,19.806,41416
20171229,19.783,19.884,19.759,19.798,8345
20180102,19.931,19.935,19.756,19.783,9344
20180103,19.802,19.837,19.798,19.802,3847
20180104,19.752,19.837,19.666,19.783,9399
20180105,19.884,19.884,19.736,19.744,2181
20180108,19.791,19.791,19.728,19.744,5812
20180109,19.726,19.759,19.726,19.736,2439
20180110,19.541,19.724,19.417,19.713,7798
20180111,19.604,19.643,19.604,19.643,10820
20180112,19.557,19.683,19.557,19.658,8119
20180116,19.845,19.845,19.636,19.636,3625
20180117,19.627,19.697,19.627,19.65,2834
20180118,19.65,19.65,19.425,19.522,55614
20180119,19.541,19.541,19.479,19.495,3667
20180122,19.502,19.502,19.487,19.502,1162
20180123,19.487,19.572,19.487,19.572,6347
20180124,19.479,19.534,19.479,19.526,2311
20180125,19.537,19.537,19.479,19.479,3873
20180126,19.479,19.495,19.432,19.432,3387
20180129,19.471,19.471,19.122,19.136,7074
20180130,19.136,19.232,19.004,19.004,7387
20180131,19.214,19.214,19.043,19.121,3172
20180201,19.06,19.216,19.004,19.137,8415
20180202,18.985,19.002,18.965,19.002,1926
20180205,18.731,18.867,18.731,18.762,8595
20180206,18.762,18.888,18.744,18.888,4106
20180207,19.02,19.02,18.901,18.965,4238
20180208,18.954,18.988,18.779,18.779,2697
20180209,18.815,18.815,18.583,18.622,36985
20180212,18.864,18.864,18.7,18.724,8226
20180213,18.79,18.809,18.731,18.731,1850
20180214,18.389,18.677,18.389,18.677,2389
20180215,18.7,18.7,18.622,18.639,1679
20180216,18.634,18.731,18.634,18.731,1478
20180220,18.521,18.724,18.521,18.722,10942
20180221,18.762,18.762,18.747,18.747,24011
20180222,18.731,18.778,18.731,18.778,7645
20180223,18.782,18.808,18.77,18.808,4235
20180226,18.959,19.004,18.879,18.981,4973
20180227,18.995,18.995,18.933,18.933,417
20180228,18.926,19.039,18.887,19.039,1630
20180301,18.992,18.992,18.938,18.99,1155
20180302,19.09,19.09,19.074,19.082,1339
20180305,18.895,19.074,18.895,19.02,1415
20180306,19.136,19.136,19.043,19.07,3384
20180307,19.082,19.151,19.082,19.129,6687
20180308,19.222,19.23,19.222,19.225,5392
20180309,19.164,19.214,19.105,19.105,1004
20180312,19.175,19.206,19.066,19.12,2441
20180313,19.206,19.206,19.082,19.082,2438
20180314,19.191,19.191,19.191,19.191,128
20180315,19.269,19.269,19.113,19.113,2183
20180316,19.253,19.253,19.253,19.253,128
20180319,19.171,19.23,19.097,19.097,2099
20180320,19.114,19.114,19.114,19.114,127
20180321,19.058,19.093,19.034,19.093,1281
20180322,19.184,19.184,19.184,19.184,127
20180323,19.074,19.169,19.074,19.145,1457
20180326,19.042,19.153,19.042,19.079,3107
20180327,19.121,19.129,19.121,19.129,254
20180328,19.121,19.121,19.042,19.058,1934
20180329,19.085,19.142,19.085,19.137,1199
20180402,19.287,19.287,19.159,19.192,12431
20180403,19.121,19.127,19.119,19.119,2405
20180404,19.148,19.161,19.148,19.16,6338
20180405,19.2,19.2,19.161,19.161,1141
20180406,19.107,19.172,19.107,19.168,1130
20180409,19.176,19.176,19.153,19.161,1413
20180410,19.224,19.224,19.042,19.08,10135
20180411,19.176,19.176,19.082,19.169,1512
20180412,19.125,19.125,19.01,19.01,9564
20180413,19.09,19.176,19.042,19.042,5223
20180416,19.169,19.169,19.082,19.111,2912
20180417,19.105,19.105,19.062,19.062,1393
20180418,19.113,19.113,19.105,19.105,507
20180419,19.121,19.121,19.082,19.089,5743
20180420,19.089,19.089,19.031,19.031,7409
20180423,19.066,19.066,18.939,18.947,4591
20180424,19.03,19.031,18.9,18.9,1755
20180425,18.9,18.9,18.747,18.823,6241
20180426,18.856,18.928,18.856,18.896,1114
20180427,18.963,18.963,18.878,18.955,3374
20180430,18.963,18.963,18.86,18.86,4708
20180501,18.961,18.963,18.872,18.872,1827
20180502,18.955,18.955,18.939,18.955,3457
20180503,18.959,19.003,18.959,19.003,981
20180504,18.977,18.979,18.955,18.973,1276
20180507,18.868,18.962,18.868,18.962,392
20180508,18.955,19.026,18.955,19.026,887
20180509,18.946,18.963,18.932,18.963,2603
20180510,18.963,19.026,18.955,19.026,9636
20180511,19.003,19.003,18.995,19.003,10631
20180514,19.082,19.106,19.082,19.089,507
20180515,18.947,19.105,18.931,18.939,18451
20180516,18.884,19.065,18.884,19.062,1936
20180517,18.958,19.003,18.958,19.003,260
20180518,18.924,19.003,18.924,18.963,1873
20180521,19.119,19.119,18.948,19.042,5220
20180522,18.924,18.964,18.924,18.963,8518
20180523,18.679,19.038,18.679,19.038,5802
20180524,19.033,19.121,18.979,19.066,7523
20180525,19.156,19.176,19.113,19.169,3143
20180529,19.121,20.757,19.105,19.271,58895
20180530,19.208,19.303,18.924,19.224,1772
20180531,19.2,19.208,19.2,19.208,1393
20180601,19.532,19.532,19.135,19.267,2143
20180604,19.216,19.421,19.216,19.421,28562
20180605,19.2,19.508,19.2,19.497,6274
20180606,19.504,19.504,19.492,19.492,885
20180607,19.643,19.643,19.536,19.571,7579
20180608,19.303,19.614,19.303,19.583,1263
20180611,19.647,19.647,19.556,19.579,2532
20180612,19.579,19.619,19.516,19.571,1394
20180613,19.627,19.627,19.532,19.54,6076
20180614,19.536,19.556,19.536,19.548,3354
20180615,19.556,19.556,19.556,19.556,866
20180618,19.556,19.643,19.548,19.643,20933
20180619,19.63,19.65,19.63,19.645,1842
20180620,19.707,19.707,19.691,19.691,4251
20180621,19.674,19.674,19.667,19.667,1247
20180622,19.691,19.691,19.659,19.663,3608
20180625,19.859,19.859,19.651,19.695,1666
20180626,19.723,19.723,19.715,19.719,1593
20180627,19.711,19.715,19.627,19.66,3261
20180628,19.715,19.723,19.651,19.723,4446
20180629,19.732,19.732,19.732,19.732,340
20180702,19.819,19.859,19.795,19.859,7193
20180703,19.883,19.931,19.882,19.931,3220
20180705,19.931,19.931,19.931,19.931,374
20180706,20.01,20.01,19.97,19.97,748
20180709,20.05,20.05,20.05,20.05,411
20180710,20.06,20.06,19.98,19.987,1061
20180711,19.979,20.04,19.931,19.995,1981
20180712,19.975,19.975,19.975,19.975,748
20180713,19.961,20.04,19.961,20,14294
20180716,20,20,19.94,19.963,2633
20180717,19.954,19.955,19.931,19.931,1974
20180718,19.931,19.931,19.918,19.919,3866
20180719,19.891,19.939,19.883,19.895,2046
20180720,19.971,19.971,19.954,19.968,4489
20180723,20.2,20.2,19.884,19.976,2952
20180724,19.925,19.979,19.867,19.891,6322
20180725,20.01,20.01,19.907,19.907,2619
20180726,20.02,20.03,20.01,20.01,1411
20180727,20.22,20.22,19.999,19.999,3318
20180730,20.16,20.16,19.853,19.922,3538
20180731,19.867,19.987,19.867,19.984,4851
20180801,19.907,19.943,19.891,19.891,998
20180802,19.923,19.923,19.795,19.795,4656
20180803,19.955,19.955,19.947,19.951,436
20180806,19.699,19.936,19.699,19.936,3924
20180807,19.811,19.843,19.811,19.843,249
20180809,19.907,19.907,19.891,19.894,748
20180810,19.722,19.862,19.722,19.801,1621
20180813,19.749,19.827,19.749,19.827,1325
20180814,19.883,19.883,19.866,19.866,2460
20180815,19.899,19.899,19.899,19.899,249
20180816,19.811,19.886,19.811,19.885,1756
20180817,19.931,19.931,19.927,19.927,673
20180820,19.883,19.915,19.883,19.915,374
20180821,20.01,20.01,19.891,19.941,2089
20180822,19.995,19.995,19.995,19.995,500
20180823,20.01,20.01,19.987,19.987,2092
20180824,19.987,19.987,19.987,19.987,125
20180827,19.715,20,19.715,19.995,1355
20180828,19.994,19.994,19.972,19.98,2048
20180829,20.03,20.06,20.03,20.05,5112
20180830,20.08,20.08,20.08,20.08,125
20180831,20.08,20.09,20.08,20.09,1993
20180904,20.07,20.09,19.931,19.963,58540
20180905,20.05,20.05,19.923,19.947,2519
20180906,20.05,20.05,19.955,19.955,1627
20180907,19.975,19.975,19.891,19.891,1711
20180910,19.923,19.931,19.891,19.931,1242
20180911,19.976,19.976,19.957,19.957,1870
20180912,19.995,19.995,19.927,19.927,2545
20180913,20.02,20.02,19.936,19.936,6746
20180914,19.931,19.931,19.867,19.883,2743
20180917,20.05,20.05,19.891,19.899,3705
20180918,19.995,19.995,19.891,19.971,17086
20180919,19.955,19.955,19.851,19.851,28873
20180920,19.916,19.916,19.737,19.829,7496
20180921,19.867,19.9,19.867,19.9,5485
20180924,19.876,19.88,19.839,19.839,2647
20180925,19.745,19.786,19.68,19.691,3974
20180926,19.859,19.859,19.705,19.705,3809
20180927,19.817,19.817,19.705,19.81,8692
20180928,19.892,19.892,19.721,19.721,1229
20181001,19.839,19.839,19.623,19.623,3051
20181002,19.629,19.639,19.623,19.631,9357
20181003,19.615,19.615,19.382,19.383,9092
20181004,19.403,19.403,19.208,19.257,16233
20181005,19.257,19.257,19.175,19.249,11454
20181008,19.11,19.185,19.11,19.184,7635
20181009,19.152,19.24,19.152,19.24,3435
20181010,19.167,19.192,19.054,19.054,21002
20181011,18.988,19.021,18.983,19.021,3122
20181012,19.02,19.03,18.972,18.972,7906
20181015,18.984,19.016,18.971,19.016,1556
20181016,19.004,19.167,19,19.106,15849
20181017,19.077,19.094,19.077,19.086,1167
20181018,19.126,19.126,19.012,19.11,1359
20181019,19.11,19.118,19.11,19.118,5638
20181022,18.907,19.257,18.907,19.16,7843
20181023,19.154,19.154,19.129,19.151,1568
20181024,19.143,19.143,19.094,19.102,4912
20181025,19.171,19.171,19.086,19.155,544
20181026,19.187,19.187,19.102,19.15,1719
20181029,19.005,19.237,19.005,19.167,4258
20181030,18.988,19.2,18.988,19.2,2410
20181031,19.387,19.387,19.215,19.247,6871
20181102,19.257,19.257,19.11,19.11,8675
20181105,19.395,19.395,19.175,19.175,2719
20181106,19.24,19.24,19.201,19.201,1349
20181107,19.287,19.287,19.281,19.281,671
20181109,19.24,19.24,19.216,19.216,2304
20181112,19.314,19.314,19.314,19.314,146
20181113,19.224,19.278,19.224,19.244,4309
20181114,19.318,19.318,19.276,19.276,6264
20181115,19.485,19.485,19.24,19.24,1350
20181116,19.126,19.126,19.126,19.126,246
20181119,19.11,19.11,19.004,19.063,1928
20181120,18.942,18.97,18.934,18.934,1398
20181121,18.931,19.012,18.908,19.012,5313
20181123,19.167,19.167,18.988,18.988,415
20181126,18.98,18.98,18.882,18.882,860
20181127,18.727,18.85,18.33,18.797,26143
20181128,19.021,19.021,18.793,18.82,885
20181129,18.831,18.831,18.768,18.768,1596
20181130,18.825,18.881,18.809,18.825,15727
20181203,18.826,18.831,18.769,18.777,2721
20181204,18.76,18.763,18.683,18.687,5419
20181206,18.499,18.508,18.475,18.483,4547
20181207,18.67,18.711,18.467,18.573,12156
20181210,18.573,18.578,18.5,18.557,5396
20181211,18.683,18.687,18.605,18.605,1781
20181212,18.617,18.727,18.617,18.633,2311
20181213,18.613,18.613,18.595,18.595,694
20181214,18.499,18.605,18.491,18.605,1721
20181217,18.568,18.568,18.402,18.408,1238
20181218,18.418,18.418,18.418,18.418,589
20181219,18.349,18.349,18.267,18.284,3671
20181220,18.365,18.365,17.919,18.051,13703
20181221,18.124,18.124,18.019,18.026,1185
20181224,18.059,18.059,17.829,17.899,6631
20181226,17.72,18.076,17.72,18.006,3627
20181227,17.894,17.902,17.869,17.902,19412
20181228,18.183,18.183,18.126,18.126,808
20181231,18.081,18.323,18.081,18.263,9149
20190102,18.398,18.522,18.192,18.522,33619
20190103,18.628,18.747,18.628,18.747,308
20190104,18.823,18.967,18.804,18.967,7882
20190107,19.201,19.201,19.13,19.13,4477
20190108,19.085,19.085,19.031,19.043,3648
20190109,19.201,19.201,19.041,19.109,7378
20190110,19.068,19.118,19.003,19.027,5702
20190111,19.01,19.184,18.961,19.184,3458
20190114,18.977,19.25,18.977,19.25,4839
20190115,19.25,19.258,19.163,19.258,2106
20190116,19.258,19.287,19.258,19.281,3666
20190117,19.258,19.267,19.159,19.234,5980
20190118,19.143,19.325,19.126,19.325,10868
20190122,19.473,19.473,19.217,19.315,12499
20190123,19.269,19.333,19.242,19.307,1287
20190124,19.251,19.358,19.222,19.311,6554
20190125,19.358,19.482,19.358,19.449,3665
20190128,19.341,19.449,19.25,19.449,20487
20190129,19.379,19.379,19.374,19.374,396
20190130,19.453,19.597,19.453,19.597,2412
20190131,19.529,19.59,19.529,19.589,1149
20190201,19.62,19.625,19.593,19.593,1246
20190204,19.556,19.697,19.556,19.697,1929
20190205,19.763,19.771,19.713,19.725,2244
20190206,19.717,19.717,19.697,19.697,2167
20190207,19.564,19.564,19.535,19.535,598
20190208,19.56,19.62,19.56,19.62,911
20190211,19.664,19.688,19.664,19.688,5517
20190212,19.87,19.87,19.717,19.763,12933
20190213,19.77,19.87,19.755,19.87,4253
20190214,19.837,19.87,19.793,19.85,2616
20190215,19.859,19.97,19.859,19.92,4724
20190219,19.882,20.011,19.882,19.994,3497
20190220,20.03,20.09,20.02,20.09,1481
20190221,20.05,20.05,20.03,20.03,5523
20190222,20.03,20.09,20.01,20.09,8716
20190225,20.36,20.36,20.09,20.11,3314
20190226,20.56,21.5,20.07,20.09,3576
20190227,20.08,20.09,20.05,20.06,2369
20190228,20.04,20.08,20.04,20.06,3733
20190301,20.08,20.11,20.05,20.09,2371
20190304,20.18,20.2,20.13,20.13,2304
20190305,20.12,20.12,20.11,20.11,580
20190306,20.2,20.2,20.2,20.2,399
20190307,20.19,20.2,20.15,20.15,2207
20190308,19.945,20.24,19.945,20.24,5363
20190311,20.22,20.22,20.19,20.19,289
20190312,20.32,20.33,20.23,20.32,3009
20190313,20.29,20.35,20.29,20.35,641
20190314,20.33,20.36,20.33,20.36,483
20190315,20.36,20.38,20.36,20.38,638
20190318,20.4,20.42,20.36,20.36,5698
20190319,20.38,20.42,20.37,20.42,2904
20190320,20.64,20.64,20.26,20.29,4163
20190321,20.46,20.46,20.35,20.39,633
20190322,20.38,20.38,20.33,20.35,936
20190325,20.29,20.39,20.29,20.37,4634
20190326,20.4,20.43,20.37,20.43,2388
20190327,20.4,20.41,20.4,20.4,2283
20190328,20.5,20.5,20.45,20.45,465
20190329,20.5,20.5,20.48,20.49,2955
20190401,20.56,20.56,20.53,20.55,3623
20190402,20.56,20.6,20.55,20.55,1084
20190403,20.69,20.69,20.58,20.61,2318
20190404,20.62,20.62,20.61,20.62,692
20190405,20.69,20.69,20.63,20.68,2441
20190408,20.66,20.67,20.56,20.56,10402
20190409,20.55,20.55,20.55,20.55,155
20190410,20.61,20.61,20.53,20.6,11377
20190411,20.6,20.61,20.58,20.58,2163
20190412,20.59,20.59,20.56,20.56,1228
20190415,20.56,20.58,20.56,20.56,3648
20190416,20.56,20.56,20.55,20.55,2699
20190417,20.54,20.56,20.44,20.44,14118
20190418,20.53,20.53,20.45,20.45,1612
20190422,20.47,20.5,20.4,20.48,10410
20190423,20.52,20.55,20.49,20.5,7198
20190424,20.54,20.54,20.45,20.46,6724
20190425,20.56,20.56,20.42,20.44,29914
20190426,20.49,20.53,20.42,20.45,2733
20190429,20.42,20.51,20.42,20.51,334
20190430,20.5,20.5,20.5,20.5,155
20190501,20.58,20.59,20.47,20.47,10814
20190502,20.52,20.6,20.52,20.6,2398
20190503,20.64,20.73,20.57,20.57,6118
20190506,20.55,20.57,20.44,20.51,12978
20190507,20.61,20.61,20.61,20.61,1523
20190508,20.43,20.57,20.43,20.57,3172
20190509,20.64,20.7,20.44,20.51,13905
20190510,20.64,20.64,20.57,20.57,5595
20190513,20.58,20.63,20.52,20.52,6875
20190514,20.64,20.75,20.6,20.75,36334
20190515,20.68,20.71,20.66,20.69,4504
20190516,20.64,20.75,20.64,20.73,4165
20190517,20.71,20.72,20.64,20.69,5378
20190520,20.75,20.75,20.64,20.64,8416
20190521,20.69,20.71,20.68,20.71,1065
20190522,20.81,22.14,20.79,20.81,16221
20190523,20.71,20.73,20.66,20.73,7700
20190524,20.78,20.79,20.75,20.79,6405
20190528,20.93,20.93,20.77,20.77,12232
20190529,20.74,20.77,20.72,20.76,11021
20190530,20.84,20.84,20.73,20.84,7175
20190531,20.83,20.84,20.79,20.81,4529
20190603,20.92,20.92,20.67,20.67,8222
20190604,20.86,20.87,20.85,20.87,2242
20190605,21.07,21.07,20.81,20.86,6290
20190606,20.87,20.9,20.87,20.87,6045
20190607,20.98,20.98,20.84,20.89,8317
20190610,21,21.02,20.89,21.02,7224
20190611,21.04,21.06,20.93,20.94,18634
20190612,20.92,20.98,20.92,20.95,5629
20190613,20.93,21.05,20.93,21.05,1427
20190614,20.8,21.02,20.72,21.01,63801
20190617,21.07,21.07,21.01,21.03,12990
20190618,21.08,21.13,21.08,21.08,8609
20190619,21.17,21.17,21,21.05,4991
20190620,21.33,21.33,21.01,21.11,37527
20190621,21.1,21.16,21.1,21.11,5062
20190624,21.1,21.12,21.02,21.02,5614
20190625,21.05,21.07,21.02,21.04,6006
20190626,21.22,21.22,21.04,21.05,4150
20190627,21.03,21.09,21.03,21.08,9719
20190628,21.07,21.14,21.05,21.1,7564
20190701,21.33,21.33,21.04,21.04,9649
20190702,21.1,21.11,21.05,21.11,2612
20190703,21.07,21.2,21.07,21.2,2623
20190705,21.16,21.16,21.11,21.13,1519
20190708,21.06,21.13,21.06,21.1,5553
20190709,21.13,21.13,21.1,21.1,3971
20190710,21.1,21.14,21.09,21.14,6689
20190711,21.16,21.17,21.12,21.13,2968
20190712,21.23,21.23,21.13,21.13,4724
20190715,21.13,21.21,21.1,21.2,8292
20190716,21.09,21.24,21.09,21.23,4960
20190717,21.2,21.24,21.2,21.24,389
20190718,21.26,21.26,21.23,21.26,3647
20190719,21.5,21.5,21.22,21.27,8686
20190722,21.3,21.33,21.21,21.29,6327
20190723,21.49,21.49,21.27,21.3,7101
20190724,21.3,21.32,21.29,21.32,1449
20190725,21.13,21.39,21.13,21.34,3083
20190726,21.16,21.42,21.16,21.38,2830
20190729,21.35,21.45,21.35,21.45,7202
20190730,21.43,21.46,21.41,21.41,10491
20190731,21.42,21.46,21.42,21.46,1097
20190801,21.41,21.53,21.41,21.47,8666
20190802,21.38,21.51,21.38,21.51,5733
20190805,21.54,21.54,21.36,21.36,23951
20190806,21.36,21.43,21.36,21.41,25825
20190807,21.48,21.48,21.39,21.39,8391
20190808,21.46,21.46,21.41,21.43,5803
20190809,21.45,21.46,21.41,21.45,2093
20190812,21.57,21.57,21.44,21.44,16776
20190813,21.51,21.53,21.48,21.51,12846
20190814,21.48,21.49,21.42,21.43,4579
20190815,21.59,21.59,21.47,21.55,11348
20190816,21.58,21.59,21.49,21.52,15843
20190819,21.59,21.59,21.55,21.55,25007
20190820,21.58,21.6,21.55,21.55,5332
20190821,21.56,21.62,21.55,21.6,5922
20190822,21.6,21.62,21.52,21.53,3236
20190823,21.6,21.65,21.59,21.59,8769
20190826,21.61,21.67,21.56,21.56,11544
20190827,21.8,21.8,21.56,21.56,13819
20190828,21.55,21.63,21.55,21.61,2112
20190829,21.67,21.68,21.51,21.61,20333
20190830,21.63,21.63,21.56,21.57,14516
20190903,21.5,21.62,21.5,21.57,23659
20190904,21.63,21.65,21.59,21.64,3063
20190905,21.66,21.69,21.59,21.65,19579
20190906,21.67,21.69,21.65,21.68,3450
20190909,21.68,21.71,21.66,21.68,18982
20190910,21.69,21.7,21.65,21.65,14073
20190911,21.59,21.65,21.59,21.59,31634
20190912,21.68,21.68,21.63,21.63,33271
20190913,21.62,21.62,21.41,21.46,14764
20190916,21.49,21.55,21.49,21.55,4576
20190917,21.59,21.63,21.59,21.6,7146
20190918,21.56,21.69,21.56,21.66,9268
20190919,21.71,21.73,21.63,21.72,21049
20190920,21.81,21.85,21.72,21.74,5883
20190923,21.83,21.83,21.69,21.8,12624
20190924,21.83,21.83,21.67,21.77,6666
20190925,21.81,21.81,21.71,21.79,16520
20190926,21.76,21.8,21.74,21.78,1154
20190927,21.81,21.82,21.81,21.81,5003
20190930,21.7,21.86,21.7,21.82,6523
20191001,21.82,21.87,21.82,21.83,47484
20191002,21.84,21.88,21.75,21.75,69979
20191003,21.81,21.81,21.75,21.79,18909
20191004,21.82,21.87,21.82,21.83,13814
20191007,21.83,21.88,21.81,21.84,26142
20191008,21.88,21.88,21.82,21.83,13019
20191009,21.89,21.89,21.82,21.85,61165
20191010,21.89,21.89,21.8,21.88,16539
20191011,22.08,22.08,21.85,21.92,14314
20191014,22.16,22.16,21.93,21.94,23458
20191015,22.07,22.07,21.98,22.02,46029
20191016,22.05,22.07,22.02,22.04,32121
20191017,22.09,22.11,22.07,22.09,24153
20191018,22.12,22.12,22.1,22.11,17528
20191021,22.19,22.19,22.08,22.08,42213
20191022,22.07,22.14,22.05,22.08,34337
20191023,22.07,22.14,22.07,22.14,29583
20191024,22.17,22.2,22.13,22.13,16008
20191025,22.12,22.17,22.12,22.15,11401
20191028,22.33,22.33,22.12,22.12,45714
20191029,22.09,22.18,22.09,22.09,12323
20191030,22.15,22.16,22.06,22.07,40205
20191031,22.19,22.19,22,22,24063
20191101,22.01,22.02,21.99,22,23042
20191104,22.07,22.07,22,22.04,28929
20191105,22.01,22.07,21.97,21.98,27971
20191106,22.11,22.11,21.97,21.99,41504
20191107,22.01,22.04,21.9,21.93,60400
20191108,21.94,21.94,21.85,21.85,23528
20191111,21.96,21.96,21.8,21.8,25576
20191112,21.86,21.86,21.8,21.8,26150
20191113,21.85,21.9,21.84,21.86,9484
20191114,22.03,22.03,21.9,21.91,22289
20191115,21.87,21.87,21.86,21.87,15781
20191118,21.87,22.01,21.87,21.91,15059
20191119,21.94,22,21.88,21.9,48583
20191120,21.95,21.95,21.86,21.87,28361
20191121,21.94,21.95,21.87,21.87,9817
20191122,21.98,21.98,21.81,21.87,8736
20191125,21.98,21.98,21.8,21.82,21564
20191126,21.83,21.95,21.83,21.9,22062
20191127,21.92,21.93,21.9,21.93,16939
20191129,21.88,21.9,21.83,21.83,9470
20191202,21.8,21.89,21.74,21.74,44649
20191203,21.75,21.75,21.36,21.51,44099
20191204,21.57,21.8,21.57,21.71,13969
20191205,21.76,21.76,21.57,21.61,10510
20191206,21.6,21.72,21.6,21.71,17224
20191209,21.73,21.82,21.69,21.76,22608
20191210,21.73,21.82,21.73,21.78,7228
20191211,21.8,21.85,21.8,21.83,9086
20191212,21.79,21.9,21.79,21.82,11603
20191213,21.97,21.97,21.87,21.95,36489
20191216,21.99,22.08,21.85,22.03,23445
20191217,22.03,22.05,21.96,22,14708
20191218,22.06,22.06,21.92,22.01,11585
20191219,22.02,22.14,22.02,22.09,13807
20191220,22.22,22.22,22.08,22.11,14706
20191223,22.16,22.16,22.08,22.1,12940
20191224,22.08,22.09,22.04,22.06,4900
20191226,22.07,22.18,21.99,22.09,5243
20191227,22.23,22.23,22.15,22.18,26998
20191230,22.14,22.2,22.1,22.12,12624
20191231,22.18,22.22,22.06,22.22,40992
20200102,22.04,22.28,22.02,22.26,24528
20200103,22,22.42,22,22.39,21814
20200106,22.44,22.45,22.23,22.44,11542
20200107,22.35,22.47,22.35,22.43,12817
20200108,22.41,22.5,22.41,22.48,28260
20200109,22.49,22.5,22.47,22.48,15972
20200110,22.5,22.5,22.48,22.49,11408
20200113,22.58,22.58,22.49,22.5,25271
20200114,22.5,22.53,22.5,22.5,13091
20200115,22.5,22.54,22.5,22.53,10001
20200116,22.55,22.55,22.52,22.52,29066
20200117,22.48,22.55,22.44,22.51,29249
20200121,22.67,22.67,22.49,22.52,42646
20200122,22.62,22.62,22.42,22.54,31078
20200123,22.59,22.59,22.48,22.54,9269
20200124,22.48,22.5,22.44,22.45,23233
20200127,22.45,22.54,22.42,22.5,30569
20200128,22.61,22.61,22.48,22.5,19973
20200129,22.52,22.57,22.48,22.54,19689
20200130,22.6,22.6,22.54,22.57,24460
20200131,22.62,22.64,22.59,22.59,18115
20200203,22.63,22.64,22.61,22.61,28028
20200204,22.64,22.67,22.61,22.64,21137
20200205,22.77,22.77,22.67,22.67,41093
20200206,22.71,22.72,22.67,22.71,17174
20200207,22.74,22.78,22.72,22.75,26819
20200210,22.77,22.79,22.75,22.79,56224
20200211,22.85,22.85,22.79,22.8,45069
20200212,22.88,22.88,22.76,22.76,24242
20200213,22.8,22.8,22.72,22.72,31983
20200214,22.77,22.77,22.72,22.72,24456
20200218,22.77,22.92,22.72,22.72,37125
20200219,22.76,22.76,22.68,22.68,8960
20200220,22.78,22.79,22.68,22.69,30627
20200221,22.65,22.74,22.65,22.68,12219
20200224,22.65,22.68,22.46,22.46,44013
20200225,22.63,22.63,22.03,22.08,65487
20200226,22.09,22.18,22.08,22.09,47427
20200227,22.01,22.11,21.85,21.87,59176
20200228,21.53,21.8,21.4,21.42,56549
20200302,21.41,21.7,21.33,21.64,52950
20200303,21.67,22.21,21.67,21.69,54149
20200304,22.11,22.21,22.03,22.16,28667
20200305,22.68,22.68,21.8,21.8,43922
20200306,21.76,21.76,21.47,21.5,55756
20200309,21.43,21.43,18.956,20.61,53085
20200310,20.8,21.24,20.27,20.57,29415
20200311,20.35,20.57,19.531,19.638,105923
20200312,18.983,18.983,16.825,16.825,81355
20200313,17.718,18.036,16.966,17.966,73425
20200316,17.072,18.779,15.927,16.511,28556
20200317,16.241,16.727,15.237,15.237,66397
20200318,14.268,14.684,10.712,10.712,147701
20200319,10.792,14.152,10.04,13.985,86185
20200320,14.261,15.688,13.816,13.825,48302
20200323,13.682,13.829,12.037,12.478,39778
20200324,12.345,13.326,12.345,12.782,67636
20200325,14.056,16.187,13.2,14.564,40561
20200326,14.891,16.935,14.891,16.508,32196
20200327,15.821,16.401,15.821,16.258,22983
20200330,16.49,16.49,15.598,15.866,40408
20200331,15.162,16.356,15.162,15.95,16750
20200401,14.716,15.442,14.422,14.431,35896
20200402,14.591,15.071,14.346,14.93,31095
20200403,14.716,14.868,13.623,13.695,15451
20200406,15.019,15.545,14.787,14.992,24905
20200407,16.016,16.061,15.687,15.933,12481
20200408,16.044,17.111,16.004,16.802,34127
20200409,17.595,17.995,16.873,17.943,42977
20200413,17.435,17.72,16.802,17.381,28051
20200414,17.381,17.854,17.372,17.452,25023
20200415,17.167,17.764,17.106,17.37,10430
20200416,17.114,17.644,16.802,16.953,32903
20200417,17.203,17.559,17.203,17.537,7317
20200420,18.833,18.833,17.239,17.344,12330
20200421,17.488,17.488,16.95,17.246,7518
20200422,17.36,17.38,17.147,17.29,18195
20200423,17.371,17.371,16.95,17.29,34104
20200424,17.219,17.515,17.219,17.416,10025
20200427,17.301,17.662,17.282,17.381,15419
20200428,17.308,18.071,17.308,17.622,18504
20200429,17.926,18.16,17.921,18.098,7989
20200430,18.573,18.573,18.111,18.259,6446
20200501,18.34,18.34,17.757,17.793,27452
20200504,17.425,17.968,17.425,17.936,11285
20200505,18.008,18.217,17.837,17.837,24919
20200506,17.811,17.981,17.784,17.9,17141
20200507,17.801,18.146,17.788,17.936,12162
20200508,17.909,18.062,17.909,17.99,15301
20200511,17.954,17.954,17.91,17.918,6862
20200512,17.918,18.08,17.891,17.972,17209
20200513,17.963,17.981,17.577,17.586,33773
20200514,17.425,17.499,17.039,17.38,40772
20200515,17.228,17.56,17.228,17.416,11876
20200518,18.124,18.124,17.646,17.681,23500
20200519,17.891,17.891,17.743,17.864,10740
20200520,17.978,18.063,17.874,17.974,9399
20200521,17.982,18.04,17.915,18.005,15489
20200522,17.82,18.063,17.82,18.005,7418
20200526,18.235,18.307,18.172,18.302,8737
20200527,18.501,18.505,18.325,18.46,67818
20200528,18.379,18.675,18.379,18.632,9479
20200529,18.677,18.701,18.532,18.701,12611
20200601,18.614,18.878,18.614,18.812,13200
20200602,19.002,19.002,18.853,18.92,22009
20200603,19.155,19.182,19.02,19.155,105481
20200604,19.263,19.39,19.205,19.381,65055
20200605,19.561,19.787,19.561,19.732,70686
20200608,20.11,20.11,19.77,20.01,74746
20200609,20.07,20.07,19.877,19.925,17549
20200610,20.17,20.17,19.534,19.85,30249
20200611,19.498,19.507,18.966,19.038,45688
20200612,19.335,19.476,19.01,19.101,16851
20200615,19.103,19.119,18.945,19.075,10935
20200616,20.03,20.03,19.236,19.363,30477
20200617,19.805,19.805,19.354,19.354,10833
20200618,19.444,19.444,19.101,19.101,7200
20200619,19.297,19.344,19.191,19.2,6645
20200622,19.681,19.681,19.055,19.168,12866
20200623,19.282,19.282,19.055,19.21,18694
20200624,19.119,19.28,18.956,19.101,65249
20200625,19.082,19.173,18.968,19.037,14154
20200626,18.928,18.975,18.81,18.883,13175
20200629,18.819,18.883,18.719,18.855,10578
20200630,19.019,19.019,18.692,18.71,5488
20200701,18.647,19.043,18.647,18.964,12024
20200702,19.409,19.409,18.991,19,13897
20200706,18.991,19.15,18.855,18.896,115550
20200707,18.729,18.938,18.629,18.819,77969
20200708,18.737,18.892,18.737,18.873,34472
20200709,18.828,18.873,18.728,18.728,9694
20200710,18.692,18.901,18.647,18.842,11117
20200713,18.792,18.855,18.737,18.737,18242
20200714,18.692,18.765,18.601,18.747,23383
20200715,19.055,19.055,18.764,18.946,19561
20200716,18.992,19.082,18.937,19.055,13152
20200717,19.055,19.1,19.01,19.01,16192
20200720,19.01,19.165,18.955,19.028,22360
20200721,18.964,19.32,18.964,19.302,35118
20200722,19.429,19.429,19.156,19.365,25442
20200723,19.229,19.302,19.083,19.302,24994
20200724,19.156,19.338,19.156,19.329,2686
20200727,19.329,19.429,19.197,19.429,8601
20200728,19.438,19.521,19.311,19.393,8241
20200729,19.393,19.575,19.393,19.575,14773
20200730,19.548,19.689,19.53,19.626,10844
20200731,19.553,19.706,19.448,19.512,17895
20200803,19.758,19.758,19.457,19.667,27001
20200804,19.512,19.794,19.512,19.63,29236
20200805,19.575,19.758,19.575,19.758,9409
20200806,19.621,19.772,19.621,19.712,11458
20200807,19.849,19.849,19.692,19.79,19563
20200810,19.703,20.03,19.694,19.922,17979
20200811,19.794,20.15,19.794,20.11,13039
20200812,20.3,20.3,20.13,20.18,22476
20200813,20.21,20.22,19.98,20.22,10526
20200814,20.41,20.41,20.2,20.26,18143
20200817,20.31,20.33,20.21,20.27,23030
20200818,20.33,20.39,20.28,20.33,10217
20200819,20.19,20.4,20.19,20.38,15340
20200820,20.51,20.51,20.37,20.37,8374
20200821,20.45,20.45,20.31,20.36,21210
20200824,20.5,20.5,20.34,20.36,8605
20200825,20.29,20.38,20.28,20.36,8118
20200826,20.37,20.41,20.34,20.34,6295
20200827,20.54,20.54,20.25,20.37,7760
20200828,20.53,20.53,20.35,20.39,6021
20200831,20.55,20.55,20.37,20.38,12460
20200901,20.38,20.41,20.31,20.32,5087
20200902,20.34,20.38,20.23,20.37,8972
20200903,20.26,20.32,20.2,20.23,7088
20200904,20.36,20.36,20.05,20.12,20082
20200908,19.8,20.06,18.984,20,24873
20200909,19.91,20.24,19.91,20.13,16867
20200910,20.25,20.28,20.15,20.21,3895
20200911,20.25,20.25,20.07,20.13,12711
20200914,20.25,20.31,20.14,20.2,11213
20200915,20.23,20.37,20.23,20.36,18978
20200916,20.27,20.42,20.27,20.41,14446
20200917,20.24,20.37,20.24,20.32,4195
20200918,20.45,20.45,20.31,20.35,11547
20200921,20.76,20.76,20.16,20.18,17641
20200922,20.22,20.29,20.17,20.27,9769
20200923,20.3,20.3,19.89,19.993,21902
20200924,19.959,20.01,19.843,19.927,13725
20200925,20.05,20.24,20.05,20.2,15800
20200928,20.39,20.43,20.25,20.42,5017
20200929,20.52,20.52,20.33,20.33,9024
20200930,20.47,20.47,20.32,20.36,7762
20201001,20.21,20.45,20.21,20.36,5376
20201002,20.33,20.41,20.3,20.41,12746
20201005,20.39,20.5,20.39,20.42,10479
20201006,20.4,20.53,20.4,20.49,24986
20201007,20.5,20.59,20.49,20.54,11728
20201008,20.51,20.61,20.51,20.57,5193
20201009,20.57,20.65,20.53,20.57,7370
20201012,20.62,20.62,20.54,20.59,30748
20201013,20.5,20.56,20.44,20.53,11111
20201014,20.56,20.56,20.39,20.46,7423
20201015,20.71,20.71,20.23,20.44,8890
20201016,20.52,20.55,20.36,20.43,12465
20201019,20.4,20.51,20.3,20.34,13830
20201020,20.47,20.48,20.34,20.47,5381
20201021,20.45,20.45,20.3,20.31,21767
20201022,20.46,20.46,20.2,20.4,25720
20201023,20.36,20.45,20.26,20.45,15136
20201026,20.41,20.43,20.35,20.36,8646
20201027,20.49,20.49,20.32,20.35,10405
20201028,20.33,20.37,20.09,20.09,16451
20201029,19.952,20.19,19.943,20.05,10533
20201030,20.02,20.15,19.962,19.989,9804
20201102,19.962,20.23,19.962,20.14,17500
20201103,20.12,20.32,20.12,20.19,10501
20201104,20.25,20.35,20.25,20.31,10277
20201105,20.41,20.47,20.41,20.41,15770
20201106,20.47,20.47,20.31,20.31,5215
20201109,20.4,20.83,20.39,20.72,36929
20201110,20.72,20.93,20.63,20.91,23830
20201111,20.81,20.96,20.76,20.89,9620
20201112,20.88,20.88,20.77,20.77,8559
20201113,20.75,20.88,20.75,20.88,7729
20201116,20.87,21.14,20.86,21.14,6830
20201117,20.84,21.28,20.84,21.2,28388
20201118,21.33,21.33,21.24,21.24,28876
20201119,21.33,21.33,21.19,21.26,9533
20201120,21.5,21.5,21.19,21.33,35409
20201123,21.25,21.39,21.22,21.36,12666
20201124,21.45,21.53,21.37,21.38,30000
20201125,21.65,21.65,21.41,21.47,15540
20201127,21.44,21.52,21.4,21.47,5279
20201130,21.6,21.6,21.42,21.44,10655
20201201,21.56,21.56,21.48,21.49,7299
20201202,21.59,21.61,21.56,21.59,7781
20201203,21.61,21.69,21.54,21.61,8591
20201204,21.91,21.91,21.66,21.71,8311
20201207,21.72,21.78,21.69,21.77,9575
20201208,21.84,21.88,21.83,21.88,13386
20201209,22.01,22.01,21.89,21.89,3986
20201210,22.06,22.06,21.83,21.83,7602
20201211,21.81,21.86,21.78,21.83,13318
20201214,22.12,22.12,21.82,21.88,16098
20201215,21.86,21.88,21.84,21.86,17265
20201216,21.96,21.96,21.82,21.87,17235
20201217,21.87,21.94,21.87,21.94,6462
20201218,21.97,21.97,21.87,21.87,11031
20201221,21.96,21.98,21.88,21.96,27025
20201222,21.91,21.92,21.78,21.8,7751
20201223,21.83,21.85,21.75,21.83,14801
20201224,21.81,21.94,21.79,21.89,9510
20201228,22.07,22.07,21.92,21.96,26609
20201229,21.93,21.99,21.93,21.95,7374
20201230,21.98,22.05,21.95,22,14420
20201231,21.96,22.11,21.96,22.05,9946
20210104,22.13,22.18,22.03,22.06,12424
20210105,22.1,22.15,22.05,22.13,12340
20210106,22.03,22.09,21.97,22.02,18913
20210107,22.02,22.06,21.95,21.99,8064
20210108,21.91,22.04,21.91,22.03,13389
20210111,21.81,21.96,21.79,21.9,14562
20210112,21.9,21.9,21.8,21.81,8774
20210113,21.75,22.01,21.75,22,17381
20210114,22.12,22.12,22.03,22.1,21282
20210115,22.03,22.11,22.03,22.11,7666
20210119,22.25,22.25,21.94,22.11,33364
20210120,22.34,22.34,22.14,22.2,17763
20210121,22.09,22.26,22.09,22.15,9965
20210122,22.14,22.25,22.14,22.23,10269
20210125,22.24,22.27,22.18,22.19,18197
20210126,22.2,22.24,22.18,22.18,10373
20210127,22.14,22.18,22,22,16737
20210128,22,22.08,21.97,22.02,16700
20210129,21.94,22.09,21.94,22.02,25911
20210201,22.38,22.38,22.03,22.08,11262
20210202,22.08,22.22,22.08,22.13,17844
20210203,22.1,22.17,22.1,22.11,5018
20210204,22.1,22.24,22.1,22.18,18688
20210205,22.18,22.34,22.18,22.3,22448
20210208,22.25,22.36,22.17,22.3,16835
20210209,22.3,22.37,22.23,22.33,17003
20210210,22.38,22.39,22.29,22.33,13544
20210211,22.34,22.38,22.3,22.3,21678
20210212,22.32,22.32,22.14,22.31,10760
20210216,22.52,22.52,22.22,22.23,20342
20210217,22.37,22.37,22.18,22.21,13171
20210218,22.15,22.21,22.15,22.18,6210
20210219,22.19,22.29,22.19,22.24,5850
20210222,22.28,22.31,22.22,22.25,19183
20210223,22.17,22.3,22.17,22.23,16690
20210224,22.35,22.35,22.15,22.18,19215
20210225,22.18,22.18,21.92,22,18424
20210226,22.16,22.16,22.03,22.09,9600
20210301,22.01,22.16,22.01,22.15,8714
20210302,22,22.24,22,22.24,13734
20210303,22.29,22.29,22.21,22.29,3273
20210304,22.27,22.43,22.25,22.3,18045
20210305,22.19,22.42,22.17,22.42,14449
20210308,22.44,22.48,22.35,22.46,11737
20210309,22.49,22.57,22.42,22.54,42623
20210310,22.53,22.64,22.53,22.64,15145
20210311,22.71,22.71,22.65,22.67,20547
20210312,22.62,22.7,22.62,22.67,17571
20210315,22.64,22.76,22.58,22.73,49884
20210316,22.72,22.8,22.69,22.8,11926
20210317,22.73,22.8,22.72,22.76,7030
20210318,22.8,22.8,22.7,22.7,11807
20210319,22.69,22.74,22.62,22.73,5749
20210322,22.84,22.84,22.62,22.77,10820
20210323,22.81,22.82,22.72,22.78,5603
20210324,22.87,22.88,22.81,22.87,14686
20210325,22.91,22.91,22.77,22.91,43209
20210326,22.91,22.91,22.85,22.9,8953
20210329,22.91,22.91,22.84,22.86,245068
20210330,22.91,23.01,22.8,22.97,10561
20210331,23.07,23.09,22.84,23.08,18729
20210401,23.22,23.22,23.07,23.14,29922
20210405,23.23,23.26,23.15,23.26,201296
20210406,23.27,23.46,23.12,23.27,11504
20210407,23.3,23.31,23.27,23.29,8993
20210408,23.27,23.55,23.24,23.28,159152
20210409,23.28,23.33,23.26,23.28,33455
20210412,23.27,23.3,23.26,23.26,12563
20210413,23.43,23.43,23.26,23.3,8556
20210414,23.23,23.35,23.23,23.28,17253
20210415,23.22,23.3,23.18,23.27,92009
20210416,23.27,23.3,23.21,23.27,8071
20210419,23.31,23.31,23.24,23.25,10421
20210420,23.35,23.35,23.15,23.2,17685
20210421,23.28,23.28,23.19,23.25,75114
20210422,23.2,23.28,23.2,23.26,36092
20210423,23.21,23.32,23.21,23.29,60751
20210426,23.37,23.37,23.26,23.35,17234
20210427,23.44,23.44,23.29,23.38,11879
20210428,23.46,23.46,23.3,23.35,45949
20210429,23.35,23.39,23.29,23.31,34535
20210430,23.4,23.4,23.27,23.28,27361
20210503,23.46,23.46,23.29,23.33,13830
20210504,23.37,23.37,23.27,23.31,19601
20210505,23.33,23.39,23.29,23.29,11600
20210506,23.27,23.33,23.24,23.3,12647
20210507,23.36,23.38,23.29,23.36,9700
20210510,23.33,23.39,23.26,23.34,22873
20210511,23.28,23.28,23.12,23.21,21029
20210512,23.29,23.29,22.99,23,597490
20210513,23.04,23.16,23.04,23.06,11704
20210514,23.06,23.23,23.06,23.22,6755
20210517,23.42,23.42,23.16,23.22,20334
20210518,23.32,23.32,23.18,23.22,36540
20210519,23.19,23.24,23.13,23.23,12211
20210520,23.34,23.34,23.22,23.23,25904
20210521,23.26,23.32,23.18,23.31,35535
20210524,23.34,23.35,23.32,23.35,16751
20210525,23.31,23.35,23.31,23.35,3401
20210526,23.35,23.38,23.28,23.35,31928
20210527,23.34,23.38,23.29,23.33,30318
20210528,23.39,23.43,23.36,23.41,18679
20210601,23.43,23.48,23.39,23.43,10979
20210602,23.52,23.54,23.49,23.52,29180
20210603,23.51,23.53,23.42,23.53,38761
20210604,23.54,23.54,23.51,23.54,10089
20210607,23.56,23.56,23.51,23.53,24456
20210608,23.56,23.58,23.51,23.51,16277
20210609,23.61,23.61,23.52,23.57,34175
20210610,23.61,23.61,23.54,23.59,5880
20210611,23.58,23.62,23.58,23.62,10735
20210614,23.72,23.72,23.57,23.62,13775
20210615,23.57,23.62,23.57,23.6,7420
20210616,23.59,23.66,23.59,23.63,12981
20210617,23.58,23.69,23.56,23.66,8991
20210618,23.64,23.69,23.6,23.68,4831
20210621,23.74,23.74,23.61,23.68,19298
20210622,23.69,23.77,23.68,23.68,60236
20210623,23.66,23.75,23.66,23.75,14438
20210624,23.73,23.78,23.68,23.69,12692
20210625,23.76,23.76,23.72,23.73,10642
20210628,23.71,23.75,23.7,23.74,13010
20210629,23.71,23.79,23.69,23.73,8526
20210630,23.68,23.83,23.68,23.81,13389
20210701,23.77,23.89,23.77,23.87,11110
20210702,23.96,23.96,23.86,23.96,18579
20210706,24.11,24.11,23.86,23.92,21684
20210707,23.96,23.98,23.87,23.94,16942
20210708,23.94,23.97,23.93,23.94,19061
20210709,23.88,23.95,23.88,23.93,6331
20210712,23.94,23.94,23.84,23.92,49429
20210713,23.84,23.94,23.84,23.88,7200
20210714,23.9,23.92,23.81,23.86,10206
20210715,23.92,23.92,23.82,23.87,12540
20210716,23.93,23.93,23.76,23.84,26291
20210719,23.83,23.83,23.66,23.66,17425
20210720,23.93,23.93,23.74,23.76,23679
20210721,23.78,23.84,23.7,23.8,13006
20210722,23.78,23.81,23.68,23.78,12976
20210723,23.83,23.83,23.78,23.82,25526
20210726,23.79,23.8,23.75,23.78,17702
20210727,23.74,23.74,23.68,23.7,14109
20210728,23.75,23.77,23.71,23.73,13499
20210729,23.68,23.83,23.68,23.82,19697
20210730,23.78,23.93,23.75,23.93,26490
20210802,23.87,23.97,23.8,23.93,6296
20210803,23.97,23.97,23.84,23.92,11233
20210804,23.97,23.97,23.9,23.92,14398
20210805,23.87,23.97,23.87,23.97,8470
20210806,24.03,24.03,23.9,23.98,11423
20210809,24.07,24.07,23.87,23.92,29859
20210810,23.87,23.87,23.69,23.84,19210
20210811,23.82,23.85,23.77,23.77,13928
20210812,23.77,23.9,23.77,23.89,6827
20210813,23.87,23.94,23.76,23.92,8998
20210816,23.91,23.91,23.84,23.87,6825
20210817,23.94,23.94,23.85,23.88,11219
20210818,23.88,23.91,23.84,23.91,76475
20210819,23.86,23.9,23.79,23.84,55519
20210820,23.86,23.95,23.85,23.94,9363
20210823,23.99,23.99,23.86,23.86,7901
20210824,23.96,23.98,23.89,23.89,9115
20210825,23.97,24,23.97,23.99,5134
20210826,23.94,24.01,23.88,23.89,12219
20210827,23.9,24,23.89,23.95,8959
20210830,24.04,24.06,23.94,24.01,13135
20210831,24.01,24.05,24,24.05,11671
20210901,24.07,24.07,24.01,24.04,3946
20210902,24.01,24.14,24.01,24.08,15626
20210903,24.05,24.1,24,24.08,10861
20210907,24.06,24.08,24,24.05,9438
20210908,23.9,24.07,23.89,24.03,14079
20210909,23.99,24.08,23.94,24.05,7168
20210910,24.08,24.08,23.95,24,10131
20210913,24.01,24.02,24,24.01,2518
20210914,23.98,24,23.89,23.98,8877
20210915,23.97,23.98,23.89,23.98,8766
20210916,23.95,23.99,23.89,23.97,17780
20210917,23.99,24.02,23.89,24.02,4104
20210920,23.98,23.98,23.72,23.76,91515
20210921,23.76,23.92,23.75,23.92,38292
20210922,23.82,24.03,23.82,23.96,9158
20210923,24.06,24.07,23.85,23.86,30547
20210924,23.84,23.95,23.81,23.81,20140
20210927,23.83,24.14,23.82,23.83,5429
20210928,23.87,23.87,23.66,23.81,24074
20210929,23.86,23.92,23.76,23.8,11094
20210930,23.99,23.99,23.78,23.96,4106
20211001,23.86,23.96,23.85,23.96,7252
20211004,23.84,23.93,23.75,23.77,13221
20211005,23.7,23.81,23.7,23.73,9015
20211006,23.68,23.86,23.68,23.85,18213
20211007,23.86,23.91,23.77,23.81,8677
20211008,23.89,23.89,23.77,23.86,12335
20211011,23.92,23.92,23.73,23.81,8969
20211012,23.77,23.93,23.77,23.89,11346
20211013,24,24,23.89,23.92,22579
20211014,23.99,24,23.89,23.96,4486
20211015,23.87,23.98,23.84,23.92,32846
20211018,23.87,23.9,23.8,23.88,13618
20211019,23.78,23.92,23.78,23.9,11887
20211020,24.09,24.09,23.78,23.92,17565
20211021,24.12,24.12,23.89,23.91,5270
20211022,23.88,23.95,23.8,23.89,23071
20211025,24,24,23.87,23.97,51704
20211026,23.97,23.97,23.89,23.95,12539
20211027,23.94,23.94,23.83,23.87,11348
20211028,24.01,24.01,23.83,23.88,15155
20211029,23.84,23.95,23.84,23.93,10792
20211101,23.88,24,23.85,24,24876
20211102,24.01,24.01,23.9,24.01,22805
20211103,23.89,24.03,23.89,24.03,9443
20211104,24.09,24.09,23.88,23.96,13983
20211105,23.95,24.04,23.93,24.03,13992
20211108,23.99,24.05,23.93,24.02,9157
20211109,23.99,24.03,23.94,24,7239
20211110,23.98,23.99,23.85,23.86,17339
20211111,23.83,23.85,23.76,23.79,9336
20211112,23.86,23.86,23.76,23.8,10156
20211115,23.76,23.76,23.6,23.64,14299
20211116,23.74,23.77,23.65,23.67,11968
20211117,23.55,23.61,23.3,23.58,33051
20211118,23.63,23.63,23.5,23.56,5488
20211119,23.57,23.68,23.56,23.6,6691
20211122,23.77,23.77,23.49,23.53,16766
20211123,23.51,23.51,23.34,23.47,15806
20211124,23.39,23.48,23.37,23.39,19268
20211126,23.17,23.49,23.17,23.33,8731
20211129,23.36,23.43,23.29,23.43,28628
20211130,23.42,23.46,23.19,23.19,55850
20211201,23.21,23.37,23.14,23.14,34295
20211202,23.2,23.34,23.13,23.34,29835
20211203,23.22,23.33,23.19,23.19,5669
20211206,23.25,23.35,23.21,23.35,15059
20211207,23.37,23.43,23.28,23.29,7939
20211208,23.31,23.43,23.23,23.23,29544
20211209,23.28,23.38,23.24,23.24,11511
20211210,23.33,23.41,23.26,23.35,22637
20211213,23.29,23.36,23.22,23.26,11745
20211214,23.33,23.36,23.21,23.23,13467
20211215,23.21,23.23,23.11,23.22,24239
20211216,23.16,23.28,23.16,23.25,29767
20211217,23.28,23.32,23.16,23.22,44251
20211220,23.17,23.19,22.99,23.02,30564
20211221,22.95,23.19,22.95,23.13,12309
20211222,23.3,23.35,23.15,23.31,6096
20211223,23.38,23.4,23.26,23.33,9427
20211227,23.3,23.38,23.3,23.33,5977
20211228,23.32,23.43,23.31,23.43,16256
20211229,23.4,23.48,23.31,23.37,15160
20211230,23.48,23.53,23.39,23.48,8197
20211231,23.5,23.58,23.48,23.58,13714
20220103,23.57,23.68,23.53,23.68,13231
20220104,23.7,23.7,23.53,23.61,15118
20220105,23.53,23.61,23.32,23.32,13061
20220106,23.31,23.57,23.18,23.48,19570
20220107,23.32,23.57,23.32,23.56,20071
20220110,23.39,23.5,23.34,23.45,19510
20220111,21.44,23.6,21.44,23.46,37603
20220112,23.63,23.63,23.46,23.57,4673
20220113,23.8,23.8,23.49,23.69,7442
20220114,23.68,23.7,23.61,23.69,37984
20220118,23.72,23.72,23.43,23.57,17752
20220119,23.63,23.63,23.53,23.57,13415
20220120,23.78,23.78,23.5301,23.595,36165
20220121,23.46,23.57,23.44,23.48,19872
20220124,23.41,23.44,23.07,23.2575,42869
20220125,23.1701,23.39,23.17,23.36,47556
20220126,23.4,23.4699,23.02,23.04,46709
20220127,23.225,23.25,22.99,23,17043
20220128,22.88,23.104,22.8,22.935,44505
20220131,22.95,23.16,22.81,23.16,114886
20220201,23.1001,23.3,23.1001,23.28,41323
20220202,23.35,23.35,23.07,23.08,54115
20220203,23.65,23.65,22.9018,22.9501,7267
20220204,22.92,22.9539,22.75,22.8891,8989
20220207,22.8,22.9092,22.79,22.85,20317
20220208,22.8,22.81,22.66,22.66,20442
20220209,22.98,22.98,22.64,22.7,13307
20220210,22.7,22.7499,22.505,22.54,11930
20220211,22.55,22.5737,22.37,22.38,18329
20220214,22.2,22.44,22.15,22.215,10187
20220215,22.3899,22.3899,22.19,22.2,11673
20220216,22.27,22.44,22.12,22.375,19724
20220217,22.35,22.46,22.28,22.3309,9633
20220218,22.23,22.34,22.11,22.2512,12562
