Date,Open,High,Low,Close,Volume
20080430,24.76,24.76,24.26,24.26,760
20080501,24.31,24.56,24.3,24.52,6060
20080502,25.23,25.23,24.53,24.53,4070
20080505,24.95,24.95,24.54,24.54,1960
20080506,24.64,24.76,24.64,24.76,740
20080507,24.67,24.7,24.67,24.68,1010
20080508,24.98,24.98,24.5,24.54,2000
20080509,24.54,24.57,24.5,24.5,1780
20080512,24.42,24.8,24.42,24.8,870
20080513,24.68,24.73,24.68,24.73,320
20080514,24.99,25.04,24.89,24.89,750
20080515,24.89,24.93,24.88,24.93,640
20080516,25.08,25.08,25.08,25.08,1380
20080519,25.37,25.64,25.27,25.27,11080
20080520,25.23,25.23,25.15,25.15,5280
20080521,25.74,25.74,24.7,24.7,330
20080522,24.81,24.81,24.81,24.81,210
20080523,24.55,24.55,23.58,24.46,15660
20080527,24.46,24.46,24.4,24.4,1170
20080529,24.75,24.77,24.75,24.77,270
20080530,24.7,24.83,24.7,24.75,650
20080602,24.43,24.44,24.43,24.44,1130
20080603,24.44,24.44,24.08,24.08,640
20080604,24.35,24.35,24.27,24.27,1050
20080605,24.75,24.75,24.75,24.75,1060
20080606,24.54,24.54,24.13,24.13,2080
20080609,24.17,24.21,24.17,24.21,1080
20080610,24,24,23.9,23.9,420
20080611,23.72,23.72,23.72,23.72,210
20080612,23.15,23.73,23.15,23.69,2640
20080613,23.91,23.91,23.82,23.82,1160
20080617,23.92,23.92,23.84,23.89,7580
20080618,23.67,23.67,23.67,23.67,530
20080619,23.61,23.74,23.57,23.74,1960
20080623,24.14,24.14,22.91,23.83,7930
20080625,23.65,23.65,23.65,23.65,840
20080626,23.04,23.04,23.04,23.04,210
20080627,22.74,23.06,22.74,23.06,1700
20080630,23.02,23.26,23.02,23.26,320
20080701,23.32,23.32,22.76,23.2,6750
20080703,22.85,22.85,22.84,22.84,2110
20080707,23,23,22.61,22.61,710
20080709,22.94,22.94,22.94,22.94,210
20080710,22.79,22.79,22.48,22.48,430
20080711,22.63,22.63,22.48,22.52,960
20080714,22.53,22.57,22.53,22.57,220
20080715,22.47,22.47,22.47,22.47,2110
20080716,22.51,22.51,22.51,22.51,240
20080717,22.44,22.44,22.44,22.44,630
20080718,22.56,22.57,22.56,22.57,220
20080721,22.6,22.63,22.6,22.63,530
20080722,22.23,22.23,22.23,22.23,530
20080728,22.9,22.9,21.32,22.1,11000
20080729,22.25,22.34,22.25,22.34,5560
20080730,22.57,22.57,22.48,22.48,740
20080804,21.86,22.06,21.86,22.05,5880
20080805,22.05,22.05,22.05,22.05,320
20080806,22.37,22.43,22.37,22.43,750
20080807,23.11,23.11,22.48,22.49,3690
20080811,22.96,22.96,22.96,22.96,530
20080812,23.47,23.47,22.99,22.99,1200
20080813,22.88,22.9,22.88,22.9,320
20080814,22.96,22.96,22.96,22.96,530
20080815,22.93,22.93,22.93,22.93,110
20080818,22.85,22.85,22.6,22.6,750
20080819,22.49,22.51,22.49,22.5,5550
20080821,22.07,22.78,22.07,22.78,3710
20080825,22.85,22.85,22.85,22.85,4440
20080826,22.65,22.65,22.65,22.65,530
20080828,22.86,22.91,22.86,22.91,370
20080829,22.77,22.8,22.7,22.78,2700
20080902,22.59,22.59,22.53,22.53,920
20080903,22.31,22.31,22.31,22.31,370
20080904,22.03,22.03,21.78,21.78,330
20080905,21.54,21.59,21.44,21.59,3320
20080908,21.61,21.81,21.61,21.8,600
20080909,21.77,21.77,21.42,21.42,5580
20080910,21.45,21.45,21.45,21.45,860
20080911,21.18,21.58,21.18,21.58,1310
20080915,21.49,21.49,21.36,21.36,1970
20080916,20.86,20.86,20.86,20.86,5280
20080917,20.75,20.75,20.36,20.36,560
20080918,20.4,20.4,19.98,19.98,320
20080922,21.66,21.66,21.39,21.45,1690
20080923,21.28,21.28,21.28,21.28,160
20080924,20.91,20.97,20.91,20.97,720
20080925,20.19,21.47,20.19,21.36,3880
20080929,20.67,20.67,19.497,20.16,960
20080930,20.61,20.61,20.61,20.61,610
20081003,20.13,20.13,19.58,20.03,6220
20081006,18.779,19.091,18.58,18.58,1160
20081008,18,18.35,17.99,18.35,1480
20081009,17.276,17.276,17.2,17.2,420
20081010,15.782,16.53,15.063,16.53,5920
20081013,17.215,17.215,16.534,16.95,1590
20081014,17.984,18.183,17.984,18.05,840
20081015,16.94,16.94,16.4,16.4,1530
20081016,15.63,15.63,15.63,15.63,160
20081017,16.77,16.77,16.77,16.77,290
20081021,17.698,17.698,17.074,17.14,1790
20081022,17.369,17.369,15.75,15.75,1800
20081023,15.949,15.949,15.58,15.58,2270
20081027,15.146,16.453,15.146,15.61,2040
20081028,15.585,16.75,15.585,16.75,860
20081029,17.066,17.076,17,17,520
20081030,17.04,17.04,17.04,17.04,420
20081103,17.43,17.43,17.43,17.43,1690
20081104,17.836,17.96,17.24,17.24,990
20081105,17.608,17.608,17.4,17.4,420
20081106,19.867,19.867,16.251,16.27,2920
20081107,16.82,16.82,16.82,16.82,140
20081110,17.08,17.08,17.08,17.08,160
20081111,16.272,16.31,16.272,16.31,220
20081113,16.51,16.51,16.51,16.51,150
20081114,16.136,16.392,16.136,16.25,1490
20081117,16.09,16.09,16.09,16.09,320
20081119,15.695,15.695,15.591,15.61,1480
20081120,15.191,15.191,14.67,14.67,320
20081121,14.89,14.89,14.89,14.89,110
20081125,15.798,16.29,15.713,15.94,6510
20081126,15.916,16.37,15.859,16.37,10170
20081128,16.314,16.314,16.182,16.21,5810
20081203,16.12,16.12,16.12,16.12,1060
20081204,16.195,16.242,14.86,14.86,9690
20081205,15.497,16.34,15.497,16.34,1320
20081208,16.36,16.36,16.36,16.36,290
20081209,16.763,16.81,16.763,16.81,1410
20081210,17.587,20.635,17.038,17.18,14890
20081211,17.137,17.97,17.089,17.97,7550
20081212,21.2,21.2,16.476,16.75,9340
20081215,16.991,16.991,16.83,16.83,4350
20081216,17.466,18.119,16.946,17.4,34670
20081217,17.683,17.683,17.55,17.55,3510
20081219,17.094,17.321,16.403,16.99,325500
20081222,18.315,18.315,16.64,16.64,5920
20081223,16.63,16.63,16.45,16.45,740
20081226,15.457,16.47,15.457,16.47,800
20081229,16.42,16.42,16.42,16.42,110
20081230,16.796,17.08,16.796,17.08,9990
20081231,17.539,17.539,17.16,17.34,2440
20090102,17.27,17.8,17.024,17.8,3660
20090105,17.186,17.64,17.186,17.64,910
20090106,17.59,17.59,17.59,17.59,530
20090107,17.449,17.449,17.26,17.26,1750
20090108,17.18,17.18,17.18,17.18,1690
20090109,17.129,17.129,17.11,17.11,340
20090112,16.882,16.882,16.75,16.75,1060
20090113,16.973,16.973,16.85,16.85,1470
20090114,16.52,16.52,16.34,16.34,3430
20090115,16.203,16.6,16.203,16.6,1250
20090116,16.82,16.82,16.46,16.46,640
20090120,16.42,16.42,16.42,16.42,8450
20090121,16.28,16.28,16.28,16.28,220
20090123,15.939,16.27,15.939,16.27,2750
20090126,16.458,16.524,16.42,16.42,13020
20090127,16.55,16.55,16.55,16.55,840
20090202,15.455,16.43,15.455,16.43,2010
20090203,16.54,16.54,16.54,16.54,320
20090205,16.46,16.46,16.46,16.46,630
20090206,17.17,17.17,17.17,17.17,1060
20090209,17.189,17.237,17.18,17.18,540
20090210,16.39,16.39,16.39,16.39,210
20090212,16.382,16.382,16.146,16.25,1730
20090218,16.012,16.012,15.861,15.88,1310
20090219,15.964,15.964,15.69,15.69,220
20090220,15.423,15.451,15.3,15.3,9200
20090223,15.694,15.694,15.145,15.23,760
20090224,15.12,15.12,15.12,15.12,220
20090225,15.201,15.219,15.201,15.21,2990
20090226,15.422,15.45,15.422,15.45,320
20090227,14.751,14.846,14.6,14.6,3330
20090302,14.135,14.315,13.983,14.04,11530
20090303,14.268,14.268,13.88,13.88,2390
20090304,14.049,14.21,14.049,14.21,350
20090305,13.958,13.958,13.57,13.57,670
20090306,13.734,13.734,13.62,13.62,690
20090309,13.249,13.41,13.249,13.41,1270
20090310,13.595,14.21,13.595,14.21,2700
20090311,14.42,14.42,14.42,14.42,220
20090312,14.497,14.62,14.497,14.62,750
20090313,14.95,14.95,14.95,14.95,260
20090317,14.943,15.17,14.943,15.17,560
20090318,15.197,15.85,15.197,15.85,2620
20090319,15.992,15.992,15.49,15.49,1480
20090320,15.424,15.424,15.159,15.31,440
20090323,15.657,16.13,15.657,16.13,3590
20090324,15.914,16.16,15.914,16.16,430
20090326,16.25,16.25,16.25,16.25,110
20090327,16.221,16.221,16.07,16.07,1220
20090330,15.55,15.55,15.55,15.55,220
20090331,15.804,15.88,15.804,15.88,1520
20090402,16.277,16.656,16.277,16.4,3670
20090403,16.404,16.47,16.404,16.47,640
20090406,16.44,16.44,16.44,16.44,170
20090407,16.306,16.306,16.23,16.23,1320
20090409,16.7,16.7,16.7,16.7,110
20090413,16.692,16.91,16.673,16.91,1310
20090414,16.63,16.63,16.63,16.63,210
20090415,16.414,16.679,16.385,16.66,4060
20090416,16.744,17.019,16.744,17,1990
20090420,16.531,16.531,16.38,16.38,1410
20090421,16.286,16.286,16.22,16.22,420
20090422,16.879,16.879,16.813,16.86,860
20090423,16.66,16.66,16.66,16.66,210
20090424,16.952,16.98,16.952,16.98,220
20090427,16.93,16.93,16.93,16.93,340
20090429,17.166,17.28,17.166,17.28,10770
20090430,17.548,17.548,17.16,17.16,670
20090504,17.676,17.676,17.6,17.6,900
20090505,17.758,17.758,17.72,17.72,600
20090506,17.642,17.86,17.642,17.86,1720
20090507,17.68,17.68,17.68,17.68,530
20090508,17.792,18.01,17.792,18.01,430
20090511,17.681,17.823,17.681,17.69,690
20090513,17.55,17.55,17.55,17.55,530
20090514,17.579,17.73,17.579,17.73,1170
20090515,17.667,17.667,17.43,17.43,540
20090518,17.761,17.837,17.761,17.78,3990
20090519,18.009,18.009,17.99,17.99,2320
20090520,18.18,18.18,17.82,17.82,1200
20090521,17.512,17.54,17.407,17.54,1260
20090526,17.859,17.859,17.84,17.84,220
20090527,17.987,17.987,17.58,17.58,3210
20090528,17.865,17.959,17.865,17.95,1630
20090529,17.907,17.907,17.85,17.85,780
20090601,18.45,18.45,18.45,18.45,320
20090602,18.625,18.71,18.625,18.71,770
20090603,18.529,18.529,18.33,18.33,1340
20090605,18.43,18.43,18.43,18.43,220
20090608,18.302,18.331,18.189,18.329,8450
20090609,18.468,18.477,18.43,18.43,870
20090611,18.562,18.59,18.562,18.59,5750
20090612,18.435,18.52,18.435,18.52,3530
20090615,18.101,18.12,18.101,18.12,660
20090617,18.195,18.195,18.081,18.1,3000
20090618,18.244,18.244,18.14,18.14,270
20090619,18.382,18.382,18.23,18.23,2230
20090622,17.777,17.777,17.711,17.72,1330
20090623,17.74,17.74,17.74,17.74,290
20090624,17.128,17.888,17.128,17.85,3200
20090625,17.647,18.169,17.647,18.15,3790
20090629,18.28,18.28,18.28,18.28,110
20090630,17.999,18.16,17.999,18.16,1160
20090706,17.56,17.56,17.56,17.56,160
20090707,17.52,17.52,17.52,17.52,210
20090708,17.443,17.5,17.405,17.5,590
20090709,17.522,17.569,17.522,17.55,2320
20090713,17.39,17.779,17.39,17.76,1200
20090715,18.2,18.2,18.2,18.2,290
20090716,18.44,18.44,18.44,18.44,260
20090717,18.466,18.589,18.466,18.58,1060
20090720,18.79,18.79,18.79,18.79,1050
20090721,18.88,18.88,18.88,18.88,220
20090722,19.06,19.06,19.06,19.06,220
20090723,19.43,19.43,19.43,19.43,630
20090727,19.477,19.61,19.43,19.43,650
20090729,19.477,19.478,19.43,19.43,3480
20090731,19.55,19.55,19.533,19.55,770
20090803,19.612,19.669,19.536,19.65,1410
20090804,19.747,19.747,19.7,19.7,720
20090805,19.532,19.57,19.532,19.57,2960
20090807,19.623,19.756,19.596,19.68,2260
20090810,19.59,19.59,19.59,19.59,300
20090811,19.474,19.559,19.464,19.542,4520
20090812,19.419,19.78,19.419,19.78,4620
20090813,19.79,19.79,19.79,19.79,220
20090814,19.57,19.57,19.57,19.57,270
20090817,19.25,19.25,19.25,19.25,1480
20090818,19.43,19.496,19.392,19.43,5810
20090819,19.61,19.61,19.61,19.61,450
20090824,20.13,20.13,20.13,20.13,1180
20090825,20.3,20.3,20.3,20.3,7370
20090826,20.14,20.14,20.14,20.14,140
20090831,19.919,19.919,19.91,19.91,2430
20090901,19.59,19.59,19.59,19.59,110
20090902,19.61,19.61,19.61,19.61,110
20090908,20.14,20.14,20.11,20.11,12490
20090910,20.22,20.31,20.22,20.31,360
20090915,20.42,20.49,20.42,20.49,8580
20090916,20.5,20.66,20.5,20.66,520
20090917,20.72,20.75,20.72,20.75,990
20090918,20.72,20.72,20.72,20.72,370
20090921,20.71,20.71,20.7,20.7,780
20090922,20.7,20.7,20.7,20.7,4220
20090923,20.62,20.62,20.62,20.62,250
20090924,20.38,20.39,20.38,20.39,260
20090925,20.14,20.15,20.14,20.15,11830
20090929,20.55,20.55,20.42,20.42,3580
20091001,20.22,20.23,19.914,19.98,2610
20091005,19.931,19.95,19.931,19.95,740
20091006,20.28,20.28,20.27,20.27,1060
20091007,20.18,20.18,20.18,20.18,110
20091008,20.33,20.33,20.33,20.33,840
20091014,20.76,20.76,20.76,20.76,310
20091015,20.72,20.9,20.72,20.88,1260
20091016,20.69,20.69,20.69,20.69,110
20091019,20.77,20.95,20.77,20.95,1510
20091020,20.76,20.76,20.76,20.76,320
20091023,20.59,20.59,20.59,20.59,420
20091026,20.7,20.7,20.45,20.45,3390
20091028,20.39,20.39,20.08,20.08,5140
20091029,20.42,20.42,20.42,20.42,250
20091030,20.41,20.45,19.92,19.92,6110
20091102,20.48,20.48,20.05,20.08,20640
20091103,20.17,20.17,20.17,20.17,120
20091104,20.41,20.42,20.41,20.42,3580
20091106,20.67,20.67,20.65,20.65,2070
20091109,21.09,21.15,21.09,21.14,1650
20091110,21.16,21.24,21.16,21.24,1900
20091111,21.31,21.35,21.31,21.34,330
20091112,21.13,21.14,21.12,21.14,1830
20091113,21.19,21.22,21.18,21.22,13900
20091116,21.54,21.68,21.54,21.61,2760
20091117,21.62,21.64,21.55,21.64,4260
20091118,21.61,21.67,21.61,21.67,2240
20091119,21.34,21.34,21.34,21.34,4800
20091120,21.32,21.32,21.32,21.32,1060
20091123,21.63,21.63,21.63,21.63,210
20091124,21.65,21.73,21.63,21.72,1920
20091125,21.76,21.76,21.76,21.76,110
20091127,21.5,21.5,21.46,21.46,550
20091130,21.45,21.49,21.35,21.49,4500
20091201,21.76,21.76,21.7,21.73,1460
20091203,21.71,21.71,21.6,21.61,1470
20091204,21.44,21.48,21.44,21.48,2670
20091207,21.5,21.5,21.5,21.5,110
20091208,21.19,21.21,21.19,21.19,1730
20091209,21.21,21.3,21.2,21.3,1060
20091211,21.54,21.54,21.52,21.52,1730
20091214,21.54,21.54,21.54,21.54,440
20091215,21.6,21.6,21.57,21.57,1390
20091216,21.76,21.76,21.76,21.76,390
20091217,21.46,21.46,21.4,21.4,1270
20091218,21.53,21.53,21.34,21.36,1000
20091222,21.8,21.81,21.8,21.81,400
20091223,21.79,21.79,21.77,21.77,1570
20091224,21.8,21.8,21.8,21.8,100
20091228,21.86,21.86,21.86,21.86,100
20091229,21.94,21.94,21.87,21.87,590
20091230,21.82,21.9,21.82,21.85,4240
20091231,21.85,21.91,21.04,21.83,8260
20100104,22.01,22.06,22.01,22.06,520
20100105,22.14,22.14,22.04,22.07,940
20100106,22.14,22.17,22.11,22.11,6630
20100107,22.11,22.24,22.11,22.2,650
20100108,22.18,22.26,22.18,22.26,1260
20100111,22.34,22.34,22.33,22.33,310
20100112,22.21,22.21,22.05,22.06,4710
20100113,22.11,22.21,22.03,22.14,5520
20100114,22.24,22.3,22.24,22.3,2210
20100119,22.19,22.45,22.19,22.45,870
20100120,22.11,22.11,22.07,22.07,1560
20100122,21.68,21.68,21.51,21.51,1500
20100125,21.47,21.47,21.29,21.36,1570
20100126,21.46,21.46,21.46,21.46,160
20100127,21.28,21.36,21.13,21.36,1620
20100128,21.1,21.19,21.02,21.19,2400
20100129,21.18,21.18,21.08,21.08,1360
20100201,21.13,21.21,21.13,21.21,940
20100202,21.51,21.51,21.51,21.51,420
20100203,21.43,21.45,21.43,21.43,830
20100204,20.93,20.93,20.93,20.93,420
20100208,20.89,20.89,20.89,20.89,100
20100209,21.11,21.11,21.11,21.11,580
20100210,21.07,21.07,21.01,21.01,2550
20100216,21.35,21.5,21.31,21.5,470
20100217,21.45,21.52,21.45,21.5,1390
20100222,21.53,21.53,21.53,21.53,520
20100223,21.44,21.44,21.32,21.32,900
20100224,21.61,21.61,21.59,21.59,310
20100225,21.47,21.47,21.47,21.47,300
20100226,21.58,21.58,21.54,21.56,1570
20100301,21.64,21.82,21.64,21.82,460
20100302,21.87,21.88,21.81,21.86,610
20100303,21.86,21.89,21.8,21.8,1000
20100305,21.99,22.14,21.98,22.14,800
20100308,22.16,22.17,22.14,22.17,1880
20100309,22.16,22.16,22.14,22.14,1180
20100312,22.36,22.36,22.35,22.35,310
20100315,22.16,22.21,22.16,22.21,200
20100322,22.73,22.73,22.73,22.73,560
20100323,22.72,22.75,22.72,22.75,410
20100325,22.79,22.79,22.79,22.79,210
20100326,22.67,22.67,22.64,22.64,430
20100329,22.68,22.68,22.68,22.68,260
20100401,22.64,22.79,22.64,22.69,8080
20100405,22.7,22.9,22.7,22.9,2420
20100406,22.81,22.9,22.81,22.9,1590
20100407,22.83,22.83,22.83,22.83,500
20100412,23.1,23.1,23.1,23.1,370
20100413,23,23.12,23,23.12,480
20100414,23.44,23.44,23.44,23.44,260
20100415,23.44,23.51,23.44,23.51,1770
20100416,23.28,23.31,23.14,23.14,3740
20100419,23.03,23.2,23.03,23.2,360
20100420,23.42,23.42,23.3,23.35,1760
20100421,23.36,23.36,23.27,23.27,680
20100422,23.34,23.36,23.34,23.36,230
20100423,23.42,23.47,23.42,23.47,3360
20100426,23.39,23.39,23.39,23.39,360
20100427,23.18,23.18,23.18,23.18,3130
20100428,22.92,22.92,22.92,22.92,6260
20100430,23.13,23.13,22.94,22.94,1910
20100503,23.1,23.1,23.1,23.1,520
20100504,22.87,22.87,22.49,22.49,5610
20100505,22.31,22.31,22.31,22.31,310
20100506,17.142,21.66,17.085,21.66,1620
20100507,21.19,21.57,21.19,21.24,2390
20100511,22.25,22.43,22.22,22.43,1460
20100512,22.38,22.49,22.38,22.49,920
20100517,21.98,21.98,21.37,21.43,730
20100518,21.57,21.57,21.41,21.42,1760
20100519,21.26,21.27,21.26,21.27,310
20100520,20.96,20.96,20.96,20.96,1100
20100521,20.16,20.63,20.16,20.63,2830
20100524,20.6,20.6,20.6,20.6,1320
20100525,20.15,20.3,20.15,20.21,1030
20100526,20.66,20.66,20.42,20.42,420
20100527,20.91,20.91,20.91,20.91,270
20100601,20.84,20.84,20.84,20.84,3140
20100608,20.3,20.31,20.3,20.31,620
20100611,20.86,20.86,20.86,20.86,310
20100614,21.21,21.21,21.17,21.17,770
20100615,21.14,21.24,21.14,21.24,710
20100616,21.36,21.36,21.36,21.36,310
20100617,21.28,21.28,21.28,21.28,1570
20100618,21.49,21.49,21.49,21.49,420
20100621,21.71,21.71,21.33,21.33,970
20100625,20.74,20.74,20.52,20.72,900
20100628,20.63,20.65,20.58,20.58,1290
20100629,20.14,20.14,19.21,19.83,19530
20100630,20.01,20.02,19.991,20.02,690
20100701,19.65,19.65,19.65,19.65,310
20100706,19.955,19.965,19.63,19.63,2480
20100707,19.751,19.78,19.751,19.78,200
20100714,21.02,21.06,21.02,21.06,680
20100715,20.98,20.98,20.98,20.98,100
20100716,20.66,20.66,20.54,20.54,17000
20100720,20.43,20.69,20.43,20.69,3030
20100723,21.02,21.11,21.02,21.11,410
20100726,21.2,21.2,21.2,21.2,960
20100727,21.46,21.46,21.46,21.46,310
20100730,21.19,21.19,21.19,21.19,100
20100802,21.63,21.63,21.63,21.63,1110
20100806,21.61,21.67,21.5,21.5,1180
20100810,21.72,21.72,21.72,21.72,180
20100811,21.4,21.4,21.09,21.09,940
20100812,20.84,21.01,20.84,20.89,830
20100813,20.94,20.94,20.92,20.92,1390
20100817,21.02,21.11,21.02,21.11,2090
20100823,20.58,20.58,20.58,20.58,210
20100825,19.991,20.24,19.991,20.24,690
20100826,20.24,20.24,20.24,20.24,250
20100831,20.24,20.24,20.24,20.24,140
20100902,20.82,20.82,20.82,20.82,100
20100903,21.13,21.13,21.13,21.13,100
20100907,21.04,21.04,20.84,20.84,1000
20100913,21.35,21.35,21.33,21.33,630
20100914,21.34,21.34,21.34,21.34,210
20100927,21.94,22.01,21.94,21.95,860
20100930,21.84,21.96,21.84,21.93,4390
20101001,21.94,21.98,21.88,21.98,1620
20101005,21.93,22.1,21.93,22.1,750
20101007,22.29,22.29,22.14,22.14,570
20101008,22.23,22.23,22.23,22.23,840
20101011,22.35,22.35,22.35,22.35,300
20101013,22.62,22.64,22.62,22.62,330
20101018,22.69,22.73,22.69,22.73,430
20101020,22.61,22.61,22.61,22.61,370
20101025,22.79,22.79,22.75,22.75,440
20101027,22.47,22.53,22.47,22.53,710
20101101,22.9,22.9,22.9,22.9,240
20101102,22.88,23,22.86,23,3450
20101104,23.4,23.51,23.38,23.51,1250
20101105,23.56,23.56,23.56,23.56,520
20101109,23.53,23.53,23.53,23.53,380
20101110,23.14,23.56,23.14,23.56,960
20101111,23.46,23.46,23.46,23.46,100
20101116,23.12,23.12,22.89,22.89,740
20101118,22.99,23.02,22.99,23.02,840
20101122,23.08,23.08,23.08,23.08,310
20101123,22.81,22.81,22.81,22.81,210
20101124,23.09,23.09,23.04,23.04,1040
20101129,22.68,22.68,22.68,22.68,420
20101130,22.86,22.87,22.86,22.87,680
20101201,23.23,23.23,23.23,23.23,1400
20101210,23.84,23.84,23.84,23.84,6530
20101214,23.98,23.98,23.98,23.98,210
20101216,23.96,23.96,23.96,23.96,210
20101220,23.93,23.93,23.86,23.86,300
20101221,24.15,24.15,24.15,24.15,120
20101222,24.18,24.18,24.15,24.15,520
20101223,24.16,24.19,24.16,24.19,520
20101227,24.15,24.16,24.15,24.15,1110
20101228,24.16,24.16,24.16,24.16,110
20101230,24.24,24.24,24.06,24.09,4240
20110103,24.28,24.37,24.28,24.37,1080
20110104,24.4,24.44,24.37,24.44,3850
20110105,24.61,24.61,24.61,24.61,380
20110107,24.61,24.61,24.61,24.61,200
20110112,24.93,24.94,24.93,24.93,2040
20110113,24.85,24.85,24.85,24.85,680
20110114,24.96,24.98,24.96,24.98,1230
20110118,24.93,24.99,24.93,24.99,200
20110119,25.06,25.06,24.99,24.99,590
20110120,24.81,24.83,24.19,24.83,8220
20110124,24.86,24.98,24.86,24.98,970
20110125,24.95,25.12,24.94,25.12,770
20110126,25.21,25.31,25.21,25.31,820
20110127,25.2,25.42,25.2,25.42,1150
20110128,24.83,24.83,24.83,24.83,150
20110131,25.15,25.15,25.15,25.15,210
20110202,25.11,25.25,25.11,25.25,1340
20110203,25.04,25.21,25.01,25.21,570
20110204,25.3,25.32,25.3,25.32,1740
20110210,25.48,25.53,25.48,25.52,59560
20110211,25.59,25.59,25.51,25.51,800
20110214,25.62,25.71,25.62,25.71,410
20110216,25.83,25.83,25.83,25.83,420
20110217,25.85,25.85,25.85,25.85,100
20110222,25.44,25.59,25.44,25.57,730
20110223,25.53,25.6,25.44,25.53,3510
20110224,25.48,25.48,25.31,25.46,3890
20110225,25.49,25.56,25.49,25.54,1760
20110228,25.73,25.78,25.69,25.78,1450
20110301,25.77,25.77,25.63,25.66,2380
20110302,26.51,26.51,25.5,25.5,2610
20110303,25.99,26.03,25.99,26.03,250
20110304,25.75,25.75,25.75,25.75,330
20110308,25.83,25.83,25.82,25.82,1450
20110309,25.72,25.75,25.7,25.75,1120
20110310,25.34,25.34,25.29,25.29,1760
20110314,25.22,25.22,25.22,25.22,100
20110315,23.99,25.14,23.73,25.14,2990
20110316,24.72,24.73,24.38,24.61,2360
20110317,24.89,24.93,24.89,24.93,3220
20110321,25.39,25.39,25.23,25.23,540
20110325,25.76,25.87,25.76,25.87,3290
20110328,25.75,25.82,25.75,25.75,830
20110329,25.62,25.62,25.62,25.62,100
20110330,26,26,26,26,430
20110331,26.01,26.01,25.9,25.92,2680
20110404,25.11,25.98,25.11,25.84,770
20110405,26.07,26.07,26.07,26.07,180
20110407,26.06,26.16,26.06,26.16,1280
20110411,26.19,26.19,26.17,26.17,660
20110412,25.62,25.75,25.62,25.75,730
20110413,25.74,25.74,25.71,25.71,630
20110414,25.69,25.75,25.69,25.75,720
20110418,25.47,25.47,25.46,25.46,200
20110419,25.63,25.7,25.63,25.7,1760
20110420,26.18,26.22,26.18,26.22,200
20110421,26.58,26.58,26.45,26.58,300
20110425,26.57,26.57,26.5,26.55,610
20110426,26.69,26.86,26.69,26.8,1760
20110428,26.92,26.92,26.85,26.85,720
20110429,27.01,27.03,26.94,27.03,1330
20110502,27.02,27.02,26.94,26.94,840
20110504,26.59,26.69,26.59,26.69,410
20110505,26.53,26.53,26.41,26.48,1870
20110506,26.7,26.7,26.51,26.51,870
20110509,26.48,26.78,26.46,26.74,2770
20110510,26.77,26.84,26.73,26.76,6840
20110511,26.74,26.74,26.42,26.63,1280
20110512,26.54,26.69,26.54,26.69,820
20110513,26.67,26.67,26.47,26.47,300
20110516,26.35,26.51,26.35,26.38,1960
20110517,26.41,26.41,26.25,26.29,2200
20110518,26.54,26.66,26.54,26.66,1120
20110519,26.69,26.7,26.58,26.66,2440
20110520,26.68,26.68,26.38,26.5,3520
20110523,26.1,26.1,26.1,26.1,720
20110524,26.18,26.18,26.14,26.14,200
20110525,26.19,26.19,26.19,26.19,100
20110527,26.31,26.31,26.14,26.16,62730
20110531,26.45,26.45,26.41,26.41,620
20110601,26.28,26.28,26.19,26.19,1670
20110602,26.06,26.1,26.06,26.06,800
20110603,25.77,25.97,25.77,25.8,5640
20110606,25.69,25.69,25.54,25.57,1110
20110607,25.73,25.73,25.66,25.66,830
20110608,25.5,25.5,25.46,25.46,310
20110609,25.68,25.83,25.68,25.76,1490
20110613,25.32,25.32,25.29,25.29,7080
20110614,25.7,25.72,25.68,25.68,1720
20110615,25.43,25.43,25.2,25.27,880
20110616,25.3,25.3,25.27,25.28,1710
20110617,25.48,25.48,25.25,25.25,830
20110621,25.67,25.67,25.63,25.63,320
20110622,25.79,25.94,25.79,25.94,520
20110623,25.68,25.68,25.68,25.68,2060
20110624,25.45,25.56,25.32,25.32,1600
20110627,25.32,25.34,25.31,25.34,610
20110628,25.72,25.72,25.72,25.72,1130
20110630,26.28,26.29,26.28,26.28,2680
20110701,26.6,26.6,26.6,26.6,100
20110705,26.64,26.64,26.64,26.64,100
20110706,26.73,26.73,26.7,26.7,1840
20110707,26.98,26.98,26.97,26.97,1800
20110708,26.71,26.71,26.71,26.71,510
20110711,26.26,26.26,26.26,26.26,100
20110713,26.43,26.43,26.43,26.43,200
20110714,26.21,26.27,26.21,26.27,1690
20110715,26.51,26.51,26.13,26.41,870
20110720,26.25,26.62,26.25,26.25,920
20110721,26.93,26.94,25.92,26.94,2640
20110722,26.92,27.3,26.82,27.3,1800
20110725,25.65,26.62,25.65,26.62,410
20110728,26.97,26.97,25.15,25.54,2390
20110729,25.65,25.99,25.35,25.67,3090
20110801,25.96,25.96,25.71,25.81,560
20110802,25.38,25.38,25.38,25.38,200
20110803,24.18,25.14,23.83,25.14,2710
20110804,23.75,24.15,23.74,24.15,2570
20110805,25.14,25.14,23.36,23.36,14290
20110808,23.36,23.6,22.16,22.16,26840
20110809,23.26,23.31,22.23,23.31,930
20110810,23.03,23.95,21.88,21.89,3440
20110811,23.66,23.66,22.46,23.61,2120
20110812,23.39,23.39,23.39,23.39,620
20110815,23.71,23.71,23.5,23.5,980
20110817,24.54,24.54,24.02,24.02,510
20110818,22.96,23.74,22.86,23.15,3410
20110819,23.5,23.5,23.5,23.5,210
20110822,22.86,23.36,22.85,22.85,1080
20110823,22.83,23.26,22.5,23.26,920
20110824,23.53,23.7,23.53,23.68,10280
20110825,23.5,23.5,23.5,23.5,310
20110826,23.97,23.97,23.97,23.97,100
20110829,24.41,24.44,24.08,24.26,9300
20110830,24.46,24.46,24.28,24.28,560
20110831,24.24,24.92,24.24,24.6,2670
20110901,25.01,25.01,24.48,24.6,1030
20110902,24.09,24.09,23.61,23.61,420
20110906,22.91,23.54,22.91,23.39,2960
20110908,24.11,24.15,23.69,23.97,1750
20110909,23.59,23.59,23.22,23.22,200
20110915,24.53,24.53,24.11,24.27,2340
20110916,24.6,24.63,24.34,24.4,1440
20110920,24.58,24.58,24.58,24.58,100
20110921,24.58,24.64,24.05,24.05,1000
20110922,22.39,23.58,22.39,22.92,510
20110923,22.92,23.3,22.92,23.3,690
20110926,23.7,23.75,23.7,23.75,510
20110927,24.09,24.37,23.99,23.99,660
20110928,23.45,23.56,23.45,23.53,930
20110929,23.85,23.85,23.85,23.85,110
20110930,23.69,23.69,23.51,23.51,220
20111003,22.98,23.17,22.36,22.63,1240
20111004,22.73,22.73,22.06,22.33,3960
20111005,22.85,23.36,22.82,23.36,2830
20111006,23.59,23.59,23.59,23.59,210
20111010,24.47,24.47,24.28,24.28,510
20111013,24.37,24.76,24.37,24.76,500
20111014,24.82,25.42,24.55,25.42,580
20111017,24.89,24.89,24.55,24.58,420
20111018,24.37,24.96,24.37,24.96,410
20111019,23.78,24.87,23.78,24.87,310
20111020,25.26,25.27,24.1,24.75,1090
20111021,25.1,25.1,24.71,24.99,2160
20111025,25.31,26.01,25.11,25.11,1090
20111027,26.08,26.54,25.61,25.76,3350
20111028,27.54,27.54,26.04,26.04,1620
20111031,25.74,25.88,25.4,25.81,10270
20111101,24.56,25.7,24.56,24.82,980
20111102,25.16,25.22,24.96,24.96,4970
20111104,25.09,25.36,25.09,25.21,1240
20111107,25.19,25.4,25.19,25.4,790
20111108,27.08,27.08,25.54,25.54,8390
20111109,25.27,25.27,25.01,25.01,5180
20111110,25.18,25.18,25.14,25.14,590
20111111,25.98,25.98,25.58,25.58,2470
20111114,26.11,26.33,25.06,25.27,5810
20111116,24.67,25.38,24.67,25.3,2460
20111117,24.54,24.54,24.3,24.3,820
20111118,24.7,24.7,24.58,24.58,690
20111121,24.04,24.25,23.69,24.16,6090
20111122,24.02,25.93,23.89,24.1,27300
20111123,23.9,23.9,23.9,23.9,410
20111125,23.41,23.41,23.41,23.41,1030
20111128,24.02,24.29,23.88,24.04,9800
20111129,24.24,24.91,24.06,24.24,2210
20111130,24.95,25.26,24.95,25.26,500
20111201,25.31,25.36,25.31,25.36,3270
20111202,25.49,25.54,25.36,25.43,2470
20111206,25.45,25.65,25.45,25.65,2370
20111207,25.48,25.74,25.48,25.74,1750
20111208,25.54,25.54,25.23,25.36,1390
20111209,25.3,25.58,25.3,25.58,560
20111212,25.36,25.36,24.98,24.98,3130
20111213,25.49,25.49,24.98,24.98,2280
20111214,24.8,24.8,24.73,24.73,1840
20111215,25.09,25.09,24.91,24.91,340
20111216,25.24,25.24,25.24,25.24,470
20111219,25.13,25.13,24.71,24.71,2920
20111220,25.28,25.34,25.28,25.34,1450
20111222,25.6,25.7,25.6,25.7,370
20111223,25.92,25.95,25.85,25.95,940
20111227,26.11,26.11,26.04,26.08,1140
20111228,26.04,26.04,26.04,26.04,120
20111229,25.91,25.91,25.91,25.91,2710
20111230,25.91,25.97,25.86,25.86,1040
20120103,26.17,26.37,26.17,26.36,1470
20120104,26.26,26.26,26.26,26.26,1190
20120105,26.3,26.3,26.3,26.3,360
20120106,26.32,26.32,26.19,26.29,7680
20120109,26.31,26.31,26.31,26.31,140
20120110,26.65,26.66,26.62,26.66,410
20120112,26.59,26.59,26.58,26.58,1320
20120113,26.36,26.51,26.36,26.51,330
20120117,26.76,26.76,26.76,26.76,180
20120119,26.84,26.98,26.84,26.98,410
20120120,26.93,26.94,26.9,26.94,16760
20120123,27.03,27.06,26.96,26.96,810
20120124,26.88,26.9,26.88,26.88,720
20120125,26.81,27.12,26.81,27.11,187220
20120126,27.04,27.04,26.79,26.79,3260
20120127,26.83,26.97,26.83,26.97,730
20120130,26.6,26.71,26.6,26.71,700
20120131,27,27,26.76,26.91,3140
20120201,27.18,27.21,27.18,27.19,4280
20120202,27.2,27.2,27.18,27.18,1570
20120203,27.33,27.36,27.33,27.36,520
20120207,27.51,27.51,27.5,27.5,220
20120208,27.58,27.6,27.58,27.6,890
20120209,27.62,27.64,27.62,27.63,730
20120210,27.41,27.41,27.41,27.41,100
20120213,27.62,27.73,27.54,27.73,6870
20120214,27.69,27.69,27.57,27.57,1510
20120216,27.83,27.88,27.83,27.88,900
20120221,28.05,28.05,28.05,28.05,440
20120222,27.83,27.83,27.83,27.83,200
20120223,27.71,27.71,27.71,27.71,310
20120224,28.05,28.05,28.05,28.05,710
20120228,28.19,28.23,28.19,28.23,240
20120301,28.21,28.21,28.21,28.21,500
20120302,28.18,28.18,28.15,28.15,450
20120305,28.12,28.12,27.94,27.94,890
20120306,27.64,27.64,27.59,27.59,210
20120309,28.22,28.22,28.21,28.21,510
20120312,28.14,28.14,28.14,28.14,1020
20120313,28.24,28.37,28.19,28.37,730
20120314,28.7,28.7,28.7,28.7,100
20120315,28.62,28.72,28.62,28.66,950
20120316,28.72,28.74,28.72,28.74,1340
20120319,28.78,28.89,28.76,28.88,5020
20120321,28.71,28.71,28.71,28.71,1020
20120322,28.5,28.5,28.39,28.39,2840
20120323,28.32,28.52,28.32,28.52,710
20120328,28.58,28.58,28.58,28.58,410
20120329,28.69,28.78,28.69,28.78,470
20120330,28.97,29.05,28.97,29.05,1170
20120402,27.82,29.26,27.82,29.26,1730
20120403,28.64,29.02,28.64,29.02,1120
20120405,28.74,28.74,28.7,28.7,250
20120409,28.45,28.47,28.45,28.47,200
20120410,28.29,28.29,28.27,28.27,1120
20120411,28.13,28.13,28.13,28.13,450
20120412,28.37,28.4,28.37,28.4,1490
20120413,28.23,28.23,28.23,28.23,600
20120416,28.26,28.26,28.18,28.18,910
20120417,28.56,28.56,28.56,28.56,220
20120419,28.33,28.33,28.33,28.33,240
20120420,28.47,28.5,28.47,28.5,1010
20120423,28.17,28.17,28.17,28.17,290
20120424,28.28,28.28,28.28,28.28,260
20120425,28.49,28.59,28.49,28.59,200
20120426,28.49,28.49,28.48,28.48,250
20120427,28.82,28.82,28.82,28.82,190
20120501,28.98,29.06,28.98,29.06,530
20120503,28.54,28.54,28.39,28.43,1230
20120504,27.97,27.97,27.97,27.97,100
20120507,27.71,27.71,27.71,27.71,200
20120509,27.58,27.63,27.56,27.63,400
20120510,27.56,27.61,27.56,27.61,430
20120511,27.79,27.79,27.59,27.66,3330
20120515,27.11,27.11,26.96,26.96,2340
20120517,26.8,26.8,26.78,26.78,300
20120518,26.38,26.38,26.38,26.38,100
20120522,26.89,26.89,26.86,26.86,2180
20120523,26.26,26.55,26.21,26.55,171460
20120524,26.76,26.76,26.56,26.56,1060
20120525,26.79,26.79,26.79,26.79,140
20120529,26.73,26.73,26.73,26.73,110
20120530,26.58,26.58,26.51,26.57,650
20120531,26.31,26.36,26.19,26.19,9270
20120601,25.96,26.08,25.86,25.88,1690
20120604,25.94,25.94,25.77,25.77,1120
20120606,26.54,26.54,26.54,26.54,400
20120607,26.79,26.79,26.79,26.79,100
20120608,26.68,26.68,26.68,26.68,250
20120612,26.72,26.72,26.72,26.72,470
20120613,26.97,26.97,26.97,26.97,120
20120614,27.06,27.06,27.06,27.06,410
20120615,27.24,27.24,27.24,27.24,760
20120618,27.47,27.54,27.47,27.5,4840
20120619,27.6,27.81,27.6,27.77,2400
20120620,27.79,27.82,27.79,27.82,2210
20120621,27.65,27.65,27.64,27.64,900
20120622,27.25,27.43,27.17,27.43,3180
20120625,27.08,27.08,26.94,26.94,2330
20120628,26.93,26.96,26.92,26.93,2020
20120629,27.76,27.76,27.73,27.73,800
20120706,27.53,27.53,27.52,27.52,610
20120709,27.42,27.42,27.42,27.42,100
20120710,27.56,27.56,27.56,27.56,280
20120711,27.29,27.35,27.29,27.35,800
20120712,27.1,27.1,27.07,27.07,480
20120713,27.6,27.65,27.6,27.65,1010
20120718,28.1,28.1,28.1,28.1,610
20120720,27.98,28,27.98,28,1620
20120723,27.44,27.44,27.44,27.44,150
20120724,27.39,27.39,27.39,27.39,150
20120726,27.61,27.61,27.57,27.57,760
20120727,28.12,28.12,28.12,28.12,100
20120731,28.12,28.12,28.07,28.07,2830
20120802,27.89,27.89,27.71,27.71,3420
20120803,28.37,28.37,28.37,28.37,280
20120806,28.48,28.48,28.48,28.48,300
20120807,28.5,28.5,28.5,28.5,1890
20120808,28.51,28.51,28.51,28.51,150
20120809,28.64,28.64,28.64,28.64,210
20120813,28.58,28.6,28.58,28.6,300
20120814,28.59,28.59,28.59,28.59,300
20120815,28.7,28.7,28.7,28.7,200
20120817,29.04,29.04,29.04,29.04,250
20120821,29.17,29.17,29.03,29.03,200
20120822,28.92,28.92,28.92,28.92,100
20120824,28.74,28.76,28.72,28.76,1200
20120827,28.97,28.97,28.97,28.97,830
20120828,28.93,28.93,28.93,28.93,250
20120830,28.7,28.84,28.7,28.84,410
20120831,28.94,28.97,28.94,28.97,500
20120905,28.94,28.97,28.9,28.9,760
20120906,29.27,29.27,29.27,29.27,350
20120907,29.45,29.45,29.45,29.45,130
20120910,29.32,29.32,29.32,29.32,790
20120911,29.27,29.27,29.27,29.27,150
20120912,29.32,29.32,29.32,29.32,150
20120914,29.92,29.92,29.92,29.92,200
20120918,29.72,29.78,29.68,29.78,1310
20120919,29.74,29.74,29.74,29.74,230
20120920,29.58,29.63,29.58,29.63,200
20120921,29.88,29.88,29.88,29.88,810
20120924,29.68,29.7,29.61,29.61,2090
20120925,29.75,29.75,29.59,29.59,340
20120926,29.38,29.38,29.38,29.38,710
20121001,29.8,29.8,29.8,29.8,150
20121004,29.91,29.92,29.91,29.92,200
20121008,29.88,29.93,29.88,29.93,890
20121010,29.61,29.61,29.61,29.61,100
20121011,29.5,29.51,29.5,29.51,400
20121012,29.47,29.47,29.47,29.47,100
20121015,29.35,29.35,29.34,29.34,710
20121016,29.99,29.99,29.99,29.99,100
20121017,29.99,30.11,29.99,30.11,620
20121018,30.09,30.09,29.97,29.97,510
20121019,29.5,29.5,29.49,29.49,1310
20121022,29.44,29.56,29.44,29.56,200
20121023,29.25,29.25,29.19,29.19,260
20121026,29.02,29.16,29.02,29.16,650
20121031,28.94,29.05,28.94,29.05,450
20121101,29.18,29.31,29.18,29.31,400
20121106,29.44,29.44,29.3,29.33,590
20121107,28.66,28.68,28.66,28.66,710
20121108,28.62,28.62,28.47,28.47,400
20121109,28.3,28.34,28.3,28.34,300
20121112,28.23,28.23,28.23,28.23,3680
20121113,28.39,28.39,28.39,28.39,300
20121114,28.18,28.18,27.94,27.94,2120
20121115,27.82,27.82,27.82,27.82,1520
20121116,27.68,27.68,27.68,27.68,100
20121119,28.37,28.48,28.37,28.48,390
20121120,28.47,28.53,28.47,28.52,1060
20121121,28.65,28.67,28.57,28.66,1870
20121123,28.76,28.95,28.76,28.95,710
20121126,28.93,29.01,28.93,29.01,900
20121127,29,29.01,28.94,28.94,780
20121128,28.77,28.95,28.76,28.95,1690
20121129,29.21,29.22,29.08,29.22,1130
20121130,29.22,29.22,29.05,29.05,3130
20121203,29.23,29.24,29.1,29.1,1110
20121205,29.11,29.27,29.11,29.2,1180
20121206,29.18,29.18,29.18,29.18,420
20121210,29.36,29.41,29.36,29.39,950
20121212,29.64,29.64,29.47,29.47,810
20121213,29.31,29.31,29.31,29.31,610
20121214,29.15,29.17,29.15,29.17,1550
20121217,29.37,29.37,29.32,29.32,580
20121219,29.81,29.81,29.81,29.81,350
20121220,29.51,29.57,29.45,29.57,570
20121221,29.17,29.3,29.17,29.22,740
20121227,29.18,29.27,28.78,28.78,7930
20121228,28.93,28.97,28.9,28.9,1990
20121231,28.7,28.84,28.7,28.84,200
20130102,29.78,29.8,29.78,29.8,300
20130104,29.98,30.05,29.93,30.05,2030
20130107,29.88,29.93,29.82,29.93,1490
20130108,29.76,29.86,29.76,29.86,5550
20130109,29.92,30.01,29.91,29.91,3020
20130111,30.13,30.13,30.13,30.13,630
20130114,30.04,30.1501,30.02,30.15,1410
20130115,30,30,30,30,280
20130116,30.2,30.2,30.2,30.2,270
20130117,30.25,30.25,30.18,30.23,1500
20130118,30.24,30.24,30.2192,30.24,700
20130122,30.2,30.3001,30.2,30.3,700
20130123,30.38,30.38,30.32,30.32,1280
20130124,30.34,30.48,30.34,30.44,450
20130125,30.36,30.42,30.36,30.42,590
20130128,30.37,30.397,30.37,30.397,1510
20130129,30.5,30.57,30.5,30.57,410
20130130,30.49,30.61,30.49,30.55,3170
20130131,30.34,30.34,30.28,30.28,3300
20130201,30.37,30.37,30.37,30.37,100
20130204,30.34,30.34,30.15,30.19,1270
20130205,30.46,30.5,30.45,30.45,5840
20130207,30.43,30.4548,30.29,30.38,1580
20130208,30.52,30.58,30.52,30.58,810
20130213,30.7,30.7,30.7,30.7,270
20130222,30.51,30.51,30.51,30.51,100
20130226,30.35,30.46,30.12,30.4199,1979
