Date,Open,High,Low,Close,Volume
20200302,26.33,26.99,26.089,26.67,726365
20200303,26.5,26.69,26.2,26.29,90129
20200304,26.52,26.7341,26.52,26.7341,103035
20200305,26.51,26.58,26.1401,26.293,154525
20200306,26.03,26.17,25.5469,26.03,466781
20200309,26.26,26.26,24.83,25.01,45517
20200310,25.77,26.19,25,25.62,98199
20200311,25.37,25.37,24.7,25.14,166855
20200312,26.21,26.21,22.98,23.39,91202
20200313,23.48,24.69,23.46,24.66,124872
20200316,23.64,23.9277,22.4,22.4,58311
20200317,23.01,23.63,22.64,23.63,17368
20200318,22.89,23,21.9,22.86,47577
20200319,20.27,23.15,20.27,22.7509,107277
20200320,22.9554,23.1,22.08,22.14,104844
20200323,21.89,22.21,21.555,22.14,17709
20200324,23.3,23.4781,22.59,23.1207,19567
20200325,23.77,23.99,23.3642,23.47,14403
20200326,23.68,24.295,23.68,24.28,24069
20200327,23.89,24.34,23.49,23.8839,40289
20200330,23.965,24.223,23.965,24.223,7653
20200331,24.4,24.4,24.0378,24.0378,106116
20200401,23.626,23.635,23.4632,23.495,5112
20200402,23.7,23.82,23.6,23.7797,370161
20200403,24.09,24.09,23.64,23.7283,4366
20200406,24.05,24.5998,24.05,24.5998,28981
20200407,25.33,25.33,24.7183,24.7183,4314
20200408,24.814,25.0754,24.7704,25.0737,8581
20200409,25.19,25.46,25.19,25.32,45849
20200413,25,25.0753,24.94,25.0753,12642
20200414,25.5,25.61,25.38,25.57,13929
20200415,25.28,25.3888,25.16,25.27,187195
20200416,25.2,25.37,25.19,25.302,13797
20200417,25.43,25.6,25.43,25.56,445814
20200420,25.46,25.66,25.29,25.3865,17344
20200421,25.06,25.14,24.9301,24.9633,2318
20200422,25.11,25.28,25.11,25.2199,10306
20200423,25.27,25.4,25.17,25.1752,19980
20200424,25.21,25.415,25.15,25.3749,10460
20200427,25.59,25.68,25.57,25.6474,10252
20200428,25.613,25.71,25.5973,25.5973,9244
20200429,25.8648,26.0598,25.8648,25.977,37260
20200430,25.84,25.95,25.78,25.8558,16926
20200501,25.5,25.6399,25.4,25.4241,22037
20200504,25.33,25.43,25.33,25.43,16415
20200505,25.61,25.7599,25.52,25.5893,29857
20200506,25.74,25.74,25.5503,25.5503,7577
20200507,25.62,25.84,25.62,25.7305,175241
20200508,25.88,26,25.88,25.9422,29319
20200511,25.79,26.0999,25.79,26.043,11068
20200512,26.07,26.07,25.8187,25.8187,10430
20200513,25.53,25.5613,25.39,25.4675,11643
20200514,25.25,25.5921,25.25,25.5921,10782
20200515,25.56,25.7149,25.55,25.7149,9243
20200518,26.03,26.16,26.0035,26.14,24345
20200519,26.11,26.2,26.0508,26.0508,1636
20200520,26.1801,26.28,26.18,26.2754,10370
20200521,26.31,26.31,26.12,26.13,35891
20200522,26.18,26.1867,26.0673,26.1398,40861
20200526,26.4585,26.46,26.2672,26.2672,28327
20200527,26.3731,26.4871,26.22,26.4871,9975
20200528,26.48,26.59,26.35,26.4189,10908
20200529,26.37,26.5,26.35,26.4817,19953
20200601,26.4794,26.4977,26.465,26.4698,1790
20200602,26.66,26.66,26.6094,26.6094,3140
20200603,26.6628,26.7831,26.6628,26.7646,1776
20200604,26.7,26.7,26.63,26.6791,1408
20200605,26.99,27.0757,26.99,27.06,7294
20200608,27.016,27.0875,26.99,27.0875,1281
20200609,26.99,27.0501,26.99,27.0501,40848
20200610,26.97,27.0001,26.93,26.93,5138
20200611,26.695,26.695,26.08,26.08,9502
20200612,26.23,26.34,26.12,26.2929,11650
20200615,26.05,26.37,26.05,26.3175,35595
20200616,26.62,26.67,26.62,26.649,5361
20200617,26.5642,26.5642,26.5642,26.5642,64
20200618,26.51,26.5218,26.51,26.5218,1022
20200619,26.68,26.68,26.4852,26.4852,3749
20200622,26.49,26.5649,26.47,26.5482,31642
20200623,26.57,26.81,26.57,26.7558,10120
20200624,26.58,26.58,26.4,26.4,807
20200625,26.36,26.6002,26.36,26.6002,61741
20200626,26.4945,26.55,26.3,26.3,22980
20200629,26.32,26.71,26.2439,26.7,11881
20200630,26.57,26.75,26.53,26.75,10607
20200701,26.75,26.75,26.68,26.7414,18971
20200702,26.93,26.9799,26.845,26.845,2371
20200706,27.02,27.08,27.02,27.0371,1362
20200707,27.02,27.02,26.82,26.8263,27769
20200708,26.9403,26.9899,26.8,26.9634,8500
20200709,26.86,26.93,26.68,26.8918,17197
20200710,26.84,26.9445,26.76,26.9445,13410
20200713,26.98,27.13,26.8456,26.8456,18743
20200714,26.83,27.01,26.83,27.01,25000
20200715,27.12,27.135,27.08,27.135,13834
20200716,26.975,27.0373,26.94,26.9727,18359
20200717,26.83,27.0548,26.83,27.0548,50512
20200720,27.15,27.18,27.07,27.1446,3867
20200721,27.08,27.25,27.08,27.1783,8425
20200722,27.23,27.2676,27.17,27.2676,8907
20200723,27.22,27.22,27.0866,27.1202,2590
20200724,27.02,27.0868,27.0101,27.05,35575
20200727,27.15,27.18,27.13,27.1503,3901
20200728,27.1465,27.1908,27.1075,27.1075,10446
20200729,27.2,27.28,27.2,27.2199,630
20200730,27.15,27.24,27.1401,27.1619,3985
20200731,27.19,27.19,27.09,27.17,1381
20200803,27.36,27.39,27.265,27.265,7018
20200804,27.4033,27.4033,27.4033,27.4033,259
20200805,27.4201,27.4377,27.4201,27.4377,1255
20200806,27.4499,27.4499,27.3701,27.4396,5039
20200807,27.4201,27.4499,27.4201,27.4385,4084
20200810,27.35,27.58,27.35,27.57,34905
20200811,27.56,27.63,27.4344,27.4344,27085
20200812,27.55,27.55,27.518,27.518,361
20200813,27.61,27.61,27.571,27.571,563
20200814,27.57,27.6,27.5401,27.56,7538
20200817,27.63,27.64,27.61,27.61,6126
20200818,27.66,27.66,27.6,27.6314,4288
20200819,27.65,27.69,27.5511,27.577,10395
20200820,27.58,27.65,27.58,27.6466,2404
20200821,27.61,27.65,27.595,27.595,368
20200824,27.6572,27.72,27.6572,27.698,1243
20200825,27.695,27.75,27.65,27.705,2172
20200826,27.66,27.77,27.65,27.66,33827
20200827,27.7,27.7894,27.7,27.7407,4933
20200828,27.7019,27.7703,27.68,27.7703,4810
20200831,27.7446,27.7588,27.6995,27.6995,1406
20200901,27.73,27.77,27.59,27.695,10397
20200902,27.7304,27.7304,27.685,27.685,65603
20200903,27.64,27.64,27.39,27.5158,5957
20200904,27.51,27.51,27.26,27.46,104114
20200908,27.37,27.4402,27.31,27.3825,4047
20200909,27.55,27.63,27.44,27.5791,7196
20200910,27.62,27.62,27.35,27.35,4723
20200911,27.42,27.42,27.42,27.42,234
20200914,27.6099,27.65,27.54,27.555,3559
20200915,27.65,27.65,27.56,27.6047,1699
20200916,27.58,27.635,27.5611,27.5761,3516
20200917,27.4655,27.523,27.41,27.523,1895
20200918,27.48,27.5099,27.36,27.4259,9255
20200921,27.2901,27.3627,27.24,27.3627,4276
20200922,27.4815,27.4815,27.4815,27.4815,50
20200923,27.415,27.415,27.17,27.24,5398
20200924,27.2053,27.3268,27.2053,27.2531,589
20200925,27.26,27.33,27.26,27.3175,2908
20200928,27.56,27.56,27.51,27.51,1058
20200929,27.55,27.55,27.465,27.5018,1403
20200930,27.63,27.63,27.6234,27.6234,149
20201001,27.5602,27.5602,27.51,27.5253,4134
20201002,27.56,27.56,27.5493,27.5493,164
20201005,27.649,27.6812,27.6001,27.6812,674
20201006,27.6601,27.68,27.5513,27.5513,1115
20201007,27.6701,27.7353,27.6701,27.7353,248
20201008,27.75,27.7626,27.69,27.7626,12138
20201009,27.8688,27.88,27.79,27.8717,5164
20201012,27.9,27.9514,27.87,27.9514,2263
20201013,27.94,27.9601,27.85,27.9348,18156
20201014,27.87,27.9282,27.87,27.9282,1582
20201015,27.9,27.9,27.9,27.9,142
20201016,27.85,27.9701,27.85,27.9393,1788
20201019,27.9299,27.93,27.7257,27.7257,2812
20201020,27.8201,27.8201,27.8201,27.8201,28
20201021,27.85,27.85,27.85,27.85,697
20201022,27.829,27.92,27.829,27.8997,5595
20201023,27.86,27.9148,27.8,27.9101,1000
20201026,27.76,27.77,27.6,27.7201,7842
20201027,27.75,27.769,27.73,27.7361,1563
20201028,27.42,27.4599,27.355,27.355,3284
20201029,27.39,27.5,27.3608,27.5,1084
20201030,27.374,27.374,27.24,27.3042,1558
20201102,27.46,27.4724,27.37,27.4724,2402
20201103,27.68,27.6951,27.625,27.6951,109470
20201104,27.83,27.9121,27.8025,27.8617,7482
20201105,27.98,28.05,27.98,28,6638
20201106,27.9801,28.0261,27.96,28.0261,5946
20201109,28.03,28.19,28.03,28.08,536189
20201110,28.04,28.142,28.03,28.1246,9914
20201111,28.19,28.19,28.08,28.16,35777
20201112,28.2,28.2,28.05,28.0838,21385
20201113,28.13,28.1583,28.115,28.15,4088
20201116,28.03,28.29,28.03,28.24,15958
20201117,28.25,28.3,28.2,28.2452,10120
20201118,28.25,28.25,28.1743,28.1743,2791
20201119,28.17,28.201,28.11,28.17,5622
20201120,28.2,28.233,28.085,28.1785,61779
20201123,28.18,28.2207,28.14,28.2207,14807
20201124,28.29,28.2901,28.28,28.28,590
20201125,28.28,28.28,28.25,28.275,2732
20201127,28.345,28.345,28.335,28.335,1099
20201130,28.28,28.28,28.24,28.28,10530
20201201,28.37,28.37,28.31,28.325,25668
20201202,28.21,28.35,28.21,28.32,11520
20201203,28.18,28.34,28.18,28.3232,17866
20201204,28.25,28.3999,28.25,28.369,4947
20201207,28.38,28.3911,28.34,28.3457,2694
20201208,28.34,28.4,28.34,28.39,1948
20201209,28.38,28.4,28.32,28.369,6554
20201210,28.35,28.35,28.3,28.3428,1999
20201211,28.33,28.3379,28.28,28.29,4452
20201214,28.385,28.385,28.3359,28.3359,112
20201215,28.35,28.375,28.336,28.375,1851
20201216,28.4073,28.42,28.4073,28.42,885
20201217,28.3909,28.4384,28.37,28.42,4113
20201218,28.435,28.435,28.4295,28.4295,299
20201221,28.3727,28.4016,28.27,28.4016,2536
20201222,28.37,28.39,28.29,28.29,5967
20201223,28.39,28.4156,28.36,28.407,6856
20201224,28.47,28.47,28.395,28.395,799
20201228,28.4601,28.4766,28.4601,28.475,1116
20201229,28.4,28.4967,28.4,28.49,1479
20201230,28.46,28.4801,28.41,28.43,21701
20201231,28.47,28.4915,28.44,28.44,17223
20210104,28.48,28.48,28.33,28.3852,19951
20210105,28.45,28.4823,28.425,28.4502,11585
20210106,28.51,28.51,28.4725,28.4725,1958
20210107,28.4,28.5185,28.4,28.51,4943
20210108,28.56,28.56,28.51,28.5348,4321
20210111,28.5322,28.56,28.48,28.5198,235806
20210112,28.52,28.53,28.505,28.5198,13306
20210113,28.53,28.5303,28.51,28.5298,9413
20210114,28.54,28.5557,28.495,28.5377,2471
20210115,28.539,28.539,28.48,28.4831,4375
20210119,28.53,28.5515,28.494,28.51,27051
20210120,28.55,28.5687,28.52,28.545,26750
20210121,28.53,28.59,28.53,28.56,3609
20210122,28.62,28.62,28.5,28.56,2556
20210125,28.5702,28.585,28.57,28.585,2150
20210126,28.55,28.59,28.55,28.57,1300
20210127,28.64,28.64,28.51,28.5468,8790
20210128,28.5532,28.5532,28.51,28.51,10915
20210129,28.54,28.54,28.36,28.36,11340
20210201,28.48,28.57,28.454,28.5469,5007
20210202,28.58,28.64,28.56,28.57,4246
20210203,28.51,28.65,28.51,28.65,7400
20210204,28.66,28.66,28.625,28.645,1253
20210208,28.655,28.68,28.61,28.61,78188
20210209,28.67,28.67,28.61,28.61,1822
20210210,28.6315,28.64,28.6,28.61,5442
20210211,28.635,28.73,28.635,28.68,10825
20210212,28.665,28.69,28.665,28.6732,9086
20210216,28.86,28.86,28.6776,28.6776,2711
20210217,28.67,28.69,28.6209,28.6209,2221
20210218,28.685,28.7136,28.6824,28.7,2933
20210219,28.71,28.729,28.659,28.68,5368
20210222,28.69,28.7,28.6505,28.6958,6799
20210223,28.7,28.73,28.69,28.7241,30422
20210224,28.72,28.73,28.69,28.71,7919
20210225,28.71,28.74,28.7,28.71,113584
20210226,28.76,28.76,28.68,28.73,1262131
20210301,28.97,29.15,28.93,29.0542,460355
20210302,29.23,29.23,28.95,28.98,292244
20210303,29.07,29.07,28.8,28.81,384721
20210304,28.93,28.93,28.435,28.6,213156
20210305,28.94,28.94,28.46,28.89,141255
20210308,29.08,29.08,28.84,28.84,147670
20210309,28.85,29.13,28.85,28.96,75004
20210310,29.25,29.25,29.04,29.06,67399
20210311,29.06,29.3,29.06,29.26,78302
20210312,29.18,29.29,29.1201,29.25,69906
20210315,29.39,29.39,29.2,29.35,40878
20210316,29.45,29.45,29.2941,29.36,37856
20210317,29.3,29.41,29.22,29.3868,31247
20210318,29.38,29.38,29.16,29.16,46192
20210319,29.28,29.28,29.0801,29.22,30508
20210322,29.37,29.4,29.225,29.37,19553
20210323,29.4,29.4,29.19,29.26,37704
20210324,29.305,29.38,29.22,29.22,26085
20210325,29.06,29.3268,29.05,29.3,71515
20210326,29.49,29.53,29.31,29.53,12564
20210329,29.5,29.535,29.3985,29.52,12163
20210330,29.61,29.61,29.365,29.48,63831
20210331,29.54,29.6492,29.53,29.53,12303
20210401,29.64,29.69,29.61,29.63,18102
20210405,29.7,29.9391,29.7,29.86,9820
20210406,29.99,29.99,29.8,29.8,5110
20210407,29.9,30.0075,29.79,29.82,7526
20210408,29.93,29.94,29.9005,29.94,1595
20210409,29.92,29.96,29.91,29.92,9007
20210412,29.98,29.99,29.92,29.9636,4219
20210413,29.97,30.0299,29.97,30.01,4899
20210414,30,30.03,29.985,29.985,1193
20210415,30.0031,30.06,30.0031,30.06,703
20210416,30.12,30.12,30.115,30.12,2329
20210419,30.11,30.11,29.99,30.055,16999
20210420,30.05,30.05,29.97,29.98,2718
20210421,30.08,30.09,30.04,30.08,7412
20210422,30.11,30.11,29.9801,30.0598,8161
20210423,30.08,30.095,30.0501,30.07,6679
20210426,30.115,30.1899,30.09,30.09,16393
20210427,30.13,30.1695,30.13,30.14,2173
20210428,30.1889,30.28,30.09,30.12,121803
20210429,30.24,30.24,30.13,30.21,798
20210430,30.13,30.17,30.09,30.12,9752
20210503,30.1559,30.17,30.08,30.11,28045
20210504,30.15,30.15,30.03,30.13,8298
20210505,30.15,30.18,30.09,30.09,2828
20210506,30.17,30.17,30.08,30.16,10910
20210507,30.17,30.275,30.17,30.2732,2506
20210510,30.315,30.315,30.13,30.13,3329
20210511,30.005,30.08,29.96,30.02,4543
20210512,30.04,30.04,29.75,29.7501,11827
20210513,29.98,29.98,29.85,29.9,3781
20210514,30.04,30.115,29.925,30.07,13800
20210517,30.17,30.17,30.02,30.02,3386
20210518,30.15,30.15,30.15,30.15,300
20210519,29.87,29.89,29.802,29.87,2237
20210520,30.02,30.06,29.98,30.0327,3781
20210521,30.09,30.2,30.02,30.02,10573
20210524,30.13,30.23,30.13,30.23,1875
20210525,30.19,30.27,30.14,30.14,5003
20210526,30.25,30.25,30.18,30.23,2300
20210527,30.26,30.26,30.22,30.22,1187
20210528,30.4,30.4,30.24,30.3,52042
20210601,30.33,30.337,30.2577,30.2577,820
20210602,30.3,30.3122,30.3,30.3122,366
20210603,30.25,30.2763,30.16,30.215,11458
20210604,30.31,30.37,30.3,30.3,2284
20210607,30.33,30.35,30.287,30.287,5551
20210608,30.32,30.345,30.32,30.33,4921
20210609,30.3599,30.36,30.35,30.35,868
20210610,30.36,30.3907,30.32,30.37,12903
20210611,30.46,30.46,30.415,30.415,867
20210614,30.38,30.42,30.3684,30.42,11157
20210615,30.41,30.465,30.372,30.44,44119
20210616,30.435,30.435,30.29,30.34,939
20210617,30.43,30.43,30.32,30.3401,1810
20210618,30.26,30.3586,30.212,30.31,3571
20210621,30.33,30.342,30.322,30.3313,2985
20210622,30.41,30.4768,30.4,30.45,17138
20210623,30.5,30.54,30.4301,30.4592,4212
20210624,30.55,30.58,30.5,30.55,2357
20210625,30.61,30.67,30.53,30.595,1744
20210628,30.66,30.66,30.5101,30.54,3195
20210629,30.59,30.62,30.53,30.53,6518
20210630,30.55,30.57,30.54,30.54,2478
20210701,30.59,30.59,30.55,30.57,110298
20210702,30.66,30.77,30.61,30.64,17632
20210706,30.6001,30.6832,30.59,30.65,2121
20210707,30.715,30.75,30.67,30.73,2930
20210708,30.596,30.596,30.5601,30.5909,996
20210709,30.68,30.73,30.65,30.66,1281
20210712,30.71,30.71,30.67,30.6901,5561
20210713,30.81,30.81,30.624,30.63,5239
20210714,30.755,30.755,30.64,30.64,50876
20210715,30.6,30.61,30.57,30.59,1794
20210716,30.69,30.69,30.57,30.57,7740
20210719,30.43,30.43,30.3,30.32,2357
20210720,30.62,30.62,30.6045,30.615,772
20210721,30.62,30.65,30.58,30.62,6440
20210722,30.67,30.67,30.63,30.64,3546
20210723,30.56,30.72,30.56,30.72,2829
20210726,30.76,30.76,30.71,30.72,700
20210727,30.57,30.71,30.57,30.69,54446
20210728,30.93,30.93,30.63,30.63,48474
20210729,30.8,30.8,30.72,30.72,737
20210730,30.7065,30.7065,30.67,30.705,5573
20210802,30.75,30.765,30.685,30.685,8334
20210803,30.66,30.74,30.66,30.74,3532
20210804,30.77,30.7736,30.77,30.77,1301
20210805,30.765,30.765,30.74,30.76,4083
20210806,30.78,30.7901,30.78,30.79,7394
20210809,30.84,30.84,30.79,30.79,1701
20210810,30.8,30.8167,30.79,30.79,3417
20210811,30.89,30.89,30.81,30.825,14313
20210812,30.86,30.86,30.86,30.86,100
20210813,30.94,30.9499,30.87,30.87,3156
20210816,30.84,30.9,30.835,30.86,35069
20210817,30.83,30.83,30.75,30.83,1850
20210818,30.75,30.75,30.73,30.73,600
20210819,30.71,30.7391,30.65,30.72,1702
20210820,30.78,30.8,30.73,30.74,21458
20210823,30.88,30.88,30.85,30.85,3650
20210824,30.8912,30.8952,30.8404,30.86,3410
20210825,30.95,30.95,30.87,30.925,2694
20210826,30.874,30.874,30.86,30.86,2354
20210827,30.9433,30.9433,30.9,30.9,1900
20210830,30.95,30.96,30.93,30.96,34251
20210831,30.965,30.965,30.92,30.9201,13638
20210901,30.9799,30.9799,30.93,30.95,7622
20210902,30.96,30.98,30.96,30.965,15071
20210903,30.97,31.02,30.945,30.99,7750
20210907,30.98,31.02,30.9101,30.93,11736
20210908,30.9,30.9899,30.9,30.9899,2572
20210909,30.95,30.965,30.91,30.965,1160
20210910,30.93,30.93,30.85,30.85,1700
20210913,30.96,30.96,30.81,30.81,6585
20210914,30.85,30.895,30.805,30.805,14365
20210915,30.9,30.9,30.83,30.85,1100
20210916,30.92,30.92,30.85,30.87,38192
20210917,30.88,30.88,30.8,30.8,5658
20210920,30.72,30.72,30.56,30.58,5093
20210921,30.74,30.74,30.65,30.68,7782
20210922,30.7827,30.8,30.7827,30.8,952
20210923,30.92,30.98,30.89,30.89,8581
20210927,30.9,30.9365,30.8901,30.8901,720
20210928,30.74,30.76,30.7,30.75,3878
20210929,30.7533,30.76,30.71,30.71,85477
20210930,30.77,30.8156,30.66,30.66,29825
20211001,30.72,30.77,30.66,30.77,5423
20211004,30.76,30.76,30.62,30.62,1050
20211005,30.74,30.77,30.74,30.77,3175
20211006,30.68,30.77,30.66,30.77,3500
20211007,30.83,30.91,30.83,30.8632,40349
20211008,30.925,30.925,30.86,30.87,1092
20211011,30.945,30.95,30.94,30.94,735
20211012,30.82,30.85,30.82,30.85,3002
20211013,30.86,30.94,30.855,30.94,14260
20211014,31.01,31.02,31,31.015,8587
20211015,31.05,31.05,31.04,31.04,1031
20211018,31.0777,31.0777,31.05,31.05,602
20211019,31.145,31.145,31.11,31.12,7450
20211020,31.18,31.2,31.18,31.19,2061
20211021,31.23,31.23,31.16,31.16,1000
20211022,31.23,31.23,31.15,31.1775,3043
20211025,31.25,31.26,31.2,31.2,2500
20211026,31.22,31.22,31.19,31.21,2201
20211027,31.21,31.21,31.18,31.18,6570
20211028,31.2,31.2257,31.1501,31.2,75366
20211029,31.28,31.31,31.16,31.22,46070
20211101,31.27,31.27,31.191,31.2,3185
20211102,31.28,31.29,31.22,31.25,16599
20211103,31.3,31.3,31.23,31.28,6458
20211104,31.3,31.363,31.24,31.3,6132
20211105,31.33,31.33,31.29,31.3,11716
20211108,31.3,31.305,31.285,31.305,3035
20211109,31.3,31.335,31.26,31.29,36337
20211110,31.26,31.2868,31.22,31.22,7678
20211111,31.271,31.32,31.27,31.27,1028
20211112,31.33,31.33,31.28,31.305,27138
20211115,31.33,31.33,31.28,31.32,58612
20211116,31.44,31.44,31.34,31.34,2515
20211117,31.33,31.404,31.32,31.341,2499
20211118,31.34,31.38,31.33,31.33,5464
20211122,31.39,31.39,31.34,31.34,5010
20211123,31.33,31.355,31.2801,31.2801,7686
20211124,31.29,31.39,31.29,31.35,4232
20211126,31.34,31.34,31.1,31.162,3865
20211129,31.24,31.26,31.231,31.26,3655
20211130,31.32,31.32,31.16,31.16,1257
20211201,31.28,31.28,31.06,31.06,11979
20211202,31.1,31.17,31.04,31.17,8817
20211203,31.12,31.12,31.0301,31.0301,1406
20211206,31.11,31.14,31.1,31.12,6289
20211207,31.37,31.37,31.26,31.28,75048
20211208,31.37,31.37,31.29,31.33,5278
20211209,31.42,31.42,31.34,31.35,2000
20211210,31.43,31.44,31.33,31.44,2769
20211213,31.43,31.45,31.39,31.39,1119
20211214,31.4,31.4,31.26,31.29,6524
20211215,31.37,31.41,31.3007,31.4,5619
20211216,31.5,31.5,31.43,31.43,700
20211217,31.38,31.38,31.3,31.35,2805
20211220,31.25,31.265,31.17,31.22,4490
20211221,31.29,31.3399,31.28,31.33,1860
20211222,31.44,31.45,31.44,31.45,500
20211223,31.5,31.5,31.46,31.47,1870
20211227,31.59,31.59,31.47,31.525,660
20211228,31.59,31.59,31.545,31.545,1766
20211229,31.58,31.58,31.58,31.58,100
20211230,31.62,31.62,31.54,31.54,1848
20211231,31.5,31.59,31.5,31.51,14044
20220103,31.52,31.5439,31.52,31.54,14521
20220104,31.63,31.6317,31.54,31.5872,18163
20220105,31.6,31.6,31.53,31.5942,1354
20220106,31.58,31.58,31.48,31.48,1665
20220107,31.45,31.532,31.45,31.49,8024
20220110,31.53,31.53,31.4,31.52,12069
20220111,31.57,31.57,31.49,31.52,3465
20220112,31.62,31.62,31.62,31.62,200
20220113,31.5,31.5,31.5,31.5,100
20220118,31.4772,31.51,31.42,31.43,1365
20220119,31.55,31.55,31.42,31.4699,6111
20220120,31.5397,31.5397,31.35,31.35,4220
20220121,31.37,31.37,31.15,31.15,49469
20220124,31.1,31.18,30.74,31.13,80167
20220125,31.02,31.25,31.01,31.105,11050
20220126,31.28,31.32,31.07,31.12,115166
20220127,31.11,31.3,31.01,31.11,9148
20220128,31.16,31.35,31.12,31.28,8172
20220131,31.385,31.51,31.37,31.4,15813
20220201,31.42,31.55,31.42,31.45,32497
20220202,31.5601,31.5673,31.53,31.55,5450
20220203,31.545,31.57,31.5,31.54,4797
20220204,31.39,31.51,31.39,31.51,15393
20220207,31.5761,31.5761,31.525,31.55,32581
20220208,31.54,31.6,31.52,31.57,10075
20220209,31.6,31.6192,31.52,31.58,14397
20220210,31.57,31.66,31.54,31.54,5384
20220211,31.61,31.62,31.4388,31.48,34065
20220214,31.45,31.49,31.35,31.4001,8222
20220215,31.41,31.6,31.41,31.55,10461
20220216,31.59,31.66,31.51,31.66,21471
20220217,31.58,31.58,31.4302,31.49,13889
20220218,31.47,31.53,31.36,31.43,3628
