Date,Open,High,Low,Close,Volume
20191010,25.19,25.5,25.17,25.1812,341210
20191011,25.5799,25.7573,25.5799,25.5895,737543
20191014,25.6897,25.74,25.64,25.69,774024
20191015,25.94,26.03,25.81,25.9653,35374
20191016,25.9026,25.92,25.751,25.8528,46105
20191017,26.01,26.01,25.84,25.9184,23309
20191018,25.89,25.89,25.5506,25.722,22468
20191021,25.79,25.91,25.73,25.89,37197
20191022,25.94,25.94,25.719,25.719,4957
20191023,25.66,25.66,25.646,25.65,5501
20191024,25.91,25.98,25.86,25.95,16972
20191025,26.09,26.26,26.09,26.26,13814
20191028,26.459,26.56,26.459,26.53,15258
20191029,26.52,26.53,26.35,26.37,9807
20191030,26.26,26.33,26.21,26.25,10438
20191031,26.39,26.45,26.32,26.38,23780
20191101,26.65,26.65,26.52,26.5712,37101
20191104,26.8699,26.89,26.79,26.874,7710
20191105,26.82,26.94,26.82,26.94,3247
20191106,26.74,26.77,26.7,26.751,6233
20191107,26.9941,27.044,26.9941,27.02,4538
20191108,27,27,26.87,26.91,3591
20191111,25.66,27.05,24.73,27.008,12019
20191112,27.09,27.17,27.0248,27.04,15727
20191113,27.02,27.18,26.98,27.14,15081
20191114,26.89,27.099,26.89,27.0403,11395
20191115,27.33,27.33,27.2404,27.2594,3006
20191118,27.29,27.41,27.22,27.41,24515
20191119,27.5,27.5,27.395,27.43,9281
20191120,27.39,27.399,27.15,27.18,21419
20191121,27.12,27.22,27.12,27.19,4341
20191122,27.14,27.26,27.11,27.1488,8824
20191125,28.5,28.5,27.45,27.555,29444
20191126,27.64,27.66,27.56,27.65,13061
20191127,27.71,27.83,27.71,27.7804,25162
20191129,27.73,27.74,27.72,27.7255,985
20191202,27.62,27.62,27.21,27.37,26410
20191203,26.93,27.1015,26.85,27.1015,19094
20191204,27.09,27.2988,25.4,27.2672,43337
20191205,27.19,27.32,27.19,27.302,11188
20191206,27.66,27.66,27.61,27.66,5079
20191209,27.66,27.66,27.53,27.5932,13654
20191210,27.53,27.57,27.44,27.44,19790
20191211,27.61,27.68,27.53,27.6683,9463
20191212,27.66,27.9,27.66,27.8658,17389
20191213,28.03,28.08,27.93,28.07,11404
20191216,28.3099,28.35,28.2828,28.285,5895
20191217,28.27,28.33,28.27,28.32,3703
20191218,28.43,28.43,28.38,28.38,24642
20191219,29.55,29.55,28.44,28.5,2328
20191220,28.74,28.77,28.6972,28.76,10771
20191223,28.84,28.84,28.84,28.84,1657
20191224,28.83,28.84,28.75,28.7962,11320
20191226,28.9839,29.06,28.95,29.05,7708
20191227,29.06,29.13,29.03,29.13,1403
20191230,28.9199,28.98,28.9,28.91,8207
20191231,28.73,28.94,28.73,28.93,36741
20200102,29.2175,29.45,29.2175,29.45,33651
20200103,29.225,29.36,29.18,29.32,3085
20200106,29.18,29.31,29.12,29.2704,12961
20200107,29.46,29.53,29.37,29.4952,12699
20200108,29.5,30.18,29.37,29.74,29181
20200109,29.89,30.0786,29.83,29.93,8612
20200110,30.14,30.22,29.82,29.82,86571
20200113,30.1,30.3399,30.0201,30.23,17946
20200114,30.19,30.34,30.14,30.22,6913
20200115,30.2742,30.35,30.24,30.24,14717
20200116,30.4075,30.53,30.27,30.3,20796
20200117,30.6328,30.75,30.5802,30.73,18887
20200121,30.7661,30.8786,30.6,30.6872,21085
20200122,30.8921,30.97,30.84,30.84,15887
20200123,30.7,30.93,30.65,30.93,15596
20200124,31.33,31.33,30.53,30.56,18534
20200127,29.9491,30.0373,29.8,29.81,30385
20200128,29.98,30.4,29.98,30.39,32561
20200129,30.75,30.75,30.3792,30.4635,17088
20200130,30.37,30.4,30.1,30.4,19396
20200131,30,30.0666,29.7684,29.7684,3169
20200203,30.36,30.36,30.22,30.35,8543
20200204,30.95,31.26,30.8949,31.26,27618
20200205,31.26,31.5977,31.26,31.44,13591
20200206,31.58,31.79,31.58,31.76,17366
20200207,31.61,31.7055,31.53,31.62,7573
20200210,31.19,32.02,31.19,32.02,13406
20200211,32.2792,32.3836,31.97,31.97,13897
20200212,33,33,32.18,32.4,13877
20200213,32.27,32.5269,32.254,32.33,32581
20200214,32.3791,32.42,32.3791,32.41,13761
20200218,32.73,32.73,32.2908,32.54,40493
20200219,33.1,33.1,32.8121,32.9136,18169
20200220,33.49,33.49,31.96,32.4286,21086
20200221,32.21,32.29,31.52,31.73,7603
20200224,30.08,30.58,29.96,30.29,56250
20200225,30.32,30.32,29.2553,29.34,18510
20200226,29.7413,30.02,29.3708,29.4865,12606
20200227,28.46,28.9718,28.16,28.3968,20723
20200228,27.39,28.53,26.51,27.55,24194
20200302,28.32,29.54,27.79,29.54,48360
20200303,29.29,29.3,27.61,28.15,42022
20200304,28.35,29.61,28.35,29.59,13839
20200305,28.98,29.53,28.45,28.5,17980
20200306,27.65,28.03,27.22,27.97,8932
20200309,26.1736,27.03,25.8753,26.14,2380
20200310,26.1,27.33,26.04,27.31,26921
20200311,26.17,26.2237,25.25,25.25,30193
20200312,26.8,26.94,25.1,25.42,29637
20200313,25.68,25.82,25.16,25.82,23032
20200316,24.2474,24.93,23.45,23.45,25585
20200317,25.4101,25.9822,22.95,25.76,23310
20200318,24.84,26.12,24.83,25.64,19635
20200319,25.215,27.42,25.1101,26.12,14692
20200320,25.37,28.13,25.16,26.22,36797
20200323,26.22,26.22,25.1901,25.28,59775
20200324,26.2,26.2,25.1927,25.245,12290
20200325,25.16,25.27,25.16,25.25,36118
20200326,25.26,25.27,25.18,25.18,27984
20200327,25.15,25.32,25.11,25.22,64037
20200330,25.11,25.32,25.11,25.26,26317
20200331,25.31,25.31,25.19,25.26,46490
20200401,24.66,25.28,24.66,25.18,38341
20200402,25.51,25.57,25.18,25.26,7512
20200403,25.25,25.345,24.84,25.18,8691
20200406,25.24,25.25,25.2001,25.21,24546
20200407,24.81,25.25,24.81,25.25,24066
20200408,25.25,25.26,25.208,25.22,17821
20200409,25.22,25.25,25.19,25.19,11152
20200413,25.25,25.28,25.17,25.28,9172
20200414,25.3,25.33,24.9,24.9,5821
20200415,24.89,25.245,24.855,25.05,59257
20200416,25.3,25.54,25.0844,25.48,10701
20200417,26.12,26.12,25.41,25.52,2936
20200420,25.48,25.61,25.396,25.396,13191
20200421,24.805,24.805,24.09,24.35,11532
20200422,24.75,25.11,24.75,25.11,13220
20200423,25.35,25.37,25.01,25.04,2993
20200424,25.13,25.45,25.13,25.45,1459
20200427,25.67,27.34,25.4,25.69,25938
20200428,25.3,25.38,25.16,25.16,10683
20200429,25.964,26.17,25.8401,26.17,9852
20200430,26.1,26.41,25.8153,26.14,10080
20200501,25.34,25.36,25.01,25.0826,8217
20200504,25.21,25.49,25.2,25.47,18056
20200505,25.78,26.14,25.78,25.84,2851
20200506,26.0837,26.19,26.01,26.01,9862
20200507,26.24,26.5,26.24,26.35,4832
20200508,26.59,26.82,26.59,26.812,7108
20200511,26.7,27.22,26.7,27.15,16531
20200512,26.83,27.16,26.83,26.9312,9355
20200513,26.43,26.5645,25.68,25.8489,5615
20200514,25.85,26.04,25.6275,26.04,13578
20200515,25.915,26.51,25.915,26.51,1336
20200518,26.48,27.355,26.48,27.29,19132
20200519,27.27,27.5389,27.27,27.415,7830
20200520,27.765,27.8814,27.67,27.76,9173
20200521,27.66,27.69,27.47,27.5,19282
20200522,27.37,27.59,27.3101,27.51,11012
20200526,27.966,28.065,27.54,27.54,17990
20200527,28.59,28.59,26.8,27.43,20889
20200528,27.62,28.05,27.62,27.7799,7769
20200529,27.53,28.05,27.53,28.05,2158
20200601,28.06,28.32,28.0568,28.31,5961
20200602,28.32,28.54,27.96,28.54,22228
20200603,28.62,28.73,28.58,28.73,4047
20200604,28.75,28.75,28.22,28.36,11899
20200605,28.5842,29.19,28.5842,29.17,2751
20200608,29.04,29.34,29.04,29.2801,27427
20200609,29.24,29.78,29.24,29.77,34231
20200610,30.045,30.38,29.78,30.38,15772
20200611,29.46,29.46,28.475,28.475,6119
20200612,28.9725,29.055,27.905,28.06,1571
20200615,28.28,28.92,28.2595,28.74,21785
20200616,30.17,30.17,29.21,29.64,5120
20200617,30.37,30.37,29.6507,29.99,13160
20200618,29.66,29.77,29.46,29.77,22079
20200619,31.26,31.26,29.53,29.71,29573
20200622,29.905,30.1963,29.89,30.18,25064
20200623,30.79,30.9,30.62,30.62,9524
20200624,30.14,30.2,29.49,29.65,12914
20200625,29.61,30.23,29.33,30.23,29790
20200626,29.4404,29.4404,29.0301,29.2,6828
20200629,29.31,29.67,29.08,29.67,15054
20200630,29.86,29.98,29.83,29.95,18599
20200701,30.57,30.8683,30.48,30.8683,5813
20200702,31.46,31.46,31.09,31.15,5343
20200706,31.875,31.99,31.61,31.9499,100359
20200707,32.01,32.32,31.7,31.7,13969
20200708,32.125,32.18,31.73,32.16,41047
20200709,32.56,32.56,31.72,32.45,15283
20200710,32.16,32.8,32.16,32.8,6069
20200713,33.35,33.77,31.82,31.82,13317
20200714,31.85,32.715,31.21,32.38,41491
20200715,32.36,32.56,31.87,32.29,13147
20200716,31.78,32.0191,31.53,31.97,4380
20200717,32.17,32.26,31.74,32.09,3235
20200720,32.23,33.31,32.22,33.31,28720
20200721,33.22,33.2262,32.77,32.81,11781
20200722,32.79,32.94,32.71,32.94,4801
20200723,32.78,32.78,31.81,32.02,3619
20200724,31.57,31.6195,31.42,31.42,1017
20200727,30.75,32.09,30.75,32.09,7058
20200728,31.91,32.02,31.59,31.59,2607
20200729,31.85,32.24,31.85,32.24,3229
20200730,31.56,32.5,31.56,32.28,11029
20200731,32.799,32.799,32.4,32.4,1858
20200803,33.69,33.7601,33.64,33.7255,7876
20200804,33.53,33.8,33.53,33.5991,9108
20200805,33.68,34.0334,33.68,33.97,4301
20200806,35.44,35.44,33.91,34.575,4043
20200807,34.444,34.4591,33.71,33.97,8963
20200810,34.06,34.06,33.3,33.7669,16562
20200811,33.69,33.81,32.92,32.92,22922
20200812,33.77,34.23,33.77,34.09,15014
20200813,34.3598,34.5,34,34.17,17776
20200814,34.1828,34.1828,34.015,34.0194,4915
20200817,34.53,34.6694,34.41,34.6352,21710
20200818,34.762,35.085,34.68,35.01,9592
20200819,34.89,35.1499,34.6,34.6,18840
20200820,34.578,35.3,34.578,35.3,10340
20200821,35.53,35.6861,35.35,35.5783,9083
20200824,36.26,36.26,35.6889,35.69,14360
20200825,35.89,36.46,35.89,36.46,19506
20200826,36.88,37.45,36.6,37.4168,17702
20200827,37.6384,37.6384,36.99,37.31,20928
20200828,37.477,37.56,37.36,37.5483,6411
20200831,37.84,38.215,37.73,38.215,20780
20200901,38.28,38.72,38.28,38.72,12653
20200902,40.24,40.24,38.49,39.37,27346
20200903,35.45,38.83,35.45,36.45,38391
20200904,36.8,36.8,34.07,35.99,24413
20200908,34.49,34.6927,33.5,33.5,20580
20200909,34.2745,35.0899,34.2745,34.95,11242
20200910,35.28,35.4,33.654,34,11160
20200911,35.17,35.17,33.12,33.6,4528
20200914,34.54,34.73,34.01,34.01,30420
20200915,35.12,35.17,34.68,35.04,22920
20200916,35.14,35.14,34.28,34.28,6678
20200917,33.78,33.83,33.03,33.24,12143
20200918,33.5699,33.5699,32.49,32.78,7529
20200921,32.08,32.83,32.03,32.82,31444
20200922,33.54,33.86,32.925,33.47,6630
20200923,33.3752,33.5,32.525,32.525,6140
20200924,31.75,33.1184,31.75,32.72,7340
20200925,31.9,33.7406,31.9,33.7406,2877
20200928,34.28,34.57,34.1,34.57,16852
20200929,34.65,34.65,34.49,34.5349,12781
20200930,34.56,35.35,34.56,35.03,10525
20201001,35.58,35.58,35.31,35.3877,13473
20201002,34.5401,34.5798,34.3562,34.39,4816
20201005,34.06,35.37,34.06,35.26,12745
20201006,34.81,35.41,34.46,34.47,8486
20201007,34.55,35.24,34.55,35.24,5400
20201008,35.25,35.53,35.25,35.38,18275
20201009,35.9501,35.995,35.9501,35.96,928
20201012,37.23,37.91,37.23,37.52,20332
20201013,37.81,38,37.2,37.53,11913
20201014,38.28,38.28,37.0315,37.15,4131
20201015,36.47,36.88,36.07,36.88,13017
20201016,37.15,37.15,36.53,36.53,888
20201019,36.53,36.54,36.095,36.095,15164
20201020,35.56,36.0917,35.56,35.91,16774
20201021,36.075,36.09,35.76,35.83,12909
20201022,35.95,35.95,35.26,35.73,3896
20201023,35.59,35.6933,35.56,35.6933,1037
20201026,35.43,35.7789,34.522,35.13,28934
20201027,35.23,35.56,34.681,35.43,25786
20201028,34.47,34.48,33.5,33.5,31858
20201029,34.0644,34.78,34.0644,34.41,8550
20201030,33.56,33.56,32.81,32.8399,6236
20201102,33.619,33.71,32.825,33.16,20998
20201103,34.19,34.35,33.98,34.27,16106
20201104,34.97,36.4,34.97,36.13,19170
20201105,37.42,37.6,37.139,37.33,28992
20201106,37.09,37.53,37.09,37.53,1435
20201109,37.97,38.31,36.43,36.43,23245
20201110,35.52,35.81,35.39,35.64,15579
20201111,35.66,36.66,35.66,36.58,9594
20201112,36.695,36.85,36.1,36.175,16973
20201113,36.26,36.67,36.24,36.67,3944
20201116,36.45,37.03,36.45,36.86,23064
20201117,36.96,37.2,36.9,36.9,15006
20201118,36.7521,37.14,36.7521,36.87,11911
20201119,36.67,37.05,36.655,37.05,5554
20201120,36.9,37.04,36.74,36.74,34108
20201123,36.9,36.9,36.24,36.68,55279
20201124,36.64,37.47,36.64,37.45,17672
20201125,37.58,37.76,37.32,37.76,5023
20201127,38.0672,38.35,37.9919,38.19,8623
20201130,38.16,38.3,37.58,38.3,28500
20201201,38.73,39.0814,38.73,38.97,29862
20201202,40.38,40.38,38.43,38.83,14426
20201203,39.08,39.2,38.8,38.86,18782
20201204,39.0099,39.2194,38.95,38.95,8271
20201207,39.4339,39.63,39.29,39.53,14102
20201208,39.22,39.86,39.22,39.86,18430
20201209,40,40,38.46,38.46,9174
20201210,38.4082,38.89,38.4082,38.77,12661
20201211,38.265,38.48,37.91,38.43,7427
20201214,39.2128,39.35,38.96,38.96,14235
20201215,39.37,39.5311,39.12,39.48,15126
20201216,39.65,39.9981,39.65,39.82,18509
20201217,40.2,40.28,40.05,40.26,17188
20201218,40.11,40.17,39.7969,39.96,9756
20201221,39.21,40.12,39.11,39.82,9876
20201222,40.1402,40.154,39.72,40,24026
20201223,40.0136,40.14,39.78,39.78,11131
20201224,40.04,40.0599,39.91,40.0599,3633
20201228,40.45,40.76,40.33,40.6,12140
20201229,40.54,40.9227,40.51,40.52,27869
20201230,40.89,40.89,40.57,40.7,26506
20201231,40.7024,40.99,40.55,40.99,10021
20210104,40.925,40.925,39.46,40.07,24341
20210105,40.2515,40.46,40.1027,40.46,7786
20210106,39.6,40.4283,39.6,39.79,25821
20210107,40.8154,41.2,40.8,41.2,14423
20210108,42.02,42.02,41.3431,41.94,8833
20210111,41.37,41.48,40.9816,40.9816,5515
20210112,41.09,41.09,40.62,40.98,12882
20210113,41.205,41.42,41.14,41.29,13071
20210114,41.29,41.47,40.9,40.9,7947
20210115,40.5,41.07,40.4,40.41,8228
20210119,41.46,41.46,40.74,41.27,31280
20210120,42.36,42.9,42.11,42.75,13136
20210121,44.89,44.89,43.025,43.26,15157
20210122,42.36,43.05,42.36,43.04,10447
20210125,43.7,43.7514,42.5,43.3857,7949
20210126,43.04,43.74,43.04,43.41,11811
20210127,42.81,42.81,41.42,41.69,10446
20210128,41.66,43.035,41.66,42.31,10267
20210129,41.67,41.67,39.89,41.2168,13868
20210201,41.6,42.53,41.36,42.47,12429
20210202,43.06,43.6,43.06,43.43,11335
20210203,43.24,43.61,43.19,43.19,15590
20210204,43.26,43.64,43.19,43.56,8483
20210205,45.54,45.54,43.695,43.99,10655
20210208,44.15,44.275,44.02,44.275,15652
20210209,44.58,44.67,44.3,44.42,20558
20210210,44.4956,44.4956,43.95,44.1,22208
20210211,44.54,44.58,44.25,44.46,19779
20210212,44.555,44.8403,44.44,44.8403,7241
20210216,44.95,45.01,44.663,44.8,23913
20210217,44.13,44.46,43.795,44.46,18234
20210218,46.41,46.41,43.5037,44.16,11104
20210219,44.31,44.53,43.85,43.94,11505
20210222,42.99,42.99,42.465,42.47,28680
20210223,42,42.38,40.37,42.38,16809
20210224,41.57,42.67,41.465,42.67,46773
20210225,44.55,44.55,40.64,41.53,13394
20210226,41.34,41.85,40.72,41.03,16099
20210301,41.68,42.57,41.68,42.43,27735
20210302,42.28,42.37,41.84,41.84,15848
20210303,41.44,41.44,40,40.13,25407
20210304,41.9,41.9,38.45,38.96,27310
20210305,38.39,39.83,37.84,39.8012,21271
20210308,39.835,39.835,38.4734,38.48,13423
20210309,37.92,40.49,37.92,40.345,31399
20210310,40.79,40.9,40.1577,40.24,11678
20210311,41.13,41.54,40.9232,41.47,11925
20210312,40.3226,40.82,40.3226,40.82,14871
20210315,40.94,41.3119,40.92,41.29,10278
20210316,43.57,43.57,41.77,41.95,13427
20210317,41.29,41.735,41.1,41.725,6173
20210318,41.23,41.23,40.5,40.5,4665
20210319,39.9644,40.74,39.9644,40.62,4105
20210322,41.3,41.875,41.07,41.59,15178
20210323,41.26,41.97,41.26,41.32,17279
20210324,41.13,41.38,40.35,40.35,20540
20210325,40.84,40.84,39.57,40.18,12271
20210326,40.29,40.68,40.07,40.68,3382
20210329,40.8,41.12,40.8,40.895,13701
20210330,40.72,40.7599,40.27,40.39,44472
20210331,41.09,41.68,41.09,41.54,7497
20210401,42.36,42.6,42.21,42.6,8920
20210405,43.33,43.81,43.16,43.69,15020
20210406,43.6,43.96,43.6,43.705,17867
20210407,43.97,43.99,43.5,43.88,9537
20210408,43.93,44.55,43.93,44.55,15124
20210409,44.415,44.93,44.415,44.93,4763
20210412,44.5968,44.882,44.51,44.806,21669
20210413,45.2,45.549,45.19,45.53,19876
20210414,45.36,45.5391,44.645,44.67,17311
20210415,44.84,45.7367,44.84,45.7367,19237
20210416,45.56,45.79,45.5001,45.77,18840
20210419,45.73,45.73,44.89,45.01,29461
20210420,45.03,45.2391,44.425,44.71,23280
20210421,44.62,45.21,44.62,45.2,18788
20210422,45.08,45.32,44.445,44.47,32348
20210423,44.67,45.45,44.67,45.3,13964
20210426,45.3,45.69,45.21,45.67,28052
20210427,45.69,45.69,45.24,45.44,13228
20210428,45.74,45.74,44.99,45.14,31367
20210429,45.21,45.43,44.99,45.3,17405
20210430,45.265,45.265,44.775,44.775,9797
20210503,44.86,45.215,44.46,44.57,32323
20210504,44.99,44.99,42.8101,43.36,30766
20210505,44.08,44.08,43.17,43.17,14980
20210506,43.66,43.66,42.76,43.64,22715
20210507,44.22,44.57,44.06,44.23,24580
20210510,43.7,43.71,42.67,42.7,49045
20210511,42.11,42.61,41.8,42.57,4846
20210512,41.83,41.97,41.0187,41.02,18236
20210513,41.6675,41.9,41.37,41.53,19013
20210514,42.49,42.9,42.07,42.68,29631
20210517,42.44,42.6,41.96,42.29,19821
20210518,42.84,42.84,41.9901,41.9901,24723
20210519,41.14,42.09,41.14,42.09,5364
20210520,42.7739,43.28,42.7739,43.15,21442
20210521,43.2,43.2,42.77,42.77,8373
20210524,43.29,43.99,43.29,43.84,34522
20210525,44.51,44.51,43.74,43.84,11642
20210526,44.13,44.16,43.97,44.06,10768
20210527,44.06,44.14,43.88,44,10500
20210528,44.12,44.35,44.02,44.02,6907
20210601,44.03,44.03,43.738,43.76,19336
20210602,44,44.08,43.68,43.93,5342
20210603,43.26,43.53,43.25,43.29,8301
20210604,44.28,44.335,44.235,44.3,4450
20210607,44.33,44.49,44.17,44.44,31387
20210608,44.73,44.83,44.19,44.545,4183
20210609,44.89,44.89,44.5606,44.57,4667
20210610,45.11,45.18,44.9,45.13,17673
20210611,45,45.2999,45,45.23,10976
20210614,45.69,45.95,45.34,45.95,17930
20210615,46.33,46.33,45.495,45.5,9111
20210616,45.77,45.78,44.82,45.28,15479
20210617,45.64,46.2488,45.64,46.06,5185
20210618,45.73,45.82,45.52,45.52,9268
20210621,45.24,46.06,45.24,45.96,14553
20210622,46.28,46.65,45.9953,46.65,11212
20210623,47.06,47.06,46.65,46.67,9443
20210624,47.2,47.37,46.99,46.99,7987
20210625,47.05,47.16,46.925,46.93,21448
20210628,47.33,47.86,47.33,47.82,23854
20210629,47.85,48.02,47.655,48.02,13849
20210630,48.05,48.1,47.8401,47.97,23124
20210701,47.88,47.97,47.62,47.94,15385
20210702,48.37,48.78,48.37,48.78,13540
20210706,49.18,49.18,48.54,49.08,27726
20210707,49.41,49.41,48.88,49.18,27044
20210708,48.29,48.86,48.16,48.7345,10164
20210709,48.89,49.53,48.61,49.24,18479
20210712,49.61,50.11,49.253,49.48,22956
20210713,49.68,50.035,49.3,49.44,18881
20210714,49.86,49.97,49.47,49.47,16365
20210715,49.35,49.42,48.8,49.04,21037
20210716,49.02,51,48.4,48.41,21328
20210719,47.58,47.92,47.46,47.78,22643
20210720,48.41,49.39,47.82,48.66,19919
20210721,49.15,49.5,48.74,49.16,19536
20210722,48.97,49.68,48.97,49.6488,20571
20210723,49.99,50.6,49.7,50.52,21573
20210726,50.65,50.7219,50.29,50.58,42279
20210727,50.38,50.38,48.9996,49.835,17551
20210728,50.54,50.54,49.57,50.07,22414
20210729,50.58,50.58,50.09,50.18,12771
20210730,49.66,49.94,49.51,49.8,14524
20210802,49.91,50.29,49.79,49.79,683210
20210803,50.19,50.3,49.475,50.25,39105
20210804,50.29,50.56,50.14,50.46,12420
20210805,50.59,50.88,50.58,50.85,7809
20210806,50.49,50.85,50.44,50.52,18922
20210809,51.16,51.16,50.52,50.6899,21897
20210810,51.15,51.15,50.04,50.2,41176
20210811,50.36,50.39,49.94,50.18,45329
20210812,50.38,50.52,49.96,50.52,29188
20210813,50.57,50.76,50.55,50.75,18691
20210816,50.81,50.81,49.83,50.72,31953
20210817,50.18,50.3899,49.73,50.07,23844
20210818,50.17,50.2953,49.36,49.5,34845
20210819,49.09,50.05,49.09,49.79,11145
20210820,50.09,50.51,50.09,50.51,5511
20210823,50.49,51.69,50.49,51.49,28921
20210824,51.74,51.84,51.63,51.75,55750
20210825,51.93,51.93,51.63,51.73,24221
20210826,51.66,51.7241,51.28,51.37,78403
20210827,51.54,52.14,51.48,52.12,22000
20210830,52.3501,53.01,52.3501,52.89,22431
20210831,52.695,52.89,52.5637,52.76,77327
20210901,53.0992,53.3102,52.9356,52.95,28547
20210902,53.13,53.21,52.73,52.82,24265
20210903,53.19,53.19,52.795,53.15,22900
20210907,53.39,53.57,52.9499,53.38,45984
20210908,53.58,53.58,52.65,53.16,47866
20210909,52.94,53.26,52.57,52.57,47490
20210910,52.76,53.1,52.0301,52.16,27344
20210913,53.08,53.08,51.69,52.02,29345
20210914,52.415,52.415,51.7166,51.91,22602
20210915,51.91,52.4899,51.61,52.38,34496
20210916,52.09,52.48,51.85,52.48,16863
20210917,52.82,52.97,51.4101,51.55,25108
20210920,50.48,50.87,49.28,50.07,33378
20210921,50.42,50.66,50.01,50.2,41357
20210922,50.54,51.01,50.1,50.82,42208
20210923,51.07,51.62,50.96,51.46,33857
20210924,50.82,51.58,50.82,51.58,12487
20210927,50.96,51.8599,50.52,50.97,97771
20210928,50.21,50.21,48.9,48.96,22497
20210929,49.27,49.5498,48.78,48.8,14907
20210930,49.23,49.3,48.57,48.59,63682
20211001,48.93,49.23,48.01,49,38661
20211004,48.62,48.69,47.3,47.63,46350
20211005,47.75,48.87,47.75,48.5,46035
20211006,47.77,48.94,47.77,48.94,44491
20211007,49.71,49.98,49.4706,49.5,122473
20211008,49.67,49.6901,49.09,49.09,11805
20211011,49.03,49.48,48.68,48.68,16822
20211012,48.87,48.87,48.29,48.39,20693
20211013,48.8,48.91,48.5624,48.88,31295
20211014,49.38,50.2,49.38,50.2,24458
20211015,50.31,50.64,50.275,50.64,38572
20211018,50.27,51.32,50.27,51.32,12599
20211019,51.89,51.89,51.4599,51.85,50167
20211020,51.93,52.07,51.6001,51.7,36732
20211021,51.58,52.174,51.58,52.17,14989
20211022,51.86,51.86,51.396,51.56,5806
20211025,52.41,52.51,51.69,52.3,22993
20211026,52.8,53.2283,52.345,52.56,29424
20211027,52.68,53.3,52.68,52.7436,24354
20211028,53.39,53.5,53.08,53.46,15616
20211029,53.07,53.91,53.07,53.91,12399
20211101,54.25,54.27,53.74,54.27,21020
20211102,54.54,54.6199,54.1,54.59,27417
20211103,54.83,55.39,54.46,55.32,44107
20211104,55.67,56.55,55.57,56.44,27331
20211105,56.95,56.99,56.5,56.55,15783
20211108,56.59,56.84,56.3986,56.48,50817
20211109,56.51,56.76,55.72,55.96,20029
20211110,55.29,55.92,54.56,54.75,25089
20211111,55.18,55.35,54.95,55.07,12834
20211112,55.71,55.84,55.089,55.79,21125
20211115,56,56.11,55.41,55.83,42938
20211116,55.83,58.86,55.64,56.48,88239
20211117,56.63,56.81,56.3401,56.38,31746
20211118,56.78,57.26,56.33,57.19,84783
20211119,57.76,57.84,57.36,57.67,26548
20211122,58.13,58.5187,56.72,56.72,43233
20211123,56.67,56.67,55.442,56.34,26144
20211124,55.63,56.69,55.565,56.69,40729
20211126,56.0699,56.26,55.02,55.0405,13609
20211129,56,56.87,55.88,56.75,20146
20211130,56.73,56.8817,55.38,55.6,22284
20211201,56.3,56.78,54.23,54.23,42482
20211202,54.36,55.1399,53.8,54.51,75566
20211203,55.03,55.03,52.865,53.57,46629
20211206,53.4,54.4282,53.11,54.22,36411
20211207,55.71,56.48,55.63,56.3,27255
20211208,56.95,56.95,56,56.77,242788
20211209,56.62,56.76,55.51,55.51,31099
20211210,56.3,56.51,55.69,56.49,48971
20211213,56.57,56.57,55.22,55.22,17718
20211214,54.9,54.9,53.685,54.54,29856
20211215,54.21,56.25,53.69,56.19,41112
20211216,56.67,56.67,53.94,54.3,47803
20211217,53.98,54.52,53.32,53.93,46122
20211220,53.04,53.28,52.564,52.99,54749
20211221,53.9,54.77,53.0835,54.77,37870
20211222,54.83,55.7,54.83,55.7,121247
20211223,55.94,56.56,55.93,56.33,61779
20211227,56.64,57.64,56.62,57.64,25689
20211228,58.09,59.87,57.2601,58.05,119990
20211229,58,58.15,57.0801,57.61,29862
20211230,57.8,57.8,56.85,56.85,83509
20211231,56.84,57.05,56.3925,56.44,70086
20220103,56.5,57.35,56.42,57.3,49372
20220104,57.61,57.61,55.71,56.36,49551
20220105,56.35,56.35,53.93,53.93,37897
20220106,53.5,54.3299,53.105,53.87,19365
20220107,54.09,54.09,52.7,52.95,26755
20220110,51.94,53.01,51.02,53.01,124716
20220111,53.15,54.08,52.66,54.08,20140
20220112,54.36,54.79,53.95,54.22,50768
20220113,54.68,54.68,52.38,52.5,24413
20220114,52.23,53.02,52.23,53.02,23004
20220118,52,52.08,51.09,51.22,78164
20220119,51.82,51.9,50.31,50.4,40032
20220120,50.99,51.68,49.39,49.4,50450
20220121,49,49.48,47.7304,47.8201,148714
20220124,46.9,47.9,44.61,47.9,84198
20220125,46.61,47.37,46.03,46.46,31980
20220126,47.5,47.5,46.27,46.37,292298
20220127,46.94,46.94,46.1494,46.15,18974
20220128,46.14,46.87,46.05,46.87,16215
20220131,47.15,47.74,47,47.71,61388
20220201,48.03,48.03,47.59,47.99,28636
20220202,48.63,48.63,47.89,48.23,50513
20220203,47.54,47.609,47.0573,47.09,33228
20220204,47.0218,47.5426,46.94,47.38,24102
20220207,47.65,47.65,47.08,47.08,50070
20220208,47.03,47.367,47,47.28,12866
20220209,47.67,47.9353,47.62,47.81,18903
20220210,48.37,48.37,47.2319,47.37,45234
20220211,47.245,47.25,46.48,46.64,33473
20220214,46.24,46.74,46.24,46.4728,32095
20220215,46.9499,47.22,46.85,47.22,19849
20220216,47.14,47.19,46.74,47.1899,16186
20220217,46.64,46.875,46.37,46.46,12851
20220218,46.3501,46.3501,46.01,46.17,23296
