Date,Open,High,Low,Close,Volume
20200923,22.59,22.59,22.1,22.1,10962
20200924,21.93,22.28,21.93,22.28,3755
20200925,22.24,22.6,22.13,22.6,7999
20200928,22.76,22.88,22.72,22.88,3992
20200929,22.94,22.94,22.84,22.85,11311
20200930,22.92,23.14,22.86,23.13,9756
20201001,23.19,23.19,23.13,23.13,642
20201005,23.02,23.16,23.02,23.16,3816
20201006,23.04,23.13,22.85,22.85,1147
20201007,23.09,23.15,23.05,23.13,14033
20201008,23.2,23.23,23.18,23.23,2124
20201009,23.29,23.42,23.29,23.42,5537
20201012,23.61,23.89,23.59,23.84,2817
20201013,23.85,23.85,23.79,23.84,607
20201014,23.91,23.91,23.64,23.71,3818
20201015,23.57,23.64,23.51,23.63,3976
20201016,23.84,23.84,23.56,23.56,6500
20201019,23.83,23.83,23.18,23.18,1800
20201020,23.23,23.46,23.23,23.36,2241
20201021,23.36,23.36,23.3,23.3,1355
20201022,23.22,23.22,23.14,23.14,2364
20201023,23.21,23.21,23.21,23.21,544
20201026,23.13,23.13,22.78,22.9,5025
20201027,23.16,23.16,23.11,23.15,2492
20201028,22.84,22.84,22.52,22.52,3344
20201029,22.52,22.85,22.44,22.77,2623
20201030,22.61,22.61,22.1,22.15,14096
20201102,22.48,22.56,22.15,22.21,20169
20201103,22.69,22.69,22.63,22.63,1359
20201104,23.4,23.7,23.32,23.48,3769
20201105,23.95,24.07,23.95,24.05,3498
20201106,23.78,24.09,23.77,24.08,2974
20201109,24.95,24.95,24.02,24.07,4994
20201110,23.6,23.6,23.18,23.39,14548
20201112,23.79,23.92,23.79,23.82,1848
20201113,23.8,23.92,23.8,23.92,1299
20201116,24.06,24.06,23.95,23.95,1858
20201117,24.09,24.11,24.06,24.06,709
20201118,24.11,24.11,24.11,24.11,426
20201119,23.99,24.14,23.99,24.14,1818
20201120,24.01,24.1,24,24.02,1145
20201123,23.97,24.08,23.89,24.08,1693
20201124,24.25,24.29,24.25,24.29,1247
20201125,24.33,24.43,24.32,24.43,2367
20201127,24.45,24.45,24.45,24.45,199
20201130,24.4,24.42,24.39,24.4,589
20201201,24.7,24.85,24.7,24.85,2143
20201203,24.92,24.92,24.85,24.86,3705
20201204,24.88,24.93,24.86,24.92,929
20201207,24.99,25,24.97,25,1366
20201208,24.96,25.07,24.93,25.04,1317
20201209,24.98,24.98,24.65,24.65,3589
20201210,24.74,24.8,24.72,24.76,4588
20201211,24.73,24.73,24.59,24.62,4045
20201214,24.96,24.96,24.96,24.96,331
20201215,25.05,25.05,24.94,24.97,4477
20201216,24.97,25.05,24.97,25.01,1783
20201217,25.15,25.22,25.15,25.19,2441
20201218,25.16,25.16,24.99,24.99,1244
20201221,24.96,25.12,24.82,25.08,2779
20201222,25.16,25.16,25.13,25.16,2948
20201223,25.12,25.22,25.12,25.19,1188
20201224,25.19,25.25,25.13,25.13,2123
20201228,25.45,25.45,25.23,25.39,2593
20201229,25.55,25.55,25.41,25.41,874
20201230,25.53,25.55,25.42,25.42,5922
20201231,25.55,25.55,25.34,25.36,5549
20210104,25.62,25.62,24.97,25.15,2588
20210105,25.26,25.38,25.26,25.38,1483
20210106,25.16,25.38,25.16,25.38,1749
20210107,25.54,25.59,25.54,25.59,1560
20210108,25.81,25.81,25.69,25.69,891
20210111,25.63,25.71,25.63,25.71,597
20210112,25.62,25.68,25.58,25.58,948
20210113,25.64,25.71,25.64,25.7,433
20210114,25.77,25.77,25.65,25.67,905
20210115,25.63,25.63,25.44,25.46,12901
20210119,25.64,25.74,25.64,25.74,792
20210120,25.84,26.22,25.84,26.2,3508
20210121,26.21,26.32,26.21,26.32,2414
20210122,26.28,26.3,26.28,26.29,2794
20210125,26.45,26.45,26.22,26.37,1001
20210126,26.37,26.46,26.37,26.42,1183
20210127,26.19,26.25,25.81,25.9,8207
20210128,26.08,26.29,26.04,26.04,2385
20210129,25.8,25.8,25.54,25.76,3479
20210201,25.76,26.17,25.76,26.17,3231
20210202,26.31,26.49,26.31,26.45,7303
20210203,26.51,26.53,26.42,26.42,7017
20210204,26.54,26.56,26.41,26.56,2802
20210205,26.53,26.7,26.53,26.69,3914
20210208,26.81,26.81,26.68,26.76,2778
20210209,26.76,26.78,26.71,26.71,22680
20210210,26.84,26.84,26.66,26.66,1862
20210211,26.77,26.79,26.77,26.79,2573
20210212,26.87,26.87,26.77,26.87,4578
20210216,26.93,26.97,26.84,26.88,3592
20210217,26.78,26.79,26.69,26.76,1771
20210218,26.71,26.78,26.62,26.77,3857
20210219,26.8,26.87,26.55,26.71,15982
20210222,26.32,26.41,26.13,26.13,17711
20210223,25.98,26.01,25.47,26.01,143019
20210224,25.76,26.21,25.76,26.21,1222
20210225,25.87,26.11,25.34,25.37,33035
20210226,25.44,25.68,25.36,25.68,16846
20210301,25.83,26.24,25.83,26.24,9884
20210302,26.06,26.13,25.74,25.74,6990
20210303,25.67,25.69,25.17,25.18,9631
20210304,25.07,25.26,24.47,24.74,6519
20210305,24.74,25.12,24.19,25.12,14006
20210308,25.05,25.05,24.55,24.56,4325
20210309,24.99,25.43,24.99,25.39,3808
20210310,25.46,25.55,25.29,25.32,5261
20210311,25.68,25.87,25.57,25.82,1441
20210312,25.58,25.58,25.32,25.55,2897
20210315,25.53,25.84,25.53,25.72,2882
20210316,26.12,26.3,26.06,26.06,4088
20210317,25.85,26.17,25.68,26.06,2137
20210318,25.6,25.6,25.33,25.42,2569
20210319,25.49,25.54,25.38,25.54,2374
20210322,25.7,25.94,25.63,25.8,3702
20210323,25.77,25.93,25.77,25.85,3742
20210324,25.66,25.69,25.5,25.5,1685
20210325,25.17,25.44,25.17,25.37,7422
20210326,25.42,25.52,25.33,25.33,1582
20210329,25.56,25.63,25.55,25.63,1118
20210330,25.67,25.67,25.49,25.6,1665
20210331,25.79,26,25.79,25.96,3976
20210401,26.02,26.2,26.02,26.15,1385
20210405,26.22,26.55,26.22,26.52,1917
20210406,26.54,26.58,26.48,26.54,2180
20210407,26.54,26.57,26.54,26.57,345
20210408,26.74,26.74,26.68,26.73,4675
20210409,26.73,26.79,26.67,26.76,4316
20210412,26.76,26.83,26.76,26.83,933
20210413,26.92,27,26.88,26.99,10436
20210414,26.98,26.98,26.8,26.81,2346
20210415,26.93,26.98,26.93,26.95,5174
20210416,27.03,27.03,26.89,27.02,11193
20210419,27,27,26.79,26.8,3351
20210420,26.89,26.89,26.71,26.84,5404
20210421,26.64,26.8,26.57,26.78,8222
20210422,26.92,26.92,26.58,26.61,538
20210423,26.8,26.95,26.8,26.95,2669
20210426,26.96,27.07,26.94,27.06,10385
20210427,27.13,27.13,26.89,26.95,7628
20210428,27.01,27.01,26.86,26.9,3986
20210429,27.08,27.09,26.79,27.01,5862
20210430,26.89,26.89,26.78,26.84,6597
20210503,27.01,27.01,26.74,26.76,7181
20210504,26.63,26.63,26.09,26.34,4755
20210505,26.55,26.55,26.24,26.27,11889
20210506,26.31,26.38,26.14,26.2,8701
20210507,26.53,26.79,26.53,26.71,8400
20210510,26.63,26.63,26.05,26.05,15724
20210511,25.59,26.02,25.38,25.98,20762
20210512,25.66,25.75,25.28,25.35,13346
20210513,25.63,25.72,25.39,25.54,11482
20210514,25.85,26.13,25.78,26.09,10629
20210517,26.02,26.02,25.72,25.9,17897
20210518,26.07,26.09,25.76,25.76,12699
20210519,25.36,25.73,25.32,25.63,7534
20210520,26,26.31,26,26.31,5128
20210521,26.42,26.43,26.15,26.15,7513
20210524,26.35,26.57,26.33,26.52,15419
20210525,26.64,26.64,26.46,26.55,14629
20210526,26.61,26.64,26.53,26.63,15154
20210527,26.67,26.67,26.56,26.57,18339
20210528,26.68,26.72,26.63,26.63,8464
20210601,26.76,27.2,26.49,26.54,14986
20210602,26.65,26.65,26.53,26.59,7919
20210603,26.51,26.55,26.33,26.42,8126
20210604,26.63,26.77,26.63,26.74,21739
20210607,26.72,26.81,26.7,26.81,10672
20210608,26.97,26.97,26.79,26.85,6382
20210609,26.91,26.91,26.8,26.85,9637
20210610,26.94,27,26.91,27,10528
20210611,27,27.05,26.99,26.99,7339
20210614,27.13,27.16,26.99,27.16,17912
20210615,27.16,27.16,27.04,27.11,18323
20210616,27.08,27.15,26.94,27.06,16099
20210617,27.17,27.29,27.15,27.28,10533
20210618,27.18,27.18,26.99,27.02,8506
20210621,27.07,27.16,26.87,27.16,11888
20210622,27.22,27.34,27.18,27.31,15812
20210623,27.39,27.4,27.34,27.39,4408
20210624,27.43,27.53,27.43,27.48,13473
20210625,27.58,27.58,27.41,27.46,8462
20210628,27.59,27.65,27.51,27.65,15500
20210629,27.7,27.73,27.65,27.73,3546
20210630,27.72,27.74,27.64,27.69,4775
20210701,27.74,27.75,27.67,27.72,5735
20210702,27.87,27.92,27.82,27.9,5705
20210706,27.99,27.99,27.85,27.99,16872
20210707,28.12,28.12,27.94,27.99,8600
20210708,27.79,27.95,27.63,27.92,12951
20210709,27.94,28.03,27.9,28.02,4337
20210712,28.12,28.12,27.99,28.08,10020
20210713,28.1,28.22,28.08,28.09,12200
20210714,28.23,28.23,28.1,28.15,11609
20210715,28.14,28.14,27.9,27.97,28006
20210716,28.16,28.16,27.81,27.83,10217
20210719,27.59,27.67,27.43,27.63,58198
20210720,27.73,27.96,27.6,27.88,26224
20210721,28.06,28.06,27.9,28.03,13917
20210722,28.06,28.2,28.03,28.18,16022
20210723,28.2,28.45,28.2,28.45,4212
20210726,28.44,28.48,28.39,28.44,13095
20210727,28.42,28.43,27.99,28.21,13409
20210728,28.35,28.38,28.2,28.34,9149
20210729,28.33,28.42,28.33,28.37,14091
20210730,28.19,28.3,28.19,28.28,7827
20210802,28.44,28.44,28.28,28.3,12226
20210803,28.36,28.41,28.15,28.38,16888
20210804,28.44,28.47,28.34,28.42,18440
20210805,28.38,28.58,28.38,28.54,9518
20210806,28.53,28.53,28.44,28.49,14955
20210809,28.6,28.6,28.45,28.52,47595
20210810,28.59,28.59,28.4,28.44,8338
20210811,28.41,28.56,28.39,28.44,15451
20210812,28.44,28.52,28.37,28.52,8526
20210813,28.56,28.59,28.5,28.58,12947
20210816,28.56,28.56,28.31,28.54,13526
20210817,28.49,28.49,28.32,28.44,9457
20210818,28.44,28.49,28.3,28.31,7483
20210819,28.15,28.45,28.13,28.38,46012
20210820,28.52,28.67,28.43,28.6,11691
20210823,28.81,28.99,28.72,28.94,21669
20210824,29.04,29.04,28.91,28.99,15178
20210825,28.99,29.05,28.96,29.02,18426
20210826,29.03,29.03,28.87,28.91,11054
20210827,28.92,29.15,28.87,29.1,22874
20210830,29.1,29.34,29.1,29.29,29177
20210831,29.29,29.33,29.23,29.3,6759
20210901,29.39,29.52,29.32,29.32,23938
20210902,29.32,29.35,29.3,29.3,19398
20210903,29.33,29.39,29.27,29.37,18885
20210907,29.41,29.43,29.35,29.4,10797
20210908,29.41,29.41,29.24,29.31,18862
20210909,29.39,29.42,29.27,29.29,10716
20210910,29.43,29.43,29.17,29.17,16224
20210913,29.17,29.31,29.05,29.15,19474
20210914,29.27,29.28,29.07,29.12,7224
20210915,29.11,29.27,29.03,29.24,15222
20210916,29.25,29.31,29.1,29.3,18799
20210917,29.23,29.23,28.85,28.95,23170
20210920,28.58,28.62,28.1,28.36,32626
20210921,28.55,28.65,28.33,28.42,12403
20210922,28.46,28.77,28.46,28.71,42701
20210923,28.82,28.99,28.68,28.91,10176
20210924,28.82,28.95,28.76,28.95,6700
20210927,28.79,28.86,28.59,28.82,17857
20210928,28.51,28.51,28.02,28.08,34550
20210929,28.21,28.32,27.99,27.99,11700
20210930,28.2,28.2,27.91,27.96,18775
20211001,28.02,28.15,27.7,28.11,7475
20211004,28.02,28.02,27.37,27.52,18357
20211005,27.54,28.08,27.54,27.92,16668
20211006,27.58,28.13,27.55,28.13,17945
20211007,28.24,28.52,28.24,28.36,25218
20211008,28.47,28.47,28.19,28.26,14015
20211011,28.12,28.37,28.02,28.02,16322
20211012,28.06,28.15,27.84,27.92,16577
20211013,28.07,28.13,27.94,28.13,10531
20211014,28.32,28.63,28.32,28.6,7917
20211015,28.65,28.77,28.61,28.77,16414
20211018,28.77,29,28.67,29,11985
20211019,29.09,29.15,29.01,29.15,7612
20211020,29.05,29.19,29,29.12,33114
20211021,29.09,29.22,29.08,29.21,13140
20211022,29.24,29.24,29,29.1,16496
20211025,29.17,29.33,29.04,29.2,22961
20211026,29.43,29.51,29.25,29.4,9470
20211027,29.4,29.55,29.35,29.41,15993
20211028,29.5,29.57,29.39,29.53,19069
20211029,29.46,29.57,29.42,29.57,55004
20211101,29.61,29.71,29.44,29.65,110843
20211102,29.64,29.82,29.64,29.81,13852
20211103,29.81,29.95,29.77,29.92,8722
20211104,29.95,30.22,29.95,30.19,15808
20211105,30.28,30.31,30.1,30.18,33382
20211108,30.23,30.23,30.13,30.18,36635
20211109,30.26,30.26,30.02,30.09,30015
20211110,29.97,30.06,29.78,29.86,17702
20211111,29.88,29.99,29.88,29.9,16076
20211112,29.96,30.08,29.9,30.08,10902
20211115,30.14,30.14,29.97,30.08,31221
20211116,30.06,30.21,30.04,30.17,31488
20211117,30.26,30.26,30.15,30.2,36072
20211118,30.18,30.38,30.16,30.37,19598
20211119,30.52,30.61,30.35,30.45,23634
20211122,30.69,30.79,30.27,30.27,37608
20211123,30.09,30.31,29.85,30.08,22443
20211124,30.02,30.27,29.85,30.27,20048
20211126,30.1,30.12,29.68,29.68,29625
20211129,30.03,30.38,30.03,30.3,34699
20211130,30.15,30.34,29.8,29.83,34064
20211201,30.27,30.37,29.45,29.46,25347
20211202,29.39,29.78,29.34,29.62,17249
20211203,29.83,29.83,28.9,29.23,26029
20211206,29.38,29.49,28.91,29.38,40743
20211207,29.93,30.29,29.93,30.29,12844
20211208,30.3,30.38,30.14,30.33,12072
20211209,30.35,30.43,29.94,30.01,19461
20211210,30.28,30.34,29.97,30.34,14392
20211213,30.23,30.24,29.91,29.91,8668
20211214,29.59,29.72,29.27,29.52,13866
20211215,29.96,30.28,29.27,30.2,6692
20211216,30.37,30.37,29.42,29.42,13036
20211217,29.27,29.55,29.16,29.39,57959
20211220,29.26,29.26,28.93,29.05,24601
20211221,29.44,29.73,29.14,29.65,30718
20211222,29.73,29.98,29.57,29.98,21215
20211223,30.1,30.18,29.94,30.1,19522
20211227,30.28,30.48,30.28,30.48,16653
20211228,30.52,30.52,30.3,30.34,35708
20211229,30.42,30.45,30.26,30.32,30533
20211230,32.04,32.12,31.92,31.96,64996
20211231,31.97,31.99,31.7,31.71,86971
20220103,31.92,32.08,31.84,32.06,67893
20220104,32.08,32.08,31.6,31.78,45362
20220105,31.72,31.73,31.02,31.04,69313
20220106,30.96,31.21,30.8,31.07,41362
20220107,31.07,31.14,30.69,30.8,34656
20220110,30.47,30.88,30.02,30.79,76910
20220111,30.8,31.24,30.65,31.22,42383
20220112,31.42,31.46,31.2,31.28,35892
20220113,31.45,31.47,30.6,30.65,49797
20220114,30.48,30.86,30.45,30.86,36543
20220118,30.42,30.57,30.05,30.15,47153
20220119,30.29,30.43,29.8,29.81,31953
20220120,30.06,30.38,29.36,29.42,30933
20220121,29.26,29.41,28.68,28.69,110875
20220124,28.33,28.76,27.43,28.76,72156
20220125,28.25,28.63,28.0389,28.25,29228
20220126,28.93,28.93,28,28.23,44743
20220127,28.62,28.65,27.925,27.975,39536
20220128,28.18,28.77,27.83,28.73,33765
20220131,29,29.58,28.79,29.55,41167
20220201,29.64,29.73,29.38,29.67,23790
20220202,29.97,29.9796,29.5686,29.9,19781
20220203,29.29,29.46,28.9051,28.915,32645
20220204,29.04,29.48,28.85,29.28,22043
20220207,29.28,29.49,29.035,29.13,31359
20220208,29.09,29.4499,28.98,29.34,24151
20220209,29.73,29.8499,29.6041,29.8488,16027
20220210,29.47,29.79,29.25,29.39,17790
20220211,29.29,29.49,28.5,28.62,23315
20220214,28.48,28.8599,28.36,28.65,11004
20220215,29.08,29.29,29.02,29.25,20139
20220216,29.35,29.35,28.87,29.26,19536
20220217,29.11,29.11,28.46,28.5,33436
20220218,28.6,28.6,28.04,28.09,28733
