Date,Open,High,Low,Close,Volume
20160628,22.61,22.61,22.61,22.61,641
20160629,22.93,23.01,22.93,23.01,4284
20160630,23.06,23.37,23.06,23.37,3641
20160706,23.4,23.4,23.4,23.4,642
20160720,24.1,24.1,24.1,24.1,4280
20160722,24.25,24.25,24.25,24.25,207
20160727,24.2,24.2,24.2,24.2,6529
20160728,24.15,24.15,24.15,24.15,4280
20160729,24.34,24.34,24.34,24.34,795
20160801,24.33,24.33,24.33,24.33,560
20160802,24.17,24.17,24.17,24.17,24446
20160804,24.3,24.31,24.23,24.23,9202
20160808,24.48,24.48,24.46,24.48,3994
20160809,24.54,24.54,24.47,24.47,3012
20160810,24.4,24.4,24.4,24.4,2775
20160811,24.52,24.52,24.52,24.52,2101
20160812,24.48,24.49,24.48,24.48,872
20160815,24.62,24.62,24.61,24.61,642
20160817,24.34,24.45,24.34,24.45,21166
20160818,24.45,24.49,24.45,24.49,6299
20160819,24.47,24.47,24.47,24.47,5243
20160822,24.53,24.53,24.52,24.52,10234
20160823,24.6,24.6,24.6,24.6,8691
20160824,24.57,24.57,24.53,24.56,2646
20160825,24.45,24.48,24.34,24.34,428
20160826,24.47,24.49,24.31,24.31,11647
20160830,24.44,24.44,24.36,24.36,7279
20160831,24.3,24.31,24.29,24.31,7355
20160901,24.32,24.32,24.32,24.32,449
20160902,24.49,24.49,24.43,24.43,6577
20160906,24.43,24.45,24.43,24.45,4370
20160907,24.53,24.53,24.46,24.46,3313
20160908,24.45,24.48,24.42,24.42,15445
20160909,24.23,24.23,23.92,23.92,1822
20160912,23.93,24.22,23.93,24.22,7205
20160913,23.97,23.97,23.84,23.84,5099
20160915,23.89,23.96,23.89,23.96,5336
20160916,24,24.03,23.99,23.99,5490
20160919,24.15,24.15,24.07,24.07,1639
20160920,24.12,24.12,24.02,24.02,12610
20160922,24.44,24.48,24.44,24.48,7383
20160923,24.42,24.42,24.39,24.39,1067
20160926,24.23,24.23,24.14,24.17,2829
20160927,24.23,24.3,24.15,24.3,8097
20160928,24.3,24.39,24.24,24.39,8743
20160929,24.38,24.38,24.38,24.38,871
20160930,24.25,24.25,24.25,24.25,248
20161003,24.27,24.27,24.25,24.26,5857
20161004,24.26,24.27,24.15,24.15,3795
20161005,24.29,24.39,24.29,24.32,6150
20161006,24.19,24.27,24.18,24.27,7330
20161010,24.33,24.33,24.29,24.29,6949
20161011,24.23,24.23,24.03,24.04,7484
20161012,24.03,24.12,24.03,24.04,5724
20161013,23.89,24.01,23.89,24,5103
20161014,24.12,24.12,23.96,23.96,8203
20161017,23.9,23.97,23.82,23.83,10870
20161018,24.02,24.06,23.97,23.98,6206
20161019,24.47,24.47,23.96,24.06,11034
20161020,24.26,24.26,23.95,24.03,10897
20161021,23.95,24,23.91,24,3428
20161024,24.17,24.17,24.15,24.15,1968
20161025,24.1,24.1,24.07,24.07,3869
20161026,23.96,24.09,23.96,23.97,4310
20161027,23.93,23.95,23.88,23.88,3421
20161028,23.97,24.02,23.97,23.98,11415
20161031,23.91,23.93,23.88,23.9,2384
20161101,23.89,23.89,23.74,23.74,3082
20161102,23.69,23.71,23.61,23.61,7850
20161103,23.55,23.57,23.38,23.38,9540
20161104,23.46,23.59,23.46,23.59,12003
20161107,23.91,23.91,23.89,23.89,8231
20161108,23.94,24.13,23.94,24.13,5321
20161109,24.25,24.46,24.25,24.45,1882
20161110,24.81,24.81,24.52,24.62,14581
20161111,24.6,24.76,24.56,24.75,11304
20161114,24.87,24.95,24.87,24.95,8111
20161115,24.96,25.09,24.93,25.08,11633
20161116,25.01,25.04,24.96,24.99,3299
20161117,25.1,25.12,25.07,25.12,14394
20161118,25.11,25.43,25.06,25.06,8447
20161121,25.13,25.21,25.13,25.21,16578
20161122,25.31,25.32,25.25,25.25,8548
20161123,25.27,25.41,25.27,25.41,8509
20161125,25.5,25.5,25.48,25.48,1620
20161128,25.49,25.49,25.37,25.41,10225
20161129,25.41,25.42,25.37,25.37,758
20161130,25.37,25.37,25.24,25.25,3909
20161201,25.27,25.27,25.1,25.12,7610
20161202,25.19,25.26,25.19,25.2,11109
20161205,25.5,25.5,25.5,25.5,195
20161206,25.46,25.46,25.46,25.46,312
20161207,25.64,25.86,25.6,25.82,43488
20161208,25.92,26.13,25.92,26.06,13654
20161209,26.1,26.1,26.02,26.03,6521
20161212,26.06,26.06,25.93,25.95,7260
20161213,26.11,26.14,26.08,26.08,3100
20161214,26.1,26.1,25.95,25.95,10464
20161215,25.96,26.09,25.91,25.99,97782
20161216,26,26.02,25.96,25.96,1435
20161219,26.02,26.05,25.97,26.05,22410
20161220,26.18,26.22,26.16,26.22,3407
20161221,26.19,26.19,26.14,26.14,12715
20161222,26.02,26.04,25.95,25.95,7628
20161223,25.99,25.99,25.97,25.98,12802
20161227,26.14,26.15,26.12,26.12,1800
20161228,26.02,26.02,25.94,25.94,13766
20161229,25.94,25.94,25.8,25.83,1685
20161230,25.84,25.84,25.67,25.67,10923
20170103,25.98,26.24,25.79,25.92,29170
20170104,26.23,26.23,26.14,26.16,21344
20170105,26.22,26.23,26.1,26.19,15061
20170106,26.16,26.26,26.16,26.26,883
20170109,26.21,26.22,26.19,26.19,2345
20170110,26.19,26.29,26.07,26.23,36133
20170111,26.26,26.3,26.16,26.3,6939
20170112,26.06,26.19,26.01,26.19,2623
20170113,26.31,26.33,26.22,26.27,3443
20170117,26.2,26.23,26.14,26.16,7994
20170118,26.12,26.21,26.12,26.16,4472
20170119,26.18,26.18,26.05,26.05,4306
20170120,26.28,26.28,26.18,26.18,7096
20170123,26.23,26.24,26.04,26.24,11134
20170124,26.27,26.43,26.24,26.4,11548
20170125,26.57,26.57,26.51,26.54,10601
20170126,26.66,26.66,26.56,26.56,2152
20170127,26.44,26.54,26.44,26.54,7720
20170130,26.22,26.28,26.18,26.28,4608
20170131,26.33,26.33,26.09,26.29,10729
20170201,26.28,26.46,26.25,26.35,17880
20170202,26.3,26.38,26.27,26.3,6525
20170203,26.44,26.51,26.44,26.48,3581
20170206,26.5,26.5,26.39,26.39,1431
20170207,26.49,26.49,26.41,26.43,2039
20170208,26.42,26.42,26.28,26.41,4212
20170209,26.51,26.65,26.51,26.62,8125
20170210,26.69,26.74,26.62,26.72,8833
20170213,26.82,26.89,26.78,26.84,3242
20170214,26.83,26.93,26.78,26.92,18072
20170215,26.99,27.02,26.97,27.02,8975
20170216,27.02,27.02,26.88,27,13986
20170217,26.97,27.02,26.9,27.02,18477
20170221,27.23,27.28,27.17,27.28,31168
20170222,27.09,27.25,27.09,27.16,10412
20170223,27.28,27.28,27.04,27.11,22184
20170224,27.06,27.11,27.05,27.1,18465
20170227,27.25,27.28,27.19,27.28,14416
20170228,27.12,27.19,27.1,27.1,9102
20170301,27.39,27.57,27.39,27.49,15722
20170302,27.39,27.39,27.25,27.26,3955
20170303,27.19,27.19,27.13,27.13,3108
20170306,27.01,27.06,26.98,27.06,3972
20170307,27.05,27.07,26.93,26.93,25682
20170308,27.05,27.05,26.93,26.93,15597
20170309,26.94,26.94,26.78,26.87,7890
20170310,27.02,27.02,26.91,26.96,6338
20170313,27,27.02,27,27.01,10483
20170314,26.84,26.89,26.83,26.85,7700
20170315,26.99,27.19,26.99,27.19,30072
20170316,27.16,27.18,27.13,27.16,4236
20170317,27.14,27.19,27.14,27.16,3857
20170320,27.14,27.14,27.04,27.09,12635
20170321,27.45,27.45,26.59,26.59,46584
20170322,26.47,26.7,26.47,26.62,128045
20170323,26.72,26.79,26.57,26.57,48159
20170324,26.78,26.78,26.48,26.58,24969
20170327,26.33,26.61,26.33,26.54,16091
20170328,26.65,26.83,26.65,26.83,6985
20170329,26.85,26.96,26.85,26.96,6496
20170330,27.02,27.11,27.02,27.1,9403
20170331,27.06,27.15,27.05,27.14,12219
20170403,27.01,27.01,26.82,26.91,8927
20170404,26.85,26.91,26.84,26.91,2400
20170405,27.13,27.13,26.77,26.77,8627
20170406,26.84,26.97,26.84,26.9,7929
20170407,26.97,26.98,26.88,26.91,9327
20170410,27.11,27.11,26.98,27,25492
20170411,26.82,26.88,26.81,26.85,4960
20170412,26.85,26.85,26.68,26.71,4461
20170413,26.65,26.67,26.48,26.48,5771
20170417,26.61,26.62,26.55,26.57,16087
20170418,26.5,26.59,26.5,26.59,2011
20170419,26.86,26.86,26.65,26.65,3291
20170420,26.68,26.89,26.66,26.89,5200
20170421,26.8,26.8,26.74,26.74,2911
20170424,27.08,27.1,27.03,27.1,4818
20170425,26.95,27.3,26.95,27.29,11816
20170426,27.28,27.36,27.28,27.28,7642
20170427,27.26,27.29,27.16,27.26,8844
20170428,27.33,27.33,27.15,27.24,16069
20170501,27.2,27.28,27.18,27.26,6985
20170502,27.22,27.24,27.19,27.19,8973
20170503,27.16,27.17,27.12,27.14,7405
20170504,27.19,27.19,27.07,27.16,2179
20170505,27.16,27.28,27.15,27.28,6882
20170508,27.34,27.35,27.26,27.32,8854
20170509,27.33,27.41,27.29,27.29,3763
20170510,27.43,27.45,27.38,27.43,1290
20170511,27.43,27.46,27.28,27.46,3128
20170512,27.36,27.37,27.32,27.35,4363
20170515,27.53,27.54,27.5,27.52,3140
20170516,27.85,27.85,27.29,27.46,8353
20170517,27.17,27.17,26.83,26.83,11618
20170518,26.83,26.98,26.79,26.93,7851
20170519,27.1,27.18,27.07,27.07,7668
20170522,27.15,27.22,27.11,27.2,2874
20170523,27.24,27.32,27.18,27.27,11522
20170524,27.34,27.36,27.27,27.27,5082
20170525,27.52,27.53,27.46,27.48,12491
20170526,27.56,27.56,27.43,27.51,8233
20170530,27.51,27.54,27.47,27.53,4741
20170531,27.49,27.49,27.32,27.47,6604
20170601,27.58,27.73,27.57,27.73,5142
20170602,27.74,27.85,27.74,27.83,2889
20170605,27.74,27.77,27.66,27.69,24335
20170606,27.63,27.64,27.61,27.64,1761
20170607,27.64,27.68,27.61,27.66,6625
20170608,27.72,27.89,27.72,27.89,10375
20170609,27.92,28.01,27.68,27.75,7941
20170612,27.63,27.73,27.61,27.68,2230
20170613,27.82,27.86,27.77,27.85,8827
20170614,27.9,27.9,27.64,27.73,14052
20170615,27.59,27.59,27.51,27.58,2764
20170616,27.55,27.55,27.46,27.54,5270
20170619,27.74,27.8,27.73,27.8,3435
20170620,27.71,27.71,27.6,27.6,11693
20170621,27.62,27.7,27.5,27.56,9645
20170622,27.57,27.73,27.53,27.69,7384
20170623,27.77,27.89,27.77,27.89,3868
20170626,27.93,27.97,27.93,27.97,2291
20170627,28.02,28.02,27.81,27.81,7347
20170628,27.86,28.12,27.86,28.1,13282
20170629,28.11,28.11,27.69,27.87,21684
20170630,27.92,27.96,27.86,27.9,4769
20170703,28.05,28.06,28.04,28.04,1746
20170705,27.97,27.99,27.97,27.98,19807
20170706,27.76,27.87,27.64,27.64,7225
20170707,27.75,27.94,27.75,27.92,8513
20170710,27.89,27.96,27.86,27.96,3817
20170711,27.94,27.96,27.87,27.94,7228
20170712,28.25,28.29,28.22,28.25,8229
20170713,28.33,28.42,28.23,28.35,9831
20170714,28.4,28.54,28.4,28.49,6870
20170717,28.62,28.62,28.46,28.53,17199
20170718,28.46,28.46,28.4,28.45,5675
20170719,28.63,28.7,28.62,28.7,5014
20170720,28.83,28.83,28.73,28.77,3085
20170721,28.66,28.71,28.65,28.68,15451
20170724,28.68,28.68,28.64,28.67,4348
20170725,28.99,28.99,28.8,28.82,10206
20170726,28.78,28.81,28.69,28.69,15485
20170727,28.72,28.83,28.47,28.49,5636
20170728,28.53,28.53,28.42,28.42,2753
20170731,28.44,28.44,28.34,28.39,2716
20170801,28.42,28.48,28.4,28.45,3190
20170802,28.39,28.39,28.15,28.28,5915
20170803,28.1,28.11,27.97,27.98,12278
20170804,28.32,28.32,28.02,28.03,6126
20170807,28.15,28.15,28.1,28.14,4276
20170808,28.04,28.25,27.99,27.99,3754
20170809,27.84,27.88,27.78,27.8,3458
20170810,27.63,27.63,27.4,27.42,8987
20170811,27.35,27.43,27.3,27.37,5577
20170814,27.64,27.72,27.64,27.71,1572
20170815,27.65,27.66,27.56,27.64,4337
20170816,27.74,27.75,27.63,27.65,3365
20170817,27.67,27.67,27.39,27.39,7102
20170818,27.12,27.24,27.11,27.19,3128
20170821,27.06,27.15,27.06,27.08,4457
20170822,27.36,27.45,27.36,27.45,2381
20170823,27.33,27.43,27.33,27.36,3497
20170824,27.44,27.44,27.32,27.33,6839
20170825,27.46,27.46,27.36,27.44,5875
20170828,27.42,27.42,27.37,27.42,2673
20170829,27.31,27.47,27.31,27.47,12113
20170830,27.55,27.69,27.55,27.69,8927
20170831,27.4,27.82,27.4,27.81,5584
20170901,27.87,27.89,27.81,27.89,2404
20170905,27.79,27.79,27.41,27.47,36348
20170906,27.62,27.68,27.5,27.68,110058
20170907,27.68,27.68,27.56,27.65,16640
20170908,28.39,28.39,27.6,27.68,9483
20170911,28,28.04,27.96,28.01,5060
20170912,28.17,28.27,28.11,28.2,5952
20170913,28.25,28.34,28.25,28.34,1856
20170914,28.22,28.33,28.22,28.22,5724
20170915,28.39,29.45,28.29,28.42,8256
20170918,28.56,28.59,28.56,28.58,2122
20170919,28.87,28.87,28.49,28.5,3334
20170920,28.55,28.55,28.52,28.55,9529
20170921,28.48,28.52,28.47,28.5,6865
20170922,28.55,28.57,28.54,28.54,1653
20170925,28.55,28.55,28.39,28.39,10481
20170926,28.57,28.59,28.51,28.52,4100
20170927,28.74,28.89,28.67,28.89,4748
20170928,28.79,28.92,28.79,28.88,8506
20170929,28.99,29.05,28.97,29.05,2223
20171002,29.19,29.19,29.02,29.16,18803
20171003,29.23,29.27,29.23,29.27,2043
20171004,29.29,29.31,29.24,29.26,6664
20171005,29.33,29.44,29.33,29.43,3100
20171006,29.46,29.46,29.41,29.45,2036
20171009,29.4,29.4,29.32,29.32,1382
20171010,29.41,29.43,29.36,29.43,1993
20171011,29.43,29.51,29.38,29.49,2312
20171012,29.48,29.5,29.45,29.45,4494
20171013,29.44,29.51,29.44,29.47,3658
20171016,29.62,29.62,29.47,29.49,3415
20171017,29.46,29.5,29.43,29.43,11339
20171018,29.52,29.56,29.44,29.56,1362
20171019,29.37,29.52,29.36,29.52,4453
20171020,29.73,29.76,29.7,29.75,3798
20171023,29.72,29.72,29.69,29.72,2517
20171024,29.72,29.79,29.65,29.76,6981
20171025,29.59,29.59,29.29,29.49,4753
20171026,29.6,29.64,29.51,29.51,5247
20171027,29.67,29.67,29.65,29.65,825
20171030,29.71,29.72,29.56,29.61,5921
20171031,29.67,29.73,29.67,29.7,3631
20171101,29.94,29.96,29.7,29.75,8401
20171102,29.68,29.74,29.58,29.58,2997
20171103,29.67,29.69,29.67,29.69,451
20171106,29.78,29.82,29.73,29.82,5493
20171107,29.76,29.76,29.46,29.46,6060
20171108,29.5,29.66,29.47,29.66,5609
20171109,29.52,29.61,29.43,29.44,2897
20171110,29.6,29.62,29.58,29.58,3773
20171113,29.47,29.6,29.47,29.6,6230
20171114,29.62,29.63,29.57,29.58,1230
20171115,29.51,29.58,29.46,29.49,4858
20171116,29.97,30.05,29.97,30.05,1269
20171117,30.05,30.09,30.02,30.04,4632
20171120,30.13,30.15,30.08,30.13,1836
20171121,30.08,30.4,30.08,30.38,6511
20171122,30.46,30.46,30.35,30.39,14880
20171124,30.46,30.47,30.44,30.46,6065
20171127,30.32,30.38,30.3,30.38,6725
20171128,30.4,30.56,30.36,30.56,2245
20171129,30.72,30.79,30.57,30.57,9623
20171130,30.79,30.87,30.75,30.78,15224
20171201,30.73,30.73,30.5,30.56,2119
20171204,30.91,30.91,30.54,30.54,1901
20171205,30.52,30.65,30.47,30.47,9369
20171206,30.4,30.4,30.35,30.4,4027
20171207,30.52,30.57,30.46,30.46,5942
20171208,30.64,30.76,30.62,30.68,15350
20171211,30.71,30.76,30.68,30.71,13812
20171212,30.85,30.89,30.82,30.82,6148
20171213,30.88,30.89,30.76,30.76,32363
20171214,31.14,31.14,30.53,30.55,11965
20171215,30.81,30.96,30.81,30.96,2242
20171218,31.21,31.23,31.16,31.16,4817
20171219,31.19,31.19,31.08,31.1,7324
20171220,31.14,31.18,31.13,31.18,12659
20171221,31.16,31.25,31.16,31.23,3098
20171222,31.15,31.17,31.12,31.17,13810
20171226,31.21,31.21,31.1,31.17,10029
20171227,31.24,31.24,31.13,31.15,13458
20171228,31.19,31.22,31.19,31.2,4339
20171229,31.22,31.22,31.07,31.07,4575
20180102,31.2,31.36,31.2,31.36,6763
20180103,31.5,31.68,31.5,31.66,11931
20180104,32.29,32.29,31.79,31.85,8440
20180105,31.92,32.06,31.88,32.02,11304
20180108,31.94,32.14,31.94,32.14,3845
20180109,32.09,32.21,32.09,32.15,8579
20180110,32,32.1,31.96,32.06,3951
20180111,32.26,32.44,32.23,32.44,10273
20180112,32.72,32.72,32.51,32.62,4818
20180116,32.54,32.91,32.36,32.41,5479
20180117,32.6,32.77,32.59,32.71,3907
20180118,32.62,32.69,32.55,32.58,7182
20180119,32.61,32.81,32.61,32.78,10366
20180122,32.82,32.99,32.82,32.99,7555
20180123,33.07,33.13,33.07,33.12,7706
20180124,33.22,33.22,33,33,1616
20180125,33.12,33.12,32.95,32.95,6827
20180126,33.48,33.48,33.05,33.24,6346
20180129,33.23,33.23,33.08,33.08,27337
20180130,32.7,32.75,32.56,32.65,10471
20180131,32.86,32.86,32.47,32.58,11575
20180201,32.6,32.69,32.55,32.59,11366
20180202,32.35,32.35,31.84,31.88,4474
20180205,31.58,31.83,30.79,30.88,14597
20180206,30.41,31.09,29.78,30.99,14801
20180207,31.26,31.28,31.02,31.14,4925
20180208,30.86,30.87,29.88,29.88,13286
20180209,29.74,30.14,29.14,30.13,24667
20180212,30.07,30.57,30.07,30.42,9739
20180213,30.31,30.54,30.31,30.5,4788
20180214,30.61,31.05,30.61,31,10302
20180215,31.2,31.31,30.96,31.31,22104
20180216,31.48,31.54,31.44,31.44,6297
20180220,31.38,31.46,31.14,31.14,9573
20180221,31.51,31.51,31.2,31.21,3940
20180222,31.29,31.53,31.16,31.16,5529
20180223,31.39,31.68,31.37,31.68,11149
20180226,31.8,32.01,31.74,32.01,11246
20180227,32.16,32.21,31.77,31.77,6655
20180228,31.73,31.74,31.27,31.28,2649
20180301,31.21,31.31,30.69,30.71,7109
20180302,30.51,31.09,30.51,31.09,5973
20180305,31.34,31.52,31.31,31.52,5469
20180306,31.5,31.64,31.39,31.6,4420
20180307,31.34,31.63,31.34,31.62,11466
20180308,31.73,31.73,31.57,31.62,1370336
20180309,31.87,32.19,31.86,32.19,4559
20180312,32.32,32.33,32.17,32.22,12764
20180313,32.37,32.38,31.95,31.98,22716
20180314,32.08,32.08,31.74,31.78,42695
20180315,31.76,31.86,31.58,31.68,120561
20180316,32.08,32.08,31.8,31.92,36047
20180319,31.68,31.71,31.21,31.29,23961
20180320,31.51,31.51,31.32,31.4,13985
20180321,31.49,31.75,31.49,31.5,210842
20180322,31.27,31.34,30.9,30.9,106544
20180323,30.66,30.7,30.21,30.21,21836
20180326,30.57,30.86,30.3,30.86,20895
20180327,30.83,31,30.37,30.37,8594
20180328,30.2,30.31,30.09,30.16,11068
20180329,30.29,30.73,30.29,30.54,13793
20180402,30.75,30.75,29.59,29.81,11117
20180403,30.11,30.24,29.91,30.24,11300
20180404,29.87,30.55,29.87,30.55,25963
20180405,30.71,30.99,30.71,30.94,23457
20180406,30.76,30.76,30.04,30.18,3919
20180409,30.52,30.65,30.52,30.63,3419
20180410,30.6,30.83,30.6,30.82,8369
20180411,30.61,30.94,30.61,30.8,12527
20180412,30.98,31.15,30.98,31.04,6433
20180413,31.13,31.13,30.84,30.84,2795
20180416,31,31.24,31,31.15,2777
20180417,31.42,31.49,31.38,31.49,9148
20180418,31.68,31.68,31.6,31.6,12886
20180419,31.46,31.48,31.28,31.42,5507
20180420,31.32,31.32,31.11,31.11,7263
20180423,31.14,31.28,30.92,31.02,6333
20180424,31.09,31.11,30.55,30.67,2864
20180425,30.49,30.73,30.49,30.73,9360
20180426,30.81,31.13,30.81,31.07,5796
20180427,31.08,31.11,31.08,31.11,4461
20180430,31.11,31.11,30.85,30.85,7418
20180501,30.53,30.65,30.43,30.65,15983
20180502,30.7,30.74,30.56,30.56,5331
20180503,30.29,30.4,30.08,30.4,4926
20180504,30.38,30.99,30.38,30.95,10406
20180507,31.01,31.02,31,31.02,2728
20180508,30.98,31,30.92,30.92,10774
20180509,31.19,31.41,31.14,31.37,6148
20180510,31.51,31.69,31.51,31.69,3072
20180511,31.75,31.8,31.68,31.78,13530
20180514,31.94,31.94,31.78,31.8,19107
20180515,31.6,31.66,31.55,31.63,4586
20180516,31.84,31.91,31.78,31.85,6252
20180517,31.94,32,31.92,31.96,5015
20180518,31.94,31.94,31.87,31.87,3313
20180521,31.82,32.21,31.82,32.14,18240
20180522,32.32,32.32,32.14,32.14,8838
20180523,32.11,32.18,32,32.15,3891
20180524,32.22,32.23,32.03,32.21,6282
20180525,32.14,32.17,32,32.08,9793
20180529,32.04,32.04,32.04,32.04,135
20180530,32.16,32.29,32.15,32.28,1023
20180531,32.23,32.23,32.05,32.06,7707
20180601,32.36,32.47,32.36,32.41,22014
20180604,32.52,32.56,32.48,32.56,7311
20180605,32.6,32.75,32.6,32.74,6615
20180606,32.84,33.11,32.8,33.05,6589
20180607,33.21,33.21,33,33.15,11368
20180608,33.12,33.24,33.12,33.24,3119
20180611,33.34,33.45,33.32,33.45,9349
20180612,33.46,33.53,33.42,33.42,10915
20180613,33.41,33.49,33.31,33.44,8998
20180614,33.4,33.4,33.18,33.3,5734
20180615,33.13,33.26,33.07,33.26,10746
20180618,33.3,33.31,33.2,33.27,6609
20180619,32.9,33.05,32.9,33.05,5849
20180620,33.21,33.39,33.21,33.34,7895
20180621,33.21,33.21,33.08,33.08,6740
20180622,33.22,33.25,33.13,33.13,5289
20180625,32.83,32.83,32.46,32.58,20745
20180626,32.65,32.79,32.58,32.72,95751
20180627,32.98,32.98,32.48,32.53,44508
20180628,32.35,32.7,32.35,32.69,4355
20180629,32.8,32.86,32.57,32.57,10109
20180702,32.48,32.59,32.38,32.59,5017
20180703,32.8,32.82,32.67,32.68,6250
20180705,32.65,32.86,32.59,32.86,3920
20180706,33.01,33.26,33.01,33.21,4401
20180709,33.47,33.56,33.44,33.56,1514
20180710,33.63,33.73,33.54,33.59,4652
20180711,33.53,33.53,33.3,33.3,12583
20180712,33.45,33.46,33.45,33.45,986
20180713,33.57,33.58,33.5,33.5,8113
20180716,33.51,33.51,33.34,33.4,6644
20180717,33.49,33.64,33.49,33.64,3876
20180718,33.63,33.77,33.6,33.77,5330
20180719,33.68,33.77,33.62,33.69,7612
20180720,33.71,33.73,33.66,33.66,6807
20180723,33.59,34.92,33.59,33.76,5670
20180724,34.27,34.27,33.65,33.75,8073
20180725,33.7,33.9,33.61,33.9,33131
20180726,33.95,34,33.88,33.89,6508
20180727,33.72,33.74,33.57,33.61,4945
20180730,33.65,33.65,33.52,33.53,2959
20180731,33.53,33.71,33.53,33.64,25324
20180801,33.58,33.7,33.5,33.62,12482
20180802,33.64,33.76,33.52,33.75,14020
20180803,33.81,33.81,33.69,33.74,14111
20180806,34.1,34.1,33.75,33.85,15804
20180807,34.27,34.27,34.02,34.02,7826
20180808,34.37,34.37,34,34.09,20112
20180809,34.34,34.34,33.99,33.99,50784
20180810,33.78,33.78,33.64,33.73,39710
20180813,33.71,33.79,33.45,33.47,7373
20180814,33.79,33.85,33.79,33.82,1189
20180815,33.5,33.5,33.22,33.36,363391
20180816,33.6,33.77,33.6,33.71,188397
20180817,33.65,33.96,33.61,33.84,37709
20180820,33.96,34.03,33.9,34.02,7265
20180821,34.07,34.31,34.07,34.16,54264
20180822,34.12,34.27,34.12,34.24,25047
20180823,34.46,34.46,34.06,34.1,9722
20180824,34.19,34.28,34.15,34.26,10638
20180827,34.46,34.6,34.46,34.53,7548
20180828,34.9,34.9,34.43,34.47,16581
20180829,34.4,34.7,34.4,34.7,21694
20180830,34.66,34.78,34.59,34.59,4205
20180831,34.6,34.62,34.52,34.62,3660
20180904,34.61,34.61,34.47,34.5,7031
20180905,34.42,34.44,34.22,34.35,9700
20180906,34.29,34.32,34.07,34.2,43532
20180907,34.07,34.24,34.03,34.06,29871
20180910,34.2,34.21,34.14,34.14,21701
20180911,34.04,34.3,34.04,34.27,15890
20180912,34.17,34.29,34.08,34.28,34329
20180913,34.61,34.61,34.3,34.31,24710
20180914,34.4,34.47,34.33,34.42,17000
20180917,34.26,34.26,34.12,34.12,7923
20180918,34.3,34.45,34.3,34.43,508
20180919,34.75,34.75,34.41,34.43,2779
20180920,34.64,34.81,34.59,34.77,41947
20180921,34.86,34.86,34.69,34.69,3149
20180924,34.42,34.55,34.42,34.55,6340
20180925,34.9,34.9,34.52,34.52,19606
20180926,34.54,34.69,34.41,34.41,7192
20180927,34.6,34.61,34.5,34.5,2335
20180928,34.43,34.52,34.37,34.42,9023
20181001,34.65,34.68,34.49,34.49,9260
20181002,34.4,34.46,34.31,34.33,31719
20181003,34.47,34.56,34.41,34.44,25905
20181004,34.28,34.28,33.97,34.14,12985
20181005,34.08,34.08,33.74,33.87,17760
20181008,33.8,33.94,33.68,33.91,6383
20181009,33.88,33.95,33.82,33.84,34005
20181010,34.11,34.11,32.76,32.76,19868
20181011,32.76,32.76,32.19,32.19,35992
20181012,32.55,32.55,32.03,32.42,50497
20181015,32.42,32.58,32.35,32.39,15624
20181016,32.46,33.05,32.46,33.05,28092
20181017,33.13,33.13,32.65,32.93,24341
20181018,32.6,32.85,32.24,32.26,18588
20181019,32.55,32.56,32.14,32.27,12104
20181022,32.21,32.21,32.05,32.14,19777
20181023,31.34,31.91,31.34,31.82,41562
20181024,31.72,31.77,30.63,30.63,9950
20181025,30.89,31.49,30.89,31.35,29757
20181026,30.83,31.18,30.44,30.91,39895
20181029,31.34,31.39,30.23,30.52,10430
20181030,30.96,31.23,30.78,31.2,4365
20181031,31.64,31.71,31.51,31.51,5291
20181101,31.71,31.99,31.71,31.97,46386
20181102,32.17,32.17,31.68,31.87,15387
20181105,31.9,32.1,31.73,32.01,17509
20181106,32.15,32.21,32.08,32.21,1703
20181107,32.43,32.92,32.38,32.85,5088
20181108,32.72,32.81,32.56,32.68,7956
20181109,32.34,32.51,31.99,32.24,17963
20181112,31.89,31.89,31.45,31.45,14944
20181113,31.49,31.64,31.33,31.33,8327
20181114,31.44,31.45,31.01,31.07,7130
20181115,30.93,31.4,30.69,31.34,202512
20181116,31.63,31.63,31.23,31.42,115138
20181119,31.4,31.4,30.74,30.84,68253
20181120,30.41,30.56,30.05,30.24,43626
20181121,30.47,30.63,30.45,30.45,16507
20181123,30.24,30.29,30.23,30.28,3549
20181126,30.61,30.61,30.46,30.6,4780
20181127,30.43,30.58,30.43,30.54,53898
20181128,30.93,31.16,30.59,31.16,9309
20181129,31.22,31.43,31.09,31.38,40090
20181130,31.22,31.43,31.22,31.38,6653
20181203,31.75,31.81,31.65,31.77,8279
20181204,31.49,31.51,30.54,30.54,11059
20181206,30.03,30.39,29.71,30.39,8597
20181207,30.28,30.28,29.58,29.71,23449
20181210,29.69,29.82,29.44,29.82,7025
20181211,30.14,30.14,29.52,29.91,25755
20181212,30.12,30.27,30.04,30.04,11122
20181213,29.85,29.85,29.5,29.63,31697
20181214,29.56,29.56,28.98,28.98,16583
20181217,28.74,29.09,28.3,28.3,26323
20181218,28.73,28.73,28.27,28.43,25365
20181219,28.73,28.9,27.84,27.98,11558
20181220,27.76,27.99,27.23,27.42,19583
20181221,27.52,27.75,26.78,26.89,20701
20181224,26.48,26.67,26.43,26.43,13124
20181226,26.83,27.64,26.65,27.6,35539
20181227,27.37,27.87,26.88,27.87,31395
20181228,27.95,28.28,27.78,27.82,21854
20181231,27.96,28.01,27.74,27.95,74851
20190102,27.68,28.3,27.68,28.17,37580
20190103,27.59,27.96,27.59,27.65,12787
20190104,28.42,28.69,28.42,28.63,6264
20190107,28.78,29.15,28.78,28.97,6188
20190108,29.33,29.39,29.01,29.33,15268
20190109,29.58,29.71,29.38,29.54,3729
20190110,29.27,29.56,29.23,29.56,62357
20190111,29.44,29.57,29.41,29.55,23979
20190114,29.37,29.47,29.31,29.46,40337
20190115,29.47,29.66,29.37,29.57,28729
20190116,29.82,29.82,29.68,29.72,9180
20190117,29.69,30,29.66,30,14224
20190118,30.15,30.46,30.12,30.36,26938
20190122,30.02,30.03,29.66,29.69,23116
20190123,29.98,29.98,29.57,29.73,15975
20190124,29.81,29.93,29.81,29.88,97435
20190125,30.21,30.36,30.21,30.33,67276
20190128,29.97,30.1,29.85,30.02,62526
20190129,30.17,30.17,30.02,30.05,29890
20190130,30.2,30.63,30.09,30.47,14950
20190131,30.55,30.8,30.55,30.69,38602
20190201,30.8,30.87,30.68,30.7,15534
20190204,30.7,30.94,30.7,30.94,18267
20190205,31.15,31.15,30.97,31.12,15153
20190206,31.12,31.15,31.04,31.07,15626
20190207,30.9,30.9,30.44,30.5,8117
20190208,30.59,30.59,30.3,30.54,15921
20190211,30.66,30.72,30.62,30.67,7152
20190212,30.99,31.13,30.99,31.09,4068
20190213,31.28,31.31,31.16,31.22,11647
20190214,31.17,31.34,31.17,31.3,17581
20190215,31.55,31.59,31.5,31.55,4351
20190219,31.65,31.82,31.65,31.71,14109
20190220,31.86,31.91,31.85,31.91,13633
20190221,31.75,31.77,31.6,31.61,3930
20190222,31.7,31.78,31.66,31.78,1973
20190225,32.03,32.07,31.84,31.84,10468
20190226,31.83,31.83,31.7,31.7,9929
20190227,31.7,31.73,31.57,31.69,6914
20190228,31.81,31.81,31.53,31.57,14267
20190301,31.89,31.89,31.69,31.81,3160
20190304,31.92,31.93,31.42,31.63,13260
20190305,31.61,31.72,31.61,31.62,3931
20190306,31.58,31.63,31.38,31.45,10818
20190307,31.12,31.26,31.09,31.16,166455
20190308,30.93,31.04,30.85,31.03,50867
20190311,31.18,31.52,31.18,31.5,10763
20190312,31.58,31.65,31.51,31.51,33989
20190313,31.77,31.86,31.74,31.74,33356
20190314,31.66,31.74,31.65,31.65,9380
20190315,31.73,31.86,31.67,31.7,53923
20190318,31.72,31.91,31.72,31.89,18095
20190319,32.07,32.07,31.75,31.82,24717
20190320,31.65,31.81,31.55,31.7,5281
20190321,31.75,32.05,31.75,32.02,4446
20190322,31.54,31.54,31.39,31.39,1587
20190325,31.18,31.28,31.18,31.28,1260
20190326,31.55,31.55,31.34,31.46,22038
20190327,31.59,31.59,31.36,31.48,23714
20190328,31.56,31.61,31.35,31.57,3358
20190329,31.75,31.75,31.63,31.71,9781
20190401,32.08,32.2,32.07,32.2,6225
20190402,32.17,32.17,32.07,32.14,6298
20190403,32.32,32.33,32.15,32.18,5707
20190404,32.29,32.38,32.27,32.38,8604
20190405,32.51,32.55,32.51,32.53,4531
20190408,32.46,32.52,32.46,32.51,3989
20190409,32.4,32.4,32.27,32.31,13007
20190410,32.29,32.44,32.29,32.42,3491
20190411,32.49,32.52,32.4,32.42,7249
20190412,32.67,32.68,32.49,32.58,4105
20190415,32.47,32.57,32.46,32.56,7829
20190416,32.57,32.62,32.52,32.55,7846
20190417,32.58,32.58,32.49,32.5,2634
20190418,32.61,32.61,32.54,32.57,2330
20190422,32.5,32.58,32.5,32.56,9320
20190423,32.58,32.91,32.58,32.91,1862
20190424,32.94,32.97,32.9,32.9,3767
20190425,32.76,32.84,32.62,32.76,8506
20190426,32.74,32.87,32.74,32.87,2691
20190429,32.98,33.09,32.97,33.07,3046
20190430,32.84,32.92,32.84,32.91,1519
20190501,32.95,32.99,32.83,32.83,2381
20190502,32.53,32.65,32.28,32.44,10821
20190503,32.63,32.87,32.63,32.87,12117
20190506,32.43,32.72,32.39,32.72,5519
20190507,32.37,32.37,32.01,32.03,6257
20190508,32.19,32.31,32.1,32.1,4044
20190509,31.75,32.02,31.74,32.02,1620
20190510,31.54,32.17,31.54,32.05,13071
20190513,31.39,31.39,31.08,31.16,7300
20190514,31.39,31.57,31.39,31.46,10254
20190515,31.27,31.66,31.27,31.66,9285
20190516,31.87,31.95,31.76,31.79,6829
20190517,31.6,31.79,31.6,31.77,4223
20190520,31.33,31.38,31.29,31.29,4162
20190521,31.5,31.6,31.5,31.6,13759
20190522,31.47,31.48,31.3,31.39,11166
20190523,30.85,30.94,30.7,30.84,2530
20190524,31.05,31.05,30.85,30.93,4996
20190528,30.92,30.92,30.78,30.78,443
20190529,30.35,30.42,30.2,30.41,2648
20190530,30.57,30.57,30.3,30.3,148081
20190531,30.08,30.08,29.93,29.93,81118
20190603,29.9,30.05,29.79,29.94,22578
20190604,30.21,30.66,30.2,30.66,10043
20190605,30.69,30.74,30.61,30.74,6973
20190606,30.78,30.87,30.71,30.87,4983
20190607,31.08,31.25,31.08,31.17,4544
20190610,31.61,31.61,31.4,31.4,6477
20190611,31.38,31.45,31.35,31.35,4006
20190612,31.35,31.35,31.24,31.26,2136
20190613,31.41,31.5,31.39,31.5,2344
20190614,31.33,31.37,31.33,31.37,2306
20190617,31.46,31.48,31.45,31.45,8989
20190618,31.67,31.93,31.67,31.82,12630
20190619,31.77,31.81,31.77,31.81,13586
20190620,32.21,32.21,32.04,32.14,2656
20190621,32.08,32.19,32.08,32.11,18612
20190624,32.12,32.16,32.01,32.01,1634
20190625,31.91,31.96,31.87,31.87,1865
20190626,31.81,31.98,31.81,31.9,13565
20190627,32.07,32.09,31.96,32.07,23093
20190628,32.16,32.29,32.16,32.29,6755
20190701,32.53,32.58,32.47,32.48,5747
20190702,32.5,32.5,32.36,32.44,7867
20190703,32.58,32.7,32.58,32.7,26631
20190705,32.48,32.76,32.46,32.73,16153
20190708,32.62,32.62,32.51,32.53,5003
20190709,32.49,32.55,32.45,32.55,52950
20190710,32.66,32.69,32.59,32.67,11067
20190711,32.63,32.74,32.63,32.67,12199
20190712,32.86,32.98,32.85,32.98,6471
20190715,32.88,32.93,32.88,32.91,2647
20190716,32.99,32.99,32.86,32.9,9129
20190717,32.59,32.71,32.57,32.57,11345
20190718,32.55,32.55,32.4,32.51,19541
20190719,32.58,32.64,32.45,32.45,12817
20190722,32.55,32.57,32.42,32.46,9507
20190723,32.58,32.69,32.56,32.68,5058
20190724,32.7,32.9,32.7,32.89,3433
20190725,32.88,32.88,32.63,32.65,24093
20190726,32.79,32.97,32.79,32.94,9445
20190729,32.9,32.9,32.77,32.8,20171
20190730,32.63,32.9,32.63,32.89,12486
20190731,32.88,32.97,32.57,32.57,6341
20190801,32.64,32.86,32.11,32.17,6033
20190802,31.89,31.94,31.61,31.71,7243
20190805,31.12,31.12,30.68,30.81,10561
20190806,30.97,31.14,30.77,31.12,13715
20190807,30.7,31.06,30.7,31.06,27675
20190808,31.27,31.6,31.27,31.59,11332
20190809,31.52,31.52,31.22,31.3,8146
20190812,31.01,31.02,30.78,30.82,15120
20190813,30.81,31.62,30.81,31.34,32837
20190814,30.75,30.77,30.32,30.41,17819
20190815,30.24,30.36,30.24,30.27,10274
20190816,30.51,30.82,30.5,30.81,23444
20190819,31.22,31.3,31.16,31.22,18646
20190820,31.04,31.12,31.04,31.07,2715
20190821,31.22,31.27,31.15,31.22,37473
20190822,31.34,31.38,31.08,31.24,24745
20190823,30.92,31.19,30.39,30.43,14025
20190826,30.43,30.61,30.43,30.51,23278
20190827,30.55,30.55,30.42,30.42,1864
20190828,30.5,30.69,30.5,30.65,19187
20190829,30.97,31.22,30.97,31.16,29466
20190830,31.35,31.35,31.1,31.14,23534
20190903,30.97,31.04,30.8,30.92,19781
20190904,31.28,31.36,31.2,31.36,14075
20190905,31.78,31.95,31.78,31.86,5410
20190906,31.89,31.93,31.8,31.9,8192
20190909,31.94,32.07,31.94,32.06,9961
20190910,31.95,32.15,31.95,32.08,18685
20190911,32.34,32.47,32.34,32.44,11563
20190912,32.49,32.64,32.43,32.6,3698
20190913,32.57,32.58,32.53,32.55,2205
20190916,32.45,32.45,32.39,32.41,1227
20190917,32.28,32.39,32.27,32.39,116291
20190918,32.3,32.4,32.18,32.4,133767
20190919,32.46,32.48,32.35,32.36,16072
20190920,32.44,32.46,32.24,32.24,23802
20190923,32.25,32.33,32.16,32.32,4409
20190924,32.32,32.34,31.89,31.92,8016
20190925,31.81,32.21,31.81,32.21,12517
20190926,32.1,32.14,31.95,32.06,9695
20190927,32.13,32.18,31.89,31.89,5517
20190930,31.96,32.1,31.95,32.07,1987
20191001,32.02,32.02,31.59,31.65,5772
20191002,31.27,31.27,30.96,30.99,13295
20191003,30.76,31.2,30.76,31.2,1403
20191004,31.48,31.64,31.47,31.64,2451
20191007,31.51,31.71,31.51,31.59,18481
20191008,31.28,31.28,31.12,31.28,1122
20191009,31.23,31.38,31.23,31.37,4827
20191010,31.52,31.63,31.46,31.51,20011
20191011,32.12,32.19,31.98,32.19,6741
20191014,31.93,31.98,31.89,31.94,20606
20191015,32.07,32.27,32.07,32.27,1858
20191016,32.32,32.33,32.24,32.24,5795
20191017,32.45,32.45,32.31,32.41,18258
20191018,32.38,32.38,32.21,32.25,12813
20191021,32.46,32.46,32.39,32.45,3005
20191022,32.46,32.57,32.45,32.53,4462
20191023,32.46,32.5,32.42,32.47,5300
20191024,32.66,32.66,32.4,32.52,3410
20191025,32.52,32.76,32.52,32.75,4648
20191028,32.94,32.97,32.87,32.91,5813
20191029,32.85,32.95,32.85,32.89,16458
20191030,32.69,32.81,32.65,32.81,13681
20191031,32.76,32.79,32.48,32.51,2255
20191101,32.97,33.02,32.97,33.02,1679
20191104,33.3,33.36,33.3,33.32,7624
20191105,33.46,33.48,33.39,33.41,3936
20191106,33.36,33.36,33.17,33.25,10203
20191107,33.49,33.56,33.35,33.35,11674
20191108,33.32,33.42,33.32,33.35,10844
20191111,33.3,33.4,33.3,33.4,10237
20191112,33.42,33.53,33.33,33.35,3132
20191113,33.27,33.37,33.27,33.29,4840
20191114,33.38,33.38,33.34,33.37,5526
20191115,33.49,33.61,33.49,33.6,1798
20191118,33.55,33.61,33.55,33.61,11739
20191119,33.57,33.58,33.43,33.54,3722
20191120,33.43,33.5,33.29,33.38,15751
20191121,33.45,33.45,33.27,33.37,6839
20191122,33.44,33.45,33.35,33.43,7525
20191125,33.64,33.8,33.64,33.79,5345
20191126,33.8,33.85,33.74,33.79,4775
20191127,33.85,33.93,33.82,33.92,2871
20191129,33.84,33.87,33.81,33.81,1160
20191202,33.58,33.58,33.49,33.49,2956
20191203,33.11,33.2,33.03,33.2,25137
20191204,33.55,33.56,33.52,33.52,2550
20191205,33.54,33.54,33.39,33.43,18281
20191206,33.85,33.92,33.84,33.87,2155
20191209,33.86,33.86,33.74,33.74,1269
20191210,33.69,33.77,33.66,33.66,8525
20191211,33.78,33.81,33.74,33.81,4628
20191212,33.92,34.21,33.92,34.2,12933
20191213,34.15,34.16,34.15,34.16,3555
20191216,34.38,34.47,34.37,34.38,4735
20191217,34.43,34.45,34.41,34.45,12903
20191218,34.45,34.54,34.43,34.52,2300
20191219,34.55,34.63,34.55,34.62,2967
20191220,34.78,34.81,34.77,34.78,6132
20191223,34.8,34.83,34.79,34.83,6662
20191224,34.81,34.81,34.79,34.79,3897
20191226,34.9,34.93,34.87,34.89,4230
20191227,35,35,34.86,34.9,7167
20191230,34.75,34.81,34.74,34.76,10948
20191231,34.78,34.8,34.7,34.78,12377
20200102,34.96,35.06,34.89,35.06,6262
20200103,34.88,34.95,34.84,34.91,1739
20200106,34.6,34.95,34.6,34.93,10658
20200107,34.87,34.91,34.85,34.9,2558
20200108,34.94,35.14,34.84,35.11,4391
20200109,35.11,35.16,35.1,35.16,2657
20200110,35.16,35.22,35.11,35.14,5258
20200113,35.16,35.31,35.16,35.3,7381
20200114,35.29,35.42,35.29,35.3,25246
20200115,35.41,35.43,35.29,35.31,13362
20200116,35.58,35.61,35.55,35.61,8660
20200117,35.7,35.74,35.69,35.73,3159
20200121,35.54,35.62,35.49,35.52,3398
20200122,35.64,35.64,35.5,35.5,3010
20200123,35.57,35.58,35.34,35.58,65549
20200124,35.6,35.6,35.08,35.27,46190
20200127,34.61,34.79,34.61,34.66,1825
20200128,34.86,35.07,34.81,35.07,19562
20200129,35.14,35.17,35.05,35.06,7627
20200130,34.83,34.86,34.72,34.72,1340
20200131,35.05,35.05,34.36,34.36,1352
20200203,34.76,34.76,34.57,34.65,3755
20200204,35.02,35.19,35.02,35.11,10582
20200205,35.39,35.52,35.31,35.52,4384
20200206,35.59,35.64,35.59,35.62,2637
20200207,35.47,35.47,35.35,35.35,6701
20200210,35.48,35.48,35.43,35.48,13823
20200211,35.82,35.91,35.75,35.75,2118
20200212,35.97,36.05,35.96,36.05,4032
20200213,35.99,36.03,35.95,36.02,6798
20200214,35.98,35.98,35.97,35.97,1021
20200218,35.78,35.87,35.73,35.87,1959
20200219,36.02,36.05,36.02,36.03,2613
20200220,36.01,36.08,35.68,35.9,9222
20200221,35.59,35.59,35.4,35.51,1514
20200224,34.64,34.65,34.24,34.59,9831
20200225,34.49,34.49,33.36,33.36,4360
20200226,33.27,33.65,32.98,33.04,7244
20200227,32.34,32.73,31.91,31.91,9513
20200228,30.98,31.09,30.49,31,8403
20200302,31.27,31.97,31.27,31.82,2133
20200303,32.33,32.4,31.83,31.83,2431
20200304,32.43,32.71,32.43,32.71,709
20200305,32.01,32.01,31.35,31.35,4154
20200306,30.7,31.08,30.47,31.06,6897
20200309,29.25,29.34,28.46,28.52,91248
20200310,29.52,29.8,28.36,29.68,63070
20200311,28.49,28.53,28.12,28.32,15431
20200312,26.28,26.84,25.5,25.66,16893
20200313,26.39,27.24,25.43,27.24,7147
20200316,27.24,27.24,24.44,24.44,15419
20200317,24.03,25.41,23.86,24.9,18972
20200318,24.4,24.4,22.77,23.27,2794
20200319,23.42,24.43,23.17,24.37,14846
20200320,24.82,24.82,23.39,23.47,7402
20200323,23,23.12,22.03,22.95,24106
20200324,24.28,24.71,24.14,24.69,17863
20200325,24.95,26,24.7,25.14,8698
20200326,25.74,26.55,25.74,26.2,20803
20200327,25.53,26.26,25.38,25.67,28464
20200330,26.15,26.4,26.14,26.32,6597
20200331,26.31,26.53,25.8,25.8,7266
20200401,25.19,25.21,24.78,24.89,3369
20200402,24.98,25.36,24.55,24.78,3185
20200403,24.83,25.06,24.41,24.63,25676
20200406,25.98,26.32,25.95,26.32,7218
20200407,27.17,27.38,26.69,26.69,11173
20200408,26.94,27.76,26.94,27.76,7351
20200409,28.33,28.53,27.97,28.22,6242
20200413,27.93,28,27.62,27.66,5688
20200414,28.7,28.71,28.41,28.64,635827
20200415,27.89,28.12,27.47,28.11,286534
20200416,28.11,28.11,27.72,28.03,44686
20200417,28.78,28.81,28.54,28.68,14534
20200420,28.66,28.66,27.78,27.94,65322
20200421,27.64,27.81,27.26,27.41,15478
20200422,27.87,27.99,27.68,27.88,6329
20200423,28.33,28.33,27.95,28.04,4447
20200424,28.02,28.41,28.02,28.33,7555
20200427,28.79,29.02,28.71,29.02,4862
20200428,29.55,29.55,28.93,29.06,4363
20200429,29.78,30.23,29.68,30.12,10943
20200430,29.51,29.51,29.45,29.45,3276
20200501,28.92,28.92,28.54,28.61,7199
20200504,28.28,28.73,28.28,28.73,2358
20200505,29.09,29.25,29.09,29.23,2436
20200506,28.89,29.02,28.8,29.02,4022
20200507,29.18,29.27,29.09,29.11,3140
20200508,29.67,29.76,29.67,29.76,1398
20200511,29.54,29.86,29.53,29.84,4884
20200512,29.59,29.61,29.59,29.61,2010
20200513,28.76,28.76,28.14,28.27,5951
20200514,28.04,28.59,27.99,28.59,5333
20200515,28.55,28.81,28.47,28.81,3315
20200518,29.72,30.1,29.72,30.1,3831
20200519,30.04,30.18,29.88,29.88,8580
20200520,30.25,30.3,30.13,30.13,3714
20200521,29.99,30.04,29.98,30.04,6235
20200522,29.95,30.05,29.95,29.95,17015
20200526,30.93,30.93,30.6,30.6,2304
20200527,30.64,31.18,30.6,31.18,11416
20200528,31.62,31.62,31.23,31.34,69905
20200529,30.82,31.06,30.61,31.06,11162
20200601,30.97,31.21,30.97,31.15,6314
20200602,31.21,31.35,31.21,31.33,1832
20200603,31.86,32.04,31.86,32.04,3944
20200604,31.94,32.01,31.86,31.91,14346
20200605,32.85,32.96,32.56,32.78,29681
20200608,32.97,33.13,32.91,33.13,8714
20200609,32.76,33.07,32.76,32.92,6417
20200610,32.68,32.99,32.51,32.75,30275
20200611,31.46,31.81,30.68,30.74,59105
20200612,31.49,31.49,30.56,31.19,42743
20200615,30.82,31.67,30.74,31.51,29702
20200616,32.37,32.41,31.66,32.1,36690
20200617,32.1,32.12,31.81,31.88,18905
20200618,31.87,31.97,31.7,31.78,17751
20200619,32.19,32.19,31.61,31.74,22206
20200622,31.52,31.93,31.52,31.89,11083
20200623,32.24,32.24,32.04,32.04,12753
20200624,31.51,31.58,31.04,31.21,28697
20200625,31.14,31.5,31.01,31.5,22018
20200626,31.07,31.08,30.8,30.8,18350
20200629,30.88,31.42,30.88,31.26,19443
20200630,31.56,31.99,31.56,31.89,8612
20200701,32.02,32.07,31.82,31.96,19683
20200702,32.01,32.47,32.01,32.01,16058
20200706,32.58,32.58,32.37,32.39,16694
20200707,32.37,32.48,32.25,32.28,9825
20200708,32.13,32.36,32.02,32.3,16760
20200709,32,32.23,31.78,32.13,22813
20200710,32.19,32.47,32.01,32.46,21076
20200713,32.63,32.9,31.97,32.04,23032
20200714,31.91,32.41,31.73,32.37,32540
20200715,32.85,32.99,32.59,32.89,28578
20200716,32.63,32.74,32.56,32.74,11516
20200717,32.77,32.86,32.6,32.79,25077
20200720,32.73,33.09,32.71,33.09,10967
20200721,33.27,33.28,33.06,33.09,13487
20200722,33.2,33.34,33.11,33.29,11793
20200723,33.28,33.44,32.81,32.96,38648
20200724,32.68,32.83,32.59,32.59,14314
20200727,33.03,33.03,32.83,32.95,2506
20200728,32.93,33.12,32.92,33.02,10838
20200729,33.05,33.34,33.05,33.34,3590
20200730,33.11,33.27,32.94,33.25,9352
20200731,33.37,33.37,33.04,33.2,10372
20200803,33.59,33.73,33.59,33.73,238
20200804,33.85,33.98,33.74,33.98,5587
20200805,34.06,34.09,34.03,34.09,1799
20200806,34.08,34.26,34.04,34.26,3943
20200807,34.25,34.35,34.21,34.35,1979
20200810,34.41,34.48,34.29,34.41,4384
20200811,34.4,34.55,34.1,34.1,5014
20200812,34.48,34.53,34.48,34.52,1874
20200813,34.59,34.61,34.32,34.34,16854
20200814,34.46,34.46,34.28,34.31,7124
20200817,34.61,34.61,34.61,34.61,30
20200818,34.54,34.64,34.54,34.64,2619
20200819,34.69,34.75,34.51,34.52,54911
20200820,34.46,34.65,34.46,34.65,10027
20200821,34.64,34.69,34.61,34.69,634
20200824,34.87,34.88,34.77,34.88,2210
20200825,34.96,35.03,34.96,35.02,2325
20200826,34.96,35.32,34.96,35.25,1944
20200827,35.19,35.35,35.19,35.34,2108
20200828,35.31,35.33,35.24,35.33,2477
20200831,35.45,35.49,35.41,35.49,796
20200901,35.61,35.62,35.37,35.62,4594
20200902,35.77,36.24,35.77,36.24,583
20200903,35.88,35.88,34.69,34.69,3789
20200904,34.97,35.1,33.75,34.65,8728
20200908,33.89,33.99,33.53,33.6,5529
20200909,34.15,34.31,34.11,34.25,4536
20200910,34.48,34.48,33.67,33.71,5320
20200911,33.89,34.02,33.5,33.68,10148
20200914,34.15,34.34,34.15,34.28,5013
20200915,34.58,34.59,34.54,34.54,1215
20200916,34.56,34.59,34.35,34.35,4027
20200917,33.62,34.12,33.62,33.96,2914
20200918,33.9,33.9,33.56,33.74,10490
20200921,33.12,33.37,32.95,33.37,5827
20200922,33.55,33.85,33.39,33.85,7421
20200923,33.62,33.68,32.94,32.94,7725
20200924,33.12,33.29,32.85,33.29,3577
20200925,33.07,33.65,32.98,33.65,8587
20200928,34.11,34.17,34.11,34.17,292
20200929,34.34,34.34,34.13,34.19,2125
20200930,34.52,34.68,34.22,34.42,9678
20201001,34.72,34.79,34.6,34.79,6884
20201002,34.58,34.72,34.58,34.72,5587
20201005,35.01,35.34,34.98,35.32,3986
20201006,35.42,35.63,34.85,34.85,8642
20201007,35.39,35.63,35.39,35.6,7827
20201008,35.96,35.96,35.73,35.84,6991
20201009,35.98,36.23,35.98,36.19,9287
20201012,36.4,36.78,36.38,36.65,14476
20201013,36.64,36.69,36.57,36.61,3209
20201014,36.61,36.61,36.37,36.37,5703
20201015,36.07,36.32,36.07,36.32,3791
20201016,36.44,36.44,36.43,36.43,1400
20201019,36.37,36.37,35.89,35.89,1212
20201020,36.11,36.18,35.78,35.85,2570
20201021,35.72,35.72,35.66,35.66,1475
20201022,35.65,35.71,35.65,35.69,2167
20201023,35.74,35.75,35.66,35.75,1102
20201026,35.21,35.21,35.02,35.19,709
20201027,35.14,35.16,35.08,35.08,11114
20201028,34.17,34.23,33.96,34.06,4485
20201029,33.79,34.34,33.79,34.24,4194
20201030,33.89,33.89,33.37,33.63,9410
20201102,34.22,34.22,33.75,33.96,4602
20201103,34.75,34.79,34.55,34.75,1961
20201104,34.98,35.66,34.98,35.39,5270
20201105,36.07,36.13,36.07,36.13,1872
20201106,36.02,36.09,36.02,36.07,2467
20201109,37.3,37.3,36.08,36.08,22962
20201110,36.12,36.15,35.81,36.05,2723
20201111,36.32,36.53,36.31,36.53,2884
20201112,36.65,36.65,35.89,35.96,4488
20201113,36.44,36.65,36.37,36.65,3442
20201116,36.85,36.92,36.74,36.83,2493
20201117,36.73,36.97,36.73,36.84,5770
20201118,36.89,36.9,36.73,36.77,10563
20201119,36.57,36.69,36.4,36.69,2122
20201120,36.62,36.62,36.48,36.48,1348
20201123,36.54,36.71,36.54,36.69,1433
20201124,36.94,37.21,36.94,37.2,803
20201125,37.08,37.16,36.99,37.16,4022
20201127,37.27,37.29,37.27,37.29,362
20201130,36.93,37.17,36.87,37.04,2030
20201201,37.48,37.53,37.39,37.52,1208
20201202,37.26,37.3,37.21,37.3,4940
20201203,37.33,37.48,37.33,37.36,18497
20201204,37.48,37.72,37.48,37.72,12183
20201207,37.48,37.79,37.48,37.73,1541
20201208,37.72,37.95,37.69,37.95,7348
20201209,37.99,38.13,37.56,37.56,2118
20201210,37.63,37.63,37.49,37.58,5570
20201211,37.52,37.54,37.37,37.54,742
20201214,38.03,38.03,37.93,37.93,7398
20201215,38.05,38.35,38.05,38.35,1962
20201216,38.47,38.47,38.4,38.47,1794
20201217,38.5,38.66,38.5,38.64,10341
20201218,38.63,38.63,38.47,38.52,6491
20201221,37.92,38.48,37.88,38.38,7993
20201222,38.59,38.62,38.47,38.56,5241
20201223,38.7,38.77,38.66,38.73,2288
20201224,38.82,38.82,38.64,38.66,1445
20201228,38.91,38.98,38.91,38.98,737
20201229,38.77,38.81,38.72,38.77,3536
20201230,38.94,39.17,38.88,38.89,4407
20201231,38.9,38.93,38.9,38.93,437
20210104,37.99,38.32,37.99,38.31,1061
20210105,38.5,38.72,38.5,38.72,737
20210106,38.53,39.39,38.51,39.07,2774
20210107,39.52,39.6,39.47,39.6,4536
20210108,39.64,39.64,39.64,39.64,30
20210111,39.66,39.74,39.55,39.56,6370
20210112,39.66,39.66,39.39,39.63,3385
20210113,39.77,39.77,39.76,39.76,434
20210114,39.82,39.83,39.67,39.67,2275
20210115,39.24,39.37,39.24,39.36,1926
20210119,39.48,39.64,39.48,39.6,3363
20210120,39.99,39.99,39.99,39.99,409
20210121,39.95,40.2,39.95,40.14,18659
20210122,40.02,40.13,40.02,40.13,4396
20210125,40.31,40.31,39.82,40.11,5153
20210126,40.31,40.31,40.01,40.1,12289
20210127,39.42,39.74,39.04,39.25,7205
20210128,39.53,39.75,39.37,39.44,21214
20210129,39.5,39.5,38.39,38.88,19867
20210201,38.84,39.3,38.81,39.28,8877
20210202,39.67,39.89,39.63,39.78,7901
20210203,39.53,39.79,39.53,39.75,11861
20210204,39.82,40.08,39.82,40.08,8194
20210205,40.25,40.45,40.17,40.32,10663
20210208,40.58,40.66,40.47,40.66,6328
20210209,40.83,40.93,40.83,40.93,654
20210210,41.13,41.23,40.72,40.97,9322
20210211,41.2,41.2,40.78,41.05,8484
20210212,40.98,41.32,40.98,41.32,1239
20210216,41.35,41.37,40.97,41.02,5829
20210217,40.81,40.82,40.55,40.82,4361
20210218,40.27,40.53,40.27,40.5,5998
20210219,40.54,40.74,40.47,40.49,17718
20210222,40.2,40.26,40.05,40.11,4590
20210223,39.48,40.21,39.39,40.21,15995
20210224,39.91,40.54,39.76,40.48,15012
20210225,40.2,40.27,39.28,39.49,15980
20210226,39.3,39.7,38.97,39.53,163707
20210301,39.86,40.44,39.86,40.29,43282
20210302,40.18,40.26,39.84,39.84,52559
20210303,39.42,39.75,39.24,39.24,17404
20210304,38.86,39.31,38.1,38.5,32986
20210305,38.68,39.33,38.19,39.3,56430
20210308,39.33,39.78,39.25,39.31,13501
20210309,39.94,40.09,39.87,39.87,8930
20210310,40.12,40.32,40.06,40.13,17415
20210311,40.52,40.71,40.51,40.66,9561
20210312,40.39,40.61,40.35,40.6,14937
20210315,40.58,40.75,40.52,40.73,2434
20210316,40.92,40.97,40.69,40.79,7916
20210317,40.76,40.86,40.71,40.84,2312
20210318,40.52,40.79,40.22,40.22,8290
20210319,40.05,40.46,40.03,40.4,8897
20210322,40.39,40.65,40.37,40.55,4598
20210323,40.37,40.39,40.07,40.12,7098
20210324,40.21,40.32,39.99,39.99,2045
20210325,39.54,40.15,39.52,40.15,8198
20210326,40.55,40.92,40.47,40.92,5246
20210329,40.71,40.73,40.5,40.73,3152
20210330,40.52,40.57,40.52,40.57,480
20210331,40.73,41.02,40.73,40.93,4147
20210401,40.95,41.35,40.95,41.35,8720
20210405,41.76,41.85,41.74,41.85,3463
20210406,41.95,42.02,41.91,41.91,1781
20210407,41.82,41.82,41.71,41.76,6519
20210408,41.95,42.01,41.95,42.01,880
20210409,42.08,42.15,42.08,42.15,2449
20210412,42.25,42.34,42.23,42.34,2752
20210413,42.41,42.41,42.41,42.41,30
20210414,42.45,42.51,42.25,42.25,2271
20210415,42.74,42.76,42.73,42.74,3255
20210416,42.99,42.99,42.98,42.98,332
20210419,42.59,42.59,42.59,42.59,131
20210420,42.39,42.48,42.39,42.43,2547
20210421,42.85,42.85,42.83,42.85,1026
20210422,42.92,43.03,42.46,42.59,24360
20210423,42.81,42.99,42.77,42.98,7870
20210426,43.09,43.09,43.07,43.07,969
20210427,43.13,43.13,43.08,43.09,1494
20210428,43.03,43.08,42.97,43.08,1730
20210429,43.07,43.25,43.07,43.25,1734
20210430,42.92,42.98,42.83,42.83,4124
20210503,42.99,42.99,42.99,42.99,30
20210504,42.66,42.66,42.48,42.48,710
20210505,42.69,42.74,42.66,42.66,5935
20210506,42.32,42.42,42.25,42.42,2960
20210507,42.89,43.28,42.89,43.28,1307
20210510,43.22,43.22,42.85,42.85,3207
20210511,42.13,42.41,42.06,42.34,4283
20210512,41.99,41.99,41.4,41.42,5773
20210513,41.83,42.04,41.64,41.64,2332
20210514,42.33,42.6,42.33,42.6,1891
20210517,42.49,42.56,42.49,42.56,232
20210518,42.6,42.6,42.54,42.54,478
20210519,41.81,42.11,41.76,42.11,2869
20210520,42.57,42.59,42.57,42.59,534
20210521,42.91,42.91,42.67,42.67,1139
20210524,42.88,42.89,42.86,42.87,3960
20210525,42.92,42.92,42.85,42.85,961
20210526,42.94,42.94,42.94,42.94,1686
20210527,43.1,43.1,43.1,43.1,332
20210528,43.18,43.18,43.13,43.16,3556
20210601,43.16,43.16,43.16,43.16,30
20210602,43.22,43.22,43.1,43.1,251
20210603,42.86,43.05,42.86,42.97,1743
20210604,43.27,43.34,43.25,43.34,9653
20210607,43.39,43.39,43.39,43.39,1576
20210608,43.51,43.73,43.5,43.73,985
20210609,43.72,43.72,43.56,43.56,6376
20210610,43.81,43.81,43.6,43.8,1168
20210611,43.72,43.76,43.71,43.76,856
20210614,43.9,43.9,43.9,43.9,30
20210615,43.79,43.8,43.73,43.73,1682
20210616,43.42,43.51,43.42,43.49,634
20210617,43.61,43.61,43.53,43.53,621
20210618,43.16,43.23,43.16,43.22,587
20210621,43.65,43.65,43.61,43.61,1645
20210622,43.84,43.84,43.84,43.84,30
20210623,43.83,43.83,43.83,43.83,231
20210624,44,44.02,44,44,332
20210625,44.15,44.15,44.15,44.15,216
20210628,44.2,44.22,44.2,44.22,2169
20210629,44.39,44.39,44.39,44.39,30
20210630,44.35,44.35,44.27,44.29,915
20210701,44.34,44.47,44.22,44.47,3411
20210702,44.67,44.79,44.67,44.79,333
20210706,44.52,44.67,44.52,44.62,946
20210707,44.94,44.96,44.88,44.88,562
20210708,44.51,44.51,44.51,44.51,30
20210709,44.91,44.98,44.91,44.92,1076
20210712,45.06,45.14,45.06,45.14,556
20210713,45.08,45.17,44.83,44.83,4461
20210714,44.85,44.85,44.85,44.85,30
20210715,44.66,44.66,44.5,44.5,1256
20210716,44.53,44.64,44.53,44.58,875
20210719,43.61,43.69,43.54,43.67,2973
20210720,44.27,44.54,44.27,44.54,961
20210721,44.85,44.91,44.73,44.88,3157
20210722,44.86,44.95,44.86,44.91,545
20210723,45.3,45.3,45.3,45.3,202
20210726,45.22,45.26,45.22,45.26,680
20210727,45.04,45.04,45.04,45.04,30
20210728,45.08,45.09,45.06,45.07,651
20210729,45.37,45.37,45.37,45.37,30
20210730,45.25,45.4,45.2,45.27,1481
20210802,45.45,45.45,45.45,45.45,332
20210803,45.42,45.42,45.42,45.42,2212
20210804,45.35,45.39,45.35,45.39,768
20210805,45.69,45.69,45.69,45.69,30
20210806,45.59,45.59,45.54,45.55,634
20210809,45.61,45.61,45.61,45.61,1032
20210810,45.53,45.57,45.53,45.57,1825
20210811,45.7,45.7,45.41,45.45,803
20210812,45.6,45.6,45.6,45.6,30
20210813,45.59,45.59,45.59,45.59,30
20210816,45.68,45.68,45.68,45.68,332
20210817,45.44,45.46,45.32,45.32,2566
20210818,45.48,45.48,45.35,45.35,939
20210819,44.97,45.07,44.93,44.98,1703
20210820,45.37,45.47,45.36,45.41,5038
20210823,45.81,45.82,45.79,45.8,1840
20210824,45.78,45.82,45.76,45.76,220492
20210825,45.81,45.9,45.81,45.89,26978
20210826,45.86,45.86,45.74,45.79,1827
20210827,45.78,46.15,45.78,46.15,1339
20210830,46.4,46.42,46.4,46.42,433
20210831,46.26,46.29,46.26,46.28,734
20210901,46.35,46.49,46.35,46.49,811
20210902,46.52,46.57,46.52,46.57,232
20210903,46.48,46.48,46.48,46.48,30
20210907,46.21,46.21,46.17,46.17,711
20210908,45.87,45.97,45.87,45.97,245
20210909,46.03,46.1,45.74,45.74,4941
20210910,45.69,45.77,45.59,45.74,6721
20210913,45.31,45.31,45.31,45.31,142
20210914,45.21,45.21,45.04,45.05,2206
20210915,45.21,45.21,45.21,45.21,1036
20210916,45.38,45.38,45.38,45.38,30
20210917,45.04,45.04,44.97,44.97,1137
20210920,44.43,44.43,43.74,43.74,3050
20210921,44.58,44.58,44.35,44.41,1862
20210922,44.47,44.82,44.47,44.82,1976
20210923,45.11,45.11,45.11,45.11,533
20210924,45.04,45.19,45.04,45.15,2324
20210927,45.09,45.09,45.09,45.09,131
20210928,44.26,44.26,44.26,44.26,131
20210929,44.57,44.57,44.36,44.36,2243
20210930,44.57,44.62,44,44.08,8074
20211001,44.38,44.38,44.38,44.38,30
20211004,43.94,43.94,43.53,43.64,2346
20211005,44.09,44.09,44.09,44.09,30
20211006,43.6,44.01,43.6,44.01,3048
20211007,44.95,44.95,44.95,44.95,143
20211008,44.71,44.71,44.49,44.49,5447
20211011,44.7,44.7,44.28,44.28,4857
20211012,44.35,44.35,44.31,44.31,232
20211013,44.23,44.54,44.21,44.46,1941
20211014,45.05,45.16,45.05,45.16,6002
20211015,45.56,45.56,45.56,45.56,131
20211018,45.21,45.66,45.21,45.66,937
20211019,45.83,45.98,45.83,45.98,3002
20211020,46.18,46.19,46.13,46.19,2042
20211021,45.82,46.2,45.82,46.2,27261
20211022,46.41,46.43,46.31,46.31,1107
20211025,46.44,46.44,46.44,46.44,30
20211026,46.43,46.43,46.37,46.37,674
20211027,46.63,46.63,46.28,46.29,1521
20211028,46.48,46.48,46.45,46.45,385
20211029,46.67,46.67,46.67,46.67,30
20211101,46.6,46.7,46.6,46.7,691
20211102,46.85,46.85,46.85,46.85,30
20211103,47.33,47.33,47.33,47.33,30
20211104,47.47,47.47,47.46,47.46,269
20211105,47.77,47.77,47.45,47.53,1525
20211108,47.74,47.74,47.74,47.74,131
20211109,47.57,47.57,47.57,47.57,332
20211110,47.25,47.27,47.04,47.04,6915
20211111,47.27,47.29,47.22,47.29,1769
20211112,47.68,47.68,47.68,47.68,30
20211115,47.66,47.66,47.66,47.66,30
20211116,47.85,47.88,47.85,47.88,1018
20211117,47.62,47.62,47.59,47.59,1333
20211118,47.77,47.77,47.6,47.6,1636
20211119,47.67,47.67,47.67,47.67,331
20211122,47.54,47.62,47.54,47.62,302
20211123,47.07,47.07,46.89,46.89,230
20211124,47.26,47.27,47.26,47.27,1474
20211126,46.59,46.59,46.22,46.34,2063
20211129,46.67,46.76,46.67,46.76,431
20211130,46.65,46.65,45.81,45.81,8215
20211201,46.35,46.45,45.67,45.67,682
20211202,45.74,45.96,45.74,45.96,431
20211203,46.03,46.12,45.36,45.65,18724
20211206,45.63,46.08,45.63,46.08,163015
20211207,46.7,46.77,46.66,46.77,933
20211208,46.72,46.83,46.72,46.83,1244
20211209,46.74,46.74,46.74,46.74,331
20211210,46.69,46.71,46.69,46.71,431
20211213,46.53,46.53,46.53,46.53,632
20211214,46.29,46.29,46.25,46.25,1503
20211215,46.13,46.13,46.11,46.11,431
20211216,47.02,47.21,46.61,46.61,3464
20211217,46.1,46.65,46.03,46.57,2437
20211220,45.67,45.67,45.63,45.63,531
20211221,46.24,46.6,46.19,46.6,5876
20211222,47.07,47.07,47,47.02,731
20211223,47.32,47.32,47.26,47.26,565
20211227,47.66,47.85,47.66,47.85,466
20211228,47.85,47.87,47.72,47.87,832
20211229,47.88,47.92,47.87,47.92,915
20211230,47.97,47.98,47.97,47.98,230
20211231,47.73,47.74,47.73,47.74,842
20220103,47.98,47.98,47.98,47.98,30
20220104,48.32,48.33,48.2,48.25,2437
20220105,48.23,48.23,47.62,47.62,2241
20220106,47.63,47.72,47.58,47.63,3124
20220107,47.45,47.54,47.42,47.48,907
20220110,47.12,47.26,46.84,47.26,3292
20220111,47.1,47.66,46.81,47.61,4900
20220112,47.91,47.91,47.5,47.65,1544
20220113,47.84,47.84,47.32,47.32,1123
20220114,47.42,47.46,47.13,47.32,3142
20220118,46.92,46.92,46.68,46.68,2727
20220119,46.4,46.4,46.4,46.4,130
20220120,46.38,46.56,45.38,45.38,6144
20220121,45.26,45.65,44.89,44.89,9991
20220124,43.96,45.05,43.38,45.05,243244
20220125,43.98,45.19,43.84,44.68,12766
20220126,45.19,45.55,44.14,44.66,22094
20220127,45.11,45.35,44.16,44.26,17714
20220128,44.03,45.11,44.03,45.11,13136
20220131,45.27,45.83,45.27,45.83,8158
20220201,45.93,46.17,45.84,46.14,4503
20220202,46.55,46.65,46.36,46.64,7330
20220203,46.48,46.48,46.14,46.14,1230
20220204,45.96,46.32,45.57,46.18,9095
20220207,46.09,46.18,45.92,46.11,3741
20220208,45.9,46.45,45.9,46.45,4459
20220209,46.83,46.91,46.83,46.91,1132
20220210,46.92,46.92,45.89,46.09,24034
20220211,45.86,46.33,45.33,45.54,17226
20220214,45.3,45.4,44.95,45.22,14453
20220215,45.63,45.93,45.63,45.92,6268
20220216,45.84,46.14,45.77,46.09,3831
20220217,45.53,45.62,45.45,45.62,2530
20220218,45.31,45.31,44.89,45,5830
