Date,Open,High,Low,Close,Volume
20100104,26.59,26.59,26.52,26.56,65445
20100105,26.53,26.57,26.53,26.56,75122
20100106,26.45,26.58,26.45,26.58,60626
20100107,26.6,26.6,26.47,26.58,62677
20100108,26.58,26.61,26.54,26.58,83729
20100111,26.66,26.66,26.6,26.64,58148
20100112,26.61,26.63,26.61,26.63,15590
20100113,26.58,26.61,26.57,26.58,126098
20100114,26.62,26.62,26.56,26.58,21609
20100115,26.62,26.63,26.58,26.6,26850
20100119,26.69,26.69,26.61,26.62,40355
20100120,26.63,26.63,26.54,26.6,51006
20100121,26.63,26.64,26.6,26.64,11740
20100122,26.66,26.66,26.65,26.66,21070
20100125,26.66,26.67,26.64,26.66,223713
20100126,26.66,26.66,26.62,26.65,9163
20100127,26.65,26.65,26.61,26.62,17783
20100128,26.57,26.6,26.49,26.56,70124
20100129,26.52,26.59,26.52,26.59,17310
20100201,26.63,26.63,26.57,26.63,12326
20100202,26.63,26.64,26.57,26.63,203171
20100203,26.63,26.64,26.57,26.63,193579
20100204,26.68,26.68,26.64,26.64,28013
20100205,26.69,26.69,26.64,26.66,23431
20100208,26.66,26.66,26.6,26.63,23592
20100209,26.66,26.66,26.59,26.61,38607
20100210,26.65,26.65,26.59,26.61,19857
20100211,26.6,26.62,26.58,26.62,65664
20100212,26.63,26.65,26.59,26.6,58650
20100216,26.65,26.65,26.59,26.62,21422
20100217,26.63,26.63,26.59,26.61,157284
20100218,26.62,26.62,26.58,26.6,23719
20100219,26.6,26.6,26.53,26.57,17234
20100222,26.62,26.63,26.56,26.61,29511
20100223,26.61,26.67,26.61,26.65,141734
20100224,26.63,26.64,26.62,26.64,46254
20100225,26.65,26.65,26.63,26.65,11852
20100226,26.66,26.66,26.63,26.64,29743
20100301,26.72,26.73,26.7,26.71,53526
20100302,26.74,26.74,26.68,26.69,52039
20100303,26.68,26.68,26.67,26.67,21185
20100304,26.67,26.67,26.63,26.65,7113
20100305,26.63,26.65,26.63,26.65,19194
20100308,26.64,26.66,26.6,26.66,25944
20100309,26.66,26.68,26.65,26.68,10700
20100310,26.67,26.7,26.66,26.68,1007106
20100311,26.68,26.68,26.65,26.68,12214
20100312,26.67,26.67,26.63,26.63,50318
20100315,26.62,26.68,26.62,26.68,45855
20100316,26.67,26.68,26.63,26.68,41909
20100317,26.65,26.69,26.65,26.69,59877
20100318,26.7,26.7,26.64,26.68,35808
20100319,26.7,26.7,26.66,26.68,39189
20100322,26.69,26.69,26.65,26.65,27088
20100323,26.68,26.68,26.64,26.68,25321
20100324,26.68,26.68,26.62,26.64,55609
20100325,26.62,26.65,26.61,26.61,44278
20100326,26.61,26.67,26.61,26.66,112681
20100329,26.66,26.67,26.63,26.65,85996
20100330,26.69,26.69,26.63,26.64,92345
20100331,26.68,26.69,26.65,26.68,26615
20100401,26.73,26.73,26.69,26.7,166371
20100405,26.67,26.67,26.62,26.62,34559
20100406,26.68,26.68,26.62,26.66,58311
20100407,26.66,26.69,26.65,26.67,35352
20100408,26.68,26.71,26.66,26.66,55500
20100409,26.68,26.69,26.65,26.69,121436
20100412,26.68,26.72,26.66,26.72,41443
20100413,26.72,26.73,26.69,26.73,18333
20100414,26.74,26.74,26.69,26.74,119284
20100415,26.74,26.76,26.7,26.71,34486
20100416,26.75,26.78,26.72,26.78,32767
20100419,26.8,26.81,26.74,26.76,16612
20100420,26.77,26.77,26.72,26.74,40214
20100421,26.77,26.77,26.73,26.75,65990
20100422,26.76,26.77,26.71,26.74,73815
20100423,26.72,26.74,26.69,26.73,30704
20100426,26.75,26.75,26.69,26.71,99462
20100427,26.73,26.74,26.73,26.74,57854
20100428,26.74,26.76,26.71,26.75,336003
20100429,26.76,26.76,26.73,26.75,132980
20100430,26.78,26.78,26.72,26.75,196894
20100503,26.78,26.78,26.75,26.75,45858
20100504,26.78,26.78,26.72,26.73,78037
20100505,26.78,26.78,26.7,26.72,90455
20100506,26.74,26.88,26.68,26.72,106211
20100507,26.7,26.75,26.67,26.67,71514
20100510,26.7,26.74,26.67,26.73,220069
20100511,26.74,26.74,26.69,26.72,98422
20100512,26.74,26.74,26.66,26.7,192522
20100513,26.7,26.7,26.67,26.7,33068
20100514,26.71,26.72,26.68,26.69,75735
20100517,26.74,26.74,26.68,26.72,16800
20100518,26.75,26.75,26.69,26.75,22360
20100519,26.75,26.75,26.71,26.72,1166237
20100520,26.7,26.74,26.69,26.7,74948
20100521,26.73,26.73,26.67,26.7,26638
20100524,26.68,26.69,26.65,26.67,108627
20100525,26.65,26.72,26.64,26.68,68148
20100526,26.68,26.69,26.63,26.64,41451
20100527,26.71,26.71,26.6,26.65,45296
20100528,26.7,26.71,26.64,26.65,13943
20100601,26.73,26.74,26.68,26.73,17506
20100602,26.65,26.7,26.63,26.63,54745
20100603,26.71,26.71,26.63,26.64,24073
20100604,26.7,26.72,26.63,26.7,8026
20100607,26.66,26.75,26.66,26.75,7550
20100608,26.75,26.75,26.67,26.67,29043
20100609,26.72,26.72,26.66,26.7,17398
20100610,26.71,26.71,26.63,26.66,37803
20100611,26.65,26.65,26.61,26.63,151608
20100614,26.61,26.66,26.6,26.63,22673
20100615,26.7,26.7,26.63,26.7,255640
20100616,26.71,26.71,26.67,26.7,7643
20100617,26.69,26.72,26.65,26.7,28767
20100618,26.71,26.75,26.71,26.72,43527
20100621,26.74,26.74,26.67,26.67,62222
20100622,26.69,26.75,26.67,26.71,433888
20100623,26.77,26.77,26.69,26.7,196572
20100624,26.72,26.75,26.69,26.74,29295
20100625,26.74,26.75,26.7,26.75,33741
20100628,26.79,26.79,26.73,26.77,26681
20100629,26.79,26.81,26.75,26.78,15446
20100630,26.8,26.8,26.75,26.76,35085
20100701,26.83,26.84,26.79,26.79,48328
20100702,26.83,26.84,26.79,26.79,156648
20100706,26.85,26.85,26.78,26.82,21354
20100707,26.85,26.85,26.79,26.84,27459
20100708,26.85,26.86,26.81,26.84,36131
20100709,26.85,26.86,26.82,26.86,36105
20100712,26.86,26.88,26.83,26.86,39671
20100713,26.81,26.88,26.81,26.87,19964
20100714,26.87,26.92,26.87,26.92,18911
20100715,26.94,26.95,26.9,26.95,26260
20100716,26.91,26.97,26.91,26.93,20016
20100719,26.98,26.99,26.93,26.93,10618
20100720,26.92,27,26.92,27,714324
20100721,26.97,27,26.93,26.99,46385
20100722,27,27,26.95,27,30488
20100723,27,27.01,26.94,26.99,47166
20100726,27.01,27.03,26.95,27,362711
20100727,26.95,27.04,26.95,26.99,64869
20100728,27,27,26.97,27,36350
20100729,27.01,27.03,26.99,27,1139557
20100730,27.01,27.03,26.99,27.03,15718
20100802,27.07,27.07,27.01,27.07,22343
20100803,27.1,27.11,27.02,27.1,265818
20100804,27.11,27.11,27.05,27.07,37483
20100805,27.07,27.13,27.04,27.08,38551
20100806,27.07,27.11,27.07,27.11,13580
20100809,27.1,27.14,27.07,27.08,34032
20100810,27.11,27.11,27.04,27.07,62628
20100811,27.05,27.12,27.05,27.09,23558
20100812,27.08,27.1,27.06,27.08,32686
20100813,27.09,27.15,27.02,27.04,174351
20100816,27.09,27.11,27.07,27.11,12553
20100817,27.11,27.11,27.06,27.11,11563
20100818,27.07,27.12,27.07,27.1,28266
20100819,27.07,27.11,27.07,27.1,84542
20100820,27.1,27.1,27.07,27.09,4987
20100823,27.06,27.14,27.06,27.14,61196
20100824,27.16,27.16,27.07,27.07,55655
20100825,27.07,27.1,27.06,27.07,86152
20100826,27.1,27.11,27.06,27.06,11748
20100827,27.1,27.11,27.03,27.1,196386
20100830,27.17,27.17,27.08,27.1,15584
20100831,27.15,27.18,27.08,27.17,57716
20100901,27.19,27.2,27.14,27.15,17837
20100902,27.15,27.18,27.11,27.11,86044
20100903,27.18,27.18,27.08,27.08,7269
20100907,27.14,27.17,27.1,27.16,94999
20100908,27.17,27.17,27.14,27.15,27372
20100909,27.19,27.19,27.14,27.15,23239
20100910,27.13,27.17,27.08,27.1,25450
20100913,27.09,27.15,27.09,27.14,131717
20100914,27.22,27.22,27.12,27.15,147184
20100915,27.21,27.21,27.15,27.16,57533
20100916,27.2,27.2,27.15,27.19,60090
20100917,27.19,27.2,27.16,27.18,16514
20100920,27.23,27.23,27.16,27.17,38753
20100921,27.18,27.3,27.18,27.26,84351
20100922,27.28,27.28,27.24,27.24,44767
20100923,27.28,27.28,27.16,27.2,79552
20100924,27.19,27.23,27.19,27.22,12589
20100927,27.25,27.26,27.23,27.26,46109
20100928,27.25,27.29,27.24,27.29,34341
20100929,27.28,27.29,27.25,27.29,18200
20100930,27.24,27.27,27.21,27.27,192251
20101001,27.29,27.31,27.28,27.3,162519
20101004,27.31,27.32,27.29,27.31,15949
20101005,27.32,27.34,27.23,27.31,170536
20101006,27.36,27.36,27.28,27.35,21208
20101007,27.35,27.36,27.31,27.36,49549
20101008,27.37,27.38,27.33,27.34,19143
20101011,27.42,27.42,27.3,27.31,24500
20101012,27.42,27.42,27.35,27.37,75378
20101013,27.38,27.38,27.3,27.33,30008
20101014,27.3,27.35,27.29,27.34,61146
20101015,27.37,27.37,27.31,27.34,63856
20101018,27.37,27.37,27.3,27.36,82370
20101019,27.38,27.38,27.33,27.37,55625
20101020,27.37,27.37,27.29,27.34,131166
20101021,27.37,27.38,27.33,27.38,42475
20101022,27.37,27.37,27.33,27.37,30029
20101025,27.32,27.39,27.32,27.39,38288
20101026,27.39,27.39,27.33,27.37,53127
20101027,27.37,27.37,27.33,27.36,20228
20101028,27.38,27.38,27.33,27.33,26722
20101029,27.41,27.41,27.32,27.38,13482
20101101,27.41,27.43,27.37,27.38,16756
20101102,27.37,27.42,27.37,27.37,22594
20101103,27.41,27.43,27.39,27.42,38446
20101104,27.43,27.48,27.4,27.47,129787
20101105,27.46,27.46,27.33,27.34,176734
20101108,27.41,27.43,27.39,27.39,24672
20101109,27.48,27.48,27.32,27.39,36969
20101110,27.4,27.4,27.31,27.35,75794
20101111,27.31,27.39,27.29,27.29,27967
20101112,27.36,27.37,27.26,27.31,100793
20101115,27.31,27.32,27.27,27.31,24447
20101116,27.31,27.31,27.23,27.31,40810
20101117,27.33,27.33,27.26,27.31,19435
20101118,27.24,27.31,27.24,27.31,11878
20101119,27.31,27.31,27.25,27.31,45333
20101122,27.31,27.35,27.28,27.33,11058
20101123,27.35,27.38,27.31,27.36,97469
20101124,27.32,27.35,27.25,27.33,12942
20101126,27.33,27.35,27.33,27.35,5506
20101129,27.3,27.34,27.29,27.31,56170
20101130,27.34,27.35,27.31,27.35,46557
20101201,27.35,27.36,27.24,27.33,21359
20101202,27.31,27.33,27.24,27.24,12957
20101203,27.35,27.35,27.23,27.25,106537
20101206,27.33,27.34,27.3,27.34,18294
20101207,27.34,27.34,27.3,27.34,22364
20101208,27.3,27.34,27.26,27.31,595447
20101209,27.25,27.32,27.22,27.24,30467
20101210,27.22,27.29,27.22,27.26,39489
20101213,27.21,27.29,27.21,27.29,128349
20101214,27.28,27.28,27.19,27.19,28551
20101215,27.2,27.25,27.16,27.19,102149
20101216,27.25,27.25,27.16,27.23,23652
20101217,27.22,27.25,27.19,27.25,69886
20101220,27.28,27.28,27.21,27.27,23853
20101221,27.27,27.29,27.25,27.28,38329
20101222,27.21,27.29,27.21,27.28,48995
20101223,27.26,27.26,27.21,27.21,29072
20101227,27.2,27.3,27.2,27.3,137834
20101228,27.27,27.29,27.24,27.28,41592
20101229,27.31,27.34,27.24,27.3,76844
20101230,27.33,27.33,27.27,27.33,48105
20101231,27.33,27.36,27.3,27.31,29662
20110103,27.27,27.36,27.24,27.36,43418
20110104,27.37,27.37,27.29,27.37,438718
20110105,27.33,27.33,27.29,27.33,54704
20110106,27.35,27.36,27.3,27.34,26995
20110107,27.35,27.4,27.35,27.39,42409
20110110,27.42,27.42,27.37,27.41,37933
20110111,27.42,27.42,27.37,27.41,67978
20110112,27.36,27.42,27.35,27.36,45562
20110113,27.42,27.43,27.35,27.42,608184
20110114,27.38,27.42,27.35,27.36,43101
20110118,27.43,27.43,27.38,27.42,34137
20110119,27.42,27.44,27.39,27.43,65747
20110120,27.36,27.41,27.35,27.4,35061
20110121,27.41,27.43,27.35,27.42,319649
20110124,27.41,27.42,27.37,27.39,25735
20110125,27.42,27.44,27.39,27.44,151805
20110126,27.43,27.43,27.38,27.43,60414
20110127,27.45,27.45,27.4,27.44,44598
20110128,27.43,27.48,27.4,27.48,50055
20110131,27.47,27.49,27.42,27.48,383369
20110201,27.41,27.47,27.41,27.46,2888476
20110202,27.45,27.45,27.35,27.36,91816
20110203,27.35,27.43,27.35,27.41,116722
20110204,27.42,27.42,27.35,27.41,84874
20110207,27.4,27.42,27.37,27.42,54075
20110208,27.4,27.41,27.34,27.38,169307
20110209,27.37,27.41,27.32,27.4,224318
20110210,27.38,27.39,27.34,27.34,43882
20110211,27.4,27.41,27.35,27.36,114474
20110214,27.41,27.41,27.35,27.38,72626
20110215,27.39,27.4,27.35,27.4,187350
20110216,27.36,27.41,27.35,27.41,67857
20110217,27.43,27.43,27.38,27.39,157522
20110218,27.37,27.45,27.37,27.45,139749
20110222,27.44,27.46,27.42,27.46,78823
20110223,27.45,27.45,27.43,27.43,37174
20110224,27.45,27.47,27.44,27.46,153597
20110225,27.44,27.47,27.44,27.47,46351
20110228,27.48,27.5,27.45,27.5,37581
20110301,27.5,27.52,27.46,27.5,163336
20110302,27.52,27.52,27.48,27.5,98689
20110303,27.47,27.5,27.42,27.42,131303
20110304,27.5,27.52,27.45,27.47,193409
20110307,27.44,27.52,27.44,27.49,59555
20110308,27.52,27.52,27.45,27.52,47802
20110309,27.55,27.55,27.49,27.49,70103
20110310,27.53,27.54,27.5,27.53,46634
20110311,27.55,27.56,27.49,27.5,190658
20110314,27.56,27.56,27.51,27.54,77284
20110315,27.53,27.56,27.46,27.52,65366
20110316,27.57,27.61,27.53,27.55,75506
20110317,27.55,27.55,27.45,27.45,496598
20110318,27.53,27.57,27.45,27.56,64737
20110321,27.59,27.59,27.52,27.55,69035
20110322,27.53,27.56,27.5,27.56,95639
20110323,27.52,27.55,27.5,27.53,73946
20110324,27.5,27.54,27.45,27.47,93596
20110325,27.52,27.53,27.44,27.48,60230
20110328,27.5,27.5,27.44,27.5,91785
20110329,27.5,27.51,27.45,27.5,73170
20110330,27.49,27.51,27.47,27.51,63868
20110331,27.51,27.51,27.43,27.46,137266
20110401,27.46,27.51,27.4,27.46,106595
20110404,27.49,27.53,27.48,27.52,131710
20110405,27.48,27.52,27.47,27.51,64332
20110406,27.46,27.51,27.43,27.46,84827
20110407,27.49,27.51,27.45,27.5,46566
20110408,27.48,27.52,27.46,27.52,36284
20110411,27.52,27.52,27.45,27.47,100706
20110412,27.51,27.53,27.46,27.53,80325
20110413,27.48,27.55,27.48,27.55,77257
20110414,27.55,27.55,27.5,27.53,66706
20110415,27.5,27.58,27.5,27.5,86543
20110418,27.52,27.6,27.52,27.56,68997
20110419,27.58,27.61,27.56,27.6,69149
20110420,27.61,27.61,27.57,27.61,45043
20110421,27.56,27.62,27.53,27.62,54426
20110425,27.65,27.65,27.58,27.65,134796
20110426,27.62,27.65,27.61,27.65,96976
20110427,27.63,27.65,27.6,27.65,57832
20110428,27.61,27.67,27.61,27.66,73109
20110429,27.65,27.69,27.62,27.64,103886
20110502,27.61,27.7,27.61,27.7,99602
20110503,27.69,27.72,27.62,27.62,123271
20110504,27.7,27.7,27.64,27.7,69688
20110505,27.64,27.69,27.63,27.67,44251
20110506,27.67,27.7,27.6,27.69,83271
20110509,27.65,27.73,27.65,27.73,45621
20110510,27.72,27.72,27.63,27.66,61524
20110511,27.63,27.71,27.63,27.71,44100
20110512,27.71,27.73,27.66,27.72,79967
20110513,27.73,27.73,27.7,27.73,191307
20110516,27.77,27.77,27.7,27.74,63455
20110517,27.76,27.76,27.71,27.75,65212
20110518,27.7,27.75,27.69,27.69,59195
20110519,27.69,27.73,27.65,27.73,180341
20110520,27.73,27.75,27.7,27.75,162858
20110523,27.76,27.76,27.71,27.73,57004
20110524,27.73,27.74,27.71,27.73,62602
20110525,27.7,27.74,27.7,27.74,50024
20110526,27.7,27.77,27.7,27.72,104178
20110527,27.72,27.77,27.71,27.73,91036
20110531,27.79,27.79,27.68,27.68,1810830
20110601,27.73,27.78,27.73,27.74,86029
20110602,27.72,27.74,27.69,27.69,64525
20110603,27.69,27.73,27.69,27.73,55832
20110606,27.74,27.79,27.73,27.78,89248
20110607,27.81,27.81,27.75,27.81,58692
20110608,27.79,27.81,27.77,27.81,80358
20110609,27.76,27.76,27.73,27.76,55864
20110610,27.78,27.8,27.7,27.71,152398
20110613,27.73,27.77,27.72,27.77,32263
20110614,27.73,27.75,27.71,27.73,43933
20110615,27.77,27.77,27.72,27.72,91326
20110616,27.73,27.76,27.69,27.75,110515
20110617,27.7,27.76,27.7,27.75,36630
20110620,27.74,27.75,27.73,27.75,35459
20110621,27.75,27.76,27.71,27.71,109827
20110622,27.73,27.78,27.73,27.75,76794
20110623,27.75,27.8,27.74,27.78,132025
20110624,27.77,27.82,27.75,27.81,148310
20110627,27.81,27.81,27.76,27.79,168488
20110628,27.79,27.79,27.73,27.73,367620
20110629,27.77,27.77,27.73,27.73,243023
20110630,27.75,27.77,27.73,27.77,86385
20110701,27.8,27.8,27.71,27.79,57286
20110705,27.79,27.8,27.76,27.8,48757
20110706,27.79,27.81,27.78,27.81,39628
20110707,27.79,27.8,27.77,27.8,38507
20110708,27.8,27.83,27.8,27.81,70073
20110711,27.87,27.87,27.81,27.86,82038
20110712,27.83,27.86,27.79,27.84,95219
20110713,27.82,27.85,27.8,27.83,57800
20110714,27.79,27.84,27.79,27.79,69933
20110715,27.79,27.84,27.79,27.84,107852
20110718,27.84,27.86,27.81,27.83,107420
20110719,27.85,27.85,27.8,27.81,51026
20110720,27.81,27.85,27.74,27.79,175447
20110721,27.79,27.81,27.77,27.8,51669
20110722,27.82,27.83,27.79,27.79,78274
20110725,27.8,27.8,27.73,27.73,164938
20110726,27.75,27.81,27.75,27.81,50889
20110727,27.77,27.78,27.72,27.72,115686
20110728,27.76,27.87,27.76,27.86,443042
20110729,27.84,27.87,27.81,27.83,30926
20110801,27.84,27.89,27.84,27.89,60645
20110802,27.85,27.9,27.84,27.88,31422
20110803,27.88,27.89,27.83,27.86,79658
20110804,27.86,27.91,27.86,27.88,87009
20110805,27.91,27.91,27.81,27.87,74221
20110808,27.87,27.87,27.71,27.81,71591
20110809,27.7,27.92,27.65,27.71,67838
20110810,27.8,27.89,27.72,27.72,89850
20110811,27.82,27.85,27.7,27.85,58765
20110812,27.82,27.82,27.71,27.75,124157
20110815,27.79,27.82,27.69,27.82,107559
20110816,27.77,27.81,27.71,27.77,59708
20110817,27.76,27.81,27.72,27.81,98745
20110818,27.81,27.81,27.68,27.72,124243
20110819,27.75,27.82,27.71,27.81,175848
20110822,27.81,27.82,27.76,27.79,145803
20110823,27.83,27.83,27.74,27.79,61125
20110824,27.74,27.75,27.72,27.75,138805
20110825,27.77,27.79,27.71,27.71,84968
20110826,27.72,27.73,27.7,27.73,107071
20110829,27.75,27.76,27.69,27.7,116468
20110830,27.72,27.73,27.68,27.68,74686
20110831,27.71,27.73,27.68,27.72,71621
20110901,27.73,27.75,27.71,27.74,62594
20110902,27.72,27.75,27.65,27.73,236845
20110906,27.71,27.73,27.65,27.7,55378
20110907,27.73,27.82,27.69,27.82,71964
20110908,27.8,27.8,27.75,27.8,180472
20110909,27.75,27.79,27.75,27.78,62630
20110912,27.75,27.78,27.74,27.76,35126
20110913,27.78,27.82,27.69,27.78,77521
20110914,27.79,27.81,27.76,27.78,70247
20110915,27.8,27.8,27.73,27.76,89358
20110916,27.75,27.8,27.75,27.75,53266
20110919,27.76,27.79,27.75,27.79,49294
20110920,27.75,27.8,27.75,27.79,52788
20110921,27.78,27.79,27.69,27.73,81525
20110922,27.72,27.72,27.65,27.65,59987
20110923,27.7,27.7,27.63,27.65,54249
20110926,27.68,27.73,27.65,27.71,226385
20110927,27.67,27.72,27.61,27.71,174476
20110928,27.68,27.71,27.63,27.65,37902
20110929,27.67,27.7,27.64,27.64,112657
20110930,27.66,27.69,27.64,27.69,278710
20111003,27.67,27.67,27.61,27.67,152095
20111004,27.65,27.65,27.52,27.58,29146
20111005,27.5,27.62,27.5,27.62,70001
20111006,27.56,27.67,27.56,27.67,170433
20111007,27.6,27.73,27.53,27.64,381242
20111010,27.62,27.7,27.58,27.68,225160
20111011,27.6,27.7,27.6,27.61,59833
20111012,27.68,27.71,27.58,27.71,78895
20111013,27.69,27.83,27.65,27.69,67292
20111014,27.74,27.74,27.65,27.65,89398
20111017,27.68,27.71,27.66,27.67,65225
20111018,27.69,27.69,27.63,27.66,48448
20111019,27.66,27.72,27.64,27.68,96633
20111020,27.7,27.75,27.66,27.7,68348
20111021,27.76,27.76,27.69,27.69,74232
20111024,27.75,27.75,27.69,27.73,89062
20111025,27.69,27.79,27.69,27.77,91782
20111026,27.76,27.76,27.71,27.71,32060
20111027,27.8,27.86,27.72,27.82,169787
20111028,27.8,27.85,27.75,27.77,128258
20111031,27.75,27.83,27.75,27.79,144639
20111101,27.74,27.79,27.71,27.79,151996
20111102,27.78,27.86,27.78,27.85,86245
20111103,27.84,27.86,27.79,27.82,124419
20111104,27.8,27.85,27.76,27.83,116123
20111107,27.79,27.83,27.72,27.77,118579
20111108,27.77,27.78,27.74,27.74,100102
20111109,27.76,27.76,27.69,27.73,96703
20111110,27.76,27.77,27.71,27.73,66401
20111111,27.73,27.76,27.69,27.76,99765
20111114,27.71,27.74,27.61,27.69,204490
20111115,27.7,27.78,27.62,27.66,140610
20111116,27.68,27.72,27.63,27.66,128222
20111117,27.66,27.66,27.57,27.65,180588
20111118,27.65,27.67,27.6,27.66,70868
20111121,27.62,27.62,27.56,27.61,141792
20111122,27.59,27.61,27.53,27.53,165328
20111123,27.55,27.57,27.5,27.5,138356
20111125,27.6,27.6,27.5,27.57,69282
20111128,27.55,27.61,27.54,27.55,201296
20111129,27.53,27.58,27.49,27.51,470154
20111130,27.54,27.64,27.51,27.62,123634
20111201,27.58,27.65,27.58,27.65,71542
20111202,27.6,27.67,27.56,27.65,216790
20111205,27.68,27.71,27.65,27.66,66104
20111206,27.65,27.7,27.62,27.64,54318
20111207,27.71,27.71,27.64,27.65,37821
20111208,27.63,27.67,27.6,27.67,56862
20111209,27.66,27.73,27.65,27.7,90426
20111212,27.66,27.72,27.6,27.63,177495
20111213,27.63,27.68,27.62,27.63,51295
20111214,27.64,27.69,27.6,27.69,80319
20111215,27.64,27.71,27.62,27.69,78731
20111216,27.65,27.7,27.62,27.62,45279
20111219,27.65,27.69,27.63,27.68,72871
20111220,27.64,27.71,27.64,27.68,51522
20111221,27.65,27.68,27.62,27.66,97646
20111222,27.67,27.69,27.64,27.69,51035
20111223,27.72,27.72,27.67,27.72,65032
20111227,27.64,27.75,27.64,27.69,56273
20111228,27.81,27.83,27.66,27.83,535567
20111229,27.71,27.84,27.71,27.83,187896
20111230,27.74,27.86,27.71,27.71,96756
20120103,27.76,27.87,27.74,27.87,79437
20120104,27.83,27.87,27.8,27.84,88001
20120105,27.84,27.87,27.77,27.87,96785
20120106,27.81,27.88,27.81,27.88,51479
20120109,27.91,27.91,27.83,27.89,30633
20120110,27.85,27.94,27.81,27.92,129295
20120111,27.88,27.93,27.73,27.83,57716
20120112,27.83,27.95,27.83,27.95,243961
20120113,27.88,27.97,27.88,27.96,67773
20120117,27.95,27.95,27.9,27.93,62847
20120118,27.93,27.95,27.9,27.93,50427
20120119,27.96,27.99,27.91,27.97,77937
20120120,27.98,27.98,27.89,27.92,76781
20120123,27.94,27.99,27.88,27.96,94030
20120124,27.92,28,27.9,27.93,106442
20120125,27.97,28.03,27.93,28.03,56697
20120126,27.96,28.05,27.94,27.95,43932
20120127,27.95,28.05,27.92,27.92,78854
20120130,27.89,27.98,27.89,27.93,109976
20120131,27.97,28.03,27.94,28.03,95015
20120201,28.07,28.07,27.98,28.07,100677
20120202,28.07,28.13,28.06,28.12,8915248
20120203,28.13,28.16,28.05,28.15,139066
20120206,28.08,28.16,28.08,28.08,274609
20120207,28.09,28.13,28.07,28.13,103615
20120208,28.09,28.13,28.05,28.06,97958
20120209,28.08,28.08,27.99,27.99,132046
20120210,27.96,28.02,27.95,28.01,84654
20120213,28.07,28.08,28.01,28.07,115448
20120214,28.07,28.09,28.01,28.09,206257
20120215,28.08,28.08,28.03,28.08,153247
20120216,28.04,28.1,28.04,28.09,99550
20120217,28.09,28.09,28.04,28.05,89503
20120221,28.09,28.14,28.08,28.14,135399
20120222,28.08,28.15,28.08,28.14,130021
20120223,28.18,28.18,28.07,28.14,117372
20120224,28.1,28.14,28.07,28.11,111907
20120227,28.14,28.15,28.08,28.15,132393
20120228,28.11,28.17,28.11,28.17,216521
20120229,28.12,28.17,28.11,28.16,158278
20120301,28.16,28.18,28.11,28.17,145983
20120302,28.13,28.18,28.11,28.11,151874
20120305,28.13,28.15,28.1,28.15,111196
20120306,28.12,28.16,28.12,28.16,80627
20120307,28.17,28.17,28.11,28.17,96275
20120308,28.16,28.19,28.12,28.12,98671
20120309,28.19,28.19,28.14,28.14,71760
20120312,28.15,28.15,28.1,28.15,97500
20120313,28.15,28.15,28.11,28.15,178580
20120314,28.12,28.15,28.09,28.15,121028
20120315,28.14,28.17,28.1,28.16,259883
20120316,28.12,28.2,28.12,28.2,350837
20120319,28.18,28.19,28.15,28.18,84077
20120320,28.14,28.19,28.12,28.15,85074
20120321,28.14,28.17,28.1,28.12,92514
20120322,28.12,28.17,28.11,28.17,252482
20120323,28.13,28.19,28.13,28.18,115285
20120326,28.16,28.2,28.14,28.19,78407
20120327,28.16,28.21,28.15,28.16,156650
20120328,28.18,28.21,28.18,28.21,151088
20120329,28.18,28.18,28.13,28.18,106375
20120330,28.19,28.2,28.14,28.18,107171
20120402,28.12,28.21,28.11,28.21,123535
20120403,28.15,28.2,28.14,28.19,200629
20120404,28.15,28.19,28.15,28.16,80318
20120405,28.16,28.2,28.14,28.14,180305
20120409,28.15,28.2,28.15,28.19,639325
20120410,28.16,28.2,28.1,28.1,210854
20120411,28.11,28.19,28.08,28.19,159377
20120412,28.19,28.2,28.14,28.16,123589
20120413,28.16,28.2,28.16,28.2,142353
20120416,28.19,28.24,28.16,28.21,3900039
20120417,28.22,28.25,28.22,28.24,186708
20120418,28.17,28.2,28.15,28.2,157028
20120419,28.22,28.23,28.19,28.22,158872
20120420,28.18,28.2,28.18,28.2,84484
20120423,28.21,28.22,28.2,28.22,105642
20120424,28.21,28.23,28.2,28.23,158657
20120425,28.2,28.2,28.17,28.2,78727
20120426,28.22,28.23,28.21,28.21,170669
20120427,28.23,28.26,28.21,28.22,143735
20120430,28.23,28.26,28.2,28.26,110896
20120501,28.26,28.26,28.22,28.24,131306
20120502,28.22,28.23,28.21,28.21,108693
20120503,28.23,28.24,28.22,28.24,112817
20120504,28.25,28.25,28.2,28.2,98169
20120507,28.24,28.26,28.21,28.26,107175
20120508,28.27,28.27,28.22,28.25,127128
20120509,28.25,28.25,28.21,28.24,190101
20120510,28.23,28.24,28.19,28.19,190514
20120511,28.19,28.23,28.18,28.23,104232
20120514,28.22,28.24,28.19,28.24,77773
20120515,28.23,28.24,28.21,28.23,167130
20120516,28.21,28.23,28.17,28.21,141755
20120517,28.16,28.19,28.13,28.18,79359
20120518,28.11,28.18,28.1,28.16,495959
20120521,28.14,28.15,28.06,28.14,139738
20120522,28.09,28.17,28.05,28.16,111861
20120523,28.13,28.17,28.1,28.13,154058
20120524,28.17,28.17,28.13,28.15,131752
20120525,28.17,28.2,28.15,28.15,90424
20120529,28.19,28.19,28.16,28.19,151325
20120530,28.19,28.19,28.16,28.18,66135
20120531,28.2,28.2,28.18,28.19,186961
20120601,28.18,28.2,28.15,28.19,91559
20120604,28.16,28.17,28.11,28.15,169863
20120605,28.16,28.18,28.12,28.15,165412
20120606,28.13,28.19,28.13,28.18,197910
20120607,28.16,28.21,28.16,28.2,177187
20120608,28.16,28.23,28.15,28.22,137490
20120611,28.19,28.22,28.18,28.19,182204
20120612,28.16,28.19,28.15,28.15,93470
20120613,28.16,28.18,28.15,28.15,197150
20120614,28.15,28.19,28.15,28.16,126936
20120615,28.16,28.21,28.15,28.17,101553
20120618,28.15,28.23,28.15,28.23,200769
20120619,28.23,28.26,28.18,28.21,82208
20120620,28.23,28.25,28.21,28.23,170726
20120621,28.24,28.25,28.19,28.19,155388
20120622,28.18,28.24,28.18,28.24,76943
20120625,28.18,28.25,28.18,28.19,125478
20120626,28.22,28.23,28.19,28.23,89636
20120627,28.19,28.24,28.18,28.24,123761
20120628,28.24,28.25,28.2,28.24,177804
20120629,28.27,28.28,28.2,28.21,221020
20120702,28.29,28.29,28.24,28.26,173936
20120703,28.28,28.32,28.25,28.31,339384
20120705,28.26,28.34,28.26,28.32,161992
20120706,28.34,28.34,28.28,28.29,316615
20120709,28.31,28.35,28.3,28.35,281772
20120710,28.28,28.36,28.28,28.33,90320
20120711,28.34,28.35,28.32,28.34,178937
20120712,28.29,28.35,28.29,28.3,65405
20120713,28.35,28.37,28.33,28.33,284255
20120716,28.34,28.39,28.3,28.38,54586
20120717,28.36,28.4,28.36,28.39,93123
20120718,28.39,28.41,28.37,28.41,116499
20120719,28.41,28.43,28.38,28.4,66438
20120720,28.38,28.41,28.37,28.41,83011
20120723,28.39,28.41,28.35,28.35,87757
20120724,28.37,28.39,28.35,28.35,102591
20120725,28.34,28.38,28.34,28.37,46781
20120726,28.39,28.39,28.36,28.37,82416
20120727,28.37,28.43,28.35,28.42,167200
20120730,28.42,28.45,28.4,28.42,133139
20120731,28.46,28.47,28.42,28.44,366101
20120801,28.47,28.48,28.43,28.45,163316
20120802,28.48,28.48,28.4,28.4,162416
20120803,28.42,28.48,28.42,28.46,138366
20120806,28.48,28.49,28.45,28.49,73376
20120807,28.48,28.5,28.45,28.47,112342
20120808,28.44,28.47,28.41,28.44,133034
20120809,28.47,28.48,28.42,28.48,231786
20120810,28.44,28.49,28.44,28.47,288690
20120813,28.48,28.49,28.43,28.48,143956
20120814,28.46,28.49,28.45,28.49,115530
20120815,28.46,28.48,28.45,28.48,110204
20120816,28.48,28.48,28.43,28.43,180741
20120817,28.46,28.48,28.43,28.48,200042
20120820,28.45,28.48,28.45,28.48,197663
20120821,28.45,28.48,28.45,28.48,106282
20120822,28.49,28.52,28.48,28.52,92477
20120823,28.49,28.54,28.47,28.5,145417
20120824,28.5,28.53,28.48,28.51,181211
20120827,28.53,28.53,28.51,28.52,231700
20120828,28.52,28.53,28.5,28.53,142444
20120829,28.48,28.54,28.48,28.53,275109
20120830,28.53,28.53,28.5,28.53,96461
20120831,28.56,28.58,28.53,28.58,183375
20120904,28.55,28.57,28.5,28.57,165424
20120905,28.54,28.57,28.53,28.57,230476
20120906,28.56,28.57,28.5,28.51,172620
20120907,28.55,28.57,28.54,28.57,135536
20120910,28.56,28.58,28.54,28.58,165170
20120911,28.55,28.59,28.54,28.54,227573
20120912,28.56,28.61,28.55,28.58,223478
20120913,28.61,28.64,28.59,28.61,88578
20120914,28.63,28.64,28.6,28.63,87399
20120917,28.57,28.62,28.57,28.6,95848
20120918,28.58,28.64,28.58,28.6,356508
20120919,28.61,28.64,28.61,28.62,203114
20120920,28.59,28.63,28.59,28.62,127852
20120921,28.63,28.64,28.61,28.64,154540
20120924,28.62,28.66,28.61,28.64,172859
20120925,28.64,28.66,28.63,28.66,297873
20120926,28.63,28.64,28.61,28.64,166894
20120927,28.61,28.67,28.61,28.67,233080
20120928,28.65,28.68,28.62,28.68,86486
20121001,28.68,28.7,28.67,28.68,180723
20121002,28.68,28.7,28.67,28.68,122388
20121003,28.71,28.71,28.66,28.69,9184178
20121004,28.7,28.71,28.65,28.71,167992
20121005,28.68,28.72,28.68,28.71,103413
20121008,28.71,28.72,28.69,28.72,84843
20121009,28.69,28.71,28.68,28.68,185812
20121010,28.69,28.7,28.68,28.69,893138
20121011,28.69,28.7,28.68,28.69,201900
20121012,28.69,28.7,28.68,28.68,126962
20121015,28.69,28.71,28.68,28.7,126297
20121016,28.7,28.72,28.68,28.69,84246
20121017,28.68,28.72,28.68,28.71,131612
20121018,28.68,28.72,28.68,28.69,144289
20121019,28.72,28.72,28.68,28.69,123480
20121022,28.71,28.71,28.66,28.7,91401
20121023,28.7,28.7,28.68,28.68,314298
20121024,28.7,28.72,28.68,28.71,158465
20121025,28.71,28.71,28.68,28.7,122819
20121026,28.68,28.71,28.68,28.71,93874
20121031,28.68,28.75,28.67,28.74,311605
20121101,28.7,28.72,28.68,28.72,136816
20121102,28.68,28.77,28.68,28.7,192846
20121105,28.68,28.72,28.68,28.71,150377
20121106,28.69,28.72,28.68,28.7,184114
20121107,28.69,28.72,28.66,28.66,145680
20121108,28.69,28.71,28.68,28.71,292121
20121109,28.68,28.71,28.67,28.68,104668
20121112,28.69,28.71,28.65,28.71,98534
20121113,28.68,28.71,28.6,28.6,370322
20121114,28.65,28.67,28.6,28.65,242858
20121115,28.59,28.65,28.56,28.6,518036
20121116,28.62,28.63,28.58,28.61,158900
20121119,28.59,28.68,28.59,28.63,88363
20121120,28.61,28.66,28.59,28.6,150165
20121121,28.62,28.66,28.6,28.62,176188
20121123,28.65,28.65,28.56,28.65,51449
20121126,28.66,28.68,28.64,28.68,220404
20121127,28.68,28.7,28.66,28.69,174054
20121128,28.67,28.69,28.63,28.68,145355
20121129,28.69,28.71,28.65,28.68,108747
20121130,28.68,28.72,28.67,28.68,476700
20121203,28.68,28.71,28.67,28.71,93327
20121204,28.67,28.73,28.67,28.71,162295
20121205,28.67,28.72,28.67,28.68,86564
20121206,28.73,28.73,28.68,28.69,132943
20121207,28.69,28.73,28.67,28.71,77582
20121210,28.72,28.72,28.63,28.64,449675
20121211,28.69,28.71,28.61,28.61,310991
20121212,28.61,28.66,28.61,28.62,169161
20121213,28.61,28.68,28.61,28.65,96794
20121214,28.64,28.66,28.61,28.64,242301
20121217,28.63,28.67,28.62,28.62,112804
20121218,28.65,28.66,28.61,28.66,195658
20121219,28.66,28.67,28.62,28.66,169962
20121220,28.66,28.67,28.63,28.64,133675
20121221,28.61,28.67,28.61,28.65,214742
20121224,28.64,28.7,28.64,28.7,201733
20121226,28.68,28.69,28.64,28.65,276843
20121227,28.68,28.7,28.61,28.68,247501
20121228,28.69,28.71,28.67,28.69,152930
20121231,28.66,28.74,28.66,28.69,238641
20130102,28.67,28.75,28.67,28.74,320242
20130103,28.71,28.74,28.71,28.74,307487
20130104,28.73,28.74,28.7,28.7,272254
20130107,28.72,28.74,28.69,28.74,179252
20130108,28.72,28.75,28.71,28.73,260866
20130109,28.74,28.75,28.71,28.74,249325
20130110,28.75,28.75,28.73,28.75,283784
20130111,28.75,28.76,28.73,28.76,163434
20130114,28.73,28.75,28.72,28.72,205147
20130115,28.74,28.74,28.71,28.72,140816
20130116,28.73,28.74,28.71,28.74,390410
20130117,28.74,28.74,28.71,28.71,142367
20130118,28.7,28.74,28.7,28.72,326074
20130122,28.74,28.74,28.72,28.74,354202
20130123,28.74,28.74,28.71,28.74,415543
20130124,28.74,28.75,28.73,28.75,176025
20130125,28.75,28.75,28.72,28.72,328445
20130128,28.72,28.74,28.72,28.74,150988
20130129,28.73,28.74,28.72,28.74,422917
20130130,28.73,28.74,28.71,28.73,894240
20130131,28.74,28.74,28.7,28.73,181996
20130201,28.75,28.77,28.73,28.77,183287
20130204,28.75,28.77,28.74,28.74,387092
20130205,28.76,28.77,28.74,28.75,227611
20130206,28.76,28.77,28.74,28.77,498205
20130207,28.77,28.78,28.76,28.77,313316
20130208,28.77,28.77,28.74,28.77,180397
20130211,28.77,28.77,28.75,28.77,145737
20130212,28.77,28.78,28.76,28.77,117800
20130213,28.77,28.77,28.75,28.77,146404
20130214,28.74,28.77,28.73,28.76,259402
20130215,28.76,28.77,28.74,28.74,151735
20130219,28.77,28.77,28.74,28.74,134650
20130220,28.77,28.78,28.74,28.77,134224
20130221,28.77,28.79,28.75,28.79,1774035
20130222,28.8,28.84,28.77,28.81,695214
20130225,28.81,28.82,28.77,28.82,172162
20130226,28.78,28.82,28.77,28.82,223922
20130227,28.81,28.82,28.79,28.79,183174
20130228,28.8,28.81,28.77,28.77,436178
20130301,28.83,28.83,28.79,28.82,94885
20130304,28.81,28.81,28.77,28.78,152718
20130305,28.81,28.81,28.76,28.8,156160
20130306,28.78,28.81,28.77,28.79,176992
20130307,28.77,28.79,28.77,28.77,119471
20130308,28.78,28.79,28.77,28.78,187479
20130311,28.79,28.81,28.78,28.78,161058
20130312,28.8,28.81,28.77,28.78,446255
20130313,28.79,28.82,28.78,28.81,166058
20130314,28.82,28.83,28.78,28.78,131403
20130315,28.81,28.81,28.79,28.81,87139
20130318,28.8,28.82,28.79,28.82,177774
20130319,28.79,28.81,28.79,28.8,144523
20130320,28.8,28.82,28.78,28.81,180912
20130321,28.82,28.82,28.77,28.78,148864
20130322,28.79,28.81,28.77,28.78,308576
20130325,28.78,28.82,28.78,28.78,110929
20130326,28.81,28.81,28.78,28.8,127812
20130327,28.79,28.81,28.77,28.79,145742
20130328,28.8,28.8,28.75,28.78,169575
20130401,28.81,28.84,28.81,28.84,404616
20130402,28.81,28.83,28.8,28.83,1714610
20130403,28.83,28.84,28.81,28.83,210086
20130404,28.82,28.83,28.81,28.82,195943
20130405,28.8,28.84,28.8,28.83,213788
20130408,28.83,28.85,28.81,28.83,148333
20130409,28.82,28.86,28.81,28.81,317718
20130410,28.81,28.84,28.81,28.81,228322
20130411,28.81,28.87,28.8,28.83,1226973
20130412,28.84,28.85,28.82,28.84,128386
20130415,28.84,28.85,28.83,28.85,110390
20130416,28.86,28.86,28.83,28.85,227513
20130417,28.86,28.86,28.82,28.85,328884
20130418,28.84,28.85,28.82,28.84,199332
20130419,28.82,28.84,28.81,28.82,110695
20130422,28.84,28.86,28.83,28.85,102205
20130423,28.83,28.86,28.83,28.84,198249
20130424,28.86,28.86,28.82,28.84,272993
20130425,28.84,28.86,28.84,28.86,379784
20130426,28.86,28.87,28.85,28.87,121754
20130429,28.85,28.88,28.85,28.87,278695
20130430,28.89,28.89,28.86,28.88,193626
20130501,28.9,28.91,28.89,28.91,260226
20130502,28.9,28.91,28.87,28.89,272715
20130503,28.88,28.9,28.87,28.89,152185
20130506,28.87,28.91,28.87,28.91,163357
20130507,28.89,28.91,28.88,28.88,158425
20130508,28.87,28.9,28.86,28.89,155881
20130509,28.91,28.91,28.87,28.87,245416
20130510,28.9,28.9,28.85,28.88,342068
20130513,28.87,28.89,28.86,28.89,106201
20130514,28.89,28.89,28.85,28.85,225510
20130515,28.87,28.91,28.87,28.89,180009
20130516,28.89,28.9,28.87,28.87,187015
20130517,28.9,28.91,28.86,28.87,213938
20130520,28.88,28.91,28.86,28.89,179657
20130521,28.9,28.91,28.87,28.9,290823
20130522,28.91,28.91,28.85,28.85,230013
20130523,28.88,28.89,28.85,28.89,720972
20130524,28.85,28.88,28.85,28.87,404742
20130528,28.87,28.9,28.86,28.88,413248
20130529,28.84,28.87,28.81,28.87,346528
20130530,28.87,28.87,28.84,28.87,493433
20130531,28.86,28.86,28.82,28.82,331778
20130603,28.84,28.89,28.81,28.86,1016169
20130604,28.86,28.87,28.81,28.84,519814
20130605,28.81,28.85,28.79,28.84,276660
20130606,28.84,28.86,28.83,28.86,891286
20130607,28.88,28.88,28.84,28.86,419084
20130610,28.84,28.85,28.83,28.85,605245
20130611,28.82,28.87,28.77,28.83,1971540
20130612,28.83,28.87,28.83,28.85,853361
20130613,28.85,28.85,28.8,28.84,297350
20130614,28.85,28.87,28.81,28.82,664098
20130617,28.84,28.86,28.8,28.84,305082
20130618,28.82,28.84,28.79,28.83,308732
20130619,28.8,28.83,28.68,28.77,409672
20130620,28.74,28.81,28.64,28.72,1164440
20130621,28.69,28.78,28.66,28.76,1213071
20130624,28.68,28.82,28.61,28.78,2397498
20130625,28.78,28.79,28.76,28.77,3218447
20130626,28.77,28.78,28.71,28.75,621692
20130627,28.8,28.81,28.74,28.76,392882
20130628,28.76,28.76,28.71,28.72,591412
20130701,28.75,28.78,28.74,28.77,2187321
20130702,28.75,28.77,28.74,28.76,529049
20130703,28.76,28.76,28.72,28.74,156172
20130705,28.68,28.73,28.66,28.68,449740
20130708,28.69,28.75,28.69,28.75,292982
20130709,28.74,28.75,28.71,28.74,272406
20130710,28.74,28.75,28.71,28.74,341212
20130711,28.76,28.78,28.72,28.76,452287
20130712,28.77,28.8,28.75,28.77,216190
20130715,28.78,28.78,28.69,28.71,2353060
20130716,28.72,28.75,28.7,28.74,341276
20130717,28.72,28.78,28.72,28.74,350324
20130718,28.77,28.79,28.74,28.77,382158
20130719,28.78,28.78,28.75,28.78,206478
20130722,28.81,28.81,28.78,28.8,396503
20130723,28.8,28.8,28.76,28.8,303546
20130724,28.79,28.8,28.74,28.78,662478
20130725,28.78,28.81,28.75,28.81,812126
20130726,28.8,28.82,28.79,28.81,634746
20130729,28.83,28.83,28.8,28.81,295530
20130730,28.84,28.84,28.79,28.8,310275
20130731,28.79,28.83,28.79,28.82,930016
20130801,28.79,28.82,28.79,28.79,316397
20130802,28.8,28.83,28.78,28.83,383275
20130805,28.84,28.84,28.8,28.81,292535
20130806,28.8,28.84,28.8,28.83,428782
20130807,28.81,28.85,28.8,28.84,601590
20130808,28.83,28.87,28.81,28.83,213575
20130809,28.82,28.86,28.81,28.83,378643
20130812,28.85,28.86,28.83,28.86,276899
20130813,28.85,28.85,28.8,28.85,476404
20130814,28.83,28.84,28.81,28.83,236832
20130815,28.81,28.81,28.77,28.81,373644
20130816,28.78,28.83,28.78,28.78,420261
20130819,28.79,28.8,28.76,28.8,480893
20130820,28.78,28.81,28.77,28.8,404009
20130821,28.79,28.79,28.75,28.75,471652
20130822,28.78,28.78,28.73,28.76,485772
20130823,28.73,28.76,28.71,28.73,443090
20130826,28.72,28.76,28.69,28.71,590946
20130827,28.73,28.73,28.68,28.69,329552
20130828,28.7,28.74,28.67,28.72,250416
20130829,28.73,28.75,28.69,28.75,745425
20130830,28.74,28.74,28.71,28.72,204389
20130903,28.74,28.75,28.7,28.75,320315
20130904,28.71,28.76,28.69,28.74,482114
20130905,28.7,28.76,28.68,28.76,811103
20130906,28.75,28.8,28.72,28.72,700141
20130909,28.77,28.78,28.75,28.77,583815
20130910,28.78,28.79,28.73,28.74,314405
20130911,28.75,28.84,28.75,28.81,2039393
20130912,28.81,28.85,28.8,28.84,738694
20130913,28.8,28.84,28.77,28.79,735005
20130916,28.79,28.87,28.79,28.85,817160
20130917,28.86,28.88,28.81,28.83,625799
20130918,28.86,28.94,28.83,28.92,422284
20130919,28.88,28.94,28.88,28.93,724036
20130920,28.93,28.93,28.9,28.91,317630
20130923,28.94,28.96,28.91,28.91,865724
20130924,28.89,28.93,28.87,28.9,564234
20130925,28.89,28.91,28.84,28.91,407541
20130926,28.88,28.92,28.84,28.84,564236
20130927,28.84,28.87,28.83,28.84,339909
20130930,28.84,28.94,28.84,28.92,1821940
20131001,28.89,28.94,28.88,28.9,1321188
20131002,28.91,28.93,28.89,28.89,784829
20131003,28.94,28.94,28.9,28.91,602855
20131004,28.93,28.93,28.86,28.86,623528
20131007,28.9,28.94,28.87,28.87,792863
20131008,28.86,28.9,28.82,28.82,1271964
20131009,28.86,28.86,28.78,28.81,19466061
20131010,28.84,28.89,28.84,28.87,1065893
20131011,28.87,28.87,28.84,28.86,294633
20131014,28.86,28.88,28.85,28.85,285581
20131015,28.87,28.89,28.87,28.87,229508
20131016,28.86,28.92,28.85,28.92,526171
20131017,28.91,28.95,28.91,28.94,375698
20131018,28.97,29,28.93,28.98,315178
20131021,28.97,28.99,28.94,28.95,310901
20131022,28.97,28.99,28.95,28.96,367048
20131023,28.95,28.98,28.95,28.97,297644
20131024,28.99,28.99,28.97,28.97,276168
20131025,28.99,28.99,28.96,28.97,623594
20131028,29,29,28.94,28.97,2484417
20131029,28.97,28.97,28.95,28.96,389740
20131030,28.96,28.98,28.95,28.97,311759
20131031,28.98,28.98,28.95,28.97,441770
20131101,28.99,29.02,28.97,28.98,877433
20131104,29,29,28.97,28.99,300456
20131105,28.98,29,28.97,29,538847
20131106,28.98,28.99,28.97,28.99,347837
20131107,28.99,29,28.98,28.98,285903
20131108,28.98,28.99,28.95,28.98,162439
20131111,28.99,28.99,28.95,28.96,235310
20131112,28.97,28.99,28.97,28.99,186594
20131113,28.98,29,28.98,28.99,188015
20131114,28.98,29.01,28.97,29.01,201586
20131115,29.02,29.02,28.99,29.01,311768
20131118,28.99,29.01,28.99,29,344567
20131119,29.02,29.03,28.99,29.01,293136
20131120,29,29.02,29,29.02,388134
20131121,29.03,29.04,29.01,29.03,280544
20131122,29,29.04,29,29.01,617585
20131125,29.04,29.04,29.01,29.04,309538
20131126,29.03,29.07,29.01,29.07,1105242
20131127,29.02,29.06,29.02,29.05,517185
20131129,29.06,29.07,29.04,29.05,400980
20131202,29.07,29.07,29.04,29.04,279304
20131203,29.05,29.07,29.03,29.05,323981
20131204,29.03,29.06,29.02,29.03,224927
20131205,29.02,29.04,29.02,29.03,254387
20131206,29.02,29.04,29.02,29.04,290575
20131209,29.05,29.05,29.01,29.03,262409
20131210,29.05,29.05,29.03,29.04,292323
20131211,29.02,29.04,29.01,29.04,699000
20131212,29.01,29.03,29,29.02,272491
20131213,29.02,29.04,29.01,29.03,458771
20131216,29.03,29.04,29.01,29.02,299973
20131217,29.04,29.04,29.01,29.04,310277
20131218,29.05,29.05,29.01,29.02,856972
20131219,29.01,29.03,29,29.02,875964
20131220,29,29.02,29,29,1198223
20131223,29,29.01,29,29,338167
20131224,29,29,28.98,29,200350
20131226,28.99,29,28.98,28.99,452555
20131227,28.99,29.01,28.98,29.01,570907
20131230,29.03,29.04,29,29.02,364893
20131231,29.01,29.05,29,29.04,410857
20140102,29.04,29.05,29.02,29.05,517783
20140103,29.05,29.06,29.01,29.03,613991
20140106,29.04,29.05,29.01,29.02,208072
20140107,29.04,29.05,29.03,29.04,423022
20140108,28.98,29.04,28.98,29.01,487604
20140109,29.04,29.05,29.03,29.04,349225
20140110,29.05,29.09,29.05,29.08,292298
20140113,29.08,29.09,29.06,29.08,492472
20140114,29.09,29.09,29.05,29.05,309480
20140115,29.06,29.06,29.04,29.06,670160
20140116,29.06,29.06,29.05,29.06,278899
20140117,29.06,29.08,29.05,29.06,195216
20140121,29.07,29.09,29.05,29.08,236352
20140122,29.06,29.08,29.05,29.08,683813
20140123,29.07,29.12,29.06,29.1,693919
20140124,29.11,29.13,29.06,29.08,540650
20140127,29.1,29.15,29.07,29.09,395860
20140128,29.11,29.11,29.08,29.1,705439
20140129,29.11,29.11,29.09,29.09,306525
20140130,29.13,29.13,29.09,29.09,417327
20140131,29.11,29.11,29.08,29.09,641029
20140203,29.1,29.14,29.09,29.14,496111
20140204,29.13,29.13,29.1,29.13,538674
20140205,29.12,29.14,29.11,29.14,623308
20140206,29.1,29.13,29.1,29.13,2777554
20140207,29.16,29.16,29.13,29.14,610970
20140210,29.13,29.13,29.11,29.13,259711
20140211,29.13,29.14,29.12,29.13,685024
20140212,29.14,29.15,29.13,29.13,358991
20140213,29.13,29.13,29.12,29.13,341532
20140214,29.12,29.13,29.1,29.11,517626
20140218,29.13,29.14,29.13,29.14,323929
20140219,29.14,29.15,29.11,29.13,464308
20140220,29.15,29.16,29.14,29.14,525579
20140221,29.15,29.16,29.13,29.16,285159
20140224,29.15,29.19,29.15,29.17,498991
20140225,29.17,29.17,29.15,29.16,560086
20140226,29.16,29.17,29.14,29.16,742368
20140227,29.17,29.19,29.16,29.19,340958
20140228,29.2,29.23,29.18,29.18,2072545
20140303,29.2,29.2,29.15,29.16,1861746
20140304,29.16,29.17,29.15,29.16,362087
20140305,29.18,29.18,29.15,29.16,406513
20140306,29.15,29.19,29.15,29.18,749735
20140307,29.15,29.17,29.14,29.14,359999
20140310,29.15,29.16,29.14,29.16,319028
20140311,29.16,29.19,29.13,29.16,1712085
20140312,29.17,29.17,29.15,29.16,459445
20140313,29.15,29.2,29.13,29.19,4470775
20140314,29.18,29.18,29.14,29.17,878060
20140317,29.18,29.18,29.15,29.16,515165
20140318,29.16,29.17,29.14,29.15,851593
20140319,29.15,29.18,29.1,29.11,948636
20140320,29.11,29.15,29.09,29.12,692061
20140321,29.15,29.15,29.12,29.14,273894
20140324,29.12,29.15,29.11,29.15,475722
20140325,29.15,29.17,29.14,29.16,561131
20140326,29.13,29.16,29.13,29.15,302238
20140327,29.15,29.16,29.13,29.15,464427
20140328,29.17,29.17,29.15,29.16,352577
20140331,29.14,29.18,29.14,29.17,765088
20140401,29.16,29.18,29.14,29.16,947554
20140402,29.15,29.17,29.13,29.14,296492
20140403,29.13,29.17,29.13,29.15,305448
20140404,29.16,29.18,29.16,29.17,579610
20140407,29.16,29.2,29.16,29.19,367583
20140408,29.19,29.23,29.19,29.2,524250
20140409,29.18,29.22,29.18,29.2,611670
20140410,29.22,29.25,29.2,29.24,510492
20140411,29.22,29.23,29.2,29.23,389651
20140414,29.22,29.24,29.2,29.21,604759
20140415,29.22,29.23,29.2,29.23,280357
20140416,29.22,29.23,29.21,29.22,686953
20140417,29.22,29.23,29.19,29.21,708636
20140421,29.19,29.23,29.19,29.21,376119
20140422,29.2,29.23,29.2,29.22,931989
20140423,29.22,29.22,29.21,29.21,392098
20140424,29.19,29.21,29.18,29.21,315568
20140425,29.2,29.22,29.19,29.2,597168
20140428,29.2,29.22,29.2,29.22,286264
20140429,29.22,29.24,29.21,29.22,442996
20140430,29.22,29.23,29.19,29.22,914741
20140501,29.25,29.25,29.22,29.23,806030
20140502,29.24,29.24,29.2,29.21,866874
20140505,29.2,29.23,29.2,29.21,694868
20140506,29.2,29.23,29.2,29.23,653867
20140507,29.23,29.25,29.21,29.24,1285845
20140508,29.22,29.25,29.22,29.22,1091139
20140509,29.26,29.26,29.23,29.25,443988
20140512,29.24,29.26,29.23,29.25,387817
20140513,29.24,29.25,29.22,29.25,474702
20140514,29.24,29.28,29.24,29.28,613022
20140515,29.28,29.3,29.26,29.26,428967
20140516,29.27,29.28,29.26,29.26,415683
20140519,29.28,29.29,29.26,29.29,347052
20140520,29.29,29.29,29.27,29.27,237490
20140521,29.29,29.3,29.27,29.27,354491
20140522,29.25,29.3,29.25,29.29,537580
20140523,29.3,29.3,29.28,29.29,658303
20140527,29.3,29.3,29.25,29.26,532473
20140528,29.29,29.31,29.26,29.3,203463
20140529,29.27,29.31,29.27,29.3,517621
20140530,29.28,29.32,29.28,29.31,396937
20140602,29.31,29.31,29.27,29.27,327156
20140603,29.26,29.28,29.26,29.28,399361
20140604,29.27,29.29,29.25,29.27,446977
20140605,29.25,29.27,29.25,29.26,1388453
20140606,29.26,29.28,29.26,29.26,3698351
20140609,29.27,29.27,29.26,29.26,619388
20140610,29.27,29.27,29.23,29.23,472586
20140611,29.23,29.26,29.23,29.25,930932
20140612,29.24,29.29,29.24,29.28,1302861
20140613,29.26,29.27,29.25,29.26,195394
20140616,29.25,29.27,29.25,29.26,260967
20140617,29.24,29.24,29.22,29.23,358892
20140618,29.24,29.25,29.23,29.25,306094
20140619,29.25,29.26,29.24,29.26,363880
20140620,29.28,29.28,29.25,29.26,428056
20140623,29.26,29.26,29.23,29.23,520840
20140624,29.24,29.27,29.23,29.27,609100
20140625,29.27,29.29,29.26,29.28,435915
20140626,29.28,29.29,29.26,29.27,341402
20140627,29.28,29.3,29.27,29.29,468488
20140630,29.31,29.31,29.29,29.3,219057
20140701,29.31,29.31,29.27,29.27,639455
20140702,29.29,29.29,29.27,29.29,341940
20140703,29.27,29.28,29.25,29.27,274545
20140707,29.26,29.27,29.25,29.27,311888
20140708,29.27,29.28,29.26,29.27,1949393
20140709,29.26,29.28,29.24,29.28,401300
20140710,29.28,29.3,29.26,29.26,288098
20140711,29.3,29.31,29.28,29.28,355568
20140714,29.29,29.3,29.27,29.29,226042
20140715,29.3,29.3,29.27,29.27,254357
20140716,29.26,29.27,29.26,29.27,280239
20140717,29.27,29.29,29.26,29.29,300014
20140718,29.26,29.29,29.26,29.28,233817
20140721,29.25,29.28,29.25,29.27,259242
20140722,29.29,29.3,29.28,29.28,268454
20140723,29.3,29.31,29.28,29.29,267380
20140724,29.27,29.28,29.25,29.26,227469
20140725,29.29,29.29,29.26,29.26,294072
20140728,29.27,29.28,29.26,29.26,387526
20140729,29.28,29.29,29.26,29.28,354933
20140730,29.26,29.29,29.24,29.27,771708
20140731,29.27,29.27,29.24,29.26,333883
20140801,29.29,29.3,29.28,29.29,257798
20140804,29.27,29.3,29.27,29.3,310110
20140805,29.3,29.3,29.27,29.29,293971
20140806,29.29,29.31,29.28,29.28,387087
20140807,29.3,29.31,29.29,29.3,322148
20140808,29.32,29.33,29.3,29.3,273386
20140811,29.3,29.32,29.3,29.3,373486
20140812,29.3,29.32,29.28,29.3,347634
20140813,29.3,29.32,29.3,29.32,332701
20140814,29.3,29.33,29.3,29.31,275528
20140815,29.31,29.35,29.3,29.3,3511235
20140818,29.32,29.33,29.3,29.31,278699
20140819,29.3,29.34,29.3,29.33,296594
20140820,29.3,29.31,29.3,29.3,323841
20140821,29.31,29.33,29.29,29.32,986633
20140822,29.3,29.31,29.3,29.3,228832
20140825,29.29,29.29,29.27,29.28,308387
20140826,29.3,29.31,29.29,29.29,707637
20140827,29.3,29.3,29.29,29.3,222412
20140828,29.31,29.31,29.28,29.28,374783
20140829,29.29,29.33,29.29,29.32,579320
20140902,29.3,29.31,29.28,29.29,367541
20140903,29.29,29.3,29.28,29.28,249976
20140904,29.29,29.31,29.28,29.3,317810
20140905,29.31,29.32,29.28,29.28,1448914
20140908,29.3,29.32,29.29,29.29,190079
20140909,29.27,29.29,29.27,29.28,450425
20140910,29.27,29.28,29.27,29.27,610493
20140911,29.27,29.29,29.27,29.27,520591
20140912,29.26,29.27,29.26,29.27,587485
20140915,29.29,29.3,29.27,29.27,388086
20140916,29.27,29.28,29.26,29.27,431363
20140917,29.27,29.29,29.25,29.26,384177
20140918,29.25,29.27,29.25,29.25,757633
20140919,29.25,29.27,29.24,29.27,199304
20140922,29.26,29.27,29.26,29.27,326770
20140923,29.29,29.29,29.26,29.27,402237
20140924,29.29,29.29,29.25,29.27,508654
20140925,29.27,29.28,29.26,29.26,314289
20140926,29.28,29.28,29.26,29.27,270705
20140929,29.26,29.27,29.25,29.25,409208
20140930,29.26,29.27,29.26,29.27,445057
20141001,29.27,29.31,29.27,29.3,1250892
20141002,29.3,29.31,29.28,29.3,571000
20141003,29.29,29.29,29.26,29.27,286428
20141006,29.3,29.31,29.29,29.3,516088
20141007,29.29,29.31,29.29,29.3,251113
20141008,29.3,29.34,29.3,29.32,1275910
20141009,29.3,29.33,29.3,29.3,230867
20141010,29.3,29.33,29.3,29.31,224953
20141013,29.32,29.35,29.31,29.31,523971
20141014,29.32,29.35,29.32,29.33,234706
20141015,29.4,29.41,29.36,29.37,875990
20141016,29.37,29.4,29.36,29.37,369604
20141017,29.38,29.39,29.35,29.37,296514
20141020,29.37,29.4,29.36,29.37,405140
20141021,29.39,29.43,29.37,29.39,998701
20141022,29.38,29.41,29.38,29.38,400020
20141023,29.37,29.39,29.37,29.38,384070
20141024,29.38,29.38,29.34,29.34,1043611
20141027,29.34,29.36,29.33,29.33,1354249
20141028,29.34,29.36,29.31,29.32,392298
20141029,29.33,29.36,29.3,29.32,648205
20141030,29.33,29.36,29.32,29.36,836676
20141031,29.34,29.37,29.32,29.35,644711
20141103,29.35,29.37,29.31,29.32,984081
20141104,29.29,29.32,29.29,29.31,210059
20141105,29.31,29.33,29.28,29.31,538285
20141106,29.32,29.32,29.28,29.31,244979
20141107,29.29,29.33,29.29,29.33,223781
20141110,29.34,29.34,29.29,29.3,187833
20141111,29.3,29.33,29.27,29.28,264615
20141112,29.31,29.31,29.28,29.29,336954
20141113,29.32,29.32,29.29,29.31,360428
20141114,29.3,29.31,29.27,29.29,531589
20141117,29.3,29.32,29.3,29.3,232742
20141118,29.29,29.3,29.27,29.3,590726
20141119,29.29,29.31,29.28,29.29,223854
20141120,29.29,29.3,29.27,29.3,506713
20141121,29.29,29.32,29.28,29.29,345632
20141124,29.29,29.33,29.28,29.32,416163
20141125,29.3,29.34,29.3,29.33,272320
20141126,29.33,29.35,29.32,29.35,359454
20141128,29.33,29.37,29.33,29.36,185757
20141201,29.36,29.4,29.35,29.36,486975
20141202,29.34,29.37,29.33,29.34,432375
20141203,29.33,29.35,29.31,29.31,491044
20141204,29.33,29.34,29.3,29.33,753590
20141205,29.31,29.31,29.28,29.28,229644
20141208,29.29,29.3,29.27,29.27,584885
20141209,29.28,29.3,29.26,29.27,736899
20141210,29.28,29.29,29.25,29.25,1097344
20141211,29.29,29.3,29.26,29.29,402830
20141212,29.24,29.28,29.22,29.26,569135
20141215,29.28,29.3,29.23,29.24,613193
20141216,29.26,29.29,29.24,29.26,823852
20141217,29.31,29.32,29.25,29.26,365596
20141218,29.25,29.29,29.25,29.27,471837
20141219,29.24,29.29,29.19,29.23,554513
20141222,29.22,29.27,29.22,29.26,508149
20141223,29.25,29.25,29.2,29.21,358909
20141224,29.22,29.25,29.21,29.25,478998
20141226,29.24,29.26,29.2,29.25,466121
20141229,29.27,29.28,29.23,29.27,482708
20141230,29.26,29.28,29.23,29.28,492909
20141231,29.25,29.31,29.25,29.3,647573
20150102,29.28,29.31,29.28,29.29,231115
20150105,29.29,29.32,29.25,29.25,493950
20150106,29.27,29.3,29.25,29.25,643269
20150107,29.26,29.31,29.26,29.27,987199
20150108,29.29,29.32,29.26,29.32,438804
20150109,29.3,29.34,29.29,29.34,413888
20150112,29.35,29.37,29.32,29.33,421763
20150113,29.35,29.37,29.35,29.36,230458
20150114,29.38,29.39,29.35,29.35,292836
20150115,29.37,29.4,29.35,29.37,390614
20150116,29.36,29.38,29.32,29.33,3028020
20150120,29.35,29.38,29.32,29.34,1464200
20150121,29.38,29.39,29.35,29.38,509418
20150122,29.38,29.4,29.34,29.35,522553
20150123,29.36,29.39,29.35,29.39,313487
20150126,29.39,29.39,29.35,29.37,378586
20150127,29.4,29.42,29.39,29.4,1996041
20150128,29.4,29.45,29.4,29.43,1093202
20150129,29.39,29.41,29.37,29.41,555227
20150130,29.43,29.44,29.4,29.42,776255
20150202,29.46,29.46,29.42,29.46,259156
20150203,29.45,29.45,29.42,29.44,333089
20150204,29.4,29.43,29.38,29.42,224466
20150205,29.45,29.46,29.41,29.46,529465
20150206,29.41,29.41,29.36,29.36,1234839
20150209,29.34,29.4,29.34,29.39,364160
20150210,29.36,29.4,29.34,29.36,758172
20150211,29.39,29.4,29.37,29.38,319839
20150212,29.38,29.43,29.38,29.41,351585
20150213,29.37,29.44,29.37,29.39,481580
20150217,29.39,29.44,29.36,29.37,568533
20150218,29.36,29.4,29.35,29.37,654836
20150219,29.38,29.4,29.36,29.4,455299
20150220,29.37,29.41,29.37,29.4,638257
20150223,29.39,29.46,29.39,29.44,371647
20150224,29.45,29.53,29.43,29.47,13276210
20150225,29.47,29.49,29.46,29.48,3739013
20150226,29.49,29.49,29.46,29.46,1038650
20150227,29.46,29.49,29.46,29.48,1095381
20150302,29.46,29.49,29.43,29.45,456402
20150303,29.42,29.44,29.42,29.42,417945
20150304,29.46,29.46,29.41,29.43,606625
20150305,29.44,29.47,29.44,29.45,424928
20150306,29.45,29.46,29.42,29.43,390228
20150309,29.4,29.44,29.4,29.41,305415
20150310,29.4,29.43,29.38,29.38,439129
20150311,29.4,29.43,29.38,29.42,269100
20150312,29.42,29.44,29.38,29.38,579647
20150313,29.41,29.44,29.39,29.42,554808
20150316,29.4,29.42,29.39,29.4,311297
20150317,29.41,29.43,29.41,29.41,284987
20150318,29.39,29.46,29.38,29.44,569463
20150319,29.41,29.44,29.39,29.39,586605
20150320,29.41,29.44,29.41,29.44,300157
20150323,29.44,29.46,29.41,29.45,975955
20150324,29.43,29.46,29.43,29.45,549393
20150325,29.44,29.46,29.44,29.46,632690
20150326,29.44,29.45,29.43,29.45,623589
20150327,29.45,29.45,29.44,29.45,230473
20150330,29.48,29.51,29.48,29.51,543423
20150331,29.47,29.54,29.47,29.53,1024341
20150401,29.5,29.54,29.5,29.53,536225
20150402,29.54,29.59,29.54,29.55,1021967
20150406,29.55,29.58,29.53,29.54,280505
20150407,29.57,29.57,29.51,29.53,415790
20150408,29.54,29.56,29.52,29.53,395802
20150409,29.52,29.55,29.51,29.52,361786
20150410,29.53,29.56,29.52,29.55,212445
20150413,29.54,29.57,29.53,29.56,225292
20150414,29.54,29.57,29.54,29.54,249884
20150415,29.54,29.58,29.54,29.56,285408
20150416,29.56,29.59,29.54,29.54,620375
20150417,29.56,29.56,29.53,29.53,204077
20150420,29.56,29.57,29.53,29.53,395935
20150421,29.53,29.55,29.52,29.53,274524
20150422,29.55,29.55,29.51,29.53,142659
20150423,29.52,29.56,29.52,29.55,230475
20150424,29.52,29.56,29.52,29.55,387229
20150427,29.55,29.57,29.53,29.57,1263585
20150428,29.58,29.58,29.55,29.57,279777
20150429,29.54,29.54,29.51,29.53,858731
20150430,29.53,29.53,29.5,29.51,313417
20150501,29.55,29.57,29.52,29.56,269503
20150504,29.51,29.54,29.51,29.53,252739
20150505,29.53,29.55,29.5,29.51,481586
20150506,29.54,29.58,29.51,29.53,1035119
20150507,29.51,29.55,29.51,29.55,731156
20150508,29.56,29.6,29.56,29.57,1261620
20150511,29.59,29.59,29.54,29.54,418991
20150512,29.54,29.56,29.51,29.54,1023070
20150513,29.53,29.58,29.53,29.56,705948
20150514,29.57,29.59,29.57,29.59,544141
20150515,29.58,29.63,29.58,29.61,624104
20150518,29.61,29.61,29.57,29.57,324093
20150519,29.56,29.56,29.52,29.55,587028
20150520,29.54,29.55,29.51,29.55,485691
20150521,29.58,29.59,29.56,29.57,467191
20150522,29.55,29.55,29.52,29.54,207772
20150526,29.51,29.53,29.5,29.52,410929
20150527,29.53,29.53,29.49,29.52,682900
20150528,29.51,29.53,29.49,29.52,296210
20150529,29.54,29.54,29.51,29.51,441343
20150601,29.52,29.57,29.51,29.55,878493
20150602,29.48,29.53,29.48,29.52,457025
20150603,29.49,29.52,29.48,29.48,598540
20150604,29.48,29.5,29.46,29.48,270443
20150605,29.48,29.49,29.45,29.48,269274
20150608,29.47,29.5,29.47,29.49,265565
20150609,29.46,29.48,29.46,29.48,166739
20150610,29.46,29.48,29.45,29.48,378917
20150611,29.46,29.48,29.44,29.47,238289
20150612,29.46,29.47,29.43,29.45,2610678
20150615,29.46,29.5,29.44,29.44,2329729
20150616,29.42,29.45,29.42,29.43,552948
20150617,29.43,29.48,29.43,29.47,1036517
20150618,29.48,29.49,29.46,29.47,754815
20150619,29.48,29.48,29.45,29.47,743949
20150622,29.47,29.49,29.46,29.48,657256
20150623,29.44,29.48,29.44,29.48,1227937
20150624,29.48,29.48,29.46,29.47,962634
20150625,29.47,29.48,29.45,29.46,455629
20150626,29.46,29.46,29.42,29.44,386111
20150629,29.45,29.48,29.45,29.47,279351
20150630,29.46,29.48,29.45,29.48,816182
20150701,29.45,29.48,29.44,29.47,1129108
20150702,29.49,29.52,29.48,29.48,436762
20150706,29.55,29.55,29.49,29.53,1792896
20150707,29.54,29.57,29.51,29.54,710755
20150708,29.55,29.58,29.54,29.57,1159280
20150709,29.56,29.58,29.56,29.56,717064
20150710,29.53,29.53,29.48,29.5,340570
20150713,29.49,29.53,29.49,29.5,398291
20150714,29.49,29.51,29.47,29.48,470088
20150715,29.49,29.49,29.46,29.48,883922
20150716,29.49,29.49,29.46,29.47,412011
20150717,29.46,29.47,29.45,29.46,325049
20150720,29.45,29.46,29.44,29.45,258845
20150721,29.47,29.48,29.45,29.46,207405
20150722,29.45,29.48,29.45,29.46,535884
20150723,29.46,29.49,29.45,29.47,332970
20150724,29.46,29.47,29.45,29.45,266724
20150727,29.46,29.49,29.46,29.49,614781
20150728,29.51,29.52,29.48,29.5,493128
20150729,29.5,29.51,29.47,29.48,492499
20150730,29.49,29.49,29.45,29.48,422038
20150731,29.49,29.53,29.49,29.52,393299
20150803,29.52,29.53,29.5,29.51,330592
20150804,29.52,29.54,29.47,29.47,885550
20150805,29.49,29.49,29.45,29.46,402069
20150806,29.45,29.49,29.45,29.48,1063368
20150807,29.46,29.46,29.41,29.43,412239
20150810,29.44,29.49,29.43,29.46,344980
20150811,29.44,29.48,29.44,29.45,399251
20150812,29.47,29.51,29.47,29.48,412662
20150813,29.45,29.47,29.43,29.43,435548
20150814,29.42,29.46,29.42,29.44,1534663
20150817,29.44,29.46,29.43,29.46,314807
20150818,29.46,29.46,29.43,29.44,281402
20150819,29.42,29.49,29.42,29.46,501760
20150820,29.48,29.48,29.45,29.47,327659
20150821,29.47,29.49,29.44,29.49,430824
20150824,29.49,29.54,29.47,29.51,1283664
20150825,29.5,29.54,29.49,29.53,1028235
20150826,29.45,29.52,29.45,29.51,331953
20150827,29.48,29.5,29.46,29.48,979402
20150828,29.5,29.5,29.43,29.45,551076
20150831,29.47,29.48,29.42,29.43,3194236
20150901,29.43,29.46,29.42,29.44,850678
20150902,29.44,29.48,29.43,29.47,1590026
20150903,29.45,29.49,29.45,29.48,339861
20150904,29.48,29.49,29.47,29.48,205478
20150908,29.49,29.53,29.47,29.5,716004
20150909,29.48,29.5,29.47,29.5,392218
20150910,29.5,29.51,29.47,29.48,577512
20150911,29.48,29.52,29.48,29.5,360541
20150914,29.49,29.51,29.48,29.5,386761
20150915,29.47,29.49,29.44,29.45,366838
20150916,29.44,29.48,29.44,29.45,285308
20150917,29.44,29.52,29.43,29.52,307431
20150918,29.55,29.55,29.5,29.51,390912
20150921,29.51,29.53,29.5,29.5,360820
20150922,29.52,29.53,29.5,29.51,870335
20150923,29.53,29.54,29.52,29.53,285547
20150924,29.53,29.54,29.51,29.53,236986
20150925,29.5,29.51,29.49,29.51,220032
20150928,29.52,29.53,29.51,29.51,250292
20150929,29.52,29.54,29.51,29.51,514633
20150930,29.53,29.55,29.51,29.52,659635
20151001,29.53,29.54,29.51,29.53,762827
20151002,29.57,29.6,29.56,29.57,860792
20151005,29.58,29.61,29.56,29.57,281902
20151006,29.59,29.63,29.58,29.63,668635
20151007,29.61,29.66,29.6,29.62,17197765
20151008,29.64,29.64,29.59,29.61,458971
20151009,29.58,29.64,29.58,29.62,541830
20151012,29.64,29.65,29.6,29.65,314523
20151013,29.62,29.66,29.62,29.64,452840
20151014,29.66,29.68,29.66,29.68,289590
20151015,29.69,29.69,29.64,29.66,1414686
20151016,29.65,29.67,29.63,29.64,650014
20151019,29.63,29.67,29.62,29.67,1112375
20151020,29.63,29.67,29.63,29.67,623591
20151021,29.66,29.69,29.66,29.68,304622
20151022,29.66,29.72,29.66,29.71,306389
20151023,29.66,29.69,29.65,29.67,291149
20151026,29.69,29.69,29.64,29.64,445801
20151027,29.65,29.67,29.63,29.65,390049
20151028,29.65,29.68,29.63,29.63,280204
20151029,29.61,29.62,29.59,29.59,267665
20151030,29.61,29.63,29.6,29.6,286015
20151102,29.62,29.64,29.59,29.61,433836
20151103,29.59,29.63,29.57,29.62,1141253
20151104,29.61,29.62,29.57,29.59,369288
20151105,29.58,29.6,29.56,29.58,277749
20151106,29.56,29.6,29.53,29.56,598474
20151109,29.55,29.58,29.52,29.55,283642
20151110,29.55,29.59,29.53,29.57,355684
20151111,29.57,29.62,29.57,29.59,274946
20151112,29.62,29.62,29.58,29.6,392043
20151113,29.58,29.61,29.56,29.56,636205
20151116,29.6,29.62,29.59,29.6,235814
20151117,29.6,29.61,29.56,29.59,411996
20151118,29.59,29.59,29.56,29.56,427566
20151119,29.53,29.57,29.53,29.56,308690
20151120,29.58,29.61,29.57,29.6,400032
20151123,29.59,29.6,29.57,29.6,424756
20151124,29.59,29.61,29.56,29.59,372257
20151125,29.61,29.61,29.58,29.61,342499
20151127,29.6,29.63,29.6,29.62,253496
20151130,29.62,29.64,29.59,29.64,6172152
20151201,29.63,29.67,29.63,29.66,1500511
20151202,29.62,29.66,29.6,29.66,1067570
20151203,29.64,29.66,29.59,29.63,754713
20151204,29.59,29.63,29.59,29.62,450491
20151207,29.61,29.65,29.57,29.62,1282946
20151208,29.59,29.61,29.58,29.6,289222
20151209,29.58,29.61,29.56,29.59,481606
20151210,29.57,29.6,29.56,29.58,849425
20151211,29.57,29.62,29.55,29.61,371918
20151214,29.59,29.63,29.57,29.62,604872
20151215,29.52,29.61,29.52,29.57,639904
20151216,29.53,29.56,29.5,29.5,513791
20151217,29.5,29.53,29.48,29.5,893484
20151218,29.48,29.55,29.48,29.53,7653722
20151221,29.53,29.56,29.52,29.55,427171
20151222,29.51,29.56,29.51,29.55,740805
20151223,29.51,29.54,29.5,29.52,534104
20151224,29.52,29.55,29.49,29.53,418508
20151228,29.52,29.52,29.49,29.51,690454
20151229,29.53,29.53,29.49,29.5,487962
20151230,29.51,29.53,29.47,29.53,486413
20151231,29.53,29.56,29.5,29.55,408130
20160104,29.58,29.59,29.49,29.55,751837
20160105,29.53,29.58,29.51,29.56,2575515
20160106,29.57,29.59,29.56,29.59,606178
20160107,29.59,29.6,29.57,29.6,660106
20160108,29.57,29.61,29.54,29.57,2883741
20160111,29.58,29.62,29.56,29.6,1719335
20160112,29.61,29.63,29.58,29.6,771812
20160113,29.56,29.6,29.56,29.6,752235
20160114,29.62,29.63,29.58,29.59,565221
20160115,29.61,29.61,29.56,29.57,1223007
20160119,29.59,29.62,29.55,29.59,2021043
20160120,29.54,29.6,29.47,29.5,1792990
20160121,29.5,29.55,29.48,29.51,1064919
20160122,29.5,29.56,29.47,29.51,5000915
20160125,29.53,29.55,29.49,29.52,512649
20160126,29.55,29.55,29.51,29.53,1084292
20160127,29.5,29.51,29.48,29.49,575615
20160128,29.51,29.54,29.51,29.53,441846
20160129,29.51,29.55,29.51,29.53,767795
20160201,29.59,29.59,29.52,29.54,1799333
20160202,29.52,29.54,29.52,29.52,758556
20160203,29.57,29.57,29.53,29.54,1957222
20160204,29.53,29.56,29.53,29.56,307841
20160205,29.54,29.55,29.52,29.54,285706
20160208,29.53,29.57,29.53,29.57,262631
20160209,29.59,29.62,29.56,29.59,1627295
20160210,29.62,29.64,29.56,29.62,1488847
20160211,29.67,29.67,29.59,29.6,586521
20160212,29.55,29.55,29.51,29.53,450468
20160216,29.53,29.56,29.53,29.54,348096
20160217,29.55,29.56,29.53,29.55,367327
20160218,29.58,29.59,29.56,29.58,376117
20160219,29.56,29.61,29.56,29.56,258183
20160222,29.54,29.59,29.54,29.59,656564
20160223,29.57,29.63,29.56,29.61,1075895
20160224,29.58,29.64,29.58,29.61,1158447
20160225,29.64,29.65,29.6,29.64,971735
20160226,29.63,29.64,29.6,29.64,699675
20160229,29.61,29.68,29.61,29.67,640883
20160301,29.69,29.69,29.64,29.66,435705
20160302,29.6,29.67,29.6,29.62,5352113
20160303,29.64,29.64,29.56,29.6,2577117
20160304,29.57,29.6,29.55,29.58,1114590
20160307,29.59,29.6,29.56,29.58,759935
20160308,29.6,29.61,29.58,29.59,385425
20160309,29.6,29.6,29.57,29.6,932420
20160310,29.62,29.62,29.58,29.6,406274
20160311,29.6,29.63,29.6,29.62,450304
20160314,29.63,29.64,29.61,29.63,790701
20160315,29.65,29.67,29.63,29.66,807195
20160316,29.65,29.72,29.64,29.71,370101
20160317,29.74,29.74,29.71,29.71,483947
20160318,29.74,29.74,29.71,29.72,594365
20160321,29.73,29.75,29.71,29.74,726712
20160322,29.73,29.76,29.72,29.72,456013
20160323,29.73,29.75,29.73,29.74,281960
20160324,29.71,29.76,29.71,29.74,682579
20160328,29.76,29.78,29.72,29.74,474122
20160329,29.78,29.81,29.76,29.79,668176
20160330,29.82,29.83,29.79,29.81,267005
20160331,29.8,29.85,29.8,29.85,775251
20160401,29.85,29.89,29.82,29.87,356828
20160404,29.86,29.89,29.84,29.87,219658
20160405,29.85,29.89,29.85,29.86,1219526
20160406,29.87,29.88,29.83,29.87,545244
20160407,29.91,29.91,29.87,29.89,712885
20160408,29.91,29.91,29.89,29.89,368588
20160411,29.96,29.96,29.88,29.94,607378
20160412,29.91,29.94,29.89,29.91,411729
20160413,29.9,29.9,29.87,29.89,580122
20160414,29.89,29.91,29.86,29.87,688952
20160415,29.91,29.92,29.89,29.91,337482
20160418,29.88,29.93,29.88,29.92,365982
20160419,29.9,29.93,29.9,29.91,455365
20160420,29.9,29.95,29.9,29.91,430660
20160421,29.92,29.94,29.9,29.93,320087
20160422,29.94,29.97,29.93,29.95,462932
20160425,29.92,29.95,29.91,29.91,4780199
20160426,29.91,29.92,29.87,29.9,510520
20160427,29.93,29.94,29.89,29.91,2069411
20160428,29.91,29.95,29.91,29.94,311462
20160429,29.9,29.96,29.89,29.96,10348165
20160502,29.97,29.97,29.94,29.95,478227
20160503,29.97,30,29.95,29.96,697321
20160504,29.98,29.99,29.95,29.97,432778
20160505,30,30.02,29.99,30.01,643920
20160506,29.98,30.01,29.98,29.98,449648
20160509,29.99,30.03,29.99,30.02,213827
20160510,30.03,30.06,30,30.05,529216
20160511,30.01,30.04,30.01,30.04,284122
20160512,30.03,30.04,30,30.03,222629
20160513,30,30.03,30,30.03,314460
20160516,30.02,30.03,29.98,29.99,4672215
20160517,30.02,30.02,29.98,29.98,275143
20160518,29.94,29.97,29.92,29.92,337521
20160519,29.94,29.94,29.92,29.94,302618
20160520,29.91,29.94,29.9,29.91,441597
20160523,29.94,29.95,29.92,29.93,354211
20160524,29.9,29.94,29.9,29.93,355892
20160525,29.92,29.95,29.92,29.94,440932
20160526,29.96,29.96,29.94,29.96,288078
20160527,29.95,30,29.94,29.95,425153
20160531,29.94,29.98,29.94,29.97,1350639
20160601,30,30.01,29.98,30,317984
20160602,29.96,29.99,29.95,29.99,469448
20160603,30.06,30.06,30.03,30.04,895787
20160606,30.04,30.04,30,30.02,374335
20160607,30.04,30.05,29.99,30.05,443415
20160608,30.05,30.07,30.04,30.06,616155
20160609,30.07,30.09,30.05,30.08,611693
20160610,30.06,30.08,30.05,30.08,307051
20160613,30.07,30.11,30.07,30.11,276212
20160614,30.11,30.11,30.06,30.08,251918
20160615,30.1,30.13,30.07,30.08,451108
20160616,30.09,30.12,30.07,30.1,346002
20160617,30.12,30.13,30.1,30.1,314671
20160620,30.11,30.13,30.09,30.09,880910
20160621,30.1,30.11,30.07,30.08,446767
20160622,30.12,30.12,30.09,30.1,602398
20160623,30.1,30.1,30.08,30.09,167745
20160624,30.09,30.15,30.09,30.14,720397
20160627,30.09,30.14,30.08,30.08,437409
20160628,30.06,30.15,30.06,30.13,803510
20160629,30.14,30.19,30.13,30.17,1351094
20160630,30.15,30.18,30.13,30.16,1626625
20160701,30.18,30.19,30.15,30.19,361354
20160705,30.16,30.24,30.16,30.22,1136554
20160706,30.24,30.24,30.19,30.22,340529
20160707,30.19,30.21,30.19,30.19,829100
20160708,30.21,30.23,30.18,30.19,770518
20160711,30.23,30.23,30.18,30.2,383441
20160712,30.21,30.22,30.18,30.2,691534
20160713,30.2,30.21,30.18,30.18,304425
20160714,30.16,30.18,30.13,30.14,2902391
20160715,30.15,30.19,30.14,30.16,1052645
20160718,30.15,30.21,30.15,30.2,599784
20160719,30.2,30.2,30.17,30.19,331308
20160720,30.18,30.18,30.15,30.16,366923
20160721,30.18,30.2,30.16,30.2,149005
20160722,30.18,30.2,30.17,30.19,330872
20160725,30.18,30.2,30.18,30.2,517913
20160726,30.19,30.21,30.18,30.18,658077
20160727,30.2,30.22,30.18,30.2,610881
20160728,30.19,30.21,30.17,30.21,458388
20160729,30.22,30.26,30.2,30.26,258903
20160801,30.23,30.25,30.23,30.25,136016
20160802,30.23,30.25,30.23,30.24,843948
20160803,30.24,30.25,30.23,30.24,253482
20160804,30.26,30.26,30.24,30.24,766447
20160805,30.26,30.26,30.23,30.24,2050152
20160808,30.25,30.25,30.21,30.24,483766
20160809,30.23,30.24,30.22,30.24,418781
20160810,30.27,30.27,30.24,30.24,477144
20160811,30.28,30.28,30.24,30.24,316256
20160812,30.28,30.29,30.25,30.28,228059
20160815,30.26,30.29,30.26,30.26,411595
20160816,30.24,30.26,30.24,30.25,350103
20160817,30.26,30.26,30.23,30.26,213981
20160818,30.27,30.28,30.25,30.27,295709
20160819,30.29,30.31,30.26,30.28,481199
20160822,30.27,30.29,30.25,30.26,268551
20160823,30.29,30.29,30.26,30.26,316026
20160824,30.25,30.29,30.25,30.27,249966
20160825,30.26,30.27,30.24,30.25,303904
20160826,30.25,30.26,30.23,30.23,1015908
20160829,30.2,30.23,30.2,30.22,249740
20160830,30.24,30.25,30.21,30.25,315536
20160831,30.26,30.27,30.24,30.24,672479
20160901,30.22,30.23,30.2,30.21,314267
20160902,30.18,30.21,30.18,30.2,440407
20160906,30.19,30.24,30.18,30.24,244345
20160907,30.26,30.26,30.23,30.24,417926
20160908,30.2,30.23,30.17,30.19,1088821
20160909,30.18,30.22,30.18,30.21,1359780
20160912,30.17,30.2,30.16,30.17,552912
20160913,30.2,30.2,30.17,30.18,549783
20160914,30.16,30.2,30.16,30.19,491818
20160915,30.2,30.22,30.19,30.2,402637
20160916,30.2,30.2,30.17,30.19,363309
20160919,30.19,30.19,30.17,30.18,228299
20160920,30.18,30.18,30.16,30.17,409558
20160921,30.19,30.25,30.17,30.21,609464
20160922,30.19,30.22,30.19,30.2,678100
20160923,30.18,30.2,30.18,30.2,447783
20160926,30.19,30.22,30.19,30.22,1298734
20160927,30.19,30.22,30.19,30.22,1306523
20160928,30.23,30.24,30.23,30.23,232672
20160929,30.21,30.23,30.2,30.21,1026888
20160930,30.21,30.24,30.2,30.24,765526
20161003,30.22,30.23,30.2,30.2,427098
20161004,30.2,30.2,30.15,30.16,1337991
20161005,30.16,30.2,30.16,30.18,346004
20161006,30.17,30.19,30.16,30.17,1038604
20161007,30.15,30.17,30.15,30.17,282498
20161010,30.18,30.19,30.17,30.17,279379
20161011,30.14,30.17,30.14,30.15,628231
20161012,30.15,30.17,30.15,30.15,376220
20161013,30.14,30.18,30.14,30.16,316442
20161014,30.17,30.19,30.17,30.18,323150
20161017,30.21,30.22,30.2,30.21,242953
20161018,30.21,30.22,30.19,30.22,310900
20161019,30.18,30.22,30.18,30.22,249922
20161020,30.22,30.24,30.21,30.22,1315847
20161021,30.21,30.24,30.19,30.23,754116
20161024,30.27,30.27,30.2,30.21,349855
20161025,30.2,30.21,30.2,30.2,265275
20161026,30.21,30.22,30.19,30.19,378311
20161027,30.19,30.19,30.16,30.17,249769
20161028,30.18,30.21,30.18,30.19,351203
20161031,30.2,30.23,30.19,30.22,424156
20161101,30.23,30.23,30.19,30.2,358960
20161102,30.18,30.25,30.18,30.22,535186
20161103,30.2,30.22,30.19,30.2,209557
20161104,30.22,30.25,30.22,30.23,503416
20161107,30.23,30.26,30.21,30.22,644916
20161108,30.18,30.2,30.16,30.18,13374171
20161109,30.14,30.21,30.14,30.14,512072
20161110,30.15,30.18,30.14,30.17,486064
20161111,30.13,30.16,30.11,30.11,491551
20161114,30.07,30.12,30.04,30.05,3662532
20161115,30.02,30.09,30.02,30.09,775249
20161116,30.05,30.09,30.04,30.09,6662409
20161117,30.07,30.1,30.07,30.08,231623
20161118,30.08,30.08,30.04,30.05,269707
20161121,30.05,30.07,30.04,30.06,582704
20161122,30.07,30.09,30.06,30.08,658218
20161123,30.03,30.06,30.03,30.04,279152
20161125,30.02,30.06,30.02,30.06,139959
20161128,30.04,30.08,30.04,30.08,640957
20161129,30.09,30.09,30.06,30.07,245090
20161130,30.04,30.09,30.04,30.09,827967
20161201,30.08,30.09,30.06,30.08,257851
20161202,30.09,30.1,30.06,30.1,261652
20161205,30.07,30.11,30.07,30.11,282392
20161206,30.07,30.11,30.07,30.1,934611
20161207,30.09,30.13,30.09,30.11,1346805
20161208,30.11,30.14,30.11,30.11,700649
20161209,30.12,30.12,30.1,30.12,531600
20161212,30.09,30.12,30.09,30.12,603303
20161213,30.13,30.13,30.08,30.08,592865
20161214,30.08,30.12,30.06,30.06,1749756
20161215,30.06,30.06,30.04,30.05,644532
20161216,30.06,30.07,30.04,30.04,521474
20161219,30.08,30.09,30.04,30.06,518176
20161220,30.03,30.09,30.03,30.08,1603383
20161221,30.05,30.1,30.05,30.1,453188
20161222,30.09,30.12,30.07,30.11,2366549
20161223,30.13,30.13,30.1,30.11,314249
20161227,30.1,30.1,30.07,30.1,716020
20161228,30.12,30.13,30.08,30.12,398304
20161229,30.09,30.14,30.09,30.14,450731
20161230,30.15,30.17,30.12,30.17,540834
20170103,30.18,30.18,30.12,30.14,641467
20170104,30.12,30.15,30.12,30.15,427984
20170105,30.15,30.18,30.14,30.17,301539
20170106,30.17,30.17,30.14,30.16,312331
20170109,30.14,30.2,30.14,30.18,771221
20170110,30.15,30.2,30.15,30.17,292351
20170111,30.16,30.21,30.16,30.17,1017991
20170112,30.17,30.19,30.16,30.18,268004
20170113,30.18,30.19,30.16,30.19,281522
20170117,30.2,30.21,30.17,30.18,17936522
20170118,30.17,30.19,30.16,30.18,410177
20170119,30.13,30.16,30.13,30.15,235559
20170120,30.15,30.19,30.15,30.19,267098
20170123,30.22,30.23,30.19,30.23,256645
20170124,30.2,30.21,30.17,30.2,373587
20170125,30.19,30.19,30.17,30.19,193377
20170126,30.17,30.21,30.17,30.21,1098967
20170127,30.19,30.21,30.19,30.21,341844
20170130,30.18,30.2,30.17,30.19,813292
20170131,30.19,30.24,30.19,30.23,3980757
20170201,30.21,30.22,30.18,30.21,577364
20170202,30.23,30.23,30.21,30.22,793597
20170203,30.24,30.26,30.22,30.23,1538255
20170206,30.25,30.26,30.21,30.26,2521950
20170207,30.23,30.26,30.23,30.24,298213
20170208,30.27,30.28,30.24,30.24,2620711
20170209,30.21,30.25,30.21,30.24,286267
20170210,30.21,30.24,30.21,30.23,249285
20170213,30.23,30.26,30.23,30.25,480736
20170214,30.24,30.25,30.21,30.23,447340
20170215,30.24,30.25,30.22,30.24,411241
20170216,30.22,30.24,30.22,30.24,169441
20170217,30.28,30.28,30.26,30.27,396105
20170221,30.25,30.28,30.25,30.26,962314
20170222,30.28,30.29,30.27,30.28,928385
20170223,30.26,30.3,30.26,30.29,435789
20170224,30.3,30.32,30.28,30.32,722746
20170227,30.31,30.32,30.3,30.3,439739
20170228,30.28,30.31,30.28,30.29,457057
20170301,30.26,30.28,30.25,30.27,460572
20170302,30.24,30.25,30.23,30.25,410763
20170303,30.25,30.27,30.24,30.27,378162
20170306,30.28,30.28,30.26,30.27,271773
20170307,30.28,30.28,30.24,30.24,313175
20170308,30.23,30.25,30.22,30.24,525850
20170309,30.24,30.24,30.21,30.22,250545
20170310,30.24,30.24,30.22,30.23,432790
20170313,30.22,30.23,30.21,30.21,202040
20170314,30.21,30.23,30.21,30.21,394310
20170315,30.21,30.28,30.21,30.27,290235
20170316,30.25,30.26,30.24,30.25,298618
20170317,30.27,30.28,30.26,30.26,246325
20170320,30.26,30.28,30.26,30.28,196122
20170321,30.27,30.31,30.27,30.31,469490
20170322,30.33,30.33,30.3,30.32,448936
20170323,30.31,30.33,30.3,30.31,940492
20170324,30.3,30.3,30.28,30.3,191797
20170327,30.32,30.32,30.3,30.31,252699
20170328,30.29,30.31,30.29,30.3,262665
20170329,30.31,30.34,30.3,30.32,450499
20170330,30.32,30.34,30.31,30.33,268143
20170331,30.31,30.36,30.31,30.34,408770
20170403,30.36,30.37,30.34,30.35,259066
20170404,30.36,30.36,30.34,30.36,224374
20170405,30.36,30.36,30.32,30.35,274367
20170406,30.35,30.36,30.32,30.36,295359
20170407,30.36,30.37,30.32,30.34,164081
20170410,30.34,30.35,30.32,30.35,230977
20170411,30.35,30.37,30.33,30.37,445821
20170412,30.36,30.39,30.36,30.39,188122
20170413,30.36,30.39,30.36,30.39,277408
20170417,30.4,30.43,30.39,30.4,211028
20170418,30.39,30.43,30.39,30.42,210051
20170419,30.42,30.43,30.39,30.43,137180
20170420,30.4,30.41,30.39,30.41,204673
20170421,30.38,30.41,30.38,30.39,186952
20170424,30.37,30.38,30.35,30.38,217437
20170425,30.36,30.4,30.36,30.38,362259
20170426,30.37,30.38,30.34,30.38,453161
20170427,30.36,30.41,30.36,30.4,191104
20170428,30.42,30.42,30.39,30.41,434724
20170501,30.4,30.42,30.38,30.4,203661
20170502,30.4,30.42,30.4,30.4,406316
20170503,30.4,30.41,30.4,30.4,192232
20170504,30.39,30.4,30.38,30.38,320103
20170505,30.37,30.38,30.35,30.37,208852
20170508,30.37,30.39,30.37,30.37,377400
20170509,30.39,30.4,30.38,30.39,443066
20170510,30.38,30.4,30.38,30.39,216766
20170511,30.37,30.4,30.36,30.4,236785
20170512,30.38,30.41,30.38,30.4,577343
20170515,30.4,30.43,30.4,30.41,333879
20170516,30.43,30.45,30.41,30.44,184361
20170517,30.43,30.47,30.43,30.46,240237
20170518,30.44,30.46,30.43,30.46,264066
20170519,30.46,30.46,30.43,30.46,245949
20170522,30.44,30.46,30.44,30.46,290562
20170523,30.45,30.47,30.45,30.45,207431
20170524,30.44,30.46,30.43,30.46,662646
20170525,30.45,30.47,30.45,30.46,182334
20170526,30.45,30.46,30.44,30.46,113269
20170530,30.47,30.48,30.46,30.47,262909
20170531,30.48,30.48,30.47,30.48,205387
20170601,30.46,30.47,30.45,30.47,229995
20170602,30.49,30.51,30.49,30.49,265557
20170605,30.47,30.49,30.47,30.49,110600
20170606,30.49,30.51,30.48,30.5,177836
20170607,30.48,30.49,30.46,30.48,153631
20170608,30.47,30.48,30.46,30.48,199368
20170609,30.47,30.48,30.45,30.48,271922
20170612,30.45,30.47,30.44,30.47,217242
20170613,30.45,30.45,30.43,30.45,242146
20170614,30.48,30.52,30.48,30.49,229819
20170615,30.5,30.5,30.47,30.48,233252
20170616,30.47,30.49,30.45,30.47,374037
20170619,30.49,30.49,30.46,30.49,640195
20170620,30.47,30.49,30.47,30.48,243942
20170621,30.5,30.51,30.48,30.49,281146
20170622,30.48,30.51,30.48,30.5,499722
20170623,30.47,30.5,30.47,30.5,477723
20170626,30.5,30.52,30.5,30.5,216342
20170627,30.51,30.51,30.48,30.5,442892
20170628,30.49,30.51,30.47,30.51,307548
20170629,30.5,30.5,30.48,30.5,402793
20170630,30.51,30.52,30.49,30.5,239478
20170703,30.52,30.52,30.48,30.48,268160
20170705,30.51,30.51,30.48,30.51,385822
20170706,30.5,30.52,30.49,30.52,135564
20170707,30.5,30.51,30.49,30.51,204658
20170710,30.51,30.53,30.51,30.53,181270
20170711,30.51,30.55,30.51,30.55,256620
20170712,30.56,30.58,30.55,30.57,584755
20170713,30.56,30.59,30.55,30.57,237225
20170714,30.56,30.58,30.56,30.57,156725
20170717,30.56,30.57,30.54,30.56,246940
20170718,30.58,30.59,30.57,30.59,3482346
20170719,30.59,30.59,30.56,30.58,1100749
20170720,30.59,30.59,30.57,30.59,345189
20170721,30.59,30.61,30.58,30.61,297880
20170724,30.6,30.6,30.57,30.57,1568806
20170725,30.56,30.57,30.54,30.56,299977
20170726,30.58,30.6,30.57,30.59,234500
20170727,30.57,30.6,30.57,30.59,240657
20170728,30.58,30.61,30.58,30.6,396308
20170731,30.6,30.62,30.6,30.61,208111
20170801,30.62,30.64,30.61,30.63,263831
20170802,30.62,30.62,30.6,30.62,255781
20170803,30.58,30.6,30.58,30.6,202527
20170804,30.6,30.62,30.6,30.62,257682
20170807,30.62,30.62,30.6,30.62,146079
20170808,30.6,30.6,30.56,30.58,223372
20170809,30.62,30.63,30.6,30.62,1195645
20170810,30.62,30.62,30.6,30.61,273273
20170811,30.57,30.61,30.57,30.61,240687
20170814,30.61,30.62,30.61,30.62,265237
20170815,30.62,30.62,30.59,30.61,203149
20170816,30.6,30.64,30.6,30.62,871045
20170817,30.62,30.64,30.6,30.64,809661
20170818,30.64,30.65,30.62,30.62,991561
20170821,30.62,30.65,30.62,30.65,267652
20170822,30.62,30.65,30.62,30.65,303904
20170823,30.65,30.66,30.61,30.66,467984
20170824,30.63,30.63,30.61,30.63,321567
20170825,30.65,30.66,30.63,30.64,210383
20170828,30.69,30.69,30.65,30.66,120813
20170829,30.65,30.68,30.65,30.67,707185
20170830,30.69,30.69,30.66,30.67,628063
20170831,30.65,30.7,30.65,30.68,656433
20170901,30.67,30.67,30.64,30.66,164458
20170905,30.67,30.71,30.67,30.68,354919
20170906,30.73,30.74,30.7,30.7,489334
20170907,30.7,30.72,30.69,30.72,387412
20170908,30.7,30.72,30.69,30.72,216817
20170911,30.71,30.71,30.68,30.7,396123
20170912,30.69,30.69,30.66,30.66,255879
20170913,30.66,30.68,30.65,30.66,1700406
20170914,30.65,30.67,30.6425,30.65,399961
20170915,30.67,30.68,30.65,30.65,966285
20170918,30.67,30.67,30.65,30.67,331534
20170919,30.67,30.68,30.65,30.67,239595
20170920,30.67,30.68,30.63,30.65,219578
20170921,30.65,30.66,30.63,30.65,410865
20170922,30.64,30.66,30.64,30.66,186217
20170925,30.64,30.69,30.64,30.68,561344
20170926,30.67,30.68,30.65,30.67,240992
20170927,30.66,30.67,30.65,30.65,392064
20170928,30.67,30.68,30.6502,30.68,331823
20170929,30.66,30.69,30.66,30.67,252311
20171002,30.62,30.64,30.61,30.62,333323
20171003,30.62,30.65,30.62,30.64,242983
20171004,30.63,30.66,30.629,30.65,284337
20171005,30.64,30.66,30.62,30.63,322004
20171006,30.63,30.64,30.61,30.63,204076
20171009,30.62,30.66,30.62,30.66,205781
20171010,30.64,30.66,30.62,30.66,426082
20171011,30.66,30.66,30.61,30.63,1075405
20171012,30.65,30.65,30.62,30.62,276500
20171013,30.63,30.66,30.63,30.64,711230
