Date,Open,High,Low,Close,Volume
20170713,25.16,25.16,25.16,25.16,399
20170717,25.33,25.33,25.3003,25.305,1191
20170718,25.28,25.28,25.238,25.238,400
20170719,25.37,25.37,25.3625,25.3625,200
20170724,25.44,25.44,25.44,25.44,595
20170726,25.57,25.59,25.57,25.59,200
20170802,25.635,25.635,25.6054,25.6054,200
20170814,25.6054,25.6054,25.6054,25.6054,40
20170816,25.6054,25.6054,25.6054,25.6054,4
20170911,25.72,25.72,25.72,25.72,399
20170912,25.72,25.72,25.72,25.72,10
20170915,25.72,25.72,25.72,25.72,8
20170919,25.82,25.82,25.82,25.82,10
20171002,25.82,25.82,25.82,25.82,1
20171009,26.06,26.06,26.06,26.06,100
20171010,25.92,25.92,25.92,25.92,200
20171120,26.93,26.93,26.93,26.93,508
20171129,26.93,26.93,26.93,26.93,100
20171201,27.53,27.53,27.53,27.53,202
20171204,27.53,27.53,27.53,27.53,10
20171205,27.529,27.529,27.529,27.529,200
20171211,27.529,27.529,27.529,27.529,20
20171218,27.1407,27.1407,27.1407,27.1407,45
20171227,27.1407,27.1407,27.1407,27.1407,8
20180102,27.1407,27.1407,27.1407,27.1407,2
20180103,27.17,27.17,27.17,27.17,1
20180112,27.6752,27.6752,27.6752,27.6752,196
20180117,27.67,27.67,27.67,27.67,18
20180118,27.67,27.67,27.67,27.67,48
20180125,27.67,27.67,27.67,27.67,50
20180129,27.67,27.67,27.67,27.67,10
20180131,28.51,28.51,28.51,28.51,35
20180201,28.33,28.33,28.33,28.33,200
20180205,28.33,28.33,28.33,28.33,21
20180208,26.53,26.53,26.53,26.53,200
20180209,26.3852,26.3852,26.3852,26.3852,170
20180213,26.3852,26.3852,26.3852,26.3852,18
20180216,26.3852,26.3852,26.3852,26.3852,42
20180226,27.6635,27.7033,27.6635,27.7033,818
20180227,27.9367,27.9367,27.9367,27.9367,430
20180301,27.076,27.0951,27.076,27.0951,200
20180302,27.12,27.12,27.0747,27.0747,202
20180305,27.0747,27.0747,27.0747,27.0747,23
20180307,27.41,27.41,27.41,27.41,101
20180308,27.56,27.56,27.54,27.54,347
20180309,27.62,27.62,27.62,27.62,32
20180313,27.62,27.62,27.62,27.62,467
20180322,27.02,27.02,27.02,27.02,400
20180326,26.8048,26.8048,26.8048,26.8048,206
20180402,26.8048,26.8048,26.8048,26.8048,94
20180403,26.8048,26.8048,26.8048,26.8048,30
20180406,26.8048,26.8048,26.8048,26.8048,1
20180409,26.8048,26.8048,26.8048,26.8048,30
20180410,26.8048,26.8048,26.8048,26.8048,11
20180418,27.502,27.502,27.502,27.502,261
20180424,27.13,27.13,27.13,27.13,263
20180503,26.492,26.492,26.492,26.492,109
20180510,27.3,27.3,27.3,27.3,109
20180516,27.22,27.22,27.22,27.22,22
20180521,27.34,27.34,27.34,27.34,100
20180619,27.6555,27.6555,27.6555,27.6555,164
20180625,27.46,27.46,27.46,27.46,118
20180725,28.4,28.4,28.4,28.4,350
20180726,28.56,28.56,28.56,28.56,200
20180910,29.1999,29.1999,29.1999,29.1999,256
20180914,29.48,29.48,29.48,29.48,200
20181004,29.23,29.23,28.98,28.98,300
20181010,29.02,29.02,29.02,29.02,100
20181015,28.08,28.08,27.85,27.85,767
20181023,28.09,28.09,28.09,28.09,355
20181024,27.51,27.51,27.51,27.51,600
20181026,26.95,26.95,26.95,26.95,500
20181129,28.06,28.06,28.06,28.06,106
20181130,28.0557,28.0557,28.0301,28.0301,400
20181204,28,28,28,28,500
20181206,27.5,27.5,27.38,27.38,599
20181212,27.55,27.55,27.55,27.55,100
20181213,27.47,27.47,27.47,27.47,180
20181214,27.14,27.14,27.14,27.14,100
20181217,26.78,26.78,26.78,26.78,100
20181219,26.2,26.2,25.8908,25.8908,1000
20181221,25.04,25.04,25.04,25.04,200
20181226,24.06,24.06,24.06,24.06,100
20181228,25.06,25.07,25.05,25.05,989
20190103,24.73,24.73,24.73,24.73,260
20190109,25.65,25.65,25.65,25.65,211
20190110,25.66,25.66,25.6575,25.6575,200
20190114,25.66,25.66,25.63,25.63,200
20190115,25.82,25.82,25.82,25.82,1500
20190122,26.14,26.14,26.14,26.14,100
20190128,26.3,26.3,26.3,26.3,100
20190130,26.49,26.49,26.49,26.49,200
20190204,27.01,27.01,27.01,27.01,500
20190205,27.2095,27.21,27.2095,27.21,1000
20190208,26.9098,26.9098,26.9,26.9,200
20190213,27.51,27.51,27.51,27.51,100
20190214,27.365,27.37,27.365,27.37,200
20190215,27.67,27.67,27.67,27.67,100
20190219,27.72,27.72,27.72,27.72,100
20190221,27.72,27.78,27.7,27.78,6190
20190226,27.91,27.91,27.91,27.91,300
20190227,27.8,27.8,27.8,27.8,500
20190528,28.8358,28.8358,28.819,28.819,700
20190603,28.32,28.32,28.32,28.32,100
20190605,28.8728,28.8738,28.8728,28.8738,600
20190611,29.59,29.59,29.59,29.59,100
20190613,29.44,29.44,29.44,29.44,100
20190614,29.52,29.52,29.5051,29.5051,200
20190621,30.07,30.07,30.07,30.07,500
20190625,29.89,29.89,29.89,29.89,300
20190627,29.54,29.64,29.54,29.64,980
20190716,30.52,30.52,30.5175,30.52,500
20190726,30.634,30.634,30.634,30.634,300
20190730,30.5925,30.5925,30.5925,30.5925,450
20190731,30.53,30.53,30.5,30.5,1610
20190805,29.4999,29.5,29.4999,29.5,300
20190806,29.21,29.25,29.21,29.25,250
20190807,29.31,29.31,29.31,29.31,112
20190809,30.15,30.15,30.15,30.15,300
20190812,29.74,29.74,29.74,29.74,175
20190813,30.08,30.1,30.0782,30.1,400
20190815,29.45,29.45,29.45,29.45,400
20190816,29.7566,29.7566,29.7566,29.7566,175
20190819,30.0283,30.0283,30.0283,30.0283,300
20190820,30,30,29.986,29.986,266
20190821,30.06,30.06,30.06,30.06,100
20190822,29.96,29.96,29.96,29.96,100
20190823,30.11,30.11,30.11,30.11,100
20190830,30.18,30.18,30.18,30.18,400
20190903,30.02,30.02,30.02,30.02,113
20190905,30.5,30.66,30.5,30.6,1574
20190910,30.37,30.43,30.355,30.43,700
20190916,30.65,30.65,30.6497,30.6497,244
20190924,30.75,30.76,30.75,30.76,10000
20190926,30.62,30.62,30.62,30.62,400
20190927,30.5959,30.5959,30.5959,30.5959,220
20190930,30.72,30.72,30.7,30.7,487
20191003,29.94,29.97,29.93,29.97,6100
20191008,30.16,30.16,30.15,30.15,1063
20191009,30.284,30.284,30.284,30.284,400
20191010,30.38,30.45,30.38,30.38,2260
20191011,30.76,30.76,30.76,30.76,2048
20191017,30.68,30.68,30.68,30.68,2500
20191018,30.74,30.74,30.7398,30.74,1039
20191021,30.82,30.83,30.82,30.83,206
20191022,30.83,30.83,30.83,30.83,3078
20191023,30.6218,30.6218,30.53,30.53,2928
20191028,30.66,30.73,30.66,30.73,520
20191104,30.96,30.96,30.89,30.89,213
20191107,31,31.0698,30.99,30.99,566
20191108,30.97,30.98,30.97,30.98,914
20191111,30.9,30.939,30.9,30.939,600
20191112,30.82,30.981,30.82,30.981,1085
20191113,30.99,31.05,30.99,31.05,200
20191114,31.02,31.02,31.02,31.02,100
20191115,31.1888,31.19,31.1888,31.19,400
20191118,31.415,31.45,31.415,31.45,220
20191119,31.43,31.43,31.43,31.43,150
20191126,31.4602,31.47,31.4602,31.47,540
20191127,31.59,31.59,31.59,31.59,100
20191202,31.34,31.34,31.34,31.34,118
20191209,31.6654,31.6654,31.6654,31.6654,300
20191211,31.56,31.56,31.56,31.56,100
20191212,31.6769,31.6769,31.6769,31.6769,300
20191213,31.8539,31.8539,31.8539,31.8539,100
20191223,31.94,31.94,31.94,31.94,200
20191227,31.97,31.97,31.97,31.97,198
20191231,31.7889,31.7915,31.761,31.7915,2232
20200103,31.83,31.83,31.83,31.83,103
20200107,31.87,31.9103,31.87,31.895,3670
20200108,32.035,32.061,32.03,32.03,1900
20200109,32.12,32.12,32.12,32.12,100
20200110,32.18,32.18,32.18,32.18,100
20200113,32.2,32.265,32.2,32.265,2921
20200114,32.2343,32.295,32.23,32.23,400
20200115,32.41,32.41,32.41,32.41,100
20200122,32.9,32.9,32.9,32.9,300
20200124,32.8,32.8,32.5701,32.5701,708
20200127,32.29,32.29,32.29,32.29,100
20200128,32.49,32.49,32.49,32.49,100
20200129,32.52,32.52,32.52,32.52,100
20200130,32.26,32.26,32.26,32.26,100
20200203,32.33,32.33,32.33,32.33,100
20200212,33.3262,33.3262,33.3262,33.3262,899
20200214,33.4581,33.4581,33.447,33.447,550
20200218,33.36,33.36,33.36,33.36,200
20200219,33.5391,33.5391,33.5391,33.5391,164
20200221,33.23,33.25,33.21,33.25,1210
20200224,32.3231,32.3231,32.32,32.32,647
20200225,32.07,32.08,31.6957,31.6957,1340
20200226,31.75,31.75,31.65,31.65,677
20200227,30.755,30.9065,30.5366,30.5366,3707
20200228,28.77,29.2064,28.77,29.2064,736
20200302,30.21,30.21,30.01,30.0237,765
20200306,30.086,30.086,30.086,30.086,100
20200309,28.36,28.36,28.36,28.36,200
20200310,28.93,28.9512,28.93,28.9512,200
20200311,27.5291,27.5291,27.5291,27.5291,266
20200312,26.5,26.5,25.91,25.91,7450
20200313,25.52,26.05,25.52,26.05,200
20200316,26.833,26.85,26.833,26.85,400
20200318,23.6616,23.6616,23.6616,23.6616,100
20200319,24.2993,24.44,24.28,24.44,19351
20200320,24.0757,24.0757,24.0757,24.0757,257
20200323,23.11,23.11,23.11,23.11,350
20200324,23.5514,23.5514,23.5514,23.5514,101
20200325,24.43,24.43,24.43,24.43,232
20200327,25.57,25.57,25.1847,25.3218,5885
20200330,25.6,25.6,25.6,25.6,163
20200331,26.06,26.06,26.06,26.06,115
20200401,25.03,25.03,25.03,25.03,1267
20200402,24.7197,24.772,24.7197,24.772,2233
20200407,26.84,27.0281,26.55,27.0281,449
20200408,26.91,26.91,26.91,26.91,100
20200413,27.16,27.3,27.16,27.2632,3203
20200414,28.07,28.07,28.03,28.03,694
20200415,27.5,27.77,27.4736,27.67,2266
20200416,27.755,27.8254,27.6132,27.8254,4616
20200420,28.46,28.46,28.3436,28.37,1220
20200421,27.31,27.32,27.3,27.3,1215
20200422,27.62,27.8798,27.62,27.853,51541
20200423,28.13,28.15,28.1183,28.13,8244
20200424,27.83,28.01,27.83,28,2800
20200428,28.85,28.856,28.53,28.53,521
20200429,28.715,28.93,28.69,28.9,4900
20200501,27.8993,27.8993,27.83,27.83,757
20200504,27.63,27.63,27.63,27.63,700
20200506,27.7866,27.7866,27.7866,27.7866,350
20200507,28.16,28.16,28.15,28.15,400
20200508,28.3732,28.3732,28.3732,28.3732,772
20200511,28.55,28.56,28.55,28.56,1753
20200512,28.3039,28.3039,28.3039,28.3039,513
20200515,27.7071,27.84,27.7071,27.83,1700
20200518,28.84,28.85,28.84,28.85,800
20200519,28.437,28.437,28.437,28.437,175
20200521,28.525,28.58,28.525,28.58,440
20200526,29.0788,29.0788,29.0788,29.0788,200
20200528,29.67,29.83,29.46,29.59,73100
20200529,29.25,29.25,29.25,29.25,247
20200602,29.8201,29.8201,29.8201,29.8201,319
20200603,30.35,30.35,30.31,30.31,348
20200604,30,30.235,29.65,30.02,30375
20200605,30.69,30.95,30.55,30.83,54400
20200608,31.15,31.17,31.15,31.17,200
20200609,30.9579,31.039,30.9579,31.02,3159
20200611,30.085,30.11,29.04,29.12,9184
20200612,29.69,29.8,29.69,29.78,851
20200616,30.24,30.24,30.02,30.02,200
20200617,30.1093,30.1737,29.91,29.91,2318
20200618,29.83,29.84,29.78,29.84,549
20200619,30.14,30.14,30.14,30.14,100
20200622,29.6,29.6,29.6,29.6,400
20200623,29.7001,29.82,29.7001,29.77,900
20200625,29.0109,29.0109,28.9568,28.98,564
20200629,28.9801,28.9801,28.9801,28.9801,100
20200630,29.2293,29.41,29.2293,29.41,573
20200701,29.7,29.7,29.6861,29.6861,333
20200706,29.9501,29.9625,29.9501,29.9625,248
20200707,29.96,29.9781,29.96,29.9781,891
20200708,29.7029,29.8148,29.7029,29.8148,647
20200709,29.6181,29.76,29.6181,29.69,7163
20200710,29.9493,29.9493,29.9493,29.9493,131
20200714,29.54,29.9629,29.54,29.8393,1022
20200715,30.3957,30.3957,30.3957,30.3957,153
20200716,30.3324,30.3714,30.3324,30.3469,2171
20200717,30.62,30.62,30.62,30.62,100
20200720,30.53,30.61,30.52,30.61,492
20200721,30.8426,30.9385,30.8426,30.9,560
20200722,30.8896,30.9,30.8896,30.9,1746
20200723,31.0447,31.0447,31.0447,31.0447,122
20200724,30.5059,30.5599,30.5059,30.5599,635
20200727,30.63,30.69,30.6205,30.6454,2365
20200730,30.7162,30.7162,30.7162,30.7162,115
20200731,30.8,30.8,30.8,30.8,100
20200803,31.05,31.07,31.05,31.07,758
20200806,31.3533,31.3533,31.3533,31.3533,169
20200807,31.3762,31.3762,31.3762,31.3762,554
20200814,31.6,31.6,31.6,31.6,750
20200817,31.7508,31.7508,31.7508,31.7508,126
20200819,31.84,31.84,31.7416,31.7416,392
20200824,31.74,31.83,31.74,31.7907,765
20200826,31.9214,31.9214,31.9214,31.9214,150
20200827,32.3023,32.3023,32.24,32.24,767
20200831,32.3878,32.3878,32.37,32.37,600
20200901,32.22,32.22,32.2,32.22,623
20200902,32.82,32.82,32.82,32.82,397
20200903,32.68,32.68,32.1018,32.1018,766
20200904,31.83,31.83,31.75,31.78,565
20200908,31.285,31.6319,31.285,31.6319,417
20200909,31.81,31.81,31.81,31.81,100
20200910,31.93,31.93,31.8504,31.8504,596
20200911,31.54,31.54,31.4904,31.4904,325
20200914,31.9,31.9,31.9,31.9,100
20200915,32.14,32.14,32.14,32.14,100
20200917,31.5299,31.7294,31.5299,31.7294,228
20200921,30.76,30.76,30.76,30.76,100
20200925,30.8191,30.8191,30.8191,30.8191,209
20201002,31.75,31.75,31.75,31.75,588
20201005,31.9123,31.9123,31.9123,31.9123,121
20201006,32,32,32,32,100
20201009,32.64,32.64,32.64,32.64,1200
20201026,31.702,31.83,31.702,31.83,1358
20201027,31.94,31.94,31.94,31.94,2523
20201029,30.79,30.79,30.79,30.79,114
20201030,30.615,30.63,30.615,30.63,494
20201105,32.81,32.94,32.7881,32.8977,978
20201106,32.91,32.97,32.858,32.93,11536
20201109,33.4699,33.47,33.4699,33.47,216
20201110,33.085,33.085,33.085,33.085,200
20201116,33.75,33.75,33.5584,33.629,420
20201120,33.0613,33.0613,33.0613,33.0613,165
20201123,32.83,33.01,32.83,33,31636
20201124,32.96,33.37,32.96,33.26,2536
20201125,33.1296,33.1296,33.1296,33.1296,118
20201201,33.5586,33.5586,33.5204,33.5204,486
20201202,33.37,33.37,33.37,33.37,115
20201203,33.4853,33.4853,33.4853,33.4853,743
20201207,33.6044,33.6044,33.6044,33.6044,554
20201209,33.6021,33.6021,33.5826,33.5826,1127
20201210,33.48,33.48,33.43,33.43,511
20201211,33.24,33.27,33.2058,33.2058,1364
20201214,33.4485,33.4485,33.4485,33.4485,394
20201215,33.4201,33.4201,33.4201,33.4201,320
20201216,33.575,33.5982,33.575,33.5954,936
20201217,33.82,33.82,33.82,33.82,100
20201221,33.0733,33.15,33.0733,33.15,1074
20201222,33.33,33.3993,33.33,33.3993,873
20201223,33.5456,33.5456,33.5054,33.5054,471
20201229,33.77,33.77,33.71,33.71,500
20201230,33.76,33.84,33.7084,33.7084,1164
20201231,33.67,33.73,33.67,33.73,390
20210104,33.65,33.65,33.24,33.24,300
20210106,33.8787,33.8787,33.8787,33.8787,161
20210108,34.138,34.138,34.13,34.13,897
20210111,33.68,34.11,33.68,34.11,712
20210113,33.9233,33.9693,33.9233,33.9693,711
20210114,33.9401,33.9401,33.8579,33.8579,6376
20210115,33.8571,33.8571,33.8571,33.8571,1032
20210119,33.9003,33.97,33.8808,33.9216,5993
20210120,34.2761,34.3408,34.2761,34.3408,448
20210121,34.1413,34.25,34.1413,34.25,1454
20210125,34.0807,34.11,34.0807,34.11,433
20210126,34.1453,34.1453,34.1453,34.1453,578
20210127,33.35,33.35,33.35,33.35,289
20210128,33.8698,33.8698,33.8698,33.8698,182
20210202,33.97,34.1174,33.97,34.1174,29829
20210203,33.75,33.92,33.75,33.92,1592
20210204,33.8915,33.8915,33.8915,33.8915,216
20210208,34.11,34.12,34.11,34.12,300
20210209,34.2547,34.2793,34.2547,34.2793,294
20210211,34.2603,34.2603,34.2603,34.2603,205
20210212,34.2297,34.2297,34.2297,34.2297,789
20210216,34.1473,34.1473,34.0849,34.0849,589
20210217,34.1841,34.25,34.1841,34.25,507
20210218,34.2825,34.2825,34.2825,34.2825,238
20210219,34.1417,34.1417,34.1417,34.1417,574
20210222,33.7825,33.7825,33.7825,33.7825,164
20210224,34.0001,34.0225,33.985,34.0225,1044
20210225,33.6,33.63,33.6,33.63,200
20210226,33.36,33.36,33.36,33.36,100
20210301,33.56,33.69,33.56,33.665,1599
20210302,33.53,33.69,33.53,33.5553,2075
20210304,32.85,32.85,32.85,32.85,300
20210310,34.0601,34.0601,34.0601,34.0601,141
20210315,34.58,34.6,34.58,34.6,1975
20210322,34.3706,34.3706,34.3706,34.3706,131
20210401,35.18,35.18,35.1737,35.1737,796
20210406,35.6781,35.6781,35.6781,35.6781,119
20210409,35.55,35.55,35.55,35.55,111
20210413,35.9206,36.1,35.9168,36.08,11033
20210415,36.3778,36.41,36.3778,36.41,2897
20210419,36.3688,36.37,36.36,36.37,600
20210421,36.628,36.69,36.625,36.69,3112
20210426,36.53,36.53,36.49,36.49,460
20210427,36.49,36.49,36.49,36.49,110
20210428,36.42,36.42,36.42,36.42,287
20210429,36.535,36.535,36.535,36.535,277
20210430,36.61,36.61,36.61,36.61,108
20210510,37.03,37.03,37.03,37.03,100
20210513,36.07,36.07,36.07,36.07,225
20210514,36.675,36.675,36.675,36.675,110
20210517,36.46,36.46,36.46,36.46,100
20210526,36.681,36.681,36.681,36.681,160
20210527,36.66,36.66,36.66,36.66,2806
20210602,36.6797,36.75,36.67,36.67,11289
20210603,36.54,36.6711,36.54,36.6711,895
20210604,36.926,36.926,36.926,36.926,100
20210607,36.81,36.81,36.7,36.72,30087
20210608,36.7301,36.7301,36.7301,36.7301,734
20210609,36.57,36.83,36.57,36.72,7706
20210610,37.0218,37.0218,37.0218,37.0218,108
20210616,36.67,36.91,36.67,36.85,16259
20210617,36.7265,36.74,36.7265,36.74,320
20210622,36.75,36.75,36.67,36.67,2728
20210623,36.71,36.71,36.67,36.695,637
20210625,36.71,37.06,36.71,37.04,6532
20210628,37.2,37.2,37.18,37.18,40670
20210630,37.275,37.2999,37.275,37.2999,1000
20210701,37.41,37.415,37.41,37.41,400
20210707,37.93,37.96,37.91,37.92,3300
20210708,37.68,37.704,37.59,37.684,1960
20210709,37.93,37.98,37.9,37.97,600
20210712,37.97,37.97,37.97,37.97,200
20210714,37.99,38.05,37.94,38.04,989
20210715,38.02,38.02,37.93,37.94,870
20210716,37.985,37.985,37.985,37.985,1000
20210722,37.886,37.886,37.886,37.886,100
20210723,38.0593,38.32,38.0593,38.32,900
20210726,38.35,38.38,38.23,38.335,1080
20210727,38.3085,38.3085,38.3085,38.3085,200
20210729,38.47,38.47,38.465,38.465,500
20210802,38.48,38.49,38.36,38.37,6303
20210803,38.3,38.415,38.3,38.415,400
20210804,38.425,38.425,38.425,38.425,144
20210806,38.475,38.475,38.475,38.475,100
20210810,38.36,38.36,38.36,38.36,200
20210811,38.59,38.59,38.46,38.49,702
20210813,38.61,38.7077,38.61,38.7077,1397
20210819,38.7,38.7,38.58,38.58,200
20210823,39.15,39.15,39.15,39.15,100
20210825,38.9601,38.99,38.96,38.99,300
20210826,38.86,38.86,38.86,38.86,128
20210830,39.11,39.225,39.11,39.225,400
20210831,39.2,39.2,39.2,39.2,200
20210902,39.4,39.46,39.38,39.42,6996
20210903,39.495,39.495,39.495,39.495,448
20210907,39.1001,39.22,39.1001,39.22,662
20210909,39.146,39.148,39.144,39.144,1400
20210910,38.88,38.99,38.802,38.99,928
20210914,38.75,38.75,38.65,38.675,1800
20210915,38.965,38.965,38.965,38.965,445
20210920,38,38,38,38,171
20210927,38.14,38.1676,38.14,38.1676,200
20210929,37.15,37.15,37.15,37.15,101
20210930,37.65,37.65,37.65,37.65,3026
20211015,38.2,38.2,38.09,38.09,400
20211018,38.0501,38.0501,38.0501,38.0501,1478
20211020,38.71,38.71,38.71,38.71,106
20211022,39.005,39.005,39.005,39.005,300
20211026,39.255,39.255,39.21,39.22,455
20211027,39.34,39.34,39.025,39.04,40692
20211029,39.23,39.23,39.23,39.23,100
20211101,39.16,39.25,39.08,39.11,10600
20211103,39.39,39.49,39.39,39.49,288
20211105,39.84,39.84,39.8,39.8,668
20211108,39.73,39.73,39.73,39.73,100
20211110,39.85,39.89,39.71,39.71,345
20211111,39.63,39.68,39.63,39.645,2732
20211112,39.92,39.92,39.92,39.92,3026
20211116,40.06,40.06,40.06,40.06,100
20211117,40.05,40.08,40.05,40.07,629
20211118,40,40,40,40,200
20211119,40.17,40.17,40.17,40.17,100
20211122,40.05,40.05,39.96,39.96,500
20211123,39.96,39.96,39.96,39.96,110
20211124,40.03,40.03,40.03,40.03,100
20211126,39.65,39.65,39.4652,39.4652,100
20211129,40.0292,40.0292,39.98,39.98,820
20211201,39.79,39.79,38.77,38.77,4592
20211202,39.24,39.24,39.24,39.24,100
20211206,39.73,39.73,39.73,39.73,749
20211214,40.45,40.47,40.45,40.47,524
20211216,41.14,41.14,40.99,41.09,2677
20211217,40.86,40.92,40.86,40.92,1067
20211220,40.02,40.02,40.02,40.02,229
20211221,40.36,40.36,40.36,40.36,8360
20211222,40.84,40.84,40.84,40.84,320
20220110,39.8932,40.32,39.8932,40.32,13100
20220114,39.85,39.92,39.75,39.89,12550
20220118,39.67,39.67,39.46,39.66,20160
20220120,39.631,39.631,39.22,39.22,10306
20220121,39.16,39.16,39,39,200
20220124,38.28,38.28,38.28,38.28,194
20220125,38.64,38.64,38.64,38.64,637
20220126,38.59,38.59,38.59,38.59,1063
20220127,38.65,38.65,38.65,38.65,126
20220201,39.25,39.25,39.25,39.25,176
20220202,39.96,39.96,39.95,39.95,6270
20220204,39.57,39.57,39.46,39.47,1520
20220209,40.0212,40.0212,40.0212,40.0212,200
20220211,38.72,38.72,38.72,38.72,100
20220215,38.86,38.86,38.79,38.79,9978
20220217,38.35,38.35,38.35,38.35,10030
