Date,Open,High,Low,Close,Volume
20080404,25.57,25.57,25.57,25.57,100
20080410,26.86,26.86,26.86,26.86,5000
20080418,27.63,28.4,27.63,28.4,746
20080421,28.34,28.34,28.09,28.09,5100
20080422,28.64,28.64,28.64,28.64,200
20080423,28.52,28.52,28.52,28.52,700
20080428,28.88,28.88,28.88,28.88,8086
20080501,27.67,27.67,27.52,27.52,818
20080502,28.37,28.4,28.37,28.4,200
20080509,30.94,30.94,30.94,30.94,127
20080513,30.76,30.76,30.76,30.76,100
20080516,31.35,31.35,31.18,31.18,458
20080519,31.49,31.58,31.36,31.36,2058
20080527,32.9,32.9,32.9,32.9,625
20080528,32.21,32.32,32.21,32.32,809
20080602,32.33,32.33,32.33,32.33,310
20080603,32.11,32.11,31.8,31.8,550
20080605,31.56,31.56,31.56,31.56,310
20080606,33.57,34.42,33.57,34.42,3855
20080609,33.66,33.66,33.66,33.66,250
20080610,33.55,33.55,33.55,33.55,250
20080611,33.55,34.31,33.55,34.15,4148
20080613,34.09,34.09,33.99,33.99,650
20080616,34.51,34.53,34.37,34.37,550
20080617,34.09,34.09,34.09,34.09,1500
20080618,34,34,34,34,150
20080624,33.97,33.97,33.97,33.97,100
20080627,35.04,35.39,35.04,35.2,2525
20080630,35.74,35.74,35.74,35.74,400
20080701,35.56,35.56,35.45,35.53,800
20080703,36.06,36.06,36.06,36.06,1000
20080707,35.33,35.37,35.11,35.26,1685
20080708,34.54,34.54,34.08,34.08,480
20080709,34.25,34.25,34.25,34.25,700
20080711,36.31,36.31,35.69,35.69,400
20080714,35.35,35.66,35.35,35.66,610
20080715,34.09,34.09,34.06,34.06,582
20080716,33.55,33.55,33.29,33.29,300
20080717,33.46,33.81,32.3,32.3,900
20080721,32.16,32.42,32.14,32.37,1975
20080722,31.23,31.59,31.23,31.59,1700
20080723,31.29,31.29,31.06,31.06,1590
20080730,29.99,29.99,29.6,29.6,429
20080804,29.5,29.5,28.96,29.29,900
20080805,29.43,29.43,29.14,29.24,1100
20080806,28.91,29.11,28.64,28.93,4100
20080811,27.97,28.14,27.97,28.14,200
20080813,27.47,27.82,27.47,27.82,1085
20080814,27.88,27.9,27.84,27.84,1018
20080826,28.43,28.43,28.41,28.41,300
20080902,26.61,26.61,26.11,26.11,500
20080904,26,26,26,26,150
20080908,26.21,26.21,26.21,26.21,328
20080909,25.35,25.35,25.34,25.34,400
20080911,25.19,25.19,25.19,25.19,1000
20080915,24,24,24,24,300
20080918,23.77,23.8,23.77,23.8,900
20080926,25.12,25.12,25.12,25.12,100
20080929,23.13,23.13,23.13,23.13,111
20081002,22.76,22.83,22.76,22.83,500
20081006,20.84,20.84,20.29,20.29,500
20081020,18.67,18.82,18.57,18.82,409
20081021,19.28,19.28,19.28,19.28,200
20081022,19,19,19,19,100
20081027,17.37,17.37,17.37,17.37,100
20081113,16.54,16.85,15.74,15.74,300
20081202,14.55,14.55,14.39,14.39,400
20081205,13.19,13.19,13.19,13.19,100
20081211,14.05,14.21,14.05,14.15,2100
20081218,13.4,13.4,13.4,13.4,357
20081222,12.71,12.71,12.416,12.44,1250
20081224,11.48,11.48,11.48,11.48,160
20081231,12.1,12.1,12.1,12.1,100
20090106,14.09,14.686,13.6,14.686,1000
20090107,14.65,14.65,13.6,13.6,400
20090115,12.792,12.792,12.792,12.792,700
20090123,13.04,13.04,13.04,13.04,649
20090128,12,12.03,12,12.02,800
20090211,12.51,12.51,12.37,12.37,350
20090224,11.39,11.39,11.39,11.39,150
20090303,11.4,11.4,11.4,11.4,53
20090323,13.57,13.57,13.57,13.57,300
20090324,13.4499,13.4499,13.444,13.444,1100
20090325,13.25,13.55,13.25,13.4,500
20090326,13.3599,13.68,13.3599,13.6799,1492
20090327,13,13,12.95,12.95,1600
20090331,12.67,12.67,12.67,12.67,900
20090408,12.94,12.94,12.94,12.94,300
20090409,13.044,13.044,13.044,13.044,300
20090414,12.5,12.5247,12.5,12.5001,450
20090415,12.56,12.56,12.56,12.56,200
20090417,12.77,12.95,12.77,12.95,500
20090424,12.13,12.13,12.13,12.13,100
20090504,12.8,12.8,12.78,12.78,200
20090505,12.7778,12.7778,12.7778,12.7778,200
20090507,13.11,13.11,13.11,13.11,200
20090508,13.48,13.48,13.48,13.48,100
20090512,13.79,13.83,13.79,13.83,360
20090513,13.73,13.73,13.5338,13.6,350
20090522,13.45,13.45,13.45,13.45,150
20090611,15.9599,15.9599,15.9599,15.9599,125
20090612,15.494,15.494,15.494,15.494,200
20090615,15.63,15.63,15.436,15.436,346
20090616,15.9538,15.9538,15.504,15.504,413
20090617,15.46,15.51,15.0599,15.2801,10961
20090618,15.5601,15.5901,15.2501,15.2501,13585
20090622,14.91,14.91,14.42,14.4201,759
20090623,14.87,14.87,14.87,14.87,200
20090624,14.822,14.822,14.822,14.822,550
20090625,14.82,15.24,14.82,15.15,769
20090629,15.006,15.006,15.006,15.006,325
20090701,14.6401,14.6401,14.6401,14.6401,300
20090706,13.64,13.706,13.64,13.706,413
20090707,13.516,13.516,13.516,13.516,161
20090713,13.03,13.03,13.03,13.03,100
20090720,13.86,13.87,13.86,13.87,459
20090721,14.52,14.52,14.19,14.25,3401
20090722,14.31,14.31,14.31,14.31,300
20090723,14.53,14.53,14.42,14.42,1600
20090724,14.81,14.81,14.81,14.81,200
20090727,14.73,14.73,14.73,14.73,100
20090728,14.48,14.51,14.4602,14.51,2350
20090730,16.35,16.35,16.35,16.35,102
20090731,15.05,15.05,15.05,15.05,200
20090803,15.386,15.45,15.386,15.44,600
20090804,15.25,15.36,15.21,15.36,500
20090805,15.5,15.5276,15.5,15.5276,200
20090807,15.49,15.49,13.585,15.08,1236
20090811,15.1,15.1,15.1,15.1,10000
20090813,15.1978,15.1978,15.1978,15.1978,150
20090820,14.87,14.87,14.86,14.86,200
20090821,14.8,14.8,14.8,14.8,150
20090824,14.93,14.93,14.93,14.93,600
20090828,14.9099,14.9099,14.9099,14.9099,200
20090903,16.304,16.304,13.52,13.52,1692
20090904,13.8,13.9,13.8,13.9,650
20090908,14.22,14.22,14.22,14.22,200
20090909,14.29,14.57,14.28,14.28,7580
20090910,13.2,14.74,13.2,14.74,4510
20090915,14.26,14.26,14.26,14.26,1600
20090916,14.88,14.88,14.88,14.88,180
20090917,14.6,14.6,14.6,14.6,100
20090918,14.78,14.78,14.66,14.66,1134
20090921,14.05,14.05,14.03,14.04,659
20090922,14.55,14.55,14.55,14.55,680
20090924,14.03,14.03,13.71,13.71,2283
20090929,13.91,13.91,13.91,13.91,100
20091002,14.06,14.06,14.06,14.06,200
20091005,14.59,14.59,14.5899,14.59,600
20091006,14.65,14.65,14.6453,14.6453,500
20091008,14.35,14.7034,14.35,14.7034,475
20091009,14.77,14.82,14.77,14.81,1624
20091012,15.97,19.45,14.91,15.02,15974
20091013,14.96,14.96,14.96,14.96,100
20091014,15.16,15.16,14.98,14.98,672
20091015,15.14,15.14,15.14,15.14,100
20091016,15.57,15.74,15.57,15.74,810
20091019,15.9,16,15.8698,15.9999,1050
20091020,16.04,16.18,15.96,16.08,2100
20091021,16.1,16.17,16.065,16.1699,1400
20091023,16.14,16.16,15.86,15.86,718
20091026,15.69,15.69,15.69,15.69,200
20091027,15.77,15.77,15.77,15.77,133
20091028,15.15,15.15,15.15,15.15,210
20091029,15.48,15.51,15.48,15.51,2206
20091106,15.14,15.14,15.14,15.14,200
20091109,15.44,15.44,15.44,15.44,273
20091111,15.35,15.35,15.27,15.27,1600
20091112,15.16,15.17,14.74,14.74,3700
20091113,14.71,14.71,14.71,14.71,250
20091117,15.5,15.51,15.48,15.5,1243
20091118,15.47,15.47,15.47,15.47,242
20091119,15.5,15.5,15.01,15.01,466
20091124,14.89,14.89,14.89,14.89,1600
20091125,14.91,14.91,14.88,14.88,813
20091202,15.04,15.13,15.04,15.04,2050
20091203,15.12,15.12,14.92,14.96,2710
20091204,15.32,15.32,15.32,15.32,300
20091207,15.13,15.13,15.13,15.13,100
20091209,16.03,16.03,14.96,14.96,200
20091211,14.62,14.65,14.5499,14.65,7723
20091216,14.8,14.99,14.8,14.96,1500
20091218,14.98,14.98,14.98,14.98,100
20091221,14.83,14.83,14.83,14.83,1652
20091224,15.3,15.3,15.3,15.3,250
20100104,15.75,15.75,15.75,15.75,100
20100107,15.9858,15.9858,15.9858,15.9858,1300
20100108,15.7701,16.4,15.7701,16.39,19950
20100113,15.83,15.83,15.83,15.83,100
20100121,15.01,15.01,15.01,15.01,100
20100122,15.06,15.07,15.01,15.01,4562
20100203,14.3,14.8,14.21,14.76,2716
20100204,15.5,15.5,15.2,15.2,800
20100205,14.53,14.53,14.2,14.2,450
20100209,13.85,13.85,13.85,13.85,400
20100210,15.462,15.462,15.462,15.462,150
20100218,15.28,15.28,15.28,15.28,260
20100219,14.88,14.93,14.75,14.84,7500
20100222,15.5,15.5,15.1,15.1,808
20100223,16.04,16.24,15,15,3040
20100224,14.97,14.97,14.83,14.83,200
20100225,14.71,15.34,14.05,14.68,700
20100226,14.7601,14.7601,14.76,14.76,300
20100305,14.95,14.95,14.95,14.95,290
20100308,15.17,15.17,15.1699,15.1699,525
20100309,15.65,15.65,14.92,14.9829,400
20100312,14.55,15.06,14.55,15.05,300
20100317,15.15,15.15,15.15,15.15,100
20100318,14.95,14.95,14.77,14.8,1216
20100319,15,15,14.7399,14.7399,2200
20100322,14.86,14.86,14.8599,14.8599,200
20100326,14.61,14.61,14.61,14.61,100
20100401,15.19,15.225,15.19,15.225,1900
20100405,15.64,15.65,15.64,15.65,700
20100406,15.4,15.4,15.4,15.4,100
20100408,15.38,15.46,15.38,15.46,600
20100409,15.45,15.45,15.4499,15.4499,770
20100412,15.36,15.36,15.3,15.3,979
20100415,14.12,14.12,14.12,14.12,100
20100416,15.9,15.9,15.46,15.46,2200
20100419,15.12,15.12,14.98,14.98,1700
20100421,15.34,15.34,15.33,15.33,500
20100426,15.965,15.965,15.965,15.965,140
20100428,15.7,15.7,15.67,15.67,1000
20100429,16.15,16.15,15.81,15.81,5937
20100503,16,16,16,16,100
20100506,15,15,14.65,14.66,2100
20100507,14.38,14.65,14.38,14.65,400
20100517,14.27,14.27,14.27,14.27,300
20100518,14,14,14,14,500
20100520,13.13,13.13,12.93,13.11,2750
20100527,13.72,13.72,13.72,13.72,100
20100609,14.19,14.19,12.4,14.12,3090
20100614,14.28,14.28,14.28,14.28,600
20100621,14.55,14.67,14.55,14.67,200
20100630,13.78,13.78,13.78,13.78,150
20100706,13.61,13.61,12.09,13.29,1675
20100713,13.95,14.1,13.95,14.1,300
20100726,14.15,14.15,14.15,14.15,200
20100727,13.87,13.87,13.87,13.87,2000
20100728,13.92,13.92,13.91,13.91,792
20100803,14.83,14.83,14.83,14.83,100
20100813,13.6,13.6985,13.57,13.6985,3600
20100818,13.62,13.62,13.62,13.62,100
20100819,13.49,13.49,13.49,13.49,300
20100825,12.96,12.96,12.78,12.78,600
20100827,13.44,13.45,13.44,13.45,1000
20100831,13.45,13.45,13.45,13.45,200
20100902,13.33,13.33,13.33,13.33,100
20100921,13.54,13.54,13.54,13.54,106
20100929,13.8,13.8,13.76,13.76,600
20101001,14.12,14.12,14.12,14.12,150
20101004,14.3,14.3,14.3,14.3,100
20101007,15.23,15.23,14.4,14.4,800
20101011,14.26,14.26,14.26,14.26,491
20101014,14.3299,14.3299,14.3299,14.3299,100
20101018,14.77,14.77,14.11,14.1601,400
20101022,13.83,13.93,13.83,13.93,400
20101025,14.4,14.4,14.09,14.09,400
20101029,14.11,14.11,14.11,14.11,500
20101104,14.57,14.57,14.57,14.57,224
20101112,14.35,14.35,14.35,14.35,100
20101115,14.33,14.38,14.09,14.09,3300
20101116,14.22,14.22,14.08,14.08,200
20101117,13.44,13.89,13.44,13.88,1000
20101123,13.72,13.8,13.68,13.76,2655
20101130,14.403,14.403,14.403,14.403,100
20101201,14.5,14.644,14.5,14.644,650
20101202,14.75,14.75,14.75,14.75,100
20101210,14.99,15,14.99,15,200
20101213,14.91,15,14.805,14.805,586
20101217,14.94,14.94,14.94,14.94,200
20101220,14.824,15.09,14.824,15.09,200
20101222,15.06,15.0942,15.06,15.0942,320
20101228,15.38,15.38,15.38,15.38,198
20101231,15.14,15.25,15.14,15.21,1800
20110104,15.73,15.73,15.51,15.51,1000
20110105,15.27,15.27,15.23,15.23,3500
20110106,15.31,15.31,15.31,15.31,900
20110111,15.59,15.59,15.59,15.59,300
20110118,15.72,15.79,15.71,15.72,3000
20110120,15.75,15.75,15.47,15.54,4800
20110121,15.75,15.76,15.72,15.76,1757
20110124,15.65,15.65,15.65,15.65,100
20110125,15.14,15.5,15.14,15.36,2275
20110126,15.41,15.54,15.41,15.54,300
20110127,15.36,15.36,15.36,15.36,177
20110131,16.1,16.11,16.1,16.11,300
20110201,17.36,17.36,16.06,16.06,300
20110202,16.19,16.2,16.14,16.14,2032
20110203,16.16,16.17,16.16,16.17,200
20110207,16.02,16.02,15.758,15.77,2700
20110208,15.67,15.67,15.67,15.67,200
20110211,15.86,15.86,15.7154,15.7154,1225
20110214,15.96,15.96,15.88,15.88,2259
20110215,16.08,16.08,15.85,15.85,2600
20110217,15.67,15.87,15.67,15.862,2287
20110218,15.95,16.01,15.804,15.804,1300
20110222,16.26,16.46,16.13,16.13,626
20110223,16.63,16.81,16.63,16.756,1183
20110224,16.65,16.65,16.17,16.6299,2900
20110225,16.44,16.5084,16.44,16.5084,300
20110228,16.67,16.8599,16.67,16.8599,500
20110301,16.86,16.97,16.842,16.97,441
20110302,17.014,17.014,17.014,17.014,144
20110303,17.01,17.01,17.01,17.01,600
20110304,17.38,17.38,17.38,17.38,900
20110307,17.44,17.44,17.44,17.44,200
20110308,17.2,17.21,17.2,17.21,600
20110309,17.5,17.5,17.24,17.2932,2615
20110311,17.07,17.07,17.07,17.07,500
20110314,17.01,17.02,17.01,17.02,290
20110315,16.38,16.39,16.38,16.38,1000
20110316,16.8511,16.88,16.59,16.7099,1125
20110317,16.9578,17.1299,16.9578,17.1299,220
20110321,17.46,17.46,17.3,17.3,400
20110323,17.57,17.62,17.57,17.61,1425
20110324,17.58,17.58,17.58,17.58,100
20110329,17.55,17.55,17.4,17.4,210
20110330,17.4478,17.47,17.4478,17.47,500
20110331,17.52,17.52,17.5,17.5,300
20110401,17.8,18.02,17.8,18.02,1200
20110404,23.43,23.43,17.75,17.75,930
20110405,18.02,18.02,18.02,18.02,111
20110406,18.1,18.13,18.09,18.13,1400
20110407,18.08,18.08,18.08,18.08,277
20110408,18.2,19.27,18.19,18.5,5920
20110411,18.434,18.434,18.434,18.434,200
20110412,17.83,17.83,17.8299,17.8299,200
20110415,18,18.02,18,18.02,600
20110418,18.18,18.18,18.03,18.03,426
20110420,18.22,18.28,18.2,18.2,2200
20110421,18.28,18.28,18.28,18.28,3200
20110425,19.27,19.27,18.46,18.46,400
20110428,18.25,18.73,18.25,18.7299,620
20110429,18.69,18.74,18.33,18.67,4120
20110502,19.66,19.66,18.76,18.77,400
20110503,18.5,18.64,18.469,18.469,1065
20110504,18.11,18.29,18.0475,18.0475,3500
20110505,17.64,17.64,16.29,16.29,3122
20110506,16.55,16.92,16.54,16.92,1510
20110509,17.51,17.51,16.85,16.85,1700
20110511,16.98,17.02,16.98,17.02,300
20110512,16.72,16.72,16.72,16.72,100
20110513,16.7,16.75,16.7,16.7,500
20110516,16.77,16.77,16.76,16.76,200
20110517,16.32,16.49,16.32,16.32,597
20110519,16.54,16.54,16.54,16.54,100
20110524,16.77,16.77,16.77,16.77,100
20110527,17.27,17.27,17.27,17.27,100
20110531,17.4122,17.4122,17.4122,17.4122,100
20110601,17.31,17.31,17.11,17.11,400
20110608,17.61,17.61,17.56,17.56,200
20110609,17.67,17.67,17.58,17.58,400
20110610,17.25,17.2601,17.25,17.2501,450
20110613,17.23,17.23,17.23,17.23,200
20110617,16.4,16.4,16.35,16.35,780
20110620,16.49,16.49,16.424,16.424,286
20110628,16.16,16.236,16.16,16.236,200
20110630,16.53,16.53,16.49,16.49,1500
20110707,17.15,18.95,17.13,17.14,3197
20110708,17.01,17.0399,16.9378,17.0399,750
20110712,16.29,16.96,16.29,16.96,1300
20110714,17.09,17.35,17.09,17.31,2651
20110715,17.3,17.3,17.3,17.3,100
20110720,17.5,17.5,17.32,17.36,5900
20110721,17.5,17.5,17.36,17.38,7520
20110722,17.35,17.42,17.32,17.42,2620
20110725,17.25,17.37,17.11,17.2999,4692
20110727,17.15,17.15,17.15,17.15,3000
20110801,17.31,17.31,16.79,16.83,320
20110802,16.8,16.8,16.7,16.7255,3020
20110803,16.3401,16.3401,16.3401,16.3401,378
20110804,16.27,16.27,16,16,377
20110805,15.82,15.88,15.65,15.65,6929
20110808,15.26,15.3,15.16,15.16,800
20110809,16.64,16.64,14.88,14.98,1575
20110810,14.97,15.02,14.97,15,600
20110811,15.13,15.39,15.13,15.38,1060
20110815,15.6,15.73,15.57,15.57,318
20110823,15.35,15.53,15.35,15.47,20800
20110824,15.46,15.52,15.44,15.5,2964
20110825,15.55,15.91,15.52,15.52,3200
20110826,15.38,15.48,15.38,15.48,600
20110830,15.7,15.7,15.68,15.7,2600
20110831,16.01,16.01,16.01,16.01,200
20110907,15.42,16.21,15.42,16.2,2000
20110909,15.67,15.67,15.47,15.47,892
20110915,15.82,15.83,15.8,15.8,800
20110919,14.74,15.24,14.74,15.24,400
20110920,15.38,15.38,15.35,15.35,600
20110922,14.68,14.68,14.59,14.66,1200
20110923,13.89,14.53,13.89,14.52,887
20110926,14.52,14.57,14.52,14.57,670
20110928,14.93,14.968,14.93,14.968,780
20110930,14.34,14.47,14.34,14.47,500
20111004,13.93,13.99,13.93,13.99,400
20111010,14.988,14.988,14.89,14.89,291
20111012,15,15,14.97,14.97,225
20111024,14.78,15.47,14.78,15.47,57800
20111025,15.44,15.502,15.17,15.39,1300
20111026,15.31,15.31,15.31,15.31,200
20111027,15.59,15.59,15.49,15.49,500
20111028,15.62,15.8,15.62,15.732,3070
20111031,15.54,16.04,15.54,15.84,400
20111101,15.47,15.97,15.19,15.23,1000
20111102,15.44,15.7,15.44,15.7,200
20111107,17.4,17.4,15.762,15.762,1100
20111109,17.22,17.22,16.3,16.3,795
20111110,15.96,15.99,15.95,15.95,3000
20111114,15.77,15.77,15.77,15.77,400
20111115,15.93,16,15.89,16,1800
20111116,16.04,16.04,16.04,16.04,100
20111117,15.81,15.85,15.81,15.83,800
20111123,15.52,15.52,15.52,15.52,100
20111128,15.72,15.72,15.67,15.67,600
20111129,15.83,15.84,15.77,15.83,1780
20111201,15.74,15.81,15.7,15.81,2900
20111206,16.0083,16.0083,16.0083,16.0083,110
20111207,15.81,15.84,15.81,15.84,300
20111213,15.9,15.9,15.74,15.74,200
20111214,15.11,15.17,14.99,15.01,1600
20111215,15.19,15.19,15.15,15.15,300
20111219,14.97,14.97,14.82,14.86,5300
20111222,15.51,15.57,15.5,15.5,5738
20111223,15.5,15.52,15.5,15.52,2200
20111228,15.54,15.54,15.37,15.46,4700
20111230,15.4,15.4499,15.4,15.4499,250
20120103,15.8,15.83,15.8,15.82,900
20120104,15.98,16.09,15.98,16.09,2900
20120105,16.01,16.03,16.01,16.03,1400
20120109,15.9695,15.97,15.9483,15.9483,1400
20120110,15.8,16.12,15.8,16.12,1550
20120111,15.86,15.86,15.85,15.85,200
20120117,15.533,15.54,15.533,15.54,200
20120124,15.54,15.54,15.54,15.54,117
20120125,15.7399,15.7399,15.7001,15.7001,200
20120131,15.55,15.55,15.5364,15.5364,318
20120201,15.54,15.54,15.54,15.54,600
20120206,15.72,15.83,15.72,15.83,360
20120207,16.05,16.05,16.05,16.05,120
20120222,16.72,16.79,16.7132,16.79,399
20120223,17.16,17.16,16.76,16.76,1000
20120228,16.66,16.71,16.37,16.37,3100
20120301,17.03,17.04,17.02,17.02,2100
20120302,16.66,16.66,16.66,16.66,500
20120305,16.85,16.85,16.5,16.5,6500
20120306,16.31,16.31,16.31,16.31,2500
20120308,16.69,16.69,16.66,16.66,600
20120312,16.6,16.6,16.6,16.6,150
20120313,16.78,16.78,16.78,16.78,120
20120321,16.76,16.76,16.7532,16.7532,380
20120322,16.4068,16.4068,16.4068,16.4068,200
20120326,17.1,17.1,17.1,17.1,100
20120329,16.5,16.5,16.5,16.5,200
20120402,16.4,16.58,16.4,16.58,1300
20120403,16.47,16.486,16.47,16.486,439
20120405,16.55,16.55,16.1,16.29,1600
20120410,16.02,16.03,15.92,15.92,1100
20120416,15.84,15.9332,15.84,15.9332,700
20120418,15.76,15.76,15.76,15.76,100
20120423,15.73,15.746,15.73,15.746,222
20120424,15.85,15.86,15.78,15.78,3200
20120426,16.1,16.1,16.1,16.1,100
20120501,16.22,16.26,16.22,16.26,850
20120504,15.27,15.27,15.2,15.21,2000
20120509,15.37,15.37,15.37,15.37,400
20120510,15.35,15.4,15.35,15.4,2000
20120521,14.69,14.69,14.69,14.69,200
20120522,14.95,15,14.95,15,2100
20120530,14.09,14.1,14.09,14.1,1600
20120531,14.1,14.1,13.99,13.99,18500
20120601,13.61,13.61,13.61,13.61,3500
20120604,13.49,13.73,13.49,13.73,8900
20120605,13.58,13.69,13.58,13.69,17100
20120607,14.0195,14.0195,13.66,13.66,260
20120611,13.584,13.584,13.584,13.584,400
20120613,13.44,13.44,13.44,13.44,100
20120614,13.52,13.8,13.51,13.8,9800
20120619,13.65,13.66,13.62,13.63,2100
20120620,13.55,13.55,13.36,13.36,4100
20120621,13.06,13.06,13.0506,13.0506,750
20120625,13.06,13.06,13.06,13.06,250
20120628,13.12,13.12,13.08,13.0837,1000
20120629,13.71,13.71,13.71,13.71,390
20120702,14.22,14.22,13.73,13.74,2800
20120703,14.04,14.37,14.04,14.37,1110
20120710,14.35,14.35,14.35,14.35,100
20120713,14.346,14.346,14.346,14.346,100
20120716,14.35,14.35,14.35,14.35,1812
20120718,14.66,14.72,14.66,14.72,1200
20120719,15.04,15.07,15.01,15.07,14300
20120725,14.61,14.61,14.26,14.538,27800
20120730,14.85,14.85,14.79,14.82,700
20120731,14.61,14.61,14.54,14.54,887
20120803,14.92,14.96,14.85,14.9,11700
20120806,14.8,14.8,14.8,14.8,150
20120814,15.3301,15.3301,15.3301,15.3301,111
20120820,15.58,15.58,15.5399,15.5399,200
20120828,15.55,15.55,15.47,15.47,600
20120906,15.75,15.75,15.74,15.74,4000
20120910,15.39,15.66,15.39,15.66,200
20120912,15.84,15.84,15.84,15.84,500
20120913,15.84,15.92,15.84,15.8939,900
20120914,16.05,16.05,16.05,16.05,2500
20120917,15.8339,15.8339,15.43,15.43,25025
20120921,15.35,15.35,15.35,15.35,700
20120925,15.32,15.33,15.32,15.32,12500
20120926,15.05,15.05,15.05,15.05,2400
20120927,15.42,15.42,15.42,15.42,500
20121004,15.44,15.49,15.44,15.48,6500
20121005,15.35,15.35,15.24,15.24,500
20121024,14.98,14.98,14.89,14.89,2600
20121102,14.65,14.65,14.65,14.65,7000
20121106,15.17,15.22,15.17,15.22,1700
20121112,15.0099,15.0099,15.0099,15.0099,100
20121113,14.97,14.97,14.97,14.97,150
20121114,15.12,15.16,15.11,15.16,6600
20121115,15.2,15.2,14.936,14.936,490
20121119,15.22,15.22,15.22,15.22,150
20121121,15.33,15.33,15.33,15.33,100
20121123,15.4,15.4,15.4,15.4,100
20121128,14.98,15.0094,14.98,15.0094,600
20121129,15.31,15.31,15.31,15.31,400
20121203,15.28,15.28,15.28,15.28,1542
20121206,14.92,14.92,14.71,14.72,5800
20121212,14.88,14.94,14.88,14.88,700
20121213,14.7,14.7,14.6999,14.6999,1260
20121217,14.87,14.87,14.85,14.85,4000
20121219,15.03,15.03,15.03,15.03,100
20121220,15.23,15.23,15.23,15.23,190
20121221,15.03,15.04,15.03,15.04,400
20121226,15.2,15.2251,15.2,15.2251,200
20130116,15.386,15.4,15.28,15.28,1200
20130124,15.81,15.81,15.77,15.77,300
20130130,16.3,16.3,15.8799,15.8799,1200
20130201,15.81,15.8542,15.81,15.8358,1200
20130208,15.65,16.15,15.65,16.15,376
20130211,15.87,15.98,15.87,15.98,326
20130220,15.84,15.84,15.84,15.84,300
20130222,17.49,17.49,15.71,15.71,2107
20130228,15.32,15.46,15.32,15.46,314
20130307,15.37,15.4399,15.37,15.4399,1250
20130313,15.4,15.4,15.4,15.4,420
20130315,15.68,15.69,15.67,15.67,8500
20130318,15.49,15.63,15.49,15.63,1300
20130319,15.48,15.48,15.43,15.43,1600
20130320,15.48,15.51,15.41,15.51,1840
20130321,15.39,15.39,15.39,15.39,1600
20130325,15.64,15.73,15.53,15.56,10239
20130328,15.76,15.76,15.75,15.75,8600
20130401,15.77,15.77,15.74,15.74,4600
20130403,15.73,15.73,15.45,15.47,10100
20130404,15.42,15.4353,15.42,15.4201,1175
20130408,15.35,15.35,15.29,15.29,1700
20130409,15.42,15.46,15.42,15.46,14400
20130410,15.44,15.44,15.44,15.44,800
20130411,15.21,15.39,15.21,15.25,11350
20130412,15.1,15.13,15.04,15.13,37400
20130415,14.71,14.71,14.7,14.7,800
20130416,14.68,14.68,14.66,14.66,7800
20130417,14.66,14.66,14.55,14.55,5400
20130418,14.58,14.79,14.58,14.79,37240
20130422,14.78,14.82,14.78,14.82,400
20130423,14.7301,14.7501,14.7301,14.7501,200
20130425,15.12,15.24,15.12,15.2,18391
20130426,15.4,15.4,15.01,15.01,8700
20130429,15.28,15.3,15.28,15.29,17900
20130430,15.24,15.24,15.09,15.09,28700
20130501,14.76,14.89,14.7,14.7,11075
20130503,15.2,15.33,15.2,15.2251,33876
20130506,15.4,15.4,15.19,15.19,13000
20130507,15,15,15,15,100
20130508,14.99,15.33,14.99,15.3,8100
20130509,15.31,15.34,15.26,15.26,1100
20130510,15.15,15.28,15.15,15.28,460
20130513,15.19,15.19,15.19,15.19,100
20130514,15.1801,15.1801,15.1801,15.1801,343
20130515,15.04,15.2,14.96,15.19,600
20130517,15.35,15.4,15.32,15.33,2400
20130520,15.27,15.38,15.27,15.38,550
20130521,16.99,16.99,15.51,15.51,600
20130529,15.31,15.36,15.12,15.16,2000
20130530,15.01,15.01,15.01,15.01,100
20130603,15.03,15.0399,15.03,15.0399,200
20130605,15.21,15.28,15.21,15.26,900
20130610,16.49,16.49,15.27,15.2899,400
20130620,15.23,15.23,15.0099,15.0099,9900
20130624,14.76,14.89,14.76,14.89,10400
20130626,14.76,14.76,14.7,14.7,11300
20130701,15.08,15.11,14.98,14.98,17000
20130702,15.15,15.23,15.15,15.22,10645
20130703,15.37,15.37,15.29,15.37,22700
20130705,15.54,15.57,15.53,15.57,8000
20130708,15.5,15.59,15.5,15.59,53100
20130710,15.73,15.79,15.66,15.7,22400
20130711,15.71,15.71,15.54,15.54,29900
20130712,15.74,15.9,15.68,15.85,24200
20130715,15.83,15.83,15.75,15.75,300
20130716,15.81,15.81,15.81,15.81,100
20130717,15.81,15.86,15.79,15.8599,11500
20130718,15.95,16.06,15.95,15.95,81700
20130719,15.94,15.9715,15.8,15.84,33837
20130722,15.91,15.92,15.76,15.77,49900
20130723,15.8,15.87,15.8,15.87,10800
20130724,15.75,15.75,15.75,15.75,400
20130725,15.3,15.74,15.3,15.74,10900
20130726,15.4,15.69,15.4,15.69,300
20130730,15.57,15.57,15.55,15.55,200
20130801,15.88,15.92,15.87,15.92,19400
20130802,15.8,15.8,15.8,15.8,200
20130807,15.45,15.45,15.45,15.45,200
20130808,15.33,15.33,15.28,15.28,900
20130812,15.7,15.7,15.7,15.7,300
20130821,15.87,15.87,15.87,15.87,1100
20130827,16.27,16.38,16.27,16.36,8600
20130829,16.37,16.37,16.22,16.23,8800
20130830,16.24,16.26,16.15,16.17,91500
20130903,19.2,19.2,16.18,16.29,16200
20130904,16.09,16.27,16.03,16.27,2900
20130905,16.3,16.3,16.16,16.25,46100
20130906,16.31,16.31,16.31,16.31,10100
20130909,16.14,16.17,16.12,16.14,20100
20130910,15.87,15.87,15.87,15.87,10900
20130911,16.01,17.19,15.95,15.95,35745
20130912,16.05,16.05,15.9701,15.9701,10200
20130913,16.01,16.08,16.01,16.08,300
20130916,15.9599,15.9599,15.9599,15.9599,140
20130917,15.8,15.8899,15.69,15.71,18500
20130918,15.9,16.17,15.68,16.17,17723
20130923,15.8,15.8,15.66,15.66,1500
20130924,15.68,15.72,15.68,15.71,2800
20130925,15.77,15.79,15.77,15.79,15100
20130927,16.2,16.2,15.7,15.7,200
20130930,15.51,15.55,15.5,15.55,21185
20131001,15.57,15.57,15.57,15.57,10500
20131002,15.64,15.79,15.64,15.78,45000
20131003,15.92,15.92,15.76,15.76,600
20131004,15.84,15.84,15.68,15.76,12100
20131007,15.71,15.82,15.63,15.82,7300
20131008,16,16.03,15.99,16.02,12300
20131009,15.85,15.87,15.77,15.79,21700
20131010,16.01,16.13,16.01,16.13,17700
20131011,16.03,16.06,15.95,16.06,7700
20131015,15.98,16.014,15.9,15.91,81500
20131016,16.09,16.19,16.07,16.1,68200
20131017,15.94,15.94,15.94,15.94,10500
20131018,15.97,15.97,15.92,15.94,17000
20131021,15.8601,15.88,15.86,15.86,900
20131022,15.9699,15.9699,15.76,15.76,18020
20131023,15.62,15.62,15.57,15.57,19000
20131024,15.46,15.53,15.46,15.52,2800
20131025,15.506,15.506,15.506,15.506,100
20131028,15.65,15.73,15.65,15.73,10100
20131029,15.86,15.86,15.62,15.62,300
20131030,15.62,15.7,15.62,15.68,35300
20131031,15.68,15.68,15.6,15.67,12800
20131101,15.39,15.39,15.29,15.31,59600
20131106,15.3,15.35,15.29,15.3,28400
20131107,15.17,15.18,15.17,15.18,14000
20131108,15.34,15.34,15.34,15.34,100
20131112,15.1,15.38,15.1,15.29,10900
20131121,15.69,15.76,15.69,15.74,17600
20131125,15.71,15.71,15.71,15.71,100
20131127,15.77,15.8199,15.77,15.8199,17840
20131129,15.92,15.96,15.92,15.93,20100
20131202,15.91,16.05,15.91,16.04,10100
20131203,16.09,16.14,16.07,16.14,45200
20131212,16.09,16.09,16.0045,16.0045,700
20131213,15.91,15.91,15.91,15.91,10500
20131216,16.026,16.026,16.026,16.026,500
20131218,15.98,16.06,15.98,16.03,35800
20131219,16.14,16.18,16.14,16.18,64300
20131220,16.1901,16.1901,16.1901,16.1901,200
20131223,16.05,16.23,16.05,16.17,1171
20140102,15.9399,15.9399,15.85,15.85,1000
20140107,15.55,15.7,15.55,15.7,600
20140110,15.7,15.7,15.7,15.7,250
20140117,15.6,15.6,15.6,15.6,100
20140122,15.82,15.9,15.81,15.89,18000
20140123,15.88,15.89,15.82,15.83,1100
20140124,15.76,15.86,15.76,15.86,8100
20140127,15.78,15.78,15.69,15.71,12000
20140128,15.82,15.88,15.82,15.88,17700
20140129,15.8,15.95,15.6,15.91,25200
20140130,15.92,15.92,15.92,15.92,100
20140203,15.66,15.67,15.66,15.67,10500
20140206,16.03,16.03,16.03,16.03,100
20140212,16.32,16.33,16.32,16.33,10600
20140213,16.33,16.33,16.24,16.24,600
20140214,16.3,16.3,16.3,16.3,1000
20140218,16.4801,16.6,16.48,16.6,40600
20140219,16.8,16.8,16.55,16.59,800
20140220,16.51,16.5399,16.51,16.5399,29130
20140221,16.54,16.54,16.39,16.46,18600
20140224,16.5401,16.5401,16.54,16.5401,300
20140225,16.41,16.41,16.39,16.39,400
20140227,16.3,16.3,16.28,16.28,1100
20140228,16.29,16.42,16.29,16.37,1300
20140303,16.68,16.68,16.6,16.6,17500
20140304,16.43,16.43,16.35,16.35,17500
20140305,16.26,16.26,16.17,16.17,17900
20140306,16.2,16.31,16.15,16.3,1300
20140307,16.32,16.4,16.32,16.38,25700
20140310,16.21,16.21,16.19,16.21,18400
20140311,16.22,16.27,16.19,16.2,6800
20140312,15.97,16.11,15.97,16.0901,14900
20140313,16.36,16.36,15.98,16.05,6400
20140314,16.11,16.21,16.11,16.2,14300
20140317,16.1,16.1,15.99,16.01,8000
20140318,15.97,16.09,15.97,16.06,14500
20140319,16.01,16.01,15.97,16,600
20140320,15.96,15.98,15.94,15.95,10600
20140321,16.1,16.18,16.08,16.08,7400
20140402,15.92,15.9438,15.92,15.9438,500
20140408,16.3,16.4,16.3,16.4,8481
20140410,16.462,16.47,16.39,16.4,1803
20140411,16.46,16.51,16.37,16.38,26206
20140414,16.5,16.51,16.46,16.5,9600
20140415,16.52,16.6,16.52,16.54,25400
20140416,16.65,16.65,16.59,16.6,8500
20140417,16.75,16.75,16.68,16.68,7300
20140421,16.72,16.72,16.66,16.66,13800
20140422,16.66,16.66,16.58,16.62,800
20140423,16.66,16.66,16.59,16.59,600
20140424,16.7,16.73,16.68,16.68,2480
20140501,16.3,16.3,16.3,16.3,435
20140508,16.33,16.34,16.33,16.34,340
20140514,16.52,16.5244,16.47,16.47,1800
20140516,16.54,16.54,16.54,16.54,114
20140520,16.63,16.64,16.63,16.64,414
20140530,16.48,16.48,16.47,16.48,2500
20140603,16.49,16.49,16.49,16.49,100
20140604,16.51,16.51,16.51,16.51,100
20140605,16.4899,16.4899,16.4899,16.4899,300
20140612,16.93,17.08,16.9,17.08,30100
20140707,16.8691,16.8691,16.79,16.84,10215
20140708,16.69,16.75,16.68,16.7,19000
20140709,16.7,16.7,16.64,16.67,3800
20140710,16.68,16.68,16.62,16.63,7640
20140711,16.59,16.59,16.59,16.59,410
20140714,16.58,17.97,16.58,16.65,791
20140716,16.61,16.61,16.5,16.51,7900
20140723,16.53,16.54,16.53,16.54,7700
20140728,16.54,16.54,16.54,16.54,1200
20140805,16.1601,16.1601,16.1601,16.1601,560
20140813,16.17,16.17,16.17,16.17,400
20140814,16,16,16,16,100
20140815,15.89,15.89,15.89,15.89,600
20140818,14.74,15.81,14.74,15.81,377
20140820,15.89,15.89,15.89,15.89,200
20140825,16,16,15.95,15.98,900
20140903,16.07,16.07,16.01,16.03,600
20140904,15.96,15.96,15.88,15.91,800
20140908,15.92,15.92,15.92,15.92,20
20140930,15.08,15.08,15.05,15.05,6600
20141001,15.21,15.24,15.2,15.23,34600
20141002,14.87,14.97,14.85,14.97,35300
20141003,14.84,14.85,14.83,14.84,35000
20141007,14.7,14.7,14.7,14.7,100
20141008,14.55,14.55,14.53,14.53,7359
20141015,13.79,13.79,13.79,13.79,398
20141016,13.67,14.03,13.59,13.92,3435
20141020,14.1,14.1,13.71,13.719,10700
20141029,14.5,14.5,14,14,475
20141103,13.9,13.9,13.9,13.9,7500
20141104,13.543,13.543,13.52,13.52,1440
20141105,15.95,15.95,13.52,13.65,40297
20141107,13.56,13.56,13.55,13.55,300
20141111,13.29,13.29,13.28,13.2801,2385
20141113,14.07,14.07,13.22,13.22,300
20141117,12.82,13.03,12.82,13.03,800
20141119,13.13,13.13,13.03,13.03,8340
20141121,13.1,13.19,13.1,13.19,4400
20141128,12.1,12.11,12.05,12.06,7825
20141201,12.06,12.15,10.85,12.14,13460
20141202,11.82,11.82,11.82,11.82,100
20141203,11.78,11.7895,11.76,11.76,300
20141208,11.2,11.2,11.2,11.2,175
20141209,11.2,11.2,11.19,11.19,800
20141210,10.93,10.93,10.9,10.9,16100
20141211,10.91,10.91,10.89,10.89,400
20141212,10.7,10.7,10.7,10.7,175
20141217,10.27,10.47,10.27,10.47,5200
20141218,10.5,10.522,10.3,10.3,850
20141219,10.21,10.21,10.21,10.21,500
20141222,10.13,10.18,10.13,10.15,4675
20141223,10.28,10.33,10.19,10.26,400
20141226,10.11,10.11,10,10,200
20141230,9.93,9.96,9.83,9.95,973
20141231,9.7,9.7,9.7,9.7,450
20150105,9.3378,9.3378,9.3378,9.3378,1000
20150106,9.35,9.35,9.35,9.35,550
20150107,9.14,9.14,9.1199,9.1199,1025
20150108,9.05,9.05,9.05,9.05,100
20150112,8.82,8.82,8.7,8.77,1630
20150114,8.74,8.75,8.74,8.75,225
20150116,9.5,9.5,8.8728,9.01,7960
20150120,8.74,8.74,8.74,8.74,600
20150121,11.87,12.07,8.8,8.8,500
20150122,8.68,8.75,8.55,8.744,3184
20150123,8.86,8.9,8.74,8.9,13122
20150126,8.75,8.83,8.68,8.7,3460
20150127,8.8699,8.8899,8.8699,8.8899,2450
20150128,8.6501,8.6501,8.6501,8.6501,1500
20150130,9.08,9.14,9.08,9.12,6750
20150202,9.37,9.37,9.22,9.22,54800
20150203,12.77,12.99,9.66,9.8999,61700
20150204,9.75,10.07,9.26,9.39,50050
20150205,9.52,9.69,9.34,9.69,58300
20150206,9.751,9.9,9.73,9.79,3900
20150209,9.7,10,9.7,9.928,2801
20150211,9.52,9.6599,8.88,9.6599,3598
20150212,9.73,10,9.73,9.94,2000
20150213,10.15,10.21,9.78,10.14,80800
20150217,9.9999,10.66,9.9,10.1,9600
20150218,10.07,10.07,9.87,9.87,2500
20150219,10.69,10.69,9.65,9.91,9380
20150223,9.86,9.9355,9.74,9.75,8600
20150224,9.86,10.24,9.86,10.24,200
20150225,9.76,10.11,9.76,10.1,4600
20150226,9.9299,9.9299,9.77,9.82,3562
20150227,9.77,10.15,9.77,10.15,12002
20150302,10.3,10.7,9.93,9.93,11403
20150303,10.16,10.16,9.93,9.93,1043
20150304,9.91,10.01,9.84,9.98,54300
20150306,9.8801,9.8801,9.75,9.75,700
20150309,9.8,9.8,9.65,9.65,200
20150311,9.41,9.52,9.41,9.52,500
20150312,9.39,9.4,9.39,9.4,200
20150313,9.25,9.25,9,9.18,17798
20150316,9.02,9.02,8.88,8.88,800
20150317,8.93,8.93,8.93,8.93,1680
20150318,9.31,9.34,9.28,9.34,1200
20150319,9.08,9.08,9.04,9.04,300
20150320,9.2,9.2,9.15,9.15,200
20150323,9.3,9.3,9.18,9.23,2091
20150324,9.2304,9.25,9.22,9.22,800
20150325,9.29,9.4,9.24,9.33,12900
20150326,9.49,9.65,9.46,9.6,28105
20150327,9.4105,9.4105,9.19,9.19,1485
20150330,9.19,9.21,9.19,9.21,300
20150401,9.37,9.37,9.37,9.37,100
20150402,9.07,9.2,9.07,9.2,800
20150406,9.28,9.57,9.28,9.53,63100
20150407,9.56,9.67,9.29,9.63,110860
20150408,9.35,9.37,9.15,9.21,38500
20150410,9.42,9.45,9.39,9.44,36600
20150413,9.54,9.54,9.41,9.41,1561
20150415,9.6456,10.01,8.93,9.976,106350
20150416,10.5,10.5,9.87,10.17,12520
20150417,10.03,10.12,9.95,10,52200
20150420,9.93,10.05,9.93,9.96,17000
20150421,9.9499,9.9499,9.83,9.89,2079
20150422,10,10,10,10,3400
20150423,10,10.22,10,10.22,708
20150424,10.23,10.23,10.23,10.23,100
20150427,11.03,11.03,10.0747,10.11,3393
20150428,10.16,10.16,10.14,10.14,400
20150429,10.29,10.32,10.29,10.32,300
20150430,10.4499,10.4499,10.4499,10.4499,145
20150501,10.37,10.46,10.37,10.4599,1000
20150504,10.45,10.45,10.35,10.3501,1242
20150505,10.584,10.584,10.584,10.584,100
20150506,10.79,10.79,10.68,10.68,700
20150507,10.37,10.37,10.25,10.27,1300
20150508,10.16,10.3,10.16,10.26,2388
20150512,10.55,10.5734,10.52,10.52,1303
20150513,10.476,10.476,10.47,10.47,500
20150514,10.4799,10.4799,10.4799,10.4799,600
20150515,10.31,10.4,10.29,10.4,1300
20150519,10.35,10.35,10.13,10.14,1281
20150526,10,10.01,9.96,9.98,1685
20150528,9.76,9.84,9.72,9.84,1800
20150603,10.14,10.2,10.04,10.04,2380
20150604,9.81,9.81,9.81,9.81,200
20150605,9.74,9.88,9.74,9.88,605
20150610,10.35,10.35,10.3301,10.3301,1600
20150615,10.09,10.1207,10.09,10.1207,483
20150617,10.34,10.35,10.08,10.1,1012
20150623,10.21,10.21,10.21,10.21,100
20150626,10.04,10.04,9.97,9.97,200
20150707,9,9.14,8.98,9.14,1100
20150715,9.0301,9.05,9,9.03,1000
20150717,9,9,8.91,8.91,500
20150722,8.95,8.95,8.95,8.95,100
20150724,8.92,8.92,8.92,8.92,194
20150803,8.127,8.2,8.127,8.13,1818
20150804,8.22,8.22,8,8,11300
20150805,8.1499,8.1499,8.1499,8.1499,600
20150810,8.14,8.14,8.14,8.14,100
20150811,8.07,8.0801,8.06,8.06,1700
20150812,8.21,8.81,8.16,8.26,764
20150813,8.11,8.2,8.11,8.2,600
20150814,8.07,8.07,8.07,8.07,200
20150817,8.1,8.1,8.1,8.1,123
20150824,7.695,7.695,7.08,7.08,700
20150825,7.28,7.28,7.28,7.28,400
20150828,8,8.1,8,8.1,225
20150831,8.7979,8.7979,8.6999,8.6999,271
20150901,8.11,8.11,8.11,8.11,100
20150902,8.05,8.18,7.87,7.91,671
20150909,7.7401,7.7401,7.7401,7.7401,100
20150923,8.5,8.5,8.01,8.01,594
20150929,7.78,7.8,7.77,7.77,15400
20151001,7.72,7.72,7.72,7.72,200
20151007,8.27,8.27,8.27,8.27,500
20151008,8.31,8.33,8.25,8.29,1800
20151009,8.3,8.3,8.21,8.29,1200
20151012,8.18,8.18,7.92,7.92,1100
20151013,8.02,8.02,7.78,7.78,500
20151014,7.8413,7.8802,7.77,7.8802,1950
20151016,7.84,7.84,7.78,7.78,400
20151020,7.63,7.71,7.63,7.71,1200
20151026,7.47,7.47,7.47,7.47,300
20151027,7.4,7.4,7.4,7.4,185
20151106,7.5401,7.5401,7.5401,7.5401,350
20151112,7.32,7.32,7.32,7.32,136
20151127,7.05,7.05,7.05,7.05,100
20151201,7.05,7.06,7.05,7.06,200
20151202,6.9,6.9,6.85,6.85,200
20151208,6.21,6.4523,6.21,6.4523,253
20151214,6.23,6.23,6.16,6.16,200
20151216,6.25,6.25,6.25,6.25,200
20151217,6.13,6.13,6.07,6.08,400
20151218,6.17,6.17,6.11,6.11,200
20151224,6.21,6.21,6.16,6.16,200
20151228,6.13,6.13,6.13,6.13,100
20151229,6.74,6.74,6.74,6.74,2412
20151230,6,6,6,6,200
20160105,6.08,6.08,6.08,6.08,162
20160106,6.2,6.2,5.7758,5.7794,2970
20160112,5.9,5.9,5.5,5.5,400
20160113,5.39,5.39,5.31,5.31,2100
20160114,5.18,5.29,5.16,5.2,767
20160115,4.9596,4.9596,4.9301,4.9301,700
20160120,4.72,4.72,4.648,4.648,1200
20160121,4.02,4.02,4.02,4.02,200
20160122,5.127,5.2513,5.1,5.2513,6825
20160125,5.39,5.39,5.15,5.15,953
20160126,5.1599,5.26,5.1599,5.255,8500
20160127,5.1,5.41,5.1,5.39,1600
20160128,5.57,5.618,5.51,5.51,6878
20160129,5.55,5.67,5.55,5.67,625
20160202,5.25,5.25,5.1701,5.1701,8239
20160203,5.4126,5.4701,5.4126,5.4701,2344
20160204,5.37,5.4,5.37,5.4,18200
20160205,5.4,5.4,5.4,5.4,4000
20160209,5,5,4.9467,4.9467,1500
20160210,4.95,5.03,4.94,5.03,1200
20160211,4.9467,4.9467,4.9467,4.9467,100
20160212,5.09,5.187,5.09,5.187,2000
20160216,5.16,5.16,5.16,5.16,6700
20160217,5.33,5.46,5.2025,5.43,55000
20160218,5.75,5.75,5.3496,5.3496,9000
20160219,5.38,5.38,5.14,5.18,49000
20160222,5.43,5.43,5.36,5.39,51100
20160223,5.2,5.2,5.12,5.14,53252
20160224,5.64,5.64,5.05,5.26,9899
20160225,5.25,5.25,5.25,5.25,400
20160226,5.47,5.48,5.4,5.4,2368
20160229,5.43,5.43,5.41,5.42,3397
20160301,5.51,5.54,5.51,5.54,2750
20160302,5.52,5.58,5.43,5.5,5100
20160304,5.55,5.6,5.55,5.6,300
20160307,5.82,6.02,5.82,5.9689,1800
20160308,5.9338,5.9338,5.8416,5.8416,2258
20160311,6.0009,6.0009,6.0009,6.0009,500
20160315,5.82,5.86,5.76,5.8,1900
20160316,5.96,5.96,5.92,5.93,2100
20160317,6.0999,6.0999,6.0999,6.0999,500
20160318,6.34,6.34,6.1121,6.1121,1204
20160321,6.0903,6.14,6.0903,6.14,1103
20160322,6.1633,6.1633,6.1633,6.1633,300
20160323,5.98,5.98,5.98,5.98,2000
20160324,5.83,5.8342,5.8,5.8342,900
20160328,5.95,5.95,5.95,5.95,100
20160329,5.85,5.9,5.82,5.9,1000
20160330,5.9,6.01,5.9,6.01,300
20160331,5.98,5.98,5.9653,5.9653,590
20160401,5.8,5.8,5.8,5.8,2700
20160406,5.57,5.7,5.57,5.7,4444
20160407,5.68,5.68,5.6,5.6,600
20160412,6.2099,6.2099,6.2099,6.2099,100
20160414,6.2201,6.2201,6.2201,6.2201,100
20160418,6.03,6.03,6.03,6.03,250
20160420,6.35,6.35,6.35,6.35,200
20160421,9.36,9.36,6.3001,6.3001,880
20160422,6.4463,6.4463,6.4463,6.4463,200
20160425,6.42,6.42,6.4121,6.4121,1000
20160426,6.4701,6.4701,6.4701,6.4701,1500
20160429,6.6601,6.6601,6.6601,6.6601,400
20160502,6.63,6.64,6.54,6.54,700
20160503,6.53,6.53,6.5,6.5,1153
20160504,6.47,6.47,6.47,6.47,200
20160505,6.59,6.59,6.5442,6.5442,550
20160509,6.2495,6.2495,6.24,6.24,300
20160510,5.92,6.397,5.92,6.397,606
20160516,6.8732,6.8732,6.87,6.87,1500
20160519,6.6755,6.6755,6.6755,6.6755,400
20160520,6.87,6.88,6.87,6.88,613
20160523,6.84,6.84,6.84,6.84,100
20160524,6.9,6.9,6.9,6.9,400
20160526,7,7.01,7,7.01,600
20160531,7.0541,7.0541,7.0541,7.0541,100
20160603,6.98,6.98,6.964,6.964,200
20160607,7.138,7.18,7.138,7.18,2200
20160608,7.25,7.25,7.25,7.25,300
20160610,7.11,7.11,7.1064,7.1064,625
20160615,6.95,6.95,6.95,6.95,162
20160617,6.93,6.93,6.89,6.89,300
20160620,7.06,7.06,7.04,7.05,900
20160621,7.15,7.15,7.15,7.15,1250
20160627,6.7704,6.7704,6.7704,6.7704,290
20160711,6.76,6.76,6.76,6.76,500
20160718,6.62,6.62,6.62,6.62,500
20160719,6.6,6.6,6.6,6.6,300
20160720,6.5,6.58,6.5,6.58,1500
20160722,6.4555,6.4555,6.4,6.4,1710
20160725,6.4,6.4,6.4,6.4,1000
20160727,6.37,6.37,6.25,6.25,200
20160729,6.2199,6.2199,6.2199,6.2199,460
20160908,6.78,6.78,6.78,6.78,500
20160929,6.9,6.9,6.9,6.9,1000
20160930,6.89,6.92,6.89,6.9,3463
20161004,7.08,7.08,7.08,7.08,700
20161005,7.11,7.13,7.08,7.12,4900
20161007,7.245,7.245,7.245,7.245,100
20161010,7.06,7.43,6.69,7.43,99300
20161013,7.15,7.2584,7.14,7.2,1499
20161014,7.15,7.2,7.15,7.2,1583
20161018,7.2,7.2,7.2,7.2,100
20161019,7.35,7.35,7.28,7.28,200
20161020,7.16,7.16,7.16,7.16,100
20161024,7.2,7.2,7.2,7.2,200
20161025,7.09,7.09,7.09,7.09,100
20161026,7,7,7,7,100
20161027,7.06,7.06,7.06,7.06,100
20161102,6.54,6.54,6.54,6.54,300
20161103,6.5,6.5,6.5,6.5,100
20161104,6.32,6.43,6.32,6.43,8600
20161111,6.36,6.36,6.3347,6.3347,600
20161116,6.54,6.54,6.46,6.46,300
20161118,6.25,6.55,6.25,6.55,245
20161121,6.869,6.869,6.869,6.869,2000
20161125,6.7,6.7,6.62,6.62,375
20161202,7.3766,7.3766,7.3766,7.3766,1000
20161208,7.2495,7.256,7.22,7.256,6250
20161209,7.327,7.327,7.31,7.311,2500
20161212,7.5,7.5,7.5,7.5,2000
20161215,7.35,7.35,7.337,7.337,1000
20161219,7.29,7.36,7.29,7.36,200
20161228,7.68,7.68,7.68,7.68,2310
20170103,7.75,7.75,7.5172,7.5172,434
20170130,7.4,7.4,7.4,7.4,432
20170210,7.3801,7.44,7.3801,7.44,800
20170221,7.3999,7.3999,7.3999,7.3999,336
20170301,7.2733,7.2733,7.2733,7.2733,100
20170310,6.73,6.73,6.57,6.7225,9130
20170314,6.6,6.6,6.6,6.6,1525
20170320,6.6,6.6,6.6,6.6,10
20170322,6.59,6.6,6.59,6.6,600
20170324,6.6,6.6,6.6,6.6,1400
20170327,6.61,6.61,6.61,6.61,10000
20170330,6.92,6.92,6.9,6.9,600
20170403,6.89,6.89,6.89,6.89,124
20170405,7.13,7.13,7.13,7.13,500
20170421,7.84,7.84,7.68,7.68,220
20170424,6.75,6.75,6.75,6.75,100
20170427,6.67,6.68,6.67,6.68,7700
20170502,6.55,6.55,6.49,6.49,800
20170509,6.4,6.4,6.4,6.4,100
20170512,6.54,6.63,6.54,6.63,9000
20170515,6.74,6.74,6.74,6.74,15300
20170516,6.74,6.74,6.71,6.71,15000
20170517,6.72,6.72,6.72,6.72,500
20170522,6.87,6.9905,6.87,6.96,3973
20170525,6.67,6.69,6.67,6.69,1500
20170526,6.7,6.76,6.67,6.74,14300
20170602,6.55,6.55,6.51,6.51,560
20170606,7.03,7.03,6.41,6.41,900
20170615,6.25,6.25,6.04,6.04,1800
20170620,5.67,6.06,5.67,6.06,4900
20170626,5.9,5.9,5.9,5.9,100
20170628,6.1694,6.1694,6.16,6.16,898
20170703,5.84,6.32,5.84,6.32,1200
20170707,6.14,6.14,6.14,6.14,100
20170714,6.58,6.58,6.58,6.58,1789
20170721,6.48,6.48,6.27,6.28,4300
20170801,6.63,6.6301,6.63,6.6301,2388
20170802,6.6901,6.6901,6.6901,6.6901,187
20170803,6.6905,6.6905,6.6905,6.6905,600
20170810,6.59,6.6,6.59,6.6,1150
20170814,6.66,6.66,6.66,6.66,100
20170901,6.8,6.8,6.75,6.8,6760
20170905,6.85,6.85,6.43,6.43,830
20170907,6.46,6.82,6.46,6.82,375
20170920,7.09,7.09,7.09,7.09,300
20170921,7,7,7,7,200
20170927,6.55,6.55,6.53,6.55,300
20171002,6.82,6.82,6.82,6.82,100
20171009,6.5,6.5,6.5,6.5,866
20171011,6.97,7.04,6.97,7.03,760
20171013,7.15,7.15,7.15,7.15,336
20171018,6.97,7.1,6.97,7.1,200
20171106,7.6001,7.75,7.6,7.75,1870
20171107,7.77,7.77,7.77,7.77,200
20171114,7.64,7.64,7.64,7.64,2000
20171129,7.82,7.82,7.7841,7.7841,900
20171229,8.5,8.5,8.5,8.5,5637
20180103,8.2393,8.2393,8.2393,8.2393,100
20180104,8.2197,8.2197,8.2197,8.2197,100
20180108,8.2138,8.2138,8.2138,8.2138,500
20180116,8.4351,8.4442,8.38,8.4442,600
20180119,8.32,8.32,8.32,8.32,200
20180205,8.2964,8.2964,8.2964,8.2964,120
20180206,8.2252,8.2252,8.2252,8.2252,100
20180212,7.8381,7.8381,7.8381,7.8381,100
20180216,7.87,7.87,7.87,7.87,100
20180228,7.9697,7.9697,7.9697,7.9697,100
20180312,7.9,7.9,7.9,7.9,100
20180320,8.15,8.15,8.15,8.15,151
20180402,8.21,8.42,8.21,8.42,262
20180504,8.4,9.1349,8.07,9.1349,1400
20180507,9.32,9.35,9.17,9.17,22932
20180510,9.48,9.49,9.45,9.45,7800
20180511,9.55,9.56,9.4665,9.468,4719
20180514,9.442,9.442,9.442,9.442,100
20180515,9.5148,9.5148,9.5148,9.5148,200
20180516,9.6,10,9.6,9.62,1600
20180517,9.54,9.54,9.54,9.54,100
20180521,9.57,9.81,9.57,9.81,200
20180523,9.61,9.62,9.61,9.6137,2239
20180525,9.58,9.58,9.56,9.56,209
20180530,9.54,9.5499,9.53,9.5499,2070
20180601,9.46,9.46,9.3788,9.3788,527
20180605,9.1864,9.1864,8.12,9.14,9738
20180607,9.14,9.14,9.14,9.14,527
20180612,9.15,9.2346,9.15,9.2346,720
20180615,9,9,9,9,800
20180618,9.162,9.162,9.07,9.07,758
20180619,8.9835,8.9835,8.9835,8.9835,100
20180620,8.99,9.13,8.99,9.13,4925
20180622,8.96,8.96,8.92,8.92,3023
20180625,8.96,8.96,8.96,8.96,760
