Date,Open,High,Low,Close,Volume
20120112,41.04,41.04,41.04,41.04,123
20120119,42.24,42.24,42.24,42.24,349
20120124,42.14,42.14,42.14,42.14,490
20120201,43.21,43.21,43.21,43.21,306
20120203,43.7,43.7,43.7,43.7,123
20120221,44.87,44.87,44.87,44.87,368
20120302,44.45,44.45,44.45,44.45,123
20120308,44.11,44.11,44.11,44.11,222
20120309,44.28,44.28,44.28,44.28,156
20120314,44.66,44.66,44.66,44.66,525
20120327,45.42,45.42,45.42,45.42,224
20120328,44.94,44.94,44.94,44.94,331
20120329,44.64,44.68,44.64,44.68,735
20120330,44.85,44.85,44.85,44.85,368
20120405,44.26,44.26,44.26,44.26,224
20120409,43.8,43.9,43.8,43.9,263
20120410,43.21,43.21,43.21,43.21,981
20120411,43.68,43.68,43.58,43.61,3616
20120412,44.29,44.31,44.25,44.29,2461
20120416,43.72,43.72,43.64,43.64,1554
20120417,44.52,44.52,44.52,44.52,188
20120427,45.03,45.03,45.03,45.03,173
20120501,45.17,45.17,45.17,45.17,677
20120502,44.54,44.74,44.51,44.74,1167
20120507,43.7,43.8,43.69,43.8,692
20120509,42.96,42.99,42.96,42.99,1839
20120514,42.39,42.39,42.39,42.39,123
20120517,41.49,41.53,41.48,41.51,2280
20120518,41.15,41.15,41.15,41.15,963
20120523,40.92,40.92,40.92,40.92,211
20120530,41.1,41.41,41.04,41.38,12319
20120531,41.17,41.19,41.17,41.19,2083
20120605,40.43,40.43,40.24,40.25,736
20120606,41.15,41.15,41.09,41.09,1104
20120619,42.95,42.95,42.95,42.95,275
20120620,42.95,42.95,42.55,42.84,2086
20120621,42.09,42.09,42.09,42.09,210
20120709,42.49,42.5,42.45,42.45,1693
20120718,42.97,42.97,42.97,42.97,941
20120726,42.62,42.62,42.62,42.62,1209
20120727,42.99,42.99,42.99,42.99,483
20120730,43.36,43.52,41.18,43.49,2055
20120802,43.27,43.27,43.27,43.27,242
20120803,43.44,43.44,42.54,42.54,3417
20120806,43.45,43.92,43.45,43.92,363
20120808,44.2,45.44,44.2,44.2,777
20120817,44.54,44.54,44.54,44.54,121
20120822,44.6,44.6,44.6,44.6,242
20120823,44.51,44.51,44.49,44.49,725
20120827,44.66,45.5,44.65,44.68,967
20120830,44.2,44.2,44.2,44.2,363
20120831,44.45,45.16,44.4,44.4,2961
20120905,44.23,44.38,44.23,44.38,605
20120907,45.69,46.55,45.68,45.76,7165
20120910,45.64,45.64,45.64,45.64,242
20120911,45.93,45.93,45.89,45.89,2417
20120912,45.99,45.99,45.99,45.99,242
20120913,48.85,48.85,46.4,46.93,7325
20120914,47.32,49.24,47.13,47.16,5559
20120917,47.74,47.74,46.93,46.97,4425
20120918,46.84,46.84,46.84,46.84,343
20120921,46.89,46.9,46.89,46.9,1027
20120926,45.97,45.97,45.97,45.97,135
20120927,46.45,46.45,46.39,46.39,892
20121003,46.15,46.15,46.15,46.15,242
20121008,46.43,46.49,46.43,46.49,2110
20121009,46.02,46.02,46.02,46.02,121
20121010,45.93,46.41,45.6,45.6,4665
20121011,45.91,45.93,45.9,45.9,9974
20121018,46.13,46.75,46.13,46.49,3740
20121025,45.41,45.41,45.35,45.35,371
20121101,45.78,45.81,45.78,45.81,607
20121102,45.94,45.94,45.82,45.82,601
20121106,46.75,46.75,45.64,45.64,1452
20121109,45.48,45.48,43.86,44.49,2956
20121113,44.32,44.32,44.32,44.32,210
20121114,44.05,44.06,43.85,43.85,3174
20121119,44.64,44.88,44.64,44.88,663
20121120,44.62,44.73,44.62,44.73,966
20121121,44.73,44.73,44.73,44.73,726
20121127,45.59,46.27,45.59,45.64,1064
20121129,46,46.12,46,46.12,483
20121203,45.88,45.88,45.88,45.88,326
20121204,45.86,45.86,45.67,45.67,726
20121205,46.03,46.29,46,46.23,5271
20121206,45.88,46.02,45.88,46.02,484
20121207,46.02,46.7,46.02,46.17,4881
20121217,46.79,46.79,46.79,46.79,121
20121218,46.81,46.85,46.81,46.85,357
20121220,47.19,47.21,47.19,47.21,238
20121227,46.79,46.94,46.79,46.94,1907
20121228,46.85,46.86,46.85,46.85,2145
20121231,47.04,47.07,47.04,47.07,1341
20130102,48.36,48.37,47.19,47.19,1550
20130103,48.25,48.27,48.25,48.27,834
20130104,48.12,48.12,47.16,47.67,6837
20130107,47.4,47.4,47.4,47.4,119
20130108,47.25,47.31,47.25,47.29,476
20130110,48.12,48.12,48,48,483
20130111,48.22,48.25,48.22,48.25,300
20130115,48.26,48.26,48.26,48.26,411
20130118,48.42,48.42,48.33,48.33,477
20130123,48.47,49.39,48.47,49.39,2418
20130125,49.01,49.01,49.01,49.01,119
20130128,49.45,49.45,49.24,49.24,238
20130129,49.38,49.38,49.33,49.35,1004
20130131,49.29,49.29,49.29,49.29,180
20130201,49.89,49.89,49.89,49.89,685
20130204,49.15,50.12,49.14,49.5,4291
20130205,49.7,50.49,49.27,50.49,7515
20130206,49.65,49.8,49.65,49.8,578
20130208,49.89,49.89,49.89,49.89,215
20130211,49.83,49.83,49.83,49.83,467
20130212,49.86,50.49,49.44,49.65,7748
20130213,49.76,49.76,49.76,49.76,119
20130219,49.96,50.02,49.96,50.02,349
20130220,50.33,50.33,50.04,50.04,238
20130221,48.88,48.96,48.88,48.93,834
20130222,49.71,49.71,49.18,49.39,2181
20130225,49.76,49.76,49.42,49.42,715
20130226,48.83,48.83,48.79,48.79,489
20130227,48.61,50.02,48.61,49.45,6258
20130228,49.83,49.83,49.41,49.6,595
20130301,49.07,49.45,49.07,49.45,1191
20130304,49.22,49.22,49.22,49.22,596
20130305,50.05,50.05,50,50.04,476
20130306,50.67,50.8,49.69,49.89,51020
20130307,50.4,50.47,50,50,1966
20130308,50.48,50.55,50,50.55,715
20130311,51.07,51.07,49.97,50.29,4315
20130312,50.76,50.76,50.22,50.22,2265
20130313,50.4,51.17,50.13,50.19,12319
20130314,50.67,50.81,50.33,50.81,1961
20130315,50.89,50.89,50.88,50.88,6203
20130318,50.89,50.89,50.25,50.54,3090
20130319,49.55,50.28,49.55,50.28,1166
20130320,50.31,50.31,50.31,50.31,2026
20130321,50.32,50.32,50.32,50.32,161
20130322,50.59,50.59,50.59,50.59,123
20130325,50.59,50.59,50.39,50.39,417
20130326,50.64,50.67,50.64,50.64,4381
20130401,50.84,50.84,50.33,50.33,596
20130402,50.9,50.9,50.9,50.9,596
20130403,50.2,50.2,50.2,50.2,238
20130404,50.71,50.71,50.71,50.71,185
20130405,50.57,50.57,49.95,50.42,836
20130409,50.92,51.13,50.75,51.06,2196
20130410,51.68,51.68,51.68,51.68,179
20130411,52.02,52.25,51.79,52.25,251757
20130412,52.05,52.05,51.89,51.89,1400
20130415,51.86,51.86,50.58,50.58,2145
20130416,51.17,51.5,51.17,51.47,1788
20130417,50.17,50.17,50.14,50.14,238
20130418,50.64,50.64,50.25,50.25,2026
20130423,51.08,51.08,50.66,50.83,1192
20130424,51.29,51.37,51.29,51.37,238
20130425,52.01,53.71,52.01,53.71,4895
20130426,52.94,52.94,50.89,51.17,4111
20130429,51.22,51.45,51.22,51.42,714
20130430,51.63,52.01,51.63,52.01,307
20130501,51.5,51.5,51.5,51.5,135
20130502,52.31,52.56,52.31,52.56,3218
20130503,53.51,54.92,50.82,52.85,1847
20130506,54.11,54.19,53.27,53.38,2900
20130507,53.51,53.51,53.51,53.51,509
20130508,54.08,54.08,53.72,53.72,743
20130509,55.25,55.25,53.26,54.36,452195
20130510,52.61,54.24,52.61,54.24,733
20130513,54.3,54.55,53.48,54.44,2575
20130514,54.93,54.93,53.46,53.46,10533
20130516,54.55,55.21,53.39,55.21,2265
20130517,55.11,55.11,53.95,54.44,21968
20130520,54.08,54.11,54.05,54.05,1573
20130521,53.92,55.47,53.44,55.47,15138
20130522,55.12,55.12,53.96,53.96,531
20130524,53.31,54.27,52.47,52.52,7754
20130528,55,55.01,52.68,52.89,7660
20130529,53.91,53.92,52.68,52.68,3934
20130531,53.02,53.36,52.57,53.36,13402
20130603,51.84,52.41,51.84,52.41,3456
20130604,53.86,53.86,53.86,53.86,279
20130605,51.73,52.21,51.73,52.21,393
20130607,52.1,52.31,52.01,52.05,5481
20130610,52.22,52.45,52.22,52.24,4173
20130611,51.8,51.8,51.55,51.55,448
20130612,52.04,53.71,52.04,53.71,385
20130617,53.1,54.18,53.1,54.18,1669
20130619,54.11,54.11,54.11,54.11,477
20130620,52.01,52.48,52.01,52.22,1490
20130621,51.75,52.22,50.27,52.14,3799
20130624,50.9,50.9,49.48,49.5,944
20130626,52.3,52.3,52.18,52.18,1058
20130627,52.3,52.3,51.05,51.05,486
20130702,53.64,53.64,51.01,51.01,12927
20130703,51.42,51.68,51.42,51.68,727
20130705,52.96,53.54,52.31,52.31,2840
20130708,52.31,52.31,52.31,52.31,237
20130711,52.05,53.78,52.05,53,10554
20130712,54,54.02,53.65,53.65,1997
20130715,55.05,55.05,53.33,53.33,1699
20130716,53.68,55,53.68,54.63,1897
20130717,54.41,54.41,54.41,54.41,439
20130718,55.5,55.54,55.5,55.54,2696
20130722,55.01,55.01,53.65,54.44,3857
20130723,55.17,55.17,53.84,53.99,21340
20130724,53.24,54.08,53.24,53.87,657
20130725,55.18,55.18,54.25,54.25,238
20130726,53.92,54,53.62,54,2514
20130729,55.29,55.29,55.29,55.29,1778
20130731,55.32,55.32,54.02,54.02,238
20130801,54.73,54.73,54.73,54.73,830
20130805,54.5,56.24,54.5,55.94,1601
20130806,55.27,55.27,55.27,55.27,119
20130807,54.79,54.79,54.79,54.79,123
20130808,54.41,56.2,54.38,56.2,832
20130812,55.68,55.89,55.68,55.89,474
20130814,55.38,56.02,54.22,56.02,495
20130815,54.99,54.99,54.99,54.99,133
20130816,53.57,53.57,53.57,53.57,119
20130819,53.56,53.57,53.27,53.57,3033
20130821,53.14,53.15,53.14,53.15,996
20130822,53.15,54.46,53.15,54.45,937
20130826,55.36,56.05,54.35,54.35,8023
20130827,52.71,54.68,50.8,52.35,44726
20130828,53.11,54.84,53.11,53.64,26502
20130829,53.72,54.56,52.46,52.56,4352
20130830,52.31,54.41,52.31,53.11,1870
20130903,55.11,55.11,53.11,53.11,7212
20130905,54.73,54.73,53.99,54,1306
20130906,53.32,54.91,52.84,54.27,1307
20130909,53.16,55.26,53.16,53.98,4860
20130912,54.84,54.84,54.5,54.75,476
20130913,55.24,55.87,54.38,54.46,4226
20130916,54.69,54.69,54.47,54.67,1227
20130917,54.5,54.86,54.43,54.86,95003
20130918,55.05,56.48,55.05,56.48,2338
20130919,55.74,57.06,55.74,56.09,440
20130920,57.34,57.34,56.19,56.31,2491
20130923,54.8,57.37,54.8,56.09,4191
20130924,56.57,56.57,55.32,55.32,5944
20130925,56.43,56.43,56.35,56.35,652
20130927,56.02,56.02,56.02,56.02,593
20130930,56.09,56.09,56.09,56.09,119
20131001,54.47,56.3,54.47,55.67,6864
20131002,55.59,55.99,55.17,55.17,1424
20131003,56.09,56.09,54.51,54.69,9882
20131004,55.76,55.76,54.6,54.95,13854
20131007,55.33,55.33,54.62,54.67,1193699
20131008,54.92,55.26,54.01,54.01,7098
20131009,55.29,55.29,53.88,54.71,8783
20131010,54.75,55.34,54.7,54.7,26793
20131011,55.34,55.87,55.27,55.83,2491
20131014,54.74,56.54,54.71,55.22,1662
20131015,55.64,55.67,54.92,54.92,1672
20131016,55.93,56.67,55.81,56.67,476
20131017,55.38,57.16,55.38,56.83,4100
20131018,57.18,57.61,57.18,57.22,1316
20131021,57.3,57.3,56.87,57,11411
20131022,57.28,57.54,57.12,57.48,3027
20131023,56.82,57.1,56.67,57.02,4260
20131024,57,57.27,57,57.27,1931
20131025,57.55,57.55,57.11,57.45,12460
20131028,57.79,57.82,57.22,57.82,6590
20131029,57.66,57.88,57.66,57.88,1770
20131030,59.03,59.03,57.62,57.62,74613
20131031,57.77,57.77,57.52,57.52,1038
20131101,57.64,57.64,57.64,57.64,225
20131104,58.02,58.02,57.37,57.89,5021
20131105,57.89,57.89,57.13,57.58,7676
20131106,57.94,58.02,56.96,57.15,17515
20131107,57.89,57.89,56.44,57.25,48266
20131108,56.06,57.26,56.06,56.57,209376
20131113,57.25,57.38,56.48,57.38,4460
20131114,57.62,58.13,57.37,57.37,4248
20131115,57,58.13,57,57.61,974
20131118,58.19,58.81,57.62,58.81,1519
20131119,58.48,58.48,57.37,57.37,1985
20131120,58.45,58.49,57.37,57.4,10101
20131121,58.45,58.45,58.41,58.41,513
20131122,58.62,58.62,58.62,58.62,255
20131125,58.38,58.38,58.04,58.04,297
20131126,57.91,57.96,57.79,57.96,446
20131127,58.26,58.26,57.97,58.05,3154
20131129,58.36,58.36,58.06,58.06,3436
20131202,58.05,58.06,57.35,57.84,13318
20131203,57.44,57.44,57.44,57.44,119
20131204,57.12,57.42,57.11,57.42,1084
20131205,58.13,58.13,56.81,57.12,3498
20131206,57.67,57.76,57.67,57.76,796
20131209,57.78,57.86,57.78,57.84,1275
20131210,58,58,57.75,57.75,1698
20131211,57.48,57.48,57.1,57.1,14352
20131212,56.39,56.39,56.35,56.36,1408
20131213,56.5,56.5,56.5,56.5,160
20131216,57.37,57.37,57.22,57.27,808
20131217,56.99,57.05,56.78,57.05,416
20131218,57.27,57.97,56.69,57.97,4752
20131219,57.89,57.92,57.41,57.92,4057
20131220,57.91,57.92,57.91,57.92,708
20131223,58.64,58.64,58.58,58.58,29439
20131224,58.14,58.14,58.14,58.14,202094
20131226,59,59,59,59,354
20131227,58.86,59.18,58.75,58.75,191442
20131230,59.03,59.24,59.03,59.24,2300
20131231,59.76,59.91,59.18,59.4,156674
20140102,59.7,59.7,58.52,59.01,231794
20140106,58.63,58.87,58.51,58.51,4732
20140107,58.47,59.27,58.47,59.24,2445
20140108,59.14,59.21,58.77,59.09,4067
20140109,59.13,59.13,58.51,58.56,186252
20140110,58.98,59.21,58.98,59.2,1963
20140113,59.75,59.75,58.89,58.97,7700
20140114,59.35,59.35,58.78,58.87,2300
20140115,59.31,59.5,59.14,59.41,7190
20140116,60.15,60.15,59.1,59.39,15631
20140117,59.52,59.52,59.25,59.28,7689
20140121,58.95,59.6,58.95,59.52,30006
20140122,59.43,59.65,59.26,59.57,3517
20140123,59.48,59.48,58.63,58.76,58349
20140124,58.94,58.94,57.63,57.79,13173
20140127,57.45,57.8,57.06,57.45,69958
20140128,57.77,57.94,57.48,57.94,57400
20140129,57.68,57.68,56.91,57.3,10360
20140130,57.49,57.76,57.49,57.5,633
20140131,56.61,57.4,56.61,57.17,28181
20140203,56.21,56.21,56.05,56.05,3645
20140204,56.21,56.44,56,56.32,15804
20140205,56.24,56.51,56.21,56.23,10259
20140206,56.96,57.19,56.96,57.19,6000
20140207,57.65,57.82,57.44,57.82,2970
20140210,57.82,57.82,57.69,57.78,3538
20140211,58.12,58.75,58.02,58.75,12747
20140212,59.01,59.03,58.46,58.86,118891
20140213,58.84,59.02,58.83,59.02,1215
20140214,59.18,59.34,58.96,59.18,11385
20140218,59.39,59.77,59.26,59.3,6998
20140219,59.59,59.86,59.14,59.35,58161
20140220,58.62,59.61,58.62,59.52,29173
20140224,58.75,60.29,58.75,60.1,11794
20140225,59.83,59.87,59.82,59.82,707
20140226,60.18,60.19,59.5,59.56,36052
20140227,60.15,60.15,58.81,59.22,8630
20140228,59.45,60.38,59.45,60.19,1333
20140303,59.9,59.97,59.38,59.39,22092
20140304,60.15,60.15,60.15,60.15,355
20140305,60.49,60.52,60.36,60.36,6012
20140306,60.99,60.99,60.15,60.74,14807
20140307,60.75,60.77,60.57,60.66,2646
20140310,59.83,60.35,59.83,60.27,898
20140311,60.66,60.66,59.64,59.64,6156
20140312,60.04,60.04,59.78,59.78,236
20140313,59.36,59.36,58.97,59.23,5336
20140314,59.42,59.42,58.96,58.96,4167
20140318,59.92,60.08,59.18,59.18,1715
20140319,60.12,60.12,59.93,59.93,236
20140320,59.87,59.87,59.05,59.66,2358
20140321,60.37,60.37,59.16,59.38,25536
20140324,59.07,59.59,58.96,59.15,4732
20140325,59.42,59.62,59.42,59.61,10172
20140326,59.22,60.12,59.22,60.1,873
20140327,59.75,59.75,59.12,59.35,5263
20140328,59.86,60.32,59.28,59.3,4764
20140331,59.51,60.4,59.51,60.4,964
20140401,60.22,60.56,60.02,60.46,5059
20140402,60.87,60.94,60.36,60.62,13795
20140403,59.99,60.7,59.99,60.03,2239
20140404,60.71,60.72,59.64,59.64,5784
20140407,60.33,60.33,59.13,59.13,1083
20140408,59.13,59.93,59.13,59.93,9332
20140409,60.26,60.26,59.7,59.7,1992
20140410,60.07,60.32,59.62,59.63,3417
20140411,59.25,59.25,59.22,59.22,2358
20140414,59.36,59.46,59.36,59.46,1031
20140415,59.4,59.4,58.76,58.97,4598
20140416,59.21,59.93,59.21,59.93,8205
20140417,60.35,60.36,60.35,60.35,1179
20140421,60.72,60.72,59.79,60.07,524
20140422,60.8,60.8,60.4,60.49,8049
20140424,60.52,60.52,60.52,60.52,710
20140425,60.43,60.43,59.98,60.21,11693
20140428,59.57,60.08,59.57,59.59,4461
20140429,60.77,60.78,60.77,60.78,2357
20140430,61.15,61.15,60,60.03,624
20140501,61.25,61.25,61.22,61.22,2384
20140502,61.26,61.26,60.23,60.49,6999
20140505,60.66,60.95,60.49,60.86,43868
20140506,61.14,61.14,60.76,60.76,86720
20140507,60.1,60.29,60.1,60.29,852
20140508,59.62,61.17,59.62,61.08,2018
20140509,60.77,60.88,60.39,60.88,8406
20140512,61.09,61.09,60.71,61,1648
20140513,61.36,61.56,60.55,60.92,10251
20140514,61.44,61.44,60.98,61.25,10949
20140515,61.55,61.55,60.15,60.72,659
20140516,60.29,60.29,60.29,60.29,118
20140520,60.99,60.99,60.65,60.65,2013
20140521,60.96,61.05,60.87,61.05,5575
20140522,61,61,60.92,60.92,576
20140523,61.49,61.51,60.96,60.98,26290
20140527,61.44,61.71,61.36,61.36,5953
20140528,60.99,61.89,60.97,61.72,43500
20140529,61.9,61.9,61.51,61.89,1522
20140530,61.64,62.1,61.64,61.93,151186
20140602,62.36,62.36,61.56,61.77,6333
20140603,62,62.16,61.51,62.15,243584
20140604,62.27,62.27,61.84,62.17,18108
20140605,62.28,62.38,61.49,62.38,3984
20140606,63.18,63.18,62.62,62.8,3271
20140609,62.74,62.88,61.75,62.88,690
20140610,62.86,62.86,62.02,62.56,269050
20140611,62.55,62.55,62.39,62.44,472
20140612,62.44,62.44,61.89,61.94,1505
20140613,62.01,62.32,62,62.05,3955
20140616,62.07,62.36,62.07,62.08,5750
20140617,62.39,62.39,62.24,62.24,1528
20140618,62.47,62.54,62,62.54,3335
20140619,62.47,63.21,62.47,62.86,3424
20140620,63.12,63.12,62.9,62.95,8395
20140623,62.65,62.9,62.49,62.84,53949
20140624,62.31,63.14,62.3,62.45,1907
20140625,62.64,62.64,62.5,62.5,2623
20140626,62.68,62.68,62.68,62.68,116
20140630,63.08,63.08,62.74,62.74,3147
20140701,62.59,63.51,62.59,63.31,34111
20140702,63.89,63.89,63.32,63.5,23728
20140703,63.78,63.79,63.53,63.75,6936
20140707,63.55,63.55,63.24,63.24,1938
20140708,62.88,62.88,62.46,62.46,582
20140709,63.45,63.45,62.84,62.98,101754
20140710,62.85,62.85,62.34,62.36,11302
20140711,62.66,62.66,62.45,62.62,2344
20140714,62.61,63.27,62.61,62.96,68937
20140715,62.83,63.56,62.77,63.04,73989
20140716,63.79,63.79,63.02,63.38,5416
20140717,63.03,63.16,62.47,62.47,26297
20140718,62.83,63.25,62.77,63.25,17619
20140721,62.89,63.11,62.89,63.11,4768
20140722,63.2,63.44,63.2,63.26,27891
20140723,62.8,63.5,62.8,63.5,19949
20140724,63.31,63.54,63.31,63.54,604
20140725,63.63,63.63,63.17,63.24,11534
20140728,63.55,63.55,62.83,63,2325
20140729,63.29,63.29,63.05,63.05,2734
20140730,63,63.07,62.83,62.83,17134
20140731,62.27,62.27,61.71,61.71,3166
20140801,61.23,61.85,60.65,61.47,4539
20140804,62.23,62.23,61.43,61.88,5091
20140805,61.35,61.36,61.04,61.04,4412
20140806,60.09,61.07,60.07,60.84,16039
20140807,61.05,61.32,60.59,60.59,1461
20140808,60.4,60.98,60.4,60.98,1932
20140811,61.9,61.9,61.25,61.25,1593
20140812,61.6,61.6,61,61.08,837
20140813,61.74,61.74,61.46,61.46,3847
20140814,61.71,61.85,61.71,61.85,1174
20140815,62.4,62.4,61.59,61.73,8922
20140818,62.4,62.4,62.4,62.4,814
20140819,63.14,63.14,62.46,62.57,34419
20140820,62.55,62.64,62.44,62.64,24305
20140821,62.86,63.18,62.86,63.13,70329
20140822,62.55,63.2,62.36,62.92,49808
20140825,63.43,63.43,62.94,63.08,27090
20140826,63.37,63.44,63.04,63.35,33370
20140827,63.38,63.39,63.29,63.34,15784
20140828,62.92,63.23,62.92,63.23,28824
20140829,63,63.42,63,63.42,15651
20140902,63.29,63.29,62.97,62.97,247656
20140903,63.36,63.57,63.21,63.44,32506
20140904,63.56,63.56,63.56,63.56,241
20140905,62.85,63.16,62.85,63.16,1120
20140908,63.2,63.2,62.91,62.91,5066
20140909,62.56,62.72,62.55,62.72,581
20140910,62.43,62.95,62.42,62.92,6066
20140911,62.92,62.92,62.34,62.52,2023
20140912,62.77,62.77,62.43,62.49,773
20140915,62.36,62.55,62.03,62.32,29110
20140916,62.7,62.77,62.69,62.77,3024
20140917,62.35,63.02,62.35,63.02,17420
20140918,63.14,63.14,62.9,63.09,9870
20140919,63.09,63.09,63.09,63.09,5995
20140922,63.07,63.07,63.01,63.01,1111
20140923,62.46,62.46,62.02,62.1,4984
20140924,61.69,62.36,61.69,62.36,34043
20140925,62.25,62.25,61.55,61.78,38625
20140926,61.91,61.91,61.5,61.69,11575
20140929,61.16,61.62,60.95,61.46,137247
20140930,61.46,61.79,61.02,61.38,33092
20141001,61.1,61.1,60.73,60.92,138009
20141002,60.37,60.49,59.82,60.34,8675
20141003,60.72,60.82,60.46,60.82,57520
20141006,61.3,61.3,60.56,60.56,9594
20141007,60.74,60.74,59.77,59.77,1267
20141008,60.07,61.12,59.77,61.12,4895
20141009,60.45,60.8,59.4,59.4,10977
20141010,59.66,59.66,58.81,58.91,8541
20141013,58.41,58.85,58.32,58.32,1397
20141014,58.2,58.44,57.92,57.92,1278
20141015,57.73,58.11,56.93,57.98,7207
20141016,57.49,58.1,57.21,57.8,9174
20141017,58.81,59.02,58.33,58.84,11194
20141020,58.22,59.2,58.22,59.16,4620
20141021,59.76,60.23,59.63,60.23,10040
20141022,60.18,60.18,59.8,59.8,2572
20141023,59.94,60.52,59.94,60.46,6309
20141024,60.46,60.65,59.94,60.29,55559
20141027,60.4,60.59,60.12,60.33,5106
20141028,60.67,61.25,60.67,61.11,6076
20141029,61.58,61.58,61.07,61.07,9306
20141030,60.86,61.29,60.82,61.09,11939
20141031,61.91,62.17,61.75,61.91,10419
20141103,62.03,62.03,62.03,62.03,116
20141104,61.91,61.91,61.62,61.77,994
20141105,62.24,62.31,61.88,62.06,13137
20141106,62.17,62.17,61.87,62.08,16869
20141107,62.15,62.15,61.65,62.07,3767
20141110,61.97,62.34,61.81,62.23,4635
20141111,62.42,62.52,62.03,62.51,10098
20141112,61.8,62.43,61.8,62.35,2792
20141113,62.54,62.54,62.13,62.15,2785
20141114,62.05,62.43,62.05,62.43,27083
20141117,61.78,62.59,61.78,62.58,19801
20141118,62.81,62.98,62.54,62.75,6271
20141119,62.75,62.76,62.34,62.34,5471
20141120,62.68,62.7,62.26,62.51,10781
20141121,62.99,63.54,62.76,63.09,6366
20141124,63.56,63.56,63.07,63.09,7283
20141125,63.38,63.48,63.07,63.13,15645
20141126,63.15,63.32,62.94,63.22,186834
20141128,63.11,63.2,62.83,63.01,20155
20141201,63.28,63.28,62.63,62.89,7729
20141202,63.21,63.21,62.78,62.78,6713
20141203,62.85,63.14,62.85,63.14,1676
20141204,63.17,63.17,62.87,62.87,9079
20141205,63.2,63.32,62.91,63.11,16722
20141208,62.95,63.04,62.35,62.71,23814
20141209,62.26,62.56,61.86,62.56,17861
20141210,61.91,62.65,61.41,61.7,12745
20141211,62.02,62.3,61.54,61.63,21982
20141212,61.65,61.65,60.63,60.79,16783
20141215,61.47,61.48,59.94,60.32,123514
20141216,60.46,61.05,59.76,59.81,7746
20141217,60.79,60.82,60.3,60.62,8772
20141218,61.95,62.37,61.52,62.36,6286
20141219,62.59,62.6,61.86,62.56,2373
20141222,62.37,62.9,62.13,62.82,53390
20141223,62.78,63.03,62.49,62.69,12160
20141224,62.99,63.64,62.84,63.28,13874
20141226,62.95,63.4,62.55,63.36,6867
20141229,63.14,63.28,63,63.17,49391
20141230,63.23,63.23,62.61,62.8,280526
20141231,61.53,63.01,61.53,62.23,15557
20150102,62.66,62.66,61.77,62.22,35329
20150105,60.97,61.72,60.67,60.76,69832
20150106,60.84,60.85,59.93,59.95,18200
20150107,60.41,60.77,60.25,60.56,21938
20150108,61.81,61.91,61.52,61.91,11097
20150109,62.12,62.12,60.92,61.31,2722
20150112,60.87,61.29,60.44,61.2,1644
20150113,61.86,61.86,60.7,60.76,1247
20150114,61.12,61.12,60.1,60.73,37390
20150115,60.76,60.77,60.31,60.31,10510
20150116,60.64,61.17,60.64,61.12,9614
20150120,62.2,62.2,61.02,61.44,8911
20150121,61.72,61.91,61.29,61.33,115465
20150122,62.13,62.24,61.69,62.09,5210
20150123,62.11,62.11,61.7,61.71,9438
20150126,62.24,62.46,61.91,62.46,34087
20150127,62.29,62.44,61.69,62.28,9815
20150128,62.16,62.19,61.41,61.41,24874
20150129,60.37,61.62,60.37,61.26,25425
20150130,61.85,61.85,60.69,60.69,21606
20150202,61.49,61.74,60.83,61.74,52087
20150203,62.5,62.5,61.39,62.25,87478
20150204,62.63,62.63,61.83,61.85,19551
20150205,62.85,62.86,62.34,62.63,16308
20150206,62.51,62.8,62.05,62.37,22089
20150209,62.36,62.46,61.84,61.91,24740
20150210,62.83,62.83,62.21,62.51,9301
20150211,62.73,62.84,62.28,62.51,15668
20150212,63.26,63.34,63.12,63.12,1416
20150213,64.12,64.12,63.36,63.39,2966
20150217,64.1,64.22,63.34,63.96,30699
20150218,64.16,64.26,63.5,64.22,18034
20150219,63.85,64.26,63.6,64.04,24180
20150220,64.11,64.84,63.69,64.44,65995
20150223,64.78,64.78,64.45,64.59,25733
20150224,64.32,65.02,64.32,65.01,294139
20150225,65.11,65.16,64.78,64.95,10357
20150226,65.24,65.24,64.68,64.73,12956
20150227,65.21,65.21,64.67,64.73,14378
20150302,65.1,65.1,64.7,64.88,12912
20150303,64.55,64.9,64.35,64.52,9186
20150304,63.92,64.33,63.92,64.33,5702
20150305,64.66,64.66,64.15,64.25,18008
20150306,64.36,64.36,63.41,63.41,20024
20150309,63.91,63.91,63.56,63.74,10140
20150310,63.45,63.45,62.45,62.45,11780
20150311,63.22,63.22,62.44,62.52,56218
20150312,63.14,63.26,63.03,63.2,5335
20150313,63.08,63.08,62.57,62.86,8432
20150316,63.43,63.66,63.43,63.61,4053
20150317,63.41,63.56,63.32,63.43,7759
20150318,63.5,64.55,63.5,64.55,3989
20150319,64.75,64.75,63.99,63.99,6533
20150320,65.07,65.21,64.55,64.97,5010
20150323,64.93,65.28,64.93,65.21,6958
20150324,65.52,65.52,64.77,64.95,27692
20150325,64.88,64.9,64.29,64.44,2716
20150326,63.74,63.93,63.54,63.69,9512
20150327,63.68,63.96,63.64,63.73,8249
20150330,64.15,64.26,63.76,63.91,848819
20150331,63.48,63.94,63.39,63.65,484738
20150401,63.86,63.86,62.98,63.54,65056
20150402,63.84,64.28,63.72,63.96,6639
20150406,64.46,64.77,63.87,64.77,794
20150407,63.86,64.84,63.86,64.37,139005
20150408,64.53,64.89,64.52,64.55,6285
20150409,64.66,64.66,63.95,64.49,2074
20150410,64.28,65.06,64.28,65.06,6785
20150413,65.23,65.23,64.69,64.69,15675
20150414,64.69,64.95,64.69,64.95,18343
20150415,65.01,65.41,64.62,64.99,3250
20150416,65.23,65.69,65.03,65.12,4972
20150417,64.84,64.84,64.18,64.42,8882
20150420,64.91,65.19,64.84,65.13,5472
20150421,65.51,65.51,64.81,64.88,13749
20150422,65.38,65.5,64.56,65.1,15914
20150423,64.98,65.74,64.73,65.39,10379
20150424,65.47,65.89,65.39,65.67,7040
20150427,65.54,66.23,65.54,65.6,12301
20150428,65.9,66.07,65.41,65.71,10684
20150429,65.5,65.77,65.17,65.24,210120
20150430,65.3,65.34,64.94,64.94,5891
20150501,65.95,65.95,65.07,65.17,1540
20150504,65.7,65.95,65.48,65.85,8733
20150505,65.38,65.8,64.61,65.01,5303
20150506,65.1,65.23,64.66,64.7,6801
20150507,64.54,65.06,64.54,64.95,16474
20150508,65.59,66,65.59,65.83,4473
20150511,65.9,65.94,65.67,65.67,1602
20150512,65.63,65.73,65.28,65.35,3610
20150513,65.82,66,65.31,65.76,6368
20150514,66,66.46,65.98,66.25,9176
20150515,66.41,66.54,65.66,66.41,6191
20150518,66.8,67.17,65.44,65.86,9502
20150519,67.06,67.06,67.06,67.06,227
20150520,66.63,66.63,66.06,66.52,25401
20150521,66.45,66.76,66.25,66.7,12108
20150522,66.73,66.73,66.46,66.58,3798
20150526,65.84,65.91,65.13,65.61,198447
20150527,66.35,66.35,66,66.09,5060
20150528,66.01,66.06,65.44,65.72,24900
20150529,65.65,65.65,65.19,65.21,1376
20150601,65.1,65.53,65.1,65.51,6210
20150602,65.15,65.87,65.13,65.74,29317
20150603,65.59,66.13,65.5,65.61,36674
20150604,65.65,65.65,64.94,64.96,6304
20150605,64.52,64.89,64.48,64.89,3149
20150608,64.63,64.63,64.46,64.46,552
20150609,64.44,64.55,64.24,64.53,6070
20150610,65.39,65.56,65.32,65.51,14514
20150611,65.18,65.77,65.18,65.58,4304
20150612,65.05,65.21,64.87,65.13,6766
20150615,64.38,64.78,63.76,64.77,3919
20150616,64.41,65.29,64.41,64.93,25159
20150617,64.99,65.26,64.67,65.14,5406
20150618,65.22,65.88,65,65.03,84764
20150619,65.63,65.63,64.91,65.45,1341
20150622,65.84,66.19,65.54,65.54,23500
20150623,65.69,66,65.28,65.64,4408
20150624,65.28,65.87,65.08,65.09,127459
20150625,65.73,65.73,64.91,64.99,581846
20150626,65.37,65.37,64.93,65.23,16514
20150629,64.03,64.77,63.47,63.47,3243
20150630,63.67,64.11,63.27,63.44,28264
20150701,64.5,64.5,63.93,63.96,2903
20150702,64.33,64.33,63.68,64.1,6962
20150706,63.44,63.77,62.75,63.27,6073
20150707,62.61,63.49,62.34,63.49,34226
20150708,62.88,62.88,61.77,61.83,377359
20150709,63.26,63.3,62.98,62.98,1142
20150710,63.99,64.17,63.62,64.16,22003
20150713,65.6,65.6,64.07,64.22,2424
20150714,64.25,64.83,64.25,64.77,10271
20150715,64.89,65.01,64.42,64.78,11089
20150716,65.55,65.55,65.08,65.3,75539
20150717,65.17,65.71,65.05,65.28,3770
20150720,65.44,65.44,64.84,65.11,508095
20150721,64.37,65.22,64.37,64.97,827358
20150722,64.48,64.8,64.47,64.62,128037
20150723,64.76,64.9,64.31,64.85,364639
20150724,64.59,64.9,63.55,64.05,117757
20150727,63.33,63.92,63.28,63.43,143533
20150728,64.04,64.64,63.42,64.54,385994
20150729,65.84,65.84,64.32,64.9,177912
20150730,64.88,65.03,64.06,64.98,35108
20150731,65.41,65.41,64.7,65.12,7686
20150803,65.28,65.28,64.34,64.9,41831
20150804,64.7,65,64.3,64.85,148212
20150805,65.04,65.39,64.61,64.92,51377
20150806,65.03,65.03,64.35,64.4,9584
20150807,64.55,64.55,64.05,64.51,12810
20150810,64.11,65.37,64.11,65.01,85327
20150811,64.72,64.72,63.9,64.64,5016
20150812,63.75,64.54,63.28,64.11,25920
20150813,64.28,64.49,64.01,64.05,19400
20150814,63.74,64.44,63.74,64.11,5997
20150817,63.82,64.32,63.82,64.27,10337
20150818,64.34,64.61,64.05,64.35,3287
20150819,63.9,64.26,63.33,63.63,39315
20150820,63.09,63.09,62.11,62.11,9075
20150821,61.54,61.79,60.19,60.25,42245
20150824,56.38,59.67,52.73,57.95,88678
20150825,58.8,61.47,58.16,58.33,368889
20150826,59.87,60.11,58.33,59.83,44498
20150827,61.81,61.81,60.16,61.39,61618
20150828,61.13,61.41,60.69,61.41,11137
20150831,61.08,61.2,60.55,60.84,13465
20150901,60.23,60.23,58.87,59.03,77297
20150902,60.18,60.2,58.92,59.96,13875
20150903,60.09,60.66,59.64,59.86,41281
20150904,58.88,59.1,57.8,58.78,62136
20150908,60.38,60.56,59.48,60.56,16462
20150909,61.1,61.1,59.76,59.76,16368
20150910,59.5,60.42,59.5,59.88,34302
20150911,59.92,60.07,59.59,59.84,2939
20150914,59.68,59.9,59.58,59.72,8208
20150915,60.02,60.61,59.98,60.3,3663
20150916,60.69,60.93,60.69,60.92,2455
20150917,60.86,62.12,60.74,60.93,3454
20150918,59.96,60.51,59.89,59.9,8930
20150921,60.33,60.48,59.63,59.84,5498
20150922,58.89,59.01,58.48,58.86,8226
20150923,59.21,59.21,58.61,58.88,7138
20150924,58.45,58.96,57.95,58.89,18235
20150925,59.43,59.46,58.95,59.37,24817
20150928,58.57,58.57,57.32,57.33,11869
20150929,57.55,57.66,56.91,57.14,133534
20150930,57.68,58.67,57.68,58.67,52934
20151001,58.68,58.73,57.83,58.73,9602
20151002,57.85,59.2,57.85,59.2,7796
20151005,60.11,60.87,60.11,60.87,4437
20151006,60.59,60.92,60.3,60.74,128943
20151007,60.97,61.27,60.46,61.27,4666
20151008,60.82,61.52,60.54,61.36,88671
20151009,61.47,61.77,61.47,61.53,5799
20151012,61.59,61.68,61.34,61.51,14162
20151013,61.07,61.64,60.92,60.92,15848
20151014,61.06,61.22,60.72,61.12,9796
20151015,61.5,62.12,61.4,62.12,9223
20151019,61.84,62.08,61.43,62,13247
20151020,62.07,62.23,61.64,62.08,11012
20151021,62.28,62.28,61.52,61.52,7663
20151022,62.39,62.74,61.94,62.45,32797
20151023,62.74,63.23,62.74,62.87,124538
20151026,62.98,63.07,62.57,62.82,50999
20151027,62.41,62.78,62.26,62.73,129124
20151028,62.79,63.55,62.47,62.88,6002
20151029,63.03,63.36,62.65,63.34,2919
20151030,62.97,63.14,62.73,62.76,3721
20151102,62.9,63.73,62.59,63.28,13164
20151103,63.27,63.79,62.76,63.47,17773
20151104,63.89,63.89,63.14,63.23,3817
20151105,63.52,63.56,62.99,63.46,4839
20151106,62.91,63.48,62.65,63.08,6912
20151109,62.73,63.01,62.3,62.42,15258
20151110,62.18,62.54,62.18,62.54,14490
20151111,62.86,63,62.47,62.47,13788
20151112,62.49,62.49,61.69,61.7,22799
20151113,61.51,61.72,61.11,61.27,10106
20151116,61.19,62.2,61.06,62.2,79844
20151117,62.33,62.41,61.72,62.27,15407
20151118,62.38,62.99,61.93,62.85,5807
20151119,62.8,63.02,62.57,62.87,42763
20151120,63.31,63.31,62.81,63.12,10702
20151123,62.75,63.08,62.61,62.73,16622
20151124,62.34,63.02,62.3,63.02,24486
20151125,62.74,63.02,62.58,63,21924
20151127,62.82,63.22,62.63,62.8,35173
20151130,62.87,63.02,62.64,62.95,10742
20151201,62.91,63.39,62.9,63.32,5129
20151202,63.32,63.59,62.84,63,21315
20151203,62.83,62.83,62.17,62.4,105383
20151204,62.37,63.38,62.35,63.33,17023
20151207,62.8,62.85,62.46,62.85,14739
20151208,62.14,62.37,61.93,62.25,13423
20151209,62.05,62.58,61.57,61.87,47200
20151210,62.16,62.26,61.63,61.93,50016
20151211,61.25,61.28,60.73,60.75,159738
20151214,61.2,61.2,60.1,60.92,25003
20151215,61.47,61.66,61.16,61.46,17042
20151216,61.93,62.6,61.6,62.2,63225
20151217,62.46,62.46,61.52,61.52,218527
20151218,61.09,61.56,60.63,60.71,240361
20151221,61.43,61.43,60.29,60.94,77886
20151222,61.1,61.7,60.91,61.21,71473
20151223,62.19,62.54,62.08,62.17,34408
20151224,63.27,63.27,62.19,62.19,12104
20151228,61.83,62.34,61.57,62.26,49310
20151229,62.57,62.93,62.17,62.6,52412
20151230,62.38,62.62,62.2,62.2,9546
20151231,62.19,62.19,61.63,61.83,7999
20160104,60.43,60.94,59.87,60.94,46108
20160105,60.6,60.74,60.17,60.51,162284
20160106,59.43,59.97,59.36,59.81,32101
20160107,58.46,59.28,57.94,57.94,1210011
20160108,58.77,58.77,57.36,57.36,526856
20160111,58.09,58.09,57.02,57.67,40605
20160112,57.98,58.04,57.23,58,5937
20160113,58.33,58.33,56.67,56.78,10629
20160114,56.99,57.89,56.99,57.54,4266
20160115,55.52,56.61,55.46,55.92,30010
20160119,56.65,56.76,55.62,56.07,76780
20160120,55.07,55.74,54.03,55.52,33670
20160121,55.26,55.97,54.85,55.72,9567
20160122,56.88,57.11,56.44,57.03,53202
20160125,56.79,56.8,56.06,56.17,34042
20160126,56.39,57.18,56.19,57.16,36215
20160127,56.77,57.27,56.37,56.68,22240
20160128,57.26,57.26,56.44,56.92,7162
20160129,57.21,58.06,57.21,57.96,63533
20160201,57.47,58.29,57.43,58.04,51172
20160202,57.17,57.47,56.71,56.94,45094
20160203,57.23,57.39,56.1,57.29,19812
20160204,56.99,57.57,56.78,57.35,177831
20160205,57.01,57.12,56.12,56.12,51095
20160208,55.39,55.48,54.61,55.26,30763
20160209,54.66,55.41,54.64,54.91,23230
20160210,55.67,55.68,54.94,54.97,35250
20160211,54.07,54.64,53.77,54.38,101813
20160212,54.89,55.36,54.32,55.2,323845
20160216,55.99,56.46,55.79,56.45,151154
20160217,56.97,57.54,56.86,57.32,110540
20160218,57.82,57.84,57.11,57.3,123134
20160219,56.84,57.19,56.72,57.13,15358
20160222,57.83,58.02,57.7,57.75,30429
20160223,57.6,57.6,56.99,56.99,3049
20160224,56.71,57.41,56.27,57.15,124940
20160225,57.53,57.93,57.25,57.86,9510
20160226,58.45,58.46,57.82,57.82,22801
20160229,58.04,58.23,57.72,57.72,47603
20160301,57.99,59.07,57.99,59.07,49914
20160302,59.09,59.34,58.73,59.34,21852
20160303,59.52,59.84,59.24,59.67,73612
20160304,60.08,60.41,59.89,60.1,18309
20160307,59.78,60.37,59.52,60.02,46177
20160308,59.97,59.97,59.27,59.34,21889
20160309,59.68,59.83,59.48,59.63,76608
20160310,60.04,60.37,59.18,59.56,11088
20160311,60.36,61.01,60.36,61.01,38723
20160314,60.81,60.95,60.51,60.73,50544
20160315,60.14,60.58,60.08,60.58,53276
20160316,60.07,61.03,60.07,61.01,6633
20160317,61.01,61.7,60.63,61.38,22056
20160318,61.57,61.68,61.31,61.41,48355
20160321,61.59,61.62,61.24,61.43,32109
20160322,61.17,61.58,60.95,61.49,27621
20160323,61.4,61.48,60.71,60.74,30013
20160324,60.36,60.87,60.3,60.83,139858
20160328,61.21,61.48,60.62,61.01,163150
20160329,60.63,61.62,60.63,61.6,82648
20160330,62.15,62.18,61.75,61.83,39766
20160331,61.7,61.99,61.43,61.63,25037
20160401,61.43,61.7,60.74,61.51,59827
20160404,61.48,61.76,61.32,61.32,51930
20160405,60.72,60.81,60.45,60.47,101492
20160406,60.8,61.41,60.59,61.38,11267
20160407,60.85,60.85,60.44,60.53,35598
20160408,61.38,61.53,61.05,61.16,196455
20160411,61.63,61.63,60.99,60.99,89349
20160412,61.17,61.92,61.17,61.67,17964
20160413,62.26,62.69,62.26,62.6,23141
20160414,62.71,62.76,62.62,62.64,6686
20160415,62.68,62.72,62.44,62.56,52323
20160418,62.14,62.98,62.13,62.84,18999
20160419,63.56,63.7,63.31,63.5,18029
20160420,63.69,63.85,63.48,63.53,10928
20160421,63.44,63.82,63.15,63.17,43351
20160422,63.16,63.45,62.97,63.42,68014
20160425,63.16,63.21,62.88,63.03,9740
20160426,63.7,63.7,63.09,63.32,23314
20160427,63.08,63.64,62.98,63.32,53086
20160428,63.08,63.4,62.65,62.68,16063
20160429,62.63,62.63,62.07,62.28,24354
20160502,62.94,63.12,62.5,63.11,44482
20160503,62.45,62.49,62.1,62.23,20770
20160504,61.96,61.96,61.45,61.54,8285
20160505,61.86,61.86,61.31,61.59,13198
20160506,61.37,61.76,61.33,61.53,16187
20160509,61.61,61.83,61.59,61.83,6702
20160510,62.33,62.51,62.27,62.39,8610
20160511,62.68,62.68,62.14,62.17,93457
20160512,62.21,62.21,61.73,62.07,23656
20160513,61.85,62.04,61.3,61.33,19677
20160516,61.71,62.3,61.71,62.3,50646
20160517,62.04,62.07,61.33,61.49,9601
20160518,61.35,62.2,61.35,61.46,69366
20160519,61.11,61.43,60.89,61.33,16153
20160520,61.81,61.87,61.65,61.71,7389
20160523,61.51,61.76,61.44,61.44,97824
20160524,61.93,62.42,61.93,62.36,2945
20160525,62.72,63.06,62.72,62.97,41587
20160526,62.97,62.99,62.83,62.83,14735
20160527,62.85,63.07,62.85,62.93,6816
20160531,63.57,63.57,62.76,62.84,56506
20160601,62.79,63.04,62.72,63.04,12976
20160602,62.83,62.97,62.68,62.95,10116
20160603,62.9,63.22,62.74,63.08,32814
20160606,63.25,63.66,63.25,63.4,3183
20160607,63.55,63.98,63.55,63.68,12753
20160608,64.05,64.05,63.83,63.99,21824
20160609,63.28,63.59,63.24,63.44,31164
20160610,62.64,62.84,62.19,62.36,9437
20160613,61.96,62.31,61.8,61.8,2869
20160614,61.53,61.53,61.02,61.47,17671
20160615,61.91,61.91,61.48,61.49,9974
20160616,61.07,61.72,60.64,61.72,20610
20160617,61.83,62.1,61.48,61.85,29414
20160620,62.95,63.13,62.58,62.76,68341
20160621,62.84,63.02,62.7,62.97,16610
20160622,62.9,63.08,62.75,62.88,7038
20160623,63.88,64.24,63.63,64.15,18971
20160624,59.95,61.8,59.89,60.41,69078
20160627,60,60.36,58.94,59.29,62283
20160628,60.34,60.84,59.97,60.45,45949
20160629,61.35,61.78,61.23,61.78,23472
20160630,61.87,62.47,61.78,62.32,62688
20160701,62.57,62.92,62.38,62.49,46742
20160705,62.24,62.32,61.65,61.75,42574
20160706,61.55,62.01,61.25,61.9,150282
20160707,62.2,62.31,61.67,61.75,27042
20160708,62.38,62.75,62.38,62.71,7174
20160711,63.17,63.47,63.09,63.15,9818
20160712,63.88,64.06,63.68,63.87,8238
20160713,64.2,64.2,63.68,63.97,8774
20160714,64.36,64.45,64.18,64.23,5458
20160715,64.22,64.33,63.91,64.05,7665
20160718,64.01,64.29,63.97,64.19,7577
20160719,64.02,64.11,63.76,63.93,52154
20160720,64.39,64.47,64.06,64.33,20715
20160721,64.39,64.51,64.11,64.24,8241
20160722,64.32,64.39,64.24,64.39,3004
20160725,64.39,64.39,63.94,64.26,7263
20160726,64.42,64.52,64.23,64.43,19051
20160727,64.69,64.69,63.79,64.26,42345
20160728,64.27,64.57,64.11,64.39,7979
20160729,64.59,64.95,64.46,64.74,10488
20160801,64.77,64.82,64.39,64.62,7046
20160802,64.75,64.75,63.91,64.31,34536
20160803,64.05,64.23,63.99,64.18,28039
20160804,64.3,64.47,64.3,64.34,8786
20160805,64.56,64.95,64.56,64.8,26448
20160808,65.07,65.07,64.77,64.95,5333
20160809,65.05,65.33,65.04,65.23,29144
20160810,65.52,65.52,65.07,65.07,58435
20160811,65.39,65.67,65.37,65.59,30028
20160812,65.43,65.65,65.34,65.55,59819
20160815,65.81,65.85,65.61,65.74,13773
20160816,65.68,65.68,65.42,65.51,12138
20160817,65.36,65.74,65.13,65.53,16589
20160818,65.61,65.79,65.41,65.79,45287
20160819,65.42,65.48,65.41,65.48,3479
20160822,65.27,65.53,65.27,65.44,13152
20160823,65.79,65.98,65.74,65.77,12967
20160824,65.72,65.74,65.38,65.39,20883
20160825,65.29,65.5,65.14,65.18,23954
20160826,65.29,65.29,64.75,65.04,12234
20160829,65.11,65.39,65.09,65.39,3363
20160830,65.38,65.39,65.13,65.24,11163
20160831,65.16,65.22,64.82,65.13,14081
20160901,65.11,65.31,64.9,65.28,11272
20160902,65.66,65.79,65.66,65.68,3430
20160906,65.88,66.14,65.88,66.14,13449
20160907,66.06,66.21,65.98,66.09,673985
20160908,67.06,67.06,65.85,65.95,36123
20160909,65.24,65.38,64.33,64.33,15009
20160912,64.45,65.28,64.45,65.12,5885
20160913,64.54,64.66,63.67,63.82,241614
20160914,64.16,64.28,64.06,64.15,1288
20160915,63.96,64.52,63.96,64.42,14355
20160916,63.8,64.16,63.8,64.09,51294
20160919,64.5,64.51,64.03,64.17,12273
20160920,64.4,64.51,64.11,64.11,175387
20160921,64.85,65.17,64.53,65.15,5871
20160922,65.78,65.84,65.57,65.58,9868
20160923,65.26,65.43,65.13,65.15,25904
20160926,64.67,64.78,64.54,64.55,15598
20160927,64.6,64.96,64.55,64.92,6787
20160928,65.09,65.34,64.84,65.34,10231
20160929,65.34,65.36,64.68,64.68,14183
20160930,64.79,65.38,64.79,65.32,20558
20161003,65.04,65.08,64.89,65.01,9246
20161004,65.24,65.24,64.72,64.91,29993
20161005,65.22,65.31,65.05,65.22,13986
20161006,64.92,65.04,64.89,64.93,6517
20161007,64.95,64.95,64.46,64.71,30663
20161010,65.02,65.22,64.99,65.08,15050
20161011,64.63,64.63,63.98,64.23,19182
20161012,64.04,64.25,63.96,64.18,17301
20161013,63.37,64.04,63.35,63.95,9796
20161014,64.29,64.36,63.94,63.94,5567
20161017,63.97,64.06,63.77,63.83,12801
20161018,64.5,64.5,64.17,64.39,43571
20161019,64.55,64.62,64.48,64.56,21905
20161020,64.51,64.6,64.26,64.54,27367
20161021,64.08,64.41,64.08,64.41,85124
20161024,64.64,64.67,64.46,64.55,7761
20161025,64.52,64.52,64.32,64.43,101450
20161026,64.23,64.5,64.06,64.15,38783
20161027,64.55,64.55,64.06,64.06,8998
20161028,64.14,64.29,63.89,63.97,41860
20161031,64.13,64.15,63.86,63.93,29556
20161101,64,64,63.22,63.51,25904
20161102,63.38,63.64,63.01,63.2,27474
20161103,63.13,63.34,62.87,62.9,16445
20161104,62.7,63.01,62.63,62.66,23149
20161107,63.84,64.03,63.63,64.03,59756
20161108,64,64.27,63.62,64.12,26308
20161109,63.62,64.64,63.62,64.44,104252
20161110,64.7,64.72,63.9,64.42,49969
20161111,64.32,64.32,63.87,64.21,7522
20161114,64.13,64.13,63.91,64.11,7961
20161115,64.06,64.53,64.06,64.41,10343
20161116,64.2,64.32,63.99,64.16,18627
20161117,64.38,64.61,64.35,64.61,36722
20161118,64.37,64.42,64.14,64.16,18891
20161121,64.68,64.81,64.48,64.81,11594
20161122,65.34,65.34,64.66,64.82,16926
20161123,64.59,64.89,64.58,64.79,22927
20161125,65.12,65.12,64.93,65.01,10604
20161128,65.03,65.06,64.81,64.86,30401
20161129,64.95,65.21,64.82,65.08,17234
20161130,65.22,65.24,64.99,64.99,18819
20161201,64.87,65.05,64.66,64.79,35732
20161202,65.01,65.01,64.69,64.87,51714
20161205,65.21,65.34,65.08,65.14,109233
20161206,65.22,65.51,65.12,65.48,10435
20161207,65.74,66.41,65.74,66.36,56970
20161208,66.5,66.73,66.27,66.55,15478
20161209,66.63,66.77,66.34,66.7,6910
20161212,66.81,66.89,66.56,66.67,70288
20161213,67.2,67.32,67.08,67.23,15320
20161214,67.07,67.79,66.4,66.4,35330
20161215,66.5,66.77,66.43,66.64,23384
20161216,66.73,66.78,66.41,66.59,73452
20161219,66.81,66.81,66.58,66.65,10245
20161220,66.9,66.92,66.74,66.83,17972
20161221,66.78,66.89,66.73,66.77,18816
20161222,66.54,66.67,66.5,66.58,20638
20161223,66.64,66.85,66.56,66.81,27217
20161227,66.8,66.92,66.73,66.77,113465
20161228,66.74,66.74,66.33,66.37,908359
20161229,66.58,66.59,66.33,66.43,16268
20161230,66.85,66.85,66.2,66.35,24351
20170103,66.98,66.98,66.62,66.85,68251
20170104,67.26,67.55,67.2,67.49,24397
20170105,67.61,67.77,67.54,67.71,16021
20170106,67.69,67.97,67.52,67.85,131583
20170109,67.56,67.72,67.52,67.56,7506
20170110,67.9,67.9,67.61,67.67,21088
20170111,67.64,67.71,67.5,67.71,18346
20170112,67.73,67.88,67.4,67.87,63299
20170113,67.82,68.07,67.82,68.04,28422
20170117,68.09,68.09,67.61,67.72,25387
20170118,67.67,67.86,67.56,67.67,15954
20170119,67.59,67.64,67.32,67.53,31910
20170120,67.79,67.89,67.62,67.77,13655
20170123,67.72,67.81,67.51,67.75,25919
20170124,67.74,68.25,67.74,68.18,52611
20170125,68.58,68.79,68.42,68.7,38936
20170126,68.84,68.84,68.56,68.66,9832
20170127,68.8,68.8,68.47,68.59,18704
20170130,68.33,68.33,67.79,68.13,29826
20170131,68.06,68.19,67.91,68.19,11641
20170201,68.5,68.51,68.05,68.25,13018
20170202,68.1,68.35,68.1,68.22,15129
20170203,68.54,68.78,68.54,68.67,7980
20170206,68.56,68.56,68.28,68.47,16109
20170207,68.53,68.53,68.38,68.38,2012
20170208,68.41,68.56,68.41,68.56,10650
20170209,68.73,68.92,68.68,68.81,41945
20170210,68.93,69.11,68.93,68.99,26520
20170213,69.18,69.47,69.18,69.38,47543
20170214,69.51,69.57,69.11,69.46,30101
20170215,69.31,69.83,69.31,69.71,53716
20170216,69.72,69.88,69.6,69.88,10042
20170217,69.69,69.9,69.6,69.9,65478
20170221,69.84,70.22,69.84,70.09,7307
20170222,70.28,70.28,69.98,70.14,34268
20170223,70.38,70.38,70.04,70.09,5660
20170224,69.8,70.1,69.76,70.09,13605
20170227,69.91,70.16,69.91,70.14,8072
20170228,70.09,70.13,69.8,69.95,11121
20170301,70.35,70.89,70.35,70.73,128772
20170302,70.7,70.7,70.27,70.27,11332
20170303,70.37,70.51,70.24,70.51,5179
20170306,70.3,70.3,70,70.28,9272
20170307,70.14,70.22,69.91,70.05,10223
20170308,70.12,70.16,69.74,69.84,7166
20170309,69.96,70.26,69.84,69.92,5334
20170310,70.43,70.43,69.99,70.32,7005
20170313,70.51,70.61,70.35,70.61,67556
20170314,70.23,70.23,70,70.04,14149
20170315,70.24,70.82,70.24,70.82,20038
20170316,71.13,71.18,70.93,71.08,318438
20170317,71.2,71.21,70.93,70.93,10350
20170320,70.9,71.02,70.62,70.84,184411
20170321,71.03,71.24,70.08,70.08,153233
20170322,70.13,70.32,70.04,70.32,14713
20170323,70.2,70.57,70.2,70.26,9762
20170324,70.53,70.56,70.28,70.36,8022
20170327,69.88,70.48,69.86,70.31,14701
20170328,70.24,70.91,70.24,70.87,22470
20170329,70.7,72.11,70.67,70.81,17093
20170330,70.87,71.1,70.75,70.96,10319
20170331,70.83,70.93,70.74,70.78,41380
20170403,70.77,70.84,70.26,70.66,20236
20170404,70.48,70.73,70.39,70.57,232512
20170405,70.86,71.02,70.44,70.44,35434
20170406,70.5,70.57,70.38,70.53,16226
20170407,70.47,70.68,70.45,70.51,5812
20170410,70.54,70.73,70.46,70.53,5615
20170411,70.48,70.65,70.21,70.65,18768
20170412,70.55,70.61,70.32,70.49,18479
20170413,70.24,70.36,69.86,69.89,41350
20170417,70.04,70.45,70.04,70.41,9462
20170418,70.2,70.27,69.98,70.14,9456
20170419,70.39,70.43,70.01,70.06,16263
20170420,70.4,70.69,70.37,70.51,110975
20170421,70.49,70.55,70.42,70.44,3987
20170424,71.42,71.67,71.42,71.61,48510
20170425,71.89,72.16,71.89,72.06,66909
20170426,71.99,72.22,71.94,71.95,18163
20170427,72.02,72.02,71.82,71.9,38176
20170428,72.01,72.06,71.8,71.86,13717
20170501,72.11,72.21,71.93,72.11,34806
20170502,72.05,72.15,71.99,72.14,14220
20170503,72.04,72.08,71.86,72.08,8206
20170504,72.24,72.31,72.05,72.26,21531
20170505,72.44,72.73,72.33,72.73,26317
20170508,72.65,72.65,72.52,72.59,232300
20170509,72.65,72.66,72.41,72.52,6378
20170510,72.45,72.64,72.43,72.64,8663
20170511,72.35,72.5,72.09,72.5,96057
20170512,72.44,72.55,72.38,72.55,9856
20170515,72.92,72.95,72.87,72.9,18244
20170516,73.19,73.36,72.95,73.02,11473
20170517,72.61,72.65,71.96,71.96,91955
20170518,71.89,72.35,71.74,72.14,34543
20170519,72.62,72.9,72.61,72.79,25253
20170522,72.95,73.21,72.95,73.16,138529
20170523,73.22,73.34,73.03,73.09,41218
20170524,73.27,73.4,73.14,73.38,26489
20170525,73.43,73.56,73.38,73.49,10048
20170526,73.3,73.43,73.29,73.43,30816
20170530,73.34,73.38,73.26,73.36,47403
20170531,73.59,73.59,73.23,73.39,24740
20170601,73.42,73.96,73.42,73.96,40187
20170602,74.02,74.35,73.98,74.32,27356
20170605,74.22,74.22,74.02,74.13,18566
20170606,73.86,74.03,73.86,73.9,10032
20170607,74.12,74.13,73.69,73.91,28707
20170608,73.96,74.02,73.78,73.99,19523
20170609,73.96,74.11,73.54,73.85,25263
20170612,73.75,73.75,73.46,73.75,37731
20170613,73.98,74.19,73.93,74.19,24999
20170614,74.38,74.38,73.93,74.02,19408
20170615,73.37,73.72,73.29,73.72,11007
20170616,73.78,73.98,73.6,73.98,53592
20170619,74.11,74.45,74.11,74.44,12663
20170620,74.29,74.29,73.68,73.79,791765
20170621,73.72,73.85,73.62,73.75,19086
20170622,73.72,73.88,73.65,73.66,7049
20170623,73.72,73.94,73.68,73.88,135396
20170626,74.15,74.33,73.92,73.97,28282
20170627,73.94,74.06,73.66,73.68,10029
20170628,74.02,74.28,74.02,74.2,7355
20170629,74.22,74.48,73.26,73.65,45733
20170630,73.93,73.93,73.62,73.65,28300
20170703,73.78,74,73.72,73.72,19488
20170705,73.74,73.87,73.53,73.77,5061
20170706,73.56,73.56,73.2,73.21,7113
20170707,73.32,73.62,73.3,73.62,2004
20170710,73.59,73.78,73.57,73.74,3852
20170711,73.65,73.79,73.47,73.76,9062
20170712,74.17,74.41,74.17,74.35,6749
20170713,74.42,74.54,74.29,74.44,7473
20170714,74.71,74.91,74.58,74.84,13778
20170717,74.87,74.91,74.74,74.76,4933
20170718,74.79,74.84,74.7,74.84,4038
20170719,75.07,75.27,75.07,75.27,8932
20170720,75.45,75.46,75.24,75.39,8141
20170721,75.16,75.17,74.96,75.16,14148
20170724,75.03,75.25,74.99,75.25,5800
20170725,75.49,75.5,75.37,75.47,14337
20170726,75.56,75.61,75.38,75.43,54006
20170727,75.7,75.7,75.13,75.45,3001
20170728,75.35,75.42,75.16,75.42,6566
20170731,75.54,75.65,75.3,75.45,12476
20170801,75.88,75.91,75.67,75.79,70473
20170802,75.74,75.84,75.39,75.65,18371
20170803,75.69,75.84,75.59,75.69,26002
20170804,75.82,75.82,75.63,75.78,35604
20170807,75.71,75.87,75.71,75.87,7145
20170808,75.75,75.98,75.49,75.63,65764
20170809,75.24,75.54,75.23,75.54,10222
20170810,75.13,75.22,74.4,74.47,20075
20170811,74.46,74.58,74.33,74.4,23664
20170814,75.07,75.18,74.98,75.1,2678
20170815,75.16,75.16,74.93,75.02,6434
20170816,75.3,75.33,75.16,75.24,3539
20170817,75.04,75.04,74.25,74.25,12594
20170818,74.28,74.44,74.2,74.21,20218
20170821,74.27,74.28,74.07,74.27,6724
20170822,74.55,74.94,74.55,74.89,12324
20170823,74.66,74.84,74.59,74.8,8361
20170824,74.85,74.88,74.6,74.6,6699
20170825,74.93,75.15,74.83,74.84,13558
20170828,75.11,75.11,74.79,74.85,9568
20170829,74.38,74.94,74.38,74.86,13137
20170830,74.8,75.07,74.64,74.93,32662
20170831,75.18,75.53,75.18,75.46,3246
20170901,75.66,75.77,75.66,75.72,5662
20170905,75.5,75.59,74.87,75.14,12203
20170906,75.36,75.56,75.35,75.41,7598
20170907,75.7,75.73,75.56,75.67,2912
20170908,75.67,75.81,75.62,75.65,4205
20170911,76.1,76.42,76.1,76.36,10275
20170912,76.36,76.54,76.36,76.52,3528
20170913,76.39,76.51,76.32,76.4,6330
20170914,76.35,76.56,76.31,76.56,80165
20170915,76.41,76.65,76.41,76.64,4590
20170918,76.69,76.69,76.69,76.69,584
20170919,76.85,76.88,76.72,76.83,33250
20170920,76.99,77.04,76.83,76.9,70229
20170921,76.76,76.87,76.67,76.69,57737
20170922,76.66,76.9,76.59,76.9,10186
20170925,76.7,76.83,76.35,76.56,23594
20170926,76.52,76.68,76.39,76.54,11048
20170927,76.57,76.92,76.57,76.85,4858
20170928,76.71,76.91,76.71,76.88,14748
20170929,76.88,77.23,76.88,77.23,7434
20171002,77.17,77.43,77.17,77.43,50634
20171003,77.42,77.57,77.42,77.5,3555
20171004,77.54,77.7,77.46,77.63,33673
20171005,77.63,77.91,77.63,77.91,6656
20171006,77.6,77.8,77.59,77.72,40330
20171009,77.82,77.88,77.53,77.61,43908
20171010,77.87,78.05,77.77,77.98,54484
20171011,78.08,78.24,78.08,78.24,10741
20171012,78.17,78.25,78.03,78.14,17996
20171013,78.43,78.45,78.32,78.35,12218
20171016,78.47,78.5,78.29,78.42,9215
20171017,78.27,78.43,77.45,78.41,154334
20171018,78.58,78.58,78.44,78.44,56040
20171019,78.27,78.5,78.12,78.5,902021
20171020,78.66,78.69,78.5,78.66,28883
20171023,78.81,78.81,78.35,78.44,60294
20171024,78.53,78.63,78.47,78.56,258006
20171025,78.48,78.48,77.87,78.17,31866
20171026,78.42,78.42,78.29,78.29,24367
20171027,78.47,78.67,78.26,78.57,23276
20171030,78.6,78.69,78.47,78.63,4963
20171031,78.74,78.84,78.62,78.78,9830
20171101,79.1,79.11,78.81,78.9,5159
20171102,78.74,78.98,78.71,78.9,3686
20171103,78.75,79.05,78.63,78.96,43628
20171106,79.05,79.26,78.95,79.21,5333
20171107,79.23,79.28,78.86,78.99,14746
20171108,79.17,79.32,79.17,79.31,12267
20171109,78.69,78.96,78.42,78.95,9263
20171110,78.81,78.88,78.68,78.84,9231
20171113,78.43,78.72,78.43,78.72,5041
20171114,78.45,78.63,78.41,78.63,10580
20171115,78.16,78.33,77.96,78.15,25385
20171116,78.59,78.92,78.59,78.83,2050
20171117,78.76,78.79,78.61,78.68,23394
20171120,78.75,78.84,78.45,78.76,18986
20171121,79,79.3,79,79.21,48407
20171122,79.34,79.48,79.15,79.35,67835
20171124,79.64,79.7,79.64,79.67,2613
20171127,79.55,79.7,79.41,79.5,14098
20171128,79.51,80.07,79.51,80.05,36529
20171129,80.14,80.15,79.65,79.86,15017
20171130,80.14,80.5,80.14,80.28,16375
20171201,80.08,80.34,79.56,79.99,38550
20171204,80.55,80.69,80.02,80.02,37813
20171205,80.04,80.15,79.75,79.79,31526
20171206,79.69,79.8,79.61,79.77,25875
20171207,79.68,80.01,79.64,79.85,38793
20171208,80.15,80.38,80.14,80.38,33807
20171211,80.46,80.53,80.29,80.48,60307
20171212,80.61,80.82,80.46,80.72,29092
20171213,80.83,81,80.75,80.75,29997
20171214,80.78,80.79,80.36,80.41,24415
20171215,80.68,80.89,80.51,80.7,21526
20171218,81.31,81.5,81.25,81.38,120043
20171219,81.43,81.46,81.12,81.27,107960
20171220,81.56,81.56,81.06,81.06,42557
20171221,81.34,81.54,81.19,81.36,36513
20171222,81.38,81.56,81.26,81.56,199046
20171226,81.43,81.49,81.31,81.4,27697
20171227,81.56,81.69,81.48,81.58,52009
20171228,81.82,81.82,81.59,81.68,11677
20171229,81.96,81.96,81.5,81.5,16069
20180102,81.93,82.19,81.74,82.19,132704
20180103,82.31,82.68,82.31,82.65,26184
20180104,83.06,83.23,82.91,83.09,81175
20180105,83.51,83.71,83.42,83.71,21225
20180108,83.59,83.78,83.52,83.59,83534
20180109,83.87,83.96,83.62,83.7,76992
20180110,83.59,83.87,83.45,83.53,27758
20180111,83.88,84.11,83.85,84.1,35507
20180112,84.42,84.88,84.34,84.77,12380
20180116,85.24,85.44,84.58,84.62,45578
20180117,85.05,85.46,84.78,85.19,18062
20180118,85.06,85.29,85.03,85.08,43453
20180119,85.5,85.51,85.29,85.44,12001
20180122,85.58,86.1,85.45,86.09,12745
20180123,86.21,86.38,86.2,86.34,11727
20180124,86.79,86.83,86.11,86.47,41446
20180125,86.86,86.86,86.16,86.37,30240
20180126,86.72,87.24,86.72,87.09,19088
20180129,86.81,86.94,86.47,86.52,44936
20180130,86.07,86.21,85.59,85.59,20173
20180131,86.15,86.15,85.39,85.81,35780
20180201,85.39,85.95,85.2,85.72,97552
20180202,85.16,85.22,83.99,83.99,59027
20180205,83.12,83.64,80.4,80.4,36332
20180206,79.8,82.22,79.37,82.22,125350
20180207,81.79,82.56,81.4,81.4,37134
20180208,81.58,81.58,78.73,78.73,27633
20180209,79.67,80.04,77.38,79.53,182702
20180212,80.17,81.09,80,80.7,21378
20180213,80.36,80.88,80.29,80.81,850285
20180214,80.35,82.12,80.35,82.07,449102
20180215,82.58,82.85,82.11,82.85,440444
20180216,82.84,83.23,82.84,83.08,6351
20180220,82.57,82.98,82.29,82.42,11670
20180221,82.51,83.15,81.94,81.94,16300
20180222,82.44,82.81,81.97,82.17,535241
20180223,82.51,83.27,82.43,83.27,104223
20180226,83.54,84.06,83.39,84.06,68559
20180227,83.9,83.94,82.9,82.9,42932
20180228,83.27,83.27,82.06,82.06,16427
20180301,81.84,82.29,80.44,80.94,96787
20180302,80.46,81.34,80.22,81.34,5085
20180305,80.85,82.35,80.82,82.08,27655
20180306,82.85,82.85,82,82.31,3842
20180307,81.74,82.43,81.64,82.33,16107
20180308,82.63,82.63,82.22,82.57,15457
20180309,83.02,83.66,82.82,83.66,13413
20180312,83.82,83.88,83.54,83.68,11051
20180313,83.84,84.06,82.99,83.08,21383
20180314,83.58,83.58,82.77,82.88,9095
20180315,83.06,83.25,82.72,82.87,52528
20180316,82.92,83.09,82.83,82.98,27301
20180319,82.62,82.7,81.56,81.97,10922
20180320,81.95,82.31,81.87,82.02,42654
20180321,81.98,82.46,81.91,82.14,24231
20180322,81.33,81.33,80.14,80.19,24074
20180323,80.31,80.36,78.85,78.95,21597
20180326,80.05,80.73,79.32,80.69,44396
20180327,81.01,81.1,79.28,79.56,136584
20180328,79.72,80.25,79.26,79.6,10874
20180329,80.06,80.95,80.06,80.7,81401
20180402,80.42,80.42,78.46,78.61,55735
20180403,79.44,79.88,78.87,79.75,118249
20180404,78.62,80.48,78.62,80.36,83934
20180405,80.8,81.25,80.8,80.98,3435
20180406,80.45,80.45,79.4,79.77,9444
20180409,80.29,81.17,80.14,80.19,42057
20180410,81.06,81.59,80.97,81.39,21964
20180411,81,81.45,80.94,81.03,17741
20180412,81.5,81.6,81.32,81.46,7390
20180413,81.92,81.92,81.09,81.29,16847
20180416,81.82,81.98,81.58,81.82,57418
20180417,82.26,82.6,82.12,82.57,15813
20180418,82.68,82.82,82.57,82.65,11715
20180419,82.57,82.6,81.99,82.29,30822
20180420,82.2,82.2,81.56,81.72,9873
20180423,81.88,81.88,81.36,81.62,5627
20180424,81.94,82.19,80.52,80.86,9431
20180425,80.7,81.02,80.31,80.87,24983
20180426,81.3,81.74,81.3,81.65,7478
20180427,81.76,81.76,81.56,81.66,4210
20180430,81.81,81.91,81.26,81.26,3752
20180501,81.01,81.29,80.81,81.29,9653
20180502,81.23,81.55,80.87,80.93,22489
20180503,80.79,80.98,80.12,80.85,25060
20180504,80.36,81.76,80.36,81.55,7465
20180507,81.84,82.03,81.69,81.82,13444
20180508,81.67,81.81,81.43,81.75,4776
20180509,81.87,82.47,81.84,82.37,29134
20180510,82.68,83.03,82.64,83.02,2302
20180511,83.22,83.37,83.12,83.19,7196
20180514,83.62,83.68,83.26,83.36,10195
20180515,82.87,82.92,82.56,82.76,13881
20180516,82.73,83.18,82.73,83.09,7455
20180517,82.93,83.36,82.82,83.07,196861
20180518,82.99,82.99,82.78,82.78,10565
20180521,83.36,83.5,83.2,83.34,11513
20180522,83.52,83.61,83.18,83.18,15955
20180523,82.62,82.93,82.45,82.92,8089
20180524,82.84,82.93,82.29,82.88,7103
20180525,82.49,82.53,82.35,82.52,224788
20180529,81.65,81.91,80.99,81.32,100528
20180530,81.84,82.46,81.79,82.46,8757
20180531,82.28,82.28,81.68,81.95,11328
20180601,82.47,82.75,82.3,82.68,59069
20180604,83.06,83.18,82.92,82.99,10990
20180605,83.06,83.1,82.85,83.04,12066
20180606,83.3,83.74,83.23,83.73,10424
20180607,83.86,83.88,83.4,83.48,232254
20180608,83.49,83.78,83.31,83.73,13288
20180611,83.91,84.19,83.85,83.99,9433
20180612,84.09,84.09,83.82,83.89,15161
20180613,84.09,84.17,83.74,83.74,103627
20180614,83.88,84.02,83.78,83.79,31618
20180615,83.59,83.76,83.2,83.7,22978
20180618,82.99,83.33,82.99,83.29,42277
20180619,82.4,82.89,82.2,82.89,48780
20180620,83.16,83.16,82.79,82.9,10315
20180621,82.97,82.97,82.39,82.51,16164
20180622,83.1,83.18,82.76,82.76,7895
20180625,82.47,82.47,81.27,81.82,15354
20180626,81.96,82.04,81.72,81.88,33347
20180627,82.04,82.47,81.23,81.23,29928
20180628,81.32,81.78,80.99,81.6,41521
20180629,82.03,82.44,81.93,81.93,13894
20180702,81.13,81.77,81.13,81.77,13490
20180703,82.15,82.23,81.56,81.58,92062
20180705,82.25,82.31,81.87,82.19,7098
20180706,82.36,82.97,82.36,82.84,8517
20180709,83.4,83.58,83.38,83.53,10393
20180710,83.75,83.9,83.65,83.86,14026
20180711,83.19,83.29,82.85,82.89,15324
20180712,83.38,83.59,83.26,83.52,16614
20180713,83.6,83.82,83.49,83.65,162483
20180716,83.59,83.73,83.48,83.57,16950
20180717,83.3,83.97,83.3,83.8,32111
20180718,83.91,84.1,83.73,83.98,16409
20180719,83.7,83.86,83.54,83.65,31387
20180720,83.78,83.96,83.78,83.9,14637
20180723,83.79,83.94,83.79,83.85,3010
20180724,84.36,84.62,84.09,84.33,34556
20180725,84.34,84.94,84.16,84.9,6634
20180726,84.83,84.96,84.71,84.81,17114
20180727,85.01,85.01,84.27,84.38,7937
20180730,84.55,84.76,84.07,84.07,40479
20180731,84.52,84.56,84.19,84.36,21202
20180801,84.41,84.47,84.1,84.15,8490
20180802,83.62,84.36,83.62,84.33,11673
20180803,84.15,84.59,84.15,84.59,7279
20180806,84.42,84.77,84.3,84.67,12446
20180807,85.13,85.25,84.98,85.03,21535
20180808,84.96,85.16,84.88,84.9,8511
20180809,84.93,85.14,84.88,84.88,7248
20180810,83.96,84.08,83.66,83.81,21061
20180813,83.59,83.8,83.53,83.58,10763
20180814,83.8,83.92,83.56,83.8,14091
20180815,83.21,83.21,82.67,83.05,11335
20180816,83.58,83.84,83.5,83.55,10096
20180817,83.6,84.18,83.56,83.93,10412
20180820,84.32,84.36,84.19,84.3,5117
20180821,84.66,84.89,84.65,84.72,15417
20180822,84.71,84.9,84.66,84.72,25988
20180823,84.56,84.7,84.4,84.56,6536
20180824,84.65,85.01,84.65,84.95,28952
20180827,85.47,85.87,85.44,85.83,19706
20180828,86.07,86.07,85.73,85.77,6626
20180829,85.82,86.32,85.8,86.28,19178
20180830,85.96,86.03,85.6,85.77,31199
20180831,85.5,85.67,85.2,85.41,11314
20180904,85.13,85.18,84.79,85.15,56820
20180905,84.79,84.85,84.49,84.66,16029
20180906,84.5,84.81,84.1,84.43,12582
20180907,83.97,84.35,83.84,84.01,9740
20180910,84.49,84.57,84.24,84.24,17032
20180911,84.1,84.56,84.1,84.54,3063
20180912,84.63,84.9,84.3,84.75,369391
20180913,85.22,85.3,85.09,85.29,12143
20180914,85.4,85.43,85.11,85.35,25818
20180917,85.48,85.52,85.04,85.04,15545
20180918,85.21,85.73,85.21,85.56,35208
20180919,85.72,85.9,85.7,85.76,23258
20180920,86.29,86.73,86.29,86.66,4324
20180921,86.8,86.81,86.53,86.65,21355
20180924,86.38,86.47,86.17,86.31,13963
20180925,86.65,86.79,86.24,86.25,31289
20180926,86.42,86.97,86.08,86.2,68629
20180927,86.25,86.57,86.24,86.28,13026
20180928,85.96,86.27,85.82,86.02,111917
20181001,86.46,86.6,86.08,86.17,63012
20181002,85.94,86.19,85.87,85.93,32076
20181003,86.34,86.47,85.91,85.91,12102
20181004,85.74,85.74,84.7,85.11,19800
20181005,85.07,85.24,84.3,84.66,43391
20181008,84.15,84.5,83.81,84.42,14200
20181009,84.19,84.68,84.1,84.44,25475
20181010,84.2,84.2,81.83,82.01,87220
20181011,81.61,82.04,80.09,80.58,60532
20181012,81.58,81.58,80.34,81.29,74910
20181015,81.23,81.58,80.84,80.99,62725
20181016,81.8,82.63,81.74,82.59,52139
20181017,82.5,82.52,81.85,82.32,29141
20181018,82.03,82.19,80.95,81.07,76013
20181019,81.48,82.02,81.19,81.31,16970
20181022,81.32,81.42,80.75,81.11,656714
20181023,79.86,80.75,79.14,80.36,50087
20181024,80.33,80.33,77.99,77.99,66786
20181025,78.69,79.72,78.5,79.27,34523
20181026,78.03,79.02,77.4,78.17,146327
20181029,79.49,79.52,77.66,77.8,110742
20181030,77.89,79.02,77.89,79.02,71804
20181031,79.66,80.22,79.66,79.81,18224
20181101,80.16,80.76,79.96,80.75,47861
20181102,81.12,81.33,79.95,80.36,83759
20181105,80.65,80.9,80.35,80.66,130145
20181106,80.71,81.13,80.66,81.1,61242
20181107,81.98,82.57,81.66,82.57,127936
20181108,82.21,82.51,82.01,82.2,13759
20181109,81.74,81.74,81.06,81.57,25366
20181112,81.2,81.2,79.93,80.05,18233
20181113,80.23,80.74,79.91,80.12,72058
20181114,80.69,80.69,79.45,79.73,41941
20181115,79.29,80.46,78.9,80.2,45980
20181116,79.83,80.77,79.77,80.39,52913
20181119,80.4,80.4,79.23,79.34,216759
20181120,78.21,78.62,77.74,78,138286
20181121,78.55,79.07,78.42,78.71,131280
20181123,77.91,78.44,77.91,78.1,69775
20181126,78.96,79.32,78.77,78.98,714385
20181127,78.78,79.23,78.65,79.22,104149
20181128,79.46,80.84,79.24,80.83,141689
20181129,80.54,80.93,80.14,80.62,111527
20181130,80.43,80.85,80.34,80.77,461659
20181203,82.02,82.11,81.36,81.83,166071
20181204,81.48,81.63,79.4,79.4,121948
20181206,78.18,79.19,77.24,79.08,644387
20181207,79.12,79.49,77.6,77.67,639956
20181210,77.44,77.76,76.2,77.51,534700
20181211,78.32,78.43,77.02,77.54,283773
20181212,78.5,79.04,78.2,78.2,93464
20181213,78.46,78.62,77.93,78.14,81395
20181214,77.32,77.6,76.74,76.77,125683
20181217,76.68,76.85,75.2,75.59,196402
20181218,76.16,76.25,75.1,75.47,179823
20181219,75.76,76.61,74.23,74.52,313436
20181220,74.33,74.78,73.1,73.65,462374
20181221,73.52,74.31,72.2,72.32,165069
20181224,72.06,72.3,70.86,70.87,83669
20181226,71.32,73.42,70.61,73.28,566543
20181227,72.55,74.14,71.94,74.14,1291914
20181228,74.55,75.03,73.79,74.05,319582
20181231,74.81,74.81,74.14,74.63,293821
20190102,73.65,74.81,73.55,74.67,154571
20190103,74.27,74.27,73.21,73.36,189108
20190104,74.47,75.71,74.4,75.55,137678
20190107,75.75,76.37,75.48,75.97,172953
20190108,76.81,76.86,76.04,76.68,89194
20190109,77.2,77.48,76.87,77.22,110281
20190110,76.89,77.57,76.77,77.56,116686
20190111,77.07,77.42,77.03,77.39,78587
20190114,76.75,77.23,76.75,77,1146968
20190115,77.1,77.76,77.1,77.7,102575
20190116,77.7,78.11,77.7,77.86,83146
20190117,77.61,78.55,77.6,78.27,73097
20190118,79.05,79.38,78.77,79.34,66657
20190122,78.74,78.74,77.79,78.15,179095
20190123,78.57,78.76,77.87,78.34,116997
20190124,78.35,78.59,78.14,78.49,88438
20190125,79.1,80.25,79.04,79.26,113669
20190128,78.63,78.79,78.29,78.79,467009
20190129,79.01,79.12,78.65,78.85,340466
20190130,79.32,80.09,78.96,79.81,105480
20190131,79.88,80.43,79.8,80.31,478957
20190201,80.3,80.57,80.14,80.32,184242
20190204,80.38,80.8,80.16,80.77,260875
20190205,81.1,81.31,80.98,81.24,40772
20190206,81.08,81.27,80.9,81.04,37201
20190207,80.55,80.86,79.75,80.24,48622
20190208,79.84,80.12,79.5,80.11,83370
20190211,80.18,80.34,80,80.19,39662
20190212,80.76,81.22,80.76,81.11,23774
20190213,81.33,81.6,81.23,81.3,38184
20190214,81.12,81.5,80.93,81.23,61965
20190215,81.89,82.22,81.87,82.22,34241
20190219,81.99,82.62,81.99,82.4,55173
20190220,82.54,82.8,82.43,82.6,88880
20190221,82.59,82.59,82.18,82.41,34229
20190222,82.57,82.94,82.57,82.86,72169
20190225,83.41,83.45,83.03,83.03,53254
20190226,83.03,83.47,82.94,83.14,200181
20190227,82.97,83.13,82.77,82.93,30836
20190228,82.85,83.05,82.75,82.76,14338
20190301,83.35,83.37,82.88,83.29,26837
20190304,83.55,83.59,82.42,82.93,61513
20190305,82.94,83.08,82.79,82.97,22300
20190306,83.03,83.03,82.48,82.48,12262
20190307,82.38,82.39,81.51,81.66,129940
20190308,81.07,81.57,80.98,81.57,62572
20190311,81.83,82.63,81.83,82.59,27742
20190312,82.62,82.92,82.62,82.73,10572
20190313,83.14,83.55,83.09,83.43,115270
20190314,83.36,83.46,83.22,83.37,30115
20190315,83.68,84.07,83.59,83.93,75640
20190318,84.03,84.27,83.95,84.26,88612
20190319,84.6,84.76,84.07,84.33,103680
20190320,84.16,84.61,83.79,84.15,45580
20190321,83.8,84.75,83.8,84.72,16455
20190322,84.13,84.26,83.05,83.05,49722
20190325,83.07,83.32,82.69,83.11,34516
20190326,83.62,83.95,83.31,83.62,29516
20190327,83.67,84.16,82.9,83.34,41748
20190328,83.38,83.67,83.16,83.59,62315
20190329,83.99,84,83.69,83.95,22124
20190401,84.78,85.01,84.59,84.94,91081
20190402,84.95,85.06,84.72,84.97,97448
20190403,85.49,85.65,85.15,85.31,48560
20190404,85.33,85.44,85.15,85.37,37571
20190405,85.56,85.72,85.48,85.68,37598
20190408,85.72,85.8,85.47,85.79,93481
20190409,85.46,85.54,85.23,85.3,17340
20190410,85.5,85.63,85.32,85.59,74200
20190411,85.73,85.73,85.42,85.56,22283
20190412,86.16,86.19,85.98,86.11,13450
20190415,86.14,86.2,85.95,86.1,33342
20190416,86.48,86.48,86.13,86.16,31045
20190417,86.62,86.62,86.07,86.17,23357
20190418,86.32,86.32,85.93,86.18,12337
20190422,86,86.27,86,86.27,16970
20190423,86.27,86.84,86.21,86.69,79476
20190424,86.64,86.64,86.34,86.4,31419
20190425,86.3,86.48,86,86.35,30937
20190426,86.34,86.75,86.21,86.75,17380
20190429,86.78,87.03,86.72,86.93,8510
20190430,86.74,87.1,86.6,87.09,196681
20190501,87.22,87.24,86.45,86.45,79074
20190502,86.44,86.58,85.87,86.18,63435
20190503,86.59,87.13,86.59,87.13,34460
20190506,85.45,86.59,85.34,86.59,34578
20190507,85.78,85.85,84.6,85.14,203346
20190508,84.94,85.45,84.88,85.05,73582
20190509,84.21,84.83,83.88,84.72,35988
20190510,84.46,85.15,83.78,85.07,64592
20190513,83.58,83.73,83.03,83.18,45505
20190514,83.58,84.32,83.54,83.91,30060
20190515,83.42,84.53,83.41,84.4,34372
20190516,84.54,85.47,84.52,85.07,21218
20190517,84.41,85.15,84.41,84.66,14962
20190520,84.03,84.41,83.86,84.07,26891
20190521,84.59,84.79,84.44,84.73,22266
20190522,84.46,84.7,84.39,84.5,18487
20190523,83.72,83.72,83.19,83.51,20059
20190524,84.18,84.22,83.7,83.92,33047
20190528,84.12,84.24,83.25,83.25,98321
20190529,82.71,82.81,82.25,82.66,31462
20190530,82.86,83.04,82.51,82.77,45416
20190531,81.97,82.19,81.71,81.88,25316
20190603,82.04,82.33,81.63,81.84,126664
20190604,82.77,83.48,82.77,83.44,59689
20190605,83.9,83.9,83.45,83.89,21110
20190606,84,84.44,83.95,84.29,49469
20190607,84.89,85.63,84.89,85.28,39626
20190610,85.72,86.02,85.64,85.64,17326
20190611,86.21,86.34,85.58,85.64,163441
20190612,85.59,85.59,85.27,85.27,7506
20190613,85.58,86.03,85.33,85.48,89731
20190614,85.29,85.42,85.23,85.35,14215
20190617,85.49,85.6,85.3,85.37,38607
20190618,86.04,86.52,85.85,86.29,60552
20190619,86.39,86.77,86.21,86.68,18071
20190620,87.69,87.69,87.14,87.58,10342
20190621,87.36,87.57,87.21,87.23,25403
20190624,87.37,87.45,87.23,87.27,7757
20190625,87.39,87.5,86.49,86.5,48042
20190626,86.94,86.94,86.47,86.47,27717
20190627,86.7,86.93,86.68,86.75,22837
20190628,87.19,87.19,87.05,87.08,38039
20190701,88.29,88.29,87.62,87.86,79945
20190702,88.04,88.24,87.83,88.17,88761
20190703,88.4,88.81,88.4,88.79,10299
20190705,88.37,88.53,87.95,88.53,11726
20190708,88.18,88.45,87.99,88.1,22106
20190709,87.51,88.07,87.51,88.07,23137
20190710,88.34,88.74,88.21,88.44,30837
20190711,88.57,88.82,88.36,88.57,232614
20190712,88.62,88.93,88.58,88.93,51040
20190715,88.98,88.98,88.76,88.95,64603
20190716,88.88,88.91,88.63,88.63,3887
20190717,88.75,88.75,88.23,88.28,26153
20190718,88.09,88.58,87.9,88.57,30054
20190719,88.78,88.78,88.13,88.13,14493
20190722,88.28,88.38,88.13,88.34,15380
20190723,88.75,88.89,88.37,88.89,10584
20190724,88.67,89.23,88.67,89.12,8200
20190725,88.99,89.06,88.45,88.55,26492
20190726,88.87,89.3,88.83,89.2,29908
20190729,89.2,89.28,88.89,89.1,27542
20190730,88.41,88.73,88.35,88.48,61735
20190731,88.7,88.71,87.21,87.68,46508
20190801,87.91,88.71,86.95,87.24,35728
20190802,86.95,86.96,86.09,86.39,26211
20190805,85.33,85.33,83.69,84.04,61026
20190806,84.69,85.21,84.17,85.06,80043
20190807,84.29,85.51,83.58,85.17,48360
20190808,85.67,86.63,85.46,86.51,59117
20190809,86.36,86.43,85.52,85.83,24800
20190812,85.56,85.91,84.96,85.06,17392
20190813,85.02,86.63,84.84,86.05,24296
20190814,84.53,84.75,83.62,83.66,127494
20190815,83.97,83.97,83.44,83.9,14669
20190816,84.47,85.13,84.4,85,24428
20190819,85.76,85.94,85.64,85.79,9207
20190820,85.6,85.66,85.3,85.42,6681
20190821,86.06,86.06,85.75,85.83,25996
20190822,86.04,86.2,85.52,85.74,44996
20190823,85.54,85.9,83.68,83.88,42915
20190826,84.64,84.85,84.36,84.85,27521
20190827,85.13,85.29,84.37,84.6,173836
20190828,84.25,84.96,84.25,84.94,13081
20190829,85.9,86.01,85.45,85.91,32494
20190830,86.3,86.33,85.81,86.12,9974
20190903,85.51,85.68,85.28,85.58,17681
20190904,86.31,86.65,86.31,86.61,17615
20190905,87.43,87.93,87.43,87.53,12022
20190906,87.78,87.99,87.69,87.7,32080
20190909,88.05,88.05,87.64,87.74,6805
20190910,87.55,87.98,87.39,87.95,51090
20190911,87.89,88.29,87.86,88.25,218409
20190912,88.63,88.93,88.48,88.68,17315
20190913,88.96,89.05,88.72,88.73,41712
20190916,88.38,88.6,88.3,88.37,20974
20190917,88.36,88.78,88.33,88.77,10920
20190918,88.43,88.85,88.09,88.79,65569
20190919,88.94,89.3,88.85,88.93,24786
20190920,88.88,89.19,88.55,88.61,174239
20190923,88.31,88.64,88.26,88.53,79507
20190924,88.72,88.92,87.8,87.87,77804
20190925,87.85,88.25,87.31,88.17,27719
20190926,88.35,88.35,87.91,88.14,18561
20190927,88.26,88.3,87.43,87.62,13686
20190930,87.87,88.21,87.78,87.98,38335
20191001,88.17,88.29,87.01,87.06,100903
20191002,86.39,86.39,85.07,85.48,14034
20191003,85.57,86.18,84.98,86.11,61061
20191004,86.48,87.18,86.34,87.18,15929
20191007,86.95,87.29,86.81,86.89,13131
20191008,86.13,86.26,85.72,85.74,18079
20191009,86.34,86.61,86.13,86.26,18288
20191010,86.28,87.25,86.12,86.89,19850
20191011,87.96,88.66,87.66,88.14,498725
20191014,87.79,88.24,87.79,87.85,38067
20191015,88.37,89.1,88.2,88.94,290556
20191016,88.84,89.07,88.63,88.79,94158
20191017,89.32,89.32,88.92,88.94,69530
20191018,88.97,89.01,88.5,88.83,12519
20191021,89.34,89.38,89.15,89.34,38549
20191022,89.63,89.63,88.95,88.95,15096
20191023,89.1,89.46,88.87,89.46,28637
20191024,89.63,89.7,89.3,89.59,27036
20191025,89.44,89.91,89.35,89.84,11538
20191028,90.21,90.4,90.17,90.25,21462
20191029,90.15,90.48,90.14,90.33,57193
20191030,90.45,90.65,90,90.65,29374
20191031,90.57,90.59,89.86,90.3,37813
20191101,90.93,91.17,90.79,91.17,66460
20191104,91.81,91.81,91.45,91.48,136710
20191105,91.49,91.7,91.3,91.41,65802
20191106,91.5,91.58,91.25,91.5,116748
20191107,91.85,92.08,91.66,91.66,45376
20191108,91.67,91.85,91.48,91.85,31973
20191111,91.64,91.86,91.41,91.73,29953
20191112,91.87,92.08,91.54,91.85,31944
20191113,91.52,91.87,91.24,91.81,47417
20191114,91.65,91.74,91.52,91.72,37174
20191115,92.33,92.49,92.17,92.43,43945
20191118,92.37,92.58,92.16,92.41,79820
20191119,92.75,92.75,92.28,92.33,46005
20191120,92.21,92.28,91.62,92.02,35462
20191121,92.08,92.08,91.63,91.83,41675
20191122,92.08,92.13,91.85,92.12,36250
20191125,92.3,92.8,92.3,92.75,52567
20191126,92.85,92.96,92.65,92.82,219809
20191127,93.1,93.32,93,93.32,54575
20191129,92.93,93.08,92.83,92.85,34464
20191202,92.87,92.97,91.85,92.18,139733
20191203,91.36,91.65,90.98,91.65,159948
20191204,92.02,92.36,91.93,92.22,179593
20191205,92.47,92.47,92.04,92.31,58765
20191206,93.07,93.24,92.99,93.08,120170
20191209,93.01,93.21,92.78,92.82,67917
20191210,92.84,92.94,92.46,92.78,101721
20191211,92.77,93.16,92.77,93.04,82517
20191212,93.01,93.94,92.99,93.81,68692
20191213,94.01,94.42,93.72,94.13,98646
20191216,94.86,95.02,94.74,94.83,92198
20191217,94.84,94.84,94.6,94.6,60651
20191218,94.76,94.79,94.58,94.58,49654
20191219,94.55,94.92,94.55,94.89,659478
20191220,95.28,95.45,95.1,95.21,107338
20191223,95.49,95.49,95.18,95.27,115691
20191224,95.53,95.57,95.07,95.29,22891
20191226,95.59,95.7,95.46,95.7,52688
20191227,96.08,96.1,95.7,95.8,46029
20191230,95.87,95.87,95.21,95.22,183668
20191231,95.22,95.6,95.03,95.6,43464
20200102,95.87,96.35,95.87,96.3,128730
20200103,95.21,95.94,95.21,95.58,49848
20200106,95.18,96.04,95.18,96.04,154826
20200107,95.82,95.95,95.59,95.74,125849
20200108,95.82,96.44,95.74,96.05,37703
20200109,96.54,96.66,96.32,96.63,194481
20200110,96.72,96.72,96.14,96.28,75901
20200113,96.57,96.84,96.4,96.84,90328
20200114,96.68,97.04,96.58,96.68,268884
20200115,96.74,97.05,96.65,96.76,31218
20200116,97.42,97.56,97.22,97.56,61439
20200117,97.86,97.89,97.54,97.89,25306
20200121,97.57,97.67,97.31,97.33,106368
20200122,97.73,97.83,97.42,97.46,41136
20200123,97.2,97.5,96.91,97.46,20821
20200124,97.8,97.8,96.45,96.76,52132
20200127,94.77,95.52,94.51,95.14,348146
20200128,95.5,96.29,95.41,96.08,44673
20200129,96.29,96.49,95.91,96.04,22045
20200130,95.38,96.23,95.2,96.18,154593
20200131,95.74,95.74,94.42,94.65,232785
20200203,94.91,95.63,94.91,95.16,432328
20200204,96.46,96.97,96.3,96.76,132253
20200205,97.6,97.81,97.25,97.73,232065
20200206,97.96,98.13,97.78,98.1,37097
20200207,97.67,97.78,97.31,97.45,82853
20200210,97.36,97.95,97.23,97.94,47539
20200211,98.51,98.7,98.23,98.33,20262
20200212,98.82,98.88,98.63,98.82,13921
20200213,98.24,98.83,98.24,98.59,25714
20200214,98.75,98.75,98.35,98.68,55170
20200218,98.58,98.62,98.17,98.5,198262
20200219,98.77,98.97,98.58,98.73,124686
20200220,98.61,98.8,97.59,98.3,52053
20200221,98,98.02,97.35,97.53,38869
20200224,94.3,95.03,93.68,94.07,241609
20200225,94.58,94.66,91.47,91.74,52385
20200226,92.19,93.09,91.3,91.45,303620
20200227,89.69,90.8,87.99,88.1,1264772
20200228,85.49,87.36,84.84,87.36,809353
20200302,87.75,90.23,86.82,90.23,490340
20200303,90.77,92.07,87.69,88.27,198639
20200304,90.15,91.66,89.5,91.66,174138
20200305,89.46,90.22,88.24,88.92,60392
20200306,86.66,87.53,85.64,87.22,160403
20200309,81.43,83.03,80.01,80.4,194279
20200310,83.5,83.91,80.15,83.79,212267
20200311,81.76,82.14,78.78,79.57,174057
20200312,74.45,75.48,71.24,71.35,829253
20200313,76.49,77.05,71.84,77.05,413394
20200316,67.86,72.68,67.86,68.64,282644
20200317,70,72.58,68,71.63,369505
20200318,67.83,69.73,65.39,68.55,241961
20200319,68.05,70.25,66.43,68.72,246504
20200320,69.83,70.55,66.39,66.61,228020
20200323,66.97,66.97,64.23,65.24,1087678
20200324,68.83,71.15,68.57,71.11,609524
20200325,71.35,74.69,70.35,72.43,425075
20200326,73.21,76.73,73.21,76.64,314196
20200327,73.83,75.79,73.46,74.16,201504
20200330,74.52,76.3,74.04,76.07,242048
20200331,75.56,76.63,74.91,75.19,259976
20200401,73.12,73.45,71.53,72.07,361856
20200402,72.02,73.71,71.7,73.61,240522
20200403,73.1,73.55,71.55,72.28,783078
20200406,75.06,77.2,74.87,76.92,427674
20200407,79.53,79.58,77.08,77.13,95345
20200408,77.67,79.25,77.18,78.83,46414
20200409,80.25,81.06,79.68,80.27,364047
20200413,79.98,80.48,78.82,79.7,64402
20200414,81.15,82.01,80.84,81.85,247802
20200415,80.04,80.21,79.37,79.68,33647
20200416,80.17,80.21,79.18,79.98,182104
20200417,82.02,82.38,81.11,82.24,390394
20200420,80.99,82.21,80.87,80.87,133956
20200421,79.4,79.95,78.42,78.7,62838
20200422,80.15,80.73,79.79,80.28,34943
20200423,80.72,81.64,80.14,80.18,53792
20200424,80.62,81.33,80.1,81.13,362174
20200427,81.71,82.69,81.66,82.48,305068
20200428,83.64,83.87,82.36,82.37,45827
20200429,84.18,85.24,83.92,84.74,96195
20200430,83.83,84.06,83.13,83.66,388821
20200501,81.87,82.24,81.05,81.25,278682
20200504,80.81,81.63,80.56,81.46,336493
20200505,82.43,82.94,82.05,82.22,546092
20200506,82.53,82.8,81.48,81.48,341564
20200507,82.48,83.15,82.46,82.62,127646
20200508,83.72,84.22,83.4,84.2,394314
20200511,83.61,84.55,83.47,84.2,249665
20200512,84.5,84.57,82.69,82.69,82858
20200513,82.74,82.82,80.82,81.44,91981
20200514,80.4,81.77,79.6,81.77,61559
20200515,81.44,82.12,81.17,81.94,23642
20200518,83.93,85.19,83.93,84.77,101347
20200519,84.57,84.89,83.81,83.81,132446
20200520,85.1,85.69,85.06,85.36,163616
20200521,85.25,85.47,84.42,84.63,109164
20200522,84.45,84.68,84.07,84.67,78372
20200526,86.8,86.81,86.08,86.18,33610
20200527,87.24,87.45,85.96,87.44,26401
20200528,87.87,88.71,87.44,87.6,109642
20200529,87.52,87.85,86.6,87.78,24472
20200601,87.88,88.73,87.77,88.62,56841
20200602,89.09,89.49,88.83,89.47,61648
20200603,90.23,91.16,90.19,90.92,25844
20200604,90.54,91.09,90.18,90.57,15486
20200605,92.36,93.05,92.34,92.71,67307
20200608,93.03,93.82,92.69,93.82,110455
20200609,92.65,93.25,92.49,92.99,58069
20200610,93.06,93.33,92.37,92.62,112247
20200611,90.39,90.44,87.22,87.28,118764
20200612,89.69,89.78,87.03,88.62,143726
20200615,86.79,89.43,86.5,89.16,218415
20200616,91.64,91.64,89.57,90.79,70865
20200617,91.24,91.37,90.57,90.74,48701
20200618,90.17,90.65,90.08,90.59,43232
20200619,91.67,91.67,89.86,90.12,28564
20200622,90.26,90.94,89.83,90.92,112180
20200623,91.76,91.91,91.23,91.33,49960
20200624,90.57,90.7,88.53,88.94,24550
20200625,88.79,90.13,88.36,90.06,76554
20200626,89.73,89.75,88.05,88.17,40366
20200629,88.64,89.22,88.13,89.18,252060
20200630,89,90.36,88.99,90.07,103389
20200701,90.21,90.84,90.18,90.63,52573
20200702,91.71,92.19,91.11,91.31,82799
20200706,92.51,92.77,92.2,92.55,38321
20200707,92.17,92.7,91.63,91.64,72148
20200708,91.88,92.49,91.74,92.46,194374
20200709,92.5,92.52,90.91,91.85,50468
20200710,91.96,92.83,91.64,92.83,18395
20200713,93.36,94.04,91.92,91.94,120756
20200714,91.72,93.3,91.54,93.25,191602
20200715,94.43,94.59,93.59,94.2,61599
20200716,93.52,93.94,93.46,93.77,225648
20200717,94.04,94.2,93.56,94.06,222832
20200720,94.07,94.99,93.89,94.91,31625
20200721,95.45,95.56,94.82,95.01,40266
20200722,94.89,95.52,94.89,95.46,34923
20200723,95.32,95.51,94.12,94.39,16222
20200724,93.73,94.03,93.44,93.83,60304
20200727,94.26,94.76,94.25,94.76,13551
20200728,94.43,94.79,94.09,94.19,21864
20200729,94.5,95.37,94.42,95.15,19113
20200730,93.84,94.71,93.3,94.62,476776
20200731,94.87,94.87,93.34,94.55,179172
20200803,95.17,95.63,95,95.57,7970
20200804,95.44,95.94,95.44,95.91,13107
20200805,96.52,96.77,96.33,96.57,29337
20200806,96.34,96.98,96.22,96.95,11158
20200807,96.44,96.7,96.1,96.62,73273
20200810,96.92,97.15,96.51,96.97,22194
20200811,97.74,97.78,96.45,96.59,20806
20200812,97.72,98.35,97.68,98.08,99789
20200813,97.98,98.32,97.74,97.96,26717
20200814,97.7,97.87,97.42,97.76,30420
20200817,98.15,98.39,98.12,98.35,226910
20200818,98.66,98.7,98.07,98.45,90504
20200819,98.71,98.84,98.02,98.06,50060
20200820,97.5,98.36,97.25,98.26,8510
20200821,97.8,98.34,97.73,98.27,25690
20200824,99.3,99.3,98.88,99.24,31908
20200825,99.67,99.67,99.07,99.59,49340
20200826,99.81,100.61,99.69,100.51,24446
20200827,100.66,100.82,99.93,100.34,217160
20200828,100.87,101.07,100.49,100.99,19261
20200831,100.94,101.6,100.6,100.88,61401
20200901,101.19,101.5,100.76,101.5,55692
20200902,102.08,102.76,101.6,102.65,40310
20200903,102.22,102.33,98.84,99.39,76942
20200904,99.64,99.8,96.88,98.87,60175
20200908,97.12,97.58,96.45,96.53,48339
20200909,97.81,99.05,97.72,98.31,189309
20200910,98.98,99.21,96.8,96.9,32385
20200911,97.56,97.8,96.44,97.14,434571
20200914,98.24,98.86,98.01,98.49,281446
20200915,99.38,99.46,98.7,99.05,21061
20200916,99.45,99.7,98.61,98.7,15828
20200917,97.53,98.37,97.27,98.15,14614
20200918,98.24,98.24,96.7,97.29,19447
20200921,95.44,95.67,94.15,95.57,79897
20200922,96.01,96.44,95.22,96.29,34046
20200923,96.51,96.56,94.26,94.52,106548
20200924,94.13,95.37,93.63,94.53,41418
20200925,94.37,95.85,94,95.63,602182
20200928,97.04,97.47,96.81,97.24,152482
20200929,97.32,97.48,96.76,96.88,18740
20200930,96.93,98.01,96.93,97.33,19574
20201001,97.92,98.09,97.45,97.81,54189
20201002,96.37,97.64,96.37,97.25,31391
20201005,97.96,98.92,97.96,98.9,66136
20201006,98.94,99.41,97.53,97.72,36452
20201007,98.48,99.27,98.48,99.14,50721
20201008,99.57,99.9,99.47,99.9,30357
20201009,100.3,100.68,100.22,100.58,26935
20201012,101.26,102.16,101.22,101.84,17607
20201013,101.51,101.55,100.99,101.26,20344
20201014,101.38,101.65,100.56,100.61,16594
20201015,99.16,100.28,99.16,100.17,14279
20201016,100.64,101.11,100.3,100.34,112394
20201019,100.69,100.94,98.92,99.03,95648
20201020,99.6,100.37,99.47,99.57,17513
20201021,99.48,100.06,99.13,99.14,75598
20201022,99.22,99.72,98.61,99.61,20622
20201023,99.99,100.05,99.44,100.03,25384
20201026,98.86,99.04,97.55,98.16,63285
20201027,98.22,98.33,97.69,97.74,67603
20201028,95.96,96,94.39,94.5,140187
20201029,94.63,95.98,94.17,95.44,58583
20201030,94.82,94.92,93.48,94.45,210458
20201102,95.4,95.88,94.66,95.42,58326
20201103,96.84,97.85,96.57,97.54,83862
20201104,98.57,100.46,98.3,99.36,66892
20201105,101.25,101.83,101.02,101.64,86341
20201106,101.53,102,101.13,101.6,48770
20201109,105.54,105.83,102.95,103.12,82843
20201110,103.24,103.68,102.62,103.26,37800
20201111,103.96,104.21,103.64,104.16,96671
20201112,103.67,103.86,102.55,102.94,63258
20201113,103.49,104.35,103.49,104.35,30070
20201116,105.31,105.5,104.9,105.25,26908
20201117,105.02,105.59,104.65,105.32,25214
20201118,105.42,105.66,104.4,104.41,141978
20201119,104.24,105,104.02,104.97,15201
20201120,104.98,105.04,104.59,104.64,34053
20201123,105.21,105.43,104.5,105.14,51112
20201124,105.96,106.75,105.69,106.72,60346
20201125,106.51,106.8,106.13,106.58,67095
20201127,106.98,107.24,106.87,107.14,95631
20201130,106.91,107.08,105.91,106.18,427267
20201201,107.46,107.95,107.33,107.69,72564
20201202,107.17,107.77,107,107.76,27640
20201203,107.94,108.34,107.74,107.88,55607
20201204,108.24,108.91,108.24,108.89,122643
20201207,108.53,108.76,108.24,108.51,153914
20201208,108.19,108.97,108.06,108.87,164839
20201209,109.31,109.5,107.84,108.29,57751
20201210,107.6,108.5,107.43,108.4,65632
20201211,107.85,108.14,107.37,108.01,135162
20201214,108.99,109.09,107.95,108.03,81798
20201215,108.61,109.25,108.35,109.25,97080
20201216,109.53,109.67,109.08,109.42,109596
20201217,110.12,110.29,109.96,110.25,27511
20201218,110.33,110.57,109.32,109.98,157279
20201221,108.21,109.33,107.46,109.18,163523
20201222,109.21,109.25,108.61,109.07,125261
20201223,109.65,109.84,109.49,109.49,42640
20201224,109.56,109.72,109.38,109.71,35356
20201228,110.68,110.78,110.32,110.4,79561
20201229,111.19,111.19,110.28,110.52,41983
20201230,110.89,111.07,110.55,110.55,61637
20201231,110.64,110.81,110.27,110.74,301682
20210104,111.77,112.01,108.91,109.82,178357
20210105,109.78,110.97,109.78,110.68,117338
20210106,110.39,112.41,110.39,111.42,79991
20210107,112.1,112.93,112.1,112.68,25377
20210108,113.37,113.53,112.3,113.53,80265
20210111,112.13,113,112.11,112.52,87867
20210112,112.45,112.96,112.01,112.88,50910
20210113,112.7,113.17,112.62,112.83,50511
20210114,113.22,113.43,112.81,112.91,76731
20210115,112.2,112.34,111.23,111.76,124054
20210119,112.61,112.95,112.2,112.71,118028
20210120,113.26,114.11,113.15,114.03,46678
20210121,114.19,114.31,113.73,114.01,41885
20210122,113.23,113.91,113.23,113.59,114574
20210125,113.56,113.86,112.26,113.77,72969
20210126,114.18,114.2,113.53,113.62,28428
20210127,112.31,112.31,110.5,110.75,37239
20210128,111.26,112.93,111.26,111.69,146148
20210129,111.07,111.28,109.31,109.85,513920
20210201,110.75,111.67,110.33,111.41,117850
20210202,112.23,113.13,112.23,112.93,309333
20210203,113.17,113.4,112.57,113.07,45857
20210204,113.21,113.96,113.08,113.96,41742
20210205,114.59,114.59,114.05,114.56,56551
20210208,115.08,115.37,114.87,115.25,32085
20210209,115.31,115.74,115.22,115.55,47704
20210210,116.08,116.2,115.22,115.46,12634
20210211,116.11,116.11,115.34,115.87,19459
20210212,115.74,116.54,115.66,116.49,31432
20210216,117.06,117.51,116.44,116.78,62472
20210217,116.18,116.53,115.66,116.49,41462
20210218,115.78,116.07,115.03,115.91,40700
20210219,116.24,116.55,115.91,115.92,31155
20210222,114.82,115.86,114.82,115.05,61799
20210223,114.41,115.57,113.14,115.28,35769
20210224,114.8,116.25,114.37,116.18,33453
20210225,116.02,116.28,113.17,113.63,64722
20210226,113.69,113.91,112.17,112.65,150202
20210301,113.98,115.35,113.98,115.12,19694
20210302,115.27,115.34,114.45,114.45,96618
20210303,114.36,114.39,113,113.04,39700
20210304,113.08,113.76,110.67,111.71,25327
20210305,112.73,113.43,110.46,113.27,43992
20210308,113.42,114.13,112.63,112.63,96848
20210309,114.02,115.07,113.88,114.44,53594
20210310,115.18,115.5,114.7,115.12,32452
20210311,115.83,116.62,115.69,116.26,33141
20210312,115.4,116.29,115.4,116.28,256953
20210315,116.28,116.9,115.76,116.9,28592
20210316,117.16,117.29,116.52,116.85,169218
20210317,116.34,117.51,115.97,117.33,33251
20210318,116.56,117.16,115.5,115.73,83645
20210319,115.67,116.13,114.89,115.72,36459
20210322,115.7,116.8,115.7,116.32,274402
20210323,115.94,116.27,115.03,115.12,77352
20210324,115.47,115.85,114.59,114.59,49184
20210325,114.27,115.36,113.62,115.15,154922
20210326,115.62,116.96,115.38,116.96,104535
20210329,116.21,116.79,115.8,116.5,104092
20210330,116.06,116.45,115.86,116.15,25083
20210331,116.27,117.05,116.27,116.46,228363
20210401,117.32,118.02,117.25,117.96,126690
20210405,118.7,119.72,118.7,119.53,36296
20210406,119.17,119.57,119.03,119.29,274898
20210407,119.25,119.5,119.17,119.3,27551
20210408,119.85,120.21,119.69,120.12,102127
20210409,120.06,120.84,120.05,120.66,103016
20210412,120.59,120.67,120.23,120.61,113785
20210413,120.68,121.28,120.62,121.09,44533
20210414,121.19,121.46,120.68,120.71,122548
20210415,121.67,122.11,121.55,122.08,146092
20210416,122.56,122.73,122.08,122.64,80197
20210419,122.44,122.51,121.72,121.91,37885
20210420,121.41,121.55,120.43,120.8,45625
20210421,120.62,121.96,120.44,121.94,97125
20210422,121.88,122.3,120.88,121.1,193415
20210423,121.35,122.68,121.35,122.34,20199
20210426,122.55,122.74,122.4,122.59,29913
20210427,122.49,122.63,122.09,122.46,78705
20210428,122.51,122.91,122.36,122.58,42125
20210429,123.37,123.56,121.99,122.9,558262
20210430,122.26,122.43,121.55,121.76,142311
20210503,122.63,122.92,122.28,122.33,79310
20210504,121.49,121.58,120.25,121.12,207528
20210505,122.05,122.13,121.48,121.65,35691
20210506,121.96,122.58,121.46,122.49,36559
20210507,122.91,123.84,122.91,123.78,53259
20210510,123.94,123.94,122.61,122.68,42812
20210511,120.83,121.62,120.35,121.4,121355
20210512,120.53,121.02,118.89,119.16,64532
20210513,119.26,120.68,119.26,120.3,143529
20210514,121.06,122.29,121.06,122.12,36183
20210517,121.78,121.96,121.26,121.81,246138
20210518,122.24,122.36,121.41,121.41,64951
20210519,119.88,120.76,119.4,120.76,98582
20210520,121.28,122.56,121.28,122.29,87431
20210521,122.78,122.95,122.11,122.2,31139
20210524,122.76,123.57,122.76,123.32,9492
20210525,123.74,123.8,123.04,123.17,185444
20210526,123.3,123.42,123,123.25,14880
20210527,123.67,123.74,123.4,123.4,59923
20210528,123.81,124.1,123.64,123.65,190725
20210601,124.47,124.59,123.72,123.75,22036
20210602,124.01,124.24,123.78,123.99,105404
20210603,123.32,123.66,123.06,123.5,31839
20210604,124.2,124.71,124.19,124.64,206587
20210607,124.81,124.87,124.48,124.82,26833
20210608,125.08,125.08,124.4,124.87,50690
20210609,125.01,125.02,124.58,124.58,19337
20210610,125,125.38,124.6,125.19,28831
20210611,125.31,125.47,124.98,125.47,39780
20210614,125.48,125.74,125.2,125.74,34638
20210615,125.85,125.96,125.19,125.36,239473
20210616,125.6,125.64,124.21,124.73,33376
20210617,124.38,124.78,123.81,124.57,90286
20210618,123.23,123.31,122.64,122.64,115922
20210621,123.28,124.36,123.01,124.33,57669
20210622,124.2,125.03,124.02,124.78,77051
20210623,124.87,124.98,124.46,124.49,35267
20210624,125.35,125.47,125.24,125.4,45594
20210625,125.71,125.84,125.56,125.78,17303
20210628,125.78,125.8,125.36,125.71,589953
20210629,125.96,125.98,125.61,125.76,51523
20210630,125.48,125.63,125.33,125.57,74676
20210701,125.78,126.1,125.54,126.03,278180
20210702,126.32,126.87,126.19,126.83,23447
20210706,126.93,126.93,125.73,126.39,96544
20210707,126.85,126.97,126.25,126.89,71290
20210708,125.04,125.84,124.91,125.54,168568
20210709,126.47,127.31,126.38,127.26,85702
20210712,127.32,127.79,127.21,127.75,41923
20210713,127.5,127.8,127.12,127.19,28999
20210714,127.84,127.94,127.13,127.4,190164
20210715,126.62,127.05,126.23,126.73,62894
20210716,127.03,127.03,125.74,125.8,29805
20210719,124.29,124.29,123.17,123.82,215096
20210720,124.07,125.78,123.74,125.46,134876
20210721,126.07,126.81,125.95,126.74,61327
20210722,126.98,127.05,126.51,126.98,160380
20210723,127.76,128.28,127.55,128.2,33563
20210726,128.07,128.37,128.02,128.28,164654
20210727,128.06,128.06,127,127.8,97676
20210728,128.03,128.29,127.63,128.06,129915
20210729,128.58,129,128.58,128.7,94318
20210730,128.01,128.49,127.78,127.95,29663
20210802,128.68,128.77,127.86,128.02,71326
20210803,128.36,128.94,127.68,128.89,75725
20210804,128.7,128.88,128.45,128.55,44558
20210805,128.86,129.28,128.85,129.27,79270
20210806,129.29,129.38,128.94,129.05,104923
20210809,129.26,129.26,128.84,129.07,31653
20210810,129.21,129.35,129.02,129.21,18203
20210811,129.8,129.89,129.34,129.68,176194
20210812,129.68,130,129.34,129.97,54331
20210813,130.28,130.38,130.07,130.38,159371
20210816,129.84,130.33,129.31,130.33,18245
20210817,129.4,129.57,128.53,129.34,183878
20210818,129.1,129.42,128.17,128.18,58487
20210819,127.09,128.17,126.95,127.79,73428
20210820,127.79,128.73,127.77,128.72,86737
20210823,129.35,130.1,129.35,129.92,153593
20210824,130.11,130.41,129.96,130.18,61111
20210825,130.24,130.57,129.92,130.42,21171
20210826,130.27,130.33,129.62,129.62,63816
20210827,129.88,130.93,129.88,130.81,51824
20210830,131.04,131.42,130.91,131.22,81491
20210831,131.37,131.62,130.92,131.05,158308
20210901,131.56,131.76,131.34,131.42,119312
20210902,131.92,132.08,131.56,131.85,80842
20210903,131.78,132.2,131.69,132.04,54685
20210907,132.09,132.11,131.63,131.77,49709
20210908,131.46,131.53,130.82,131.21,51310
20210909,131.23,131.69,130.73,130.83,15072
20210910,131.63,131.63,129.95,130.05,50127
20210913,131.06,131.09,129.87,130.47,129537
20210914,130.86,131.12,129.7,129.83,117275
20210915,129.97,130.87,129.78,130.73,32606
20210916,130.5,130.75,129.79,130.49,231814
20210917,129.99,130.02,129.01,129.24,48328
20210920,126.98,127.3,125.52,126.93,102553
20210921,127.84,128.29,127.06,127.29,65950
20210922,127.92,128.99,127.75,128.33,86887
20210923,129.05,130.2,129.05,129.82,211687
20210924,129.06,129.73,129.06,129.53,177189
20210927,129.25,129.57,129,129.23,93395
20210928,128.13,128.17,126.31,126.53,116885
20210929,127.04,127.29,126.38,126.48,72200
20210930,126.99,127.08,125.45,125.45,172848
20211001,125.85,126.83,124.81,126.41,121608
20211004,126.18,126.2,124.35,124.95,83352
20211005,125.44,126.67,125.19,126.05,82161
20211006,124.79,126.31,124.31,126.19,162151
20211007,127.21,128.08,127.12,127.38,104019
20211008,127.72,127.88,127.04,127.19,22254
20211011,127.28,127.84,126.41,126.41,28563
20211012,126.77,126.91,126.28,126.37,90117
20211013,126.84,127.23,126.3,127.14,69672
20211014,128.25,129.06,128.23,129.01,30862
20211015,129.76,130.07,129.53,130,65283
20211018,129.32,130.23,129.19,130.18,154918
20211019,130.68,131.14,130.55,131.11,51865
20211020,131.3,131.66,131.24,131.51,59951
20211021,131.3,131.65,131.15,131.65,44469
20211022,131.81,132.09,131.14,131.7,22697
20211025,131.91,132.25,131.4,132.08,47271
20211026,132.62,132.9,132.14,132.27,48425
20211027,132.39,132.45,131.58,131.58,102480
20211028,132.08,132.9,132,132.9,51378
20211029,132.13,132.81,132.13,132.81,19392
20211101,133.25,133.44,132.82,133.44,205553
20211102,133.36,133.73,133.19,133.57,278407
20211103,133.56,134.62,133.39,134.48,364111
20211104,134.69,134.93,134.42,134.89,129031
20211105,135.51,135.66,134.86,135.28,101139
20211108,135.59,135.7,135.25,135.36,315716
20211109,135.65,135.65,134.67,135.01,61690
20211110,134.65,134.97,133.39,133.68,61685
20211111,134.21,134.27,133.81,133.81,42057
20211112,134.48,134.99,134.11,134.9,28940
20211115,135.4,135.61,134.67,134.81,58133
20211116,134.88,135.55,134.83,135.14,100756
20211117,134.96,135.04,134.66,134.75,56540
20211118,135.09,135.22,134.38,135.09,63443
20211119,134.9,135.14,134.47,134.58,28040
20211122,134.97,135.42,133.79,133.86,150305
20211123,133.75,134.18,132.96,133.94,101894
20211124,133.06,134.04,132.76,133.96,346105
20211126,131.86,132.26,130.67,130.99,85586
20211129,132.38,132.65,131.46,132.18,129267
20211130,131.5,132.08,129.7,130.08,260905
20211201,131.81,132.28,128.47,128.47,270594
20211202,128.73,130.77,128.64,130.42,397219
20211203,130.91,130.91,128.18,129.24,255462
20211206,130.15,131.12,129.28,130.71,224850
20211207,132.51,133.59,132.51,133.45,125886
20211208,133.67,134.06,133.26,133.87,148088
20211209,133.48,133.5,132.78,132.78,125240
20211210,133.58,133.79,132.66,133.61,366636
20211213,133.41,133.41,132.34,132.34,141876
20211214,131.57,132.11,130.73,131.42,234251
20211215,131.73,133.5,130.88,133.41,246432
20211216,134.21,134.21,132.1,132.49,159552
20211217,131.69,132.39,130.91,131.26,170110
20211220,130.02,130.2,129.15,129.97,352382
20211221,131.14,132.28,130.58,132.23,588917
20211222,132.32,133.56,132.12,133.44,194644
20211223,133.89,134.75,133.7,134.37,238935
20211227,134.72,135.88,134.71,135.87,200933
20211228,136.12,136.33,135.66,135.8,95213
20211229,135.67,136.08,135.51,135.82,65895
20211230,135.98,136.28,135.535,135.62,156915
20211231,135.65,135.83,135.2,135.32,116838
20220103,135.87,136.05,135.09,136.03,357845
20220104,136.55,136.69,135.62,136.06,143778
20220105,136.07,136.24,133.66,133.66,84804
20220106,133.39,134.16,132.77,133.53,295813
20220107,133.25,133.74,132.6,133.18,200727
20220110,132.12,132.685,130.41,132.61,405721
20220111,132.63,134.04,132,134.04,297603
20220112,134.71,135.02,134.08,134.64,228178
20220113,135.06,135.1053,132.81,133.07,169522
20220114,132.15,133.0195,131.68,132.85,189895
20220118,131.32,131.6,130.41,130.66,532653
20220119,131.27,131.56,129.59,129.66,194313
20220120,130.29,131.505,128.405,128.45,140268
20220121,128.23,128.6,126.18,126.25,300651
20220124,124.29,126.25,121.29,126.02,540819
20220125,124.4,126.09,122.97,124.75,142258
20220126,126.58,127.19,123.36,124.38,172702
20220127,125.51,126.17,123.4016,123.7,130110
20220128,123.85,125.98,122.6378,125.92,347535
20220131,125.98,128.43,125.66,128.31,193843
20220201,128.82,129.45,127.91,129.38,110917
20220202,130.04,130.59,129.44,130.34,101590
20220203,128.77,129.205,127.44,127.56,74762
20220204,127.54,129.1814,127,128.26,73563
20220207,128.46,128.94,127.7525,128.06,257460
20220208,127.83,129.18,127.46,128.98,318142
20220209,130.38,131,130.3175,131,138406
20220210,129.28,131.2,128.42,128.87,79598
20220211,128.97,129.47,126.19,126.51,74851
20220214,126.4,126.64,125.115,125.95,213121
20220215,127.48,128.41,127.39,128.37,570477
20220216,127.78,128.73,127.37,128.55,73998
20220217,127.58,127.62,125.8501,125.92,60916
20220218,126.05,126.25,124.5,125.02,467934
