Date,Open,High,Low,Close,Volume
20190523,24.81,24.8242,24.81,24.8242,90000
20190524,24.8639,24.8639,24.8639,24.8639,40
20190528,24.7117,24.7117,24.7117,24.7117,2
20190529,24.57,24.589,24.57,24.589,6322
20190530,24.6483,24.6483,24.6483,24.6483,100
20190531,24.4847,24.4847,24.4847,24.4847,41
20190603,24.5231,24.5231,24.5231,24.5231,10
20190604,24.8569,24.8569,24.8569,24.8569,1
20190606,25.11,25.1599,25.1,25.1599,6512
20190614,25.4547,25.4547,25.4547,25.4547,3
20190711,26.08,26.08,26.05,26.0779,1400
20190715,26.21,26.21,26.187,26.187,100
20190718,26.05,26.1041,26.05,26.1041,100
20190723,26.1701,26.1701,26.1701,26.1701,1
20190730,26.201,26.201,26.201,26.201,15
20190801,25.946,25.946,25.946,25.946,1
20190802,25.8915,25.8915,25.8915,25.8915,2
20190805,25.3723,25.3723,25.3723,25.3723,6
20190807,25.7064,25.7064,25.7064,25.7064,7
20190812,25.776,25.776,25.776,25.776,80
20190813,26.07,26.07,26.0152,26.0152,100
20190814,25.76,25.79,25.4785,25.4785,400
20190815,25.6,25.86,25.6,25.86,4350
20190816,25.58,25.9037,25.58,25.9037,150
20190819,26.1,26.1,26.0951,26.0951,102
20190919,26.5097,26.5097,26.5097,26.5097,17
20190923,26.4,26.4354,26.4,26.4354,115
20190927,26.9,26.9,26.2814,26.2814,2000
20191007,26.32,26.32,26.2391,26.2391,400
20191008,26.01,26.09,25.958,25.958,1500
20191010,26.2237,26.2237,26.2237,26.2237,35
20191018,26.545,26.5503,26.53,26.5494,400
20191024,26.59,26.6249,26.59,26.6249,100
20191029,26.78,26.78,26.7666,26.7666,100
20191031,26.8235,26.8235,26.8235,26.8235,4
20191104,27,27,26.979,26.979,740
20191107,27.0294,27.0294,27.0294,27.0294,1
20191112,27.15,27.15,27.1111,27.1111,1077
20191120,27.33,27.3778,27.33,27.3778,300
20200103,27.7,27.7,27.66,27.66,444
20200107,27.7,27.7,27.7,27.7,350
20200110,28.01,28.01,27.992,27.992,714
20200114,27.9992,27.9992,27.9992,27.9992,200
20200115,28.13,28.13,28.13,28.13,200
20200124,28.25,28.2804,28.25,28.2804,1800
20200128,28.19,28.19,28.19,28.19,500
20200129,28.17,28.17,28.17,28.17,300
20200130,28.08,28.08,28.08,28.08,100
20200226,27.44,27.5885,27.44,27.5885,200
20200303,27.04,27.04,27.04,27.04,100
20200305,26.7759,26.7759,26.7759,26.7759,400
20200306,26.1931,26.244,26.1931,26.244,600
20200311,25.53,25.53,25.53,25.53,1700
20200316,23.86,23.86,23.86,23.86,200
20200320,22.5256,22.5256,22.5256,22.5256,300
20200326,23.67,23.67,23.67,23.67,100
20200413,25.28,25.35,25.28,25.35,12000
20200507,26.06,26.06,26.06,26.06,500
20200513,25.94,25.94,25.94,25.94,500
20200529,27.2,27.2,27.2,27.2,100
20200601,27.37,27.4,27.34,27.37,6300
20200602,27.31,27.31,27.31,27.31,100
20200608,28.44,28.44,28.44,28.44,100
20200609,28.31,28.32,28.31,28.32,300
20200610,28.11,28.31,28.11,28.31,200
20200618,27.61,27.61,27.61,27.61,100
20200619,27.88,27.88,27.88,27.88,100
20200624,27.61,27.61,27.61,27.61,100
20200702,27.9,27.9,27.9,27.9,211
20200706,28.12,28.12,28.12,28.12,100
20200710,27.85,27.97,26.87,26.87,36699
20200713,28.2,28.33,27.84,28.32,8700
20200715,28.36,28.36,27.87,27.9,3300
20200716,27.5,28.42,27.5,28,2300
20200717,28.4,28.5,28.4,28.49,1700
20200723,28.85,28.885,28.85,28.885,516
20200803,29.15,29.15,29.15,29.15,800
20200806,29.17,29.2,29.08,29.1379,3000
20200811,29.25,29.2797,29.25,29.255,800
20201208,31.2236,31.2236,31.2,31.2,300
20201210,30.93,30.96,30.93,30.96,1000
20201216,31.146,31.146,31.146,31.146,256
20210105,30.61,30.7,30.61,30.67,5100
20210106,30.67,30.69,30.6,30.61,3100
20210107,30.71,31.179,29.925,31.03,15704
20210108,31.2,31.22,29.91,31.14,8478
20210114,31.11,31.11,30.404,31.0414,8801
20210121,31.37,31.37,31.37,31.37,100
20210122,30.89,31.426,30.303,31.27,20084
20210126,31.14,31.75,30.441,31.31,16534
20210127,30.98,31.26,30.96,31.2,8097
20210128,30.82,31.3,30.58,31.13,6357
20210129,30.9,30.9,30.67,30.78,1900
20210201,31.17,31.22,30.86,30.86,400
20210203,31.3,31.558,30.6791,31.29,4195
20210204,31.33,31.4131,30.7482,31.3692,2899
20210212,31.71,32.477,30.656,31.63,7761
20210217,31.58,31.9869,31.078,31.621,5291
20210218,31.51,31.52,31.51,31.52,220
20210222,31.3,31.3562,31.3,31.33,1445
20210223,30.94,31.06,30.4361,31.06,2707
20210225,31.59,31.59,31.05,31.0501,20567
20210226,31.11,31.11,30.63,30.69,3496
20210301,31.1099,31.2568,31,31.2568,2392
20210302,31.16,31.1808,30.9,31.1808,1600
20210303,30.9,30.9,30.81,30.8801,700
20210304,30.76,30.77,30.37,30.37,1626
20210305,30.302,30.302,30.302,30.302,200
20210308,31.11,31.11,31.11,31.11,100
20210309,31.1699,31.23,31.1699,31.23,450
20210310,31.21,31.21,31.19,31.19,215
20210311,31.322,31.48,31.322,31.48,200
20210312,31.34,31.408,31.34,31.35,910
