Date,Open,High,Low,Close,Volume
20200618,25.21,25.21,25.01,25.01,306
20200619,25.4,25.4,24.96,25,4576
20200622,24.95,24.95,24.95,24.95,1016
20200625,24.71,24.71,24.63,24.63,287
20200626,24.87,24.87,24.41,24.41,5180
20200701,25.21,25.34,25.21,25.34,462
20200702,25.59,25.59,25.59,25.59,112
20200707,25.84,25.85,25.69,25.69,3178
20200708,25.83,25.86,25.78,25.83,14424
20200709,26,26,25.82,25.82,1371
20200710,25.81,25.81,25.78,25.78,3768
20200713,25.6,25.6,25.6,25.6,1118
20200714,25.64,25.96,25.58,25.94,7005
20200715,26.21,26.21,25.98,25.98,650
20200716,26,26,26,26,112
20200717,26.09,26.09,26.09,26.09,162
20200720,26.38,26.39,26.36,26.39,2051
20200721,26.66,26.66,26.58,26.58,1148
20200722,26.6,26.66,26.57,26.6,4959
20200723,26.77,26.77,26.26,26.26,2819
20200724,26.14,26.2,26.14,26.19,3706
20200728,26.48,26.78,26.47,26.78,21338
20200730,26.33,26.61,26.33,26.61,314
20200731,26.46,26.46,26.46,26.46,813
20200804,26.81,26.89,26.77,26.89,8964
20200806,27.11,27.11,27.11,27.11,144
20200807,27.16,27.16,27.11,27.11,622
20200810,27.15,27.15,27.09,27.09,412
20200811,27.09,27.14,27.07,27.14,773
20200812,27.34,27.34,27.34,27.34,160
20200813,27.24,27.35,27.24,27.35,234
20200814,27.2,27.25,27.2,27.25,400
20200819,27.56,27.56,27.52,27.52,412
20200820,27.41,27.41,27.41,27.41,1117
20200821,27.57,27.57,27.57,27.57,508
20200824,27.71,27.71,27.68,27.7,3607
20200825,27.86,27.86,27.84,27.86,4747
20200826,28.31,28.31,28.29,28.29,1555
20200827,28.53,28.53,28.49,28.49,620
20200828,28.51,28.51,28.51,28.51,508
20200831,28.61,28.65,28.54,28.64,2155
20200901,28.71,28.74,28.68,28.68,12803
20200902,28.98,29.18,28.95,29.17,4021
20200903,29.07,29.07,27.94,28.09,16680
20200904,28.13,28.13,27.21,27.83,2575
20200908,27.19,27.24,27.11,27.11,1016
20200909,27.26,27.35,27.26,27.33,721
20200910,27.78,27.78,27.53,27.53,6049
20200911,27.11,27.31,27.08,27.08,999
20200914,27.65,27.65,27.61,27.63,5140
20200916,27.84,27.84,27.81,27.81,439
20200917,27.16,27.47,27.16,27.35,4319
20200918,27.01,27.01,27.01,27.01,545
20200921,26.59,26.88,26.59,26.88,1916
20200922,27,27.16,27,27.12,2941
20200923,26.64,26.64,26.57,26.57,660
20200925,26.5,26.76,26.5,26.76,827
20200928,27.47,27.47,27.47,27.47,445
20200929,27.45,27.54,27.44,27.44,840
20200930,27.68,27.77,27.66,27.77,1809
20201001,27.88,27.88,27.85,27.85,3250
20201002,27.44,27.7,27.36,27.64,29428
20201006,28.06,28.06,27.74,27.77,9388
20201007,28.02,28.2,27.96,28.12,1249796
20201008,28.32,28.34,28.22,28.31,45806
20201009,28.51,28.7,28.46,28.62,70771
20201012,28.87,29.17,28.81,29.01,17454
20201013,28.98,29.07,28.89,29.02,38649
20201014,29.04,29.04,28.71,28.84,24741
20201015,28.42,28.74,28.42,28.71,20438
20201016,28.84,28.95,28.75,28.75,28574
20201019,28.85,28.9,28.23,28.24,23526
20201020,28.39,28.64,28.34,28.39,16622
20201021,28.59,28.59,28.38,28.39,16229
20201022,28.41,28.49,28.13,28.45,15142
20201023,28.53,28.55,28.39,28.55,49530
20201026,28.28,28.3,27.66,27.94,16716
20201027,28.06,28.06,27.91,27.91,11599
20201028,27.37,27.37,26.99,27.01,32701
20201029,26.92,27.34,26.92,27.34,31210
20201030,27.18,27.25,26.67,26.9,35159
20201102,27.29,27.42,27.06,27.26,20012
20201103,27.71,27.98,27.71,27.95,11342
20201104,28.23,28.84,28.23,28.53,11372
20201105,29.06,29.26,28.97,29.12,306569
20201106,29.13,29.22,28.97,29.2,28420
20201109,30.25,30.25,29.3,29.3,37062
20201110,29.08,29.09,28.72,28.95,41047
20201111,29.25,29.33,29.18,29.27,16018
20201112,29.22,29.28,28.99,29.05,16971
20201113,29.25,29.39,29.13,29.39,12855
20201116,29.58,29.66,29.5,29.57,25630
20201117,29.54,29.64,29.43,29.55,31157
20201118,29.56,29.62,29.32,29.32,30439
20201119,29.22,29.5,29.22,29.47,8291
20201120,29.47,32.44,29.32,29.32,18802
20201123,29.48,29.65,29.34,29.47,16155
20201124,29.72,29.91,29.58,29.85,27555
20201125,29.92,29.92,29.82,29.87,31091
20201127,30.07,30.11,29.99,30.04,20158
20201130,30.05,30.05,29.63,29.94,22882
20201201,30.22,30.31,30.16,30.25,21155
20201202,30.05,30.13,29.98,30.1,13570
20201203,30.2,30.32,30.1,30.11,46700
20201204,30.25,30.47,30.25,30.47,21178
20201207,30.47,30.49,30.36,30.44,19642
20201208,30.34,30.6,30.34,30.54,33791
20201209,30.57,30.57,30.07,30.19,20516
20201210,30.04,30.26,29.99,30.19,19836
20201211,30.04,30.15,29.9,30.1,14582
20201214,31.35,31.35,30.13,30.14,51719
20201215,30.31,30.47,30.23,30.44,13317
20201216,30.49,30.51,30.37,30.43,13192
20201217,30.65,30.76,30.65,30.75,11229
20201218,30.82,30.85,30.59,30.84,62554
20201221,30.43,30.66,30.13,30.59,19255
20201222,30.53,30.61,30.41,30.55,31341
20201223,30.68,30.68,30.55,30.55,15758
20201224,30.57,30.64,30.53,30.64,23984
20201228,30.9,30.9,30.71,30.71,14484
20201229,30.83,30.85,30.53,30.59,48315
20201230,30.71,30.81,30.7,30.81,23098
20201231,30.77,31.02,30.77,31.02,31487
20210104,31.1,31.1,30.37,30.59,19597
20210105,30.54,30.83,30.54,30.77,18418
20210106,30.73,31.29,30.71,31,24452
20210107,31.25,31.64,31.22,31.58,27020
20210108,31.78,31.94,31.59,31.92,23058
20210111,31.64,31.88,31.63,31.65,29336
20210112,31.71,31.78,31.53,31.75,29148
20210113,31.69,31.79,31.68,31.68,22608
20210114,31.74,31.78,31.5,31.5,53559
20210115,31.44,31.49,31.21,31.32,39066
20210119,31.6,31.68,31.47,31.64,18324
20210120,32.21,32.21,31.83,32.03,27019
20210121,32.09,32.09,31.95,31.97,58684
20210122,31.86,31.96,31.84,31.9,53445
20210125,32,32,31.53,31.91,71561
20210126,31.9,31.91,31.72,31.74,65411
20210127,31.31,31.31,30.67,30.74,40976
20210128,31.01,31.54,30.97,31.21,24665
20210129,31.11,31.18,30.51,30.74,63610
20210201,30.99,31.35,30.9,31.27,34262
20210202,31.63,31.95,31.63,31.91,46236
20210203,32.02,32.03,31.84,31.86,29361
20210204,32.01,32.25,31.98,32.25,25764
20210205,32.44,32.49,32.33,32.43,25842
20210208,32.66,32.72,32.58,32.71,36251
20210209,32.63,32.82,32.6,32.63,275897
20210210,32.82,32.82,32.44,32.62,107863
20210211,32.81,32.88,32.66,32.8,74903
20210212,32.82,33.04,32.81,33.04,81210
20210216,33.17,33.2,32.96,32.97,34577
20210217,32.82,32.9,32.62,32.88,100819
20210218,32.68,32.87,32.59,32.78,27143
20210219,32.95,33.05,32.81,32.82,59349
20210222,32.56,32.7,32.41,32.41,42954
20210223,32.06,32.45,31.7,32.32,46685
20210224,32.25,32.75,32.1,32.75,39931
20210225,32.58,32.65,31.68,31.8,89776
20210226,31.99,32.04,31.53,31.74,48962
20210301,32.21,32.6,32.18,32.49,55507
20210302,32.46,32.47,32.17,32.19,56994
20210303,32.11,32.5,31.53,31.53,65020
20210304,31.63,31.63,30.59,30.93,55153
20210305,31.33,31.61,30.53,31.53,37879
20210308,31.57,31.93,31.19,31.19,40874
20210309,31.75,32.11,31.72,31.88,33149
20210310,32.2,32.25,32.01,32.05,42296
20210311,32.35,32.73,32.35,32.57,25509
20210312,32.32,32.52,32.27,32.51,48316
20210315,32.56,32.82,32.45,32.82,38786
20210316,32.88,32.96,32.66,32.72,162396
20210317,32.52,32.86,32.46,32.8,30749
20210318,32.57,32.67,32.2,32.21,36540
20210319,32.23,32.31,32.02,32.15,36501
20210322,32.3,32.57,32.25,32.4,43032
20210323,32.46,32.47,32.08,32.15,167315
20210324,32.32,32.41,31.96,31.96,43511
20210325,31.81,32.22,31.62,32.15,48690
20210326,32.31,32.67,32.27,32.67,20627
20210329,32.65,32.76,32.47,32.66,38132
20210330,32.59,32.72,32.53,32.64,39717
20210331,32.74,33.08,32.74,32.89,41367
20210401,33.16,33.32,33.16,33.32,19927
20210405,33.76,33.87,33.68,33.83,62618
20210406,33.77,33.97,33.76,33.85,69711
20210407,33.83,33.88,33.71,33.74,36162
20210408,33.98,34,33.89,34,56899
20210409,33.96,34.21,33.96,34.21,52877
20210412,34.14,34.29,34.13,34.26,32777
20210413,34.37,34.55,34.33,34.5,45847
20210414,34.49,34.62,34.28,34.28,61125
20210415,34.58,34.81,34.56,34.75,56879
20210416,34.86,34.91,34.77,34.85,47523
20210419,34.76,34.76,34.49,34.56,64059
20210420,34.58,34.65,34.25,34.37,54777
20210421,34.34,34.76,34.34,34.72,55065
20210422,34.77,34.88,34.41,34.47,56336
20210423,34.57,35.05,34.57,34.93,46990
20210426,35.03,35.13,34.98,35.04,36854
20210427,35.07,35.07,34.88,34.97,33747
20210428,34.98,35.15,34.95,34.95,65797
20210429,35.12,35.12,34.87,35.05,44323
20210430,34.86,34.92,34.75,34.76,31085
20210503,34.97,34.97,34.73,34.73,46706
20210504,34.55,34.55,34.15,34.48,37067
20210505,34.65,34.68,34.43,34.51,60583
20210506,34.56,34.68,34.32,34.68,204667
20210507,34.83,35.05,34.83,34.98,32681
20210510,35,35,34.51,34.51,30993
20210511,34.03,34.32,33.91,34.27,48598
20210512,33.96,34.05,33.35,33.36,58423
20210513,33.57,33.87,33.53,33.75,31333
20210514,34.02,34.36,34,34.32,28259
20210517,34.17,34.24,33.96,34.16,42608
20210518,34.21,34.24,33.91,33.91,57007
20210519,33.44,33.86,33.37,33.86,40038
20210520,33.98,34.42,33.98,34.32,32670
20210521,34.52,34.6,34.31,34.32,41478
20210524,34.54,34.83,34.54,34.73,29377
20210525,34.84,34.84,34.66,34.69,33585
20210526,34.8,34.85,34.74,34.77,95314
20210527,34.88,34.93,34.79,34.84,37236
20210528,35.01,35.07,34.96,34.98,34716
20210601,35.19,35.2,34.85,34.92,53298
20210602,34.96,35.07,34.94,34.96,43465
20210603,34.79,34.93,34.62,34.78,30997
20210604,34.97,35.2,34.97,35.14,23560
20210607,35.19,35.19,35.06,35.14,34408
20210608,35.23,35.23,34.97,35.18,841014
20210609,35.25,35.25,35.07,35.07,31298
20210610,35.26,35.35,35.11,35.32,33793
20210611,35.36,35.41,35.28,35.41,35189
20210614,35.38,35.49,35.3,35.49,21294
20210615,35.49,35.49,35.32,35.35,76762
20210616,35.37,35.38,34.97,35.26,48235
20210617,35.14,35.3,35,35.23,29900
20210618,34.97,35.03,34.81,34.81,54146
20210621,34.98,35.3,34.9,35.25,30884
20210622,35.3,35.54,35.22,35.48,41358
20210623,35.51,35.58,35.48,35.48,47234
20210624,35.75,35.84,35.72,35.78,38127
20210625,35.82,35.94,35.82,35.9,40391
20210628,36.02,36.05,35.92,36.05,29722
20210629,36.09,36.17,36.07,36.12,46429
20210630,36.13,36.13,36.07,36.09,32560
20210701,36.12,36.22,36.1,36.21,70196
20210702,36.33,36.45,36.29,36.42,34053
20210706,36.47,36.47,36.1,36.33,15713
20210707,36.34,36.44,36.24,36.4,44818
20210708,35.9,36.13,35.77,36.02,53049
20210709,36.31,36.45,36.2,36.42,44067
20210712,36.46,36.6,36.45,36.58,32238
20210713,36.52,36.62,36.4,36.42,52908
20210714,36.56,36.56,36.36,36.36,31200
20210715,36.25,36.32,36.1,36.22,26573
20210716,36.33,36.34,36.01,36.03,41675
20210719,35.61,35.66,35.39,35.57,39327
20210720,35.64,36.29,35.64,36.18,45007
20210721,36.34,36.53,36.34,36.53,49466
20210722,36.53,36.6,36.42,36.56,32271
20210723,36.76,36.97,36.69,36.94,627327
20210726,36.89,36.92,36.78,36.91,147536
20210727,36.82,36.82,36.47,36.75,72686
20210728,36.72,36.87,36.64,36.74,103162
20210729,36.85,37.12,36.85,37,37585
20210730,36.86,37.11,36.84,36.95,57473
20210802,37.19,37.22,36.9,36.93,88578
20210803,37.01,37.14,36.78,37.1,74942
20210804,37.09,37.19,37.04,37.08,111405
20210805,37.22,37.34,37.22,37.33,45845
20210806,37.37,37.39,37.28,37.32,36802
20210809,37.32,37.37,37.25,37.26,31572
20210810,37.34,37.37,37.16,37.16,63870
20210811,37.38,37.38,37.21,37.31,48056
20210812,37.33,37.39,37.21,37.33,37678
20210813,37.43,37.47,37.35,37.47,55244
20210816,37.35,37.45,37.18,37.43,53023
20210817,37.25,37.25,36.87,37.14,52482
20210818,37.02,37.18,36.76,36.79,46300
20210819,36.56,37.01,36.56,36.88,45437
20210820,36.95,37.21,36.91,37.15,47242
20210823,37.32,37.63,37.32,37.59,34817
20210824,37.63,37.65,37.57,37.57,39832
20210825,37.61,37.81,37.61,37.74,39232
20210826,37.74,37.74,37.5,37.5,33446
20210827,37.61,37.97,37.61,37.86,46173
20210830,37.99,38.07,37.93,37.99,55013
20210831,38.02,38.02,37.85,37.92,62712
20210901,37.99,38.06,37.87,37.95,61667
20210902,38.04,38.11,37.95,38.07,45438
20210903,38,38.23,38,38.13,62737
20210907,38.13,38.14,37.74,37.77,63965
20210908,37.76,37.82,37.58,37.75,59785
20210909,37.83,37.91,37.58,37.61,45287
20210910,37.8,37.83,37.4,37.41,95288
20210913,37.65,37.66,37.22,37.4,50698
20210914,37.55,37.57,37.18,37.24,64754
20210915,37.29,37.53,37.15,37.48,71158
20210916,37.48,37.59,37.26,37.47,34858
20210917,37.48,37.48,37.18,37.21,51273
20210920,36.65,36.77,36.27,36.65,65712
20210921,36.87,36.87,36.54,36.61,91332
20210922,36.86,37.15,36.74,37.01,49053
20210923,37.15,37.67,37.15,37.49,63736
20210924,37.37,37.55,37.35,37.48,39771
20210927,37.39,37.47,37.21,37.23,41704
20210928,36.92,36.92,36.34,36.37,60012
20210929,36.5,36.62,36.36,36.36,52671
20210930,36.55,36.64,35.95,36.01,109332
20211001,36.13,36.48,35.8,36.25,35517
20211004,36.2,36.25,35.6,35.75,217734
20211005,35.9,36.33,35.88,36.14,44594
20211006,35.83,36.29,35.71,36.29,45855
20211007,36.63,36.94,36.63,36.68,72094
20211008,36.76,36.78,36.46,36.46,39055
20211011,36.47,36.67,36.21,36.21,42568
20211012,36.37,36.44,36.19,36.28,28646
20211013,36.41,36.53,36.2,36.47,50319
20211014,36.83,37.17,36.8,37.17,36871
20211015,37.39,37.45,37.3,37.37,55714
20211018,37.24,37.55,37.24,37.51,82946
20211019,37.64,37.84,37.63,37.8,55342
20211020,37.82,37.99,37.82,37.93,40663
20211021,37.91,38.08,37.84,38.08,85545
20211022,38.17,38.32,38.06,38.21,61534
20211025,38.35,38.43,38.2,38.33,57046
20211026,38.56,38.61,38.34,38.36,83160
20211027,38.38,38.38,37.94,37.94,50799
20211028,38.06,38.29,38.03,38.28,44516
20211029,38.19,38.45,38.19,38.39,61698
20211101,38.51,38.51,38.33,38.48,33302
20211102,38.59,38.71,38.55,38.7,72167
20211103,38.65,38.88,38.5,38.85,98657
20211104,38.91,39.17,38.91,39.17,391031
20211105,39.41,39.46,39.1,39.2,40720
20211108,39.44,39.5,39.36,39.48,61673
20211109,39.52,39.55,39.26,39.43,66552
20211110,39.27,39.45,38.96,39.03,83142
20211111,39.24,39.24,39.08,39.15,121532
20211112,39.22,39.51,39.15,39.43,46891
20211115,39.6,39.6,39.31,39.41,36895
20211116,39.45,39.79,39.41,39.72,47983
20211117,39.64,39.64,39.3,39.4,218049
20211118,39.63,39.63,39.29,39.38,60886
20211119,39.51,39.58,39.33,39.36,56565
20211122,39.52,39.61,38.96,38.99,71712
20211123,38.9,39.09,38.66,39.01,43276
20211124,38.83,39.26,38.74,39.23,55664
20211126,38.69,38.92,38.38,38.47,40447
20211129,38.88,39.05,38.57,38.97,34570
20211130,38.76,38.78,37.97,38.03,70273
20211201,38.5,38.63,37.46,37.46,72639
20211202,37.57,38.32,37.5,38.18,64514
20211203,38.23,38.23,37.29,37.71,57155
20211206,37.85,38.13,37.53,38.01,106677
20211207,38.57,39,38.57,38.97,78860
20211208,39,39.05,38.78,39.05,69650
20211209,39.01,39.01,38.62,38.62,55660
20211210,38.92,39,38.7,38.95,99471
20211213,38.95,38.95,38.65,38.65,50779
20211214,38.28,38.45,37.8556,38.17,49121
20211215,38.21,38.91,38.04,38.89,40418
20211216,39.1,39.1,38.26,38.39,93719
20211217,38.13,38.44,37.9,38.09,60066
20211220,37.6137,37.66,37.3182,37.6,85252
20211221,37.98,38.41,37.77,38.41,131998
20211222,38.4,38.76,38.34,38.76,70996
20211223,38.87,39.08,38.87,38.98,69811
20211227,39.1,39.6,39.1,39.6,86018
20211228,39.63,39.6941,39.435,39.48,123773
20211229,39.55,39.65,39.46,39.58,62916
20211230,39.71,39.735,39.44,39.49,42463
20211231,39.5,39.56,39.36,39.36,35607
20220103,39.41,39.5307,39.04,39.25,64430
20220104,39.32,39.3999,38.8526,39.1,74647
20220105,38.97,38.97,38.15,38.15,75906
20220106,38.14,38.385,37.985,38.16,40444
20220107,38.1431,38.27,37.75,37.84,47671
20220110,37.53,37.79,36.98,37.77,64220
20220111,37.69,38.13,37.5,38.11,52107
20220112,38.29,38.4,38.03,38.18,42162
20220113,38.29,38.34,37.45,37.45,41659
20220114,37.27,37.49,37.05,37.4717,56631
20220118,37.04,37.0503,36.67,36.74,79229
20220119,36.93,37.15,36.36,36.36,68131
20220120,36.67,37.0598,35.983,36.05,90099
20220121,36.02,36.28,35.47,35.49,132250
20220124,34.88,35.65,33.98,35.6,114049
20220125,35.15,35.47,34.705,34.94,66657
20220126,35.5811,35.77,34.67,34.87,72300
20220127,35.38,35.545,34.5511,34.7,245818
20220128,34.71,35.6,34.3313,35.6,132544
20220131,35.57,36.3546,35.57,36.33,92133
20220201,36.47,36.5769,36.055,36.52,90831
20220202,36.6,36.81,36.4365,36.71,72506
20220203,36.33,36.4421,35.8697,35.88,108459
20220204,35.78,36.235,35.5542,35.96,100933
20220207,36.06,36.12,35.7928,35.84,66839
20220208,35.81,36.22,35.688,36.19,92012
20220209,36.6284,36.91,36.6284,36.88,80502
20220210,36.34,36.919,36.01,36.18,60181
20220211,36.22,36.276,35.2398,35.34,59232
20220214,35.2,35.4147,34.92,35.18,91583
20220215,35.77,35.898,35.6,35.89,59737
20220216,35.65,35.95,35.45,35.86,72661
20220217,35.6,35.6,34.91,34.94,149466
20220218,35.03,35.08,34.5206,34.68,62441
