Date,Open,High,Low,Close,Volume
20070809,15.144,15.144,15.144,15.144,200
20070814,12.946,12.946,12.946,12.946,200
20080102,11.48,11.48,11.48,11.48,100
20080225,6.8393,6.8393,6.595,6.595,2700
20090916,0.1907,0.2384,0.1907,0.2384,800
20091109,0.2443,11.236,0.2443,11.236,100
20091112,0.2443,5.1295,0.2443,5.1295,200
20091116,0.7153,0.763,0.7153,0.7153,4200
20091117,3.6639,4.1524,3.6639,3.9082,700
20091118,4.1524,4.8852,4.1524,4.3967,300
20091119,0.763,0.8583,0.763,0.8583,600
20091120,4.3967,4.6409,4.3967,4.6409,400
20091123,0.9537,1.0968,0.9537,1.0491,33400
20091124,0.9537,1.0491,0.9537,1.0014,81000
20091211,0.9537,1.0014,0.9537,0.9537,800
20091217,1.0491,1.0491,0.763,0.763,200
20091229,4.8852,5.3737,4.8852,5.3737,1000
20091230,1.0968,1.0968,1.0491,1.0968,10000
20100105,0.9537,1.1921,0.9537,1.1921,1700
20100106,5.8622,5.8622,5.3737,5.3737,200
20100111,6.3508,7.8163,6.3508,7.8163,400
20100112,1.3352,1.3829,1.1921,1.1921,43600
20100113,1.1445,1.1921,1.1445,1.1921,6900
20100114,1.1921,1.2875,1.1921,1.2875,5200
20100119,1.4306,1.4306,1.4306,1.4306,2700
20100125,1.1445,1.4306,1.1445,1.4306,200
20100127,1.2398,1.2875,1.2398,1.2875,800
20100129,5.8622,7.0835,5.8622,6.3508,200
20100203,7.572,8.061,7.572,8.061,100
20100205,7.328,8.061,7.328,8.061,300
20100208,14.656,14.656,10.015,10.015,900
20100209,11.48,14.167,11.48,14.167,100
20100210,10.747,12.213,10.747,12.213,400
20100211,9.038,9.038,9.038,9.038,100
20100212,7.328,8.793,7.328,8.793,200
20100217,6.595,7.0835,6.595,7.0835,100
20100426,5.8622,6.1065,5.8622,6.1065,100
20100601,5.3737,5.3737,2.6869,2.6869,100
20100902,2.4426,8.0606,2.4426,8.0606,100
20101029,2.9311,2.9311,2.4426,2.4426,100
20111202,2.6869,2.6869,2.6869,2.6869,800
20120731,0.2443,0.2443,0.2443,0.2443,4100
20120813,0.2443,0.2443,0.2443,0.2443,1400
20131010,0.0491,0.0491,0.0218,0.0218,1500
20131227,0.0491,0.0491,0.0273,0.0273,22000
20140618,0.2213,0.2928,0.2174,0.2928,3100
20151016,0.0858,0.0858,0.0811,0.0811,800
20151120,0.0858,0.0858,0.0696,0.0696,200
20160202,0.1335,0.1335,0.1335,0.1335,500
20160526,0.0973,0.0973,0.0935,0.0935,400
20161109,0.0401,0.0401,0.0401,0.0401,100
20170207,0.0267,0.0305,0.0267,0.0305,21000
20170320,0.0324,0.0324,0.0324,0.0324,2300
20170907,0.0401,0.0544,0.0401,0.0505,411700
20170908,0.0486,0.0505,0.0467,0.0486,357900
20180223,24.01,24.17,24.01,24.17,2300
20180226,24.32,24.32,24.32,24.32,100
20180227,24.25,24.26,24.24,24.24,400
20180228,24.19,24.19,23.84,23.84,1500
20180301,23.84,23.84,23.69,23.78,2500
20180302,23.78,23.78,23.78,23.78,100
20180306,24.18,24.22,24.18,24.2,3000
20180307,23.94,23.94,23.94,23.94,800
20180314,24.29,24.29,24.29,24.29,200
20180410,23.4,23.4,23.4,23.4,100
20180416,23.64,23.64,23.64,23.64,100
20180504,23.29,23.4,23.29,23.4,200
20180531,24.37,24.37,24.37,24.37,100
20180706,24.1,24.1,22.92,23.87,114900
20180709,24.24,24.24,24.24,24.24,100
20180710,24.45,24.46,24.45,24.46,200
20180711,24.36,24.36,24.06,24.06,700
20180716,24.17,24.17,24.17,24.17,500
20180717,24.22,24.22,24.22,24.22,100
20180719,24.36,24.36,24.29,24.31,2000
20180723,24.07,24.07,24.07,24.07,100
20180725,23.98,24.38,23.98,24.38,2800
20180726,24.45,24.45,24.36,24.44,1300
20180727,24.56,24.57,24.35,24.44,2600
20180730,24.4,24.42,24.4,24.42,200
20180731,24.45,24.45,24.38,24.38,800
20180802,24.34,24.34,24.34,24.34,300
20180803,24.41,24.47,24.38,24.47,400
20180807,24.58,24.58,24.55,24.55,400
20180813,24.21,24.21,24.21,24.21,100
20180817,24.33,24.33,24.33,24.33,200
20180821,24.29,24.29,24.29,24.29,300
20180823,24.31,24.31,24.27,24.3,600
20180829,24.73,24.73,24.73,24.73,100
20180914,24.77,24.77,24.77,24.77,100
20181011,22.93,22.98,22.93,22.98,200
20181030,22.98,22.98,22.98,22.98,100
20181210,22.17,22.17,22.11,22.11,820
20181211,22.59,22.59,22.59,22.59,30
20181212,22.59,22.59,22.59,22.59,30
20181213,22.59,22.59,22.59,22.59,30
20181214,22.59,22.59,22.59,22.59,30
20181217,22.59,22.59,22.59,22.59,30
20181218,22.59,22.59,22.59,22.59,30
20181219,22.59,22.59,22.59,22.59,30
20181220,21.28,21.28,21.28,21.28,30
20181221,21.28,21.28,21.28,21.28,30
20181224,21.28,21.28,21.28,21.28,30
20181226,21.33,21.33,21.33,21.33,30
20181227,21.33,21.33,21.33,21.33,30
20181228,21.53,21.53,21.53,21.53,30
20181231,21.53,21.53,21.53,21.53,30
20190102,21.79,21.79,21.79,21.79,30
20190103,21.32,21.32,21.32,21.32,30
20190104,21.32,21.32,21.32,21.32,33
20190107,21.32,21.32,21.32,21.32,33
20190108,21.37,21.37,21.37,21.37,581
20190109,23.07,23.07,23.07,23.07,33
20190110,23.07,23.07,23.07,23.07,33
20190111,23.07,23.07,23.07,23.07,33
20190114,23.07,23.07,23.07,23.07,33
20190115,23.07,23.07,23.07,23.07,33
20190116,23.07,23.07,23.07,23.07,33
20190117,23.07,23.07,23.07,23.07,33
20190118,23.24,23.24,23.24,23.24,141
20190122,24.45,24.45,24.45,24.45,30
20190123,24.45,24.45,24.45,24.45,30
20190124,24.45,24.45,24.45,24.45,30
20190125,24.16,24.16,24.16,24.16,30
20190128,24.45,24.45,24.45,24.45,30
20190129,24.4,24.4,24.37,24.37,332
20190130,24.16,24.16,24.16,24.16,30
20190131,24.46,24.46,24.46,24.46,30
20190201,24.51,24.51,24.51,24.51,30
20190204,24.69,24.69,24.69,24.69,30
20190205,24.78,24.78,24.78,24.78,30
20190206,24.8,24.8,24.8,24.8,30
20190207,24.99,24.99,24.99,24.99,30
20190208,24.86,24.86,24.86,24.86,30
20190211,25.02,25.02,25.02,25.02,30
20190212,25.43,25.43,25.43,25.43,30
20190213,25.44,25.44,25.44,25.44,30
20190214,25.31,25.31,25.31,25.31,30
20190215,25.71,25.71,25.71,25.71,30
20190219,25.83,25.83,25.83,25.83,30
20190220,25.93,25.93,25.93,25.93,30
20190221,25.92,25.92,25.92,25.92,30
20190222,26.13,26.13,26.13,26.13,30
20190225,26.11,26.11,26.11,26.11,30
20190226,26.08,26.08,26.08,26.08,30
20190227,26.19,26.19,26.19,26.19,30
20190228,26.33,26.33,26.33,26.33,30
20190301,26.52,26.52,26.52,26.52,30
20190304,26.33,26.33,26.33,26.33,30
20190305,26.27,26.27,26.27,26.27,30
20190306,26.08,26.08,26.08,26.08,30
20190307,25.89,25.89,25.89,25.89,30
20190308,25.92,25.92,25.92,25.92,30
20190311,26.33,26.33,26.33,26.33,30
20190312,26.39,26.39,26.39,26.39,30
20190313,26.39,26.39,26.39,26.39,30
20190314,26.43,26.43,26.43,26.43,30
20190315,26.5,26.5,26.5,26.5,30
20190318,26.67,26.67,26.67,26.67,30
20190319,26.68,26.68,26.68,26.68,30
20190320,26.56,26.56,26.56,26.56,30
20190321,26.89,26.89,26.89,26.89,30
20190322,26.62,26.62,26.62,26.62,30
20190325,26.59,26.59,26.59,26.59,30
20190326,26.7,26.7,26.7,26.7,30
20190327,26.65,26.65,26.65,26.65,30
20190328,26.85,26.88,26.84,26.84,442
20190329,26.99,27.05,26.96,26.99,2041
20190401,27.48,27.48,27.48,27.48,30
20190402,27.52,27.52,27.52,27.52,133
20190403,27.67,27.68,27.66,27.68,441
20190404,27.65,27.69,27.65,27.66,339
20190405,27.73,27.73,27.73,27.73,30
20190408,27.75,27.75,27.75,27.75,30
20190409,27.77,27.77,27.75,27.75,2874
20190410,27.81,27.81,27.81,27.81,30
20190411,27.8,27.8,27.8,27.8,30
20190412,27.97,27.97,27.97,27.97,30
20190415,28.01,28.01,27.99,27.99,370
20190416,27.94,27.94,27.94,27.94,133
20190417,27.86,27.86,27.86,27.86,133
20190418,29.51,29.51,27.98,27.98,544
20190422,28.01,28.01,28.01,28.01,133
20190423,28.26,28.31,28.26,28.27,5273
20190424,28.21,28.21,28.2,28.2,2292
20190425,28.1,28.19,28.1,28.19,1263
20190426,28.14,28.17,28.1,28.1,3883
20190429,28.28,28.29,28.25,28.25,1572
20190430,28.25,28.25,28.25,28.25,158
20190501,28.45,28.45,28.45,28.45,30
20190502,28.08,28.12,28.08,28.12,2394
20190503,28.36,28.36,28.36,28.36,30
20190506,28.24,28.24,28.19,28.19,1707
20190507,27.61,27.61,27.54,27.54,1161
20190508,27.82,29.57,27.82,27.87,2592
20190509,27.72,27.72,27.72,27.72,771
20190510,27.69,27.7,27.56,27.56,3628
20190513,27.8,27.8,27.8,27.8,920
20190514,28.11,28.17,28.11,28.17,6198
20190515,27.88,28.06,27.88,28.06,236
20190516,28.22,35.95,28.08,28.08,4553
20190517,28.22,28.22,28.03,28.03,2086
20190520,27.69,27.71,27.57,27.71,6919
20190521,28.03,28.11,28.03,28.05,621
20190522,28.02,28.02,27.83,27.83,714
20190523,27.35,27.42,27.27,27.27,3089
20190524,27.56,27.56,27.54,27.54,339
20190528,27.39,27.39,27.24,27.24,442
20190529,26.99,26.99,26.73,26.74,647
20190530,26.92,26.92,26.86,26.86,2805
20190531,26.78,27.24,26.78,27.24,441
20190603,26.69,26.69,26.61,26.64,1033
20190604,27.1,27.1,27.1,27.1,30
20190605,27.34,27.34,27.34,27.34,30
20190606,27.44,27.44,27.44,27.44,30
20190607,27.65,27.65,27.59,27.59,441
20190610,27.52,27.52,27.5,27.5,350
20190611,27.4,27.42,27.4,27.42,261
20190612,27.63,27.63,27.63,27.63,30
20190613,27.93,27.93,27.93,27.93,30
20190614,27.84,27.84,27.84,27.84,220
20190617,27.79,27.79,27.79,27.79,30
20190618,27.77,28.17,27.75,28.11,8023
20190619,28.06,28.06,28.06,28.06,133
20190620,28.21,28.21,28.21,28.21,157
20190621,28.24,28.24,28.24,28.24,30
20190624,28.23,28.23,28.23,28.23,30
20190625,28.22,28.22,28.11,28.11,696
20190626,27.94,27.94,27.94,27.94,30
20190627,28.03,28.03,28.03,28.03,30
20190628,28.19,28.19,28.19,28.19,181
20190701,28.51,28.51,28.45,28.45,439
20190702,28.44,28.44,28.44,28.44,30
20190703,28.58,28.58,28.58,28.58,543
20190705,28.64,28.64,28.64,28.64,30
20190708,28.46,28.46,28.46,28.46,30
20190709,28.3,28.3,28.3,28.3,158
20190710,28.37,28.44,28.33,28.33,1055
20190711,28.34,28.34,28.34,28.34,315
20190712,28.78,28.78,28.78,28.78,30
20190715,28.58,28.58,28.58,28.58,30
20190716,28.89,28.89,28.89,28.89,30
20190717,28.34,28.34,28.34,28.34,30
20190718,28.4,28.4,28.4,28.4,30
20190719,28.36,28.36,28.36,28.36,133
20190722,28.05,28.05,28.05,28.05,30
20190723,28.21,28.21,28.21,28.21,30
20190724,28.18,28.18,28.18,28.18,418
20190725,28.19,28.19,28.19,28.19,450
20190726,28.3,28.3,28.3,28.3,30
20190729,28.29,28.29,28.29,28.29,30
20190730,28.25,28.25,28.25,28.25,30
20190731,28.01,28.01,28.01,28.01,30
20190801,28.05,28.05,28.05,28.05,30
20190802,28.05,28.05,28.05,28.05,133
20190805,27.59,27.59,27.59,27.59,236
20190806,28.01,28.01,28.01,28.01,30
20190807,28.01,28.28,27.96,28.28,954
20190808,28.72,28.72,28.72,28.72,30
20190809,28.56,28.56,28.56,28.56,250
20190812,28.33,28.33,28.33,28.33,20
20190813,28.62,28.62,28.62,28.62,30
20190814,28.08,28.08,28.08,28.08,235
20190815,27.41,27.53,27.41,27.51,4850
20190816,28.1,28.1,28.1,28.1,261
20190819,28.54,28.54,28.54,28.54,236
20190820,27.96,27.96,27.96,27.96,30
20190821,28.16,28.17,28.1,28.1,440
20190822,28.05,28.05,28.05,28.05,30
20190823,28.03,28.03,28.03,28.03,235
20190826,27.37,27.44,26.29,26.29,543
20190827,27.44,27.44,27.44,27.44,30
20190828,27.59,27.59,27.59,27.59,30
20190829,28.02,28.02,28.02,28.02,30
20190830,28.1,28.1,28.1,28.1,215
20190903,27.84,27.84,27.84,27.84,30
20190904,28.17,28.17,28.17,28.17,30
20190905,28.31,28.31,28.31,28.31,268
20190906,28.54,28.54,28.54,28.54,158
20190909,28.66,28.68,28.33,28.37,1569
20190910,28.1,28.1,28.1,28.1,30
20190911,28.23,28.23,28.23,28.23,30
20190912,28.42,28.42,28.42,28.42,133
20190913,28.28,28.28,28.28,28.28,30
20190916,28.39,28.39,28.39,28.39,30
20190917,28.73,28.73,28.63,28.63,336
20190918,28.7,28.7,28.7,28.7,132
20190919,28.88,28.88,28.88,28.88,30
20190920,28.84,28.84,28.84,28.84,30
20190923,28.88,28.88,28.88,28.88,30
20190924,28.99,28.99,28.99,28.99,132
20190925,28.83,28.83,28.83,28.83,30
20190926,28.71,28.71,28.71,28.71,30
20190927,28.49,28.49,28.49,28.49,30
20190930,28.69,28.69,28.69,28.69,30
20191001,28.46,28.46,28.46,28.46,30
20191002,28.05,28.05,28.05,28.05,311
20191003,27.98,27.98,27.98,27.98,30
20191004,28.33,28.33,28.33,28.33,10252
20191007,28.47,28.47,28.42,28.42,234
20191008,28.17,28.17,28.17,28.17,207
20191009,28.18,28.18,28.18,28.18,30
20191010,28.43,28.43,28.43,28.43,289
20191011,29.19,29.19,29.19,29.19,30
20191014,28.99,28.99,28.99,28.99,30
20191015,29.13,29.13,29.13,29.13,30
20191016,29.07,29.07,29.07,29.07,30
20191017,29.14,29.14,29.14,29.14,30
20191018,29.2,29.2,29.2,29.2,30
20191021,29.32,29.32,29.32,29.32,224
20191022,29.38,29.38,29.38,29.38,30
20191023,29.5,29.5,29.5,29.5,234
20191024,29.63,29.63,29.63,29.63,30
20191025,29.82,29.82,29.81,29.81,848
20191028,31.28,37.96,29.89,29.99,1605
20191029,29.87,30.09,29.87,30.09,540
20191030,29.91,29.91,29.72,29.73,547
20191031,29.91,29.91,29.81,29.84,1965
20191101,30,30.04,29.98,30,1154
20191104,30.04,30.04,30.04,30.04,541
20191105,29.89,29.89,29.48,29.61,795
20191106,29.58,29.61,29.58,29.61,643
20191107,29.6,29.61,29.58,29.61,1869
20191108,29.71,29.74,29.65,29.65,17439
20191111,29.61,29.67,29.61,29.67,1024
20191112,29.72,29.77,29.65,29.65,612
20191113,29.83,29.83,29.83,29.83,30
20191114,29.85,29.85,29.82,29.82,620
20191115,30.03,30.09,30.03,30.09,336
20191118,30.14,30.14,30.1,30.13,771
20191119,30.14,30.29,30.1,30.29,898
20191120,30.05,30.05,30.05,30.05,132
20191121,30.06,30.06,30.06,30.06,30
20191122,30.21,30.31,30.21,30.31,541
20191125,30.53,30.53,30.5,30.5,950
20191126,30.55,30.57,30.52,30.52,664
20191127,30.67,30.67,30.67,30.67,1052
20191129,29.17,30.57,29.17,30.57,234
20191202,30.38,30.38,30.37,30.37,668
20191203,30.24,30.26,30.24,30.26,413
20191204,30.46,30.47,30.37,30.47,1428
20191205,30.34,30.34,30.34,30.34,1052
20191206,28.89,30.66,28.89,30.66,234
20191209,30.73,30.75,30.71,30.71,58341
20191210,30.82,30.82,30.78,30.78,1321
20191211,30.86,30.86,30.7,30.7,7920
20191212,31.05,31.05,30.93,30.99,1239
20191213,31.03,31.03,31.02,31.02,234
20191216,31.28,31.28,31.2,31.2,2681
20191217,31.23,31.27,31.22,31.25,1364
20191218,31.24,31.25,31.24,31.25,612
20191219,31.35,31.35,31.35,31.35,439
20191220,31.41,31.49,31.41,31.49,1487
20191223,31.36,31.49,31.36,31.39,13290
20191224,31.45,31.45,31.45,31.45,255
20191226,31.56,31.59,31.4,31.46,1928
20191227,31.46,31.46,31.46,31.46,30
20191230,31.43,31.47,31.43,31.43,4346
20191231,31.4,31.4,31.32,31.32,336
20200102,31.4,31.49,31.32,31.49,2325
20200103,31.32,31.32,31.32,31.32,181
20200106,31.03,31.24,31.03,31.17,16913
20200107,31.26,31.26,31.26,31.26,30
20200108,31.29,31.44,31.29,31.4,70877
20200109,31.3,31.53,31.29,31.43,29104
20200110,31.43,31.43,31.32,31.35,3956
20200113,31.23,31.35,31.23,31.34,786
20200114,31.42,31.56,31.42,31.56,574
20200115,31.88,31.88,31.88,31.88,627
20200116,31.99,32.05,31.92,32.05,1601
20200117,32.09,32.11,32.09,32.11,504
20200121,31.97,31.99,31.97,31.99,3968
20200122,32.02,32.08,31.9,31.91,5896
20200123,31.72,31.94,31.68,31.94,1264
20200124,31.61,31.61,31.43,31.43,231
20200127,30.9,30.98,30.9,30.96,3823
20200128,31.1,31.1,31.1,31.1,130
20200129,31.28,31.32,31.06,31.06,4250
20200130,31.08,31.08,31.08,31.08,30
20200131,30.61,30.61,30.61,30.61,171
20200203,30.75,30.75,30.68,30.68,472
20200204,30.98,31.01,30.98,31.01,639
20200205,31.08,31.28,31.08,31.26,1885
20200206,31.16,31.26,31.16,31.26,720
20200207,31.01,31.01,31.01,31.01,178
20200210,31.11,31.11,31.11,31.11,231
20200211,30.35,31.28,30.35,31.28,919
20200212,31.52,31.52,31.46,31.48,2708
20200213,31.7,31.7,31.68,31.68,331
20200214,31.84,31.84,31.84,31.84,30
20200218,31.89,31.89,31.85,31.88,934
20200219,31.86,31.88,31.86,31.88,1102
20200220,31.91,31.91,31.91,31.91,30
20200221,31.65,31.65,31.65,31.65,135
20200224,30.84,30.84,30.53,30.84,2300
20200225,30.07,30.07,29.65,29.65,344
20200226,29.57,29.83,29.22,29.22,1013
20200227,28.76,29.1,28.76,29.1,311
20200228,27.23,27.37,26.82,27.08,58417
20200302,27.64,28.25,27.64,28.21,2507
20200303,29.01,29.01,29.01,29.01,251
20200304,28.53,28.53,28.53,28.53,417
20200305,27.96,27.96,27.96,27.96,251
20200306,26.56,27.15,26.56,27.15,331
20200309,25.15,25.15,24.83,24.83,230
20200310,24.65,25.77,23.52,25.77,4268
20200311,24.3,24.3,24.3,24.3,185
20200312,22.67,22.67,22.11,22.22,333
20200313,22.52,23.09,22.4,22.98,2849
20200316,21.96,21.96,21.46,21.56,19176
20200317,20.92,21.78,19.16,21.37,137344
20200318,18.699,19.575,17.196,19.575,12038
20200319,19.605,21.08,19.605,20.11,8599
20200320,20.42,20.7,19.505,19.602,3835
20200323,19.339,19.339,19.339,19.339,30
20200324,20.3,20.85,20.126,20.85,6108
20200325,22.93,23.25,21.32,23.25,4349
20200326,22.96,23.24,22.96,23.24,526
20200327,23.0464,23.0464,23.0464,23.0464,30
20200331,23.87,24,23.85,23.85,1315
20200406,23.54,23.54,23.5,23.5,2500
20200407,26.87,27.44,26.34,26.34,5000
20200409,29.19,29.4,29.01,29.0802,610
20200413,28.1,28.34,28.045,28.1999,1800
20200414,28.6002,28.76,28.4247,28.49,2500
20200417,28.11,28.11,27.99,27.99,400
20200420,27.71,27.8485,27.68,27.68,600
20200422,27.45,27.45,27.3151,27.45,2148
20200423,27.47,27.565,26.6425,27.043,2248
20200424,27.13,27.13,27.11,27.11,200
20200427,28.0395,28.1024,27.251,27.575,3100
20200428,28.5,28.5,27.54,27.54,1200
20200429,28.91,29.0268,28.8,28.9494,1800
20200506,28.52,28.79,28.4,28.4,1492
20200507,28.5627,28.88,28.56,28.56,4276
20200508,28.81,28.81,28.802,28.802,200
20200512,27.84,27.84,27.84,27.84,105
20200513,28.12,28.145,27.8982,27.94,1000
20200515,28.0923,28.0923,28.0923,28.0923,100
20200527,29.81,29.81,29.8,29.8,400
20200528,30.32,30.32,30.19,30.19,200
20200529,29.78,30.06,29.71,30.06,3400
20200608,33.27,33.27,33.27,33.27,100
20200610,32.06,32.06,32.06,32.06,460
20200611,31.09,31.09,31.09,31.09,200
20200612,29.915,29.915,29.915,29.915,100
20200615,30.18,31.335,30.18,31.335,486
20200616,31.635,31.7,31.635,31.7,200
20200622,31.145,31.145,31.145,31.145,400
20200623,31.175,31.175,31.175,31.175,115
20200624,30.96,31.57,30.241,30.37,2858
20200630,31.35,31.35,31.35,31.35,100
20200701,31.18,31.18,31.18,31.18,100
20200709,30.41,30.69,30.26,30.69,994
20200714,31.16,31.23,31.16,31.23,397
20200715,31.9097,31.9097,31.59,31.59,650
20200716,31.6653,31.6653,31.6653,31.6653,450
20200721,31.89,31.89,31.81,31.89,300
20200722,32.19,32.4,30.97,31.8,19800
20200723,31.55,32.29,31.46,31.9304,11584
20200729,32.25,32.45,32.25,32.45,1120
20200730,32.08,32.09,32.08,32.09,600
20200803,32.22,32.22,31,32.2,5491
20200804,32.32,32.6,31.59,32,3994
20200806,33,33,33,33,220
20200813,34.7296,34.73,34.63,34.63,716
20200817,34.8381,34.8381,34.8381,34.8381,500
20200818,34.82,34.9177,34.82,34.9177,583
20200819,35.23,35.23,35.23,35.23,100
20200821,34.51,34.51,34.5,34.5,200
20200824,35.18,35.1856,33.76,33.815,88896
20200904,35.2399,35.2399,35.2399,35.2399,100
20200909,35.0205,35.0205,35.0205,35.0205,200
20200911,33.04,34.28,33.04,34.23,300
20200914,34.63,34.6315,34.63,34.6315,200
20200915,34.77,34.77,34.72,34.72,398
20200924,31.49,32.685,31.49,32.685,601
20200925,31.42,31.42,31.4,31.4,200
20200929,33.4539,33.4539,33.4539,33.4539,352
20201005,34.08,34.0898,34.08,34.0898,222
20201012,35.31,35.55,35.31,35.55,88000
20201013,35.53,35.53,35.53,35.53,1287
20201015,35.21,35.21,35.21,35.21,100
20201020,36.1,36.1,35.15,35.15,800
20201102,29.93,34.1,29.93,34.1,600
20201106,35.33,35.33,35.33,35.33,100
20201110,35.22,35.22,35.22,35.22,100
20201113,35.825,36.0491,35.825,36.0491,550
20201125,38.12,38.12,36.13,36.13,450
20201201,36.66,36.7,36.63,36.68,681
20201202,36.5,36.51,36.38,36.51,476
20201203,36.6199,36.68,36.61,36.61,1058
20201204,37.13,37.13,37.13,37.13,100
20201209,36.9802,36.9802,36.98,36.98,207
20201215,37.4098,37.4098,37.4098,37.4098,160
20201217,37.74,37.95,37.7399,37.95,300
20201221,37.5044,37.5044,37.5044,37.5044,267
20201222,37.45,37.64,37.4499,37.64,1935
20201223,37.8,37.8,37.8,37.8,100
20201229,36.76,36.9,36.69,36.9,300
20201230,37.17,37.19,37.17,37.19,200
20201231,36.91,36.9257,36.48,36.9,2100
20210105,36.94,36.94,36.94,36.94,693
20210106,38.19,38.19,38.19,38.19,150
20210108,38.69,38.69,38.69,38.69,14371
20210113,38.49,38.49,38.49,38.49,100
20210114,38.27,38.32,38.18,38.185,1287
20210115,38.07,38.22,38.07,38.22,209
20210120,40.34,40.34,38.84,39.26,320
20210121,39.05,39.06,39.05,39.06,200
20210125,37.48,38.44,37.48,38.22,512
20210126,38.52,38.52,38.43,38.44,489
20210128,38.3,38.35,38.11,38.11,700
20210129,37.35,37.39,37.35,37.39,300
20210201,39.5,39.5,37.69,37.69,380
20210202,38.78,38.78,38.78,38.78,100
20210203,40.69,40.69,40.69,40.69,142
20210205,38.92,39.035,38.92,39.035,400
20210209,39.27,39.28,39.27,39.28,280
20210210,41.18,41.18,39.185,39.185,300
20210211,39.0248,39.0248,39.0248,39.0248,100
20210212,39.14,39.15,39.13,39.145,800
20210219,39.22,39.22,38.89,38.89,200
20210222,38.9,38.9,38.9,38.9,7600
20210223,39.08,39.08,39.08,39.08,100
20210224,39.31,39.31,39.04,39.13,600
20210225,38.6591,38.6591,38.6591,38.6591,150
20210303,38.4,38.43,38.24,38.24,2100
20210305,38.18,38.18,38.18,38.18,265
20210308,38.82,38.9299,38.82,38.9299,238
20210309,39.23,39.23,39.23,39.23,100
20210310,39.46,39.47,39.46,39.47,200
20210311,41.31,41.31,39.75,39.75,600
20210312,39.64,39.85,39.64,39.85,200
20210315,39.7727,39.7727,39.7727,39.7727,100
20210319,39.1999,39.32,39.1999,39.32,400
20210322,39.597,39.76,39.597,39.73,328
20210323,42.11,42.11,39.56,39.56,200
20210324,39.6,39.6,39.32,39.33,5200
20210325,39.09,39.6693,39.09,39.6693,200
20210329,42.3,42.3,40.2673,40.2673,907
20210330,39.9773,39.9789,39.9773,39.9789,200
20210331,40.3,40.421,40.23,40.24,5023
20210401,40.52,40.56,40.52,40.56,2100
20210405,41.39,42.72,40.68,40.9,4133
20210407,40.771,40.771,40.771,40.771,1900
20210412,41.1962,41.2,41.1035,41.1035,400
20210413,41.1201,41.1971,41.1201,41.1971,400
20210414,41.18,41.25,41.18,41.25,1139
20210415,41.5323,41.5323,41.5323,41.5323,119
20210416,41.74,41.75,41.74,41.75,200
20210420,41.1927,41.33,41.16,41.33,146066
20210422,42.1,42.1,41.47,41.47,1190
20210426,42.1,42.1,42.03,42.06,1300
20210427,42.0377,42.0377,42.0377,42.0377,100
20210429,42.33,42.36,42.33,42.36,1000
20210430,42.92,44.47,42.2699,42.34,4200
20210503,44.67,44.67,42.65,42.65,200
20210504,45.14,45.14,42.68,42.81,1200
20210505,42.64,42.685,42.52,42.56,809
20210506,43.1,43.1,42.67,42.77,1561
20210507,43.31,43.32,43.31,43.32,457
20210510,43.6,43.6,43.6,43.6,979
20210511,42.76,42.79,42.72,42.72,173776
20210512,44.92,44.92,41.8373,41.8481,5106
20210513,44.09,44.09,42.2009,42.27,700
20210514,42.78,42.88,42.73,42.79,54506
20210517,43.17,43.96,42.54,42.66,88593
20210518,42.66,42.7519,42.66,42.75,1178
20210519,42.09,43.06,42.01,42.41,10380
20210520,45.1,45.1,42.63,43.09,1219
20210521,43.46,43.46,43.165,43.165,900
20210524,45.39,45.39,43.4,43.4,5055
20210525,43.89,44.13,43.35,43.42,4413
20210526,43.33,43.37,43.33,43.37,330
20210527,43.59,43.6,43.55,43.55,600
20210528,43.48,43.48,43.48,43.48,250
20210601,45.67,45.67,43.57,43.572,2691
20210602,45.46,45.46,43.51,43.51,600
20210603,43.5492,43.5492,43.5093,43.5093,330
20210607,43.43,43.438,43.4076,43.435,1257
20210608,43.93,45.5,43.36,43.54,1967
20210609,45.55,45.55,42.58,43.31,2706
20210610,43.415,43.415,43.2,43.29,1585
20210611,45.08,45.08,43.31,43.45,2212
20210615,43.34,43.34,43.17,43.205,651
20210616,42.82,42.82,42.82,42.82,178
20210617,42.73,42.73,42.62,42.66,313
20210618,44.79,44.79,42.04,42.04,1075
20210621,42.73,42.73,42.73,42.73,100
20210622,42.735,42.79,42.735,42.79,851
20210623,42.705,42.705,42.595,42.6098,1249
20210624,42.06,42.66,42.06,42.6,3801
20210625,42.856,42.865,42.856,42.865,228
20210629,42.99,43.03,42.8,42.8,530
20210630,42.965,43.06,42.9401,43.05,2240
20210701,43.03,43.13,43.03,43.13,500
20210702,43.16,43.3,43.1572,43.28,651
20210706,42.99,42.99,42.99,42.99,232
20210707,43.0598,43.1,43.0598,43.1,400
20210708,42.61,42.61,42.61,42.61,100
20210709,43.2899,43.5,43.2899,43.5,671
20210714,43.45,43.45,43.45,43.45,1745
20210715,43.08,43.25,43,43.24,1878
20210716,43.35,43.385,43.35,43.385,200
20210719,42.8501,42.8501,42.54,42.605,1997
20210720,43.1133,43.1133,42.99,42.99,1700
20210721,43.2811,43.47,43.2811,43.47,1625
20210722,43.05,43.15,43.05,43.15,430
20210723,43.38,43.69,43.35,43.69,565
20210726,43.79,43.92,43.74,43.92,1512
20210727,43.59,43.59,43.59,43.59,147
20210728,43.2,43.8542,43.2,43.8542,575
20210803,43.59,43.65,43.59,43.65,983
20210804,43.64,43.64,43.52,43.52,400
20210810,43.585,43.585,43.54,43.54,200
20210811,43.552,43.552,43.552,43.552,100
20210812,43.46,43.46,43.441,43.441,300
20210813,43.57,43.62,43.57,43.62,318000
20210816,43.7999,43.7999,43.745,43.7989,1672
20210817,43.72,43.72,43.72,43.72,300
20210818,43.5,43.5,43.2961,43.2961,327
20210819,42.85,42.85,42.805,42.805,348
20210820,43.39,43.39,43,43.35,6429
20210823,43.535,43.68,43.535,43.68,530
20210825,44.17,44.33,44.17,44.23,3993
20210826,44.05,44.07,44,44,800
20210903,44.28,44.31,44.17,44.17,2500
20210907,44,44,43.73,43.73,200
20210908,43.82,43.9,43.82,43.9,350
20210909,43.96,44.0099,43.96,44.0099,716
20210913,43.34,43.34,43.34,43.34,100
20210914,43.303,43.38,43.303,43.38,1004
20210915,43.33,43.58,43.24,43.58,400
20210920,42.17,42.335,42.15,42.335,2075
20210923,42.64,42.65,42.62,42.65,2300
20210924,42.47,42.47,42.42,42.42,741
20210927,42.25,42.2502,42.195,42.195,1865
20210928,41.79,41.79,41.17,41.42,3146
20210929,41.78,41.98,41.78,41.81,2500
20211001,41.31,41.3515,41.13,41.13,400
20211005,41.16,41.2,41.16,41.17,300
20211006,41.11,41.12,41.1,41.1,834
20211007,41.88,42.33,41.88,42.14,300
20211011,42.23,42.23,42.23,42.23,100
20211014,42.5408,42.5408,42.5408,42.5408,487
20211018,42.73,42.74,42.73,42.74,200
20211019,42.27,42.97,42.27,42.97,541
20211020,42.84,43.31,42.84,43.3,25500
20211021,44.08,44.09,43.77,44.09,532
20211022,43.86,44.07,43.63,43.63,953
20211026,43.64,43.64,43.64,43.64,100
20211027,43.28,43.3299,43.25,43.26,2436
20211028,43.29,43.29,43.28,43.28,200
20211029,43.71,43.74,43.68,43.74,1100
20211103,44.28,44.28,44.28,44.28,13434
20211104,44.17,44.188,43.98,44.07,28483
20211105,44.52,44.55,44.16,44.16,980
20211108,44.28,44.28,44.2552,44.2552,600
20211110,44.32,44.32,44.12,44.12,400
20211111,43.94,44.0499,43.93,43.93,1586
20211112,44.11,44.11,44.11,44.11,100
20211115,44.09,44.09,44.07,44.07,333
20211116,44.22,44.22,44.03,44.03,200
20211117,43.7964,43.8382,43.7964,43.828,1780
20211118,43.73,43.77,43.69,43.77,600
20211123,43.99,44.07,43.99,44.07,710
20211124,44.0699,44.08,44.0699,44.08,227
20211126,43.68,43.68,42.9979,42.9979,314
20211129,43.5587,43.5699,43.5587,43.5699,239
20211130,43.19,43.19,43.19,43.19,100
20211202,42.75,42.99,42.75,42.93,5550
20211203,43.01,43.01,42.715,42.715,538
20211207,44.15,44.15,44.09,44.11,1072
20211208,44.1,44.16,44.09,44.14,5195
20211209,43.968,43.968,43.788,43.788,373
20211210,44.11,44.11,44.11,44.11,4300
20211213,44.65,44.65,43.83,43.83,320
20211214,43.26,43.3211,43.26,43.31,457
20211215,43.31,43.32,43.31,43.32,1000
20211216,44.3801,44.3801,44.3801,44.3801,114
20211217,44.19,44.19,43.56,43.56,497
20211220,42.58,42.58,42.5499,42.56,417
20211221,40.51,40.51,40.32,40.44,1400
20211223,41,41.0397,40.86,40.86,1117
20211227,41,41.33,40.998,41.33,2078
20211228,41.9,42.02,41.9,42.02,200
20211229,41.84,41.84,41.76,41.79,1100
20211230,41.31,41.31,41.31,41.31,134
20211231,42.3,42.3,42.3,42.3,400
20220103,42.1,42.1,41.3598,41.3598,233
20220104,40.36,40.36,40.36,40.36,100
20220105,39.91,39.91,39.3,39.3,200
20220106,39.36,39.36,39.36,39.36,100
20220110,38.26,38.26,38.26,38.26,100
20220111,38.29,38.7999,38.21,38.7999,2764
20220112,38.97,38.976,38.97,38.976,500
20220113,38.84,38.85,38.84,38.85,1888
20220121,37.335,37.335,37.335,37.335,128
20220124,36.9,37.48,36.57,37.34,1120
20220125,37,37,37,37,100
20220127,37.22,37.2205,37.22,37.22,350
20220128,37.13,37.41,37.05,37.41,670
20220201,37.34,37.42,37.21,37.42,500
20220202,37.88,37.95,37.8,37.87,950
20220204,37.3899,37.525,37.3899,37.39,615
20220207,37.6203,37.6203,37.6203,37.6203,100
20220208,37.64,37.64,37.62,37.62,1800
20220210,37.67,38.0199,37.2944,37.2944,1325
20220211,36.66,36.66,36.66,36.66,100
20220214,36.35,36.35,36.35,36.35,150
